15.648000 15.776000 71
15.872000 18.944000 72
19.040000 21.056000 67
23.648000 27.424000 67
29.632000 29.952000 55
30.112000 30.880000 67
30.976000 31.520000 60
31.616000 31.840000 60
31.840000 32.128000 62
32.256000 34.080000 62
34.784000 34.848000 58
34.848000 35.008000 60
35.008000 35.200000 63
35.200000 35.712000 65
35.712000 36.832000 64
36.928000 37.184000 58
37.184000 37.696000 62
37.952000 38.336000 60
39.104000 40.672000 63
40.832000 41.152000 60
41.248000 42.240000 56
42.368000 42.784000 55
43.392000 43.648000 56
43.776000 44.160000 67
44.320000 44.640000 67
44.928000 47.936000 64
48.480000 48.544000 58
48.544000 48.640000 60
48.640000 48.928000 63
48.928000 49.696000 65
49.696000 50.080000 62
50.240000 52.128000 62
52.800000 53.984000 63
54.112000 54.400000 60
54.560000 55.008000 60
55.328000 56.000000 62
56.000000 57.056000 67
57.728000 58.272000 67
58.368000 58.560000 65
58.560000 58.816000 64
58.816000 59.584000 64
59.680000 59.808000 60
59.808000 60.800000 64
60.800000 61.024000 58
61.184000 62.144000 62
62.656000 62.976000 57
63.072000 64.384000 67
64.800000 65.120000 64
65.216000 65.536000 60
65.664000 66.144000 64
66.304000 69.664000 65
70.688000 71.168000 65
71.168000 71.488000 70
71.648000 72.768000 69
72.928000 73.312000 65
73.312000 73.824000 68
74.048000 74.400000 69
74.656000 74.976000 64
75.104000 75.264000 67
75.264000 76.192000 69
76.192000 76.640000 65
76.800000 78.080000 69
78.464000 80.320000 64
80.448000 81.440000 69
81.664000 81.792000 69
81.920000 82.240000 69
82.240000 82.688000 66
82.784000 83.392000 64
83.488000 84.096000 64
84.448000 84.896000 66
84.896000 85.280000 71
85.376000 86.496000 69
86.688000 87.040000 64
87.040000 87.488000 68
87.744000 88.064000 69
88.352000 88.768000 64
88.768000 89.280000 68
89.472000 89.856000 69
89.856000 90.336000 65
90.496000 90.912000 71
91.200000 92.160000 73
92.608000 92.992000 73
93.088000 93.440000 71
93.536000 93.888000 69
93.888000 94.208000 68
94.208000 94.496000 65
94.688000 95.232000 65
95.584000 96.736000 68
96.736000 97.248000 69
97.344000 97.888000 69
98.048000 98.528000 68
98.624000 99.008000 67
99.104000 100.288000 64
100.736000 101.312000 64
101.504000 101.952000 64
102.080000 102.464000 62
102.464000 102.976000 68
103.168000 103.392000 68
103.392000 103.744000 69
103.744000 104.704000 61
104.704000 105.056000 57
105.504000 105.888000 55
105.888000 105.952000 60
105.952000 106.560000 66
106.656000 107.136000 66
107.264000 108.416000 59
108.992000 110.688000 57
111.616000 111.808000 59
113.344000 113.472000 63
116.384000 116.480000 65
116.672000 116.736000 60
116.736000 116.832000 61
116.832000 117.120000 65
117.440000 117.760000 65
117.824000 117.984000 65
118.336000 118.432000 64
118.944000 119.040000 64
119.168000 119.520000 64
120.032000 120.128000 67
120.224000 120.416000 67
120.832000 121.184000 67
121.344000 121.440000 67
124.000000 124.320000 58
124.320000 124.544000 67
124.544000 124.704000 67
124.832000 125.184000 67
125.184000 125.696000 63
125.920000 128.384000 62
129.120000 129.408000 62
129.504000 130.336000 65
130.336000 131.072000 61
131.200000 132.768000 62
133.344000 134.560000 63
134.656000 135.008000 60
135.104000 135.520000 60
135.520000 137.152000 57
137.632000 137.920000 55
138.048000 138.880000 67
138.880000 139.456000 61
139.616000 142.176000 64
142.752000 142.880000 59
142.976000 143.168000 62
143.168000 143.520000 65
143.648000 143.968000 64
144.096000 144.416000 60
144.512000 146.496000 62
147.072000 148.672000 63
148.800000 149.248000 60
149.568000 150.336000 65
150.336000 151.488000 67
151.968000 152.544000 67
152.640000 152.832000 65
152.832000 153.280000 64
153.280000 154.272000 63
154.368000 155.072000 64
155.072000 155.328000 57
155.456000 156.480000 62
156.928000 157.248000 57
157.344000 158.720000 67
159.072000 159.456000 64
159.456000 159.776000 60
159.872000 160.416000 64
160.608000 162.816000 65
163.296000 163.744000 65
163.744000 164.128000 71
164.256000 165.408000 69
165.568000 165.888000 65
165.888000 166.400000 68
166.624000 166.944000 69
167.200000 167.520000 64
167.648000 167.968000 68
167.968000 168.736000 69
168.736000 169.184000 65
169.344000 170.720000 69
171.072000 171.808000 64
171.936000 172.864000 62
173.024000 174.048000 69
174.176000 174.336000 69
174.496000 174.752000 69
174.752000 175.616000 67
175.616000 175.936000 62
176.096000 176.736000 64
177.024000 177.440000 65
177.440000 177.856000 70
177.984000 179.136000 69
179.264000 179.616000 65
179.616000 180.128000 68
180.320000 180.640000 69
180.928000 181.376000 65
181.376000 181.856000 68
182.048000 182.464000 69
182.464000 182.912000 64
183.072000 183.552000 71
183.744000 184.800000 73
185.184000 185.536000 73
185.664000 185.760000 72
185.760000 186.016000 71
186.112000 186.432000 69
186.432000 186.816000 68
186.816000 187.072000 65
187.264000 187.904000 64
188.224000 188.800000 62
188.896000 189.216000 62
189.312000 189.824000 69
189.952000 190.432000 69
190.624000 191.136000 68
191.232000 192.864000 66
193.312000 193.472000 62
193.472000 193.888000 64
194.080000 194.528000 64
194.688000 195.040000 64
195.040000 195.552000 68
195.744000 196.320000 69
196.320000 196.992000 63
196.992000 197.600000 60
198.048000 198.368000 54
198.464000 198.528000 62
198.528000 198.720000 63
198.720000 199.104000 66
199.232000 199.648000 66
199.808000 200.096000 57
200.192000 201.056000 59
201.664000 203.584000 57
204.320000 204.896000 65
204.896000 205.248000 71
205.376000 206.464000 69
206.656000 207.072000 65
207.072000 207.552000 68
207.744000 208.064000 69
208.448000 208.672000 64
208.800000 209.056000 68
209.056000 209.888000 69
209.888000 210.336000 65
210.496000 211.872000 69
212.224000 212.928000 64
213.088000 214.048000 62
214.176000 215.136000 69
215.392000 215.488000 69
215.648000 215.936000 69
215.936000 216.352000 66
216.576000 217.088000 64
217.248000 217.888000 64
218.112000 218.592000 65
218.592000 218.944000 70
219.136000 220.256000 69
220.416000 220.800000 64
220.800000 221.248000 68
221.440000 221.824000 69
222.048000 222.496000 65
222.496000 223.008000 68
223.200000 223.648000 69
223.648000 224.032000 64
224.192000 224.736000 71
224.896000 225.952000 73
226.304000 226.688000 73
226.784000 227.136000 71
227.232000 228.224000 69
228.448000 228.960000 64
229.344000 230.368000 62
230.464000 230.976000 69
231.072000 231.616000 69
231.744000 232.544000 68
232.544000 232.704000 65
232.832000 234.048000 66
234.496000 234.560000 62
234.560000 235.008000 64
235.200000 235.328000 62
235.328000 235.552000 64
235.552000 235.712000 62
235.808000 236.160000 62
236.160000 236.672000 68
236.864000 237.472000 69
237.568000 238.400000 61
238.400000 238.784000 57
239.232000 239.360000 60
239.616000 239.840000 63
239.840000 240.288000 66
240.480000 240.832000 66
240.960000 242.144000 59
242.880000 244.704000 57
245.632000 245.728000 52
246.016000 246.400000 54
246.560000 247.744000 66
247.872000 250.112000 59
251.424000 252.096000 57
252.224000 254.944000 57
