1.536000 1.696000 53
2.560000 2.624000 56
2.624000 2.784000 57
3.648000 3.808000 54
3.936000 4.160000 57
4.256000 4.576000 56
5.056000 5.120000 65
5.120000 5.216000 66
6.208000 6.304000 62
7.168000 7.392000 62
7.488000 7.712000 57
7.872000 7.968000 56
8.800000 8.928000 59
31.072000 32.512000 62
32.512000 32.704000 62
32.864000 33.184000 64
33.312000 33.728000 64
33.728000 33.824000 59
33.856000 33.920000 55
33.984000 34.848000 55
35.584000 35.808000 55
36.096000 36.672000 62
36.832000 37.760000 60
38.560000 38.784000 53
38.784000 39.744000 60
40.320000 40.608000 53
40.608000 42.112000 57
42.976000 43.136000 55
43.328000 43.456000 56
43.456000 43.904000 59
44.032000 44.416000 59
44.544000 45.024000 60
45.600000 45.728000 57
45.728000 45.920000 59
46.048000 47.104000 59
47.104000 48.288000 62
48.288000 48.608000 54
49.216000 49.280000 60
49.280000 50.240000 62
50.240000 50.400000 60
50.592000 50.656000 60
50.656000 51.648000 64
51.872000 52.416000 53
52.864000 53.184000 64
53.280000 53.600000 64
53.760000 55.456000 63
55.456000 56.416000 64
56.512000 56.800000 62
56.992000 57.888000 63
60.160000 61.632000 62
61.632000 62.656000 64
62.816000 63.712000 54
64.768000 64.928000 55
65.120000 65.760000 62
65.760000 66.784000 60
67.296000 67.616000 60
67.872000 68.608000 62
68.800000 69.184000 62
69.408000 69.824000 64
69.984000 71.040000 64
71.712000 72.768000 65
72.768000 73.504000 67
73.632000 74.016000 65
74.528000 74.688000 57
74.688000 74.944000 65
75.136000 75.456000 64
75.584000 75.968000 62
76.064000 76.480000 61
76.480000 77.152000 65
77.248000 77.632000 64
78.304000 79.520000 64
79.712000 80.000000 55
80.096000 80.288000 63
80.448000 80.704000 62
80.832000 81.408000 60
81.952000 82.208000 60
82.400000 83.744000 62
83.744000 84.128000 69
84.256000 85.600000 69
85.600000 86.752000 67
87.360000 87.648000 67
87.872000 88.000000 61
88.000000 89.088000 62
89.088000 90.688000 62
90.848000 91.264000 67
91.648000 91.808000 62
91.936000 92.672000 64
92.672000 93.152000 60
93.312000 93.440000 58
93.440000 93.696000 59
93.696000 94.016000 60
94.016000 94.368000 62
94.368000 94.944000 67
95.136000 95.456000 65
95.552000 95.872000 65
96.000000 96.256000 65
96.256000 96.736000 63
96.736000 96.960000 66
96.960000 97.568000 62
97.696000 98.496000 65
98.912000 99.488000 64
99.712000 100.032000 64
100.128000 101.696000 62
101.696000 101.888000 64
102.144000 102.304000 66
102.432000 104.128000 62
104.160000 104.384000 58
104.384000 105.216000 62
105.376000 105.792000 67
106.080000 106.848000 62
106.944000 107.104000 62
107.104000 107.776000 63
107.904000 108.576000 60
108.576000 108.928000 63
108.928000 109.056000 69
109.056000 110.048000 72
110.048000 111.008000 69
111.712000 111.776000 70
111.776000 112.032000 70
112.832000 112.896000 67
112.896000 113.728000 72
113.856000 113.984000 59
114.080000 114.432000 61
114.432000 115.040000 65
115.136000 115.328000 62
115.328000 116.640000 61
116.832000 118.816000 60
118.880000 119.008000 59
119.136000 119.488000 59
123.712000 124.128000 60
132.864000 134.304000 62
134.304000 134.528000 62
134.656000 135.584000 64
135.584000 136.608000 56
137.408000 137.664000 56
137.856000 137.952000 65
137.952000 138.272000 62
138.272000 138.656000 61
138.784000 139.648000 60
140.128000 140.576000 54
140.576000 141.472000 60
142.112000 142.336000 53
142.432000 143.968000 57
144.768000 144.960000 55
145.120000 145.248000 55
145.248000 145.728000 59
145.856000 146.240000 59
146.368000 146.816000 60
147.392000 147.456000 57
147.456000 147.744000 60
147.872000 149.408000 62
149.536000 149.888000 62
149.952000 150.464000 56
151.008000 151.104000 66
151.104000 151.712000 62
151.712000 152.224000 61
152.416000 152.512000 60
152.512000 153.024000 64
153.152000 153.504000 64
153.760000 154.176000 54
154.720000 155.488000 64
155.584000 156.864000 62
156.960000 158.208000 64
158.304000 158.528000 62
158.624000 159.520000 62
161.984000 162.112000 60
162.112000 162.624000 62
162.624000 163.136000 60
163.328000 163.488000 60
163.488000 164.448000 64
164.608000 165.408000 55
166.624000 166.816000 55
166.976000 167.040000 59
167.040000 167.552000 62
167.552000 167.712000 68
167.712000 168.064000 71
168.160000 168.640000 60
168.992000 169.440000 60
169.696000 170.400000 62
170.624000 171.072000 62
171.264000 171.776000 64
171.904000 173.152000 64
173.536000 175.968000 67
176.480000 176.800000 65
176.960000 177.312000 64
177.408000 178.720000 64
178.720000 179.520000 65
180.160000 180.928000 64
181.024000 181.376000 64
181.408000 181.440000 64
181.632000 181.856000 67
182.240000 182.560000 62
182.688000 183.168000 60
183.808000 184.096000 60
184.256000 185.216000 59
185.216000 185.568000 61
185.568000 185.984000 69
186.080000 187.488000 69
187.488000 188.512000 67
188.864000 188.992000 65
189.184000 189.440000 67
189.696000 189.824000 62
189.824000 190.816000 62
190.816000 192.512000 62
192.640000 193.088000 68
193.472000 193.664000 64
193.792000 194.176000 64
194.336000 194.528000 74
194.624000 194.880000 73
194.880000 195.008000 68
195.200000 195.744000 60
195.840000 196.096000 62
196.192000 196.352000 65
196.480000 196.672000 67
196.992000 197.312000 67
197.408000 197.696000 64
197.888000 198.080000 64
198.080000 198.304000 63
198.400000 198.688000 62
198.720000 199.360000 62
199.488000 200.320000 67
200.736000 201.280000 65
201.536000 201.856000 64
201.984000 203.168000 62
203.200000 203.552000 62
203.584000 203.744000 63
203.744000 204.096000 64
204.448000 204.736000 62
204.768000 205.792000 63
205.888000 206.176000 58
206.176000 206.432000 59
206.432000 207.040000 62
207.232000 207.584000 67
207.936000 208.256000 62
208.384000 208.960000 62
208.960000 210.816000 65
210.816000 210.976000 69
210.976000 211.200000 72
211.296000 212.448000 64
212.480000 213.504000 74
220.960000 221.280000 52
222.624000 222.720000 57
223.328000 223.424000 58
225.280000 225.408000 66
226.432000 226.976000 71
227.072000 227.200000 70
228.096000 228.320000 59
230.464000 230.496000 59
230.752000 230.848000 66
234.816000 234.880000 69
234.880000 235.808000 72
236.032000 236.192000 60
236.288000 236.672000 61
236.672000 237.536000 64
237.536000 238.816000 61
238.944000 241.568000 60
241.696000 241.984000 62
242.240000 242.368000 71
242.368000 242.464000 70
242.656000 242.912000 62
243.232000 244.000000 62
245.312000 245.728000 63
245.728000 246.112000 67
246.464000 247.200000 64
247.328000 248.864000 64
248.992000 249.728000 65
250.080000 250.784000 64
250.944000 251.008000 65
251.008000 252.096000 69
252.096000 252.608000 66
252.608000 252.992000 62
252.992000 253.184000 64
253.440000 253.568000 66
253.728000 253.856000 62
253.856000 254.816000 62
254.816000 256.544000 62
256.672000 257.088000 67
257.440000 257.664000 62
257.792000 258.080000 62
258.144000 258.432000 62
258.432000 258.592000 60
258.688000 258.976000 60
258.976000 259.136000 55
259.136000 259.744000 60
259.872000 260.192000 62
260.288000 262.528000 72
262.528000 262.720000 67
264.128000 264.192000 67
264.192000 264.928000 72
265.088000 265.280000 60
265.408000 265.728000 61
265.728000 266.624000 65
266.624000 267.232000 62
267.360000 267.936000 60
268.096000 270.240000 60
270.336000 270.464000 59
270.752000 270.976000 60
271.104000 271.200000 60
274.976000 275.456000 59
