6.400000 6.656000 54
7.456000 7.744000 51
9.696000 9.888000 58
10.368000 10.496000 55
10.880000 11.008000 55
11.424000 11.552000 55
11.680000 11.840000 55
11.936000 12.640000 59
12.640000 13.152000 54
13.536000 14.272000 66
14.272000 14.592000 62
14.592000 15.200000 63
15.200000 15.392000 66
15.392000 16.448000 71
16.768000 17.760000 71
17.760000 20.704000 67
20.736000 20.768000 66
20.832000 21.024000 66
21.216000 21.376000 66
21.472000 21.600000 66
22.016000 22.368000 65
22.368000 22.816000 67
22.816000 23.776000 65
24.320000 24.512000 56
24.512000 24.544000 62
24.544000 24.992000 66
24.992000 25.472000 64
25.472000 25.664000 59
25.664000 26.912000 59
26.912000 28.544000 59
28.992000 29.152000 56
29.248000 29.440000 59
29.440000 29.664000 56
29.856000 30.016000 54
30.496000 32.448000 59
32.640000 33.408000 63
33.504000 34.560000 63
34.848000 35.776000 68
35.872000 36.128000 68
36.320000 36.672000 72
36.992000 38.816000 68
39.040000 40.288000 67
40.480000 42.944000 68
42.944000 44.032000 63
44.384000 44.704000 54
44.800000 44.864000 61
44.864000 46.560000 66
46.560000 46.880000 62
46.880000 47.552000 58
47.552000 49.568000 59
50.400000 50.624000 59
51.680000 51.744000 65
51.744000 52.160000 66
52.160000 53.568000 67
53.568000 56.160000 72
56.160000 59.232000 68
59.360000 59.552000 67
59.648000 59.936000 66
60.064000 60.416000 64
60.416000 60.704000 68
60.704000 60.832000 66
60.832000 62.016000 65
62.592000 63.200000 66
63.200000 63.776000 63
63.776000 63.808000 58
63.808000 64.992000 59
64.992000 66.816000 59
67.040000 67.296000 56
67.296000 67.456000 59
67.520000 67.744000 56
68.512000 68.576000 57
68.576000 70.528000 59
70.528000 72.544000 63
72.832000 74.112000 68
74.112000 74.560000 71
74.560000 74.784000 68
74.880000 76.672000 68
76.896000 77.088000 69
77.088000 78.048000 64
78.336000 80.448000 69
80.448000 81.888000 63
82.144000 82.528000 55
82.624000 82.688000 61
82.688000 82.720000 62
82.720000 83.232000 66
83.232000 83.744000 63
84.000000 84.192000 66
84.192000 84.256000 63
84.256000 84.384000 62
84.384000 84.480000 61
84.480000 87.392000 60
88.128000 88.384000 59
88.384000 88.576000 56
88.736000 89.056000 54
96.064000 96.352000 63
98.336000 99.840000 59
100.320000 100.544000 54
100.544000 100.832000 56
100.928000 100.960000 58
100.992000 101.312000 57
101.312000 101.792000 54
102.144000 102.208000 65
102.208000 102.592000 66
102.592000 103.776000 63
103.776000 103.936000 66
103.936000 104.928000 71
105.728000 105.888000 71
106.208000 106.304000 71
106.688000 109.376000 67
109.440000 110.048000 68
110.112000 110.240000 66
110.592000 110.944000 63
110.944000 111.392000 67
111.392000 112.416000 65
112.992000 114.016000 66
114.016000 114.400000 60
114.400000 114.528000 56
114.528000 114.976000 56
114.976000 116.960000 59
117.344000 117.600000 56
117.600000 117.824000 58
117.920000 118.400000 56
118.912000 120.768000 59
120.864000 120.928000 60
120.928000 121.248000 63
121.312000 121.376000 63
121.440000 121.504000 63
121.536000 121.696000 65
121.792000 121.952000 63
122.112000 122.912000 64
123.104000 124.480000 68
124.672000 124.864000 71
125.216000 126.880000 68
127.200000 128.320000 59
128.576000 130.688000 70
130.688000 132.160000 64
132.448000 132.736000 54
132.832000 132.896000 62
132.896000 133.664000 66
133.664000 133.920000 63
134.176000 134.400000 66
134.400000 134.592000 62
134.592000 138.848000 61
138.848000 139.296000 54
