15.008000 15.296000 60
15.424000 15.744000 60
15.872000 16.192000 60
16.320000 16.640000 61
16.800000 17.056000 64
17.216000 17.472000 65
17.728000 18.368000 60
18.592000 18.976000 58
21.120000 21.536000 57
21.632000 22.016000 58
23.360000 24.160000 60
24.672000 25.984000 58
29.120000 29.664000 57
29.664000 30.304000 62
30.432000 30.752000 62
30.880000 31.200000 64
31.296000 31.584000 64
31.712000 32.128000 65
32.416000 32.864000 57
33.184000 33.472000 56
35.680000 36.032000 56
36.160000 36.416000 55
36.608000 36.704000 55
37.120000 37.248000 55
39.296000 39.936000 56
40.128000 40.416000 56
40.640000 40.768000 56
40.992000 41.664000 60
43.200000 44.000000 60
44.096000 44.416000 60
44.512000 44.832000 60
44.832000 45.248000 64
45.376000 45.664000 65
45.984000 46.464000 60
46.464000 47.072000 59
49.344000 49.504000 56
49.632000 49.728000 57
49.856000 50.272000 58
51.584000 52.352000 60
52.576000 52.736000 57
52.928000 53.696000 57
57.408000 58.016000 57
58.016000 58.240000 59
58.240000 60.320000 65
60.480000 61.248000 69
61.344000 61.856000 67
62.208000 62.656000 62
63.520000 63.808000 65
64.000000 64.608000 69
64.800000 65.440000 68
65.664000 66.592000 61
67.040000 67.296000 65
67.488000 70.080000 67
71.008000 71.328000 57
71.520000 71.840000 60
71.840000 72.704000 65
72.800000 73.952000 67
74.112000 75.008000 69
75.808000 76.064000 65
76.320000 77.440000 67
77.600000 78.016000 69
78.112000 78.880000 69
79.328000 80.512000 72
80.736000 81.056000 69
81.056000 81.504000 67
81.632000 81.984000 65
82.080000 82.656000 67
82.656000 83.328000 70
83.424000 83.968000 67
84.288000 84.864000 69
84.864000 85.120000 66
85.600000 85.920000 61
86.016000 86.112000 62
86.112000 86.176000 63
86.176000 86.432000 64
86.432000 88.064000 68
88.192000 88.608000 69
88.704000 89.440000 69
90.016000 91.584000 67
91.712000 92.064000 72
92.192000 92.960000 69
93.440000 94.784000 72
94.784000 95.264000 69
95.264000 95.616000 66
95.744000 96.928000 72
97.504000 97.824000 69
97.952000 98.304000 67
98.400000 98.752000 65
98.912000 99.264000 64
99.424000 101.344000 67
113.792000 115.808000 64
115.936000 116.256000 65
116.448000 117.920000 60
120.224000 120.320000 57
120.480000 120.928000 58
122.240000 122.976000 60
123.776000 124.448000 57
124.544000 124.800000 57
128.480000 128.736000 60
128.832000 129.632000 62
129.632000 130.944000 65
131.040000 131.104000 68
131.104000 132.448000 70
132.448000 132.672000 67
132.832000 133.632000 62
134.080000 134.400000 65
134.560000 136.064000 69
136.064000 137.216000 65
137.376000 137.504000 62
137.632000 137.888000 65
138.080000 140.768000 67
141.632000 141.856000 60
142.048000 142.176000 60
142.304000 142.496000 60
142.496000 143.296000 65
143.456000 144.576000 67
144.704000 144.800000 67
144.800000 145.312000 69
145.312000 145.952000 72
146.432000 146.720000 65
146.944000 147.648000 67
148.224000 149.536000 70
149.952000 151.648000 72
151.648000 152.640000 66
152.640000 152.960000 67
153.056000 153.856000 70
153.952000 154.336000 69
154.432000 154.720000 71
154.720000 155.200000 69
155.200000 155.872000 67
156.160000 156.576000 61
156.576000 156.640000 62
156.640000 156.736000 63
156.736000 157.056000 64
157.056000 158.720000 69
158.944000 160.128000 71
160.608000 160.992000 65
160.992000 161.760000 67
162.144000 162.336000 67
162.336000 162.528000 70
162.560000 162.656000 72
162.848000 163.648000 70
164.032000 165.632000 72
165.632000 166.176000 66
166.304000 167.936000 72
167.936000 168.416000 69
168.512000 168.704000 68
168.704000 169.344000 67
169.440000 171.328000 67
171.424000 172.032000 65
173.856000 174.240000 65
174.464000 174.496000 65
174.688000 174.816000 65
174.912000 175.744000 65
175.776000 175.872000 64
176.032000 176.160000 65
176.256000 176.896000 69
177.344000 178.592000 66
178.688000 179.424000 65
179.552000 179.744000 65
179.744000 180.608000 69
180.896000 181.152000 65
181.312000 182.976000 65
183.072000 183.968000 64
183.968000 185.504000 62
186.176000 186.592000 69
186.592000 188.256000 67
188.384000 189.216000 65
189.312000 190.048000 66
190.144000 190.240000 65
190.336000 190.496000 67
190.592000 191.072000 69
191.488000 191.584000 65
191.680000 192.768000 66
192.768000 193.088000 72
193.216000 193.344000 72
193.440000 193.824000 73
193.824000 194.496000 67
194.624000 194.880000 62
195.008000 195.424000 65
195.424000 196.832000 69
197.216000 197.376000 69
197.888000 197.984000 65
197.984000 198.912000 69
198.912000 199.168000 71
199.424000 201.280000 68
201.664000 201.952000 58
202.112000 202.528000 62
202.528000 203.360000 66
203.456000 204.544000 68
204.704000 205.632000 70
206.432000 206.688000 66
206.880000 207.584000 68
208.256000 209.376000 70
209.952000 211.232000 73
211.328000 211.648000 70
211.648000 212.160000 67
212.160000 212.544000 73
212.640000 212.960000 71
213.088000 213.216000 69
213.216000 213.824000 71
213.824000 214.368000 68
214.496000 214.592000 68
214.720000 214.816000 67
214.816000 215.456000 69
215.456000 215.744000 67
215.808000 216.064000 58
216.224000 216.480000 61
216.864000 217.056000 65
217.056000 217.632000 67
217.632000 218.720000 69
218.816000 219.712000 70
219.744000 220.256000 70
220.352000 220.544000 66
220.640000 221.152000 67
221.152000 222.016000 68
222.304000 223.168000 74
223.168000 223.648000 70
224.096000 224.832000 73
224.960000 225.344000 71
225.344000 225.600000 70
225.600000 226.176000 67
226.304000 228.032000 73
228.032000 228.608000 70
228.736000 231.200000 68
233.760000 234.144000 65
234.272000 237.696000 66
