25.248000 25.504000 53
25.504000 25.952000 61
25.952000 26.176000 65
26.368000 26.560000 63
26.752000 27.008000 62
27.168000 27.808000 55
29.056000 29.216000 55
29.472000 30.528000 62
31.424000 31.648000 54
31.648000 32.000000 58
32.128000 32.384000 65
32.512000 32.736000 63
32.864000 33.056000 62
33.248000 33.888000 54
35.552000 36.064000 57
36.160000 36.704000 58
37.568000 37.696000 53
37.856000 38.112000 58
38.240000 38.528000 65
38.624000 39.200000 63
39.424000 40.096000 55
41.344000 41.408000 64
41.440000 42.624000 62
43.584000 43.840000 58
43.968000 44.320000 60
44.416000 44.608000 58
44.864000 45.088000 60
45.184000 46.016000 62
49.856000 49.984000 53
50.176000 50.592000 61
50.592000 50.784000 65
50.976000 51.552000 63
51.744000 52.224000 56
53.664000 54.176000 62
54.400000 55.008000 60
55.904000 56.128000 53
56.320000 56.576000 58
56.576000 57.312000 65
57.440000 57.664000 62
57.856000 58.880000 53
59.840000 59.968000 52
60.192000 60.672000 60
60.768000 61.408000 58
62.176000 62.368000 54
62.368000 62.720000 58
62.816000 63.424000 65
63.616000 63.776000 62
63.776000 64.512000 60
65.216000 65.504000 55
65.504000 65.728000 58
65.856000 66.176000 65
66.272000 66.528000 63
66.688000 67.648000 62
68.352000 68.576000 58
68.576000 68.960000 62
69.408000 71.072000 58
73.984000 74.144000 59
74.144000 74.304000 62
74.432000 75.424000 65
75.648000 76.896000 67
77.024000 78.208000 67
78.496000 80.576000 62
81.312000 81.408000 58
81.408000 81.824000 61
81.824000 82.080000 62
82.080000 82.592000 64
82.592000 83.616000 66
83.616000 84.768000 70
84.768000 86.272000 65
87.488000 87.744000 58
87.840000 87.968000 59
87.968000 89.600000 63
89.760000 90.752000 63
90.912000 92.320000 62
92.832000 93.056000 53
93.184000 93.408000 58
93.568000 97.888000 67
98.496000 98.592000 58
98.592000 98.848000 62
98.944000 99.648000 63
99.744000 100.384000 65
100.544000 100.832000 67
101.280000 101.408000 65
101.408000 101.536000 67
101.664000 103.424000 70
103.616000 104.192000 72
104.352000 105.408000 69
105.600000 106.016000 67
106.016000 107.360000 69
107.456000 108.832000 65
108.960000 109.728000 68
109.728000 111.232000 62
112.032000 112.256000 58
112.448000 114.848000 63
115.008000 116.928000 62
117.408000 118.816000 58
119.392000 120.352000 60
120.544000 122.080000 58
123.616000 123.872000 53
124.032000 124.384000 60
124.384000 124.640000 65
124.768000 125.376000 63
125.568000 126.240000 55
127.552000 127.744000 55
127.840000 129.120000 62
129.760000 129.984000 53
130.144000 130.496000 59
130.496000 130.784000 65
130.944000 131.488000 63
131.488000 132.512000 55
133.536000 133.728000 50
133.984000 135.296000 60
135.968000 136.160000 54
136.320000 136.608000 58
136.704000 136.992000 65
137.088000 137.664000 63
137.856000 138.688000 55
139.840000 140.032000 62
140.160000 140.608000 62
140.768000 141.504000 60
142.144000 142.784000 60
142.880000 143.072000 58
143.232000 145.280000 62
148.256000 148.640000 55
148.640000 149.024000 59
149.024000 149.280000 65
149.440000 149.664000 63
149.824000 150.048000 62
150.208000 150.912000 55
152.256000 152.704000 62
152.832000 153.696000 60
153.824000 154.144000 60
154.304000 154.624000 53
154.784000 155.072000 58
155.072000 155.136000 61
155.136000 155.424000 65
155.520000 155.776000 63
155.904000 156.064000 62
156.288000 157.120000 54
158.272000 158.496000 50
158.496000 158.560000 52
158.560000 159.008000 57
159.200000 159.968000 58
160.480000 160.864000 54
160.864000 161.312000 59
161.312000 161.952000 65
162.048000 162.304000 63
162.464000 163.104000 55
163.584000 163.808000 54
163.968000 164.192000 58
164.352000 165.024000 65
165.152000 165.280000 62
165.280000 165.440000 61
165.536000 166.176000 61
166.752000 166.880000 64
167.072000 167.456000 62
167.872000 169.440000 58
172.448000 173.952000 65
174.272000 175.392000 67
175.488000 176.704000 67
176.896000 177.344000 62
177.440000 178.080000 62
178.208000 179.104000 60
179.648000 179.712000 58
179.712000 179.840000 59
179.840000 180.256000 61
180.256000 180.768000 63
180.896000 181.952000 65
182.048000 183.072000 70
183.200000 185.088000 65
185.984000 186.048000 56
186.048000 186.400000 58
186.400000 186.656000 60
186.656000 190.016000 63
190.016000 190.592000 60
191.296000 191.552000 54
191.648000 191.936000 58
192.064000 196.288000 67
196.928000 197.024000 58
197.024000 198.048000 63
198.208000 198.816000 65
198.976000 199.328000 67
199.776000 200.768000 67
200.864000 201.888000 70
202.016000 202.080000 69
202.080000 202.208000 70
202.208000 202.720000 72
202.720000 204.160000 72
204.320000 206.112000 69
206.112000 206.976000 65
207.072000 207.360000 65
207.456000 207.584000 65
207.584000 208.128000 68
208.128000 209.344000 65
210.560000 210.752000 58
210.944000 211.008000 58
211.008000 211.104000 59
211.104000 211.232000 60
211.232000 214.048000 68
214.048000 214.464000 62
214.624000 215.456000 64
215.904000 216.576000 58
216.704000 217.248000 57
217.856000 218.752000 60
218.976000 220.736000 58
241.088000 241.184000 68
243.264000 243.456000 66
246.272000 246.400000 60
246.400000 247.776000 65
248.064000 249.632000 67
249.728000 250.528000 67
250.784000 251.968000 62
252.064000 252.832000 60
253.632000 253.696000 55
253.696000 253.728000 57
253.728000 254.144000 62
254.144000 254.624000 63
254.720000 255.776000 65
255.904000 256.832000 70
257.056000 257.184000 63
257.184000 257.344000 65
257.440000 258.496000 62
259.840000 260.000000 57
260.000000 260.256000 58
260.256000 261.216000 63
261.312000 262.560000 63
262.720000 264.384000 62
265.120000 265.344000 53
265.504000 265.760000 58
265.920000 270.368000 71
270.752000 271.904000 63
272.064000 272.672000 65
272.832000 273.184000 67
273.376000 273.472000 67
273.600000 275.744000 70
275.840000 275.904000 68
275.904000 276.512000 72
276.512000 277.760000 69
278.208000 279.808000 69
279.808000 281.184000 65
281.280000 281.984000 68
281.984000 283.232000 67
284.416000 284.608000 58
284.768000 285.056000 60
285.056000 286.560000 63
286.656000 287.712000 63
287.840000 288.320000 62
288.448000 289.248000 60
289.760000 290.048000 58
290.144000 290.368000 57
290.528000 291.008000 57
291.808000 292.512000 60
292.832000 294.688000 58
296.832000 296.960000 65
296.960000 297.088000 63
297.248000 297.856000 62
297.984000 298.784000 63
299.520000 300.064000 63
300.224000 300.704000 62
300.864000 302.144000 60
304.896000 305.088000 58
305.216000 305.440000 57
305.600000 305.920000 57
308.000000 309.344000 59
309.344000 310.784000 62
313.056000 313.280000 63
315.712000 317.120000 72
319.264000 319.456000 74
319.584000 321.024000 70
322.112000 323.488000 74
324.768000 325.248000 70
325.536000 328.096000 69
