11.520000 12.320000 63
12.448000 13.024000 61
13.280000 13.472000 56
13.472000 13.696000 59
13.792000 14.144000 60
14.336000 15.200000 61
16.736000 16.960000 63
17.056000 17.312000 63
17.408000 18.144000 63
18.720000 18.816000 61
18.816000 19.968000 65
19.968000 20.480000 65
21.568000 22.848000 64
23.168000 23.552000 61
23.680000 23.808000 61
24.192000 24.736000 65
24.896000 25.632000 61
27.200000 27.392000 68
27.552000 28.000000 65
28.000000 28.352000 62
28.544000 28.800000 61
29.152000 30.720000 61
31.808000 31.904000 68
32.352000 32.704000 66
32.864000 33.664000 66
33.664000 34.752000 64
34.944000 36.320000 65
37.024000 37.120000 66
37.568000 38.464000 66
38.592000 38.848000 65
38.944000 40.768000 65
41.120000 41.376000 56
41.504000 41.664000 61
41.792000 43.104000 66
43.424000 43.616000 61
43.744000 44.256000 66
44.416000 44.800000 65
45.024000 45.888000 68
46.016000 46.176000 68
46.176000 47.200000 64
47.360000 48.320000 66
48.736000 49.984000 66
50.240000 50.464000 67
50.624000 51.424000 68
51.424000 52.576000 66
52.576000 53.472000 70
53.856000 54.080000 61
54.176000 54.464000 63
54.464000 54.816000 65
54.816000 56.352000 70
56.480000 56.640000 63
56.800000 57.376000 61
57.760000 59.328000 65
59.552000 60.064000 63
60.064000 61.344000 66
62.016000 62.240000 56
62.336000 62.400000 60
62.400000 62.592000 61
62.592000 62.976000 63
62.976000 64.448000 66
64.608000 65.120000 66
65.248000 65.600000 65
65.920000 66.432000 68
66.592000 67.040000 68
67.040000 68.032000 67
68.224000 68.768000 66
68.864000 69.248000 65
69.824000 70.400000 66
70.496000 70.848000 65
71.104000 71.360000 68
71.456000 72.352000 70
72.448000 72.704000 68
72.704000 72.864000 66
72.864000 73.312000 63
73.472000 74.336000 70
74.784000 74.848000 61
74.848000 75.040000 62
75.040000 75.520000 65
75.712000 76.352000 71
76.352000 77.344000 70
77.344000 78.240000 64
78.560000 78.880000 65
78.976000 80.288000 68
80.416000 80.800000 63
80.928000 81.760000 65
82.240000 82.368000 66
82.560000 82.944000 65
83.104000 85.600000 61
89.760000 89.888000 62
89.888000 90.560000 63
90.560000 91.264000 62
91.744000 93.248000 61
95.104000 95.712000 63
96.128000 96.416000 61
96.960000 97.568000 63
97.728000 97.856000 62
97.984000 98.720000 65
98.720000 99.296000 61
99.872000 99.968000 61
99.968000 100.384000 65
100.512000 100.672000 62
100.672000 101.216000 65
101.344000 102.080000 61
102.464000 102.752000 65
102.848000 103.232000 63
103.360000 104.128000 61
105.344000 105.664000 69
105.664000 105.952000 65
106.048000 106.912000 63
107.232000 107.584000 59
107.680000 107.776000 60
107.904000 108.256000 61
108.384000 109.504000 63
110.624000 110.784000 65
110.944000 111.168000 65
111.264000 111.488000 66
111.616000 111.936000 65
111.936000 112.352000 64
112.576000 112.992000 63
113.152000 114.560000 65
115.808000 117.248000 66
117.248000 119.104000 65
119.392000 119.648000 56
119.744000 119.936000 61
120.064000 121.440000 66
121.664000 121.856000 61
122.016000 122.560000 66
122.656000 123.040000 65
123.296000 124.160000 68
124.288000 124.448000 68
124.448000 125.440000 65
125.600000 126.592000 66
126.976000 128.256000 66
128.544000 128.736000 68
128.864000 129.664000 68
129.664000 130.336000 65
130.336000 130.816000 63
130.816000 131.712000 70
132.128000 132.352000 61
132.448000 132.768000 64
132.768000 133.120000 65
133.120000 133.280000 68
133.280000 133.728000 63
133.728000 134.624000 70
134.752000 134.944000 63
135.072000 135.680000 61
136.032000 137.632000 65
137.824000 138.368000 63
138.368000 139.744000 66
140.256000 140.512000 56
140.640000 140.800000 61
140.896000 141.248000 63
141.248000 141.568000 66
141.568000 142.720000 65
142.880000 143.392000 66
143.552000 143.936000 65
144.160000 144.704000 68
144.832000 145.312000 68
145.312000 146.304000 66
146.528000 147.392000 66
147.776000 147.968000 66
148.096000 148.672000 66
148.768000 149.088000 65
149.376000 150.624000 70
150.720000 150.944000 68
150.944000 151.040000 67
151.040000 151.584000 65
151.680000 152.096000 70
152.160000 152.608000 68
153.024000 153.280000 62
153.280000 153.792000 66
153.984000 155.552000 71
155.552000 155.712000 65
155.712000 156.608000 63
156.896000 158.560000 68
158.688000 160.064000 65
160.128000 160.160000 65
160.448000 160.640000 66
160.800000 161.120000 65
161.216000 162.432000 61
162.784000 163.136000 63
163.232000 163.936000 63
164.064000 164.576000 62
165.312000 165.632000 61
165.728000 166.528000 63
166.688000 167.072000 62
167.072000 167.872000 65
168.032000 168.320000 65
168.416000 168.544000 63
168.672000 168.896000 65
168.896000 169.536000 70
169.632000 170.176000 68
170.912000 171.328000 61
171.584000 171.840000 62
171.936000 172.224000 63
172.224000 172.512000 66
172.512000 173.920000 70
174.208000 174.496000 61
174.496000 175.040000 65
175.168000 175.808000 72
175.808000 176.480000 69
176.768000 177.664000 63
177.824000 178.400000 66
178.400000 178.624000 68
178.752000 178.944000 68
179.040000 179.424000 73
179.584000 179.936000 75
180.096000 182.592000 75
184.576000 184.864000 57
184.992000 185.152000 62
185.280000 186.624000 67
186.912000 187.072000 62
187.232000 187.744000 67
187.936000 188.288000 66
188.480000 189.376000 69
189.472000 189.664000 69
189.664000 190.688000 65
190.816000 191.744000 67
192.128000 192.320000 58
192.448000 193.504000 67
193.696000 193.952000 69
194.048000 194.624000 69
194.720000 194.880000 69
194.880000 195.552000 65
195.552000 196.032000 63
196.032000 196.992000 71
197.248000 197.568000 62
197.664000 197.952000 64
197.952000 198.304000 66
198.304000 199.840000 72
199.968000 200.128000 64
200.320000 200.864000 62
201.248000 202.848000 66
203.104000 203.584000 65
203.584000 205.280000 71
205.824000 206.016000 62
206.112000 207.584000 67
207.744000 207.936000 62
208.096000 208.608000 67
208.736000 209.152000 66
209.344000 209.952000 69
210.048000 210.528000 69
210.528000 211.520000 65
211.712000 212.224000 67
212.320000 212.640000 66
213.344000 213.632000 67
213.632000 213.920000 69
213.920000 214.336000 66
214.592000 215.808000 71
215.904000 216.160000 69
216.160000 216.800000 68
216.928000 217.824000 71
218.208000 218.496000 62
218.496000 218.976000 67
219.232000 220.736000 71
220.736000 221.664000 67
222.048000 222.112000 62
222.112000 223.776000 69
223.872000 225.472000 66
225.664000 225.920000 67
226.016000 228.960000 66
230.912000 231.104000 67
231.264000 231.616000 66
231.616000 233.888000 64
236.128000 236.288000 67
236.448000 236.864000 66
237.056000 238.400000 62
238.688000 239.584000 64
241.344000 241.504000 67
241.664000 241.984000 66
242.272000 243.616000 62
246.560000 246.816000 67
246.944000 247.296000 66
247.776000 249.568000 62
