19.808000 20.704000 60
20.928000 21.248000 62
21.248000 21.696000 64
21.792000 22.624000 67
22.912000 23.616000 67
23.776000 24.160000 67
24.320000 24.576000 64
24.576000 25.120000 63
25.120000 25.568000 67
25.696000 26.976000 64
28.480000 29.120000 60
29.248000 29.984000 62
30.112000 30.400000 60
30.400000 30.624000 63
30.624000 31.456000 69
31.744000 32.544000 67
32.640000 32.992000 69
33.152000 33.600000 64
33.696000 34.240000 67
34.240000 36.288000 66
37.248000 37.824000 60
37.920000 38.592000 60
38.592000 38.688000 61
38.688000 38.976000 62
38.976000 40.384000 67
40.512000 40.832000 67
40.832000 41.536000 67
41.536000 42.304000 72
42.304000 43.264000 70
43.456000 44.928000 64
45.632000 45.824000 60
45.920000 46.784000 72
46.784000 47.200000 69
47.296000 47.712000 67
48.064000 48.480000 69
48.704000 49.152000 67
49.312000 49.536000 60
49.536000 50.272000 69
50.368000 50.784000 69
50.976000 53.952000 69
54.848000 55.168000 65
55.168000 55.552000 67
55.712000 55.872000 66
55.872000 56.800000 67
56.800000 57.536000 67
57.632000 57.792000 62
57.952000 58.560000 67
58.976000 59.200000 67
59.296000 60.384000 72
60.608000 61.024000 67
61.184000 62.656000 64
63.392000 63.648000 62
63.648000 63.680000 65
63.680000 64.832000 72
64.832000 65.504000 67
65.664000 66.880000 69
67.072000 67.296000 61
67.520000 67.840000 60
67.840000 68.544000 64
68.672000 68.864000 65
68.864000 69.888000 69
70.144000 71.392000 62
72.576000 72.832000 64
72.832000 73.344000 67
73.472000 74.624000 67
74.624000 75.008000 62
75.168000 75.424000 67
75.424000 75.648000 63
75.744000 76.384000 67
76.768000 77.056000 68
77.056000 77.824000 72
77.920000 78.272000 69
78.432000 80.288000 67
81.216000 81.472000 62
81.472000 81.504000 66
81.504000 82.752000 72
82.912000 83.584000 67
83.744000 84.224000 67
84.224000 84.928000 72
85.376000 87.232000 64
87.616000 88.000000 55
88.224000 88.800000 64
88.992000 89.248000 62
89.760000 90.144000 64
90.144000 91.392000 63
91.488000 91.616000 60
101.952000 102.016000 55
102.016000 102.048000 56
102.048000 103.424000 63
103.424000 103.936000 64
104.032000 104.800000 67
105.056000 106.368000 67
106.464000 109.056000 67
110.816000 111.008000 60
111.200000 112.000000 60
112.000000 112.864000 62
112.864000 113.312000 69
113.408000 113.632000 67
113.952000 114.720000 67
114.880000 115.168000 69
115.648000 115.904000 65
115.904000 116.256000 67
116.448000 118.080000 64
119.520000 119.808000 55
119.808000 120.000000 60
120.096000 120.832000 60
120.832000 121.664000 64
121.760000 122.560000 67
122.816000 123.328000 67
123.456000 123.712000 67
123.712000 124.608000 72
124.608000 125.504000 69
125.696000 127.104000 64
127.840000 128.032000 60
128.128000 128.192000 71
128.192000 129.056000 72
129.056000 129.440000 70
129.536000 130.016000 67
130.304000 130.720000 69
130.912000 131.360000 67
131.488000 131.744000 61
131.744000 133.088000 69
133.216000 133.344000 64
133.504000 133.888000 67
134.048000 136.544000 69
137.024000 137.344000 65
137.344000 137.760000 67
137.920000 138.048000 65
138.048000 139.008000 67
139.008000 139.744000 67
139.840000 140.000000 62
140.128000 140.800000 67
141.184000 141.408000 67
141.504000 142.688000 72
142.880000 145.056000 67
145.664000 145.920000 61
145.920000 145.952000 65
145.952000 146.848000 72
146.848000 147.712000 69
147.872000 149.088000 69
149.312000 149.536000 60
149.760000 150.080000 60
150.080000 150.752000 64
150.912000 151.136000 64
151.232000 152.128000 69
152.384000 154.048000 62
154.784000 155.040000 65
155.040000 155.520000 67
155.648000 155.776000 65
155.776000 156.640000 67
156.640000 157.120000 64
157.312000 157.664000 67
157.664000 157.792000 62
157.888000 158.592000 67
158.976000 159.264000 68
159.264000 160.096000 72
160.192000 160.512000 69
160.704000 162.752000 67
163.424000 163.712000 63
163.712000 163.776000 70
163.776000 164.928000 72
165.152000 165.728000 67
165.952000 166.496000 69
166.496000 166.752000 72
166.848000 167.200000 72
167.616000 169.632000 64
170.336000 171.040000 64
171.136000 171.712000 62
171.968000 174.784000 64
175.584000 175.872000 60
183.680000 184.064000 65
184.064000 184.448000 67
184.608000 185.408000 67
185.888000 186.208000 64
186.208000 186.400000 67
186.528000 186.688000 62
186.848000 187.616000 67
187.808000 188.096000 67
188.224000 188.672000 72
188.768000 189.216000 71
189.536000 190.080000 69
190.080000 191.456000 64
192.352000 192.608000 63
192.608000 193.376000 72
193.376000 194.400000 69
194.592000 195.776000 69
195.968000 196.192000 61
196.448000 196.736000 61
196.736000 197.472000 64
197.600000 197.888000 65
197.888000 198.816000 69
199.040000 200.608000 62
201.440000 201.696000 65
201.696000 202.208000 67
202.336000 203.424000 67
203.424000 203.872000 62
204.000000 204.288000 67
204.288000 204.480000 64
204.576000 205.280000 67
205.600000 205.888000 68
205.888000 206.720000 72
206.848000 207.200000 69
207.360000 209.760000 67
210.080000 210.368000 61
210.368000 210.400000 63
210.400000 210.464000 70
210.464000 211.648000 72
211.840000 212.448000 67
212.608000 213.120000 67
213.120000 213.376000 72
213.472000 213.952000 72
214.272000 216.416000 64
217.024000 217.664000 64
217.824000 218.336000 62
218.752000 219.616000 64
219.616000 220.896000 62
