11.904000 18.048000 70
18.272000 18.368000 68
18.656000 18.752000 68
20.352000 20.544000 62
20.864000 20.960000 58
21.184000 21.504000 58
21.632000 22.400000 59
22.976000 23.616000 58
26.272000 27.072000 59
27.776000 27.904000 58
28.064000 28.320000 58
28.512000 29.248000 59
30.176000 30.240000 59
30.240000 30.816000 62
33.152000 33.536000 63
33.632000 33.920000 66
34.080000 34.432000 67
34.784000 35.008000 66
35.104000 35.616000 62
35.840000 36.384000 61
37.472000 37.888000 61
38.400000 38.656000 61
38.816000 39.104000 60
39.168000 39.392000 57
40.160000 40.384000 57
40.544000 40.800000 58
40.992000 41.280000 59
41.280000 41.632000 61
42.560000 42.848000 59
43.808000 45.152000 56
45.248000 45.344000 56
47.840000 48.128000 62
48.672000 48.896000 58
49.024000 49.344000 59
49.472000 49.760000 59
50.272000 50.656000 58
50.912000 51.040000 58
53.856000 54.144000 58
54.272000 54.528000 59
54.688000 54.944000 62
55.136000 55.584000 57
55.584000 56.672000 60
57.216000 58.688000 66
60.640000 60.800000 66
60.800000 61.536000 66
61.536000 62.400000 68
62.752000 63.072000 62
63.168000 63.616000 61
64.928000 66.496000 61
66.496000 66.912000 57
67.552000 67.808000 56
67.936000 68.256000 58
68.384000 68.768000 59
68.896000 69.216000 61
69.632000 69.920000 57
70.144000 70.752000 61
70.976000 71.360000 62
71.776000 73.408000 57
74.400000 74.656000 59
75.200000 75.872000 68
76.512000 76.832000 68
76.992000 78.144000 68
78.272000 79.104000 61
79.360000 79.744000 59
79.936000 80.256000 61
80.384000 80.672000 63
81.248000 81.568000 66
81.568000 81.920000 65
82.080000 82.784000 71
83.328000 84.288000 71
84.480000 84.896000 66
85.088000 85.504000 67
86.048000 87.136000 63
88.000000 88.320000 65
88.544000 90.112000 66
91.488000 92.192000 67
92.384000 93.760000 62
95.360000 95.616000 58
95.776000 96.448000 59
97.120000 99.200000 62
99.200000 100.608000 58
103.072000 103.616000 69
103.616000 105.792000 74
106.144000 106.752000 72
106.752000 107.072000 70
107.168000 107.648000 67
108.128000 108.736000 69
108.832000 108.992000 68
108.992000 109.440000 67
109.632000 109.728000 67
110.240000 111.072000 72
111.072000 111.264000 68
112.320000 112.512000 70
112.512000 112.992000 69
113.088000 113.856000 71
114.080000 114.368000 75
114.368000 114.432000 73
114.432000 114.560000 72
114.560000 114.688000 71
114.688000 114.848000 70
114.848000 116.480000 69
116.480000 117.408000 64
117.728000 118.624000 75
118.624000 119.200000 72
119.200000 119.744000 73
119.744000 121.760000 71
121.920000 122.560000 75
123.040000 124.160000 73
124.960000 125.184000 74
125.184000 125.440000 73
125.632000 126.464000 65
126.464000 127.328000 62
128.384000 130.944000 66
130.976000 131.040000 67
131.040000 132.096000 72
133.568000 133.824000 61
134.432000 134.656000 58
134.816000 135.104000 59
135.296000 135.648000 59
136.064000 136.416000 58
136.672000 136.832000 58
139.584000 139.840000 58
139.968000 140.192000 59
140.384000 140.640000 62
140.832000 142.336000 59
143.008000 144.384000 66
146.336000 146.688000 66
146.688000 147.104000 63
147.200000 148.224000 68
148.448000 149.280000 62
150.656000 152.128000 61
152.128000 152.608000 58
153.216000 153.504000 56
153.664000 153.952000 58
154.080000 154.368000 59
154.496000 154.880000 62
155.328000 155.616000 57
155.872000 156.512000 61
156.704000 157.312000 63
157.568000 159.168000 58
160.096000 160.320000 59
160.896000 161.600000 68
162.208000 163.776000 68
163.904000 164.832000 61
165.056000 165.504000 60
165.632000 165.952000 61
166.048000 166.336000 63
166.912000 167.264000 66
167.264000 167.616000 63
167.808000 168.512000 71
169.024000 169.696000 71
169.792000 169.952000 70
170.112000 170.560000 66
170.784000 171.200000 67
171.680000 172.640000 63
173.632000 173.824000 63
174.240000 175.936000 67
177.184000 177.888000 68
178.112000 179.392000 62
180.704000 180.928000 58
181.088000 181.344000 58
181.504000 182.048000 60
182.816000 184.864000 62
184.864000 186.720000 60
186.976000 187.136000 56
187.168000 187.360000 57
187.552000 187.776000 59
188.352000 188.640000 66
188.640000 189.088000 68
189.408000 189.600000 70
189.600000 191.232000 68
191.328000 191.680000 61
191.776000 192.288000 61
192.384000 192.864000 59
192.864000 192.928000 60
192.928000 193.376000 66
193.504000 194.624000 66
194.752000 195.072000 64
195.232000 196.032000 71
196.288000 197.792000 71
197.792000 198.784000 70
198.944000 200.416000 65
201.088000 202.016000 65
202.016000 202.432000 66
202.720000 203.328000 68
204.672000 205.248000 67
205.472000 205.792000 62
206.016000 206.720000 60
208.064000 208.352000 58
208.576000 208.832000 58
209.056000 209.536000 59
210.272000 210.592000 62
210.688000 211.264000 61
211.520000 211.904000 61
212.544000 213.600000 57
214.208000 217.824000 68
220.288000 220.448000 59
220.544000 220.864000 59
220.864000 220.960000 60
220.960000 221.856000 65
221.856000 222.048000 66
222.272000 222.624000 63
222.816000 223.200000 63
224.096000 224.544000 66
224.544000 224.992000 65
225.184000 225.472000 70
225.472000 226.080000 69
226.944000 227.264000 68
227.264000 227.936000 67
228.640000 228.864000 63
228.864000 229.312000 62
229.600000 229.920000 58
233.408000 234.816000 58
235.744000 236.160000 62
