3.392000 4.096000 60
4.224000 4.512000 57
5.888000 6.048000 57
6.048000 6.176000 58
6.176000 7.360000 62
8.960000 9.376000 57
9.376000 9.440000 59
9.440000 9.696000 65
9.792000 10.080000 65
10.176000 10.528000 65
11.072000 11.360000 65
11.520000 12.512000 64
12.704000 12.992000 65
13.120000 13.216000 60
13.376000 13.568000 58
34.304000 34.944000 60
35.168000 35.360000 57
35.488000 35.648000 55
36.064000 36.384000 55
36.512000 36.704000 57
36.704000 36.832000 58
36.832000 38.112000 62
40.672000 41.024000 58
41.024000 41.088000 59
41.088000 41.312000 63
41.440000 41.728000 65
41.792000 42.016000 65
42.720000 43.040000 65
43.168000 44.192000 64
44.416000 44.576000 62
44.768000 44.864000 58
45.024000 45.312000 57
47.200000 47.424000 57
47.424000 48.192000 61
48.512000 48.704000 57
48.704000 48.960000 56
49.152000 49.504000 57
50.560000 51.488000 59
51.712000 52.448000 60
52.608000 52.992000 57
53.728000 53.824000 57
53.920000 54.048000 57
54.144000 54.304000 58
54.464000 54.816000 57
57.088000 57.600000 60
57.760000 58.240000 57
58.336000 58.880000 57
64.352000 65.088000 60
65.184000 65.376000 57
65.376000 65.664000 56
66.112000 66.400000 55
66.400000 66.528000 56
66.528000 67.136000 60
67.232000 67.456000 62
67.552000 67.712000 62
67.712000 68.000000 61
70.464000 71.072000 58
71.072000 71.232000 62
71.456000 71.584000 65
71.744000 72.000000 65
72.672000 73.376000 65
73.536000 73.952000 62
73.952000 74.304000 67
74.432000 74.688000 64
74.816000 75.104000 57
75.200000 75.776000 62
76.512000 76.704000 57
77.280000 78.400000 62
78.496000 79.104000 69
79.264000 79.488000 67
79.744000 80.192000 65
80.192000 80.832000 65
80.832000 81.472000 61
81.856000 82.304000 72
82.304000 82.528000 64
82.656000 83.264000 67
83.872000 84.096000 65
84.096000 85.056000 69
85.216000 85.376000 65
85.376000 85.728000 63
85.728000 85.920000 60
86.048000 87.072000 69
87.168000 87.424000 70
87.552000 88.896000 67
92.544000 92.768000 61
92.768000 93.504000 70
93.600000 93.952000 70
94.048000 94.304000 67
94.304000 94.720000 69
94.720000 95.168000 66
95.872000 96.352000 69
96.448000 97.152000 69
97.280000 97.888000 67
99.392000 100.352000 69
100.352000 100.672000 65
100.864000 101.120000 65
101.856000 103.072000 65
103.168000 103.808000 68
104.064000 104.768000 60
106.848000 107.552000 62
107.712000 108.128000 63
108.128000 108.768000 69
108.864000 109.088000 70
109.248000 109.408000 70
109.408000 109.600000 68
110.112000 111.840000 62
111.840000 113.152000 65
113.888000 114.080000 65
114.080000 115.040000 69
115.168000 115.360000 65
115.488000 115.744000 62
115.936000 116.320000 69
116.416000 116.992000 69
117.088000 117.280000 70
117.280000 117.568000 68
117.664000 118.464000 67
119.328000 120.480000 70
120.576000 121.120000 69
122.624000 123.744000 69
123.872000 124.704000 67
125.984000 127.136000 69
127.136000 127.360000 64
127.552000 127.872000 66
128.480000 128.864000 65
128.960000 129.504000 65
129.504000 130.048000 67
130.144000 131.808000 69
133.344000 133.856000 69
133.952000 135.840000 72
135.840000 136.416000 64
136.832000 137.376000 70
137.376000 138.432000 72
138.528000 139.200000 70
139.200000 139.616000 66
140.224000 140.512000 70
140.512000 141.472000 67
142.208000 143.424000 70
143.520000 144.096000 69
144.256000 145.056000 67
145.984000 146.720000 69
146.944000 147.104000 67
147.104000 148.416000 67
148.512000 148.800000 69
149.216000 149.312000 68
149.504000 149.856000 67
149.952000 150.080000 67
150.176000 150.752000 66
152.864000 153.312000 67
154.560000 154.688000 69
155.872000 156.416000 68
156.608000 156.832000 67
160.992000 162.112000 60
162.208000 162.304000 56
162.848000 163.264000 57
163.424000 163.712000 60
163.840000 164.064000 62
164.160000 164.864000 62
167.296000 167.648000 57
167.648000 167.712000 59
167.712000 167.936000 65
168.096000 168.224000 65
168.384000 168.608000 65
169.280000 170.016000 65
170.176000 170.560000 62
170.560000 171.296000 67
171.392000 171.744000 58
171.744000 172.352000 62
173.952000 175.040000 62
175.168000 175.744000 69
175.872000 176.128000 67
176.416000 176.864000 65
176.864000 177.536000 65
177.536000 178.112000 61
178.496000 178.688000 71
178.688000 178.880000 72
178.976000 179.232000 64
179.328000 179.552000 67
179.552000 179.936000 66
180.544000 180.736000 65
180.736000 181.728000 69
181.856000 182.048000 65
182.048000 182.528000 62
182.720000 184.128000 70
184.128000 185.216000 67
185.888000 186.080000 63
186.080000 189.120000 70
189.280000 189.504000 67
189.504000 190.528000 69
190.528000 191.520000 67
192.640000 192.992000 67
193.088000 193.376000 69
193.472000 193.728000 67
193.728000 194.016000 65
194.208000 194.656000 65
195.136000 196.128000 65
196.128000 196.416000 65
196.416000 199.104000 69
199.488000 199.584000 69
200.160000 200.480000 69
200.608000 200.704000 70
200.704000 201.408000 72
201.408000 201.728000 71
201.856000 202.464000 70
202.560000 203.168000 62
203.456000 204.000000 70
204.000000 204.704000 72
204.704000 205.632000 70
205.632000 206.176000 69
206.816000 207.136000 70
207.136000 208.224000 67
208.864000 209.088000 67
209.088000 210.080000 70
210.208000 210.848000 69
210.944000 211.872000 67
212.672000 213.408000 69
213.504000 213.696000 67
213.696000 214.112000 66
214.208000 215.648000 66
216.352000 216.832000 64
217.120000 217.728000 60
218.208000 218.752000 63
219.104000 219.392000 65
222.368000 223.392000 65
224.160000 224.352000 67
224.512000 227.552000 69
235.968000 236.736000 70
236.832000 237.152000 70
237.280000 237.504000 67
237.600000 237.856000 69
239.360000 239.680000 69
239.776000 240.096000 69
240.192000 240.480000 69
240.640000 241.216000 67
242.656000 243.776000 69
243.776000 244.064000 64
244.224000 244.544000 65
245.152000 246.368000 65
246.464000 247.040000 67
247.456000 248.160000 60
250.208000 250.912000 62
251.040000 251.360000 62
251.488000 252.128000 69
252.224000 252.448000 70
252.576000 252.736000 70
252.736000 252.992000 69
253.504000 255.104000 62
255.104000 256.480000 65
257.312000 257.536000 66
257.536000 258.720000 69
258.848000 259.136000 62
259.328000 259.488000 68
259.488000 260.864000 70
260.864000 261.952000 67
262.656000 262.720000 65
262.720000 262.752000 66
262.752000 265.024000 70
265.056000 265.696000 72
265.888000 266.176000 67
266.176000 267.040000 69
267.040000 268.576000 68
269.312000 269.600000 67
269.760000 270.432000 69
270.432000 270.816000 66
270.816000 271.040000 67
271.040000 273.184000 67
273.184000 273.920000 69
273.920000 274.176000 72
274.176000 275.360000 72
275.360000 276.448000 70
276.832000 279.168000 72
279.168000 280.160000 63
280.160000 282.464000 72
282.464000 282.912000 66
283.488000 283.808000 69
283.904000 284.992000 67
285.536000 285.760000 67
285.760000 286.304000 70
286.400000 286.752000 70
286.752000 288.352000 69
289.376000 290.176000 69
290.368000 290.528000 67
290.528000 291.040000 66
291.264000 292.320000 65
296.480000 296.640000 61
