2.816000 2.912000 48
21.984000 23.136000 52
23.808000 24.672000 55
24.864000 25.600000 55
25.600000 26.656000 60
28.576000 29.536000 52
29.696000 30.368000 53
30.368000 30.528000 54
30.528000 33.312000 62
34.976000 35.584000 57
35.744000 36.480000 57
36.640000 37.696000 60
37.856000 38.496000 62
38.656000 39.840000 55
40.736000 40.800000 58
40.800000 41.056000 60
41.056000 41.376000 62
41.472000 42.560000 64
42.656000 43.264000 62
43.264000 43.712000 61
43.904000 45.824000 64
47.648000 48.832000 52
49.760000 50.208000 53
50.368000 50.656000 55
50.784000 51.488000 55
51.488000 52.768000 62
53.760000 53.920000 60
54.048000 54.240000 62
54.432000 56.000000 65
56.096000 56.416000 64
56.512000 59.488000 62
60.640000 60.736000 58
60.960000 61.504000 57
61.728000 62.048000 57
62.176000 62.304000 57
62.656000 62.816000 57
63.040000 63.680000 60
63.808000 64.384000 62
64.640000 65.440000 55
66.240000 66.400000 55
66.752000 67.232000 62
67.424000 67.872000 64
68.352000 68.960000 57
69.056000 69.216000 57
69.440000 70.144000 65
70.272000 72.064000 64
72.736000 73.024000 56
73.152000 73.408000 65
73.536000 73.888000 64
73.888000 74.560000 62
74.656000 76.160000 60
76.352000 77.056000 64
77.280000 78.560000 55
79.104000 79.488000 55
79.584000 79.872000 59
79.936000 80.352000 59
80.352000 81.504000 57
81.632000 82.304000 53
82.432000 82.656000 50
82.816000 82.880000 50
82.880000 82.976000 51
82.976000 83.232000 52
83.232000 85.024000 55
85.728000 86.784000 55
86.912000 87.584000 57
87.840000 87.936000 57
87.968000 88.000000 57
88.064000 88.128000 57
88.160000 88.192000 56
88.256000 89.120000 57
89.312000 89.696000 59
90.112000 91.392000 60
92.224000 92.992000 60
92.992000 94.048000 62
94.624000 95.680000 62
95.808000 96.320000 64
96.384000 96.640000 65
96.640000 96.768000 62
96.864000 97.984000 62
98.752000 99.680000 55
99.872000 100.800000 64
100.864000 100.896000 64
101.056000 101.312000 64
101.504000 102.176000 65
102.304000 104.512000 62
105.152000 105.376000 59
105.536000 106.368000 61
106.368000 107.072000 67
107.584000 108.160000 67
108.160000 109.024000 64
109.184000 111.328000 65
111.744000 111.904000 55
112.192000 112.736000 56
112.896000 113.024000 62
113.024000 115.328000 65
115.328000 116.384000 62
116.480000 116.896000 62
116.896000 117.312000 65
117.312000 118.272000 71
118.912000 119.232000 64
119.328000 119.968000 67
120.128000 120.768000 65
120.896000 122.176000 64
122.176000 124.352000 62
125.856000 126.112000 51
126.208000 126.816000 52
127.456000 128.096000 53
128.224000 128.512000 55
128.640000 129.344000 55
129.344000 130.688000 62
131.520000 131.584000 59
131.584000 132.032000 62
132.256000 133.792000 65
133.920000 134.624000 64
134.752000 137.376000 62
138.784000 139.392000 57
139.648000 139.872000 57
140.032000 140.224000 57
140.416000 140.672000 57
140.832000 141.504000 60
141.632000 142.272000 62
142.496000 143.328000 55
144.064000 144.192000 55
144.512000 144.832000 61
144.832000 145.024000 62
145.248000 145.760000 64
145.760000 146.400000 60
146.496000 146.752000 57
146.880000 147.040000 57
147.328000 147.936000 65
148.064000 149.920000 64
150.528000 150.816000 56
150.912000 151.776000 65
151.936000 152.096000 57
152.096000 152.480000 60
152.576000 154.528000 62
154.528000 154.848000 64
155.008000 155.776000 55
155.776000 156.448000 62
156.608000 156.832000 60
156.960000 157.152000 56
157.152000 157.696000 60
157.824000 158.176000 59
158.176000 158.208000 58
158.208000 158.560000 57
158.560000 159.872000 56
159.936000 160.128000 52
160.320000 160.416000 50
160.672000 161.408000 53
161.504000 162.912000 55
163.104000 164.544000 55
164.704000 166.976000 57
167.168000 167.488000 59
167.968000 169.440000 60
169.536000 170.784000 60
170.784000 171.936000 62
172.416000 173.376000 62
173.376000 173.504000 60
173.632000 174.144000 64
174.272000 175.872000 65
176.128000 176.544000 64
176.640000 177.504000 55
177.728000 178.496000 64
178.784000 179.232000 64
179.328000 180.128000 65
180.128000 180.288000 63
180.288000 182.240000 61
182.240000 183.200000 65
183.392000 184.128000 60
184.128000 184.896000 67
185.408000 186.112000 67
186.112000 186.912000 64
187.008000 189.216000 65
189.216000 189.248000 60
189.504000 189.632000 54
189.952000 190.496000 54
190.752000 191.392000 64
191.520000 191.616000 64
191.840000 193.312000 66
193.312000 194.144000 60
194.304000 195.136000 64
195.136000 195.456000 59
195.552000 196.192000 57
196.544000 196.960000 64
196.960000 197.152000 63
197.152000 198.624000 67
198.752000 200.192000 64
200.192000 202.112000 60
203.392000 203.520000 51
203.648000 204.288000 52
204.448000 205.152000 51
205.280000 205.696000 52
205.888000 206.304000 52
206.624000 206.848000 48
206.848000 207.136000 51
207.296000 207.968000 52
208.096000 208.736000 52
208.928000 209.024000 52
209.152000 209.536000 52
210.112000 210.464000 52
210.560000 210.816000 52
210.848000 212.320000 53
212.416000 214.912000 52
215.008000 215.264000 51
215.392000 215.520000 50
215.648000 215.840000 49
216.032000 216.416000 55
216.608000 216.896000 52
217.024000 217.664000 52
217.792000 218.112000 51
218.240000 218.464000 52
218.592000 219.232000 52
219.232000 220.032000 51
220.288000 220.576000 52
220.672000 220.832000 52
221.056000 221.312000 51
221.472000 221.856000 52
221.856000 222.400000 56
222.528000 222.720000 51
222.720000 222.848000 49
223.104000 223.744000 48
223.936000 224.192000 48
224.320000 224.960000 48
225.376000 225.696000 48
225.792000 227.040000 50
228.320000 229.408000 55
229.600000 230.432000 64
230.688000 231.136000 64
231.232000 232.032000 65
232.032000 232.160000 63
232.160000 234.112000 61
234.112000 234.816000 65
234.880000 235.104000 59
235.264000 236.000000 59
236.000000 236.736000 67
237.280000 238.080000 67
238.080000 239.296000 65
239.296000 240.576000 65
240.576000 241.120000 62
241.408000 241.440000 54
241.792000 242.400000 55
242.624000 243.392000 64
243.840000 245.056000 65
245.056000 246.016000 63
246.208000 246.592000 62
246.592000 247.008000 66
247.008000 249.408000 71
251.840000 252.192000 64
252.288000 252.960000 67
253.088000 253.760000 65
253.920000 255.648000 64
255.648000 257.312000 60
