15.648000 15.904000 48
15.904000 15.968000 50
15.968000 16.704000 57
16.800000 17.472000 53
17.568000 18.464000 53
18.752000 19.200000 58
19.200000 19.648000 53
19.648000 20.544000 55
20.736000 21.568000 53
21.888000 22.272000 53
22.272000 22.752000 58
22.880000 23.840000 62
23.936000 24.608000 62
25.088000 25.824000 62
26.048000 26.400000 58
26.400000 26.976000 60
27.072000 27.776000 57
28.192000 28.576000 54
28.576000 29.344000 60
29.440000 30.080000 62
30.208000 30.976000 62
31.360000 31.616000 67
31.744000 32.256000 65
32.256000 33.984000 62
34.528000 35.392000 57
35.488000 35.616000 53
35.776000 37.216000 61
37.600000 38.496000 57
38.496000 40.384000 54
40.896000 41.088000 48
41.248000 41.984000 57
42.112000 43.616000 53
43.936000 44.160000 58
44.416000 46.752000 55
47.168000 47.520000 54
47.520000 48.224000 60
48.384000 49.024000 62
49.152000 49.856000 62
50.240000 51.104000 62
51.232000 51.616000 58
51.616000 52.192000 60
52.320000 53.120000 57
53.408000 53.696000 53
53.920000 54.304000 57
54.464000 55.328000 62
55.424000 56.192000 62
56.640000 56.928000 60
57.024000 57.440000 62
57.568000 57.760000 64
57.856000 59.552000 67
59.776000 60.064000 62
60.160000 60.768000 65
60.768000 62.464000 67
62.880000 63.168000 65
63.296000 63.712000 67
63.872000 64.000000 69
64.192000 66.560000 67
67.328000 67.744000 54
67.744000 68.000000 55
68.096000 68.416000 57
68.512000 68.832000 54
68.832000 69.568000 62
69.696000 70.272000 62
70.432000 70.976000 67
71.072000 71.296000 64
71.424000 71.584000 65
71.680000 71.936000 62
72.032000 72.736000 60
72.896000 73.376000 60
73.600000 73.952000 62
74.048000 74.336000 60
74.336000 74.720000 57
74.720000 75.040000 54
75.200000 75.840000 58
75.968000 76.480000 58
76.800000 76.928000 57
76.928000 77.280000 56
77.280000 77.600000 53
77.760000 77.856000 55
77.856000 78.528000 53
78.528000 78.944000 55
79.168000 80.224000 53
80.320000 80.608000 55
80.704000 81.088000 57
81.088000 81.344000 53
81.504000 82.176000 62
82.336000 82.816000 62
82.976000 83.040000 63
83.040000 83.328000 67
83.328000 84.512000 65
84.704000 84.960000 60
85.088000 85.344000 67
85.472000 86.848000 65
87.232000 87.392000 54
87.392000 87.616000 55
87.616000 87.968000 57
87.968000 88.352000 60
88.352000 88.832000 66
88.992000 89.632000 62
89.824000 90.112000 57
90.208000 90.528000 55
91.168000 93.280000 53
105.632000 105.792000 60
106.816000 107.072000 65
116.480000 117.312000 67
118.592000 118.656000 54
118.656000 119.296000 57
119.456000 120.128000 53
120.224000 121.024000 53
121.344000 121.696000 58
121.792000 122.304000 53
122.304000 122.496000 55
122.592000 123.200000 55
123.360000 124.064000 53
124.512000 124.832000 53
124.928000 125.376000 58
125.504000 127.200000 62
127.584000 128.032000 62
128.032000 128.512000 61
128.640000 128.992000 58
128.992000 129.568000 60
129.696000 130.432000 57
130.976000 131.264000 54
131.264000 131.712000 57
131.808000 131.968000 60
132.064000 133.632000 62
133.984000 134.208000 67
134.400000 134.880000 65
134.880000 136.640000 62
137.184000 138.048000 57
138.176000 138.272000 53
138.368000 139.776000 58
140.224000 143.104000 57
143.872000 144.032000 55
144.032000 144.640000 57
144.736000 145.408000 53
145.504000 146.240000 53
146.624000 146.848000 58
147.072000 147.488000 52
147.488000 149.344000 55
149.792000 150.144000 53
150.144000 150.816000 60
151.008000 152.704000 65
152.928000 153.728000 62
153.888000 154.720000 60
154.912000 155.776000 57
156.096000 156.352000 53
156.544000 156.928000 57
157.088000 157.216000 59
157.312000 158.880000 62
159.168000 159.552000 60
159.648000 160.096000 62
160.192000 162.304000 67
162.432000 162.688000 62
162.848000 163.424000 64
163.424000 165.344000 68
165.568000 165.856000 65
165.984000 166.400000 67
166.496000 166.688000 69
166.848000 167.968000 67
167.968000 168.960000 62
169.184000 169.408000 57
169.536000 169.792000 53
169.984000 170.624000 62
170.720000 171.360000 62
171.488000 172.000000 67
172.096000 172.352000 64
172.448000 172.608000 65
172.736000 172.960000 62
173.120000 173.792000 60
173.920000 174.400000 60
174.656000 175.424000 62
175.424000 175.776000 57
175.872000 176.096000 53
176.256000 177.600000 58
177.920000 177.984000 56
177.984000 178.080000 56
178.080000 178.656000 55
178.848000 179.328000 55
179.424000 179.968000 67
180.192000 180.704000 65
180.704000 181.312000 60
181.376000 181.696000 55
181.792000 182.048000 57
182.176000 182.560000 53
182.560000 183.232000 62
183.392000 184.000000 62
184.000000 184.672000 67
184.768000 185.472000 65
185.472000 185.600000 62
185.728000 185.984000 60
186.112000 186.400000 67
186.528000 188.096000 65
188.320000 188.576000 55
188.640000 189.024000 58
189.024000 189.376000 60
189.408000 189.504000 67
189.504000 189.920000 65
189.920000 190.016000 64
190.016000 190.368000 62
190.368000 190.848000 61
190.848000 191.584000 67
191.712000 192.064000 64
192.320000 195.968000 65
200.544000 200.640000 72
200.800000 201.088000 72
202.112000 202.656000 69
202.784000 203.104000 71
211.904000 212.128000 67
212.352000 212.960000 65
213.088000 213.344000 63
215.712000 215.840000 55
215.840000 216.384000 57
216.480000 216.800000 59
216.800000 217.248000 57
217.248000 217.984000 64
218.144000 218.624000 64
218.848000 219.744000 69
219.840000 220.000000 67
220.096000 220.352000 64
220.448000 221.824000 62
221.984000 222.528000 64
222.528000 223.136000 62
223.136000 223.520000 56
223.648000 224.288000 60
224.416000 224.960000 60
225.216000 225.696000 59
225.792000 226.048000 55
226.304000 226.656000 54
226.784000 226.912000 67
226.912000 227.392000 69
227.584000 228.064000 67
228.064000 228.704000 62
228.800000 228.992000 57
229.152000 229.408000 59
229.600000 229.856000 55
229.952000 230.624000 64
230.752000 231.264000 64
231.424000 231.488000 65
231.488000 231.680000 69
231.680000 232.992000 67
233.056000 233.376000 62
233.472000 234.656000 71
234.656000 235.584000 67
235.680000 235.776000 67
235.776000 235.968000 69
236.032000 236.224000 59
236.224000 236.704000 62
236.832000 237.312000 70
237.440000 237.792000 64
237.792000 238.112000 62
238.208000 238.976000 69
239.232000 239.584000 66
239.712000 240.768000 67
240.768000 243.488000 65
244.192000 244.512000 57
244.608000 244.928000 59
244.928000 245.280000 62
245.440000 245.824000 67
246.144000 246.560000 64
246.560000 246.976000 63
247.104000 248.384000 59
249.120000 249.344000 55
249.568000 250.240000 55
250.976000 252.768000 55
253.216000 253.280000 53
253.280000 253.440000 56
254.304000 255.008000 51
255.232000 255.424000 50
256.512000 256.576000 53
256.576000 256.704000 54
