3.552000 4.448000 66
5.088000 5.248000 64
5.504000 5.632000 62
5.888000 5.984000 61
6.112000 6.208000 61
11.904000 13.184000 54
13.344000 13.888000 54
14.080000 14.176000 54
16.896000 17.152000 55
17.152000 17.568000 59
17.728000 18.560000 59
18.912000 19.360000 54
19.648000 20.832000 54
24.800000 25.024000 56
25.024000 25.472000 59
25.632000 26.304000 59
26.848000 27.392000 55
27.392000 27.776000 57
28.096000 28.640000 54
32.704000 33.088000 61
33.184000 35.872000 68
36.064000 36.832000 61
37.216000 37.504000 59
37.632000 38.208000 59
39.072000 39.168000 58
39.328000 40.192000 69
40.288000 40.448000 66
40.608000 41.856000 66
42.976000 43.392000 57
43.520000 43.680000 67
43.808000 44.256000 68
44.480000 44.928000 67
44.928000 45.152000 68
45.152000 45.760000 69
45.760000 46.272000 67
46.784000 47.680000 69
47.680000 49.312000 66
49.440000 50.112000 61
50.176000 51.008000 61
51.168000 53.568000 62
54.560000 55.424000 69
55.520000 55.904000 66
56.032000 56.448000 64
56.576000 56.928000 61
57.312000 57.760000 61
57.824000 58.208000 61
58.336000 58.880000 62
59.232000 61.472000 73
61.952000 62.016000 62
62.016000 62.368000 64
62.368000 63.136000 67
63.136000 63.936000 73
64.352000 65.024000 66
65.120000 65.536000 73
65.728000 67.264000 64
67.392000 67.712000 73
67.840000 68.800000 73
68.800000 69.632000 66
69.728000 69.856000 66
70.272000 70.432000 67
70.432000 71.136000 69
71.136000 72.192000 68
72.352000 73.696000 61
74.048000 75.936000 62
76.736000 77.056000 57
77.184000 77.696000 64
77.984000 78.144000 55
78.144000 78.720000 61
78.880000 81.152000 61
86.624000 86.944000 61
88.000000 88.384000 59
88.544000 89.504000 59
89.600000 91.616000 55
95.616000 96.032000 56
96.160000 96.544000 59
96.640000 97.536000 59
97.632000 98.048000 59
98.048000 99.296000 66
99.392000 99.968000 61
100.224000 102.272000 61
102.464000 102.688000 65
103.456000 103.552000 61
103.744000 103.872000 62
103.872000 104.256000 64
104.512000 105.152000 68
105.248000 105.824000 66
106.272000 106.560000 61
106.656000 106.976000 61
107.104000 107.296000 59
107.712000 107.904000 61
110.176000 110.272000 57
110.368000 112.576000 68
113.856000 114.432000 67
114.560000 114.720000 69
114.816000 114.976000 71
115.072000 115.552000 71
115.552000 116.928000 68
117.504000 117.600000 67
117.600000 118.400000 69
118.400000 120.128000 67
120.256000 120.928000 61
121.024000 121.792000 61
121.952000 124.352000 62
125.344000 126.304000 69
126.400000 126.528000 64
126.528000 126.784000 66
126.912000 127.264000 64
127.424000 127.744000 61
128.128000 128.512000 61
128.704000 129.600000 62
129.824000 129.920000 64
130.080000 132.288000 73
132.736000 132.832000 61
132.832000 133.248000 64
133.248000 134.048000 71
134.048000 134.752000 73
135.200000 135.840000 66
135.936000 136.416000 73
136.736000 138.080000 64
138.176000 139.520000 73
139.648000 140.576000 66
140.640000 140.672000 66
141.120000 142.080000 69
142.080000 142.976000 66
142.976000 144.512000 63
144.960000 146.784000 62
147.552000 147.840000 57
148.000000 148.448000 64
148.864000 149.024000 56
149.024000 149.536000 61
149.728000 152.032000 61
155.360000 155.680000 57
155.840000 156.384000 64
156.832000 157.472000 61
157.600000 160.608000 64
161.120000 161.600000 66
165.600000 165.728000 62
165.728000 166.144000 63
166.144000 167.904000 64
167.904000 168.608000 66
168.608000 171.264000 63
171.360000 171.552000 59
173.568000 174.048000 63
174.048000 177.152000 66
177.152000 180.448000 62
183.712000 183.904000 65
183.904000 184.160000 66
184.160000 184.448000 64
184.448000 185.344000 69
185.344000 186.976000 66
187.104000 187.776000 61
187.872000 188.704000 61
188.864000 190.816000 62
190.944000 191.840000 67
192.128000 193.184000 69
193.280000 194.080000 66
194.240000 194.624000 61
194.720000 194.816000 59
195.008000 195.904000 62
195.904000 196.448000 63
196.448000 196.832000 66
196.832000 199.168000 73
199.712000 200.128000 65
200.128000 200.864000 66
200.864000 201.664000 73
201.856000 201.952000 63
202.112000 202.496000 66
202.592000 202.848000 64
202.848000 203.232000 73
203.328000 204.960000 64
205.056000 205.696000 73
205.792000 206.528000 73
206.624000 207.584000 66
207.968000 208.960000 69
208.960000 209.856000 66
209.952000 211.584000 61
211.840000 213.760000 62
214.400000 214.720000 57
214.912000 215.360000 64
215.872000 216.480000 61
216.640000 216.960000 61
217.248000 217.696000 56
217.824000 218.304000 57
218.304000 219.104000 61
219.328000 220.032000 57
220.992000 221.536000 57
221.792000 222.240000 58
222.240000 223.168000 61
223.264000 223.936000 57
224.128000 224.640000 53
224.832000 225.472000 57
225.696000 226.144000 58
226.144000 227.136000 61
227.648000 230.336000 62
230.368000 230.944000 63
231.616000 232.128000 61
232.768000 233.376000 57
233.568000 234.016000 57
234.016000 234.944000 61
235.072000 235.712000 57
236.736000 237.312000 57
237.536000 237.952000 57
237.952000 238.944000 61
238.944000 239.648000 58
239.904000 240.416000 65
240.704000 241.184000 57
241.440000 241.824000 57
241.824000 242.848000 61
243.392000 245.952000 62
246.048000 246.400000 62
246.400000 246.688000 64
247.488000 247.776000 61
248.192000 249.568000 57
249.760000 250.048000 61
