2.048000 2.144000 53
4.192000 4.224000 54
31.744000 32.224000 56
32.416000 33.632000 62
34.208000 34.848000 57
35.008000 35.168000 57
35.360000 35.616000 57
35.840000 36.640000 55
42.272000 43.712000 62
43.968000 44.128000 60
44.320000 44.768000 60
44.928000 45.184000 62
45.184000 45.504000 65
45.600000 45.696000 61
46.112000 47.104000 62
50.432000 50.752000 58
50.912000 52.064000 60
52.224000 52.704000 60
52.704000 53.120000 59
53.248000 54.336000 57
55.456000 56.160000 58
56.352000 56.544000 59
56.672000 56.832000 60
57.024000 57.536000 60
57.536000 57.952000 59
58.336000 58.528000 57
58.880000 59.424000 56
60.544000 60.704000 56
61.088000 61.664000 59
61.760000 61.952000 60
62.048000 62.432000 60
62.656000 62.976000 60
63.072000 63.584000 58
63.744000 64.256000 56
65.600000 66.048000 58
66.240000 66.400000 58
66.624000 67.232000 60
67.552000 67.744000 60
67.744000 70.496000 63
72.896000 73.184000 61
73.184000 73.472000 60
73.472000 74.208000 66
75.168000 75.552000 62
75.552000 75.840000 61
76.064000 76.768000 67
77.600000 77.920000 65
77.920000 78.624000 69
78.944000 79.520000 70
79.616000 79.744000 63
79.968000 80.672000 62
80.896000 81.344000 60
81.504000 81.696000 58
81.696000 82.080000 61
82.272000 82.464000 62
82.752000 82.848000 58
83.072000 83.712000 59
84.000000 84.640000 67
85.312000 85.408000 65
85.408000 85.952000 69
85.952000 87.200000 70
87.200000 87.488000 65
87.936000 88.416000 62
88.416000 88.960000 61
89.120000 89.824000 60
89.952000 90.048000 58
90.336000 90.624000 55
91.040000 91.744000 62
91.904000 92.288000 60
92.992000 93.504000 60
93.664000 94.080000 59
94.208000 94.816000 65
95.520000 96.416000 62
96.416000 96.640000 59
96.800000 97.760000 67
98.336000 98.688000 67
98.688000 99.072000 69
99.328000 99.904000 70
99.904000 100.192000 67
100.384000 100.672000 62
100.800000 101.088000 62
101.312000 101.824000 60
102.240000 102.496000 61
102.496000 102.784000 62
103.200000 103.648000 60
103.872000 104.256000 58
104.416000 104.992000 55
105.664000 105.728000 62
105.728000 105.824000 65
105.824000 106.496000 69
106.656000 107.552000 70
107.648000 108.128000 65
108.288000 109.088000 62
109.248000 109.632000 60
109.632000 110.048000 58
113.632000 114.176000 62
114.464000 116.320000 60
116.768000 117.184000 58
136.672000 137.184000 62
137.344000 138.112000 62
138.400000 138.816000 57
139.328000 139.808000 57
139.904000 140.160000 57
140.256000 140.576000 56
144.096000 144.192000 56
145.024000 145.504000 59
146.976000 147.392000 61
147.552000 147.840000 62
147.936000 148.256000 60
148.576000 149.056000 61
149.056000 149.664000 65
150.112000 151.968000 62
152.672000 153.152000 60
153.952000 154.208000 59
154.848000 155.104000 57
155.104000 156.352000 60
156.480000 157.120000 60
157.504000 157.696000 58
157.856000 157.984000 58
158.144000 158.368000 56
160.000000 160.192000 58
160.320000 160.512000 58
160.640000 161.344000 60
161.632000 161.824000 60
161.920000 162.112000 60
162.272000 162.432000 60
162.528000 164.352000 63
164.448000 164.544000 61
164.736000 165.504000 63
165.504000 166.080000 66
166.208000 166.304000 65
167.040000 167.616000 62
167.616000 167.776000 59
167.968000 168.608000 67
169.536000 169.600000 64
169.600000 169.824000 65
169.824000 170.528000 69
170.816000 171.392000 70
171.392000 171.680000 67
171.872000 172.608000 62
172.768000 173.632000 60
173.728000 173.920000 60
174.176000 174.368000 62
174.368000 174.720000 61
175.040000 175.584000 59
175.936000 176.640000 67
177.216000 177.344000 67
177.344000 177.824000 67
177.824000 179.072000 70
179.072000 179.456000 66
179.776000 181.696000 62
182.080000 182.208000 60
182.912000 183.584000 62
183.808000 184.128000 60
184.544000 185.312000 60
185.600000 185.952000 60
186.112000 186.720000 65
187.424000 188.512000 62
188.704000 189.600000 67
189.664000 189.728000 65
190.240000 190.976000 69
191.136000 191.776000 70
191.968000 192.128000 62
192.288000 192.608000 62
192.736000 193.024000 62
193.216000 193.792000 60
194.144000 194.848000 62
195.040000 195.616000 60
195.776000 195.904000 60
196.352000 196.960000 67
197.632000 198.464000 68
198.560000 199.456000 70
199.552000 200.032000 65
200.192000 200.480000 60
200.480000 200.800000 62
200.800000 201.024000 61
201.024000 201.600000 60
201.600000 201.984000 57
205.632000 206.112000 62
206.304000 207.808000 60
208.064000 208.448000 63
208.448000 209.056000 65
209.216000 209.696000 61
209.696000 210.720000 65
211.040000 211.328000 61
211.328000 211.680000 63
211.680000 212.288000 65
212.416000 212.864000 60
212.864000 213.952000 65
214.304000 214.752000 60
214.752000 215.808000 65
216.032000 216.416000 64
216.544000 220.384000 62
221.216000 221.504000 65
221.888000 223.744000 58
223.744000 226.432000 62
227.328000 228.224000 60
228.224000 229.472000 65
229.632000 230.112000 60
230.112000 231.072000 65
231.520000 231.744000 60
231.744000 232.160000 64
232.160000 232.736000 65
232.896000 233.376000 61
233.376000 233.984000 62
233.984000 234.432000 65
234.592000 235.392000 62
235.392000 235.968000 65
235.968000 236.832000 65
237.280000 237.696000 59
237.696000 238.752000 62
238.848000 240.480000 62
240.576000 240.672000 62
241.664000 241.952000 65
244.512000 245.920000 62
246.464000 247.072000 59
247.072000 247.936000 66
248.736000 249.280000 63
249.632000 250.336000 67
251.200000 251.552000 66
251.552000 252.128000 69
252.320000 252.544000 67
252.544000 253.088000 70
253.184000 254.240000 63
254.496000 254.944000 60
255.072000 255.328000 58
255.328000 255.776000 62
255.872000 256.128000 62
256.352000 256.832000 60
256.960000 257.184000 59
257.600000 258.240000 67
258.400000 258.496000 65
258.912000 258.976000 63
258.976000 259.040000 65
259.040000 260.032000 69
260.192000 260.736000 70
260.736000 262.048000 66
262.048000 264.864000 72
265.216000 265.568000 74
265.568000 266.112000 72
266.528000 266.784000 65
266.912000 267.392000 74
267.552000 269.504000 72
269.664000 269.888000 70
270.080000 270.240000 70
270.496000 270.624000 70
