8.960000 10.592000 72
10.848000 12.000000 67
12.128000 12.288000 62
12.288000 13.824000 65
13.920000 14.048000 71
14.144000 15.584000 74
15.584000 17.504000 72
17.568000 23.424000 67
24.192000 24.448000 60
24.448000 26.080000 62
26.080000 28.032000 60
28.192000 28.768000 55
29.408000 30.272000 67
30.432000 30.752000 67
30.752000 31.008000 66
31.008000 32.000000 62
32.096000 33.984000 62
34.784000 34.912000 65
34.912000 36.704000 69
36.704000 37.408000 64
37.504000 37.632000 63
37.632000 38.720000 65
38.848000 39.584000 62
40.096000 40.992000 61
41.088000 41.344000 60
41.472000 41.952000 57
42.144000 42.624000 55
42.816000 44.352000 55
44.384000 45.120000 55
45.216000 46.304000 55
48.096000 49.376000 62
49.504000 50.080000 62
50.144000 50.688000 58
50.848000 52.032000 60
52.032000 52.864000 56
53.440000 54.720000 67
54.816000 55.072000 66
55.072000 57.984000 63
58.752000 58.880000 65
58.880000 60.640000 69
60.640000 61.344000 66
61.472000 61.600000 63
61.600000 62.720000 65
62.848000 63.648000 62
64.096000 65.376000 60
65.472000 65.984000 57
66.144000 66.624000 55
66.784000 69.056000 55
69.152000 69.408000 55
69.984000 70.080000 62
76.960000 77.120000 65
77.120000 78.912000 69
78.912000 79.936000 67
79.936000 81.216000 62
81.248000 82.400000 65
82.496000 83.328000 65
83.328000 83.520000 65
83.520000 84.256000 60
84.352000 85.344000 60
85.760000 86.528000 60
86.624000 86.912000 62
86.912000 87.168000 67
87.168000 87.360000 66
87.360000 88.032000 62
88.224000 88.480000 62
88.480000 88.960000 58
89.056000 89.184000 55
89.280000 89.376000 55
90.240000 90.464000 56
90.464000 90.976000 58
91.072000 91.296000 59
91.296000 91.424000 58
91.424000 91.584000 57
91.584000 92.480000 56
92.672000 92.704000 55
92.960000 93.088000 67
93.216000 93.504000 68
93.536000 93.568000 69
93.632000 93.952000 69
94.112000 94.176000 68
94.432000 94.592000 69
95.104000 95.648000 68
95.904000 95.936000 67
96.000000 96.672000 67
107.360000 107.584000 58
107.712000 107.808000 58
112.256000 112.544000 61
112.544000 113.408000 62
113.408000 114.016000 62
114.016000 116.192000 60
116.704000 117.472000 67
117.568000 117.888000 67
117.888000 118.144000 66
118.240000 118.816000 60
118.944000 120.288000 62
121.152000 121.280000 65
121.280000 122.784000 69
122.784000 123.328000 65
123.360000 123.616000 63
123.616000 124.160000 65
124.160000 124.448000 63
124.576000 125.280000 62
125.632000 126.656000 60
126.816000 127.136000 56
127.328000 127.744000 55
127.872000 129.344000 55
129.504000 129.728000 55
129.824000 129.920000 55
132.224000 133.248000 62
133.376000 133.920000 62
133.920000 134.304000 59
134.464000 135.552000 60
135.552000 136.096000 56
136.640000 137.696000 67
137.824000 138.048000 65
138.048000 138.656000 62
138.816000 140.320000 62
141.056000 141.184000 65
141.184000 142.688000 69
142.688000 143.200000 64
143.296000 143.456000 63
143.456000 144.416000 65
144.576000 145.120000 62
145.472000 146.528000 60
146.528000 147.648000 58
147.744000 148.640000 55
149.120000 149.440000 74
149.536000 150.336000 74
150.432000 150.528000 74
152.064000 154.912000 69
155.072000 156.352000 62
156.512000 157.824000 65
158.272000 158.432000 62
158.432000 158.720000 65
158.912000 160.608000 60
161.056000 161.376000 60
161.408000 161.440000 60
161.600000 161.664000 60
161.824000 162.080000 66
162.080000 162.624000 67
162.624000 163.392000 62
163.456000 163.840000 62
164.064000 164.160000 58
164.320000 164.576000 55
164.736000 164.768000 55
164.928000 165.152000 55
165.408000 165.632000 55
165.664000 165.824000 58
166.144000 166.432000 60
166.528000 166.688000 59
167.296000 167.712000 54
167.744000 168.128000 55
168.192000 168.224000 55
169.056000 169.216000 54
169.792000 172.736000 69
172.736000 174.048000 63
174.176000 174.624000 65
174.752000 175.328000 65
175.328000 176.192000 63
176.224000 176.256000 65
176.256000 176.288000 62
176.512000 178.208000 60
178.624000 179.264000 60
179.424000 179.616000 62
179.744000 180.256000 67
180.256000 180.448000 62
180.576000 180.800000 60
181.152000 181.344000 62
181.440000 181.568000 58
181.952000 182.112000 55
183.136000 183.264000 55
183.392000 183.552000 58
183.712000 183.744000 58
183.840000 184.352000 60
184.512000 184.704000 55
184.864000 185.248000 53
185.344000 185.440000 55
185.664000 186.080000 67
186.400000 186.848000 67
187.488000 190.272000 69
190.848000 191.552000 62
191.936000 193.280000 65
193.440000 193.632000 65
193.792000 194.112000 65
194.208000 195.872000 60
196.320000 196.608000 58
196.896000 197.152000 60
197.152000 197.440000 63
197.440000 197.952000 67
197.952000 198.144000 62
198.272000 199.040000 62
199.456000 199.488000 57
199.712000 200.096000 55
200.768000 200.992000 56
200.992000 201.504000 59
201.568000 202.208000 60
202.720000 202.976000 53
203.360000 203.456000 55
203.552000 203.648000 55
203.744000 203.840000 55
205.184000 207.040000 69
207.136000 207.360000 65
207.360000 208.064000 67
208.064000 208.256000 65
208.352000 208.448000 62
208.544000 208.768000 62
208.992000 209.056000 61
209.600000 209.984000 65
210.240000 210.592000 65
