20.352000 20.864000 54
20.960000 21.120000 54
21.312000 22.176000 59
22.816000 23.648000 59
23.648000 24.224000 61
24.288000 24.512000 59
24.704000 25.216000 55
25.344000 25.792000 54
25.888000 26.048000 54
26.176000 26.688000 57
26.784000 27.392000 57
28.032000 28.320000 58
28.512000 28.992000 57
30.176000 30.304000 56
30.432000 30.624000 59
30.720000 30.912000 57
30.912000 31.008000 59
31.008000 31.520000 64
31.680000 32.416000 61
32.576000 32.896000 60
32.896000 33.344000 59
33.504000 33.824000 61
34.240000 34.432000 54
35.712000 36.128000 56
36.256000 36.768000 57
36.896000 37.056000 57
37.184000 37.440000 57
38.112000 39.008000 60
39.936000 40.672000 54
40.864000 41.280000 58
41.440000 41.824000 57
42.400000 43.328000 59
43.680000 44.288000 60
45.120000 45.568000 54
45.696000 45.920000 56
46.048000 46.208000 57
46.336000 46.976000 57
47.616000 47.808000 59
47.968000 49.088000 59
49.760000 49.856000 56
50.048000 50.272000 59
50.272000 50.496000 57
50.624000 51.392000 64
51.392000 52.064000 61
52.224000 52.384000 61
52.512000 53.408000 59
53.728000 54.304000 60
55.232000 55.456000 57
55.616000 56.320000 57
56.480000 56.672000 57
56.800000 57.152000 57
57.344000 57.440000 56
57.664000 58.176000 61
58.304000 58.720000 59
59.872000 60.320000 58
60.512000 61.536000 58
63.104000 63.264000 68
64.736000 64.960000 59
64.960000 65.216000 58
65.344000 65.568000 57
65.568000 66.464000 61
66.912000 67.200000 59
67.200000 67.872000 61
68.096000 68.320000 57
68.416000 69.024000 60
69.344000 70.112000 54
70.272000 70.752000 59
70.848000 71.360000 61
71.776000 72.256000 59
72.384000 72.640000 60
72.640000 72.896000 64
73.024000 73.184000 62
73.184000 73.568000 64
73.568000 73.792000 60
73.920000 74.144000 59
74.528000 74.976000 57
75.136000 75.424000 57
75.424000 76.192000 61
76.672000 76.864000 57
76.960000 77.600000 61
77.888000 78.048000 56
78.176000 78.368000 59
78.496000 79.168000 61
80.032000 80.800000 64
80.960000 81.344000 64
81.568000 82.016000 62
82.176000 83.040000 64
83.648000 83.904000 68
84.000000 84.256000 68
84.256000 84.544000 65
84.640000 85.152000 59
85.248000 85.536000 61
85.856000 86.048000 61
86.176000 86.720000 61
87.008000 87.232000 60
87.360000 87.648000 59
87.648000 87.872000 62
87.968000 88.192000 64
88.288000 88.544000 61
88.544000 88.768000 64
88.896000 89.536000 69
89.536000 89.760000 64
89.856000 89.984000 58
89.984000 90.112000 59
90.112000 90.464000 65
90.464000 90.688000 66
91.040000 91.136000 60
91.328000 91.552000 61
91.904000 92.224000 61
92.224000 92.608000 60
92.768000 93.440000 63
93.536000 93.824000 61
94.048000 94.848000 63
95.072000 96.256000 64
96.544000 96.608000 59
96.608000 97.600000 64
97.792000 98.272000 56
98.400000 98.816000 57
99.232000 99.456000 61
99.584000 100.992000 62
101.152000 101.344000 62
101.440000 101.632000 62
101.760000 101.952000 69
102.048000 102.592000 68
102.592000 102.944000 66
103.264000 103.520000 68
103.616000 103.840000 68
103.840000 104.160000 67
104.160000 104.768000 60
104.864000 105.120000 61
105.472000 105.664000 61
105.792000 106.304000 61
106.624000 106.848000 60
107.008000 107.264000 59
107.264000 107.808000 64
107.904000 108.160000 61
108.160000 108.352000 64
108.480000 108.992000 69
109.120000 109.344000 64
109.440000 109.984000 61
110.336000 110.432000 60
110.656000 111.232000 61
111.552000 111.680000 60
111.840000 112.224000 59
112.352000 112.672000 61
112.768000 113.600000 64
113.696000 114.496000 64
114.624000 115.744000 64
116.128000 116.192000 60
116.192000 116.992000 64
117.088000 117.568000 57
117.664000 118.560000 57
118.912000 119.680000 62
119.808000 120.064000 61
120.160000 120.544000 57
120.544000 121.952000 56
122.912000 125.024000 61
132.864000 133.184000 53
133.280000 133.504000 54
133.600000 133.728000 53
133.952000 134.880000 58
135.456000 136.288000 59
136.288000 137.280000 61
137.920000 138.400000 54
138.496000 138.656000 53
138.816000 140.064000 58
140.576000 140.832000 59
140.960000 142.112000 59
142.720000 142.944000 57
143.072000 143.296000 59
143.392000 143.680000 61
143.680000 144.160000 64
144.288000 144.992000 62
145.216000 145.472000 61
145.472000 145.984000 59
146.112000 146.592000 61
146.784000 147.520000 73
148.928000 149.408000 57
149.504000 149.696000 57
149.824000 150.112000 57
150.464000 150.592000 55
150.784000 151.872000 61
152.832000 156.896000 60
156.896000 157.952000 64
157.952000 158.272000 58
158.368000 158.688000 57
158.688000 159.584000 61
159.968000 160.224000 57
160.224000 160.960000 61
161.152000 161.440000 57
161.440000 162.080000 61
162.368000 163.168000 54
163.264000 163.520000 57
163.616000 163.808000 59
163.904000 164.384000 61
164.864000 165.056000 57
165.152000 165.312000 59
165.472000 165.664000 58
165.664000 165.952000 64
166.080000 166.240000 62
166.240000 166.592000 64
166.592000 166.848000 62
167.008000 167.200000 59
167.648000 168.096000 57
168.192000 168.480000 57
168.480000 169.248000 61
169.728000 169.920000 57
170.016000 170.784000 61
170.880000 171.136000 57
171.264000 171.456000 59
171.584000 172.352000 61
173.056000 173.856000 64
174.016000 174.464000 64
174.624000 175.008000 61
175.232000 176.128000 66
176.704000 176.960000 69
177.056000 177.376000 68
177.376000 177.632000 64
177.728000 178.624000 61
178.720000 179.808000 61
180.128000 180.320000 60
180.448000 180.928000 61
181.056000 181.248000 64
181.376000 181.664000 62
181.664000 181.856000 64
181.984000 182.496000 69
182.496000 182.816000 67
182.944000 183.456000 61
183.776000 184.032000 61
184.128000 184.224000 60
184.416000 184.672000 61
184.960000 185.088000 59
185.088000 186.304000 62
186.304000 186.496000 63
186.592000 186.848000 62
187.168000 187.936000 64
188.096000 188.576000 64
188.672000 188.832000 64
188.960000 189.344000 65
189.344000 189.504000 63
189.504000 190.400000 63
190.400000 190.688000 64
190.880000 191.360000 56
191.488000 191.968000 57
192.256000 192.544000 61
192.672000 194.048000 62
194.240000 194.688000 62
194.816000 195.008000 69
195.104000 195.584000 68
195.584000 196.064000 66
196.320000 196.576000 68
196.672000 196.928000 68
196.928000 197.248000 66
197.248000 198.176000 62
198.528000 198.720000 61
198.816000 199.424000 61
199.744000 199.904000 60
200.032000 200.512000 61
200.608000 200.672000 62
200.672000 200.832000 64
200.960000 201.248000 62
201.248000 201.440000 64
201.536000 202.080000 69
202.208000 202.400000 64
202.496000 203.040000 62
203.392000 203.488000 59
203.712000 204.256000 61
204.576000 204.736000 60
204.928000 205.312000 59
205.408000 205.728000 61
205.856000 207.488000 64
207.680000 208.896000 65
209.184000 209.280000 59
209.280000 209.600000 62
209.600000 210.112000 64
210.112000 210.688000 57
210.816000 211.616000 57
211.936000 212.736000 62
212.864000 213.120000 61
213.216000 213.632000 58
213.632000 214.336000 56
214.432000 214.912000 53
215.968000 216.544000 61
216.544000 216.768000 58
216.864000 221.088000 69
221.216000 221.312000 72
222.208000 222.304000 61
222.816000 223.008000 61
223.456000 223.744000 60
223.968000 224.256000 57
224.384000 224.544000 57
224.864000 226.816000 68
226.816000 230.144000 69
230.816000 231.008000 61
231.392000 231.776000 61
231.840000 232.576000 66
232.736000 233.184000 73
233.280000 233.632000 71
233.792000 234.016000 72
235.520000 235.808000 69
235.904000 236.096000 68
236.096000 236.160000 67
236.160000 236.416000 65
236.416000 237.024000 62
237.120000 237.376000 61
237.664000 237.920000 61
238.016000 238.560000 61
238.912000 239.104000 61
239.264000 239.488000 59
239.488000 240.064000 64
240.160000 240.448000 62
240.448000 240.640000 64
240.736000 241.312000 69
241.312000 241.568000 66
241.696000 242.368000 61
242.592000 243.008000 61
243.200000 243.456000 61
243.776000 244.480000 62
244.576000 245.248000 63
245.344000 245.536000 61
245.952000 246.720000 63
246.880000 247.360000 64
247.456000 248.096000 65
248.384000 248.448000 60
248.448000 249.440000 64
249.568000 250.080000 57
250.272000 250.880000 59
251.136000 251.328000 61
251.456000 252.864000 62
252.992000 253.248000 62
253.344000 253.504000 62
253.632000 254.432000 71
254.432000 254.816000 66
255.104000 255.360000 69
255.456000 255.648000 68
255.648000 255.968000 67
256.064000 256.608000 59
256.736000 257.024000 62
257.280000 257.472000 61
257.600000 257.888000 59
257.888000 258.144000 62
258.432000 258.656000 60
258.816000 259.296000 62
259.392000 259.616000 64
259.712000 260.192000 65
260.320000 260.864000 69
260.992000 261.216000 64
261.312000 261.600000 59
261.600000 261.824000 62
262.176000 262.272000 59
262.496000 262.976000 62
263.360000 263.520000 60
263.712000 264.064000 59
264.192000 264.512000 61
264.704000 264.992000 71
264.992000 265.984000 70
265.984000 267.680000 64
267.968000 268.320000 62
268.320000 268.576000 62
268.576000 268.928000 64
268.928000 269.440000 69
269.568000 270.400000 59
270.720000 271.520000 62
271.648000 271.904000 61
272.000000 272.352000 57
272.544000 276.160000 66
276.864000 277.056000 61
277.184000 277.504000 61
277.504000 278.560000 60
286.688000 286.848000 61
286.976000 287.328000 61
287.328000 288.288000 59
297.472000 297.984000 61
