0.832000 2.272000 62
2.400000 4.608000 60
4.992000 5.728000 65
5.728000 6.240000 61
7.680000 7.904000 60
8.160000 8.608000 57
10.496000 10.656000 55
10.784000 10.880000 55
11.168000 11.296000 55
11.520000 12.672000 55
12.768000 13.280000 60
13.664000 13.760000 60
14.592000 15.104000 60
15.200000 15.872000 65
16.768000 18.272000 62
18.400000 18.784000 60
18.784000 18.848000 62
18.848000 18.880000 64
18.880000 20.608000 69
20.608000 22.880000 66
23.904000 24.160000 64
24.288000 26.144000 67
26.272000 26.688000 74
26.688000 28.576000 72
28.672000 30.848000 70
31.648000 34.560000 70
34.688000 35.520000 62
36.192000 36.512000 69
36.672000 38.880000 68
39.392000 40.448000 66
40.544000 43.936000 61
44.352000 44.768000 57
44.896000 45.408000 58
48.960000 50.368000 57
50.496000 50.944000 60
50.944000 53.248000 67
53.248000 55.232000 62
55.936000 56.416000 62
56.544000 56.864000 61
56.864000 58.848000 69
58.976000 60.416000 72
60.960000 63.232000 74
64.032000 64.800000 74
64.928000 66.368000 72
66.368000 68.544000 71
69.280000 69.376000 71
70.176000 71.936000 68
71.936000 77.376000 66
77.952000 78.048000 68
78.240000 78.656000 70
80.416000 81.440000 72
81.536000 82.912000 74
82.912000 83.392000 73
83.392000 87.872000 73
88.736000 89.632000 70
89.760000 91.680000 71
91.776000 92.640000 72
92.800000 96.000000 72
96.832000 101.248000 68
101.440000 102.048000 62
103.520000 107.616000 65
108.224000 108.736000 60
108.736000 109.984000 64
110.112000 111.648000 63
111.808000 112.000000 68
112.096000 113.568000 62
114.592000 115.840000 58
116.000000 116.480000 61
116.480000 118.240000 65
118.368000 118.528000 64
118.752000 120.512000 63
121.536000 122.432000 62
122.528000 123.936000 66
124.032000 126.112000 72
126.656000 129.184000 75
129.824000 130.688000 75
130.688000 132.192000 73
132.192000 132.928000 70
133.056000 134.048000 70
134.144000 134.688000 67
136.096000 138.336000 68
138.336000 143.232000 65
145.216000 145.696000 63
145.696000 146.272000 64
146.272000 147.168000 72
148.000000 149.696000 72
149.856000 150.208000 67
150.208000 151.872000 70
151.872000 155.392000 67
156.480000 157.952000 62
158.048000 160.288000 60
160.704000 162.496000 65
