25.088000 25.152000 60
25.152000 25.312000 64
25.472000 27.072000 65
27.648000 28.256000 64
28.256000 29.024000 60
29.568000 29.728000 57
29.856000 30.048000 60
30.144000 31.456000 67
31.456000 32.320000 69
32.896000 34.272000 64
35.776000 35.904000 67
36.128000 37.856000 69
38.208000 38.720000 67
38.880000 39.648000 62
40.256000 40.288000 68
40.480000 40.832000 62
40.832000 41.024000 69
41.152000 41.984000 67
42.144000 42.688000 67
42.912000 43.456000 69
43.456000 44.352000 62
46.464000 46.528000 61
46.528000 47.008000 65
47.136000 48.544000 65
48.896000 49.280000 64
49.568000 49.920000 60
49.920000 50.432000 59
50.784000 51.104000 57
51.104000 51.360000 60
51.456000 51.520000 63
51.520000 51.936000 67
52.160000 52.768000 65
52.768000 53.984000 69
54.176000 55.424000 64
56.128000 56.224000 70
56.224000 56.320000 68
56.512000 57.056000 69
57.152000 57.408000 69
57.504000 58.368000 67
58.464000 58.592000 67
58.816000 59.328000 69
59.488000 60.416000 62
61.408000 62.976000 69
63.136000 63.360000 67
63.456000 63.680000 65
63.808000 64.128000 67
64.256000 64.672000 69
64.896000 65.120000 67
65.472000 65.920000 62
65.920000 66.112000 65
66.240000 66.944000 69
67.168000 67.552000 72
67.776000 69.792000 69
70.752000 71.040000 60
71.168000 71.232000 62
71.232000 71.488000 67
71.488000 72.032000 69
72.032000 72.704000 72
72.864000 73.120000 65
73.216000 74.432000 64
74.560000 75.424000 64
75.616000 75.904000 65
76.512000 77.056000 69
77.184000 77.312000 67
77.312000 77.632000 70
77.632000 78.144000 72
78.272000 78.720000 74
78.816000 80.128000 69
80.128000 80.448000 66
80.864000 80.960000 68
80.960000 81.056000 63
81.056000 81.536000 65
81.536000 82.720000 69
83.232000 83.424000 62
83.584000 85.088000 65
85.856000 86.528000 69
86.784000 87.072000 60
87.200000 87.264000 63
87.264000 87.424000 65
87.552000 88.224000 69
88.384000 88.736000 72
88.928000 91.840000 69
92.160000 92.352000 60
92.512000 92.608000 63
92.608000 93.088000 67
93.184000 93.536000 69
94.048000 95.712000 70
95.872000 96.224000 64
96.352000 96.736000 65
96.896000 97.248000 69
97.888000 98.496000 65
98.496000 98.848000 69
98.976000 99.392000 72
99.488000 99.680000 72
99.680000 100.128000 74
100.128000 101.856000 71
102.304000 103.040000 67
103.168000 103.488000 69
103.648000 104.032000 69
104.480000 104.544000 59
104.544000 107.392000 69
107.488000 107.744000 67
108.128000 108.384000 60
108.448000 108.512000 62
108.512000 108.672000 65
108.832000 109.312000 67
109.312000 109.728000 69
110.368000 110.752000 65
110.944000 113.376000 65
121.120000 122.016000 65
122.176000 123.040000 65
123.552000 124.032000 64
124.192000 124.608000 60
124.608000 125.120000 58
125.472000 125.664000 57
125.824000 126.176000 62
126.176000 126.336000 66
126.464000 126.720000 65
126.816000 127.072000 65
127.168000 127.488000 65
127.488000 128.320000 69
128.864000 129.408000 64
129.504000 130.272000 62
130.784000 130.912000 72
130.912000 130.976000 69
131.168000 131.744000 69
131.840000 132.064000 69
132.192000 133.280000 67
133.504000 133.984000 69
134.208000 135.264000 63
136.128000 136.192000 66
136.192000 136.384000 69
136.480000 137.664000 69
137.824000 138.048000 67
138.176000 138.400000 65
138.496000 138.816000 67
138.976000 139.360000 69
139.552000 139.808000 67
140.096000 140.384000 60
140.512000 140.576000 62
140.576000 140.736000 65
140.896000 141.568000 69
141.760000 142.112000 72
142.304000 144.672000 69
144.864000 145.024000 67
145.408000 145.696000 60
145.824000 145.888000 63
145.888000 146.144000 66
146.144000 146.624000 67
146.624000 147.360000 72
147.488000 147.744000 65
147.744000 150.112000 64
150.208000 150.656000 65
151.168000 151.680000 65
151.808000 151.872000 67
151.872000 152.192000 70
152.192000 152.736000 72
152.832000 152.992000 72
152.992000 153.408000 74
153.408000 154.080000 70
154.080000 155.104000 67
155.488000 155.552000 58
155.552000 155.584000 60
155.584000 156.608000 67
156.608000 157.312000 69
157.856000 158.048000 62
158.208000 159.968000 65
160.448000 161.248000 69
161.440000 161.728000 60
161.824000 162.048000 65
162.176000 162.848000 69
163.040000 163.360000 72
163.488000 165.088000 69
165.088000 166.464000 69
166.784000 167.040000 60
167.168000 167.232000 64
167.232000 167.712000 67
167.808000 168.192000 69
168.288000 168.512000 72
168.832000 169.056000 65
169.152000 170.400000 64
170.496000 170.880000 64
171.008000 171.424000 65
171.552000 172.064000 69
172.480000 172.544000 61
172.544000 173.248000 67
173.248000 173.504000 69
173.632000 174.368000 72
174.368000 174.784000 74
174.784000 176.160000 71
176.320000 176.480000 65
176.768000 176.992000 64
176.992000 177.728000 67
177.824000 177.952000 67
177.952000 178.144000 69
178.240000 178.752000 69
178.752000 181.184000 66
181.792000 182.080000 69
182.208000 182.464000 67
182.816000 183.232000 63
183.232000 183.392000 65
183.488000 183.936000 67
183.936000 184.512000 71
184.832000 185.376000 65
185.536000 190.336000 72
190.624000 190.848000 72
192.128000 192.384000 69
192.384000 192.864000 67
193.024000 193.984000 65
195.904000 196.032000 75
196.160000 196.320000 77
197.824000 197.952000 75
198.048000 199.616000 75
199.808000 199.904000 72
200.128000 200.224000 69
200.384000 200.608000 71
200.768000 202.368000 70
203.648000 204.096000 57
204.096000 204.576000 63
204.576000 204.736000 65
204.864000 205.568000 69
205.760000 206.112000 72
206.304000 208.544000 69
209.440000 209.728000 60
209.888000 209.952000 64
209.952000 210.112000 65
210.112000 210.912000 69
211.008000 211.360000 72
211.520000 213.024000 65
213.184000 214.080000 64
214.208000 214.624000 65
215.200000 215.712000 65
215.808000 215.872000 67
215.872000 216.256000 69
216.256000 216.960000 72
216.960000 217.472000 74
217.472000 219.136000 69
219.520000 219.584000 60
219.584000 220.608000 68
220.608000 221.440000 70
221.664000 221.856000 65
221.856000 222.048000 61
222.176000 224.128000 65
224.480000 224.832000 72
224.832000 225.120000 67
225.344000 225.664000 58
225.664000 225.824000 60
225.824000 226.368000 67
226.496000 226.848000 57
227.008000 227.328000 72
227.488000 229.120000 69
229.120000 230.528000 72
230.816000 231.136000 60
231.136000 231.264000 63
231.264000 231.744000 67
231.840000 232.192000 69
232.352000 232.672000 72
232.672000 233.056000 69
233.152000 234.304000 64
234.496000 235.424000 67
235.520000 236.160000 69
236.416000 236.544000 63
236.544000 237.088000 66
237.088000 237.184000 67
237.184000 237.984000 72
238.112000 238.688000 74
238.848000 239.392000 69
239.488000 240.096000 68
240.096000 240.576000 65
240.832000 241.312000 65
241.504000 242.144000 69
242.272000 243.104000 69
243.200000 243.296000 58
243.296000 245.408000 65
245.632000 246.656000 69
246.848000 247.104000 60
247.200000 247.264000 62
247.264000 247.456000 65
247.552000 248.032000 67
248.032000 248.416000 69
248.992000 249.504000 72
249.632000 251.776000 67
253.152000 253.760000 72
254.176000 257.024000 65
258.496000 259.072000 72
259.584000 262.848000 67
262.944000 263.040000 65
