4.832000 4.928000 66
5.248000 5.760000 67
5.888000 6.144000 68
6.144000 6.592000 67
6.592000 7.424000 64
7.520000 7.648000 63
15.328000 15.680000 63
15.744000 16.224000 67
16.320000 16.416000 68
16.416000 16.704000 70
16.704000 17.920000 68
17.920000 18.496000 63
18.688000 19.712000 65
19.808000 20.352000 67
20.352000 20.992000 70
21.088000 21.888000 68
22.080000 22.432000 67
22.432000 23.104000 65
23.328000 23.488000 65
23.488000 23.616000 63
23.616000 24.192000 67
24.192000 24.544000 63
24.768000 26.048000 70
26.144000 26.976000 68
27.072000 27.616000 63
27.616000 28.704000 66
28.704000 30.944000 72
31.136000 31.520000 67
31.520000 32.224000 65
32.352000 33.312000 67
33.312000 34.048000 63
34.784000 34.912000 62
35.840000 36.128000 65
37.056000 37.184000 62
37.280000 38.592000 60
39.392000 39.488000 63
40.096000 40.352000 65
41.472000 42.624000 68
42.624000 43.296000 63
43.680000 43.808000 62
43.808000 45.344000 65
46.112000 46.528000 60
46.624000 46.784000 62
47.008000 47.104000 62
47.264000 47.424000 64
47.424000 47.712000 65
47.712000 49.344000 68
49.440000 49.600000 67
49.600000 49.728000 68
49.728000 50.176000 70
50.176000 52.608000 68
52.608000 52.896000 70
52.896000 54.432000 69
54.528000 54.752000 63
54.912000 56.864000 67
57.024000 57.664000 70
57.664000 58.144000 67
58.304000 58.752000 67
58.752000 59.296000 64
59.552000 60.416000 67
60.416000 60.832000 63
60.992000 62.304000 70
62.400000 63.200000 68
63.296000 63.776000 63
63.904000 64.928000 66
64.928000 65.056000 67
65.056000 65.472000 71
65.472000 67.168000 70
67.328000 67.712000 67
67.712000 68.384000 65
68.576000 69.536000 67
69.536000 70.272000 63
70.560000 70.624000 63
70.624000 70.880000 66
70.944000 71.232000 67
71.488000 71.584000 65
71.936000 72.160000 61
72.320000 72.480000 61
73.280000 73.632000 62
73.760000 74.144000 62
74.304000 74.624000 63
74.912000 75.008000 63
75.168000 75.392000 63
75.520000 76.032000 63
76.288000 76.448000 61
76.544000 76.704000 62
76.704000 77.184000 61
77.376000 77.504000 57
77.696000 78.080000 63
78.080000 78.592000 61
78.912000 79.360000 60
79.520000 80.768000 60
81.056000 81.696000 55
82.144000 82.560000 68
82.560000 84.320000 70
84.320000 86.336000 68
89.024000 89.120000 60
89.120000 90.592000 65
91.264000 93.024000 63
93.568000 93.696000 61
93.696000 95.008000 65
95.776000 96.320000 68
97.184000 97.440000 69
100.416000 100.832000 60
101.760000 103.648000 69
103.840000 105.568000 72
105.632000 105.792000 67
105.792000 106.560000 67
106.560000 107.264000 70
107.456000 108.480000 67
108.480000 109.056000 66
109.248000 110.176000 65
110.400000 110.464000 65
110.464000 110.944000 67
110.944000 111.584000 70
111.680000 112.480000 69
112.640000 112.992000 68
112.992000 113.664000 65
113.824000 114.080000 65
114.176000 114.784000 67
114.784000 115.072000 63
115.328000 116.640000 70
116.736000 117.536000 68
117.632000 117.792000 63
117.888000 118.176000 63
118.304000 118.912000 65
119.008000 119.264000 65
119.264000 119.424000 68
119.424000 119.808000 71
119.808000 121.152000 70
121.280000 121.536000 67
121.728000 122.080000 67
122.080000 122.304000 65
122.432000 122.720000 63
122.944000 123.872000 67
123.872000 124.544000 63
126.176000 126.272000 63
129.088000 129.216000 63
129.312000 129.440000 63
130.624000 130.752000 65
133.440000 133.728000 63
134.304000 137.024000 68
137.696000 138.176000 68
138.912000 140.384000 67
140.512000 142.048000 68
142.368000 142.624000 60
143.328000 145.824000 68
145.920000 146.400000 63
146.400000 147.296000 59
147.840000 148.160000 67
148.448000 148.768000 60
150.176000 150.464000 67
150.656000 150.880000 67
151.296000 151.328000 67
151.360000 152.928000 71
153.024000 153.760000 68
153.760000 153.984000 64
154.560000 154.784000 66
154.880000 155.968000 67
156.032000 156.512000 68
156.640000 157.120000 71
157.120000 157.536000 68
157.888000 158.240000 69
158.240000 158.880000 67
159.232000 160.032000 68
160.032000 160.352000 65
160.352000 161.088000 68
161.184000 161.760000 71
161.760000 161.888000 68
161.984000 162.816000 69
162.816000 163.360000 65
163.584000 163.840000 66
163.968000 164.352000 66
164.512000 164.672000 56
164.672000 165.088000 60
165.184000 165.248000 67
165.248000 166.432000 71
166.528000 166.848000 68
166.976000 167.360000 69
167.360000 167.968000 66
168.192000 169.088000 68
169.248000 169.696000 64
169.952000 170.240000 68
170.400000 170.656000 71
170.656000 171.840000 69
171.840000 172.544000 67
172.704000 173.248000 66
173.312000 173.536000 66
173.728000 174.304000 67
175.040000 175.168000 71
175.168000 176.448000 70
176.448000 177.120000 64
177.280000 178.432000 68
178.688000 178.912000 65
179.200000 179.328000 64
179.456000 179.712000 59
179.936000 180.160000 56
180.384000 180.736000 56
181.088000 181.248000 64
181.408000 181.568000 64
182.080000 182.272000 65
182.336000 182.464000 65
182.656000 182.848000 69
182.848000 183.520000 72
183.520000 184.000000 69
184.224000 185.472000 69
185.568000 185.792000 64
185.856000 186.080000 64
186.304000 186.528000 66
186.624000 186.816000 68
186.912000 187.008000 67
187.008000 187.392000 66
187.520000 187.776000 64
