26.720000 26.912000 62
26.912000 27.264000 67
27.520000 27.936000 69
28.064000 28.320000 69
28.416000 28.800000 69
28.800000 28.928000 65
29.280000 30.016000 70
30.080000 30.528000 69
30.528000 31.200000 68
33.920000 34.400000 65
34.560000 35.040000 65
35.552000 35.616000 60
35.776000 36.896000 62
36.896000 37.472000 59
40.320000 41.664000 69
41.728000 41.760000 67
41.824000 42.080000 65
42.208000 42.976000 70
43.104000 43.328000 69
43.328000 43.936000 68
46.848000 47.552000 65
47.712000 48.000000 65
48.704000 49.824000 62
49.824000 50.432000 59
52.832000 53.024000 65
53.024000 53.600000 69
53.888000 54.528000 69
54.528000 54.976000 66
55.104000 55.872000 70
55.968000 56.320000 69
56.320000 57.312000 68
59.776000 60.288000 65
60.640000 60.896000 65
61.280000 61.888000 62
62.144000 62.336000 60
62.496000 62.752000 60
62.752000 63.328000 59
65.792000 65.952000 65
65.952000 66.272000 67
66.272000 66.592000 69
66.720000 67.008000 69
67.136000 67.488000 69
67.488000 67.616000 65
67.712000 67.840000 65
68.000000 69.312000 75
69.312000 70.208000 70
72.224000 72.256000 62
72.320000 72.928000 65
73.024000 73.440000 65
73.504000 73.920000 65
74.176000 74.528000 60
74.528000 74.688000 61
74.688000 75.136000 62
75.136000 76.032000 65
77.472000 77.568000 60
77.664000 77.728000 64
77.728000 77.984000 69
78.144000 78.336000 68
78.336000 78.432000 65
78.528000 78.976000 65
79.136000 79.744000 69
80.192000 80.672000 66
80.672000 82.656000 72
82.752000 83.424000 72
84.000000 84.224000 65
84.384000 84.448000 69
84.448000 84.992000 72
84.992000 85.824000 69
85.984000 86.944000 69
87.584000 87.968000 65
88.128000 88.256000 71
88.256000 88.576000 72
88.576000 89.152000 71
89.216000 89.344000 68
89.504000 89.632000 65
89.920000 90.496000 72
90.496000 92.160000 68
92.480000 93.632000 69
93.888000 94.464000 69
94.592000 95.104000 72
95.264000 96.256000 65
96.416000 97.248000 69
97.504000 97.536000 69
97.568000 98.240000 70
98.272000 98.560000 72
98.656000 98.784000 72
98.944000 100.128000 69
101.312000 102.496000 69
102.816000 103.008000 65
103.104000 104.352000 70
104.352000 104.832000 66
107.808000 108.896000 65
109.568000 110.016000 62
110.016000 110.944000 60
110.944000 111.456000 58
114.016000 114.112000 62
114.240000 115.392000 69
115.808000 115.936000 65
116.064000 117.280000 74
117.280000 117.536000 70
117.536000 118.176000 69
118.336000 118.496000 65
120.512000 120.704000 62
120.704000 121.120000 65
121.280000 121.856000 65
122.368000 122.944000 62
123.136000 124.224000 65
134.400000 134.496000 60
134.592000 134.656000 65
134.656000 134.912000 69
135.072000 135.232000 68
135.232000 135.360000 65
135.456000 135.904000 65
136.000000 136.640000 69
136.928000 137.056000 69
137.056000 137.504000 65
137.600000 139.552000 72
139.648000 140.256000 70
140.608000 140.736000 68
140.832000 140.864000 64
141.312000 141.440000 70
141.440000 141.824000 72
141.824000 142.592000 69
142.880000 143.840000 69
144.480000 144.896000 65
144.992000 145.120000 70
145.120000 145.440000 72
145.440000 146.112000 71
146.336000 146.496000 65
146.784000 147.360000 72
147.360000 147.648000 68
147.744000 149.056000 67
149.344000 151.328000 72
151.424000 151.872000 72
152.096000 152.800000 65
153.280000 154.144000 69
154.432000 155.040000 69
155.040000 155.680000 72
155.776000 157.920000 69
158.144000 158.816000 69
158.816000 159.392000 72
159.488000 160.160000 65
160.448000 160.672000 65
160.736000 160.864000 65
160.992000 161.504000 65
161.568000 161.920000 67
162.112000 162.304000 67
162.304000 162.528000 69
162.528000 162.880000 72
163.008000 163.136000 65
163.264000 163.392000 65
163.488000 164.448000 69
165.344000 166.688000 62
167.424000 168.512000 65
169.184000 170.048000 67
170.144000 170.464000 66
170.560000 170.816000 65
171.072000 172.544000 70
172.768000 172.864000 62
172.960000 174.272000 62
174.752000 175.744000 64
176.544000 177.536000 67
177.696000 177.792000 65
177.952000 178.368000 65
178.464000 178.976000 70
179.296000 179.584000 67
179.584000 180.000000 69
180.000000 180.160000 64
180.192000 181.024000 62
181.216000 181.536000 70
181.632000 181.920000 72
182.048000 182.976000 69
183.104000 184.032000 67
184.224000 184.832000 69
185.152000 185.664000 65
185.824000 186.176000 70
186.464000 188.288000 69
188.608000 188.704000 63
188.832000 190.656000 68
191.840000 191.904000 66
191.904000 192.128000 69
192.288000 192.448000 68
192.448000 192.576000 65
192.672000 193.120000 65
193.216000 193.856000 69
194.368000 194.816000 65
194.816000 197.376000 72
198.080000 198.304000 65
198.496000 199.104000 72
199.104000 199.360000 67
199.456000 199.840000 69
200.128000 201.088000 70
201.760000 202.208000 65
202.208000 203.200000 72
203.616000 203.744000 65
203.840000 204.096000 66
204.096000 204.416000 72
204.608000 204.864000 67
204.992000 205.760000 68
205.920000 206.272000 67
206.336000 206.400000 67
206.560000 206.944000 69
207.008000 207.808000 69
207.808000 207.968000 74
207.968000 208.800000 69
209.056000 209.504000 65
209.600000 211.552000 72
211.648000 212.192000 69
212.544000 212.608000 62
212.928000 213.120000 65
213.312000 213.856000 72
213.856000 214.624000 69
214.880000 215.808000 69
216.000000 216.096000 66
216.672000 216.992000 68
216.992000 217.312000 72
217.408000 218.240000 72
218.240000 218.432000 72
218.592000 218.816000 69
218.816000 219.232000 72
219.232000 219.648000 69
219.744000 221.088000 67
221.568000 224.032000 72
224.032000 224.608000 67
225.312000 226.304000 69
226.400000 227.008000 72
227.008000 227.136000 68
227.456000 228.000000 69
228.192000 228.256000 66
228.256000 230.016000 69
230.112000 231.232000 72
231.232000 231.872000 68
231.872000 232.256000 65
232.448000 233.920000 67
234.208000 234.304000 67
234.304000 234.560000 69
234.560000 234.880000 72
235.296000 235.520000 64
235.552000 236.416000 69
236.416000 236.544000 71
