12.512000 12.992000 57
13.440000 15.040000 57
15.296000 15.456000 57
39.712000 40.704000 67
40.704000 41.664000 66
43.904000 44.448000 65
44.608000 45.152000 67
45.376000 45.792000 63
45.792000 46.208000 62
47.328000 47.488000 58
47.840000 48.608000 67
48.608000 49.984000 66
51.488000 52.288000 65
52.448000 52.960000 67
53.216000 53.600000 63
53.600000 53.984000 62
55.392000 55.456000 70
55.840000 56.704000 68
56.704000 57.568000 64
57.568000 57.856000 67
59.232000 59.296000 61
59.296000 59.616000 65
59.776000 60.128000 65
60.224000 60.512000 67
60.640000 60.800000 65
60.928000 61.376000 63
61.376000 61.856000 61
63.168000 63.296000 66
63.296000 63.552000 68
63.648000 64.448000 68
64.448000 65.216000 63
65.216000 65.568000 61
67.328000 67.456000 65
67.552000 67.904000 65
68.064000 68.608000 67
68.736000 69.120000 63
69.312000 69.568000 60
69.728000 70.304000 64
70.304000 70.528000 67
70.720000 70.976000 70
70.976000 72.512000 72
72.672000 73.152000 67
73.408000 74.144000 67
74.304000 74.400000 69
74.400000 75.200000 67
75.296000 75.424000 62
75.648000 76.128000 63
76.224000 76.480000 62
76.608000 77.152000 60
77.600000 78.144000 63
78.144000 78.368000 67
78.496000 78.752000 70
78.752000 80.000000 72
80.096000 80.928000 70
81.024000 81.344000 67
81.344000 82.016000 67
82.144000 82.240000 63
82.464000 83.008000 63
83.648000 84.064000 66
84.640000 84.992000 65
85.120000 85.824000 70
85.824000 85.952000 70
85.952000 86.464000 75
86.560000 88.128000 77
88.224000 88.352000 75
88.352000 88.576000 72
90.176000 90.400000 72
90.400000 91.456000 78
91.456000 91.968000 70
91.968000 92.448000 72
92.608000 93.792000 72
94.464000 94.656000 77
94.752000 94.848000 75
95.040000 95.648000 75
95.680000 95.840000 75
95.936000 96.512000 75
96.512000 97.408000 79
97.984000 98.048000 72
98.048000 98.144000 73
98.144000 99.264000 79
99.264000 99.328000 71
99.328000 100.096000 70
100.096000 100.192000 72
100.192000 100.480000 75
100.480000 101.248000 72
101.440000 102.176000 72
102.176000 102.688000 76
102.880000 103.072000 74
103.072000 103.296000 73
103.392000 103.616000 67
103.616000 104.224000 74
104.384000 104.800000 72
106.144000 106.688000 67
106.784000 106.912000 67
107.040000 107.200000 65
107.360000 108.000000 63
108.128000 108.416000 63
109.920000 110.816000 65
110.944000 111.584000 67
111.680000 112.128000 63
112.128000 112.512000 61
113.408000 113.504000 62
113.888000 114.112000 65
114.112000 114.976000 67
114.976000 115.936000 66
116.032000 116.544000 63
116.640000 116.832000 63
117.632000 117.792000 67
117.792000 118.016000 66
118.240000 118.592000 65
118.720000 119.040000 67
119.168000 119.296000 65
119.520000 120.000000 63
120.128000 120.320000 60
120.704000 120.960000 67
121.952000 122.560000 68
122.688000 122.944000 67
122.944000 124.224000 67
125.856000 126.432000 65
126.560000 126.848000 67
126.944000 127.104000 65
127.232000 127.744000 63
127.744000 128.096000 61
128.288000 128.992000 72
128.992000 129.248000 69
129.344000 130.656000 69
130.752000 131.712000 63
132.960000 133.216000 63
133.440000 134.240000 65
134.400000 134.624000 67
134.752000 134.880000 65
135.136000 135.488000 63
135.488000 135.904000 62
136.096000 136.576000 63
136.672000 136.864000 67
137.056000 137.152000 70
137.312000 137.472000 72
137.568000 137.792000 72
137.888000 138.176000 71
138.272000 138.368000 72
138.464000 138.720000 70
138.720000 138.880000 67
139.008000 139.712000 67
139.840000 140.480000 67
140.640000 140.800000 70
140.800000 141.600000 65
141.952000 142.432000 63
142.560000 142.784000 61
142.912000 143.424000 61
143.872000 144.416000 63
144.512000 144.704000 67
145.152000 145.248000 72
145.472000 145.600000 72
145.824000 145.888000 70
145.920000 146.080000 70
146.272000 146.816000 68
147.072000 147.104000 66
147.328000 147.456000 65
147.584000 147.840000 67
147.968000 148.288000 67
148.736000 149.472000 62
149.632000 149.984000 60
150.272000 150.656000 62
150.976000 151.328000 65
151.456000 152.192000 70
152.192000 152.288000 70
152.288000 152.864000 75
153.120000 153.152000 65
153.216000 153.632000 65
153.664000 154.624000 63
155.008000 155.200000 63
156.544000 156.672000 72
156.672000 157.408000 79
157.440000 157.792000 75
157.792000 158.240000 68
158.240000 160.128000 75
160.864000 160.992000 65
161.120000 161.248000 63
161.248000 161.440000 65
161.504000 162.592000 63
162.848000 164.096000 79
164.352000 164.608000 74
164.608000 165.632000 79
165.632000 166.560000 74
166.560000 168.416000 75
168.512000 169.056000 78
169.216000 169.408000 74
169.408000 169.632000 73
169.728000 169.952000 67
169.952000 170.368000 71
170.368000 170.592000 74
170.688000 171.264000 72
172.448000 172.544000 63
172.768000 172.928000 63
173.120000 173.280000 63
173.632000 174.016000 70
174.016000 174.240000 67
174.368000 174.464000 63
174.752000 174.880000 63
175.104000 175.232000 63
180.576000 180.704000 63
180.928000 181.056000 63
181.440000 181.824000 70
181.824000 182.048000 67
182.176000 182.304000 63
182.528000 182.688000 63
182.880000 183.040000 63
186.816000 187.296000 63
187.392000 187.648000 67
187.776000 188.032000 70
188.032000 188.896000 72
188.992000 189.088000 71
189.184000 189.440000 70
189.440000 189.600000 67
189.728000 190.464000 68
190.560000 190.880000 67
190.976000 191.200000 67
191.328000 191.520000 70
191.520000 191.552000 64
191.616000 192.160000 62
192.224000 192.256000 62
192.672000 193.120000 63
193.280000 193.536000 61
193.632000 194.240000 60
194.624000 195.296000 67
195.552000 196.800000 72
196.960000 197.056000 70
197.152000 197.728000 69
198.048000 198.400000 67
198.528000 199.040000 67
199.136000 199.232000 66
199.456000 200.064000 62
200.416000 201.248000 72
201.248000 201.408000 67
201.536000 202.048000 65
202.176000 202.400000 67
202.400000 202.560000 70
202.656000 202.880000 67
202.880000 203.136000 71
203.136000 203.520000 75
203.616000 204.960000 77
205.056000 205.984000 63
207.264000 208.544000 77
208.544000 208.992000 68
208.992000 210.816000 75
211.456000 211.584000 63
211.584000 211.712000 65
211.840000 213.376000 65
213.536000 213.632000 75
213.632000 213.856000 77
213.856000 214.432000 79
214.432000 214.816000 77
214.816000 215.712000 76
215.712000 216.128000 79
216.128000 216.352000 74
216.352000 216.960000 70
216.960000 219.296000 75
219.456000 220.960000 77
221.024000 221.600000 75
221.920000 222.016000 75
222.176000 222.624000 79
222.688000 222.848000 75
222.848000 223.072000 72
223.072000 224.096000 77
224.096000 224.160000 73
224.160000 225.056000 70
225.056000 225.600000 75
225.696000 226.048000 72
226.144000 226.528000 73
226.528000 228.320000 77
228.416000 228.512000 75
228.864000 229.248000 75
229.248000 230.464000 79
230.720000 230.976000 74
230.976000 231.968000 79
231.968000 232.416000 68
232.416000 232.800000 70
232.800000 234.112000 75
234.560000 234.688000 72
234.688000 235.392000 78
235.584000 235.776000 74
235.776000 235.904000 73
236.064000 236.320000 68
236.320000 236.704000 71
236.704000 236.928000 74
237.024000 237.536000 72
