29.408000 29.568000 56
30.080000 30.336000 56
38.624000 40.352000 62
40.576000 41.152000 61
42.688000 44.256000 62
44.608000 44.896000 56
47.136000 47.488000 65
47.488000 47.840000 66
47.840000 48.160000 63
48.256000 48.544000 62
48.672000 48.896000 64
49.056000 49.216000 62
50.208000 50.752000 61
50.848000 51.232000 56
52.224000 52.768000 64
52.960000 53.184000 64
53.184000 53.632000 63
54.656000 54.720000 57
54.720000 55.008000 62
55.200000 55.776000 62
55.936000 56.608000 61
56.704000 57.408000 61
59.168000 59.488000 62
59.808000 60.544000 62
60.704000 60.864000 56
60.864000 61.216000 55
63.104000 64.032000 66
64.032000 64.704000 62
65.376000 65.888000 66
66.176000 66.432000 56
67.712000 68.064000 64
68.352000 69.120000 57
70.752000 71.328000 58
71.456000 71.808000 58
72.384000 72.736000 57
74.688000 75.232000 60
75.424000 76.128000 69
77.152000 77.440000 62
77.440000 77.824000 64
77.984000 78.240000 61
78.688000 79.104000 57
79.200000 79.264000 66
79.264000 80.128000 69
80.128000 81.568000 69
81.664000 81.888000 66
81.984000 82.496000 69
82.656000 82.944000 59
83.040000 83.520000 57
83.712000 84.160000 57
84.256000 85.184000 66
85.184000 85.504000 63
85.664000 85.824000 62
85.952000 86.080000 61
86.272000 86.528000 61
86.976000 87.232000 58
87.232000 87.296000 61
87.296000 87.584000 69
87.712000 87.904000 69
88.032000 88.864000 69
90.656000 91.072000 57
91.072000 91.168000 61
91.168000 91.712000 69
91.936000 92.128000 69
92.128000 93.984000 67
93.984000 94.176000 69
94.720000 95.104000 57
95.200000 95.744000 69
95.904000 96.128000 69
96.128000 96.480000 67
96.576000 97.280000 69
97.280000 97.472000 64
97.600000 97.856000 66
97.952000 98.496000 69
98.656000 99.232000 73
99.936000 100.192000 69
100.192000 100.448000 73
100.672000 100.864000 69
100.992000 101.248000 69
101.248000 101.312000 68
101.312000 101.952000 67
103.552000 103.968000 61
104.128000 104.288000 62
104.800000 104.928000 62
105.344000 105.728000 61
120.224000 120.800000 64
122.176000 122.368000 57
122.752000 123.104000 62
123.296000 123.904000 62
124.736000 125.248000 61
126.752000 127.200000 62
127.392000 127.872000 62
128.192000 128.576000 62
128.960000 129.440000 54
131.200000 131.520000 64
131.712000 131.936000 66
132.160000 132.352000 61
132.448000 133.696000 64
134.016000 134.144000 56
134.240000 134.848000 61
134.848000 135.200000 57
136.160000 136.224000 58
136.224000 136.256000 60
136.256000 137.184000 64
137.184000 137.728000 62
138.720000 139.456000 62
140.192000 140.480000 61
140.576000 141.152000 61
143.296000 144.032000 62
144.352000 144.608000 61
144.800000 144.960000 56
144.960000 145.344000 55
147.136000 147.488000 65
147.488000 147.776000 66
147.776000 148.064000 64
148.160000 148.608000 62
149.472000 149.984000 66
149.984000 150.912000 61
151.200000 151.296000 56
151.296000 151.328000 57
151.328000 151.712000 64
151.808000 152.096000 64
152.288000 153.664000 57
154.784000 155.200000 57
155.200000 157.504000 69
159.200000 160.192000 69
160.288000 160.736000 61
161.184000 161.440000 61
161.440000 161.824000 64
161.952000 162.240000 61
162.816000 163.136000 57
163.232000 163.296000 67
163.296000 164.128000 69
164.128000 164.928000 67
164.928000 165.184000 69
165.184000 165.536000 64
165.632000 165.856000 66
165.856000 166.496000 69
166.624000 166.848000 71
166.848000 167.040000 69
167.680000 168.160000 58
168.160000 168.224000 60
168.224000 169.152000 66
169.152000 169.472000 62
169.568000 169.760000 62
169.856000 170.048000 61
170.176000 170.560000 61
170.976000 171.264000 58
171.264000 171.584000 69
171.680000 171.936000 69
172.064000 172.320000 69
172.480000 173.472000 69
174.944000 175.168000 59
175.168000 175.232000 65
175.232000 175.712000 69
175.936000 176.160000 69
176.160000 176.224000 68
176.224000 177.600000 66
177.600000 178.368000 69
178.816000 179.072000 58
179.232000 179.744000 69
179.936000 180.160000 69
180.160000 180.192000 67
180.192000 180.608000 65
180.608000 181.280000 69
181.280000 181.536000 64
181.632000 181.920000 67
181.920000 182.880000 71
182.880000 183.360000 73
183.936000 184.192000 69
184.192000 184.448000 73
184.640000 185.312000 69
185.312000 186.112000 68
187.168000 188.128000 62
188.256000 188.480000 61
188.640000 188.896000 61
188.896000 190.112000 59
190.784000 191.264000 59
191.264000 192.256000 69
192.384000 193.952000 69
194.848000 195.264000 62
195.264000 196.320000 69
196.320000 196.928000 64
197.216000 197.472000 62
197.472000 197.856000 64
198.016000 198.400000 61
198.784000 199.168000 58
199.264000 200.192000 69
200.192000 200.544000 64
200.640000 200.960000 66
200.960000 201.184000 69
201.184000 201.568000 65
201.568000 203.424000 71
203.744000 204.192000 59
204.192000 204.576000 66
204.576000 206.656000 64
206.944000 207.232000 57
207.232000 207.264000 60
207.264000 207.616000 69
207.712000 208.352000 69
208.480000 210.304000 69
210.752000 211.200000 58
211.200000 211.776000 69
212.000000 212.288000 70
212.288000 212.352000 68
212.352000 213.536000 65
213.536000 214.464000 69
214.656000 215.168000 57
215.168000 215.776000 69
215.936000 216.160000 69
216.160000 216.640000 66
216.640000 217.984000 69
217.984000 218.752000 71
218.912000 219.296000 73
219.936000 220.192000 69
220.192000 220.576000 73
220.672000 221.184000 69
221.184000 222.176000 67
223.232000 224.032000 62
224.192000 224.480000 61
224.704000 224.928000 61
224.928000 225.696000 59
229.728000 229.984000 64
230.208000 230.400000 66
230.560000 230.752000 61
232.224000 232.800000 73
236.832000 237.216000 64
