8.896000 9.184000 51
9.408000 10.112000 53
10.336000 10.656000 53
11.008000 11.904000 54
12.960000 13.152000 50
13.376000 13.728000 51
13.856000 14.112000 51
14.336000 16.160000 54
16.832000 17.152000 50
17.152000 17.760000 54
17.856000 18.208000 58
18.336000 18.528000 61
18.720000 19.200000 60
19.328000 19.456000 56
19.648000 19.936000 56
20.512000 20.832000 55
20.832000 21.472000 58
22.464000 22.656000 52
22.784000 23.520000 51
24.960000 25.632000 53
25.856000 26.624000 53
26.848000 27.840000 54
28.352000 28.608000 57
28.864000 29.248000 56
29.376000 30.080000 58
30.272000 30.528000 54
30.688000 31.104000 53
31.872000 32.256000 51
32.384000 33.088000 50
33.088000 33.568000 53
33.696000 33.824000 56
33.824000 34.208000 59
34.208000 34.592000 61
34.912000 35.360000 60
35.360000 35.648000 57
35.776000 36.032000 56
36.256000 36.480000 54
36.704000 37.248000 61
38.176000 38.528000 63
38.656000 40.224000 63
41.888000 42.208000 55
42.400000 42.656000 54
43.360000 43.680000 56
43.840000 44.192000 61
44.352000 46.048000 66
46.848000 47.008000 58
47.008000 47.904000 63
48.128000 49.088000 66
49.632000 49.728000 58
49.888000 50.432000 63
50.688000 51.488000 61
52.320000 52.576000 65
52.672000 53.248000 64
53.312000 53.600000 61
53.600000 53.952000 59
54.464000 55.168000 61
55.360000 55.616000 54
56.128000 57.152000 66
57.344000 58.560000 63
58.880000 59.104000 53
59.392000 59.712000 56
59.840000 60.032000 61
60.032000 60.352000 61
60.352000 60.736000 65
60.832000 61.216000 65
61.312000 62.432000 66
62.592000 63.648000 63
64.672000 65.120000 65
65.312000 66.112000 63
66.112000 66.496000 62
66.592000 67.776000 61
68.320000 69.792000 65
70.592000 71.200000 61
71.648000 71.904000 61
72.128000 73.952000 66
73.952000 74.144000 63
74.848000 75.040000 61
75.232000 76.480000 61
77.376000 77.856000 56
85.440000 85.856000 56
86.144000 86.304000 54
87.136000 87.296000 53
92.864000 93.600000 53
93.856000 94.656000 53
94.816000 95.040000 53
95.232000 96.064000 54
96.896000 97.248000 51
97.408000 98.144000 51
98.368000 98.688000 54
98.848000 100.256000 53
100.960000 101.248000 50
101.344000 101.696000 53
101.824000 101.920000 56
101.920000 102.464000 61
102.656000 103.168000 60
103.360000 104.032000 56
104.352000 104.736000 58
104.864000 105.472000 58
106.336000 107.712000 51
108.864000 109.536000 53
109.888000 111.008000 53
111.168000 111.904000 54
112.320000 113.152000 57
113.280000 113.504000 57
113.632000 114.144000 56
114.304000 115.328000 54
115.808000 115.968000 52
115.968000 117.152000 51
117.632000 117.792000 57
117.792000 119.008000 61
119.520000 119.840000 56
120.320000 120.544000 54
120.800000 122.496000 63
122.624000 123.360000 63
123.776000 123.904000 63
123.968000 124.160000 57
124.352000 124.736000 54
124.832000 125.344000 53
125.344000 125.728000 56
125.856000 125.984000 59
125.984000 126.336000 61
126.336000 128.352000 66
128.896000 129.024000 58
129.024000 129.344000 61
129.344000 129.984000 63
130.112000 131.168000 66
131.872000 132.352000 63
132.352000 132.512000 60
132.608000 133.856000 61
134.304000 134.560000 65
134.688000 135.232000 64
135.328000 135.520000 61
135.520000 135.936000 60
136.544000 137.088000 61
137.344000 137.536000 54
137.632000 137.920000 54
138.144000 139.648000 66
139.840000 140.544000 63
141.408000 141.792000 56
141.888000 141.984000 59
141.984000 142.400000 62
142.400000 144.480000 66
144.576000 145.856000 64
146.592000 149.152000 65
149.152000 150.304000 62
150.304000 151.840000 65
152.384000 152.448000 57
152.576000 153.216000 61
153.632000 153.792000 61
153.984000 155.072000 66
155.072000 155.808000 63
156.096000 156.352000 61
156.352000 156.864000 61
157.344000 157.568000 57
157.568000 158.240000 60
158.368000 159.552000 63
159.680000 160.000000 63
160.096000 160.896000 65
161.312000 162.144000 65
162.144000 162.240000 61
162.336000 163.168000 61
163.360000 164.896000 63
165.312000 165.376000 63
165.376000 166.112000 66
166.112000 166.624000 61
166.848000 167.936000 66
168.096000 168.448000 61
168.864000 169.024000 56
169.024000 169.984000 61
170.080000 171.136000 68
171.136000 171.904000 63
171.904000 172.448000 68
172.480000 173.184000 65
173.312000 173.504000 63
173.664000 174.368000 63
174.592000 174.752000 62
174.752000 176.288000 68
176.864000 176.992000 60
176.992000 177.088000 62
177.088000 177.888000 65
178.080000 179.264000 68
179.616000 179.744000 58
179.904000 180.352000 65
180.352000 180.512000 62
180.640000 181.952000 63
182.272000 182.560000 67
182.656000 183.392000 66
183.392000 183.904000 63
184.416000 185.120000 63
185.408000 185.952000 56
186.144000 186.496000 68
186.592000 186.656000 65
186.656000 187.232000 67
187.360000 187.616000 65
187.808000 188.160000 63
188.160000 188.512000 66
188.832000 189.088000 55
189.312000 189.792000 59
189.792000 190.528000 67
190.528000 190.688000 67
190.816000 192.448000 68
192.608000 193.888000 65
194.048000 194.528000 58
194.624000 195.104000 60
195.296000 195.968000 70
196.096000 196.480000 62
196.576000 196.640000 61
196.640000 196.896000 62
196.896000 198.144000 64
198.144000 199.168000 67
199.168000 199.840000 63
199.968000 200.160000 60
200.352000 200.448000 60
204.480000 205.312000 63
205.504000 206.112000 56
206.208000 208.704000 68
209.376000 209.568000 63
209.728000 212.000000 63
