27.872000 28.448000 62
28.800000 29.088000 68
38.720000 38.816000 68
39.008000 40.224000 68
40.352000 41.696000 68
41.824000 42.592000 68
42.688000 42.784000 68
43.840000 43.936000 66
59.040000 61.216000 62
61.312000 63.424000 59
63.744000 64.832000 54
64.928000 65.824000 54
66.112000 66.656000 55
66.656000 66.880000 59
66.944000 68.192000 58
68.384000 70.464000 62
70.720000 71.232000 59
71.328000 72.736000 61
72.992000 73.248000 54
73.344000 75.072000 56
75.424000 75.584000 51
75.680000 76.160000 51
76.288000 77.312000 50
77.696000 78.816000 54
78.944000 79.840000 56
80.000000 80.576000 56
80.672000 80.896000 54
80.960000 81.024000 52
81.024000 81.824000 52
82.432000 84.640000 55
84.736000 85.472000 58
85.632000 86.656000 56
87.072000 87.168000 51
87.328000 88.768000 54
89.056000 89.184000 52
89.184000 89.952000 56
89.952000 90.560000 52
90.560000 91.360000 50
91.680000 91.968000 50
91.968000 92.480000 55
92.576000 92.832000 56
92.896000 93.920000 59
94.048000 94.592000 61
94.592000 95.136000 65
95.136000 96.064000 62
96.384000 97.472000 62
97.472000 97.824000 56
97.824000 99.136000 62
99.232000 99.616000 63
99.616000 100.224000 59
100.608000 102.400000 58
102.432000 103.072000 59
103.104000 103.520000 57
103.680000 103.808000 54
103.904000 105.280000 56
105.696000 106.752000 62
106.752000 107.136000 57
107.136000 108.480000 62
108.576000 108.832000 63
108.928000 109.760000 60
109.952000 110.272000 59
110.272000 111.712000 66
111.712000 112.320000 61
112.416000 114.880000 64
118.080000 118.464000 57
131.296000 133.376000 61
133.536000 135.680000 60
135.968000 137.344000 54
137.440000 137.920000 56
137.920000 138.048000 59
138.272000 138.752000 54
138.880000 139.104000 59
139.104000 140.384000 58
140.608000 142.752000 62
142.976000 143.136000 58
143.392000 144.960000 61
145.216000 145.760000 55
145.856000 146.048000 55
146.144000 146.624000 54
146.720000 146.976000 56
146.976000 147.360000 54
147.392000 147.552000 51
147.680000 147.968000 52
148.224000 148.416000 55
148.416000 148.704000 54
148.704000 149.600000 51
149.952000 150.496000 54
150.560000 152.000000 55
152.256000 152.480000 56
152.576000 152.800000 55
152.800000 153.248000 54
153.248000 154.016000 52
154.624000 154.688000 50
154.688000 155.072000 54
155.168000 156.512000 55
156.608000 156.768000 54
156.768000 157.664000 59
157.792000 158.912000 56
159.296000 159.744000 54
159.872000 159.936000 51
159.936000 160.608000 54
160.704000 160.992000 54
161.280000 161.344000 52
161.344000 162.112000 56
162.112000 162.656000 52
162.752000 163.488000 49
163.904000 164.096000 49
164.096000 164.384000 54
164.480000 164.672000 54
164.768000 164.992000 56
165.088000 166.144000 59
166.208000 166.784000 62
166.784000 167.296000 64
167.296000 168.352000 62
168.576000 169.088000 62
169.184000 169.696000 62
169.696000 169.856000 56
170.016000 171.360000 62
171.360000 172.640000 63
172.896000 173.696000 57
173.856000 174.336000 58
174.432000 174.592000 57
174.784000 174.880000 57
175.264000 175.744000 57
175.936000 176.064000 55
176.160000 177.536000 57
177.920000 178.976000 61
178.976000 179.296000 57
179.296000 180.672000 62
180.800000 181.024000 62
181.120000 181.920000 61
182.240000 182.496000 58
182.496000 183.296000 65
183.296000 183.392000 61
183.392000 184.000000 66
184.000000 184.480000 62
184.608000 187.104000 64
211.552000 211.936000 61
212.512000 212.832000 59
212.832000 213.408000 61
213.408000 213.696000 56
213.696000 215.680000 64
215.776000 216.128000 61
216.128000 217.184000 58
217.440000 218.848000 54
218.944000 219.840000 56
219.840000 220.288000 56
220.416000 220.640000 57
220.736000 221.920000 56
222.208000 222.688000 62
222.688000 223.008000 56
223.008000 223.808000 62
223.904000 224.256000 64
224.256000 225.248000 63
225.344000 225.600000 59
225.696000 226.400000 56
226.752000 227.584000 54
227.680000 228.064000 57
228.064000 228.800000 57
228.800000 231.264000 62
231.456000 231.968000 62
232.064000 232.544000 62
232.544000 232.928000 57
232.928000 234.304000 62
234.432000 235.648000 64
235.808000 236.576000 58
236.736000 237.088000 58
237.376000 237.440000 58
237.440000 237.536000 60
237.632000 238.048000 58
238.112000 238.656000 58
238.816000 240.416000 57
240.768000 241.280000 62
241.440000 241.856000 62
241.856000 242.144000 58
242.240000 243.904000 64
244.032000 244.896000 62
245.152000 245.440000 58
245.440000 247.040000 66
247.200000 247.328000 60
247.456000 247.744000 65
247.872000 248.256000 62
248.416000 249.024000 62
249.184000 249.696000 50
250.176000 250.560000 62
250.688000 251.200000 62
251.200000 251.552000 58
251.552000 252.960000 62
253.088000 253.280000 64
253.280000 253.856000 60
253.984000 254.176000 60
254.432000 255.264000 58
255.360000 255.872000 58
255.968000 256.672000 59
256.832000 257.280000 58
257.440000 259.264000 58
259.424000 260.512000 62
260.512000 260.864000 58
260.864000 262.400000 63
262.432000 262.496000 63
262.688000 263.488000 60
263.584000 263.616000 57
263.648000 264.000000 58
264.000000 264.800000 65
264.896000 264.960000 63
264.960000 265.184000 67
265.280000 265.408000 64
265.536000 265.728000 62
265.728000 265.952000 60
266.144000 266.400000 65
266.464000 267.072000 62
267.200000 268.192000 62
268.768000 269.920000 62
270.208000 271.552000 62
271.648000 271.872000 64
271.872000 272.192000 62
272.256000 272.512000 60
272.672000 272.800000 60
273.088000 273.856000 59
273.984000 274.464000 59
274.560000 274.752000 59
274.912000 275.136000 58
275.424000 275.872000 58
276.480000 276.576000 57
276.704000 276.928000 57
278.112000 278.304000 62
278.784000 278.880000 62
279.488000 279.808000 62
280.064000 280.288000 62
280.704000 280.832000 62
