8.288000 8.512000 65
8.768000 8.992000 65
9.184000 10.976000 68
11.936000 13.216000 75
17.472000 17.536000 60
18.240000 18.464000 60
23.456000 23.872000 65
23.968000 24.288000 65
24.384000 24.480000 65
28.192000 28.480000 62
30.592000 31.040000 58
31.136000 31.712000 65
31.808000 32.416000 63
32.416000 32.736000 61
32.896000 33.792000 60
33.984000 35.360000 60
36.320000 36.672000 61
36.768000 37.728000 63
37.824000 38.144000 60
38.144000 38.432000 58
38.560000 39.392000 58
39.552000 40.768000 58
42.016000 42.528000 59
42.528000 43.456000 65
43.552000 44.160000 63
44.256000 44.704000 61
44.800000 45.728000 59
45.728000 46.880000 60
46.912000 47.072000 60
47.808000 48.768000 62
48.928000 49.120000 63
49.120000 50.208000 62
50.304000 50.912000 56
50.912000 52.288000 65
53.504000 55.456000 66
55.680000 57.152000 63
57.376000 58.048000 65
58.176000 58.720000 61
58.880000 59.104000 63
59.104000 59.232000 61
59.328000 60.704000 61
60.960000 63.808000 63
64.928000 65.888000 65
65.984000 66.336000 66
66.336000 66.912000 65
67.008000 67.264000 61
67.392000 67.712000 65
67.808000 68.544000 63
68.800000 69.024000 64
69.216000 69.408000 62
69.408000 71.200000 63
71.200000 72.640000 60
72.640000 74.112000 61
74.400000 74.624000 61
74.848000 74.976000 60
75.968000 77.312000 63
77.440000 78.624000 61
78.848000 80.064000 63
80.512000 80.992000 63
80.992000 83.360000 66
83.456000 85.216000 54
85.376000 85.728000 53
87.680000 87.968000 65
88.128000 89.344000 65
89.344000 89.728000 66
89.728000 89.888000 71
89.888000 91.680000 69
91.680000 92.736000 63
92.768000 92.864000 61
93.376000 94.400000 66
94.496000 95.552000 67
95.616000 95.968000 70
96.064000 96.864000 70
96.960000 98.528000 66
99.104000 100.480000 70
100.608000 101.664000 70
101.952000 102.848000 72
102.944000 104.544000 72
104.704000 107.648000 73
107.744000 108.672000 72
109.216000 109.632000 72
109.760000 115.648000 72
119.264000 119.424000 53
119.648000 120.416000 53
121.120000 122.048000 53
124.704000 125.120000 58
125.280000 126.944000 65
126.976000 127.360000 61
127.520000 128.000000 58
128.256000 129.408000 60
130.528000 130.848000 61
130.944000 131.904000 63
132.000000 132.288000 60
132.288000 132.704000 59
132.800000 133.664000 58
133.792000 134.848000 59
136.224000 136.704000 59
136.704000 137.600000 65
137.696000 138.816000 62
138.944000 139.424000 58
139.552000 140.480000 61
141.984000 142.912000 61
143.168000 143.360000 63
143.360000 144.352000 61
144.512000 145.056000 57
145.056000 145.120000 57
145.120000 146.208000 65
147.648000 149.696000 66
149.856000 151.360000 64
151.456000 152.224000 65
152.352000 152.896000 61
153.088000 154.848000 63
155.168000 157.760000 63
159.136000 161.120000 66
161.280000 161.472000 61
161.600000 161.856000 65
161.984000 162.816000 63
163.008000 163.232000 65
163.392000 163.616000 63
163.616000 165.344000 62
165.344000 167.072000 61
167.200000 168.832000 62
170.144000 171.520000 63
171.616000 172.800000 61
173.024000 174.176000 63
174.560000 181.088000 69
181.792000 182.144000 65
182.272000 183.488000 65
183.488000 183.904000 67
183.904000 184.384000 72
184.480000 184.640000 67
184.640000 185.440000 68
185.440000 186.880000 64
187.552000 188.544000 66
188.672000 189.056000 65
189.056000 189.760000 67
189.760000 191.072000 70
191.072000 192.640000 66
193.312000 194.656000 70
194.752000 197.024000 72
197.152000 197.536000 70
197.600000 198.656000 72
199.008000 203.008000 73
203.392000 203.808000 72
203.904000 208.992000 72
227.552000 227.840000 64
227.968000 229.152000 65
229.152000 229.568000 67
229.568000 230.048000 72
230.144000 231.072000 68
231.168000 232.576000 63
233.248000 234.272000 66
234.368000 235.040000 66
235.040000 235.584000 70
235.584000 235.808000 70
235.904000 236.768000 70
236.864000 238.272000 65
238.976000 240.320000 70
240.416000 241.504000 70
241.760000 243.104000 72
243.104000 247.488000 73
247.616000 248.416000 72
248.960000 249.344000 72
249.504000 252.448000 72
253.216000 253.504000 65
253.632000 255.104000 65
255.200000 255.296000 67
255.296000 255.424000 72
255.424000 255.744000 68
255.840000 256.768000 68
256.928000 258.240000 63
258.976000 259.936000 66
260.032000 261.024000 66
261.152000 262.784000 70
262.784000 263.968000 65
264.640000 265.952000 70
266.112000 267.392000 70
267.520000 268.384000 72
268.480000 268.864000 70
268.992000 270.144000 72
270.176000 274.208000 74
274.688000 275.136000 72
275.264000 279.200000 72
