10.368000 10.944000 64
11.296000 12.608000 61
12.992000 13.312000 64
13.440000 15.392000 62
15.744000 16.544000 64
16.640000 17.792000 60
18.368000 19.008000 58
19.360000 20.800000 69
21.056000 21.632000 69
21.728000 23.200000 72
23.616000 24.256000 64
24.352000 25.888000 65
26.400000 27.296000 63
27.296000 28.640000 60
29.088000 30.048000 59
30.048000 30.304000 62
30.400000 32.704000 62
32.960000 33.152000 64
33.376000 35.488000 65
35.680000 36.544000 62
36.704000 37.600000 62
37.696000 37.856000 63
37.856000 38.272000 62
38.368000 38.592000 60
38.688000 40.224000 60
40.352000 40.512000 60
40.512000 40.576000 61
40.576000 40.672000 62
40.672000 42.624000 65
42.624000 44.096000 62
44.384000 44.896000 57
45.024000 45.152000 59
45.344000 45.536000 60
45.760000 46.048000 63
46.048000 46.592000 69
46.688000 47.360000 67
47.360000 47.648000 65
47.648000 48.128000 63
48.128000 48.896000 69
48.992000 49.568000 67
49.568000 50.784000 66
51.136000 51.744000 67
52.000000 52.928000 64
53.056000 53.568000 60
53.568000 53.696000 62
53.696000 53.856000 66
53.856000 54.720000 67
54.720000 56.192000 65
56.704000 57.184000 69
57.376000 57.984000 67
57.984000 58.272000 66
58.432000 58.880000 62
59.072000 60.416000 67
60.416000 60.928000 62
61.120000 62.048000 64
62.048000 62.208000 60
62.400000 64.352000 60
64.672000 65.056000 60
65.248000 65.344000 60
65.824000 66.048000 65
67.328000 69.120000 67
70.016000 70.112000 67
71.360000 71.840000 60
72.416000 72.640000 60
72.640000 73.664000 62
73.664000 75.136000 64
75.232000 76.448000 61
77.024000 77.600000 64
77.728000 79.360000 62
79.712000 80.608000 63
80.608000 82.144000 61
82.336000 83.680000 57
83.872000 84.832000 57
85.056000 85.728000 70
85.728000 87.456000 72
87.680000 88.544000 65
88.544000 90.080000 62
90.368000 90.944000 64
91.040000 92.512000 60
92.992000 94.240000 62
94.240000 96.128000 62
96.928000 97.152000 64
97.344000 97.920000 64
98.048000 98.880000 64
99.040000 99.168000 65
99.168000 99.520000 64
99.648000 99.872000 62
100.032000 101.952000 64
101.952000 104.320000 60
104.384000 104.512000 60
104.512000 104.576000 61
104.576000 104.704000 63
104.704000 105.664000 65
105.664000 106.624000 65
106.624000 108.352000 63
108.352000 108.960000 58
109.056000 109.184000 59
109.408000 109.568000 60
109.760000 110.624000 69
110.720000 111.392000 67
111.392000 112.192000 65
112.384000 112.960000 69
113.024000 113.632000 67
113.664000 114.848000 64
115.168000 115.808000 67
115.968000 116.896000 64
117.056000 117.536000 60
117.536000 117.664000 63
117.664000 118.400000 67
118.400000 120.352000 64
120.704000 121.856000 69
122.016000 122.240000 64
122.400000 122.816000 62
123.040000 123.104000 65
123.104000 123.904000 67
123.904000 124.576000 65
124.704000 124.960000 62
125.120000 126.144000 64
126.144000 126.240000 60
126.528000 132.896000 62
133.120000 134.272000 74
134.336000 138.528000 72
139.424000 139.584000 71
139.584000 141.888000 72
141.888000 144.224000 74
144.320000 145.632000 74
145.760000 147.488000 71
150.304000 150.496000 64
150.688000 151.264000 64
151.360000 152.224000 64
152.352000 152.512000 65
152.512000 152.800000 64
153.024000 153.184000 62
153.376000 155.488000 63
155.680000 157.952000 63
157.952000 159.936000 65
159.936000 163.264000 63
164.352000 165.184000 59
165.376000 165.568000 60
166.240000 166.464000 61
167.360000 168.032000 69
168.032000 168.704000 68
168.704000 169.568000 66
169.728000 170.272000 69
170.400000 171.008000 67
171.008000 172.256000 65
172.544000 173.152000 67
173.312000 173.920000 64
174.016000 174.240000 62
174.432000 174.912000 60
175.040000 175.840000 67
175.840000 177.728000 62
178.048000 178.432000 69
178.528000 179.328000 68
179.328000 179.616000 64
179.776000 180.160000 62
180.352000 181.984000 68
182.304000 184.608000 65
184.992000 185.152000 64
185.312000 185.440000 65
185.664000 186.816000 67
186.816000 187.904000 61
188.064000 188.224000 59
188.416000 188.576000 60
188.704000 189.216000 69
189.376000 189.856000 67
189.856000 189.984000 71
189.984000 190.752000 65
191.040000 191.552000 69
191.680000 192.224000 72
192.224000 193.568000 65
193.888000 194.464000 67
194.656000 195.264000 64
195.360000 195.584000 62
195.712000 196.192000 60
196.192000 197.408000 67
197.440000 197.728000 64
197.728000 199.072000 62
199.328000 199.456000 67
199.456000 200.416000 69
200.640000 200.896000 64
201.056000 201.600000 63
201.664000 201.888000 67
201.888000 202.272000 68
202.272000 202.400000 72
202.400000 203.520000 64
203.808000 203.936000 62
203.936000 204.640000 64
204.640000 204.960000 62
205.184000 207.040000 61
207.392000 207.552000 65
207.552000 208.288000 67
208.288000 208.320000 64
208.320000 211.104000 62
211.104000 211.808000 62
212.736000 217.344000 62
218.016000 218.176000 65
218.176000 218.912000 67
218.912000 218.944000 65
218.944000 220.640000 62
220.640000 222.496000 62
223.328000 225.792000 71
225.792000 227.968000 72
228.736000 231.232000 62
231.232000 233.280000 64
233.760000 233.952000 72
233.952000 236.544000 70
236.544000 238.368000 72
238.368000 238.912000 71
239.392000 239.520000 58
239.520000 239.616000 59
239.616000 242.048000 62
242.048000 243.328000 62
243.808000 247.552000 62
247.648000 247.872000 60
