2.368000 2.528000 60
3.392000 3.936000 61
4.960000 5.408000 65
5.536000 5.728000 63
6.176000 6.240000 58
6.432000 6.528000 57
6.560000 6.784000 57
8.256000 8.416000 60
8.896000 8.992000 61
10.048000 10.240000 59
11.264000 11.360000 57
13.024000 14.560000 63
14.752000 15.552000 62
15.968000 16.576000 61
16.736000 17.120000 62
17.120000 17.664000 61
17.856000 18.400000 59
19.008000 19.232000 60
19.360000 19.872000 62
19.968000 20.928000 62
21.184000 22.048000 62
22.272000 22.496000 58
23.040000 23.936000 59
24.448000 24.768000 67
24.864000 25.024000 66
25.216000 25.504000 64
25.600000 25.856000 62
25.984000 26.272000 58
26.368000 26.496000 57
26.592000 26.976000 57
27.104000 27.360000 55
27.840000 28.928000 55
33.760000 34.336000 61
34.464000 34.688000 62
34.816000 35.328000 62
35.456000 36.160000 62
36.768000 36.992000 60
37.088000 37.344000 62
37.440000 37.920000 62
37.920000 39.200000 61
39.680000 41.312000 62
41.408000 41.600000 62
41.888000 42.176000 62
42.272000 43.232000 60
43.808000 44.704000 62
45.216000 45.472000 67
45.600000 45.824000 66
45.824000 46.528000 65
46.720000 46.976000 59
47.072000 48.096000 57
48.576000 50.016000 55
54.112000 54.208000 66
54.304000 54.400000 66
54.560000 55.584000 67
55.936000 56.448000 67
56.736000 56.832000 64
57.088000 57.312000 62
57.504000 57.760000 60
57.856000 58.016000 59
58.144000 59.232000 64
60.064000 60.224000 60
60.384000 61.056000 60
61.536000 61.600000 58
61.600000 61.696000 59
61.696000 62.080000 63
62.272000 62.560000 62
62.720000 63.008000 60
63.104000 63.264000 59
63.424000 63.648000 58
63.808000 65.184000 59
66.528000 66.976000 60
67.168000 67.872000 64
67.872000 69.344000 64
70.208000 70.432000 66
70.432000 70.560000 68
70.560000 71.008000 69
71.168000 71.776000 67
72.448000 72.768000 66
72.768000 73.952000 69
74.080000 74.240000 70
74.240000 74.880000 71
75.072000 78.848000 72
83.232000 83.744000 65
83.744000 84.384000 71
84.512000 84.960000 71
85.120000 85.568000 71
85.568000 86.144000 75
86.144000 86.592000 67
86.752000 86.880000 68
86.880000 87.744000 71
87.872000 88.832000 69
89.408000 89.472000 72
89.696000 90.336000 71
90.432000 90.496000 69
90.496000 91.520000 71
91.520000 92.064000 74
92.160000 92.512000 67
92.736000 92.800000 67
92.800000 93.536000 71
93.632000 94.720000 70
95.200000 95.616000 63
95.616000 96.384000 71
96.384000 97.440000 71
97.440000 98.048000 74
98.208000 98.720000 67
98.720000 99.040000 71
99.136000 101.024000 71
101.536000 101.664000 67
101.664000 102.048000 71
102.208000 102.400000 69
102.400000 102.560000 67
102.688000 103.168000 67
103.168000 103.328000 69
103.328000 103.648000 71
103.648000 105.184000 71
105.312000 105.472000 69
105.568000 106.976000 67
107.456000 107.520000 74
107.648000 107.904000 70
108.096000 108.448000 69
108.608000 109.120000 67
109.120000 109.440000 71
109.600000 109.856000 70
109.856000 110.240000 67
110.304000 110.336000 67
110.368000 110.592000 67
110.784000 111.072000 71
111.232000 111.520000 70
111.648000 113.440000 67
119.104000 119.296000 62
125.696000 126.176000 61
126.368000 126.528000 62
126.656000 127.168000 63
127.328000 128.064000 62
128.576000 129.216000 62
129.376000 129.504000 62
129.792000 131.008000 60
131.520000 134.080000 64
134.304000 134.976000 60
135.648000 136.640000 62
137.088000 137.344000 67
137.440000 137.728000 67
137.856000 138.112000 64
138.208000 138.400000 62
138.592000 138.816000 59
138.944000 139.904000 57
140.608000 141.824000 56
143.136000 143.264000 66
143.360000 144.352000 67
144.768000 145.056000 67
145.056000 145.248000 65
145.344000 145.376000 67
145.600000 145.696000 64
145.984000 146.208000 62
146.368000 146.880000 60
147.008000 148.352000 64
149.312000 149.888000 60
150.496000 150.688000 60
150.688000 150.976000 63
151.104000 151.456000 62
151.552000 151.808000 60
151.904000 152.096000 59
152.512000 153.344000 59
153.856000 154.016000 59
155.552000 155.712000 59
156.032000 156.544000 60
156.544000 157.792000 64
159.072000 159.232000 63
159.232000 159.296000 65
159.296000 159.904000 69
160.000000 160.672000 67
161.344000 162.336000 67
162.496000 162.720000 69
162.944000 163.008000 68
163.008000 163.776000 71
163.936000 167.904000 72
169.184000 169.504000 62
169.664000 170.272000 71
170.400000 170.624000 71
170.720000 171.520000 72
171.520000 172.032000 74
172.160000 172.416000 67
172.640000 172.800000 67
172.800000 173.088000 71
173.216000 173.664000 71
173.728000 174.752000 70
175.168000 175.456000 63
175.584000 176.512000 71
176.512000 177.440000 72
177.440000 177.952000 74
178.048000 178.432000 67
178.752000 178.944000 69
179.168000 179.456000 71
179.616000 180.640000 69
181.152000 181.440000 62
181.536000 182.304000 71
182.304000 182.752000 71
182.848000 183.104000 71
183.168000 183.360000 71
183.360000 183.872000 74
184.128000 184.608000 67
184.608000 184.960000 71
185.120000 186.912000 71
187.584000 187.808000 69
187.808000 187.968000 71
188.128000 188.320000 69
188.512000 189.088000 67
189.088000 189.472000 71
189.600000 190.080000 69
190.080000 190.688000 67
190.688000 191.072000 71
191.200000 191.360000 69
191.520000 192.864000 67
193.280000 193.504000 66
193.504000 193.856000 71
194.080000 194.272000 69
194.400000 194.656000 67
194.656000 195.040000 68
195.040000 195.488000 71
195.520000 196.544000 70
196.704000 196.960000 71
197.184000 197.536000 69
197.664000 199.968000 67
200.320000 200.448000 64
200.448000 201.376000 67
201.536000 201.888000 66
202.176000 202.752000 71
202.880000 204.256000 69
204.352000 205.152000 67
205.408000 205.728000 71
205.728000 205.856000 70
205.856000 206.496000 67
206.912000 207.168000 71
207.168000 207.360000 70
207.360000 207.744000 66
208.192000 208.608000 71
208.800000 211.712000 71
212.128000 212.256000 62
212.256000 212.544000 67
212.640000 213.280000 67
213.376000 213.664000 66
213.792000 214.592000 71
214.720000 215.008000 71
215.008000 215.232000 75
215.232000 215.936000 76
215.936000 216.160000 71
216.224000 216.800000 71
216.800000 217.056000 67
217.408000 218.400000 67
218.560000 219.968000 69
220.352000 220.672000 66
220.800000 220.992000 67
221.120000 221.216000 70
221.216000 222.784000 74
222.784000 225.920000 75
230.592000 230.880000 62
231.072000 231.136000 62
231.488000 231.872000 60
231.872000 232.640000 59
233.088000 233.248000 61
233.664000 233.952000 62
234.112000 234.496000 62
234.656000 234.976000 62
235.936000 236.320000 67
236.832000 237.056000 62
237.056000 237.920000 61
238.080000 238.208000 57
241.664000 242.016000 58
242.112000 242.240000 58
242.368000 242.464000 60
242.848000 243.360000 62
244.544000 244.640000 55
244.768000 244.896000 55
245.024000 245.600000 55
246.400000 246.688000 59
246.784000 246.880000 59
248.384000 248.896000 55
249.408000 249.600000 59
252.224000 252.640000 64
252.640000 253.248000 71
253.376000 253.536000 71
253.536000 254.464000 72
254.464000 255.008000 74
255.040000 255.456000 68
255.616000 255.776000 67
255.776000 256.608000 71
256.704000 257.632000 69
258.176000 258.464000 63
258.560000 259.168000 71
259.328000 260.320000 71
260.416000 260.896000 74
261.056000 261.312000 67
261.792000 262.432000 76
262.560000 262.688000 70
262.912000 263.744000 69
264.064000 264.352000 62
264.416000 264.480000 64
264.480000 265.344000 71
265.344000 266.304000 71
266.304000 266.816000 74
267.104000 267.616000 67
267.616000 267.936000 71
268.064000 269.888000 71
270.592000 270.912000 71
271.104000 271.264000 69
271.392000 271.488000 66
271.584000 272.064000 68
272.064000 272.416000 71
272.512000 272.608000 70
272.608000 272.768000 69
272.768000 273.632000 68
273.632000 274.016000 71
274.144000 275.904000 69
276.416000 276.480000 67
276.480000 276.736000 69
277.024000 277.216000 69
277.472000 278.016000 69
278.016000 278.304000 71
278.496000 279.200000 69
279.296000 279.488000 67
279.680000 279.968000 71
280.096000 280.448000 71
280.576000 282.624000 67
283.040000 283.808000 69
283.808000 284.672000 74
284.704000 284.736000 65
284.832000 285.664000 60
285.888000 285.952000 63
285.952000 286.368000 67
286.368000 287.232000 74
287.232000 287.744000 71
288.160000 288.352000 67
288.448000 288.704000 69
288.704000 288.896000 71
288.992000 289.568000 69
290.144000 290.368000 69
290.368000 290.592000 71
290.752000 290.976000 69
291.104000 291.488000 67
292.128000 292.352000 67
292.640000 293.280000 71
293.792000 297.536000 69
