15.552000 15.904000 57
15.904000 17.312000 62
17.312000 17.472000 58
18.016000 18.816000 57
19.840000 21.344000 55
21.440000 22.016000 54
22.144000 22.752000 55
22.848000 22.976000 57
22.976000 24.224000 56
26.496000 26.848000 54
27.072000 27.680000 62
27.776000 28.480000 61
28.480000 28.768000 57
29.184000 29.792000 57
29.888000 30.016000 58
30.816000 30.976000 53
30.976000 32.352000 56
32.736000 32.896000 54
32.992000 33.376000 58
33.376000 33.824000 64
34.016000 34.560000 64
34.752000 35.552000 61
36.544000 36.704000 59
36.832000 37.024000 61
37.152000 38.400000 62
39.328000 39.392000 58
39.616000 41.184000 62
41.280000 41.376000 61
42.112000 42.528000 61
42.720000 44.256000 64
44.608000 45.504000 61
45.856000 46.240000 62
46.240000 46.592000 62
46.592000 48.352000 66
48.352000 49.376000 63
50.560000 50.784000 59
50.784000 50.976000 61
51.104000 52.448000 62
53.312000 54.176000 61
54.272000 55.104000 62
55.680000 55.776000 56
56.000000 56.064000 60
56.064000 56.352000 63
56.352000 56.608000 64
56.704000 56.960000 66
57.056000 58.336000 64
58.720000 59.040000 67
59.040000 60.704000 65
61.568000 61.632000 54
61.632000 61.920000 58
61.920000 62.176000 62
62.272000 62.496000 62
62.624000 63.584000 64
64.384000 64.640000 67
64.640000 64.960000 65
64.992000 66.080000 63
66.208000 66.528000 59
67.264000 67.520000 60
67.520000 67.808000 62
68.192000 69.504000 67
69.632000 69.792000 68
69.792000 69.952000 70
69.952000 70.304000 66
70.304000 70.720000 63
70.720000 71.968000 66
72.288000 73.248000 66
73.440000 74.048000 64
74.592000 74.912000 65
74.944000 75.392000 63
75.392000 75.584000 67
75.584000 75.904000 66
75.904000 76.096000 63
76.224000 76.576000 59
76.576000 77.024000 64
77.248000 78.048000 62
78.048000 80.192000 56
81.088000 81.632000 67
81.632000 82.880000 63
83.040000 83.296000 54
83.552000 83.840000 54
83.968000 84.160000 54
84.320000 85.408000 54
85.632000 86.176000 54
86.368000 86.880000 54
87.072000 88.064000 54
88.448000 88.608000 54
88.768000 89.248000 54
89.472000 90.656000 54
91.008000 91.168000 53
91.456000 91.520000 51
91.552000 91.808000 52
91.872000 92.160000 53
92.192000 92.256000 52
92.448000 92.896000 52
93.056000 93.952000 52
94.112000 94.144000 50
94.176000 94.272000 50
94.304000 94.784000 50
94.912000 95.200000 50
95.328000 95.648000 50
95.776000 96.384000 56
96.672000 97.088000 50
97.216000 98.112000 50
98.208000 98.368000 50
98.592000 99.168000 56
99.648000 101.504000 54
101.600000 101.824000 53
101.920000 102.400000 50
104.896000 105.184000 56
105.184000 106.432000 62
106.592000 106.752000 57
107.328000 107.936000 57
109.088000 111.264000 55
111.488000 112.096000 55
112.192000 112.448000 57
112.448000 113.504000 56
115.840000 116.160000 54
116.384000 117.696000 62
117.696000 118.048000 60
118.464000 119.104000 57
119.232000 119.360000 58
120.064000 120.224000 52
120.224000 121.184000 57
121.248000 121.760000 54
122.048000 122.624000 56
122.624000 123.232000 64
123.360000 123.904000 64
124.032000 124.896000 61
125.920000 126.368000 61
126.432000 127.680000 62
128.544000 128.768000 58
128.928000 129.152000 61
129.216000 130.560000 62
131.392000 131.552000 58
131.552000 131.872000 61
132.064000 133.344000 64
133.792000 134.112000 59
134.112000 134.816000 61
135.200000 135.264000 59
135.264000 135.904000 62
135.904000 137.152000 66
137.248000 137.632000 65
137.632000 138.816000 63
139.872000 140.064000 60
140.064000 140.192000 61
140.512000 141.760000 62
142.528000 142.880000 59
143.040000 143.200000 56
143.200000 143.584000 61
143.680000 144.576000 62
145.344000 145.408000 60
145.408000 145.664000 63
145.664000 145.888000 64
145.984000 146.240000 66
146.368000 147.424000 64
148.000000 148.352000 67
148.352000 150.016000 65
150.816000 151.040000 56
151.040000 151.136000 57
151.232000 151.808000 62
151.904000 152.864000 64
153.632000 153.920000 67
153.920000 154.272000 65
154.368000 154.656000 63
154.752000 155.392000 62
155.520000 155.808000 59
156.576000 156.640000 58
156.640000 156.832000 61
156.832000 157.088000 62
157.504000 157.728000 64
157.792000 158.816000 67
158.912000 159.072000 67
159.072000 159.232000 70
159.232000 159.584000 66
159.584000 159.936000 62
159.936000 161.248000 66
161.632000 162.560000 66
162.752000 163.360000 64
163.744000 163.872000 65
163.872000 164.704000 64
164.704000 165.184000 68
165.184000 165.408000 63
165.536000 165.792000 59
165.888000 166.304000 64
166.560000 167.360000 62
167.360000 169.472000 57
170.432000 170.624000 67
170.784000 172.288000 64
172.512000 173.856000 59
174.656000 176.544000 59
177.504000 178.272000 59
178.368000 179.328000 59
189.568000 189.792000 57
189.984000 190.048000 60
190.048000 190.304000 63
190.304000 190.912000 66
191.008000 194.080000 64
195.488000 198.336000 67
198.368000 198.432000 62
198.592000 201.248000 64
201.280000 202.784000 64
202.880000 203.264000 59
203.392000 203.904000 66
204.160000 204.544000 62
204.928000 206.240000 67
206.336000 206.528000 68
206.528000 206.688000 70
206.688000 207.072000 66
207.072000 207.392000 62
207.392000 208.704000 66
209.120000 210.016000 66
210.176000 210.848000 64
211.264000 211.872000 64
211.872000 212.128000 63
212.128000 212.832000 67
212.992000 213.248000 59
213.344000 214.816000 64
214.816000 216.800000 57
216.864000 216.928000 57
216.928000 217.088000 60
217.216000 217.824000 67
217.920000 218.048000 67
218.176000 222.432000 64
222.528000 222.688000 62
223.136000 223.808000 64
223.936000 224.576000 74
224.576000 225.888000 70
225.888000 227.328000 64
227.488000 229.760000 64
230.336000 231.456000 66
236.736000 237.056000 63
237.792000 238.432000 62
243.136000 243.264000 67
