27.424000 27.520000 66
32.608000 32.768000 61
32.832000 33.184000 61
33.344000 33.664000 66
33.888000 34.016000 61
34.368000 34.464000 61
34.624000 35.136000 54
35.488000 35.680000 54
36.736000 37.152000 61
37.152000 37.376000 59
37.440000 37.856000 61
38.048000 38.272000 61
38.272000 38.560000 60
38.816000 39.232000 54
39.328000 39.616000 54
39.840000 40.128000 55
40.864000 41.536000 62
41.696000 42.144000 66
42.240000 42.784000 61
43.008000 43.104000 61
43.264000 43.488000 61
43.488000 43.616000 58
43.776000 44.032000 54
44.896000 45.120000 55
45.120000 45.472000 61
45.856000 46.080000 61
46.080000 46.176000 65
46.400000 46.720000 62
46.944000 46.976000 65
47.168000 47.552000 61
47.968000 48.224000 54
48.800000 48.960000 59
48.960000 49.120000 57
49.312000 49.568000 61
49.664000 50.880000 61
50.880000 51.072000 57
51.616000 51.808000 61
51.808000 51.936000 59
52.128000 52.384000 61
52.736000 52.864000 68
53.216000 53.312000 61
53.440000 53.792000 61
53.952000 54.048000 61
54.240000 54.592000 61
54.976000 55.232000 57
55.520000 55.904000 61
56.000000 56.192000 59
56.288000 56.512000 61
56.800000 57.056000 61
57.056000 57.344000 65
57.344000 57.952000 68
58.112000 59.264000 66
59.712000 60.352000 69
60.448000 61.664000 68
61.824000 62.208000 68
62.528000 62.944000 66
63.552000 63.936000 69
64.096000 64.448000 69
64.864000 66.368000 69
66.464000 67.136000 69
67.936000 68.192000 69
68.288000 69.440000 69
69.536000 69.728000 68
69.888000 70.240000 56
70.336000 70.464000 56
70.656000 70.880000 56
70.976000 71.264000 54
72.064000 72.192000 58
72.256000 72.576000 57
72.736000 73.408000 69
73.504000 73.760000 70
73.760000 73.920000 73
74.048000 74.176000 71
74.272000 74.624000 69
74.848000 75.040000 56
75.040000 75.296000 54
76.576000 76.608000 59
76.800000 80.160000 66
80.320000 80.704000 62
80.768000 81.600000 66
81.600000 81.952000 66
82.080000 82.240000 66
82.336000 82.464000 66
82.592000 83.360000 66
83.712000 84.320000 66
84.480000 84.576000 62
84.736000 84.864000 61
85.056000 85.152000 59
85.184000 85.504000 59
85.504000 85.760000 62
85.760000 86.720000 69
86.816000 87.168000 66
87.328000 87.584000 69
87.584000 88.000000 66
88.128000 88.768000 68
88.864000 92.640000 66
92.832000 94.048000 62
94.336000 94.560000 58
94.880000 95.072000 54
95.488000 95.584000 57
97.312000 97.920000 61
98.048000 98.560000 66
98.560000 98.752000 61
98.848000 98.944000 59
99.072000 99.392000 61
99.648000 99.840000 54
100.128000 100.352000 54
101.376000 101.792000 61
101.952000 102.240000 60
102.240000 102.528000 61
102.656000 103.040000 61
103.552000 104.000000 54
104.064000 104.288000 54
104.544000 104.832000 55
105.568000 106.240000 62
106.400000 106.528000 65
106.528000 106.912000 66
106.912000 107.040000 62
107.168000 107.296000 59
107.456000 107.712000 62
107.968000 108.192000 54
108.512000 108.736000 54
109.824000 110.368000 61
110.560000 110.816000 61
111.872000 112.128000 61
112.352000 112.896000 55
114.016000 114.176000 64
114.176000 114.304000 62
114.432000 114.752000 59
114.752000 115.520000 61
115.520000 115.808000 57
116.288000 116.512000 61
116.512000 116.640000 59
116.832000 117.056000 61
118.144000 118.496000 61
118.656000 118.784000 61
118.912000 119.296000 61
119.520000 119.552000 60
119.648000 119.904000 57
120.256000 120.608000 61
120.704000 120.864000 59
120.992000 121.216000 61
121.408000 121.536000 58
121.536000 121.696000 61
121.792000 121.952000 64
122.048000 122.496000 68
122.496000 122.624000 64
122.816000 123.232000 67
123.232000 123.680000 65
123.936000 123.968000 60
124.384000 125.056000 69
125.152000 125.792000 68
125.952000 126.400000 68
126.496000 126.944000 68
127.136000 127.200000 67
127.232000 127.648000 66
128.256000 128.608000 69
128.800000 129.120000 69
129.440000 131.104000 57
131.232000 131.808000 57
132.640000 132.864000 69
132.992000 133.120000 69
133.216000 133.408000 69
133.504000 134.144000 68
134.240000 134.464000 68
134.560000 134.752000 68
134.848000 134.944000 68
135.296000 135.520000 68
135.552000 135.968000 67
136.768000 136.864000 58
136.960000 137.280000 57
137.472000 138.112000 69
138.208000 138.464000 70
138.464000 138.624000 73
138.752000 138.848000 71
138.976000 139.296000 69
139.552000 142.240000 68
142.400000 142.688000 66
142.944000 143.072000 62
143.136000 143.584000 62
143.616000 143.872000 59
143.968000 144.192000 62
144.192000 144.416000 66
144.480000 144.544000 66
144.672000 144.832000 66
144.928000 145.088000 66
145.216000 146.144000 66
146.272000 146.848000 66
147.168000 147.328000 64
147.328000 147.488000 62
147.584000 148.352000 62
148.352000 149.344000 69
149.440000 149.792000 66
149.920000 150.144000 69
150.208000 150.592000 66
150.752000 151.328000 67
151.488000 155.232000 67
155.424000 156.384000 62
156.480000 156.672000 61
156.672000 157.184000 60
157.504000 157.696000 54
158.592000 158.752000 54
160.128000 160.352000 56
160.960000 161.120000 58
163.104000 163.200000 59
163.424000 163.680000 59
163.776000 164.128000 59
164.288000 164.992000 61
165.568000 165.728000 69
165.856000 166.016000 70
166.272000 166.560000 69
166.784000 166.848000 69
166.880000 167.040000 69
167.264000 167.360000 66
167.616000 167.840000 59
167.936000 168.320000 59
168.544000 168.896000 59
169.024000 169.248000 61
169.312000 169.440000 60
169.792000 170.336000 57
170.624000 170.816000 68
170.944000 171.104000 66
171.296000 171.904000 66
172.128000 172.576000 62
172.672000 172.800000 61
174.432000 174.976000 60
175.104000 175.264000 66
175.488000 175.968000 66
176.320000 176.672000 62
176.864000 176.928000 59
177.568000 180.320000 67
180.480000 180.864000 62
180.960000 181.440000 60
181.536000 181.664000 61
181.760000 181.952000 66
182.016000 183.520000 66
183.840000 184.800000 66
184.864000 185.056000 61
185.152000 185.280000 62
185.408000 185.600000 64
185.600000 185.824000 62
185.920000 186.880000 69
187.008000 188.192000 69
188.320000 188.960000 68
189.056000 189.952000 66
190.048000 192.864000 66
192.992000 193.696000 62
194.048000 194.240000 62
194.240000 197.728000 67
197.792000 197.856000 61
197.888000 198.112000 64
198.208000 198.368000 61
198.464000 198.848000 66
198.944000 200.224000 67
200.352000 201.344000 67
201.344000 201.984000 63
202.208000 202.304000 64
202.432000 204.896000 69
205.024000 205.536000 66
205.760000 209.088000 67
209.184000 209.440000 67
209.440000 209.696000 66
209.696000 210.336000 62
210.496000 210.656000 64
210.752000 210.880000 61
