25.856000 26.464000 54
26.624000 27.104000 54
27.392000 27.968000 54
29.216000 29.920000 56
30.080000 30.560000 57
30.784000 31.296000 58
31.392000 31.776000 57
32.896000 33.056000 56
33.056000 33.184000 56
33.184000 33.312000 57
33.312000 34.144000 60
34.144000 34.560000 56
34.880000 35.168000 55
35.968000 36.352000 55
36.448000 36.576000 55
36.800000 37.152000 54
40.384000 40.992000 54
41.152000 41.664000 55
41.920000 42.080000 55
42.304000 42.592000 55
43.712000 44.256000 56
44.256000 44.768000 57
44.864000 45.088000 57
45.248000 45.824000 59
45.952000 46.240000 57
47.488000 47.616000 56
47.712000 48.096000 60
48.224000 48.416000 59
48.416000 49.216000 58
49.408000 49.856000 60
50.080000 50.400000 59
50.528000 50.880000 57
50.976000 51.872000 56
55.232000 56.224000 59
56.352000 56.736000 58
56.832000 57.248000 59
57.248000 57.440000 64
57.568000 57.728000 64
57.728000 58.336000 62
58.880000 59.968000 57
60.128000 60.352000 56
60.480000 60.672000 57
60.672000 60.800000 58
60.800000 60.864000 60
60.864000 61.536000 66
61.664000 63.008000 62
63.648000 64.480000 62
64.896000 65.536000 59
66.048000 66.592000 60
66.592000 68.832000 64
72.288000 72.768000 67
72.992000 73.984000 64
74.752000 75.328000 59
75.424000 76.096000 69
76.256000 76.480000 66
76.608000 76.704000 66
76.704000 77.440000 65
78.368000 78.880000 58
79.040000 79.168000 63
79.168000 79.712000 65
79.712000 80.032000 63
80.288000 81.216000 62
81.824000 82.720000 59
83.008000 83.456000 57
84.096000 84.256000 62
84.256000 84.896000 66
84.896000 85.632000 62
86.176000 86.528000 56
86.848000 87.232000 67
87.232000 88.800000 64
89.248000 89.440000 64
89.632000 89.760000 65
89.760000 90.016000 66
90.016000 90.432000 67
90.432000 91.232000 71
91.456000 92.256000 62
92.896000 93.088000 64
93.248000 93.536000 63
93.536000 93.984000 62
94.112000 94.368000 59
94.560000 95.392000 61
95.488000 97.152000 67
98.048000 98.368000 59
98.592000 99.264000 60
99.392000 99.936000 57
100.832000 101.664000 59
101.984000 102.144000 55
102.336000 103.008000 55
116.928000 117.344000 54
117.824000 118.048000 55
118.624000 119.008000 55
119.968000 120.352000 55
120.512000 121.504000 57
121.632000 122.144000 59
122.272000 122.400000 57
122.400000 122.816000 56
123.680000 124.032000 56
124.160000 124.704000 60
124.704000 125.472000 58
125.888000 126.112000 55
127.168000 127.456000 55
127.712000 127.840000 55
127.840000 128.160000 54
131.136000 131.488000 53
131.488000 132.160000 55
132.416000 133.120000 56
133.120000 133.888000 57
134.720000 135.968000 57
136.224000 136.672000 59
136.896000 136.992000 57
136.992000 137.568000 56
138.272000 138.400000 55
138.400000 138.624000 56
138.624000 138.976000 60
139.104000 139.360000 59
139.360000 139.456000 58
139.456000 139.584000 57
139.584000 140.224000 57
140.224000 141.536000 62
141.536000 141.632000 55
141.984000 143.072000 55
145.728000 145.984000 59
146.112000 147.104000 59
147.264000 147.648000 58
147.776000 148.320000 63
148.448000 148.672000 64
148.672000 149.280000 60
149.760000 150.784000 57
151.008000 151.232000 56
151.360000 151.712000 57
151.808000 152.352000 66
152.352000 152.448000 62
152.576000 154.016000 62
154.528000 155.424000 62
155.744000 156.000000 57
156.000000 156.448000 59
156.928000 157.888000 61
157.984000 158.976000 67
158.976000 160.416000 65
160.672000 160.896000 62
161.760000 161.952000 65
162.112000 162.240000 66
163.200000 163.648000 67
163.648000 165.216000 64
165.632000 166.240000 60
166.336000 166.944000 69
167.136000 167.296000 66
167.520000 168.800000 65
169.280000 169.856000 57
169.952000 170.688000 65
170.688000 170.976000 61
171.200000 172.224000 62
172.704000 173.024000 60
173.024000 174.400000 59
174.528000 174.816000 55
175.008000 175.136000 62
175.136000 175.776000 66
175.776000 176.640000 62
177.664000 177.984000 67
177.984000 179.680000 64
180.224000 180.384000 64
180.544000 180.672000 65
180.672000 180.992000 67
180.992000 181.408000 67
181.408000 182.144000 71
182.144000 183.296000 63
183.808000 184.000000 64
184.160000 184.480000 64
184.480000 184.896000 62
185.024000 185.280000 59
185.504000 185.664000 62
185.664000 186.336000 61
186.336000 188.384000 67
188.896000 189.312000 60
189.504000 189.984000 60
189.984000 191.232000 67
191.776000 195.616000 71
196.000000 198.496000 72
198.688000 198.752000 65
199.072000 199.648000 71
199.648000 202.528000 69
203.264000 203.680000 67
203.840000 204.064000 68
204.064000 206.208000 74
206.208000 207.360000 70
225.024000 225.376000 67
225.824000 226.848000 64
228.672000 229.120000 67
229.504000 230.272000 61
230.272000 230.848000 62
232.288000 232.672000 66
233.024000 233.856000 60
234.560000 235.456000 59
235.744000 236.608000 57
236.800000 236.960000 62
236.960000 237.632000 66
237.632000 238.304000 62
238.368000 239.328000 67
239.520000 239.936000 70
240.096000 240.640000 70
240.640000 241.248000 67
241.856000 242.176000 64
242.432000 242.592000 66
242.720000 243.168000 67
243.168000 243.840000 71
243.840000 245.216000 63
245.664000 245.824000 64
245.952000 246.336000 64
246.336000 246.752000 62
246.880000 247.136000 59
247.360000 248.160000 62
248.160000 250.176000 67
250.688000 251.168000 59
251.328000 251.776000 62
251.776000 253.024000 67
253.600000 257.184000 71
258.240000 260.224000 72
260.960000 261.728000 71
262.304000 264.416000 67
