20.160000 20.224000 53
20.224000 20.544000 56
20.544000 20.928000 59
21.248000 21.760000 57
21.952000 22.368000 62
22.688000 23.168000 57
23.392000 23.808000 55
24.096000 24.352000 55
24.800000 24.864000 56
24.864000 25.536000 59
26.240000 26.592000 53
26.592000 27.584000 55
28.000000 28.608000 55
28.768000 29.248000 52
29.440000 29.952000 55
30.176000 31.040000 57
31.616000 31.744000 55
31.968000 32.320000 59
32.640000 32.928000 57
32.928000 33.248000 56
33.344000 33.760000 62
34.112000 34.592000 57
34.816000 35.360000 56
35.552000 35.776000 64
35.904000 36.096000 66
36.096000 36.896000 65
37.280000 37.376000 56
37.632000 37.696000 62
37.696000 37.984000 65
37.984000 38.176000 67
38.304000 38.496000 67
38.752000 38.944000 55
39.072000 39.200000 58
39.200000 39.392000 59
39.392000 39.648000 62
39.808000 40.352000 57
40.512000 41.824000 55
42.560000 43.168000 55
43.360000 43.744000 53
44.416000 45.184000 63
45.472000 45.984000 59
45.984000 46.592000 57
46.944000 47.200000 55
47.296000 47.552000 60
47.648000 48.096000 59
48.384000 48.672000 55
48.768000 49.568000 54
49.824000 50.144000 53
50.144000 50.208000 58
50.208000 50.848000 64
50.848000 52.672000 60
53.408000 54.592000 62
54.688000 57.728000 62
58.976000 59.616000 67
59.808000 60.032000 62
60.032000 60.416000 61
60.512000 60.576000 61
60.576000 61.344000 64
61.952000 62.176000 55
62.304000 62.848000 59
63.040000 63.232000 55
63.360000 64.224000 62
64.768000 64.832000 57
64.832000 65.088000 62
65.184000 65.280000 60
65.504000 65.760000 59
65.760000 66.080000 58
66.208000 67.168000 60
67.680000 67.936000 54
68.064000 68.256000 55
68.384000 68.608000 57
68.704000 69.120000 66
69.120000 69.856000 62
70.432000 71.008000 67
71.200000 71.456000 62
71.456000 71.968000 61
71.968000 72.640000 64
72.960000 73.184000 64
73.376000 73.984000 66
74.080000 74.336000 66
74.464000 74.784000 61
74.784000 75.424000 69
75.552000 76.128000 66
76.224000 76.384000 66
76.384000 76.672000 68
76.672000 76.832000 71
76.928000 77.184000 62
77.312000 78.240000 60
78.688000 79.360000 69
79.456000 79.808000 65
79.808000 80.096000 66
80.192000 83.616000 67
85.472000 85.536000 54
85.536000 85.760000 56
85.760000 86.112000 59
86.368000 86.880000 57
86.976000 87.360000 62
87.552000 87.808000 57
87.904000 88.480000 55
88.736000 88.992000 55
89.376000 89.984000 59
90.304000 90.432000 51
90.560000 90.880000 53
90.880000 91.392000 55
91.488000 91.712000 52
92.160000 92.640000 55
92.928000 93.216000 54
93.216000 93.472000 55
93.600000 94.432000 57
95.360000 95.456000 58
95.616000 95.776000 59
95.872000 96.256000 58
96.608000 96.896000 62
97.152000 97.376000 57
97.472000 98.048000 55
98.304000 98.560000 64
98.720000 98.880000 67
99.008000 99.552000 62
99.936000 100.160000 62
100.160000 100.384000 64
100.480000 100.704000 67
100.800000 100.960000 67
101.120000 101.280000 57
101.376000 101.600000 59
101.696000 101.920000 62
101.920000 102.400000 58
102.560000 103.808000 56
104.288000 104.864000 55
105.024000 105.216000 52
105.632000 105.728000 58
105.888000 106.528000 64
106.528000 107.296000 59
107.296000 107.776000 56
107.968000 108.224000 55
108.320000 108.896000 60
109.184000 109.408000 55
109.536000 109.664000 54
109.824000 110.080000 52
110.688000 110.784000 62
110.944000 111.232000 62
111.232000 111.552000 61
111.648000 111.872000 57
111.872000 112.864000 60
113.408000 117.280000 62
117.856000 118.016000 61
118.400000 118.592000 66
118.752000 118.944000 62
118.944000 119.072000 61
119.168000 119.360000 56
119.360000 120.064000 64
120.672000 120.864000 55
120.864000 121.344000 59
121.536000 121.632000 56
121.760000 122.080000 60
122.080000 122.336000 62
122.976000 123.040000 60
123.040000 123.232000 62
123.584000 123.840000 59
123.840000 124.128000 56
124.128000 124.832000 60
125.408000 125.536000 54
125.728000 125.952000 55
125.952000 126.144000 57
126.400000 126.528000 65
126.624000 127.136000 62
127.680000 128.224000 67
128.352000 128.544000 62
128.544000 128.672000 61
128.992000 129.568000 64
129.888000 130.048000 64
130.208000 131.008000 66
131.104000 131.296000 61
131.296000 131.872000 69
131.968000 132.736000 66
132.736000 133.216000 71
133.216000 133.440000 62
133.536000 134.304000 60
134.656000 135.200000 67
135.328000 135.456000 64
135.584000 138.464000 70
140.000000 140.384000 66
141.024000 141.184000 68
141.280000 141.568000 67
141.856000 142.464000 67
144.960000 145.216000 67
145.664000 145.760000 72
146.144000 146.400000 68
146.688000 146.848000 70
146.848000 147.232000 67
147.584000 147.968000 62
148.160000 148.928000 64
149.408000 149.600000 55
149.600000 150.144000 59
150.304000 150.496000 56
150.592000 150.880000 60
150.880000 151.328000 62
151.840000 152.256000 62
152.416000 152.608000 59
152.608000 152.864000 58
152.992000 153.696000 60
154.208000 154.400000 54
154.528000 154.688000 55
154.784000 154.944000 57
155.040000 155.104000 63
155.104000 155.328000 66
155.328000 156.000000 62
156.480000 157.024000 69
157.184000 157.376000 62
157.504000 157.664000 56
157.792000 158.176000 64
158.176000 158.368000 64
158.688000 158.848000 64
159.008000 159.232000 66
159.328000 159.456000 64
159.584000 159.776000 66
159.904000 160.000000 61
160.352000 161.280000 69
161.440000 161.760000 67
162.016000 162.208000 62
162.208000 162.496000 60
162.624000 163.200000 60
163.520000 164.000000 67
164.096000 166.016000 67
166.144000 166.592000 67
166.816000 167.040000 62
167.424000 167.712000 62
167.712000 168.096000 64
168.608000 168.864000 55
168.864000 169.248000 58
169.472000 169.696000 66
169.792000 170.496000 62
170.944000 171.168000 62
171.264000 171.360000 60
171.552000 171.776000 59
171.776000 172.064000 58
172.192000 172.832000 60
173.344000 173.536000 67
173.728000 173.856000 66
173.984000 174.176000 67
174.272000 174.560000 69
174.560000 175.328000 63
175.744000 176.224000 67
176.384000 176.576000 62
176.576000 177.024000 61
177.024000 177.632000 64
177.824000 178.048000 64
178.272000 179.008000 66
179.328000 180.928000 69
180.928000 181.184000 71
181.184000 181.408000 62
181.504000 181.920000 59
182.080000 182.304000 60
182.656000 183.200000 67
183.328000 183.744000 66
183.872000 186.048000 67
186.240000 186.560000 67
186.688000 187.328000 64
188.128000 188.224000 57
188.384000 188.704000 59
189.024000 189.696000 62
190.112000 190.432000 62
190.432000 190.976000 61
191.168000 191.264000 59
191.520000 192.096000 60
192.544000 192.704000 66
193.344000 193.728000 66
193.856000 194.432000 62
194.688000 195.488000 67
195.680000 195.712000 66
196.416000 196.704000 64
196.832000 197.504000 66
197.856000 198.048000 66
198.048000 198.496000 72
198.560000 198.592000 69
198.816000 200.352000 67
200.736000 201.472000 60
201.600000 204.960000 67
205.120000 205.376000 62
205.472000 205.600000 59
205.728000 206.336000 60
206.624000 207.136000 67
207.360000 211.648000 67
213.600000 213.792000 52
213.792000 214.272000 57
214.272000 214.528000 59
214.880000 215.360000 57
215.552000 216.000000 62
216.320000 216.800000 57
216.992000 217.408000 55
217.728000 217.984000 55
218.464000 218.784000 57
218.784000 219.136000 59
219.552000 219.776000 50
219.904000 220.160000 52
220.160000 220.448000 55
220.576000 220.864000 55
220.864000 221.216000 54
221.664000 221.856000 55
222.048000 222.336000 55
222.784000 222.976000 53
223.104000 223.616000 55
223.776000 224.512000 59
225.056000 225.216000 54
225.216000 225.440000 55
225.568000 226.016000 59
226.304000 226.848000 57
226.976000 227.040000 59
227.040000 227.392000 62
227.712000 227.904000 58
227.904000 228.288000 57
228.448000 228.864000 55
229.120000 229.952000 66
229.952000 230.528000 62
231.008000 231.232000 56
231.360000 231.424000 62
231.424000 231.712000 65
231.712000 231.904000 67
232.128000 232.384000 67
232.544000 232.864000 55
232.864000 233.216000 59
233.376000 233.696000 62
233.760000 234.272000 57
234.848000 236.032000 55
236.320000 236.480000 55
236.736000 238.432000 55
