19.232000 19.648000 61
19.648000 19.904000 59
19.936000 20.128000 60
31.392000 32.000000 65
32.000000 32.256000 61
32.352000 32.896000 58
33.024000 33.216000 56
33.216000 33.664000 58
33.664000 33.984000 61
34.144000 34.528000 65
34.624000 36.256000 61
38.720000 38.784000 58
38.784000 39.616000 61
39.616000 40.064000 58
40.160000 40.288000 52
40.416000 43.648000 56
45.984000 46.080000 56
46.080000 46.944000 64
47.072000 48.384000 63
48.480000 48.800000 59
48.800000 49.344000 58
49.440000 50.592000 51
51.712000 52.096000 58
52.256000 53.056000 56
53.152000 54.848000 55
55.744000 56.704000 54
56.800000 57.760000 53
57.760000 59.232000 50
60.960000 61.568000 65
61.568000 61.760000 61
61.856000 62.208000 58
62.304000 62.720000 56
62.720000 63.232000 59
63.232000 63.552000 61
63.712000 65.632000 65
68.288000 69.152000 61
69.248000 69.568000 58
69.728000 73.120000 56
75.680000 77.248000 64
77.344000 77.920000 61
77.920000 78.304000 59
78.432000 78.816000 58
78.944000 80.480000 52
81.280000 81.664000 58
81.760000 82.560000 56
82.656000 84.768000 55
85.280000 85.344000 59
85.344000 85.888000 62
85.888000 86.240000 59
86.368000 91.808000 63
92.352000 92.736000 58
92.832000 93.280000 61
93.280000 93.472000 59
93.792000 95.488000 68
96.000000 96.384000 58
96.480000 96.960000 61
96.960000 97.120000 58
97.440000 97.504000 66
97.504000 97.728000 67
97.728000 98.304000 68
98.304000 99.264000 70
99.552000 100.032000 58
100.128000 100.576000 61
100.576000 100.800000 60
101.120000 102.912000 68
103.200000 103.776000 59
103.872000 104.352000 61
104.352000 104.704000 59
104.800000 105.696000 64
105.696000 106.688000 61
106.976000 107.552000 58
107.552000 108.064000 61
108.288000 108.384000 60
108.480000 108.544000 69
108.544000 109.600000 70
109.696000 110.208000 63
110.336000 111.040000 70
111.040000 111.936000 65
112.064000 114.720000 62
115.296000 116.352000 61
116.352000 118.240000 58
118.912000 119.008000 56
119.104000 119.424000 54
119.584000 121.216000 56
121.856000 122.240000 58
122.336000 122.976000 61
123.296000 125.056000 68
125.568000 125.920000 58
126.016000 126.688000 61
126.976000 127.040000 67
127.040000 127.232000 67
127.232000 127.808000 68
127.808000 128.832000 70
129.280000 129.600000 58
129.696000 130.144000 61
130.144000 130.336000 59
130.688000 132.448000 68
132.736000 132.832000 59
132.960000 133.344000 58
133.344000 134.208000 61
134.336000 135.232000 64
135.232000 136.224000 62
136.512000 136.992000 58
137.120000 137.664000 61
138.016000 138.272000 69
138.272000 139.136000 70
139.232000 139.744000 63
139.872000 140.544000 70
140.544000 141.120000 65
141.248000 144.352000 63
144.832000 145.856000 61
145.856000 148.896000 58
151.776000 152.192000 59
152.320000 153.088000 58
153.088000 154.368000 56
154.624000 154.720000 53
155.424000 155.520000 54
158.112000 158.336000 58
159.136000 159.456000 59
160.608000 161.216000 65
161.216000 162.912000 61
162.912000 163.296000 61
163.296000 165.504000 65
167.968000 168.832000 61
168.832000 169.280000 58
169.376000 169.536000 52
169.632000 170.176000 51
170.304000 170.656000 54
170.752000 171.136000 56
171.232000 172.992000 55
175.392000 176.672000 64
176.768000 178.016000 61
178.144000 178.528000 58
178.656000 180.192000 51
180.768000 182.176000 58
182.304000 184.288000 55
185.088000 185.568000 62
185.568000 185.856000 60
186.016000 191.488000 63
192.000000 192.352000 58
192.480000 192.928000 61
192.928000 193.120000 59
193.408000 195.136000 68
195.712000 196.064000 58
196.160000 196.640000 61
196.640000 196.992000 59
197.120000 197.376000 67
197.376000 197.984000 68
197.984000 198.976000 70
199.232000 199.744000 58
199.840000 200.320000 61
200.320000 200.672000 59
200.800000 202.592000 68
202.880000 203.008000 59
203.008000 203.200000 57
203.200000 203.520000 59
203.520000 204.352000 61
204.480000 204.896000 64
204.896000 206.432000 63
206.624000 206.752000 59
206.752000 207.200000 58
207.200000 207.744000 61
208.096000 209.280000 70
209.280000 209.888000 63
209.984000 210.656000 70
210.656000 214.464000 67
214.976000 215.840000 61
215.840000 218.752000 59
218.912000 219.072000 54
219.264000 221.024000 56
221.184000 221.376000 54
221.536000 221.600000 56
221.600000 222.080000 61
222.080000 222.688000 61
222.944000 224.768000 68
225.248000 225.600000 58
225.696000 226.144000 61
226.144000 226.560000 60
226.656000 226.880000 66
226.880000 227.520000 69
227.520000 228.416000 70
228.864000 229.312000 58
229.408000 229.824000 61
229.824000 230.112000 59
230.368000 232.128000 68
232.608000 232.768000 57
232.768000 232.992000 58
232.992000 233.600000 61
233.600000 233.920000 58
234.048000 234.912000 64
234.912000 236.000000 62
236.000000 236.640000 58
236.800000 237.344000 61
237.664000 238.784000 70
238.880000 239.488000 64
239.488000 240.192000 70
240.192000 240.800000 66
240.928000 244.032000 65
244.608000 245.248000 61
245.344000 248.672000 58
250.720000 250.976000 63
251.488000 252.544000 71
252.544000 252.928000 68
252.928000 255.936000 67
255.936000 257.920000 64
258.496000 258.944000 58
258.944000 259.584000 61
259.936000 261.632000 68
262.176000 262.528000 58
262.656000 263.104000 61
263.104000 263.264000 59
263.616000 264.032000 68
264.032000 265.472000 70
265.984000 266.368000 58
266.368000 266.912000 61
267.264000 269.120000 68
269.504000 269.952000 69
269.952000 271.008000 68
271.008000 271.904000 64
272.000000 272.640000 61
273.056000 273.568000 59
273.696000 274.272000 61
274.624000 275.744000 70
275.840000 276.352000 63
276.448000 277.024000 70
277.024000 277.728000 68
277.856000 281.024000 63
281.408000 282.304000 62
282.304000 285.728000 58
288.448000 288.800000 59
288.896000 292.864000 58
