11.904000 12.000000 62
22.912000 23.264000 66
23.360000 23.584000 66
23.584000 24.320000 65
24.448000 25.248000 63
25.600000 26.080000 61
26.240000 26.976000 59
27.104000 27.456000 56
27.456000 27.616000 61
27.840000 28.000000 63
28.160000 28.416000 63
28.864000 29.984000 61
30.176000 30.528000 56
30.752000 30.816000 58
30.816000 31.200000 63
31.392000 31.648000 62
32.800000 33.216000 64
33.216000 33.312000 60
33.312000 33.440000 59
33.440000 34.112000 58
34.112000 34.368000 61
34.464000 34.592000 62
34.720000 35.328000 61
36.096000 36.864000 66
36.864000 38.752000 63
38.752000 40.096000 61
40.224000 40.608000 56
40.608000 40.768000 60
40.960000 41.536000 63
42.272000 43.168000 61
43.328000 43.648000 56
43.936000 44.192000 61
44.288000 44.480000 62
44.608000 44.896000 63
45.984000 46.752000 64
46.752000 47.008000 62
47.264000 47.328000 58
47.328000 48.704000 62
49.280000 49.664000 61
49.664000 51.264000 71
51.328000 51.904000 67
52.000000 52.096000 66
52.224000 53.664000 68
53.760000 54.368000 66
54.368000 54.816000 63
55.136000 55.392000 61
55.488000 55.552000 61
55.552000 55.904000 63
55.904000 56.480000 66
56.768000 56.864000 59
56.960000 57.056000 61
57.152000 57.408000 63
57.536000 58.144000 66
58.368000 58.528000 59
58.528000 59.040000 63
59.168000 59.456000 61
59.616000 59.904000 61
60.000000 60.192000 59
60.192000 60.640000 64
60.832000 61.248000 63
61.248000 61.504000 60
61.664000 61.952000 62
62.496000 62.912000 59
62.912000 64.384000 71
64.544000 66.848000 68
66.976000 67.616000 66
67.776000 67.904000 59
68.224000 68.320000 59
68.416000 68.864000 63
69.024000 69.504000 66
69.856000 70.048000 59
70.048000 70.560000 63
70.656000 70.784000 66
70.944000 71.360000 66
71.552000 71.744000 61
71.744000 72.960000 63
72.960000 73.600000 60
73.600000 74.304000 64
74.304000 74.720000 59
74.880000 75.104000 56
75.264000 75.872000 59
85.536000 86.880000 59
88.672000 89.408000 66
89.568000 90.112000 63
90.272000 91.232000 63
91.392000 91.968000 61
92.160000 92.800000 59
92.896000 93.344000 57
93.344000 95.136000 64
95.136000 95.840000 59
96.000000 96.256000 56
96.576000 96.640000 59
96.640000 97.088000 63
97.248000 97.888000 62
98.016000 98.688000 64
98.848000 99.136000 59
99.296000 99.552000 61
99.808000 100.128000 66
100.288000 100.704000 64
100.704000 101.152000 64
101.152000 101.440000 61
101.728000 102.304000 60
102.304000 103.776000 71
103.936000 104.512000 67
104.800000 106.336000 68
106.336000 106.432000 62
106.432000 106.976000 66
106.976000 107.392000 62
107.712000 107.872000 60
107.872000 108.224000 62
108.224000 108.672000 67
108.768000 109.024000 67
109.312000 109.472000 59
109.472000 110.048000 63
110.144000 110.624000 66
111.008000 112.064000 63
112.192000 112.448000 61
112.544000 112.800000 59
112.960000 113.216000 64
113.408000 113.856000 63
113.856000 114.016000 59
114.240000 114.560000 61
114.656000 115.008000 62
115.008000 115.488000 59
115.488000 116.992000 71
117.120000 119.392000 68
119.584000 120.320000 66
120.800000 120.992000 59
120.992000 121.216000 62
121.408000 121.920000 67
122.592000 122.944000 61
123.104000 123.264000 66
123.456000 123.712000 67
124.064000 124.512000 66
124.512000 124.864000 71
124.864000 126.080000 67
126.080000 127.104000 71
127.328000 127.744000 67
127.744000 130.368000 71
132.416000 132.640000 64
134.528000 134.880000 65
134.976000 135.072000 66
135.168000 135.456000 64
135.584000 136.832000 68
136.832000 138.368000 65
138.496000 138.752000 67
138.976000 139.136000 59
139.232000 139.680000 59
141.376000 142.272000 65
142.432000 142.784000 71
143.008000 144.832000 71
144.832000 145.376000 71
145.504000 145.664000 66
145.856000 147.744000 68
149.440000 149.824000 61
149.824000 151.424000 71
151.488000 152.064000 67
152.160000 152.256000 66
152.384000 153.824000 68
153.952000 154.624000 66
154.624000 154.976000 61
155.264000 155.360000 59
155.456000 155.744000 61
155.744000 156.032000 64
156.032000 156.512000 66
156.896000 157.216000 61
157.312000 157.568000 63
157.664000 158.176000 66
158.560000 158.688000 59
158.688000 159.200000 63
159.360000 159.648000 61
159.808000 160.032000 61
160.128000 160.256000 59
160.352000 160.736000 64
160.960000 161.472000 63
161.472000 161.632000 60
161.824000 162.688000 62
162.688000 163.008000 61
163.008000 163.072000 66
163.072000 164.512000 73
164.672000 167.008000 68
167.104000 167.840000 71
168.384000 168.800000 62
168.992000 169.600000 67
170.016000 170.208000 59
170.208000 170.656000 63
170.656000 170.880000 67
171.040000 171.360000 66
171.648000 172.096000 66
172.096000 172.416000 71
172.416000 173.568000 68
173.696000 174.592000 71
174.592000 174.784000 68
174.944000 177.600000 71
178.240000 178.656000 67
178.656000 179.104000 71
179.104000 180.224000 69
180.320000 180.608000 64
180.608000 181.760000 63
182.560000 182.720000 58
182.848000 183.296000 59
