23.808000 24.512000 52
28.928000 31.360000 64
32.032000 32.160000 64
32.256000 33.152000 64
33.152000 33.312000 58
33.504000 34.816000 62
36.000000 37.024000 67
37.024000 37.600000 69
37.600000 38.464000 68
39.008000 39.776000 64
39.872000 40.064000 64
40.064000 40.352000 63
40.480000 40.992000 64
41.152000 42.304000 62
43.072000 43.168000 56
43.168000 44.320000 64
44.608000 45.344000 58
46.656000 46.848000 57
46.944000 47.392000 57
47.552000 48.384000 69
48.736000 48.928000 64
49.024000 49.216000 62
49.312000 49.504000 64
50.112000 51.296000 64
51.520000 51.840000 62
53.184000 53.536000 62
53.664000 54.176000 60
54.176000 54.432000 59
54.656000 54.944000 61
54.944000 55.168000 62
55.584000 56.000000 61
57.216000 58.400000 65
58.400000 59.584000 65
60.224000 60.608000 65
60.608000 61.024000 63
61.024000 61.280000 65
61.280000 61.536000 60
61.728000 63.008000 62
64.256000 65.568000 57
65.664000 66.592000 66
67.232000 67.424000 64
67.520000 68.000000 62
68.096000 68.288000 64
68.288000 68.576000 63
68.672000 69.184000 64
69.376000 70.304000 62
71.360000 71.424000 56
71.424000 72.640000 64
72.864000 73.888000 57
74.880000 75.360000 57
75.456000 75.680000 55
75.776000 76.288000 69
76.416000 76.800000 67
77.024000 77.952000 64
78.176000 78.336000 59
78.336000 79.552000 64
79.680000 80.352000 62
81.408000 82.688000 62
82.880000 83.264000 57
83.264000 84.320000 61
85.440000 85.536000 57
85.536000 86.304000 62
86.304000 86.816000 68
86.944000 87.584000 72
88.000000 88.064000 66
88.064000 88.480000 69
88.480000 89.312000 72
89.824000 90.240000 69
90.400000 91.520000 67
91.680000 91.968000 64
92.768000 92.832000 63
92.832000 93.344000 67
93.344000 93.888000 63
94.016000 94.656000 62
95.104000 96.864000 63
96.992000 98.752000 62
99.552000 99.616000 55
99.616000 99.648000 57
99.648000 100.384000 62
100.384000 100.480000 67
100.480000 101.184000 70
101.184000 101.824000 72
102.176000 102.240000 65
102.240000 102.528000 67
102.528000 103.616000 72
103.904000 106.176000 74
106.272000 106.592000 64
106.592000 107.104000 68
107.104000 107.488000 66
107.488000 108.000000 61
108.128000 109.152000 62
110.112000 111.584000 64
111.680000 112.096000 62
112.192000 113.824000 60
129.888000 130.592000 52
141.920000 142.976000 62
142.976000 144.224000 65
144.928000 145.088000 65
145.184000 146.176000 65
146.176000 146.560000 58
146.848000 148.000000 62
148.960000 150.272000 68
150.368000 151.488000 65
152.000000 152.192000 65
152.320000 152.768000 62
152.864000 153.056000 65
153.056000 153.312000 62
153.408000 153.952000 64
154.112000 154.848000 63
155.008000 155.104000 63
156.032000 156.128000 56
156.128000 157.344000 64
157.600000 158.304000 58
158.304000 158.528000 56
159.616000 160.320000 57
160.416000 161.472000 69
161.728000 162.656000 64
163.104000 164.352000 65
164.480000 165.184000 63
166.240000 167.552000 64
167.776000 168.128000 57
168.224000 169.280000 61
170.112000 170.240000 55
170.240000 170.912000 62
171.008000 171.488000 68
171.616000 172.288000 72
172.704000 173.056000 67
173.056000 173.632000 72
173.632000 174.144000 72
174.528000 174.976000 69
175.104000 176.224000 67
176.320000 176.800000 64
177.280000 177.376000 58
177.536000 177.792000 65
177.792000 178.016000 67
178.016000 178.592000 64
178.720000 179.296000 62
179.808000 181.888000 63
182.048000 183.584000 62
184.288000 184.384000 55
184.384000 184.416000 58
184.416000 185.120000 62
185.120000 185.184000 65
185.184000 185.920000 70
185.920000 186.432000 72
186.848000 186.912000 66
186.912000 187.168000 67
187.168000 187.456000 69
187.456000 188.288000 72
188.608000 190.880000 74
191.264000 191.776000 68
191.776000 192.160000 66
192.160000 192.704000 60
192.800000 193.248000 62
193.344000 194.016000 65
194.816000 194.880000 57
194.880000 196.544000 64
196.544000 197.984000 60
198.400000 198.592000 61
198.688000 199.264000 62
199.264000 199.744000 68
199.872000 200.768000 72
200.960000 201.024000 66
201.024000 201.312000 67
201.312000 201.728000 69
201.728000 202.400000 72
202.816000 203.200000 69
203.296000 204.480000 67
204.576000 205.152000 64
205.760000 205.984000 64
205.984000 206.240000 67
206.240000 206.784000 64
206.912000 207.616000 62
208.064000 210.048000 64
210.240000 211.552000 62
212.544000 212.608000 56
212.608000 213.376000 62
213.376000 213.696000 69
213.696000 214.144000 69
214.144000 214.784000 72
215.136000 215.200000 65
215.200000 215.520000 69
215.520000 216.672000 72
216.864000 217.184000 72
217.184000 217.376000 74
217.376000 219.264000 72
219.264000 220.384000 70
220.384000 220.864000 63
220.992000 222.016000 62
223.072000 224.544000 64
224.640000 224.928000 62
225.152000 227.104000 62
227.328000 227.680000 60
228.000000 229.184000 62
230.176000 230.720000 68
230.720000 231.136000 66
231.136000 231.616000 60
231.776000 232.864000 64
233.760000 235.008000 63
235.488000 235.712000 62
235.840000 237.056000 60
