22.944000 24.064000 59
24.800000 25.792000 59
26.912000 27.040000 57
27.264000 28.192000 57
30.112000 30.720000 59
30.816000 31.168000 59
31.872000 32.128000 59
32.320000 32.640000 60
32.768000 32.960000 60
33.888000 34.176000 63
34.304000 34.592000 62
34.688000 35.200000 62
37.024000 37.184000 62
37.184000 38.368000 64
38.688000 38.848000 61
39.008000 39.680000 62
40.384000 41.024000 61
41.024000 41.792000 62
42.272000 43.264000 60
44.000000 44.224000 62
44.224000 44.352000 67
44.512000 45.856000 67
46.080000 46.944000 62
47.488000 47.616000 62
47.616000 47.648000 62
47.648000 47.840000 66
47.968000 48.288000 67
48.416000 48.960000 65
49.088000 49.376000 64
49.536000 49.760000 62
50.016000 50.432000 67
50.624000 50.848000 63
51.008000 51.392000 60
51.520000 52.000000 62
52.224000 52.640000 64
52.992000 53.184000 64
53.280000 54.112000 65
54.112000 54.912000 63
55.008000 55.328000 59
55.456000 56.800000 67
57.216000 57.536000 67
57.728000 57.984000 62
58.112000 58.400000 60
58.624000 59.136000 62
59.296000 59.680000 64
60.064000 61.024000 65
61.184000 61.920000 62
62.048000 62.112000 68
62.112000 62.240000 69
62.240000 63.136000 71
63.136000 63.584000 69
63.712000 64.640000 67
65.184000 65.312000 59
65.408000 65.856000 58
66.080000 67.520000 69
67.808000 68.736000 65
69.088000 69.824000 67
69.824000 70.592000 69
70.688000 71.616000 64
72.448000 73.600000 65
74.176000 75.264000 65
75.552000 75.904000 61
75.904000 77.984000 64
78.368000 78.784000 67
78.784000 79.136000 65
79.232000 79.616000 60
79.776000 80.224000 62
80.448000 80.704000 64
81.216000 82.176000 65
82.368000 83.520000 62
83.616000 83.904000 67
83.968000 85.024000 69
85.440000 85.920000 67
85.920000 86.240000 64
86.368000 87.360000 62
87.520000 87.904000 64
88.224000 88.832000 65
89.056000 89.568000 64
89.696000 90.112000 61
90.272000 90.336000 68
90.336000 90.624000 70
90.624000 91.424000 71
91.424000 92.864000 70
93.824000 93.952000 69
94.208000 95.744000 69
95.936000 96.096000 65
96.224000 96.960000 65
97.344000 98.048000 67
98.048000 98.880000 69
98.976000 100.032000 64
100.672000 101.888000 65
102.144000 102.560000 64
102.656000 104.640000 65
104.640000 106.176000 62
107.456000 107.552000 63
107.648000 110.144000 61
110.720000 111.456000 55
118.912000 119.424000 59
119.584000 120.000000 59
121.664000 121.888000 59
126.208000 126.368000 59
130.784000 131.072000 57
135.904000 137.056000 59
137.760000 138.816000 59
139.776000 140.000000 56
140.160000 141.184000 57
142.208000 142.304000 57
143.104000 143.392000 59
143.520000 144.064000 59
144.768000 145.856000 60
146.816000 147.456000 63
147.680000 148.096000 62
149.824000 150.048000 61
150.048000 150.144000 62
150.144000 152.672000 65
153.344000 153.984000 60
153.984000 154.752000 62
154.912000 155.296000 64
155.456000 156.256000 62
157.120000 157.280000 67
157.504000 158.688000 67
158.944000 159.936000 62
160.416000 160.544000 62
160.544000 160.608000 63
160.608000 160.832000 67
160.928000 161.824000 67
161.984000 162.304000 65
162.464000 162.912000 64
163.040000 163.200000 65
163.200000 163.392000 67
163.552000 164.064000 62
164.352000 164.960000 63
165.120000 165.568000 64
165.952000 166.080000 64
166.272000 167.072000 65
167.072000 167.776000 63
167.904000 168.224000 59
168.384000 169.696000 67
170.240000 170.496000 67
170.720000 170.880000 62
171.040000 171.328000 60
171.552000 171.712000 62
171.808000 172.032000 63
172.192000 172.576000 64
173.024000 173.632000 65
173.728000 173.952000 64
174.112000 174.848000 62
174.976000 175.040000 68
175.040000 175.264000 69
175.264000 176.096000 71
176.096000 176.576000 70
176.704000 177.568000 67
178.080000 178.240000 61
178.336000 178.464000 58
178.560000 178.784000 57
179.008000 180.416000 69
180.704000 181.696000 65
182.016000 182.784000 67
182.784000 183.552000 69
183.648000 184.736000 64
185.312000 186.688000 65
187.104000 189.696000 67
189.824000 190.592000 65
190.688000 190.912000 62
191.296000 191.776000 67
191.776000 192.128000 64
192.128000 192.576000 60
192.672000 193.216000 63
193.376000 193.792000 65
194.144000 195.136000 65
195.296000 195.488000 62
195.488000 196.544000 62
196.544000 197.856000 69
198.368000 198.848000 67
198.848000 199.168000 64
199.296000 199.584000 61
199.712000 200.256000 63
200.384000 200.768000 65
201.184000 201.792000 65
202.048000 202.528000 64
202.624000 203.104000 61
203.200000 203.264000 68
203.264000 203.552000 70
203.552000 204.320000 71
204.320000 205.856000 70
206.592000 207.040000 58
207.296000 208.704000 69
208.864000 209.056000 65
209.216000 209.888000 65
210.272000 210.688000 67
210.688000 211.840000 69
212.000000 212.928000 64
213.632000 214.848000 65
215.072000 215.488000 64
215.616000 217.824000 65
217.824000 219.520000 62
220.032000 220.192000 62
220.352000 220.448000 63
220.608000 223.968000 61
223.968000 227.680000 67
228.768000 233.088000 72
233.568000 234.080000 67
234.080000 234.880000 65
235.008000 235.552000 63
235.744000 236.000000 64
236.512000 237.536000 65
237.632000 238.272000 62
238.528000 238.688000 61
238.944000 239.296000 67
239.392000 240.320000 67
240.704000 241.088000 67
241.088000 241.760000 65
241.984000 242.624000 64
242.752000 243.168000 64
243.520000 244.864000 65
245.024000 245.632000 63
245.632000 246.720000 71
246.880000 247.200000 68
247.360000 248.224000 67
248.704000 248.800000 60
248.928000 249.408000 58
249.664000 251.072000 69
251.328000 252.288000 65
252.640000 253.600000 67
253.760000 254.240000 71
254.432000 258.176000 72
259.168000 259.616000 65
259.744000 260.608000 65
261.280000 262.880000 65
262.880000 264.896000 62
266.528000 267.968000 60
