44.448000 44.608000 59
44.832000 45.344000 59
45.952000 46.144000 61
46.240000 46.656000 59
47.104000 47.392000 57
49.184000 49.280000 59
53.696000 53.824000 59
53.920000 54.240000 58
54.496000 54.720000 58
58.656000 58.976000 54
59.072000 59.616000 55
59.776000 60.192000 58
60.352000 62.272000 61
62.432000 63.648000 58
65.472000 65.792000 54
65.888000 66.464000 56
66.624000 67.040000 58
67.232000 68.288000 66
68.448000 69.536000 65
69.728000 70.272000 61
71.040000 71.392000 55
71.520000 72.512000 58
72.672000 73.312000 56
73.536000 74.016000 54
74.528000 74.720000 54
74.720000 74.880000 56
74.976000 75.712000 58
75.808000 76.544000 57
76.672000 76.832000 55
76.992000 77.472000 54
78.016000 79.360000 58
79.520000 80.000000 56
80.128000 80.800000 54
81.056000 81.280000 53
81.408000 83.360000 56
85.696000 85.824000 54
86.112000 87.040000 55
87.200000 87.648000 58
87.776000 88.704000 61
88.800000 89.408000 61
89.568000 89.760000 59
89.920000 90.240000 58
90.336000 91.360000 56
92.960000 93.952000 56
94.112000 94.528000 58
94.656000 95.744000 66
95.904000 96.384000 65
96.384000 97.920000 64
98.528000 98.720000 54
98.720000 99.264000 58
99.424000 100.576000 58
100.672000 101.504000 54
101.888000 102.112000 55
102.112000 104.000000 58
104.096000 104.896000 54
105.312000 105.536000 55
105.536000 106.784000 59
106.880000 107.200000 59
107.424000 109.024000 63
109.184000 111.072000 62
112.256000 112.576000 59
112.704000 112.928000 56
113.088000 113.888000 58
114.304000 115.072000 58
115.232000 115.360000 67
115.360000 116.416000 68
116.448000 117.344000 66
117.760000 118.432000 58
118.624000 119.360000 67
119.520000 120.672000 63
120.800000 121.312000 63
121.472000 122.368000 57
122.912000 124.480000 59
124.640000 124.992000 61
125.088000 126.432000 56
126.816000 127.584000 58
128.096000 128.768000 58
128.928000 129.504000 68
129.600000 129.984000 70
129.984000 131.104000 69
131.456000 132.384000 64
132.384000 132.896000 66
133.024000 134.720000 63
134.880000 135.936000 71
135.936000 136.224000 62
136.640000 137.824000 59
137.920000 138.688000 57
138.784000 139.200000 54
139.712000 140.192000 58
140.384000 141.888000 57
142.880000 143.808000 54
164.192000 164.448000 59
164.896000 165.920000 56
166.048000 166.112000 56
166.112000 166.784000 61
166.784000 167.552000 61
167.648000 168.224000 61
168.384000 170.592000 59
171.744000 172.736000 56
172.896000 173.344000 58
173.440000 174.592000 66
174.752000 174.912000 64
174.912000 175.616000 68
175.616000 176.736000 63
177.280000 177.536000 55
177.536000 179.296000 58
179.424000 179.616000 54
179.776000 180.320000 54
180.704000 181.312000 63
181.312000 182.304000 61
182.304000 183.936000 58
184.160000 184.384000 55
184.384000 186.016000 59
186.272000 187.872000 63
188.032000 190.304000 63
191.040000 191.328000 59
191.456000 191.680000 56
191.872000 192.736000 58
193.184000 193.888000 58
194.016000 196.320000 68
196.576000 197.312000 58
197.440000 198.272000 66
198.272000 199.488000 63
199.616000 200.160000 63
200.256000 200.352000 58
200.352000 201.248000 57
201.696000 202.048000 58
202.144000 203.232000 59
203.392000 203.744000 61
203.872000 204.416000 54
204.416000 205.280000 58
205.568000 206.464000 58
206.912000 207.584000 58
207.744000 207.808000 66
207.808000 207.872000 67
207.872000 209.408000 70
209.408000 209.984000 66
210.272000 211.200000 65
211.200000 211.712000 66
211.808000 213.568000 63
213.696000 214.752000 71
215.456000 215.712000 57
215.712000 216.032000 58
216.032000 217.312000 59
217.312000 218.176000 63
218.432000 219.040000 58
219.136000 219.232000 57
219.232000 219.712000 56
219.808000 221.472000 65
221.472000 224.128000 68
224.224000 225.216000 66
225.312000 225.568000 68
225.728000 226.496000 70
226.592000 227.584000 70
227.680000 227.840000 69
227.840000 228.256000 70
228.256000 228.864000 71
228.864000 229.120000 71
229.120000 230.272000 70
230.368000 230.784000 62
230.784000 231.040000 67
231.040000 232.192000 70
232.192000 232.640000 66
232.736000 233.408000 66
233.408000 235.392000 65
235.552000 236.160000 66
236.160000 236.640000 68
236.864000 239.072000 67
239.072000 241.312000 70
241.440000 241.600000 69
241.600000 242.176000 73
242.304000 246.752000 73
249.344000 249.696000 59
249.792000 250.016000 56
250.240000 251.008000 58
251.456000 252.160000 58
252.320000 253.408000 68
253.600000 254.400000 66
254.880000 255.712000 61
255.712000 256.480000 66
256.480000 258.176000 63
258.272000 258.432000 61
258.432000 258.624000 59
258.624000 259.488000 57
260.032000 261.152000 59
261.280000 262.048000 61
262.208000 262.752000 55
262.752000 263.616000 58
263.872000 264.576000 58
265.184000 265.472000 58
265.568000 265.824000 58
265.984000 266.592000 68
266.688000 267.584000 70
267.584000 268.160000 66
268.416000 269.440000 59
269.440000 269.984000 66
270.112000 271.040000 63
271.168000 271.904000 63
272.032000 272.224000 72
272.416000 273.248000 70
273.472000 273.888000 62
273.984000 275.136000 63
275.296000 275.616000 73
275.712000 276.224000 70
276.224000 277.056000 67
277.152000 279.424000 61
279.520000 281.216000 61
283.136000 283.648000 58
283.808000 286.208000 57
323.712000 323.840000 50
