15.936000 16.608000 55
17.344000 17.536000 55
17.536000 17.664000 52
17.824000 18.176000 53
18.304000 18.528000 53
18.528000 19.008000 56
19.232000 19.616000 55
19.712000 20.768000 55
22.624000 22.752000 55
22.752000 22.976000 58
23.104000 23.392000 58
23.520000 23.776000 58
23.776000 24.672000 56
25.088000 25.216000 49
25.312000 25.728000 51
26.656000 27.232000 58
27.424000 28.672000 58
28.768000 28.992000 55
29.120000 29.984000 55
31.232000 32.000000 55
32.672000 32.864000 55
32.864000 33.504000 53
33.664000 33.920000 53
33.920000 34.496000 56
34.656000 35.008000 58
35.104000 35.456000 56
35.584000 35.712000 55
35.872000 36.416000 55
37.696000 37.824000 56
37.952000 39.232000 58
39.456000 40.160000 52
40.448000 41.024000 51
42.272000 42.496000 53
42.496000 43.584000 56
43.744000 44.096000 58
44.256000 45.728000 58
45.984000 46.048000 57
46.048000 47.136000 63
47.840000 49.248000 66
49.920000 51.040000 63
51.136000 51.744000 60
51.744000 53.024000 59
53.216000 53.440000 54
53.440000 54.976000 58
55.712000 55.936000 55
55.936000 56.192000 56
56.192000 56.832000 62
56.960000 57.568000 63
58.080000 58.912000 60
59.040000 62.496000 63
65.792000 66.560000 55
67.424000 67.552000 51
67.744000 68.032000 51
68.128000 68.352000 51
68.352000 68.960000 55
69.152000 71.008000 60
72.448000 72.640000 54
72.640000 72.864000 55
73.024000 74.784000 60
75.360000 75.424000 57
75.424000 76.032000 60
76.128000 76.448000 56
76.608000 77.120000 60
77.216000 77.600000 60
77.760000 78.560000 58
78.720000 79.008000 55
79.008000 79.616000 58
80.192000 80.352000 54
80.352000 80.672000 56
80.672000 81.120000 62
81.120000 81.760000 63
82.016000 82.080000 59
82.080000 82.112000 61
82.112000 82.368000 63
82.368000 82.944000 67
82.944000 83.648000 62
83.936000 85.088000 65
85.088000 85.536000 60
85.920000 86.112000 60
86.112000 86.304000 59
86.400000 86.592000 56
86.688000 87.456000 58
87.904000 88.064000 58
88.160000 89.216000 56
89.312000 91.328000 63
91.616000 91.744000 62
91.744000 92.992000 58
93.184000 95.040000 67
95.616000 96.032000 63
96.160000 98.176000 63
115.712000 116.288000 55
117.184000 117.344000 55
117.344000 118.144000 54
118.272000 118.880000 56
119.072000 120.960000 58
122.400000 123.648000 58
123.904000 124.096000 49
124.096000 124.608000 51
124.736000 124.928000 48
125.088000 125.344000 51
126.720000 127.008000 54
127.008000 127.808000 56
128.192000 128.320000 56
128.320000 130.688000 60
130.688000 131.648000 63
132.320000 133.792000 65
134.368000 134.432000 59
134.432000 134.592000 60
134.592000 135.520000 63
135.520000 136.128000 60
136.320000 137.504000 58
137.664000 137.920000 54
137.920000 139.456000 58
140.256000 140.320000 51
140.448000 140.800000 56
140.800000 141.312000 62
141.440000 142.112000 63
142.592000 147.424000 63
148.320000 149.216000 55
149.984000 150.176000 51
150.304000 150.976000 52
150.976000 151.456000 55
151.680000 154.144000 60
155.072000 155.264000 54
155.264000 155.424000 55
155.552000 157.376000 61
157.888000 158.592000 60
158.688000 158.976000 56
159.168000 159.744000 60
159.840000 160.224000 60
160.352000 161.152000 58
161.312000 161.600000 56
161.600000 162.080000 58
162.784000 162.944000 54
162.944000 163.232000 56
163.232000 163.616000 62
163.712000 164.320000 63
164.544000 164.608000 61
164.608000 164.896000 63
164.896000 165.440000 67
165.440000 166.240000 62
166.496000 166.560000 57
166.560000 166.592000 60
166.592000 167.360000 65
167.360000 168.128000 60
168.512000 168.704000 60
168.704000 169.184000 58
169.280000 169.984000 58
170.464000 170.624000 58
170.720000 171.168000 56
171.264000 171.840000 58
171.840000 173.824000 63
174.240000 174.304000 58
174.304000 174.656000 60
174.752000 176.608000 63
176.608000 178.688000 66
178.688000 180.128000 63
180.736000 181.280000 51
181.472000 181.664000 52
181.664000 181.824000 54
181.824000 182.400000 56
182.400000 184.864000 60
185.536000 185.760000 50
185.760000 186.112000 55
186.240000 187.904000 60
188.512000 188.640000 53
188.640000 189.344000 60
189.344000 189.696000 56
189.856000 190.432000 60
190.528000 190.912000 60
191.040000 191.872000 58
192.032000 192.288000 55
192.288000 192.800000 58
193.472000 193.952000 56
193.952000 194.336000 62
194.464000 195.040000 63
195.296000 195.360000 59
195.360000 195.648000 64
195.648000 196.192000 67
196.192000 196.928000 62
197.184000 197.248000 57
197.248000 197.280000 59
197.280000 198.112000 65
198.112000 198.848000 61
199.296000 199.648000 60
199.744000 199.904000 56
200.064000 200.896000 60
201.216000 201.376000 58
201.504000 202.560000 57
202.560000 204.512000 63
205.024000 205.856000 57
205.984000 206.464000 57
206.464000 211.520000 66
211.712000 211.808000 65
214.496000 215.200000 67
215.552000 217.184000 63
