31.232000 31.520000 60
31.520000 32.320000 63
32.320000 32.640000 65
32.640000 33.248000 62
34.048000 34.112000 53
34.112000 34.240000 54
34.240000 34.400000 55
34.400000 35.520000 62
35.520000 35.680000 62
35.680000 36.064000 58
36.864000 37.120000 53
37.216000 37.536000 55
37.536000 37.856000 58
37.952000 38.176000 60
38.368000 38.624000 62
38.624000 40.320000 60
40.544000 41.600000 62
43.328000 44.064000 62
44.064000 44.416000 63
44.416000 45.024000 65
45.120000 45.504000 67
45.632000 45.824000 65
45.824000 45.888000 63
46.016000 46.624000 58
46.624000 47.328000 62
47.328000 47.840000 55
48.544000 48.864000 54
48.864000 49.120000 55
49.216000 50.592000 62
50.688000 51.264000 58
51.424000 52.064000 65
52.064000 52.896000 60
54.656000 55.776000 62
55.936000 56.224000 65
56.224000 56.832000 61
57.760000 58.624000 58
58.720000 59.104000 62
59.328000 59.744000 57
60.320000 60.800000 53
60.800000 61.344000 58
61.440000 61.696000 60
61.792000 62.048000 62
62.048000 63.136000 60
63.328000 63.840000 65
64.032000 64.800000 62
66.816000 67.072000 62
67.168000 67.552000 60
67.552000 67.968000 62
67.968000 68.512000 65
68.608000 69.216000 67
69.216000 70.016000 64
70.112000 70.816000 61
70.816000 71.424000 56
72.032000 72.352000 54
72.352000 72.704000 56
72.704000 73.408000 60
73.600000 73.824000 62
73.824000 74.240000 61
74.400000 74.912000 58
75.040000 75.232000 63
75.232000 75.520000 65
75.744000 76.384000 60
77.920000 78.368000 54
78.368000 79.040000 60
79.200000 79.424000 60
79.520000 79.776000 58
80.000000 80.544000 60
80.864000 80.960000 59
80.960000 81.472000 61
81.472000 82.816000 62
83.840000 84.160000 53
84.320000 84.544000 60
84.544000 84.896000 59
84.992000 87.072000 60
87.232000 87.616000 62
87.616000 88.384000 65
89.408000 89.760000 62
89.760000 89.952000 66
89.952000 90.944000 67
90.944000 91.456000 63
91.584000 91.936000 60
92.320000 92.672000 61
92.672000 93.760000 65
94.112000 94.336000 60
94.336000 94.464000 58
94.656000 95.136000 58
95.616000 95.904000 58
96.000000 96.448000 62
96.448000 96.672000 56
96.768000 97.472000 55
97.760000 98.048000 57
98.240000 98.752000 61
98.752000 99.200000 62
99.296000 100.416000 63
100.640000 101.088000 61
101.504000 101.632000 51
101.632000 102.080000 55
102.080000 103.808000 60
103.808000 105.344000 62
105.472000 106.208000 62
107.488000 107.712000 53
107.936000 108.480000 60
108.576000 110.208000 60
110.368000 110.784000 60
110.784000 111.136000 62
111.264000 111.520000 62
111.520000 112.128000 65
113.024000 113.344000 62
113.344000 113.696000 67
113.792000 114.528000 67
114.528000 115.520000 65
115.840000 116.192000 60
116.192000 116.544000 64
116.704000 116.960000 65
116.960000 117.312000 61
117.408000 118.112000 57
118.144000 118.208000 57
118.208000 118.272000 62
118.272000 119.136000 67
119.264000 119.968000 65
119.968000 120.576000 64
121.472000 121.760000 56
121.760000 122.400000 58
122.560000 123.232000 62
123.712000 124.128000 63
124.320000 124.800000 60
125.088000 128.544000 60
150.912000 151.328000 61
151.328000 152.736000 65
152.736000 153.216000 60
154.016000 155.008000 58
155.008000 155.392000 62
155.584000 156.032000 57
156.512000 156.960000 54
156.960000 157.152000 55
157.152000 157.600000 58
157.600000 158.752000 62
158.752000 159.296000 58
159.488000 159.968000 65
160.192000 161.280000 62
162.880000 163.232000 62
163.360000 163.680000 60
163.680000 164.096000 62
164.096000 164.640000 65
164.768000 165.600000 67
165.600000 166.784000 61
166.784000 167.008000 62
167.008000 167.712000 55
168.128000 168.416000 53
168.416000 168.832000 55
168.832000 169.440000 60
169.600000 169.824000 62
169.824000 170.240000 60
170.336000 170.880000 58
171.008000 171.552000 65
171.744000 173.088000 61
173.792000 174.336000 54
174.336000 174.880000 60
175.072000 175.264000 60
175.264000 175.584000 58
175.776000 176.000000 60
176.000000 176.768000 60
176.768000 178.464000 62
179.552000 179.840000 53
180.000000 180.160000 60
180.160000 180.576000 59
180.736000 182.656000 60
182.912000 183.328000 62
183.328000 184.064000 65
185.024000 185.312000 62
185.312000 185.536000 66
185.536000 186.432000 67
186.432000 187.584000 66
187.904000 188.224000 61
188.224000 189.344000 65
189.632000 189.984000 60
190.176000 190.656000 58
191.104000 191.424000 58
191.424000 191.872000 63
191.872000 192.096000 56
192.192000 192.864000 55
193.184000 193.472000 58
193.600000 193.952000 60
193.952000 194.528000 62
194.656000 195.776000 63
195.968000 196.448000 61
196.832000 197.376000 55
197.376000 199.616000 60
199.616000 200.384000 62
200.544000 201.088000 62
202.496000 202.784000 53
202.976000 203.168000 60
203.168000 203.552000 59
203.680000 205.088000 60
205.216000 205.504000 60
205.600000 206.080000 62
206.176000 206.560000 63
206.560000 207.136000 65
207.968000 208.320000 63
208.320000 208.512000 65
208.512000 209.472000 67
209.472000 210.528000 66
210.816000 211.136000 60
211.136000 211.872000 65
212.000000 213.120000 61
213.120000 213.408000 65
213.536000 213.856000 65
213.856000 214.112000 67
214.208000 214.880000 65
214.880000 215.488000 64
216.288000 216.640000 56
216.640000 217.248000 58
217.376000 218.112000 62
218.496000 218.880000 63
219.104000 219.648000 60
219.808000 222.016000 60
223.456000 224.064000 57
224.192000 224.768000 62
224.768000 225.312000 57
225.504000 225.792000 58
225.888000 226.176000 57
226.400000 227.328000 55
229.184000 229.440000 57
229.568000 229.856000 57
229.856000 230.144000 61
230.304000 230.560000 62
230.560000 231.008000 58
231.296000 231.456000 58
231.456000 231.712000 58
231.712000 232.448000 56
232.448000 233.120000 57
233.120000 234.272000 62
234.496000 235.584000 63
235.744000 235.936000 58
235.936000 236.160000 57
236.256000 236.736000 55
237.120000 237.376000 60
237.376000 237.984000 63
238.112000 238.400000 62
238.560000 238.880000 58
238.880000 239.552000 56
239.936000 240.768000 60
240.768000 241.728000 60
242.144000 242.912000 63
242.912000 245.504000 67
245.792000 246.240000 54
246.240000 248.160000 61
248.256000 248.800000 59
248.800000 250.400000 63
251.552000 251.840000 63
252.064000 252.640000 61
252.768000 253.024000 61
253.184000 253.408000 59
253.504000 254.112000 61
254.208000 254.912000 63
255.008000 255.680000 66
256.992000 257.376000 63
257.376000 257.536000 66
257.536000 258.560000 68
258.560000 259.584000 65
259.968000 260.288000 61
260.288000 260.608000 66
260.800000 260.992000 66
260.992000 261.312000 58
261.600000 261.664000 58
261.792000 262.048000 58
262.144000 263.840000 68
264.640000 266.208000 66
266.816000 267.136000 56
267.232000 267.904000 59
268.064000 268.704000 63
269.120000 269.280000 58
269.280000 270.560000 61
270.656000 271.328000 61
271.488000 272.928000 59
275.584000 275.968000 56
276.096000 276.576000 60
276.576000 277.280000 66
277.440000 278.368000 63
279.712000 280.256000 59
280.256000 281.376000 61
281.568000 282.752000 61
282.880000 285.248000 59
285.408000 285.632000 59
