29.088000 29.824000 74
30.080000 30.176000 67
30.464000 30.944000 70
33.632000 33.760000 57
34.272000 35.712000 54
35.840000 35.968000 53
35.968000 36.480000 56
36.480000 37.632000 58
38.176000 38.368000 58
38.368000 39.584000 61
39.712000 40.064000 62
40.224000 40.480000 67
40.480000 41.120000 66
41.120000 41.632000 67
42.112000 44.032000 70
44.128000 45.696000 71
45.856000 46.496000 68
46.496000 49.472000 68
49.952000 51.936000 70
52.032000 53.472000 71
53.472000 54.816000 67
54.944000 55.616000 67
55.616000 55.840000 63
55.936000 56.352000 62
56.896000 57.408000 60
57.408000 57.856000 59
57.856000 59.648000 62
59.648000 60.192000 65
60.352000 60.544000 67
60.544000 60.864000 65
60.864000 61.344000 64
61.408000 61.984000 62
61.984000 62.304000 58
62.528000 62.720000 59
62.720000 63.712000 59
63.712000 64.224000 59
64.320000 64.736000 60
65.920000 66.080000 54
66.400000 66.560000 53
66.560000 67.008000 61
67.232000 68.064000 60
68.160000 69.760000 62
69.760000 71.008000 67
71.168000 71.744000 63
71.744000 72.096000 61
72.160000 72.288000 67
72.288000 73.184000 63
73.280000 73.408000 63
73.504000 73.600000 70
73.600000 73.696000 68
73.952000 74.208000 67
74.336000 74.400000 62
74.400000 74.880000 67
75.072000 76.224000 67
76.224000 76.896000 67
77.024000 77.568000 67
77.568000 79.200000 71
79.200000 79.936000 65
80.480000 81.792000 63
81.792000 83.360000 67
83.456000 83.936000 62
84.416000 84.512000 57
84.512000 84.832000 58
84.832000 85.536000 62
85.696000 86.304000 61
86.400000 87.264000 60
87.520000 87.680000 62
87.680000 87.904000 59
88.576000 88.832000 54
88.832000 89.184000 56
89.344000 89.632000 67
89.632000 91.264000 67
91.264000 91.904000 64
92.288000 92.832000 61
92.960000 93.024000 56
93.024000 93.728000 59
93.728000 94.496000 58
94.592000 94.688000 60
94.688000 97.824000 59
107.808000 107.904000 74
111.712000 111.936000 74
116.928000 118.368000 53
118.464000 118.560000 52
118.560000 118.624000 53
118.624000 119.104000 56
119.104000 119.744000 58
119.840000 120.288000 58
120.832000 120.992000 57
120.992000 122.208000 61
122.336000 122.688000 62
122.880000 123.136000 67
123.136000 124.000000 66
124.000000 124.256000 63
124.704000 125.440000 67
125.536000 126.464000 67
126.464000 128.352000 71
128.512000 129.152000 68
129.152000 132.160000 68
132.352000 132.448000 63
132.576000 134.560000 70
134.688000 136.096000 71
136.096000 137.440000 67
137.568000 138.272000 67
138.272000 138.464000 62
138.560000 139.008000 62
139.520000 140.064000 61
140.064000 140.480000 59
140.480000 142.144000 62
142.144000 142.816000 65
142.976000 143.168000 67
143.168000 143.520000 66
143.520000 143.968000 63
144.032000 144.608000 62
144.608000 144.928000 58
145.152000 146.848000 59
146.944000 147.104000 59
147.232000 147.392000 60
148.736000 149.184000 52
149.184000 149.632000 61
149.856000 150.304000 61
150.400000 152.416000 62
152.416000 153.664000 66
153.824000 154.400000 62
154.400000 154.688000 60
154.816000 154.912000 68
154.912000 156.128000 65
156.128000 156.832000 70
156.992000 157.504000 67
157.696000 158.880000 67
158.880000 159.104000 66
159.104000 159.520000 65
159.648000 160.032000 65
160.032000 160.160000 62
160.160000 160.320000 67
160.416000 161.568000 70
161.568000 162.656000 69
163.008000 163.104000 66
163.104000 164.512000 65
164.512000 166.016000 67
166.112000 166.560000 62
167.040000 167.200000 57
167.200000 167.520000 58
167.520000 168.160000 62
168.320000 169.920000 61
170.144000 170.336000 62
170.336000 170.496000 57
171.200000 171.456000 54
171.456000 171.840000 56
172.000000 172.288000 67
172.288000 172.672000 65
172.672000 172.768000 63
172.768000 173.952000 67
173.952000 174.560000 62
174.976000 175.520000 62
175.616000 175.712000 63
175.712000 176.352000 59
176.352000 176.832000 56
176.928000 178.880000 59
179.008000 179.168000 59
180.192000 180.288000 57
180.608000 180.704000 54
180.704000 181.120000 60
181.344000 182.208000 60
182.304000 182.816000 62
182.816000 183.136000 58
183.232000 183.456000 59
183.456000 183.744000 60
183.744000 185.152000 67
185.248000 185.344000 64
185.344000 186.144000 63
186.240000 186.336000 67
186.336000 187.488000 65
187.488000 188.384000 70
188.480000 188.896000 67
189.088000 190.528000 67
190.528000 190.976000 66
191.136000 191.712000 67
191.712000 193.152000 71
193.152000 194.368000 69
194.624000 194.688000 55
194.688000 194.720000 57
194.720000 194.752000 59
194.752000 195.936000 63
195.936000 197.536000 67
197.536000 198.080000 62
198.496000 198.560000 56
198.560000 199.104000 60
199.104000 199.488000 61
199.616000 200.288000 61
200.288000 201.408000 61
201.600000 201.792000 62
201.792000 201.984000 58
202.592000 202.912000 54
202.912000 203.328000 56
203.456000 203.552000 67
203.552000 203.744000 66
203.744000 204.288000 65
204.288000 205.408000 67
205.408000 206.048000 63
206.400000 206.976000 61
207.104000 207.168000 57
207.168000 207.840000 59
207.840000 208.576000 58
208.704000 208.800000 61
208.800000 211.936000 59
212.096000 212.192000 59
221.024000 221.152000 74
222.016000 222.304000 74
222.656000 223.296000 74
223.296000 225.760000 70
225.888000 228.096000 70
228.224000 228.384000 70
