20.416000 20.512000 69
20.672000 21.408000 70
23.712000 23.808000 66
34.048000 34.240000 49
34.528000 34.944000 49
35.392000 35.488000 51
36.128000 36.544000 53
36.800000 37.408000 54
37.504000 37.728000 55
38.272000 38.336000 55
38.336000 38.592000 58
38.592000 38.752000 61
38.912000 39.808000 61
39.904000 40.032000 59
40.032000 40.256000 58
40.512000 41.984000 56
42.752000 43.968000 53
44.224000 44.288000 50
44.288000 44.704000 53
44.800000 45.152000 56
45.344000 45.600000 62
45.600000 46.656000 59
47.104000 47.232000 53
47.360000 47.616000 53
47.776000 48.256000 51
48.256000 48.416000 56
48.512000 48.896000 54
48.896000 49.152000 52
49.312000 49.632000 62
49.920000 50.048000 62
50.176000 50.464000 63
51.488000 51.552000 50
51.552000 51.648000 51
51.648000 51.744000 52
51.744000 51.936000 53
51.936000 52.160000 54
52.160000 52.320000 55
52.320000 53.696000 58
53.696000 54.336000 53
54.784000 54.880000 73
55.008000 55.264000 73
55.264000 55.520000 69
55.520000 55.552000 61
55.552000 56.256000 56
56.256000 58.240000 61
58.336000 58.720000 56
58.720000 59.680000 59
60.352000 60.416000 51
60.416000 61.184000 55
61.184000 61.376000 56
61.472000 61.760000 58
61.760000 62.240000 62
62.240000 64.960000 67
65.056000 68.768000 64
69.216000 70.656000 67
70.656000 71.360000 64
71.552000 72.032000 61
72.032000 72.256000 65
72.384000 72.832000 65
72.832000 73.408000 63
73.728000 75.104000 62
75.200000 75.680000 62
75.680000 76.192000 59
76.608000 76.768000 63
76.864000 77.120000 64
77.120000 77.184000 58
77.280000 77.600000 56
78.240000 78.400000 60
78.528000 78.816000 61
79.008000 79.296000 51
79.456000 79.648000 49
79.744000 80.192000 50
80.704000 80.928000 53
80.928000 81.472000 56
81.568000 81.792000 54
82.720000 82.784000 51
82.784000 82.944000 53
83.008000 83.520000 53
83.776000 83.936000 55
84.320000 84.704000 56
84.928000 86.560000 62
86.848000 90.048000 65
90.304000 90.624000 62
90.624000 91.072000 59
91.264000 96.352000 62
96.800000 96.928000 63
104.960000 105.088000 65
105.152000 105.344000 66
105.600000 105.632000 64
105.952000 106.080000 65
106.368000 106.528000 69
107.424000 107.712000 67
107.808000 107.968000 68
108.256000 108.384000 65
108.448000 108.864000 65
113.696000 114.720000 65
114.880000 115.520000 65
115.872000 115.968000 65
116.128000 116.288000 65
116.384000 116.992000 65
118.656000 118.688000 49
118.912000 119.424000 49
119.680000 119.936000 51
120.448000 120.800000 54
120.896000 120.992000 55
121.280000 121.856000 54
121.920000 122.144000 56
122.624000 122.720000 53
122.720000 122.784000 55
122.784000 123.200000 61
123.360000 124.000000 61
124.000000 124.704000 60
124.960000 126.272000 56
127.168000 128.448000 53
128.672000 128.800000 50
128.800000 129.184000 53
129.280000 129.600000 56
129.792000 130.080000 62
130.080000 131.072000 59
131.584000 131.680000 52
131.840000 132.064000 53
132.224000 132.704000 51
132.704000 132.864000 56
132.992000 133.376000 54
133.376000 133.568000 52
133.760000 134.080000 62
134.464000 134.528000 62
134.752000 134.848000 63
135.968000 136.576000 54
136.672000 137.344000 56
137.440000 138.112000 57
138.112000 138.880000 55
139.232000 139.360000 73
139.552000 139.808000 73
139.808000 139.872000 68
139.872000 140.032000 64
140.032000 140.256000 56
140.384000 141.600000 58
141.696000 141.888000 61
141.984000 142.080000 60
142.080000 142.720000 59
142.816000 143.232000 56
143.232000 144.192000 59
144.800000 144.864000 51
144.864000 144.960000 52
144.960000 145.536000 55
145.632000 145.792000 56
145.952000 146.240000 58
146.240000 146.688000 62
146.688000 149.408000 67
149.504000 153.216000 64
153.696000 155.136000 67
155.136000 155.808000 63
156.000000 156.480000 62
156.480000 156.736000 65
156.832000 157.280000 64
157.280000 157.888000 63
158.176000 159.360000 59
159.360000 160.608000 63
161.056000 161.216000 56
161.216000 161.312000 52
161.312000 161.440000 56
161.504000 161.632000 56
161.728000 162.016000 57
162.688000 162.848000 59
163.008000 163.648000 51
164.128000 164.288000 49
164.544000 164.640000 50
164.896000 165.024000 53
165.216000 166.112000 56
167.168000 167.232000 50
167.232000 167.360000 52
167.456000 167.872000 53
167.872000 168.064000 58
168.768000 169.152000 56
169.344000 170.976000 62
171.264000 174.496000 68
174.752000 175.072000 62
175.072000 175.520000 59
175.712000 179.264000 62
179.552000 180.448000 62
197.984000 198.048000 49
198.048000 198.112000 50
198.112000 198.176000 51
198.176000 198.240000 52
198.240000 199.424000 56
199.552000 200.192000 58
200.192000 200.576000 53
201.088000 201.184000 61
202.048000 202.784000 56
202.784000 204.576000 61
204.576000 206.208000 59
206.880000 206.944000 51
206.944000 207.040000 53
207.040000 207.264000 53
207.264000 207.872000 56
208.000000 208.256000 58
208.256000 208.768000 62
208.768000 211.456000 67
211.584000 215.296000 64
215.744000 217.184000 67
217.184000 217.856000 64
218.048000 218.560000 61
218.560000 218.784000 65
218.944000 219.456000 65
219.456000 219.936000 62
220.256000 221.632000 61
221.728000 222.208000 62
222.208000 222.752000 59
223.200000 223.296000 56
223.392000 223.488000 56
223.584000 223.712000 57
223.808000 224.064000 56
224.768000 224.896000 59
225.088000 225.696000 51
225.984000 226.368000 49
226.560000 226.720000 50
226.944000 227.104000 53
227.264000 227.744000 56
227.840000 228.032000 56
228.064000 228.160000 54
228.416000 228.480000 50
229.248000 229.376000 51
229.536000 230.144000 55
230.848000 231.200000 56
231.424000 233.024000 62
233.376000 235.936000 65
236.064000 236.640000 64
236.832000 237.152000 62
237.152000 237.600000 58
237.760000 242.784000 62
251.200000 252.448000 63
252.448000 252.704000 65
252.704000 254.272000 70
254.656000 254.720000 65
254.720000 255.072000 70
255.072000 255.488000 64
256.768000 260.544000 61
260.672000 260.800000 61
260.896000 260.928000 61
260.960000 261.120000 61
261.568000 261.760000 61
261.888000 262.112000 61
