9.056000 9.184000 57
9.280000 9.792000 58
9.952000 10.240000 58
10.400000 11.040000 58
11.136000 11.712000 60
12.608000 12.768000 60
12.896000 14.592000 65
14.688000 15.136000 63
16.736000 17.152000 65
17.344000 17.984000 66
18.112000 18.496000 63
18.720000 19.136000 62
19.136000 19.872000 65
20.096000 20.256000 63
20.384000 20.480000 63
21.184000 21.728000 56
22.848000 23.520000 63
25.024000 25.344000 64
25.344000 26.016000 66
26.016000 26.688000 63
27.264000 28.352000 61
28.608000 28.832000 58
29.120000 29.728000 58
33.824000 33.984000 57
34.336000 34.464000 58
34.816000 35.808000 58
35.904000 36.480000 60
37.408000 37.632000 61
37.632000 38.144000 65
38.240000 40.128000 63
41.568000 41.920000 65
42.080000 42.592000 66
42.592000 44.832000 65
45.920000 46.880000 56
46.976000 47.488000 57
47.488000 47.584000 61
47.584000 48.416000 63
49.792000 50.112000 63
50.112000 50.752000 66
50.848000 51.616000 63
51.904000 52.032000 63
52.128000 53.056000 61
53.056000 53.664000 60
53.952000 54.592000 58
57.056000 57.280000 65
57.280000 57.536000 68
57.536000 57.888000 64
57.888000 57.984000 63
57.984000 58.752000 62
58.752000 59.488000 65
61.536000 61.888000 58
62.048000 62.624000 61
62.624000 63.264000 65
63.488000 63.936000 63
65.536000 65.984000 58
66.080000 66.720000 62
66.720000 67.520000 70
67.584000 67.744000 68
67.744000 68.032000 67
68.160000 69.216000 66
69.472000 69.792000 61
70.208000 70.336000 63
70.464000 71.488000 66
71.488000 72.320000 63
72.480000 72.960000 65
73.280000 73.568000 65
73.568000 74.272000 68
74.272000 74.432000 63
74.496000 75.168000 62
75.264000 76.288000 65
78.080000 78.208000 57
78.208000 78.400000 58
78.560000 78.880000 61
78.944000 79.200000 62
79.200000 79.456000 65
79.584000 79.744000 63
79.968000 80.448000 63
80.448000 80.576000 60
82.592000 83.008000 62
83.104000 83.584000 69
83.648000 83.840000 67
83.840000 84.512000 68
84.512000 86.368000 67
86.656000 88.800000 66
89.024000 89.536000 64
97.568000 97.792000 58
98.048000 98.560000 58
98.752000 99.232000 59
99.552000 99.648000 56
99.648000 100.512000 60
101.984000 102.112000 58
102.432000 102.496000 68
102.496000 102.560000 68
102.976000 103.168000 68
103.168000 103.392000 67
103.776000 104.160000 63
104.320000 104.448000 62
105.504000 105.664000 63
105.792000 107.040000 66
107.840000 108.320000 63
108.416000 108.640000 65
108.768000 108.960000 67
110.112000 110.816000 63
111.136000 111.328000 63
111.744000 112.128000 62
113.792000 114.112000 63
114.112000 114.848000 66
114.848000 115.456000 63
116.128000 117.088000 61
117.088000 118.720000 60
120.832000 120.960000 63
121.056000 121.248000 65
121.248000 121.536000 68
121.536000 121.600000 63
121.632000 121.664000 63
121.760000 121.984000 63
121.984000 122.784000 62
122.784000 124.000000 65
125.440000 125.664000 55
125.664000 125.888000 57
126.080000 126.432000 61
126.432000 126.688000 60
126.688000 127.008000 65
127.104000 127.296000 63
127.520000 127.936000 63
127.936000 128.096000 60
129.536000 129.728000 56
129.728000 129.984000 58
130.080000 130.752000 62
130.752000 131.488000 70
131.552000 131.904000 68
131.904000 133.056000 66
133.056000 133.920000 63
134.240000 134.336000 63
134.464000 135.392000 67
135.392000 136.352000 63
136.448000 136.992000 65
137.280000 137.696000 65
137.792000 138.048000 68
138.048000 138.400000 64
138.400000 138.528000 63
138.528000 139.296000 62
139.296000 140.192000 65
141.664000 142.528000 70
142.528000 142.624000 65
142.624000 143.168000 63
143.168000 143.360000 65
143.488000 143.648000 63
143.840000 144.224000 63
146.592000 147.104000 62
147.104000 147.456000 70
147.552000 148.416000 70
148.896000 150.016000 67
150.016000 150.176000 63
150.176000 150.720000 62
150.720000 152.928000 67
153.056000 153.600000 64
153.792000 155.520000 70
155.648000 156.384000 65
156.384000 156.832000 65
157.920000 158.464000 70
158.496000 158.560000 69
158.592000 158.976000 69
159.136000 159.552000 62
159.744000 160.256000 65
160.256000 160.864000 63
160.864000 160.992000 57
161.088000 161.184000 57
162.624000 162.784000 56
162.880000 163.008000 58
163.168000 163.552000 61
163.648000 164.192000 70
164.192000 164.928000 68
165.216000 166.816000 67
166.816000 167.168000 64
167.488000 167.616000 63
167.744000 167.904000 65
168.032000 172.512000 66
185.056000 185.312000 66
185.312000 185.568000 68
185.568000 187.040000 65
187.456000 187.584000 63
