1.088000 1.216000 59
1.312000 1.440000 58
1.600000 1.696000 58
1.824000 1.952000 56
2.144000 2.464000 56
2.656000 2.976000 59
3.072000 3.168000 59
3.296000 3.392000 58
3.552000 3.680000 58
3.808000 3.936000 56
4.032000 4.384000 56
6.144000 7.072000 58
8.832000 9.184000 60
9.344000 9.632000 59
10.656000 11.200000 60
11.328000 11.488000 59
11.648000 12.096000 58
12.256000 12.448000 56
14.400000 14.752000 59
15.456000 15.584000 62
15.680000 15.840000 63
15.840000 16.928000 68
17.664000 17.760000 65
17.920000 18.880000 70
19.616000 19.776000 68
19.872000 20.480000 71
20.672000 21.376000 65
21.376000 21.760000 70
21.920000 22.656000 70
23.712000 23.840000 63
23.840000 24.896000 68
25.888000 26.944000 70
27.392000 27.552000 68
27.872000 28.480000 71
28.640000 30.592000 70
33.632000 34.624000 65
35.392000 35.584000 60
35.616000 35.904000 62
36.032000 36.320000 63
36.320000 37.184000 61
37.632000 37.984000 59
38.016000 38.624000 58
39.360000 39.648000 59
40.384000 40.672000 55
40.768000 41.472000 57
41.632000 42.688000 64
43.328000 43.488000 60
43.616000 43.776000 61
43.840000 43.872000 61
44.032000 44.352000 63
44.352000 45.248000 60
45.376000 45.504000 57
45.632000 45.760000 58
45.920000 46.688000 58
47.360000 47.552000 71
47.648000 49.056000 67
49.152000 49.632000 69
49.632000 49.920000 77
50.048000 50.592000 75
51.360000 51.872000 73
52.032000 52.448000 75
52.448000 52.672000 72
52.672000 52.960000 68
53.088000 53.248000 68
53.344000 53.600000 68
53.600000 53.856000 72
53.952000 54.848000 70
55.360000 55.584000 72
55.584000 55.648000 69
55.648000 56.736000 65
56.736000 57.504000 68
57.632000 57.888000 77
58.080000 58.336000 75
58.528000 58.656000 75
59.296000 59.456000 72
59.584000 59.936000 73
60.032000 60.128000 72
60.128000 60.288000 75
60.288000 60.544000 74
60.640000 61.088000 69
61.376000 61.504000 68
61.632000 61.856000 72
61.952000 63.072000 70
63.360000 63.552000 72
63.552000 63.776000 68
63.840000 64.800000 65
64.800000 66.112000 63
66.208000 66.336000 63
66.464000 67.136000 63
68.128000 68.288000 63
68.288000 68.832000 65
68.832000 69.856000 63
70.048000 70.176000 71
70.176000 70.720000 75
70.784000 71.040000 75
71.328000 71.552000 71
71.552000 71.584000 67
71.648000 72.864000 68
72.928000 72.960000 61
73.120000 74.080000 58
74.112000 74.176000 58
74.176000 74.304000 62
74.464000 74.720000 63
74.752000 75.008000 63
75.264000 75.904000 74
76.032000 76.352000 75
76.352000 76.512000 72
76.512000 76.928000 69
77.312000 77.504000 68
77.600000 77.824000 72
77.920000 79.264000 70
79.616000 79.808000 68
80.768000 80.896000 60
81.024000 81.152000 60
81.248000 82.432000 58
82.592000 82.944000 60
83.040000 83.136000 60
83.232000 83.552000 58
83.776000 83.968000 56
84.608000 84.704000 56
85.472000 85.824000 56
85.920000 86.016000 58
86.048000 86.080000 59
86.400000 86.880000 59
88.576000 88.896000 68
89.088000 89.120000 65
89.184000 89.472000 67
89.504000 90.112000 65
90.208000 90.464000 60
90.720000 91.136000 61
91.328000 91.424000 57
91.616000 92.160000 56
92.256000 92.544000 56
93.600000 93.728000 56
93.824000 94.048000 60
94.208000 94.368000 58
94.400000 94.944000 60
95.360000 95.520000 71
95.616000 96.000000 65
96.096000 96.256000 63
96.256000 96.768000 66
96.768000 97.536000 68
97.632000 98.624000 77
99.328000 99.904000 75
100.064000 100.288000 75
100.288000 101.376000 72
101.600000 102.784000 71
103.296000 103.552000 72
103.552000 104.736000 67
104.736000 105.440000 68
105.568000 105.856000 77
105.952000 106.560000 75
107.328000 107.488000 72
107.584000 107.904000 75
108.000000 108.448000 75
108.448000 109.472000 71
109.568000 111.104000 72
111.328000 111.392000 70
111.392000 111.520000 71
111.616000 112.000000 65
112.096000 112.288000 63
112.288000 112.736000 65
112.736000 113.472000 68
113.568000 114.080000 77
114.240000 114.496000 75
115.296000 115.872000 74
115.968000 116.064000 72
116.064000 116.256000 75
116.256000 116.480000 72
116.480000 116.768000 69
117.120000 117.216000 68
117.312000 117.568000 69
117.568000 117.792000 71
117.920000 118.720000 70
119.328000 119.552000 71
119.552000 121.344000 68
121.600000 121.824000 65
121.984000 122.592000 63
123.296000 123.456000 72
123.552000 123.680000 72
123.680000 124.512000 75
124.512000 124.608000 69
124.640000 125.024000 69
125.312000 125.472000 68
125.568000 127.040000 71
127.584000 127.808000 68
132.800000 132.992000 74
133.216000 133.312000 70
133.664000 133.760000 70
133.952000 134.112000 69
135.264000 135.488000 62
135.744000 135.808000 66
135.808000 136.000000 67
136.000000 137.120000 68
137.120000 139.040000 70
139.520000 139.776000 68
139.776000 140.320000 72
140.576000 140.992000 63
141.248000 142.880000 71
143.872000 144.800000 56
145.056000 146.112000 58
146.240000 146.304000 63
146.368000 146.528000 63
146.624000 147.040000 63
147.264000 147.616000 68
147.776000 148.384000 71
148.576000 150.304000 64
150.304000 151.072000 70
151.136000 151.168000 70
151.200000 151.328000 69
151.328000 151.552000 72
151.584000 151.968000 67
152.064000 152.224000 63
152.224000 152.736000 65
152.736000 153.504000 68
153.536000 153.600000 74
153.600000 153.856000 77
153.984000 154.592000 75
155.296000 155.456000 72
155.552000 155.808000 74
155.968000 156.416000 75
156.416000 156.960000 70
157.088000 157.536000 68
157.536000 157.792000 72
157.888000 158.752000 70
159.296000 159.520000 71
159.520000 160.672000 67
160.672000 161.440000 68
161.664000 161.824000 65
162.016000 162.048000 62
162.080000 162.144000 62
162.208000 162.624000 63
163.264000 163.424000 72
163.584000 163.648000 73
163.680000 163.872000 72
163.968000 164.064000 72
164.064000 164.224000 75
164.224000 164.576000 72
164.640000 165.024000 68
165.216000 165.408000 68
165.568000 165.792000 72
165.888000 167.040000 70
167.264000 167.360000 70
167.360000 167.488000 72
167.488000 167.744000 70
167.744000 168.800000 65
168.800000 170.272000 63
170.432000 171.168000 64
172.064000 172.832000 65
172.864000 174.080000 61
174.176000 174.272000 63
174.432000 174.560000 63
174.720000 174.976000 63
175.296000 175.488000 72
175.488000 175.520000 68
175.584000 175.712000 68
175.712000 176.800000 67
176.800000 178.240000 63
178.400000 178.528000 63
178.720000 178.944000 63
179.168000 179.840000 73
179.968000 180.288000 75
180.288000 181.056000 72
181.216000 181.472000 68
181.472000 181.760000 72
181.856000 183.424000 70
183.520000 183.680000 68
184.480000 184.736000 59
184.928000 185.120000 60
185.120000 185.280000 58
185.408000 185.504000 58
185.664000 185.760000 56
185.920000 186.112000 56
186.592000 187.360000 59
187.552000 187.808000 57
187.968000 188.416000 56
189.536000 189.696000 56
190.016000 191.104000 58
191.296000 191.392000 58
