0.128000 0.608000 52
1.024000 1.184000 54
1.280000 1.600000 56
1.664000 1.728000 59
1.728000 2.272000 59
2.272000 2.848000 63
2.848000 3.808000 59
4.000000 5.312000 61
5.504000 5.824000 53
5.984000 6.272000 55
6.400000 7.392000 56
7.648000 8.128000 52
8.512000 8.608000 54
8.768000 9.184000 56
9.184000 9.728000 59
9.728000 10.336000 64
10.336000 11.328000 59
11.488000 12.800000 61
12.960000 13.280000 54
13.440000 13.760000 56
13.888000 14.208000 55
14.400000 14.560000 50
24.480000 24.864000 51
24.992000 25.504000 54
25.632000 25.728000 54
25.728000 26.048000 57
26.048000 27.328000 61
27.456000 28.000000 59
28.416000 28.736000 61
28.864000 29.216000 61
29.344000 29.600000 59
29.824000 30.144000 59
30.304000 30.976000 59
32.224000 32.768000 52
32.896000 33.120000 55
33.120000 33.632000 56
33.632000 33.920000 59
34.080000 34.368000 61
34.528000 34.816000 64
34.816000 35.520000 61
35.936000 36.544000 61
36.544000 36.704000 57
36.896000 37.152000 54
37.312000 37.632000 56
37.824000 38.464000 52
39.648000 40.224000 64
40.416000 41.472000 63
41.568000 41.696000 58
41.824000 43.136000 59
43.456000 43.584000 63
43.584000 43.904000 64
43.904000 44.576000 64
44.672000 46.272000 62
47.200000 47.712000 64
47.904000 48.704000 62
48.832000 48.992000 61
48.992000 49.216000 60
49.408000 49.664000 59
49.824000 49.984000 59
49.984000 50.016000 58
50.016000 50.080000 56
50.080000 50.592000 55
50.976000 51.264000 54
51.392000 51.584000 52
51.584000 52.000000 56
52.128000 52.416000 56
52.576000 54.176000 55
56.576000 56.992000 52
57.248000 57.408000 54
57.504000 57.792000 56
57.952000 58.272000 59
58.432000 58.496000 59
58.496000 58.592000 61
58.592000 59.040000 63
59.136000 59.488000 59
59.488000 60.032000 59
60.320000 60.896000 61
61.024000 61.600000 61
61.760000 61.920000 54
61.920000 62.016000 51
62.016000 62.528000 56
62.624000 62.976000 56
63.136000 63.584000 54
64.032000 64.384000 52
64.736000 64.896000 54
64.992000 65.280000 56
65.440000 65.792000 59
65.952000 66.080000 60
66.080000 66.560000 63
66.656000 66.976000 59
66.976000 67.552000 59
67.808000 68.416000 61
68.512000 69.120000 61
69.216000 69.568000 54
69.696000 69.984000 56
70.176000 70.496000 55
70.688000 71.168000 52
71.488000 71.936000 52
72.224000 72.384000 54
72.480000 72.832000 56
72.928000 73.344000 59
73.440000 74.464000 64
74.464000 74.816000 58
74.816000 75.104000 59
75.296000 75.392000 59
75.392000 76.608000 62
76.704000 77.120000 55
77.184000 77.504000 56
77.632000 77.984000 55
78.112000 78.688000 55
79.072000 79.392000 52
79.744000 80.000000 55
80.000000 80.320000 56
80.448000 80.832000 59
80.928000 80.992000 59
80.992000 81.536000 63
81.632000 81.952000 59
81.952000 82.528000 59
82.816000 83.424000 61
83.520000 83.744000 61
83.744000 84.160000 60
84.160000 84.960000 56
85.152000 85.504000 55
85.664000 85.856000 51
85.856000 86.112000 52
107.008000 107.200000 59
108.480000 108.832000 61
108.832000 108.992000 64
109.088000 109.568000 61
109.568000 110.048000 56
110.304000 110.496000 59
110.496000 111.424000 64
111.424000 112.000000 68
112.320000 112.608000 61
112.608000 112.768000 64
112.768000 113.184000 61
113.280000 116.928000 68
117.280000 117.632000 53
117.952000 118.304000 54
118.464000 118.752000 56
118.912000 120.160000 61
120.320000 120.768000 59
121.248000 121.600000 61
121.696000 122.080000 61
122.176000 122.496000 59
122.624000 122.976000 59
123.136000 123.904000 59
125.024000 125.536000 52
125.728000 126.336000 56
126.464000 126.784000 59
126.880000 127.168000 61
127.360000 127.584000 64
127.584000 127.712000 61
127.808000 128.320000 59
128.768000 129.408000 61
129.408000 129.536000 57
129.728000 129.952000 54
130.144000 130.464000 55
132.448000 133.024000 63
133.184000 134.240000 63
134.656000 135.968000 59
136.224000 136.352000 62
136.352000 136.640000 64
136.640000 137.312000 64
137.440000 137.664000 62
137.664000 138.944000 61
140.000000 140.224000 64
140.224000 140.544000 63
140.704000 141.504000 63
141.664000 141.856000 61
141.856000 142.080000 59
142.240000 142.496000 59
142.624000 142.816000 59
142.816000 142.848000 57
142.848000 142.912000 56
142.912000 143.360000 55
143.744000 145.504000 65
145.504000 148.320000 62
149.376000 149.696000 52
150.112000 150.240000 54
150.368000 150.560000 56
150.816000 151.040000 59
151.264000 151.872000 63
152.000000 152.320000 59
152.320000 152.704000 58
152.704000 152.928000 59
153.152000 153.728000 61
153.856000 154.336000 61
154.592000 154.880000 54
155.488000 155.712000 55
156.032000 156.384000 54
156.768000 157.056000 52
157.600000 157.728000 54
157.856000 158.048000 56
158.272000 158.528000 59
158.752000 158.944000 60
159.072000 159.168000 64
159.168000 159.360000 63
159.488000 159.776000 59
159.776000 160.160000 58
160.160000 160.352000 59
160.576000 161.216000 61
161.344000 161.856000 61
162.048000 162.368000 54
162.528000 162.784000 55
163.008000 163.200000 55
164.224000 164.672000 52
165.088000 165.248000 54
165.344000 165.696000 56
165.696000 165.760000 57
165.760000 166.400000 59
166.400000 166.912000 63
166.912000 167.936000 60
168.128000 169.536000 61
169.536000 169.920000 56
170.016000 170.304000 56
170.496000 170.848000 56
170.976000 171.424000 54
171.712000 172.224000 52
172.576000 172.768000 54
172.864000 173.152000 56
173.216000 173.664000 59
173.728000 174.784000 63
174.784000 175.168000 57
175.168000 175.360000 59
175.616000 176.480000 61
176.576000 176.928000 59
177.024000 177.216000 54
177.216000 177.440000 52
177.440000 177.792000 56
177.984000 178.304000 55
178.496000 178.784000 52
179.296000 179.520000 52
180.096000 180.224000 54
180.320000 180.544000 56
180.768000 181.024000 59
181.280000 181.472000 61
181.504000 181.568000 61
181.568000 181.824000 63
181.984000 182.272000 59
182.272000 182.688000 58
182.688000 182.880000 59
183.040000 183.680000 61
183.808000 184.288000 61
184.544000 184.864000 54
184.992000 185.088000 55
185.472000 185.632000 55
186.720000 187.072000 52
187.552000 187.712000 54
187.840000 188.000000 56
188.256000 188.480000 59
188.704000 188.928000 60
189.024000 189.088000 63
189.088000 189.184000 63
189.184000 189.312000 62
189.440000 189.760000 59
189.760000 190.304000 59
190.560000 191.200000 61
191.328000 191.808000 61
192.032000 192.320000 54
192.512000 192.768000 55
192.960000 193.152000 55
193.664000 193.760000 52
194.176000 194.624000 52
195.040000 195.200000 54
195.296000 195.712000 56
195.712000 196.128000 59
196.224000 196.288000 59
196.288000 196.384000 59
196.384000 196.864000 63
196.864000 197.280000 59
197.280000 197.888000 59
198.080000 199.488000 61
199.488000 199.808000 55
199.968000 200.288000 56
200.480000 200.800000 56
200.928000 201.408000 54
201.696000 202.144000 52
202.560000 202.720000 54
202.816000 203.104000 56
203.232000 204.768000 63
204.768000 205.120000 57
205.120000 205.344000 59
205.600000 205.664000 59
205.664000 206.880000 61
207.008000 207.168000 54
207.168000 207.424000 53
207.424000 207.744000 56
207.936000 208.288000 56
208.416000 208.608000 50
208.608000 208.800000 52
209.184000 209.632000 52
209.984000 210.144000 54
210.272000 210.656000 56
210.656000 211.072000 59
211.168000 212.256000 63
212.256000 212.576000 56
212.576000 212.864000 59
213.056000 214.464000 61
214.464000 214.816000 56
214.944000 215.232000 56
215.424000 215.744000 56
215.904000 216.320000 54
216.640000 217.120000 52
217.504000 217.664000 54
217.792000 218.080000 56
218.144000 219.744000 63
219.744000 220.064000 57
220.064000 220.288000 59
220.544000 220.608000 59
220.608000 221.472000 61
221.472000 221.856000 59
221.952000 222.592000 56
222.592000 222.688000 56
222.880000 223.232000 56
223.424000 223.552000 50
223.552000 223.744000 52
224.096000 224.640000 52
224.992000 225.248000 54
225.248000 225.664000 56
225.664000 226.080000 59
226.176000 226.240000 59
226.240000 227.168000 63
227.168000 227.552000 58
227.552000 227.776000 59
228.064000 229.344000 61
229.440000 229.632000 55
229.632000 229.824000 53
229.920000 230.272000 56
230.400000 230.720000 56
230.848000 231.296000 56
231.648000 232.064000 52
232.512000 233.056000 56
233.152000 233.792000 59
233.792000 234.240000 64
234.368000 234.656000 59
234.656000 235.232000 59
235.584000 236.160000 61
236.256000 236.800000 61
236.928000 237.472000 66
237.472000 237.760000 68
237.856000 238.272000 67
238.368000 238.880000 64
238.976000 239.584000 64
239.744000 240.224000 57
240.544000 240.704000 59
240.704000 240.960000 61
240.960000 241.120000 64
241.120000 241.632000 61
241.792000 242.272000 68
242.592000 243.488000 64
243.488000 247.168000 67
