12.992000 13.152000 55
13.280000 13.536000 55
13.696000 13.856000 55
13.952000 14.176000 56
14.720000 14.976000 55
15.072000 15.168000 56
15.296000 15.392000 56
15.680000 16.096000 61
16.480000 17.760000 64
17.856000 18.080000 62
18.464000 18.784000 62
19.648000 21.248000 65
21.376000 21.536000 63
22.208000 22.432000 63
22.560000 23.392000 62
25.920000 27.104000 57
27.456000 27.584000 55
27.744000 27.904000 56
28.352000 28.672000 62
28.864000 29.152000 62
29.152000 29.472000 64
29.920000 30.656000 64
30.816000 31.488000 62
32.320000 34.304000 65
34.976000 35.200000 62
35.328000 36.224000 62
37.920000 38.240000 63
38.368000 39.456000 61
39.584000 39.808000 65
39.808000 39.904000 66
40.032000 40.192000 67
40.192000 40.384000 69
41.248000 41.408000 66
41.664000 42.784000 62
42.976000 43.200000 57
43.520000 44.128000 63
45.568000 45.664000 63
45.888000 47.584000 65
48.064000 48.352000 63
48.480000 49.472000 62
52.000000 52.928000 57
53.408000 53.952000 55
54.240000 54.656000 62
55.168000 55.328000 62
55.328000 56.256000 64
56.256000 57.184000 63
57.280000 57.632000 60
58.432000 60.128000 65
60.288000 60.480000 62
61.152000 61.440000 63
61.536000 62.560000 62
64.992000 65.984000 56
66.272000 66.848000 56
67.744000 67.872000 59
67.872000 68.064000 62
68.352000 68.640000 63
68.800000 69.376000 64
69.760000 70.048000 68
70.048000 70.304000 64
70.496000 70.912000 63
71.712000 72.480000 64
72.576000 73.248000 65
73.408000 73.600000 62
74.464000 74.720000 63
74.848000 75.808000 62
77.696000 77.984000 62
78.176000 79.040000 60
79.392000 79.584000 64
79.776000 80.288000 69
81.088000 81.312000 67
81.472000 82.528000 63
82.752000 83.072000 56
83.328000 84.000000 63
85.216000 85.280000 62
85.280000 86.304000 67
86.432000 86.976000 64
87.072000 87.360000 62
87.936000 88.224000 64
88.320000 88.672000 62
88.672000 89.376000 61
91.296000 91.616000 63
91.712000 92.288000 60
92.416000 92.736000 61
92.736000 93.024000 67
93.120000 93.280000 67
93.280000 93.568000 70
93.568000 93.760000 68
94.400000 94.720000 67
94.816000 94.976000 63
94.976000 95.328000 62
95.392000 95.840000 60
96.064000 96.352000 56
96.640000 97.152000 64
98.592000 100.864000 65
101.312000 101.536000 63
101.536000 102.720000 62
120.992000 121.824000 62
124.032000 124.384000 64
124.640000 125.600000 60
130.592000 130.784000 62
132.832000 132.928000 61
138.208000 138.848000 64
139.200000 139.520000 69
139.712000 141.056000 72
141.632000 142.528000 69
143.136000 143.360000 64
143.360000 144.032000 63
144.224000 144.672000 64
144.832000 144.960000 62
145.088000 146.304000 65
146.464000 147.328000 60
147.712000 147.904000 64
147.904000 148.000000 67
148.160000 148.576000 69
149.280000 149.376000 60
149.376000 149.440000 62
149.440000 149.728000 67
149.920000 150.144000 62
150.144000 151.104000 61
151.104000 151.584000 58
151.808000 152.480000 64
153.952000 154.112000 64
154.336000 156.512000 65
156.832000 157.184000 64
157.280000 157.600000 62
157.600000 158.272000 62
158.272000 159.584000 72
160.832000 162.304000 57
162.560000 163.136000 56
163.680000 163.872000 60
163.872000 164.128000 62
164.512000 165.760000 64
165.856000 165.984000 62
166.144000 166.496000 62
166.496000 167.232000 62
168.032000 168.896000 64
168.992000 169.472000 67
169.472000 170.176000 64
170.880000 171.168000 63
171.264000 172.384000 62
174.976000 175.168000 55
175.264000 175.616000 55
175.776000 176.032000 58
176.032000 176.416000 56
176.544000 177.344000 55
177.440000 177.952000 62
178.464000 178.752000 63
178.752000 179.840000 67
180.000000 180.320000 62
180.448000 181.088000 62
182.016000 184.384000 65
184.800000 184.896000 64
184.896000 186.304000 63
186.720000 187.552000 72
187.680000 187.808000 65
187.936000 188.352000 63
188.512000 189.280000 61
189.728000 189.920000 64
189.920000 190.016000 67
190.144000 190.592000 69
190.592000 191.104000 66
191.488000 191.776000 67
191.904000 192.032000 63
192.032000 192.160000 62
192.160000 193.088000 62
193.088000 193.600000 57
193.728000 193.792000 61
193.792000 194.144000 64
195.808000 196.736000 64
196.896000 197.568000 65
197.664000 197.952000 62
198.656000 199.808000 63
199.840000 199.904000 59
199.936000 200.224000 62
200.448000 201.600000 72
201.952000 202.336000 63
202.592000 203.232000 60
203.648000 203.840000 64
203.840000 203.936000 67
204.064000 204.512000 69
204.512000 205.088000 66
205.344000 205.696000 67
205.824000 205.952000 63
205.952000 206.080000 62
206.080000 206.944000 62
206.944000 207.520000 58
207.648000 207.712000 61
207.712000 208.064000 64
208.192000 208.288000 63
209.536000 209.632000 60
209.760000 210.688000 64
210.816000 211.488000 65
211.584000 212.192000 64
212.448000 212.672000 65
212.672000 214.016000 63
214.304000 215.552000 72
215.872000 216.288000 63
216.288000 217.152000 61
217.600000 217.760000 64
217.760000 217.888000 67
217.984000 218.464000 69
219.328000 219.648000 67
219.776000 220.064000 63
220.064000 220.512000 62
220.672000 221.024000 74
221.024000 221.600000 70
221.600000 222.304000 67
222.304000 222.528000 67
223.232000 223.680000 62
223.776000 223.872000 62
224.000000 224.128000 62
224.128000 224.384000 63
224.384000 225.280000 67
225.280000 225.696000 62
225.792000 226.336000 62
226.592000 227.744000 63
227.840000 229.920000 72
