5.024000 6.048000 68
6.144000 6.240000 68
15.456000 15.680000 71
20.096000 20.256000 71
20.576000 20.672000 69
23.808000 23.968000 68
24.000000 24.160000 68
24.384000 24.544000 69
24.800000 25.024000 68
25.280000 25.376000 68
26.080000 26.144000 63
26.208000 27.104000 63
27.232000 27.424000 63
27.872000 28.096000 61
28.576000 28.832000 61
30.944000 31.232000 54
31.520000 31.872000 63
31.968000 33.696000 63
33.792000 34.272000 61
34.688000 34.944000 55
35.168000 36.448000 63
36.576000 37.152000 63
37.152000 37.344000 60
37.504000 38.560000 59
39.936000 40.192000 59
40.192000 41.504000 63
41.632000 42.400000 62
42.496000 42.912000 63
43.008000 43.232000 59
43.456000 45.152000 64
45.760000 45.952000 55
46.240000 47.520000 63
47.616000 48.384000 63
48.608000 48.992000 61
49.472000 49.728000 55
49.888000 51.168000 63
51.328000 51.968000 63
51.968000 52.128000 59
52.224000 53.504000 59
54.400000 54.528000 54
54.592000 54.784000 59
54.944000 55.296000 61
55.392000 55.968000 63
55.968000 57.088000 61
57.280000 57.664000 63
57.760000 57.984000 59
58.176000 59.040000 61
59.520000 60.352000 59
60.448000 60.736000 58
60.960000 61.248000 54
61.248000 62.208000 59
62.304000 62.592000 54
63.168000 64.448000 59
64.640000 64.896000 54
65.088000 65.376000 59
65.504000 66.016000 58
66.016000 66.400000 54
66.912000 67.200000 59
67.328000 68.192000 59
68.288000 68.672000 55
68.672000 69.056000 59
69.184000 70.016000 59
70.144000 72.736000 61
72.864000 73.760000 63
74.240000 75.072000 64
75.200000 75.552000 63
75.552000 76.960000 66
76.960000 77.536000 61
77.920000 78.752000 63
78.880000 79.712000 63
79.808000 80.160000 61
80.256000 81.088000 59
81.536000 82.464000 64
82.560000 83.744000 64
83.936000 84.608000 62
84.832000 85.216000 61
85.376000 85.632000 61
85.760000 87.264000 61
87.424000 88.256000 68
88.544000 89.120000 66
89.248000 90.976000 64
91.104000 91.872000 64
92.128000 92.832000 66
92.928000 93.280000 64
93.440000 93.728000 63
93.856000 94.368000 63
94.368000 95.584000 62
95.904000 97.920000 66
98.016000 98.400000 65
98.496000 99.072000 64
99.552000 100.160000 67
100.256000 101.536000 69
101.664000 102.880000 67
103.296000 103.872000 66
103.968000 104.800000 64
104.896000 105.280000 63
105.376000 106.592000 64
106.912000 108.032000 66
108.128000 108.448000 63
108.576000 109.056000 63
109.056000 109.376000 61
109.504000 110.304000 62
110.560000 111.168000 64
111.328000 111.648000 65
111.776000 112.128000 66
112.224000 113.088000 66
113.184000 113.696000 64
113.984000 114.912000 64
115.008000 115.328000 64
115.456000 116.000000 66
116.128000 116.544000 63
116.640000 117.088000 60
117.408000 118.304000 61
118.464000 120.576000 59
127.104000 127.520000 56
127.520000 127.776000 57
127.776000 128.672000 61
134.048000 134.336000 56
134.528000 134.880000 63
135.040000 137.376000 63
137.696000 138.176000 58
138.176000 138.592000 63
138.720000 139.008000 61
139.136000 139.456000 61
139.552000 140.288000 63
140.288000 141.824000 59
143.008000 143.264000 59
143.264000 144.480000 63
144.640000 144.800000 58
144.800000 145.408000 61
145.568000 145.920000 63
146.016000 146.272000 59
146.464000 148.256000 64
148.832000 149.056000 55
149.248000 149.600000 63
149.728000 150.464000 62
150.624000 151.424000 63
151.520000 152.000000 62
152.448000 152.736000 55
152.928000 154.048000 63
154.304000 155.296000 63
155.296000 156.832000 61
158.016000 158.336000 61
158.464000 158.784000 63
158.912000 159.264000 59
159.360000 159.776000 59
159.872000 160.288000 61
160.288000 161.024000 63
161.216000 162.016000 61
162.016000 162.144000 58
162.624000 163.808000 59
164.000000 164.448000 55
164.448000 164.768000 59
164.896000 165.408000 58
165.504000 165.760000 54
166.304000 167.136000 59
167.264000 167.552000 58
167.648000 168.096000 55
168.096000 168.416000 59
168.608000 169.120000 58
169.120000 169.440000 54
169.952000 170.304000 59
170.432000 170.752000 59
170.880000 171.264000 59
171.264000 171.648000 55
171.744000 173.056000 59
173.184000 173.504000 60
173.632000 173.952000 61
174.048000 175.360000 61
175.488000 175.840000 59
175.936000 176.288000 63
176.384000 176.864000 63
177.312000 179.488000 66
179.648000 180.768000 63
181.024000 182.240000 63
182.368000 182.720000 63
182.848000 183.136000 61
183.264000 183.392000 60
183.392000 183.648000 59
183.776000 184.192000 60
184.704000 185.056000 64
185.152000 185.472000 64
185.568000 185.888000 65
186.048000 187.072000 64
187.072000 187.328000 61
187.424000 187.648000 59
187.904000 188.288000 61
188.384000 189.632000 61
189.728000 190.304000 61
190.432000 191.264000 68
191.584000 192.192000 66
192.320000 192.672000 64
192.768000 194.048000 63
194.144000 194.912000 64
195.264000 196.384000 66
196.512000 196.800000 63
196.928000 197.376000 63
197.376000 198.688000 62
198.944000 199.552000 64
199.648000 200.928000 66
201.056000 201.408000 65
201.504000 202.048000 64
202.624000 202.976000 67
203.072000 203.200000 67
203.296000 204.576000 69
204.704000 205.984000 68
206.336000 206.912000 66
207.040000 208.736000 64
208.832000 209.664000 65
209.952000 210.720000 66
210.720000 211.104000 64
211.200000 212.480000 63
212.576000 213.376000 62
213.568000 214.208000 64
214.368000 214.752000 64
214.848000 216.832000 66
217.056000 217.920000 64
218.080000 218.336000 64
218.496000 218.880000 66
219.168000 219.648000 64
219.648000 220.000000 62
220.256000 220.896000 68
220.992000 221.184000 66
221.472000 222.368000 67
222.368000 223.840000 71
224.352000 224.448000 66
224.704000 225.280000 67
225.376000 228.192000 65
228.384000 229.024000 67
229.120000 229.472000 65
229.600000 229.920000 64
230.016000 230.560000 64
230.560000 231.776000 63
232.064000 233.824000 67
233.952000 234.176000 67
234.176000 235.264000 66
235.712000 236.288000 68
236.384000 237.696000 70
237.824000 239.040000 68
239.424000 240.064000 67
240.160000 242.784000 65
243.104000 244.192000 67
244.288000 244.640000 64
244.736000 245.536000 64
245.632000 246.528000 63
246.688000 247.360000 65
247.488000 248.064000 65
248.160000 248.320000 65
248.416000 249.024000 67
249.024000 249.248000 65
249.344000 249.920000 65
250.080000 251.072000 65
251.168000 251.456000 65
251.616000 252.128000 67
252.288000 252.960000 65
253.056000 253.536000 61
254.080000 254.496000 62
254.624000 256.832000 62
258.464000 258.528000 59
258.528000 259.776000 60
259.776000 262.944000 63
265.024000 265.152000 58
265.152000 266.080000 64
266.080000 266.560000 67
266.816000 267.232000 67
267.328000 267.424000 67
