34.752000 34.816000 59
34.816000 34.912000 62
35.008000 35.520000 65
35.520000 36.544000 67
36.544000 37.120000 64
37.952000 38.048000 60
38.144000 38.272000 58
38.272000 38.528000 60
38.528000 39.744000 64
41.056000 41.152000 53
41.152000 42.048000 60
42.176000 42.496000 62
42.688000 43.200000 61
43.456000 44.224000 54
44.352000 46.176000 56
47.680000 47.808000 64
47.904000 48.416000 65
48.416000 49.440000 67
49.440000 50.144000 65
50.240000 50.336000 62
50.720000 51.360000 60
51.360000 52.448000 65
53.984000 54.048000 55
54.048000 55.008000 60
55.104000 56.000000 62
56.224000 56.448000 55
56.672000 57.344000 65
57.632000 57.888000 64
58.048000 58.272000 64
58.784000 58.976000 63
58.976000 59.168000 64
59.328000 59.808000 64
59.808000 60.800000 72
61.824000 61.888000 56
61.888000 62.048000 58
62.048000 62.720000 61
62.720000 63.776000 67
64.864000 64.928000 54
64.928000 65.024000 56
65.024000 65.280000 58
65.280000 65.536000 60
65.696000 66.176000 65
66.432000 68.128000 65
68.256000 70.048000 66
71.776000 71.936000 62
71.936000 72.096000 64
72.192000 72.320000 65
72.416000 73.440000 64
73.568000 73.792000 62
74.784000 74.944000 60
74.944000 75.456000 64
75.616000 75.872000 61
76.192000 76.928000 55
77.920000 78.208000 57
78.368000 78.688000 60
79.264000 79.776000 60
80.160000 80.320000 55
80.320000 80.576000 58
80.576000 81.728000 62
81.728000 82.944000 67
83.040000 83.904000 64
83.904000 84.288000 62
84.576000 84.992000 65
85.184000 85.536000 64
86.016000 86.368000 62
86.464000 86.784000 62
87.712000 88.960000 64
88.960000 89.408000 67
89.568000 89.856000 67
90.240000 90.560000 72
90.656000 90.944000 69
91.104000 91.328000 67
91.520000 91.776000 69
92.128000 92.256000 62
92.256000 92.448000 64
92.576000 93.408000 62
94.368000 94.592000 57
94.592000 94.880000 61
94.880000 95.328000 65
95.328000 95.840000 62
96.000000 96.448000 65
96.448000 98.144000 62
98.336000 99.808000 60
122.560000 122.688000 60
122.784000 123.328000 65
123.328000 124.320000 67
124.320000 124.896000 64
125.888000 126.016000 58
126.016000 127.936000 65
129.024000 129.120000 55
129.120000 131.232000 62
131.360000 132.128000 53
132.288000 134.240000 56
135.552000 135.680000 65
135.776000 136.224000 65
136.224000 137.728000 67
137.728000 137.856000 60
138.880000 139.296000 60
139.296000 141.024000 65
142.080000 142.144000 56
142.144000 143.040000 60
143.200000 144.224000 62
144.416000 144.704000 55
144.896000 145.536000 65
145.728000 145.824000 66
145.984000 146.144000 65
146.144000 146.336000 67
146.464000 146.752000 64
147.104000 147.168000 61
147.168000 147.552000 64
147.680000 148.160000 64
148.160000 149.728000 72
150.528000 150.624000 56
150.624000 150.816000 59
150.816000 151.456000 61
151.456000 152.704000 67
153.600000 153.760000 56
153.760000 154.016000 57
154.016000 154.400000 60
154.496000 154.976000 65
155.104000 155.200000 65
155.328000 157.696000 67
157.824000 158.528000 65
158.528000 159.424000 63
160.480000 160.544000 60
160.672000 161.024000 64
161.152000 163.040000 65
163.904000 163.936000 58
164.032000 164.512000 64
164.512000 164.576000 60
164.704000 164.960000 60
165.248000 166.208000 56
166.784000 166.880000 56
166.976000 167.264000 57
167.424000 167.744000 60
168.160000 168.352000 55
168.352000 168.576000 58
168.576000 168.928000 61
169.408000 169.600000 56
169.600000 169.792000 57
169.792000 171.040000 62
171.040000 172.224000 67
172.320000 173.248000 64
173.248000 173.760000 63
173.856000 174.336000 65
174.496000 174.880000 64
175.328000 176.320000 62
177.088000 178.624000 66
178.624000 178.944000 67
179.104000 179.456000 67
179.840000 179.968000 70
179.968000 180.192000 72
180.192000 180.928000 69
181.088000 181.408000 69
181.696000 182.048000 64
182.144000 183.072000 63
183.904000 184.128000 57
184.128000 184.384000 60
184.384000 184.896000 65
184.896000 185.152000 60
185.472000 185.856000 65
185.856000 187.520000 62
187.616000 189.344000 63
190.240000 190.368000 59
190.464000 190.656000 62
190.656000 190.784000 64
190.880000 191.008000 64
191.136000 192.960000 64
193.664000 193.728000 60
193.728000 193.856000 60
193.856000 194.368000 63
194.496000 194.944000 62
195.296000 196.096000 55
196.992000 197.248000 56
197.440000 197.760000 60
198.464000 199.264000 60
199.712000 199.808000 57
199.808000 199.936000 58
199.936000 201.120000 62
201.120000 202.592000 67
202.720000 202.944000 62
202.944000 203.232000 64
203.232000 203.712000 63
203.840000 204.320000 65
204.480000 204.896000 64
205.216000 205.280000 58
205.280000 206.240000 63
207.040000 208.480000 66
208.480000 208.864000 67
209.024000 209.376000 67
209.792000 209.920000 70
209.920000 210.176000 72
210.176000 210.912000 69
211.104000 211.520000 69
211.776000 212.352000 64
212.352000 213.248000 62
214.016000 214.240000 57
214.240000 214.528000 60
214.528000 215.008000 65
215.008000 215.584000 62
215.744000 216.160000 65
216.160000 218.176000 62
218.592000 220.768000 61
224.160000 224.256000 56
224.256000 224.320000 57
224.320000 224.416000 58
224.416000 224.928000 59
224.928000 226.400000 62
226.944000 227.008000 57
227.008000 227.552000 62
227.552000 228.672000 65
228.672000 231.232000 72
232.704000 232.960000 74
233.184000 234.112000 72
