23.488000 23.680000 57
27.456000 28.736000 58
28.736000 28.832000 59
28.832000 31.456000 61
31.616000 33.600000 66
33.600000 37.408000 61
38.048000 39.488000 59
39.584000 41.696000 62
41.888000 43.296000 61
43.296000 47.936000 57
48.768000 49.632000 58
49.632000 50.176000 55
50.272000 51.776000 49
51.808000 52.000000 49
52.000000 52.416000 52
52.800000 53.024000 54
53.120000 54.816000 59
54.816000 55.104000 59
55.520000 55.648000 54
55.648000 56.032000 58
56.032000 59.104000 61
59.136000 59.200000 62
59.200000 60.832000 65
60.832000 62.784000 66
63.360000 63.776000 64
63.904000 64.352000 61
64.352000 66.496000 64
66.496000 71.136000 64
71.712000 72.096000 64
72.096000 72.672000 63
72.672000 73.120000 59
73.216000 73.664000 56
73.664000 76.800000 61
76.800000 77.664000 55
77.792000 79.136000 49
79.264000 79.360000 49
80.288000 80.544000 49
80.544000 80.736000 51
80.736000 81.056000 52
81.056000 81.632000 55
81.632000 84.480000 61
84.608000 84.832000 59
84.832000 85.024000 57
85.024000 85.056000 56
85.056000 85.664000 55
85.760000 86.592000 50
86.592000 90.272000 56
104.480000 104.704000 64
108.352000 108.960000 53
108.960000 109.344000 55
109.344000 112.288000 61
112.384000 112.832000 64
112.928000 113.376000 67
113.376000 114.112000 66
114.112000 115.936000 61
116.064000 118.080000 59
118.656000 118.976000 57
119.104000 120.000000 59
120.160000 121.568000 61
121.568000 123.680000 64
123.680000 127.168000 57
128.928000 129.216000 57
129.344000 129.824000 58
129.824000 130.272000 54
130.400000 131.072000 49
131.168000 131.296000 47
131.392000 131.712000 49
131.840000 132.448000 52
132.896000 133.152000 54
133.152000 135.104000 59
135.520000 136.000000 57
136.000000 136.832000 60
136.832000 139.328000 63
139.328000 142.752000 66
143.200000 143.712000 64
143.808000 144.256000 61
144.256000 144.768000 60
144.864000 144.928000 53
144.928000 145.472000 57
145.568000 150.752000 64
151.392000 151.904000 64
151.904000 152.512000 63
152.512000 155.328000 59
155.456000 155.648000 59
155.648000 156.000000 62
156.000000 156.704000 59
156.704000 157.312000 53
157.440000 158.624000 49
159.712000 160.064000 50
160.160000 160.992000 54
161.088000 161.344000 54
161.344000 164.480000 61
164.480000 164.832000 56
164.832000 166.016000 52
166.272000 166.592000 53
166.592000 169.312000 57
169.440000 169.536000 54
176.096000 176.192000 54
176.320000 176.416000 54
176.512000 176.608000 54
176.704000 176.800000 54
178.144000 178.464000 52
179.968000 180.928000 54
180.928000 181.184000 57
181.184000 181.376000 59
181.504000 183.936000 62
184.064000 184.544000 64
184.544000 185.536000 68
185.760000 187.616000 61
187.712000 189.696000 59
190.400000 190.688000 57
190.816000 191.264000 57
191.264000 193.888000 61
193.984000 194.816000 59
194.976000 195.488000 61
195.488000 199.136000 57
200.832000 201.568000 58
201.568000 201.760000 56
201.760000 202.144000 54
202.272000 203.136000 49
203.264000 203.648000 49
203.648000 204.544000 52
204.768000 204.960000 54
205.056000 205.792000 58
205.792000 206.688000 58
206.688000 206.912000 59
207.520000 207.872000 58
207.872000 210.816000 61
210.976000 211.936000 66
211.936000 212.256000 62
212.256000 214.592000 66
215.104000 215.680000 65
215.680000 216.480000 62
216.608000 217.280000 57
217.376000 222.592000 64
223.328000 223.872000 64
223.872000 224.352000 63
224.352000 224.736000 59
224.864000 227.296000 57
227.424000 227.808000 61
227.904000 228.352000 58
228.352000 228.512000 56
228.512000 229.312000 53
229.312000 230.848000 51
231.904000 232.096000 49
232.096000 232.512000 52
232.608000 232.992000 54
233.120000 233.440000 55
233.440000 236.480000 61
236.480000 237.152000 56
237.376000 238.144000 49
238.400000 238.752000 53
238.752000 241.856000 59
249.696000 251.136000 50
