10.880000 11.392000 57
11.488000 11.648000 57
11.744000 12.192000 57
12.288000 13.280000 58
14.464000 15.296000 56
15.296000 16.032000 58
16.128000 16.896000 57
18.048000 18.336000 50
18.432000 19.040000 53
19.328000 19.616000 51
19.616000 20.096000 57
20.192000 20.704000 55
21.440000 21.600000 57
21.696000 22.432000 57
22.528000 23.040000 59
23.136000 23.840000 55
24.960000 25.568000 57
25.792000 26.272000 58
26.400000 27.360000 57
28.416000 29.024000 55
29.216000 29.728000 58
29.728000 30.016000 56
30.112000 30.880000 57
31.968000 32.288000 51
32.416000 32.832000 54
33.312000 33.408000 50
33.632000 33.792000 55
33.888000 34.016000 57
34.176000 34.880000 55
35.392000 35.712000 52
36.000000 36.160000 53
36.256000 36.736000 55
36.736000 36.960000 53
37.088000 38.368000 53
52.256000 52.288000 64
52.640000 52.800000 59
53.120000 53.312000 55
53.408000 53.632000 57
53.632000 53.760000 54
53.760000 54.144000 57
54.144000 54.464000 55
54.624000 55.264000 57
55.904000 56.352000 54
56.352000 56.544000 62
56.640000 57.952000 61
58.048000 58.976000 60
59.968000 60.288000 50
60.416000 61.632000 57
61.824000 62.144000 53
62.144000 62.720000 57
63.360000 63.680000 61
63.840000 64.704000 60
64.704000 65.280000 59
65.728000 65.856000 60
65.952000 66.752000 60
66.880000 67.168000 60
67.424000 68.160000 65
68.288000 69.728000 68
70.336000 71.072000 58
71.168000 71.360000 69
71.456000 72.352000 68
72.448000 72.544000 66
72.640000 73.120000 60
73.600000 73.760000 68
73.888000 74.016000 65
74.176000 74.560000 65
74.688000 74.784000 65
74.944000 75.168000 64
75.168000 75.552000 63
75.584000 75.744000 65
75.808000 75.936000 61
75.936000 76.096000 64
76.160000 76.512000 64
77.056000 77.216000 60
77.344000 78.016000 62
78.176000 78.688000 69
78.688000 78.944000 68
79.008000 79.296000 67
79.296000 79.520000 69
79.616000 80.384000 66
80.864000 81.920000 60
82.240000 83.328000 67
83.424000 83.520000 67
83.648000 83.968000 67
84.192000 84.576000 65
84.576000 85.088000 70
85.184000 85.376000 69
85.536000 86.080000 65
86.208000 86.464000 55
86.848000 87.008000 48
87.872000 88.544000 65
88.640000 89.280000 65
89.280000 90.336000 70
91.008000 91.200000 60
91.296000 91.552000 62
91.840000 92.576000 62
92.736000 92.896000 62
93.312000 93.536000 69
93.536000 94.208000 67
94.496000 94.560000 58
94.560000 95.072000 60
95.072000 95.520000 58
95.616000 96.160000 58
96.256000 96.960000 65
97.472000 97.664000 65
97.824000 97.952000 65
98.272000 102.880000 69
104.160000 104.288000 67
104.736000 104.992000 66
105.440000 106.080000 69
106.208000 106.432000 70
106.592000 106.720000 67
106.816000 106.944000 66
107.040000 107.744000 64
108.224000 108.448000 64
111.392000 111.936000 55
112.384000 113.632000 57
114.144000 114.784000 57
115.264000 115.616000 60
116.288000 116.480000 69
119.008000 119.136000 68
119.264000 120.672000 63
120.800000 121.376000 60
122.176000 122.336000 56
122.784000 123.264000 55
123.264000 123.488000 59
125.120000 125.696000 65
129.408000 129.984000 70
129.984000 130.624000 68
130.976000 131.488000 66
131.520000 131.584000 64
131.776000 133.120000 67
133.248000 134.016000 67
134.112000 134.592000 58
134.688000 134.912000 52
135.072000 135.328000 53
135.584000 135.936000 50
136.480000 136.640000 57
136.640000 136.768000 59
136.768000 137.312000 62
137.312000 137.856000 65
138.112000 138.496000 67
138.496000 140.096000 67
140.256000 140.672000 67
140.768000 143.104000 60
143.168000 143.200000 60
143.264000 143.296000 60
143.776000 144.704000 67
145.216000 145.312000 59
145.472000 145.664000 69
145.664000 146.528000 68
147.264000 147.968000 62
148.064000 148.896000 70
148.960000 149.024000 64
149.152000 149.536000 65
149.632000 149.856000 65
150.080000 150.304000 62
150.400000 150.656000 64
150.656000 151.040000 65
151.040000 152.864000 65
153.120000 153.248000 67
153.344000 153.824000 65
153.920000 154.048000 64
154.176000 156.000000 55
156.224000 156.384000 65
156.416000 156.800000 65
156.864000 157.312000 65
157.408000 161.600000 65
168.224000 168.672000 57
168.800000 169.248000 57
169.568000 169.856000 58
169.856000 170.496000 55
171.680000 173.312000 58
173.408000 173.952000 57
175.328000 175.584000 50
175.744000 176.288000 53
176.960000 177.856000 57
178.752000 179.072000 52
179.264000 181.216000 55
