4.608000 4.672000 63
4.672000 4.832000 64
4.832000 5.376000 62
5.536000 5.760000 61
5.984000 6.176000 60
6.432000 6.656000 60
6.656000 7.072000 64
7.168000 7.776000 68
8.256000 8.608000 64
8.704000 8.992000 62
9.216000 9.312000 60
9.632000 9.792000 60
10.080000 10.400000 62
10.528000 10.624000 63
10.752000 11.424000 67
11.808000 12.000000 67
12.128000 12.448000 65
12.800000 12.992000 64
13.184000 13.408000 65
13.568000 13.632000 61
13.632000 13.888000 64
13.888000 14.080000 60
14.176000 14.304000 60
14.304000 14.880000 56
15.488000 15.648000 67
15.648000 16.608000 66
16.608000 16.768000 60
16.928000 17.056000 64
17.280000 17.472000 64
17.600000 17.696000 59
18.304000 18.336000 62
18.720000 19.232000 63
19.520000 19.616000 62
19.904000 20.192000 60
21.696000 21.728000 63
31.328000 31.424000 67
36.576000 37.408000 60
37.408000 37.632000 56
37.888000 38.368000 56
38.368000 39.136000 61
39.296000 39.424000 55
39.520000 40.160000 54
40.160000 40.992000 60
40.992000 41.856000 56
41.984000 42.144000 60
42.432000 42.720000 56
42.912000 43.168000 62
43.328000 43.840000 60
44.032000 44.256000 60
44.288000 44.608000 60
44.608000 45.504000 58
45.632000 46.496000 60
46.496000 47.136000 56
47.168000 47.360000 54
47.360000 47.520000 57
47.648000 48.224000 60
48.224000 48.512000 59
49.056000 49.152000 54
49.248000 49.472000 60
49.760000 50.112000 57
50.112000 50.848000 62
51.072000 51.584000 60
51.680000 51.904000 59
52.096000 52.224000 60
52.896000 53.280000 59
53.280000 53.664000 58
53.824000 53.952000 55
54.208000 54.336000 55
54.656000 54.816000 60
54.912000 55.200000 60
55.328000 55.712000 59
55.840000 55.904000 60
56.064000 56.416000 57
56.512000 56.704000 55
56.832000 57.024000 55
58.240000 58.752000 60
58.848000 59.456000 60
60.096000 60.512000 59
60.704000 61.536000 62
61.856000 62.016000 60
62.112000 62.400000 61
62.528000 62.912000 60
63.072000 63.168000 59
63.168000 63.392000 55
63.488000 64.032000 62
64.320000 64.384000 62
64.384000 64.576000 65
64.576000 65.152000 62
65.312000 65.504000 60
65.760000 65.952000 60
66.208000 66.464000 60
66.464000 66.816000 64
66.944000 67.200000 66
67.264000 67.392000 67
68.032000 68.192000 64
68.192000 68.800000 63
68.928000 69.120000 61
69.376000 69.568000 61
69.824000 70.048000 60
70.272000 70.432000 64
70.496000 71.072000 67
71.520000 71.776000 67
71.872000 72.224000 65
72.384000 72.544000 65
72.544000 73.184000 65
73.376000 73.440000 61
73.440000 73.632000 64
73.632000 73.824000 60
73.920000 74.048000 62
74.048000 74.080000 60
74.080000 74.272000 58
74.592000 74.656000 55
74.688000 74.752000 56
75.232000 75.488000 67
75.488000 75.840000 66
76.032000 76.224000 65
76.224000 76.352000 64
76.352000 76.480000 63
76.672000 76.800000 64
76.896000 77.024000 62
77.024000 77.248000 64
77.344000 77.472000 60
77.600000 77.696000 55
78.496000 79.104000 64
79.328000 79.456000 61
79.648000 79.744000 61
79.776000 79.808000 59
94.528000 95.328000 60
95.328000 95.776000 57
95.904000 96.320000 54
96.320000 96.416000 57
96.576000 97.120000 60
97.120000 97.408000 59
97.696000 97.856000 53
98.048000 98.944000 61
99.104000 99.200000 54
99.296000 99.904000 55
99.904000 100.128000 60
100.384000 100.672000 55
100.832000 101.376000 62
101.760000 102.528000 60
102.656000 103.456000 55
103.584000 104.000000 60
104.160000 104.416000 60
104.416000 105.120000 64
105.120000 105.312000 60
105.440000 106.240000 61
106.336000 106.464000 55
106.464000 106.656000 54
106.784000 107.072000 54
107.232000 107.392000 60
107.648000 108.032000 56
108.064000 108.128000 57
108.128000 108.448000 62
108.576000 108.768000 60
109.088000 109.504000 61
109.632000 109.856000 59
109.952000 110.464000 61
110.816000 111.200000 59
111.200000 111.584000 58
111.776000 111.936000 55
112.096000 112.288000 55
112.640000 113.760000 60
114.016000 114.272000 57
114.496000 114.976000 55
115.136000 115.232000 55
116.192000 116.736000 60
116.896000 117.504000 61
118.016000 118.368000 59
118.624000 119.456000 62
119.904000 120.864000 60
121.056000 121.152000 60
121.472000 122.016000 62
122.272000 122.336000 61
122.336000 122.560000 65
122.560000 123.136000 62
123.296000 123.456000 60
123.744000 123.904000 60
124.192000 124.544000 62
124.544000 124.768000 64
124.896000 125.408000 67
125.952000 126.144000 64
126.144000 126.400000 63
126.560000 126.720000 61
126.976000 127.008000 60
127.424000 127.456000 60
127.776000 128.032000 60
128.256000 128.352000 64
128.448000 128.992000 67
128.992000 129.088000 72
129.120000 129.152000 72
129.536000 129.728000 67
129.856000 130.176000 65
130.528000 130.720000 64
130.720000 130.944000 62
130.944000 131.136000 64
131.424000 131.616000 64
131.616000 131.808000 60
131.904000 132.032000 62
132.032000 132.640000 59
133.184000 133.760000 67
133.952000 134.176000 65
134.176000 134.336000 64
134.336000 134.464000 62
134.624000 134.784000 64
134.784000 134.944000 62
135.040000 135.200000 64
135.296000 135.424000 60
135.424000 135.776000 58
135.776000 135.904000 60
136.032000 136.128000 62
136.160000 136.192000 62
136.448000 137.056000 64
137.248000 137.376000 62
137.536000 138.240000 62
138.336000 138.528000 60
138.784000 138.848000 60
139.072000 139.136000 65
146.944000 147.008000 67
147.744000 147.840000 67
148.192000 148.256000 67
148.544000 148.672000 69
150.176000 150.368000 65
150.432000 150.464000 65
150.496000 150.560000 65
151.904000 151.968000 67
152.320000 152.416000 66
152.832000 153.184000 65
153.312000 153.568000 62
153.664000 153.792000 62
153.984000 154.048000 62
154.048000 154.240000 65
154.240000 154.816000 62
154.976000 155.168000 60
155.424000 155.616000 60
155.840000 156.096000 60
156.096000 156.480000 64
156.576000 157.248000 68
157.664000 158.016000 63
158.208000 158.432000 61
158.592000 158.784000 60
159.040000 159.232000 60
159.488000 159.840000 62
160.128000 160.384000 65
160.480000 160.768000 67
160.832000 160.864000 72
161.248000 161.440000 67
161.568000 161.856000 65
162.016000 162.112000 65
162.240000 162.432000 64
162.432000 162.560000 62
162.560000 162.848000 64
162.848000 162.976000 60
163.104000 163.200000 64
163.200000 163.648000 63
163.808000 164.224000 55
165.056000 165.216000 66
165.216000 165.792000 65
165.792000 166.528000 64
166.720000 166.912000 65
166.912000 167.200000 60
167.456000 167.712000 63
167.936000 168.224000 62
168.576000 168.832000 64
168.832000 169.312000 62
169.472000 169.696000 60
170.368000 170.560000 60
170.560000 170.784000 62
170.784000 171.136000 65
171.264000 171.648000 67
171.776000 171.904000 67
172.064000 172.384000 65
172.384000 172.928000 62
173.088000 173.280000 60
173.536000 173.728000 60
174.016000 174.208000 62
174.208000 174.688000 65
174.880000 174.912000 69
175.168000 175.424000 67
175.456000 175.488000 67
175.712000 175.936000 67
176.032000 176.352000 65
176.736000 176.896000 64
176.896000 177.120000 62
177.120000 177.344000 64
177.344000 177.504000 60
177.600000 177.792000 64
177.792000 177.984000 60
178.112000 178.208000 59
178.208000 178.240000 56
178.304000 178.912000 56
179.456000 179.936000 67
180.000000 180.032000 64
180.096000 180.320000 65
180.320000 180.512000 64
180.512000 180.704000 62
180.832000 180.960000 64
181.216000 181.376000 65
181.472000 181.600000 60
181.888000 181.984000 57
182.112000 182.336000 62
182.688000 183.200000 64
183.520000 183.616000 62
183.808000 183.872000 64
184.032000 184.064000 70
196.128000 196.256000 55
196.480000 196.544000 62
196.544000 196.704000 65
196.832000 196.960000 64
197.440000 198.016000 62
