26.400000 26.560000 51
26.816000 27.680000 59
28.384000 29.632000 60
29.728000 30.016000 57
30.144000 30.848000 57
31.008000 32.736000 60
33.568000 33.728000 54
33.888000 34.528000 60
35.136000 35.360000 60
35.552000 36.256000 62
36.448000 36.736000 57
36.832000 38.240000 60
38.432000 38.624000 59
38.880000 39.616000 59
40.224000 40.352000 57
40.544000 41.152000 62
41.856000 43.072000 64
43.072000 43.744000 60
43.904000 44.160000 59
44.288000 44.576000 60
44.704000 44.896000 57
45.120000 45.408000 56
45.504000 45.568000 61
45.568000 46.048000 66
46.784000 47.008000 64
47.200000 47.552000 62
47.552000 47.936000 61
48.512000 48.800000 54
48.800000 48.864000 55
48.864000 50.112000 59
50.112000 52.448000 56
53.440000 53.792000 60
53.920000 54.592000 59
55.136000 56.288000 60
56.384000 56.672000 57
56.832000 57.472000 56
57.696000 58.656000 60
58.784000 59.584000 59
60.288000 60.448000 52
60.576000 60.640000 57
60.640000 61.152000 60
61.856000 62.912000 62
63.104000 63.776000 59
63.904000 65.376000 60
65.536000 66.336000 59
66.784000 66.976000 55
67.232000 67.712000 62
68.352000 68.736000 62
68.896000 69.568000 64
69.728000 70.336000 60
70.560000 70.752000 59
70.752000 71.712000 60
72.224000 72.864000 66
73.440000 73.920000 63
73.920000 74.656000 62
74.848000 75.104000 54
75.104000 75.552000 56
75.552000 76.384000 59
76.512000 77.088000 57
77.184000 78.784000 55
79.136000 79.616000 55
79.680000 79.744000 59
79.744000 80.064000 61
80.064000 81.568000 64
81.568000 81.984000 60
82.080000 82.592000 57
82.848000 82.944000 53
83.072000 83.584000 60
83.744000 84.640000 62
84.736000 85.312000 59
85.472000 86.016000 55
86.368000 87.872000 60
88.064000 88.288000 60
88.896000 89.440000 54
89.728000 91.328000 57
91.808000 92.672000 59
92.672000 92.928000 55
93.056000 93.344000 59
93.344000 94.624000 64
94.752000 95.104000 60
95.104000 95.776000 59
96.128000 96.288000 67
96.416000 96.992000 67
97.408000 97.504000 62
97.504000 97.792000 61
97.792000 97.920000 64
98.080000 98.272000 62
98.464000 99.232000 60
99.456000 99.648000 56
99.648000 100.992000 62
101.280000 101.728000 67
101.824000 102.016000 60
102.112000 102.624000 55
103.072000 103.680000 54
103.904000 105.952000 55
106.784000 107.136000 60
107.232000 108.000000 59
108.608000 108.832000 59
108.992000 109.632000 60
109.760000 110.016000 57
110.208000 110.368000 55
110.624000 110.848000 57
111.040000 111.264000 59
111.424000 112.000000 60
112.128000 112.896000 59
113.216000 113.344000 54
113.536000 113.664000 52
113.664000 113.760000 54
113.760000 113.888000 56
113.888000 114.560000 60
115.168000 115.424000 60
115.584000 115.904000 62
116.000000 116.192000 60
116.480000 116.896000 59
116.896000 118.176000 60
118.400000 118.624000 59
118.880000 119.744000 59
120.128000 120.384000 56
120.544000 121.216000 62
121.728000 122.048000 62
122.208000 122.944000 64
123.040000 123.712000 60
123.936000 124.256000 58
124.288000 124.640000 60
124.768000 124.992000 57
125.120000 125.344000 55
125.568000 126.624000 66
126.752000 127.488000 64
127.648000 127.904000 60
128.480000 128.608000 65
128.896000 129.408000 59
129.728000 130.240000 57
130.560000 130.880000 55
131.424000 131.584000 56
131.744000 132.960000 55
145.504000 145.632000 59
145.952000 146.016000 62
146.016000 146.176000 65
146.176000 146.592000 68
146.592000 147.712000 71
147.712000 148.768000 67
148.864000 149.440000 69
149.440000 149.888000 66
149.888000 150.464000 65
150.560000 150.656000 62
150.752000 150.912000 62
150.912000 152.960000 69
153.472000 153.664000 58
153.856000 154.688000 60
155.008000 155.680000 62
155.680000 156.928000 66
157.216000 157.536000 67
157.632000 157.760000 66
157.856000 158.688000 69
158.848000 159.040000 69
159.200000 159.296000 67
159.296000 159.328000 62
159.392000 159.520000 62
159.744000 160.128000 60
160.128000 161.728000 62
161.824000 162.016000 59
162.112000 162.368000 57
162.400000 162.464000 57
163.008000 163.616000 60
163.712000 164.288000 60
164.352000 164.704000 62
164.704000 165.280000 59
165.440000 165.888000 55
166.400000 167.936000 60
167.968000 168.288000 60
168.480000 169.376000 55
169.696000 171.392000 57
171.776000 172.096000 58
172.224000 172.928000 59
173.088000 174.432000 62
174.592000 175.360000 62
175.456000 175.808000 57
176.160000 176.288000 67
176.384000 176.992000 67
177.184000 177.536000 62
177.664000 177.920000 63
177.984000 178.304000 63
178.464000 179.424000 60
179.712000 179.808000 59
179.904000 181.440000 59
182.976000 183.200000 59
183.200000 185.120000 64
185.216000 185.984000 56
186.528000 186.976000 54
187.104000 188.928000 55
189.760000 189.888000 51
190.176000 191.104000 60
191.840000 193.344000 60
193.472000 193.728000 56
193.920000 194.176000 57
194.336000 194.592000 59
194.720000 195.968000 60
196.896000 197.088000 53
197.248000 197.792000 60
198.496000 198.688000 60
198.912000 199.552000 62
199.552000 200.448000 59
200.576000 201.536000 60
201.856000 202.112000 59
202.208000 203.072000 59
203.904000 204.000000 60
204.000000 204.448000 63
204.448000 204.608000 66
205.120000 205.344000 62
205.536000 206.336000 64
206.336000 206.912000 61
207.232000 207.520000 59
207.648000 207.872000 60
208.000000 208.224000 57
208.480000 209.472000 55
209.632000 209.792000 53
209.984000 210.080000 52
210.208000 210.368000 52
210.560000 211.040000 50
211.232000 211.648000 52
211.808000 212.128000 55
212.128000 212.832000 59
213.184000 213.760000 57
213.920000 215.392000 55
215.968000 216.224000 55
216.384000 217.120000 55
217.248000 218.240000 62
218.432000 218.880000 62
218.912000 219.168000 64
219.296000 219.520000 62
219.712000 220.416000 61
220.544000 220.800000 59
220.960000 221.280000 60
221.280000 222.048000 59
222.240000 222.976000 66
223.168000 223.360000 65
223.424000 223.776000 64
223.904000 224.512000 62
224.672000 224.768000 59
224.928000 225.056000 56
225.152000 225.408000 54
225.536000 226.208000 59
226.400000 226.816000 57
226.912000 227.136000 55
227.232000 227.840000 55
228.064000 229.312000 55
230.048000 230.368000 64
230.368000 230.880000 62
230.944000 231.168000 60
231.488000 232.032000 54
232.224000 232.896000 59
233.024000 236.224000 57
236.800000 236.864000 63
236.864000 237.120000 64
237.120000 237.760000 63
237.760000 238.560000 60
238.560000 238.848000 55
239.136000 241.504000 59
242.368000 245.152000 57
