23.136000 24.256000 59
24.416000 24.928000 62
25.024000 25.536000 69
25.536000 27.840000 67
28.288000 29.088000 62
29.088000 31.072000 60
31.072000 31.840000 61
32.960000 34.048000 63
34.144000 34.208000 69
34.208000 35.392000 72
35.392000 36.576000 69
36.576000 37.568000 67
38.112000 38.464000 67
38.528000 38.656000 63
38.656000 38.720000 62
38.720000 38.912000 61
38.912000 41.568000 60
42.688000 43.488000 68
43.488000 45.376000 71
45.408000 45.664000 69
45.664000 46.176000 70
46.176000 47.200000 67
47.296000 47.424000 67
47.808000 48.384000 70
48.384000 52.256000 73
52.672000 52.896000 63
52.992000 53.408000 72
53.408000 53.536000 70
53.536000 54.144000 69
54.144000 54.432000 67
54.432000 56.288000 66
56.544000 57.312000 63
57.312000 57.824000 67
57.824000 58.432000 69
58.432000 59.456000 72
59.456000 59.840000 67
60.000000 63.008000 68
81.280000 82.144000 57
82.144000 82.976000 61
83.136000 83.488000 69
83.648000 83.936000 67
83.936000 84.480000 68
84.480000 85.952000 66
86.400000 86.464000 60
86.464000 86.560000 61
86.560000 87.296000 63
87.296000 89.408000 60
89.408000 90.112000 60
90.976000 92.032000 64
92.128000 93.312000 72
93.312000 94.656000 70
94.656000 95.584000 66
95.968000 96.288000 67
96.320000 96.384000 66
96.384000 96.512000 64
96.512000 96.576000 63
96.576000 96.640000 62
96.640000 99.520000 61
100.608000 101.344000 68
101.344000 103.936000 72
103.936000 105.216000 67
105.600000 109.984000 73
110.304000 110.720000 65
110.720000 111.296000 72
111.296000 111.712000 69
111.776000 112.512000 68
112.512000 113.856000 64
114.272000 115.584000 66
115.584000 116.224000 70
116.224000 117.088000 72
117.088000 117.312000 66
117.472000 120.992000 69
141.056000 141.760000 57
141.920000 142.656000 60
142.880000 144.160000 70
144.320000 144.608000 63
144.608000 145.664000 66
146.112000 146.208000 61
146.208000 146.880000 63
146.880000 148.800000 61
148.800000 149.920000 62
150.624000 151.488000 63
151.488000 151.744000 67
151.744000 152.928000 74
152.928000 154.208000 70
154.208000 155.040000 67
155.072000 155.232000 66
155.520000 156.032000 68
156.032000 156.416000 63
156.416000 159.232000 60
159.264000 159.424000 59
160.064000 160.864000 69
160.864000 161.696000 73
161.792000 162.272000 70
162.272000 163.680000 71
163.680000 164.544000 66
165.088000 165.568000 71
165.568000 166.528000 73
166.624000 167.456000 72
167.456000 169.344000 73
169.728000 170.176000 66
170.176000 171.200000 72
171.296000 171.840000 67
171.840000 173.280000 66
173.728000 174.432000 63
174.432000 174.496000 64
174.496000 175.136000 68
175.136000 176.384000 72
176.416000 176.672000 68
176.896000 179.488000 69
179.584000 181.792000 69
