5.472000 5.888000 58
5.888000 6.048000 62
6.112000 6.176000 63
6.176000 6.656000 65
6.656000 7.488000 67
8.448000 8.768000 59
8.768000 8.960000 62
8.960000 9.856000 67
11.328000 11.744000 59
11.744000 12.320000 65
12.384000 13.024000 70
13.152000 13.760000 68
14.080000 14.336000 58
14.592000 14.720000 67
14.720000 15.104000 65
15.232000 16.768000 63
16.960000 17.120000 57
17.504000 18.752000 67
20.192000 20.384000 60
20.384000 20.544000 63
20.640000 21.440000 67
22.880000 23.264000 58
23.264000 23.360000 61
23.360000 23.520000 62
23.520000 23.968000 65
23.968000 24.640000 70
24.768000 25.408000 68
25.696000 26.176000 61
26.176000 26.272000 67
26.368000 26.688000 65
26.816000 27.968000 62
28.640000 29.312000 63
29.408000 29.792000 63
29.792000 30.400000 72
30.496000 31.328000 68
31.648000 31.904000 63
32.000000 32.096000 68
32.224000 33.152000 72
33.152000 33.984000 70
34.560000 35.584000 65
35.680000 35.872000 67
35.872000 36.288000 68
36.288000 36.736000 65
36.992000 37.088000 64
37.216000 37.824000 68
37.824000 37.888000 64
37.984000 38.304000 62
38.720000 39.296000 68
39.424000 39.680000 63
39.680000 40.032000 67
40.128000 40.288000 65
40.544000 40.928000 59
41.056000 42.048000 67
43.456000 43.744000 58
43.744000 43.776000 59
43.776000 44.896000 67
46.432000 46.720000 58
46.816000 47.360000 64
47.392000 47.456000 65
47.456000 48.064000 70
48.224000 48.992000 68
49.216000 49.472000 70
49.696000 49.888000 66
49.888000 50.208000 64
50.336000 51.616000 65
56.544000 56.960000 59
56.960000 57.088000 62
57.216000 57.536000 65
57.664000 58.144000 67
59.584000 60.000000 61
60.128000 60.992000 67
62.464000 62.720000 58
62.848000 63.040000 63
63.040000 63.520000 65
63.520000 64.192000 70
64.224000 64.800000 68
65.216000 65.568000 58
65.696000 67.808000 67
68.192000 68.448000 57
68.640000 68.768000 63
68.832000 69.856000 67
71.232000 71.488000 59
71.552000 71.712000 63
71.840000 72.032000 65
72.032000 72.832000 67
74.112000 74.400000 58
74.496000 74.592000 60
74.688000 75.168000 65
75.168000 75.904000 70
76.000000 76.576000 68
76.960000 77.312000 58
77.312000 77.472000 66
77.568000 77.792000 65
77.792000 77.952000 63
78.016000 79.328000 63
79.872000 80.160000 63
80.288000 80.416000 62
80.544000 80.960000 63
80.960000 81.568000 72
81.664000 82.400000 69
82.848000 83.168000 63
83.168000 83.296000 67
83.424000 84.608000 72
84.608000 85.376000 70
85.760000 85.824000 61
85.824000 86.976000 65
86.976000 87.680000 68
87.680000 88.256000 65
88.384000 88.512000 65
88.512000 88.896000 68
88.896000 89.056000 65
89.152000 89.440000 63
89.696000 89.792000 64
89.920000 90.016000 65
90.016000 90.464000 67
90.592000 90.816000 63
90.944000 91.168000 67
91.296000 91.424000 65
91.680000 92.064000 59
92.192000 93.088000 67
94.528000 94.720000 57
94.720000 95.008000 61
95.168000 96.032000 67
97.504000 97.760000 58
97.856000 98.080000 62
98.080000 98.464000 65
98.560000 99.168000 70
99.296000 99.936000 68
100.256000 100.512000 70
100.736000 100.928000 67
100.928000 101.248000 65
101.408000 102.720000 65
102.944000 103.232000 62
103.328000 103.456000 62
