27.200000 27.488000 62
27.584000 27.968000 62
27.968000 28.608000 65
28.928000 29.056000 58
29.184000 29.280000 58
29.504000 29.824000 62
29.984000 30.848000 63
31.424000 31.776000 55
33.856000 34.176000 62
34.272000 34.432000 58
34.432000 35.552000 65
35.776000 36.096000 60
36.224000 37.088000 61
39.712000 39.840000 59
39.840000 40.576000 63
40.576000 41.216000 65
41.344000 41.952000 67
42.112000 42.208000 67
42.208000 42.528000 70
42.976000 43.168000 59
43.264000 43.616000 58
43.616000 43.968000 60
44.128000 44.384000 63
44.384000 45.152000 67
45.696000 45.760000 62
45.760000 45.984000 63
45.984000 46.752000 67
47.296000 47.840000 63
47.840000 48.288000 60
48.384000 50.336000 60
52.288000 52.928000 62
53.024000 53.344000 65
53.440000 53.856000 65
54.112000 54.752000 60
54.752000 55.648000 63
55.744000 56.160000 62
56.256000 56.448000 54
56.544000 57.344000 55
59.040000 59.232000 62
59.744000 59.968000 65
60.064000 60.352000 65
60.448000 60.736000 65
60.992000 61.248000 57
61.344000 62.368000 58
64.832000 65.568000 62
65.664000 66.304000 65
66.400000 66.752000 67
66.848000 67.136000 65
67.264000 67.552000 70
68.352000 68.608000 58
68.768000 69.440000 62
69.568000 70.240000 67
70.880000 70.976000 62
71.136000 71.744000 67
72.672000 72.864000 63
72.960000 73.344000 60
73.504000 74.752000 60
75.424000 75.744000 63
75.840000 76.128000 62
76.256000 77.280000 56
77.920000 78.080000 58
78.208000 78.560000 54
79.392000 81.824000 62
82.656000 84.096000 62
85.312000 85.664000 70
85.792000 86.112000 69
86.112000 86.336000 65
86.496000 87.232000 62
87.616000 87.872000 58
87.968000 88.032000 67
88.032000 88.576000 70
88.736000 89.088000 69
89.376000 89.568000 65
89.568000 90.368000 62
90.496000 90.624000 55
90.816000 91.744000 61
91.872000 91.968000 62
92.800000 93.952000 63
94.048000 94.720000 63
94.848000 95.008000 62
95.104000 95.456000 63
95.584000 96.192000 63
96.192000 97.312000 62
97.760000 98.496000 70
98.624000 98.880000 65
98.880000 99.680000 64
100.160000 100.512000 60
100.512000 101.472000 70
101.568000 102.016000 65
102.016000 102.304000 63
102.528000 102.912000 62
103.008000 103.264000 54
103.264000 103.296000 55
103.296000 104.640000 62
105.248000 105.280000 63
105.344000 107.424000 65
107.424000 108.672000 69
109.280000 110.208000 70
110.432000 110.624000 65
110.752000 111.136000 63
111.264000 112.832000 60
124.416000 125.120000 62
125.216000 125.536000 65
125.664000 126.080000 65
126.336000 126.688000 58
126.784000 127.776000 63
127.872000 128.320000 62
128.448000 128.544000 55
128.672000 129.472000 55
131.072000 131.200000 60
131.200000 131.392000 62
131.744000 132.896000 65
133.056000 133.376000 57
133.472000 134.752000 58
135.200000 136.064000 60
136.992000 137.088000 60
137.088000 137.952000 64
137.952000 139.328000 67
139.328000 139.968000 72
140.512000 140.800000 58
140.896000 141.600000 62
141.696000 142.368000 67
142.944000 143.008000 61
143.008000 143.136000 62
143.264000 143.968000 67
144.448000 144.544000 61
144.544000 144.736000 62
144.736000 145.472000 65
145.664000 146.208000 59
146.208000 146.976000 62
147.520000 147.616000 59
147.616000 147.840000 63
148.000000 148.320000 62
148.320000 149.504000 58
149.888000 150.336000 58
150.496000 150.592000 56
151.136000 151.392000 62
151.552000 151.840000 63
151.840000 152.064000 65
152.064000 154.176000 63
154.176000 155.584000 70
157.376000 158.208000 70
158.208000 158.304000 65
158.400000 159.264000 62
159.712000 160.032000 58
160.128000 160.256000 67
160.256000 160.704000 70
160.800000 161.088000 69
161.312000 161.568000 65
161.568000 162.496000 62
162.944000 163.520000 60
163.616000 164.288000 62
164.832000 166.912000 64
167.008000 167.936000 63
168.032000 168.832000 63
168.832000 169.632000 61
169.888000 169.952000 67
169.952000 170.656000 70
170.656000 171.008000 65
171.008000 171.712000 62
172.288000 172.576000 58
172.672000 173.600000 70
173.696000 174.144000 65
174.144000 174.432000 63
174.624000 175.040000 62
175.040000 175.456000 56
175.456000 176.384000 62
176.384000 176.832000 62
177.344000 178.624000 63
178.720000 179.136000 62
179.136000 179.328000 63
179.328000 179.840000 65
179.840000 180.928000 69
181.312000 181.568000 67
181.568000 182.240000 71
182.496000 182.784000 65
182.880000 183.680000 65
183.680000 184.832000 61
185.600000 186.336000 70
186.336000 186.560000 65
186.560000 187.520000 63
187.968000 188.320000 59
188.320000 188.960000 70
189.120000 189.504000 69
189.760000 189.952000 65
189.952000 190.720000 62
190.720000 190.912000 56
191.136000 191.776000 60
191.872000 192.480000 62
193.024000 197.696000 65
198.112000 198.176000 66
198.176000 198.816000 70
198.944000 199.200000 65
199.200000 200.064000 62
200.480000 200.864000 59
200.864000 201.504000 70
201.632000 202.112000 69
202.112000 202.304000 65
202.304000 203.168000 62
203.328000 203.648000 55
203.648000 203.840000 59
203.840000 204.192000 60
204.192000 205.024000 65
205.728000 207.552000 63
207.552000 208.192000 67
208.288000 209.088000 69
209.312000 209.408000 69
209.408000 209.600000 68
209.728000 210.400000 70
210.720000 211.360000 65
211.360000 213.440000 62
215.776000 215.840000 66
215.840000 216.224000 69
216.352000 216.672000 71
217.440000 217.664000 63
217.664000 219.904000 62
220.480000 221.120000 65
221.120000 223.200000 60
