4.736000 4.832000 62
6.560000 6.784000 62
7.136000 7.424000 59
7.584000 8.384000 62
11.968000 12.128000 60
12.288000 12.928000 62
13.280000 13.472000 57
13.472000 13.600000 60
13.696000 13.920000 62
14.048000 15.168000 67
17.120000 17.664000 66
17.664000 18.464000 69
18.656000 19.200000 70
20.256000 20.352000 63
20.352000 21.184000 67
21.312000 21.600000 69
21.728000 22.112000 72
22.240000 23.296000 69
23.424000 23.840000 67
24.032000 24.992000 65
26.528000 27.008000 65
27.008000 28.064000 61
29.440000 29.568000 60
29.664000 29.920000 60
30.048000 30.144000 62
30.240000 30.816000 64
30.944000 31.424000 64
32.736000 33.184000 62
33.312000 33.472000 62
33.696000 33.792000 62
33.920000 33.984000 62
33.984000 34.048000 63
34.048000 34.368000 67
34.592000 34.816000 64
34.976000 35.264000 62
35.424000 35.616000 64
35.776000 36.224000 62
36.384000 36.928000 60
37.472000 38.432000 58
38.528000 38.720000 58
38.880000 39.072000 59
39.264000 39.424000 61
39.584000 39.808000 62
40.192000 40.320000 57
40.320000 40.512000 60
40.608000 40.768000 61
40.928000 41.440000 62
44.992000 46.048000 62
46.368000 46.496000 57
46.816000 46.976000 62
47.168000 48.224000 67
50.272000 50.784000 66
50.784000 51.200000 67
51.328000 51.520000 68
51.712000 52.320000 69
53.312000 53.376000 64
53.376000 53.792000 66
53.792000 54.304000 67
54.432000 54.656000 69
54.784000 55.392000 72
55.392000 55.648000 69
55.776000 56.064000 67
56.160000 57.056000 69
57.152000 58.112000 65
59.616000 60.000000 65
60.000000 61.216000 62
62.496000 62.976000 60
62.976000 63.488000 62
63.648000 63.872000 64
64.032000 64.448000 64
65.568000 65.664000 59
65.664000 66.592000 62
66.752000 66.880000 59
66.880000 67.136000 62
67.136000 67.456000 67
67.712000 67.936000 64
68.064000 69.312000 64
69.440000 70.368000 60
71.584000 71.808000 60
71.904000 72.192000 62
72.288000 72.992000 64
73.472000 74.880000 65
75.072000 75.520000 71
75.840000 77.024000 65
77.184000 77.344000 62
77.664000 78.176000 60
78.400000 78.496000 57
79.584000 80.224000 62
80.352000 80.992000 62
81.184000 81.472000 58
81.504000 81.824000 58
81.952000 82.336000 61
82.688000 83.200000 61
83.328000 83.392000 60
83.392000 85.376000 65
85.792000 87.168000 65
88.128000 88.480000 58
88.832000 89.312000 64
89.440000 89.696000 62
89.952000 90.528000 60
91.040000 91.136000 63
91.360000 91.488000 64
91.872000 92.512000 62
92.704000 93.056000 62
94.208000 94.624000 61
95.008000 95.072000 59
95.072000 95.840000 61
95.840000 96.320000 62
96.544000 97.632000 71
97.632000 99.488000 65
101.088000 101.280000 61
101.568000 101.760000 65
102.144000 102.336000 65
102.368000 102.592000 65
102.688000 103.296000 67
103.584000 103.808000 67
103.808000 104.128000 66
104.128000 104.288000 62
104.704000 104.992000 69
104.992000 105.152000 64
105.728000 106.080000 67
106.336000 106.752000 65
106.784000 106.816000 64
107.040000 107.712000 67
107.840000 108.096000 69
108.224000 109.280000 67
109.408000 109.760000 67
109.920000 110.272000 65
110.368000 110.560000 66
110.720000 111.840000 65
111.968000 112.320000 60
112.416000 114.368000 57
114.656000 114.752000 57
115.872000 116.032000 60
120.352000 121.760000 70
121.760000 122.752000 65
123.424000 123.584000 66
123.680000 124.608000 69
124.736000 125.344000 67
125.536000 126.848000 68
127.072000 127.360000 66
127.552000 127.712000 65
127.712000 128.128000 62
128.832000 129.152000 57
129.248000 129.440000 61
129.568000 129.920000 66
129.920000 131.712000 72
131.872000 132.960000 69
133.472000 134.080000 65
134.208000 134.848000 65
135.040000 135.616000 60
135.744000 137.056000 65
137.088000 137.536000 62
137.632000 138.400000 61
138.816000 138.976000 63
139.680000 140.160000 62
140.352000 140.992000 62
141.888000 142.272000 61
142.624000 143.104000 61
143.264000 143.328000 60
143.328000 144.896000 64
145.248000 145.376000 68
145.760000 146.400000 65
146.560000 147.168000 58
147.552000 147.712000 59
148.096000 148.672000 58
148.864000 149.184000 64
149.472000 149.696000 62
150.048000 150.080000 60
150.304000 150.528000 60
151.168000 151.488000 64
151.840000 152.288000 62
152.704000 153.216000 62
153.952000 154.112000 60
154.240000 154.624000 61
155.008000 155.328000 60
155.456000 155.744000 60
155.744000 156.384000 63
156.672000 157.504000 71
157.664000 159.328000 65
161.120000 161.632000 65
162.624000 163.136000 62
163.296000 164.096000 67
164.480000 164.800000 74
164.800000 165.152000 66
165.344000 165.632000 67
165.792000 166.272000 69
166.368000 166.400000 67
166.432000 166.880000 67
166.880000 167.040000 67
167.264000 167.776000 67
167.872000 169.312000 67
169.472000 169.504000 66
169.728000 172.064000 67
172.448000 172.704000 67
172.704000 172.832000 73
172.832000 173.056000 76
173.120000 173.376000 72
173.440000 173.696000 72
173.760000 173.824000 68
174.016000 175.552000 68
178.080000 178.272000 59
178.464000 178.656000 61
178.784000 179.072000 62
179.424000 179.680000 58
179.808000 180.640000 62
184.224000 184.384000 60
184.576000 185.152000 62
185.568000 185.696000 58
185.696000 185.856000 61
185.952000 186.176000 62
186.304000 187.392000 67
187.712000 188.256000 67
188.480000 188.576000 66
188.672000 188.992000 65
189.408000 190.048000 67
190.144000 190.560000 67
190.560000 190.720000 69
190.912000 191.584000 69
192.448000 192.544000 72
192.640000 193.440000 67
193.536000 193.600000 67
193.600000 193.728000 68
193.728000 193.952000 69
193.952000 194.368000 72
194.528000 195.584000 70
195.808000 196.192000 72
196.352000 197.216000 65
197.216000 198.432000 72
198.816000 199.168000 65
199.392000 200.832000 61
201.920000 202.080000 60
202.240000 203.168000 63
203.232000 203.584000 64
204.800000 204.896000 59
204.992000 205.216000 60
205.344000 205.472000 62
205.600000 206.176000 63
206.304000 206.720000 64
207.808000 207.904000 60
208.000000 208.320000 60
208.416000 208.832000 62
208.992000 210.464000 64
210.752000 211.008000 58
211.200000 212.192000 53
214.016000 214.112000 60
214.208000 214.368000 60
214.592000 214.688000 62
214.848000 215.360000 64
215.520000 215.840000 56
217.280000 217.440000 60
217.632000 218.016000 62
218.272000 218.464000 66
218.656000 218.976000 67
218.976000 219.488000 65
219.616000 219.872000 62
220.320000 221.472000 65
226.112000 226.208000 58
226.496000 226.720000 59
226.912000 227.104000 61
227.232000 227.488000 61
227.808000 228.096000 59
228.224000 228.416000 61
228.544000 228.992000 62
231.904000 232.064000 62
232.672000 232.864000 60
233.056000 233.216000 61
233.408000 233.600000 62
233.952000 234.240000 58
234.400000 234.560000 61
234.720000 235.296000 62
237.984000 238.112000 62
238.848000 238.976000 60
239.552000 239.904000 62
244.512000 244.960000 64
245.312000 245.536000 61
245.696000 246.208000 62
246.304000 246.464000 58
246.464000 246.880000 61
247.008000 247.616000 62
248.128000 248.384000 62
248.640000 249.312000 62
252.448000 252.704000 65
252.832000 253.024000 66
253.152000 253.600000 67
262.272000 262.400000 61
262.592000 262.688000 61
