1.856000 2.720000 72
2.848000 4.992000 79
4.992000 5.376000 77
5.376000 6.496000 76
6.496000 8.864000 74
9.888000 10.784000 60
10.912000 12.800000 67
12.928000 13.216000 65
13.408000 14.624000 64
14.816000 18.112000 59
22.336000 23.168000 67
23.360000 23.648000 71
23.648000 23.808000 69
23.808000 24.000000 68
24.416000 26.880000 67
27.328000 27.840000 64
28.064000 29.120000 59
30.208000 30.592000 71
30.720000 30.976000 72
30.976000 31.200000 71
31.200000 33.024000 70
33.600000 34.080000 59
34.208000 34.432000 63
34.592000 34.944000 65
35.104000 35.584000 69
35.680000 35.840000 67
36.096000 36.800000 65
37.088000 37.408000 62
37.632000 38.656000 59
38.688000 38.752000 59
39.296000 39.456000 60
40.256000 40.480000 60
41.024000 41.248000 65
41.344000 42.048000 65
42.048000 44.320000 70
44.544000 44.576000 64
44.992000 45.248000 62
45.696000 46.912000 59
47.968000 48.352000 71
48.480000 48.800000 72
48.928000 49.184000 69
49.184000 50.816000 68
51.296000 51.776000 60
51.904000 52.160000 63
52.416000 52.736000 67
52.864000 53.184000 69
53.440000 54.688000 67
54.880000 54.976000 60
55.168000 56.416000 60
56.864000 57.056000 62
57.792000 58.112000 66
58.272000 58.688000 65
58.816000 59.360000 71
59.360000 59.648000 67
59.872000 60.832000 67
60.896000 61.376000 67
61.760000 62.464000 65
62.816000 63.072000 62
63.360000 64.000000 59
64.032000 64.256000 59
64.416000 64.544000 59
65.696000 66.528000 72
66.752000 67.296000 69
67.680000 68.544000 65
68.768000 68.800000 62
68.960000 69.504000 61
69.696000 69.888000 65
70.048000 70.560000 65
70.752000 71.520000 69
71.712000 72.096000 65
72.160000 72.320000 66
72.672000 73.440000 67
73.696000 73.792000 66
73.984000 76.000000 59
76.480000 76.672000 61
77.632000 78.944000 71
79.136000 79.616000 76
79.616000 80.288000 71
80.416000 80.640000 67
81.248000 81.440000 70
81.440000 82.240000 74
82.432000 82.464000 70
82.720000 83.008000 67
83.136000 83.392000 69
83.680000 83.840000 67
84.672000 85.408000 67
85.504000 85.696000 67
86.080000 86.272000 65
86.848000 87.328000 62
87.552000 89.120000 59
89.600000 90.016000 67
90.144000 90.464000 65
90.624000 90.976000 71
90.976000 91.104000 69
91.104000 91.424000 67
91.776000 92.768000 67
92.896000 93.152000 67
93.376000 93.472000 67
93.728000 94.144000 67
94.368000 94.464000 60
94.592000 95.008000 64
95.424000 96.320000 59
96.416000 96.512000 59
96.672000 96.704000 59
96.800000 96.832000 59
97.504000 98.304000 72
98.560000 98.784000 70
99.136000 99.296000 67
99.520000 99.648000 65
100.160000 100.256000 62
100.832000 101.344000 60
101.536000 101.728000 65
101.920000 102.176000 65
102.272000 102.304000 65
102.496000 102.880000 69
102.880000 103.360000 70
103.776000 104.032000 66
104.224000 104.288000 66
104.480000 104.672000 66
104.672000 108.832000 72
108.928000 109.056000 69
109.504000 110.688000 74
110.688000 111.296000 76
111.520000 111.744000 74
111.968000 112.096000 75
112.864000 113.152000 76
117.312000 118.528000 72
118.528000 119.648000 76
119.712000 120.160000 75
120.320000 121.184000 78
127.296000 127.808000 59
128.320000 128.576000 65
128.672000 129.280000 65
129.472000 130.880000 67
131.104000 131.744000 67
132.352000 132.576000 63
133.696000 135.648000 72
135.744000 136.128000 72
136.224000 136.448000 71
136.576000 136.672000 67
136.800000 137.088000 67
137.248000 138.144000 67
138.688000 139.072000 59
139.296000 140.096000 65
140.256000 140.640000 69
140.672000 140.704000 67
140.768000 140.992000 67
141.248000 141.728000 65
141.824000 142.080000 64
142.240000 142.528000 62
142.816000 142.880000 63
143.200000 144.000000 65
145.184000 145.568000 66
145.696000 146.112000 65
146.240000 146.752000 71
146.880000 147.168000 65
147.296000 147.424000 65
147.552000 148.800000 67
149.184000 149.600000 65
150.016000 150.144000 59
150.272000 150.688000 63
151.680000 152.064000 72
152.160000 152.320000 71
152.544000 152.672000 72
153.120000 153.632000 72
153.728000 154.048000 71
154.208000 154.400000 70
154.784000 154.848000 79
154.848000 154.912000 79
155.744000 155.904000 74
156.640000 157.056000 59
157.664000 158.112000 65
158.240000 158.592000 69
158.592000 158.816000 67
158.912000 159.072000 70
159.232000 159.360000 66
160.192000 160.384000 65
160.544000 160.992000 67
161.216000 161.280000 65
161.280000 161.376000 64
161.376000 161.888000 62
161.984000 162.208000 59
162.432000 162.464000 59
162.528000 163.072000 59
163.328000 163.392000 59
163.552000 163.616000 59
163.904000 164.352000 65
164.640000 164.864000 69
165.280000 166.368000 71
166.368000 167.136000 76
167.360000 167.616000 71
168.256000 168.640000 72
168.640000 169.216000 75
170.240000 170.496000 67
170.656000 171.008000 66
171.136000 171.424000 66
172.224000 173.248000 66
173.504000 173.792000 65
174.048000 174.176000 63
174.304000 174.592000 62
175.168000 176.256000 59
176.768000 176.896000 59
177.120000 177.984000 66
178.112000 178.432000 71
178.528000 178.624000 68
178.624000 178.944000 67
179.264000 180.256000 67
180.896000 180.992000 67
181.088000 181.728000 66
182.048000 182.368000 63
183.488000 183.840000 73
183.936000 184.032000 72
184.320000 184.480000 72
184.992000 186.240000 72
186.496000 186.720000 67
186.976000 187.072000 64
187.776000 187.840000 67
188.064000 188.128000 62
188.288000 188.864000 60
189.056000 189.088000 63
189.472000 189.824000 65
189.984000 190.560000 70
190.656000 190.784000 70
191.392000 191.456000 66
191.936000 192.128000 66
192.128000 192.480000 66
192.480000 194.528000 72
194.560000 196.864000 72
196.960000 200.672000 59
200.736000 201.728000 63
