17.920000 18.176000 56
18.400000 18.528000 58
18.720000 19.360000 58
20.224000 20.416000 56
20.544000 20.672000 57
20.864000 21.312000 56
24.800000 25.280000 56
25.536000 25.792000 56
25.984000 26.720000 58
27.200000 27.328000 56
27.456000 27.648000 58
27.648000 28.288000 61
28.384000 29.184000 66
29.344000 29.824000 63
29.824000 30.624000 61
31.072000 31.232000 58
31.488000 32.032000 61
32.512000 32.928000 58
33.024000 33.120000 57
34.816000 34.976000 59
35.232000 35.712000 61
36.096000 36.384000 63
38.432000 38.784000 58
38.912000 39.168000 61
39.360000 39.616000 63
40.000000 40.096000 58
40.736000 40.960000 56
41.696000 42.496000 55
42.688000 42.880000 57
42.976000 43.936000 61
43.936000 45.184000 58
45.280000 45.408000 57
45.888000 46.272000 55
46.528000 46.816000 58
47.008000 47.296000 61
47.520000 49.280000 66
49.280000 49.504000 60
49.504000 49.696000 58
49.696000 49.856000 58
50.560000 50.816000 59
50.816000 51.744000 63
51.968000 53.728000 61
54.848000 55.328000 61
55.552000 56.128000 63
56.128000 56.896000 59
56.992000 57.600000 61
57.728000 58.208000 62
58.560000 58.752000 61
58.848000 59.008000 69
59.008000 59.488000 73
59.648000 60.832000 70
61.216000 61.664000 62
61.728000 61.792000 68
61.792000 62.112000 70
62.240000 62.496000 68
62.496000 63.104000 67
63.232000 64.448000 66
64.960000 65.184000 61
65.280000 65.536000 63
65.536000 65.984000 70
66.208000 68.960000 68
69.856000 70.016000 67
70.016000 70.592000 70
70.784000 71.040000 71
71.040000 72.736000 70
73.120000 73.248000 64
73.248000 73.824000 68
74.048000 76.128000 70
76.480000 76.896000 61
76.992000 77.408000 70
77.536000 77.792000 68
77.792000 78.400000 67
78.560000 79.776000 66
80.288000 80.448000 61
80.544000 80.704000 61
80.896000 81.760000 70
81.760000 82.240000 67
82.400000 84.288000 66
84.864000 85.088000 62
85.088000 85.472000 68
85.600000 85.888000 70
86.080000 86.336000 71
86.336000 87.840000 70
88.224000 88.448000 63
88.448000 88.832000 70
89.088000 89.408000 68
89.856000 92.576000 66
94.688000 95.168000 68
101.536000 103.200000 61
104.768000 105.408000 56
105.568000 105.856000 56
106.080000 106.240000 58
106.368000 106.656000 58
107.968000 108.096000 57
108.224000 108.384000 58
108.480000 108.768000 56
109.472000 109.664000 54
109.856000 110.496000 54
112.256000 113.088000 56
113.248000 113.472000 56
113.664000 113.888000 61
113.984000 114.336000 62
114.336000 114.912000 60
115.360000 115.488000 58
115.584000 115.776000 59
115.776000 115.968000 61
116.064000 116.832000 66
117.056000 117.504000 62
117.504000 118.176000 61
118.720000 118.912000 58
119.200000 119.552000 61
119.840000 120.032000 62
120.032000 120.096000 61
120.096000 120.608000 59
122.400000 122.560000 59
122.752000 123.040000 61
123.264000 123.456000 63
123.456000 123.872000 60
126.112000 126.272000 56
126.272000 126.528000 58
126.624000 126.848000 61
127.040000 127.360000 63
127.584000 127.840000 56
127.968000 128.160000 55
128.288000 128.896000 56
129.440000 130.176000 56
130.368000 130.560000 56
130.656000 130.816000 61
130.816000 131.520000 61
131.520000 132.672000 60
134.176000 134.464000 58
134.656000 134.912000 62
135.136000 136.096000 66
136.384000 136.608000 64
136.608000 136.768000 63
136.768000 137.024000 62
137.024000 137.632000 60
138.272000 138.592000 58
138.592000 139.296000 63
139.488000 141.088000 61
142.496000 142.976000 61
143.232000 143.648000 62
143.648000 144.512000 60
144.640000 144.736000 58
144.736000 145.024000 59
145.024000 145.856000 63
146.304000 146.432000 61
146.528000 146.720000 69
146.720000 147.136000 72
147.264000 147.936000 71
147.936000 148.512000 69
148.896000 149.312000 61
149.440000 149.792000 70
149.952000 150.784000 68
150.976000 152.192000 66
152.576000 152.832000 61
152.960000 153.216000 62
153.216000 153.568000 70
153.824000 156.224000 68
157.504000 157.728000 66
157.728000 158.304000 70
158.464000 158.752000 71
158.752000 160.416000 70
160.800000 160.992000 65
160.992000 161.536000 68
161.760000 164.288000 70
164.288000 164.544000 61
164.672000 165.024000 70
165.152000 165.408000 68
165.408000 166.016000 67
166.144000 167.360000 66
168.000000 168.128000 61
168.224000 168.384000 61
168.544000 168.704000 70
168.704000 168.960000 73
169.088000 169.312000 68
169.312000 169.728000 67
169.920000 170.816000 67
170.816000 172.288000 70
172.512000 172.736000 62
172.736000 173.568000 70
173.728000 173.984000 71
173.984000 175.488000 70
175.872000 176.064000 63
176.064000 176.416000 70
176.640000 176.896000 70
177.056000 180.768000 68
181.824000 182.048000 69
182.272000 182.432000 71
182.528000 182.720000 72
182.720000 182.912000 73
182.912000 183.104000 75
183.104000 183.936000 73
183.936000 184.320000 70
184.608000 184.704000 67
184.704000 185.024000 71
185.088000 185.792000 64
185.952000 188.448000 66
189.408000 189.664000 65
189.664000 189.728000 67
189.728000 190.080000 71
190.208000 191.328000 71
191.840000 192.000000 71
192.000000 192.224000 74
192.224000 192.640000 71
192.800000 193.152000 69
193.280000 193.952000 69
194.048000 194.560000 71
194.752000 196.320000 69
197.024000 197.152000 65
197.152000 197.472000 66
197.472000 198.592000 69
199.168000 199.648000 70
199.648000 199.872000 77
199.968000 200.288000 76
200.448000 201.792000 76
201.792000 202.752000 70
203.136000 203.424000 69
203.424000 206.496000 74
206.592000 206.688000 71
207.008000 207.200000 71
207.200000 207.680000 74
207.680000 208.672000 68
208.736000 208.768000 62
208.832000 210.752000 61
210.848000 210.912000 75
210.912000 211.264000 78
211.264000 213.184000 75
213.728000 214.112000 64
214.272000 214.624000 73
214.720000 217.056000 71
217.440000 217.696000 65
217.792000 217.984000 64
218.080000 218.464000 73
218.656000 218.784000 74
218.784000 219.040000 76
219.040000 219.136000 69
219.136000 219.872000 74
219.872000 220.480000 71
220.480000 221.312000 73
221.312000 221.920000 69
222.080000 222.208000 64
222.304000 222.528000 69
222.528000 223.136000 74
223.264000 223.808000 74
223.808000 225.248000 71
225.568000 225.728000 66
225.728000 226.016000 69
226.016000 226.304000 71
226.496000 228.704000 73
228.992000 229.408000 64
229.568000 230.240000 73
230.240000 230.848000 70
230.944000 232.384000 69
232.768000 232.896000 63
233.024000 233.184000 64
233.344000 233.792000 73
233.920000 234.720000 78
234.880000 235.040000 71
235.040000 235.744000 70
235.744000 236.672000 73
236.672000 237.184000 69
237.312000 237.536000 64
237.536000 237.920000 71
238.048000 238.368000 73
238.528000 239.040000 74
239.040000 240.416000 71
240.704000 240.960000 65
240.960000 241.376000 73
241.632000 242.080000 71
242.752000 246.272000 72
247.168000 247.744000 73
247.968000 250.368000 72
