2.048000 2.144000 59
2.336000 2.656000 55
4.960000 5.088000 54
5.408000 5.600000 54
10.560000 11.936000 68
13.088000 13.152000 67
13.152000 13.248000 68
13.248000 14.080000 67
14.080000 14.432000 68
14.720000 14.848000 68
15.616000 15.680000 63
15.680000 15.904000 67
15.904000 16.064000 65
16.192000 16.800000 66
16.800000 17.184000 62
20.096000 20.192000 62
20.192000 20.608000 68
20.736000 21.152000 68
21.248000 21.984000 66
22.688000 23.232000 66
23.328000 23.456000 67
23.456000 23.552000 68
23.552000 23.712000 67
23.872000 24.608000 64
25.120000 25.440000 61
25.504000 25.568000 62
25.568000 25.856000 65
25.856000 26.240000 68
26.496000 26.784000 62
26.784000 27.008000 64
27.136000 27.584000 68
28.224000 28.352000 56
28.352000 29.216000 66
30.432000 32.224000 68
32.928000 33.824000 68
34.016000 34.784000 64
35.456000 35.712000 62
35.712000 36.064000 64
36.064000 36.384000 68
36.736000 36.896000 59
36.896000 37.184000 61
37.312000 37.568000 64
37.664000 38.368000 66
38.592000 38.752000 62
38.752000 39.104000 66
39.232000 39.424000 67
39.424000 40.064000 71
40.256000 40.768000 71
41.184000 41.376000 67
41.472000 41.856000 66
41.856000 42.592000 69
42.784000 43.296000 71
43.744000 44.032000 66
44.032000 44.672000 68
44.960000 45.024000 63
45.024000 45.568000 71
45.664000 46.176000 69
46.272000 46.496000 66
46.624000 47.264000 64
47.552000 48.064000 70
48.160000 48.416000 69
48.416000 49.056000 68
49.152000 49.472000 65
49.472000 49.600000 67
49.600000 50.112000 69
50.112000 51.264000 71
51.680000 52.128000 65
52.128000 52.640000 67
52.640000 53.824000 73
53.984000 54.336000 67
54.432000 54.848000 69
55.200000 56.384000 71
56.480000 56.704000 66
56.704000 57.024000 65
57.184000 57.632000 61
57.792000 58.496000 63
58.496000 59.072000 65
59.072000 59.456000 68
59.680000 61.920000 70
62.208000 62.368000 70
62.368000 63.072000 71
63.168000 64.064000 70
64.064000 64.320000 64
64.448000 65.024000 66
65.024000 65.216000 68
65.376000 67.040000 68
68.000000 68.224000 67
68.224000 68.384000 65
68.480000 69.088000 66
69.088000 69.440000 62
69.888000 71.040000 70
71.168000 71.264000 70
71.264000 71.392000 69
71.520000 71.712000 68
71.808000 72.096000 66
72.448000 74.272000 71
74.272000 74.560000 65
74.688000 74.752000 64
75.008000 75.232000 64
75.648000 76.160000 66
76.160000 77.184000 68
77.600000 77.760000 63
77.792000 77.888000 64
78.208000 78.496000 67
78.688000 78.816000 64
78.816000 79.040000 66
79.136000 79.328000 64
79.328000 79.648000 61
83.936000 85.856000 68
86.528000 87.360000 68
87.456000 88.416000 64
88.896000 88.960000 59
88.960000 89.344000 61
89.344000 89.664000 64
89.664000 90.016000 68
90.368000 90.464000 62
90.464000 90.656000 61
90.656000 90.976000 65
90.976000 91.488000 68
92.192000 93.184000 66
94.240000 94.656000 68
94.816000 95.200000 68
95.328000 96.032000 66
96.448000 97.440000 67
97.440000 98.592000 69
98.944000 99.456000 61
99.584000 99.744000 64
99.872000 100.224000 68
100.512000 100.704000 59
100.704000 101.344000 64
101.504000 102.208000 66
102.432000 102.592000 62
102.592000 102.944000 66
103.104000 103.232000 67
103.232000 103.904000 71
104.064000 104.576000 71
105.024000 105.216000 68
105.216000 105.600000 64
105.600000 106.432000 70
106.592000 107.168000 71
107.584000 107.872000 65
107.872000 108.480000 68
108.800000 108.864000 63
108.864000 110.016000 71
110.112000 110.336000 66
110.432000 111.072000 64
111.424000 111.904000 71
112.000000 112.384000 69
112.384000 112.896000 68
112.992000 113.280000 64
113.280000 113.440000 66
113.440000 113.888000 68
113.888000 115.104000 71
115.520000 115.904000 65
115.904000 116.448000 67
116.448000 117.664000 73
117.824000 118.688000 69
119.072000 120.224000 71
120.320000 120.544000 66
120.544000 120.864000 65
120.992000 121.472000 61
121.632000 122.304000 63
122.304000 123.296000 68
123.552000 124.704000 70
124.800000 124.896000 71
124.896000 125.344000 70
125.344000 125.760000 66
126.080000 127.904000 71
127.904000 128.160000 64
128.320000 128.512000 65
128.608000 128.864000 64
128.864000 129.024000 68
129.216000 130.176000 67
130.176000 130.592000 68
130.784000 130.880000 67
130.880000 130.912000 63
131.136000 131.232000 62
131.232000 131.296000 64
131.840000 132.192000 67
132.288000 132.928000 66
132.928000 133.280000 62
133.888000 134.880000 69
135.008000 135.072000 70
135.072000 135.232000 70
135.328000 135.488000 66
135.520000 135.904000 66
136.288000 136.384000 68
136.512000 137.792000 71
137.792000 138.112000 68
138.112000 138.368000 64
138.528000 138.560000 64
138.816000 139.040000 64
139.456000 140.416000 67
140.416000 140.864000 68
140.992000 141.088000 67
141.344000 141.600000 64
142.016000 142.336000 67
142.336000 142.432000 64
142.528000 142.656000 64
142.656000 142.848000 66
142.976000 143.136000 64
143.136000 143.488000 62
145.280000 145.504000 64
145.600000 145.760000 61
145.952000 146.912000 66
147.808000 148.032000 64
148.032000 148.448000 64
148.448000 148.672000 66
148.768000 149.408000 68
150.336000 150.528000 64
150.528000 150.880000 63
150.880000 153.088000 64
153.184000 153.376000 62
153.376000 153.760000 64
153.760000 154.720000 68
155.488000 156.096000 71
156.096000 156.384000 67
156.480000 157.280000 66
158.016000 158.080000 69
158.080000 159.360000 73
159.360000 159.904000 73
160.480000 160.736000 64
160.864000 161.504000 66
161.792000 161.856000 59
161.856000 162.016000 60
162.016000 163.040000 63
163.136000 163.712000 64
163.712000 166.464000 70
166.944000 168.736000 70
168.832000 169.184000 66
169.504000 171.264000 71
171.264000 171.552000 67
171.680000 172.192000 66
172.288000 172.416000 68
172.672000 174.144000 68
174.592000 174.720000 64
175.232000 175.392000 67
175.392000 175.616000 66
175.712000 176.320000 66
176.320000 176.672000 62
177.088000 178.272000 70
178.400000 178.496000 70
178.496000 178.624000 69
178.784000 178.944000 66
179.040000 179.360000 66
179.680000 181.504000 71
181.504000 181.792000 65
181.920000 182.016000 64
182.208000 182.464000 64
182.880000 183.808000 66
183.808000 184.288000 68
185.056000 185.088000 70
185.248000 185.376000 69
185.376000 185.600000 67
185.600000 185.824000 66
185.920000 186.272000 66
186.368000 186.560000 64
186.560000 186.880000 61
187.360000 188.512000 71
188.640000 188.736000 70
188.736000 189.248000 69
189.248000 189.536000 66
189.856000 190.720000 71
190.848000 191.072000 70
191.200000 191.424000 69
191.424000 191.744000 68
191.744000 191.968000 64
192.128000 192.352000 66
192.448000 192.704000 64
192.704000 192.832000 68
193.024000 194.656000 68
195.616000 195.776000 67
195.776000 196.032000 66
196.128000 196.768000 66
196.768000 197.088000 62
197.632000 198.720000 70
198.848000 199.360000 70
199.456000 199.744000 66
199.904000 200.000000 66
200.160000 201.728000 71
201.728000 202.208000 68
202.400000 202.432000 64
202.656000 202.848000 64
203.296000 203.808000 66
203.808000 204.576000 68
205.376000 205.472000 56
205.856000 206.208000 67
206.208000 206.688000 66
206.816000 206.976000 64
206.976000 207.296000 62
207.584000 207.680000 62
