10.880000 11.104000 61
11.104000 12.160000 58
12.256000 12.448000 52
16.192000 16.512000 56
16.608000 16.704000 54
16.864000 17.056000 54
19.168000 19.392000 56
38.976000 39.200000 62
39.264000 40.000000 66
40.000000 40.736000 64
40.928000 41.312000 64
41.472000 41.632000 59
41.824000 42.048000 63
43.392000 43.680000 62
43.680000 44.416000 66
44.512000 45.152000 64
45.312000 45.664000 63
45.888000 46.176000 59
46.272000 46.816000 62
47.872000 48.160000 62
48.160000 48.608000 66
48.736000 49.440000 64
49.568000 50.176000 64
50.656000 50.816000 62
50.976000 51.392000 63
51.456000 52.320000 64
52.544000 53.472000 69
56.928000 57.088000 62
57.248000 57.920000 66
57.920000 58.720000 64
58.816000 59.200000 63
59.328000 59.584000 59
59.744000 60.032000 64
61.312000 61.600000 64
61.600000 61.856000 66
61.856000 63.520000 69
63.904000 64.992000 61
65.312000 65.536000 59
66.368000 66.816000 65
66.816000 67.648000 64
67.808000 68.064000 64
68.576000 69.056000 64
69.152000 69.888000 64
70.016000 70.880000 66
70.880000 72.064000 65
74.336000 74.528000 58
74.688000 75.072000 69
75.232000 75.456000 66
75.456000 75.872000 62
76.416000 76.672000 59
76.800000 77.120000 69
77.312000 77.536000 66
77.536000 78.208000 66
78.720000 78.944000 58
78.944000 79.008000 62
79.008000 79.424000 69
79.520000 79.712000 66
79.872000 81.632000 61
81.824000 81.984000 59
82.144000 82.528000 61
82.720000 83.104000 62
83.744000 84.032000 66
84.032000 84.512000 69
84.608000 85.088000 69
85.088000 85.280000 64
85.472000 85.888000 69
85.984000 86.176000 67
86.304000 86.432000 59
86.592000 86.720000 67
86.720000 87.264000 69
87.392000 87.552000 59
87.648000 87.776000 60
87.776000 88.000000 62
88.480000 90.304000 66
92.160000 92.352000 58
92.448000 92.832000 69
92.992000 93.152000 66
93.152000 93.600000 64
94.368000 94.560000 59
94.720000 95.296000 69
95.296000 96.352000 66
97.216000 97.472000 64
97.472000 97.760000 66
97.760000 98.048000 67
98.048000 99.104000 74
99.200000 99.552000 73
99.552000 100.160000 72
100.160000 100.992000 73
101.152000 101.376000 71
101.760000 103.040000 69
103.168000 103.360000 60
103.488000 103.680000 68
103.680000 104.160000 69
104.288000 104.512000 59
104.608000 105.280000 69
105.408000 105.600000 59
105.728000 106.016000 66
106.560000 107.968000 66
111.552000 111.808000 53
112.128000 112.608000 54
112.704000 112.800000 54
114.848000 114.944000 59
115.040000 115.552000 56
115.648000 116.160000 54
118.400000 118.496000 54
118.592000 118.688000 54
119.584000 119.712000 56
120.000000 120.256000 55
120.256000 120.352000 55
120.352000 120.768000 59
121.024000 121.280000 58
121.856000 121.984000 52
124.096000 124.576000 61
128.416000 129.312000 61
130.976000 131.200000 64
133.152000 133.312000 62
133.472000 134.144000 66
134.240000 134.944000 64
135.104000 135.488000 64
135.616000 135.840000 59
135.968000 136.224000 64
136.960000 137.344000 66
137.600000 137.856000 62
137.856000 138.592000 66
138.720000 139.392000 64
139.520000 139.968000 64
140.096000 140.384000 59
140.384000 140.736000 62
141.984000 142.304000 62
142.304000 142.784000 66
142.880000 144.384000 64
144.832000 144.992000 62
145.120000 145.280000 64
145.280000 145.568000 63
145.696000 146.528000 64
146.656000 147.072000 63
147.072000 149.344000 66
149.344000 149.792000 62
150.976000 151.168000 62
151.296000 152.032000 66
152.128000 153.408000 64
153.536000 153.792000 59
153.888000 154.432000 64
155.456000 155.520000 63
155.520000 155.776000 65
155.776000 156.256000 67
156.352000 157.888000 69
158.016000 158.304000 66
158.464000 158.784000 65
158.880000 159.712000 62
160.544000 161.088000 66
161.088000 161.856000 64
161.984000 162.368000 64
162.752000 164.064000 64
164.224000 165.088000 66
165.088000 165.248000 63
165.344000 167.232000 64
168.736000 169.152000 69
169.312000 169.472000 66
169.472000 170.048000 64
170.560000 170.976000 61
170.976000 171.360000 69
171.520000 171.744000 66
171.744000 172.480000 66
172.864000 173.120000 58
173.120000 173.184000 62
173.184000 173.664000 69
173.664000 173.888000 67
174.080000 174.240000 59
174.240000 174.432000 61
174.560000 175.808000 61
176.032000 176.192000 59
176.288000 176.416000 59
176.416000 176.704000 62
176.832000 177.088000 62
177.088000 177.664000 60
177.952000 178.240000 67
178.240000 178.688000 69
178.784000 179.296000 69
179.680000 180.352000 69
180.352000 180.384000 65
180.800000 181.472000 69
181.600000 181.760000 59
181.856000 181.952000 60
181.952000 182.112000 62
182.432000 182.656000 65
182.656000 182.848000 63
182.976000 183.040000 64
183.040000 183.136000 65
183.136000 186.112000 69
186.368000 186.976000 69
187.104000 187.296000 66
187.296000 187.872000 63
188.544000 188.736000 59
188.864000 189.728000 71
189.728000 190.784000 66
191.456000 191.744000 66
191.744000 192.224000 67
192.224000 193.312000 74
193.440000 193.792000 76
194.048000 195.200000 73
195.360000 195.552000 71
195.904000 196.640000 69
196.736000 196.960000 69
197.056000 197.216000 67
197.312000 197.504000 59
197.632000 197.728000 67
197.728000 198.336000 69
198.496000 198.624000 64
198.752000 199.424000 69
199.584000 199.712000 60
199.840000 200.192000 66
200.192000 202.400000 66
204.608000 204.992000 69
205.152000 205.312000 66
205.312000 205.792000 63
206.656000 206.848000 60
206.976000 207.104000 67
207.104000 207.488000 70
207.488000 207.840000 71
207.840000 208.928000 70
209.472000 209.536000 62
209.536000 209.728000 64
209.728000 210.016000 66
210.016000 210.304000 67
210.304000 211.360000 73
211.488000 211.808000 73
211.808000 212.352000 70
212.352000 213.184000 73
213.376000 213.568000 71
214.016000 215.296000 69
215.424000 215.616000 59
215.840000 216.192000 69
216.320000 216.480000 67
216.704000 216.992000 61
216.992000 217.056000 63
217.056000 217.376000 69
217.504000 217.696000 67
217.856000 218.080000 59
218.272000 218.752000 66
219.904000 220.256000 66
220.256000 221.664000 64
239.424000 239.584000 60
239.680000 239.808000 58
239.904000 240.064000 58
240.192000 240.448000 57
242.624000 242.720000 54
