11.840000 11.936000 73
19.136000 20.288000 71
34.560000 34.912000 58
34.912000 35.392000 57
35.616000 35.840000 55
35.872000 36.096000 56
36.192000 36.480000 57
37.632000 37.920000 56
38.048000 38.720000 57
40.480000 40.768000 56
40.768000 40.992000 58
41.088000 41.216000 57
41.216000 41.664000 56
41.760000 41.920000 55
42.048000 42.208000 55
43.232000 43.328000 56
43.424000 43.616000 55
46.752000 47.296000 58
47.456000 47.584000 56
48.832000 49.024000 56
49.056000 49.248000 55
49.376000 49.472000 56
52.256000 52.896000 55
53.984000 54.144000 56
54.240000 54.432000 54
55.936000 56.160000 54
61.728000 61.824000 61
62.272000 62.464000 63
63.744000 63.872000 61
64.096000 64.192000 61
66.208000 66.496000 59
67.072000 67.392000 63
67.712000 67.904000 66
68.032000 68.480000 66
68.672000 68.768000 62
69.056000 69.664000 66
69.760000 69.888000 73
69.888000 70.112000 78
70.240000 70.432000 78
70.496000 70.912000 66
71.008000 71.104000 66
71.392000 71.456000 60
71.456000 71.712000 63
71.712000 72.032000 66
72.192000 72.448000 68
72.608000 73.504000 66
73.600000 74.048000 68
74.048000 74.272000 65
74.496000 74.848000 63
75.008000 75.488000 67
75.488000 76.064000 70
76.224000 76.384000 68
76.384000 76.800000 67
76.960000 77.312000 63
77.728000 78.464000 61
78.656000 78.752000 59
78.752000 79.648000 59
79.776000 79.968000 63
79.968000 80.192000 60
80.192000 80.672000 57
80.768000 80.864000 56
81.056000 81.312000 59
81.408000 82.112000 63
82.272000 82.400000 65
82.400000 82.528000 66
82.688000 83.072000 66
83.072000 83.648000 64
84.224000 84.352000 62
84.352000 84.608000 64
84.608000 84.864000 66
85.024000 85.280000 67
85.440000 86.336000 66
86.464000 86.848000 67
86.848000 87.104000 64
87.392000 87.712000 63
87.808000 88.320000 67
88.320000 89.280000 71
89.280000 90.208000 66
90.592000 90.880000 61
90.976000 91.328000 63
91.424000 91.776000 59
92.160000 92.256000 55
92.256000 92.288000 57
92.288000 92.320000 58
92.320000 92.416000 61
92.416000 92.544000 62
92.544000 92.960000 63
92.960000 93.248000 66
93.632000 93.728000 55
93.824000 93.984000 60
93.984000 94.176000 62
94.272000 94.496000 62
94.496000 94.784000 63
94.944000 95.136000 63
95.136000 96.288000 62
97.696000 98.112000 68
98.240000 99.168000 68
99.328000 101.344000 70
101.440000 103.136000 70
103.136000 103.776000 68
104.288000 104.704000 69
104.864000 105.088000 68
105.248000 105.760000 68
105.888000 107.040000 68
107.392000 107.456000 68
107.456000 107.808000 70
107.808000 108.032000 73
108.032000 108.352000 70
108.480000 109.344000 68
109.440000 109.824000 68
109.824000 110.592000 64
110.976000 111.680000 64
111.808000 112.192000 66
112.192000 112.928000 71
113.024000 113.728000 72
113.824000 115.424000 74
115.840000 116.320000 67
116.320000 116.544000 69
116.544000 117.152000 73
117.408000 117.888000 67
117.888000 118.176000 69
118.176000 118.976000 73
118.976000 119.744000 70
119.744000 122.272000 74
122.688000 122.944000 63
122.944000 123.264000 66
123.392000 123.680000 68
123.840000 124.736000 66
124.832000 125.280000 68
125.280000 125.504000 64
125.696000 126.112000 63
126.208000 126.720000 67
126.720000 127.296000 70
127.424000 127.616000 68
127.616000 128.032000 67
128.192000 128.576000 63
128.992000 129.632000 62
129.792000 129.920000 59
129.920000 130.720000 58
130.720000 131.168000 63
131.264000 131.872000 59
132.160000 132.256000 55
132.256000 132.320000 58
132.320000 132.608000 59
132.608000 133.088000 61
133.088000 134.656000 66
134.656000 135.008000 61
135.424000 135.488000 60
135.488000 135.776000 63
135.776000 136.032000 66
136.192000 136.480000 68
136.640000 137.504000 66
137.632000 137.984000 67
137.984000 138.144000 64
138.336000 138.432000 59
138.560000 138.976000 65
138.976000 139.776000 68
139.776000 139.968000 71
139.968000 140.896000 68
140.960000 141.472000 64
141.792000 142.048000 61
142.176000 142.624000 63
142.624000 143.008000 59
143.424000 143.488000 57
143.488000 143.552000 59
143.552000 143.744000 62
143.744000 144.448000 66
144.768000 144.928000 54
145.024000 145.184000 59
145.184000 145.408000 61
145.472000 145.760000 62
145.760000 146.048000 63
146.240000 148.160000 63
164.672000 165.568000 68
165.664000 165.760000 66
165.856000 166.112000 66
171.616000 171.808000 71
172.256000 172.640000 68
172.800000 172.928000 68
173.152000 173.312000 66
173.408000 173.536000 66
173.792000 174.144000 63
174.144000 174.784000 67
174.784000 174.944000 68
174.944000 175.808000 65
175.808000 176.384000 69
176.512000 176.832000 65
176.992000 177.376000 63
177.376000 177.984000 67
177.984000 178.880000 70
178.880000 179.328000 66
179.424000 179.840000 63
180.224000 180.896000 62
181.024000 181.152000 59
181.152000 181.920000 58
181.920000 182.368000 62
182.528000 183.136000 59
183.424000 183.552000 57
183.552000 183.712000 59
183.840000 184.320000 61
184.320000 184.608000 63
184.608000 185.824000 68
185.824000 186.272000 61
186.592000 186.656000 62
186.656000 186.944000 63
186.944000 187.520000 67
187.520000 187.744000 68
187.744000 188.416000 65
188.416000 190.976000 71
190.976000 191.488000 75
191.616000 192.192000 68
192.192000 192.672000 66
192.672000 192.960000 63
192.960000 193.792000 63
193.792000 194.240000 59
194.464000 195.104000 63
195.264000 196.096000 66
196.192000 197.632000 63
197.632000 199.232000 59
200.064000 200.480000 67
200.640000 201.536000 68
201.696000 203.136000 68
203.168000 203.680000 70
203.776000 203.968000 67
203.968000 204.864000 70
204.864000 206.336000 68
206.688000 207.072000 68
207.232000 207.456000 68
207.616000 208.128000 68
208.224000 209.408000 68
209.792000 209.856000 68
209.856000 210.176000 70
210.176000 210.400000 73
210.400000 210.752000 70
210.848000 211.040000 68
211.040000 212.544000 68
212.544000 212.992000 64
213.376000 214.080000 64
214.208000 214.560000 67
214.560000 215.296000 71
215.392000 217.920000 74
218.208000 218.656000 66
218.656000 218.944000 69
218.944000 219.552000 74
219.648000 219.744000 70
219.744000 220.288000 67
220.288000 220.576000 68
220.576000 221.408000 73
221.408000 222.112000 68
222.208000 224.704000 74
225.024000 225.376000 65
225.376000 225.664000 66
225.792000 226.112000 68
226.272000 227.168000 66
227.264000 227.648000 68
227.648000 228.032000 63
228.064000 228.512000 63
228.640000 229.120000 67
229.120000 229.632000 70
229.856000 230.016000 68
230.016000 230.304000 67
230.304000 230.432000 63
230.592000 230.976000 65
231.392000 232.064000 63
232.224000 232.352000 59
232.352000 233.120000 58
233.120000 233.536000 63
233.696000 234.304000 59
234.528000 234.688000 57
234.688000 235.840000 63
235.840000 236.384000 66
236.384000 237.472000 64
237.920000 238.176000 64
238.176000 238.464000 67
238.592000 238.880000 68
239.008000 239.936000 66
240.032000 240.480000 68
240.480000 240.736000 64
240.960000 241.312000 63
241.408000 241.920000 67
241.920000 242.176000 69
242.176000 242.848000 71
242.848000 243.936000 75
244.160000 244.480000 67
244.576000 245.024000 68
245.024000 245.376000 74
245.376000 245.568000 72
245.568000 247.232000 70
247.232000 247.808000 66
247.936000 248.096000 63
248.288000 249.984000 63
253.824000 253.984000 61
253.984000 254.240000 63
254.240000 254.752000 66
255.392000 255.712000 63
255.840000 256.320000 68
256.480000 256.576000 63
257.056000 257.376000 63
257.376000 257.664000 66
257.824000 257.984000 66
258.080000 258.336000 70
258.464000 258.816000 68
258.880000 259.072000 65
259.424000 259.712000 63
260.224000 260.896000 63
261.088000 261.440000 58
261.600000 261.920000 56
261.920000 262.400000 63
263.424000 263.680000 59
263.840000 264.096000 61
264.192000 264.480000 63
264.640000 265.632000 67
266.624000 266.688000 61
266.688000 267.008000 64
267.008000 267.552000 67
267.552000 267.776000 68
267.776000 268.576000 66
268.576000 269.600000 70
269.728000 270.240000 64
270.240000 270.496000 67
270.496000 271.008000 71
271.008000 271.552000 75
271.648000 272.224000 68
272.224000 272.736000 66
272.736000 272.992000 63
272.992000 273.984000 63
273.984000 274.400000 59
274.496000 275.200000 63
275.328000 275.712000 66
275.904000 277.376000 63
277.376000 279.264000 60
