25.024000 26.752000 53
26.976000 27.104000 49
27.264000 28.000000 55
28.096000 28.384000 58
28.384000 29.952000 56
30.720000 32.576000 55
32.768000 32.928000 53
33.088000 33.600000 62
33.600000 35.456000 61
35.936000 36.000000 55
36.000000 36.640000 60
36.768000 37.120000 65
37.120000 38.624000 62
38.720000 39.776000 63
39.776000 39.936000 58
40.000000 41.312000 55
41.472000 41.600000 55
41.760000 42.464000 55
42.560000 43.552000 61
43.680000 44.160000 58
44.160000 45.056000 62
45.056000 45.408000 59
45.600000 47.264000 59
47.552000 47.616000 57
47.616000 47.936000 58
47.936000 49.984000 62
50.272000 50.400000 50
50.528000 50.688000 59
50.688000 50.752000 58
50.752000 51.040000 56
51.040000 51.232000 54
51.232000 52.864000 58
53.312000 53.376000 51
53.376000 53.440000 53
53.440000 53.824000 56
53.824000 55.936000 60
55.936000 56.128000 53
56.288000 57.088000 65
57.088000 58.912000 64
59.136000 59.904000 60
59.904000 61.056000 65
61.056000 61.344000 61
61.344000 61.664000 65
61.664000 62.464000 62
62.688000 63.104000 61
63.104000 63.424000 62
63.424000 64.288000 60
64.288000 64.640000 55
64.992000 65.440000 62
65.440000 66.592000 61
66.912000 67.072000 53
67.232000 67.264000 61
67.296000 67.328000 62
67.360000 67.488000 63
67.488000 67.584000 65
67.584000 68.128000 61
68.128000 68.288000 58
68.288000 69.152000 62
69.248000 71.840000 60
95.136000 96.480000 53
96.672000 96.928000 50
96.928000 97.632000 55
97.824000 98.112000 58
98.112000 99.680000 55
100.384000 102.272000 56
102.432000 102.592000 54
102.752000 103.264000 62
103.264000 105.088000 61
105.600000 105.664000 56
105.664000 106.336000 60
106.432000 106.784000 65
106.784000 109.664000 63
109.664000 111.072000 55
111.392000 111.456000 51
111.456000 112.128000 55
112.224000 113.248000 60
113.344000 113.664000 58
113.664000 113.920000 60
113.920000 114.848000 62
114.848000 115.200000 59
115.360000 116.960000 58
117.216000 117.280000 55
117.280000 117.536000 58
117.536000 119.712000 62
119.904000 120.032000 49
120.128000 120.384000 57
120.384000 121.088000 58
121.088000 122.656000 58
122.944000 123.008000 51
123.008000 123.584000 56
123.584000 125.504000 60
125.664000 125.824000 53
125.984000 126.816000 65
126.816000 128.512000 63
128.864000 128.928000 55
128.928000 129.216000 58
129.216000 129.312000 55
129.312000 129.504000 60
129.600000 129.856000 64
129.856000 130.240000 65
130.240000 131.072000 65
131.072000 132.288000 65
132.320000 133.152000 62
133.152000 133.984000 60
133.984000 134.368000 56
134.656000 135.072000 62
135.072000 136.320000 61
136.512000 136.736000 54
136.736000 136.832000 56
136.832000 137.504000 64
137.504000 137.920000 62
137.920000 138.848000 62
138.976000 141.568000 60
141.728000 142.432000 65
148.000000 148.960000 69
149.408000 149.600000 67
149.600000 149.856000 70
150.048000 150.336000 69
150.496000 150.720000 70
163.648000 163.808000 58
163.808000 164.192000 58
164.192000 166.112000 62
166.304000 166.592000 62
166.592000 166.784000 58
166.784000 167.104000 55
167.104000 167.360000 55
167.360000 169.024000 58
169.440000 169.504000 51
169.504000 170.240000 58
170.240000 171.872000 60
172.064000 172.256000 51
172.448000 173.088000 65
173.088000 173.280000 64
173.280000 174.912000 63
175.296000 176.032000 60
176.032000 176.928000 65
176.928000 177.184000 63
177.280000 177.504000 61
177.504000 177.792000 65
177.792000 178.624000 63
178.816000 179.008000 60
179.008000 179.648000 62
179.648000 180.416000 60
180.416000 180.768000 56
181.120000 181.536000 62
181.536000 182.656000 61
182.944000 183.232000 55
183.232000 183.360000 61
183.488000 183.680000 65
183.680000 184.224000 61
184.224000 184.384000 60
184.384000 184.896000 62
184.896000 188.896000 61
