9.696000 9.760000 52
9.760000 9.792000 53
9.792000 11.808000 57
11.808000 12.672000 52
12.672000 13.440000 48
17.568000 18.432000 57
18.592000 18.944000 56
19.072000 19.744000 55
19.744000 20.192000 48
20.192000 21.184000 52
24.704000 24.768000 52
24.768000 24.800000 54
24.800000 25.504000 57
25.504000 26.976000 59
27.136000 27.648000 57
28.096000 28.256000 58
28.256000 30.016000 60
30.016000 33.184000 58
35.008000 35.328000 45
35.328000 35.616000 48
35.840000 36.448000 50
40.064000 40.384000 52
40.480000 42.752000 55
42.752000 43.200000 50
43.328000 43.744000 48
47.424000 47.584000 56
47.872000 48.512000 57
48.608000 49.568000 57
49.696000 50.144000 55
50.656000 50.720000 48
50.720000 50.816000 50
50.816000 52.512000 55
52.512000 53.504000 55
54.848000 54.976000 55
55.072000 57.440000 57
57.568000 57.824000 59
58.176000 59.968000 60
59.968000 63.168000 57
64.864000 65.056000 45
65.216000 66.304000 50
69.248000 69.344000 49
69.344000 72.704000 56
72.704000 73.824000 57
76.576000 76.640000 45
76.640000 79.392000 55
79.904000 80.256000 53
80.352000 82.368000 52
84.384000 87.072000 59
87.072000 87.264000 55
87.648000 88.512000 60
88.608000 89.568000 59
89.568000 93.184000 57
93.664000 93.888000 53
93.984000 94.240000 53
94.400000 94.592000 45
94.592000 96.256000 51
99.200000 99.360000 50
99.360000 100.480000 53
100.480000 101.152000 56
101.152000 103.040000 53
106.368000 106.528000 55
106.624000 106.752000 57
106.848000 107.712000 57
107.808000 108.384000 56
108.768000 109.280000 50
109.376000 109.952000 52
113.728000 114.144000 57
114.272000 116.416000 59
116.416000 116.640000 55
116.800000 116.896000 54
117.056000 118.944000 60
118.944000 122.336000 58
123.648000 123.776000 51
123.776000 123.808000 50
123.808000 123.904000 49
123.904000 124.064000 46
124.416000 125.984000 50
128.704000 130.016000 52
130.016000 130.368000 55
130.464000 131.616000 57
131.616000 131.840000 54
131.968000 133.024000 48
136.480000 138.624000 60
138.720000 138.944000 56
138.944000 140.896000 53
141.120000 141.696000 55
142.752000 143.904000 55
143.904000 144.832000 54
144.992000 145.056000 53
145.056000 145.728000 56
145.728000 148.032000 60
148.160000 148.256000 58
148.384000 152.224000 57
153.056000 154.016000 53
154.016000 154.592000 50
157.568000 157.632000 50
157.632000 159.744000 55
159.744000 162.240000 57
164.928000 164.992000 47
164.992000 167.776000 55
168.256000 168.640000 47
168.640000 170.336000 52
172.704000 172.768000 54
172.768000 175.616000 59
175.968000 176.800000 60
176.896000 177.792000 59
177.792000 181.120000 58
182.400000 182.560000 50
182.688000 182.912000 48
183.104000 184.800000 50
186.112000 186.528000 47
186.720000 187.168000 48
194.272000 194.336000 52
194.336000 194.432000 53
194.432000 197.344000 55
197.344000 199.648000 53
199.744000 199.840000 52
201.440000 201.536000 57
201.536000 201.632000 58
201.632000 204.384000 61
204.384000 207.680000 64
208.768000 209.536000 64
209.632000 210.080000 62
210.080000 210.720000 65
210.720000 211.776000 67
212.000000 214.528000 57
215.584000 215.808000 57
215.808000 216.064000 60
216.064000 217.984000 65
217.984000 219.328000 65
219.328000 221.152000 60
223.488000 224.288000 64
224.384000 224.832000 62
224.832000 225.440000 65
225.440000 226.560000 67
226.784000 229.888000 57
230.368000 230.624000 57
230.624000 230.784000 59
230.880000 232.480000 65
232.480000 234.048000 61
234.144000 238.816000 62
241.760000 246.368000 55
248.992000 251.392000 60
251.776000 257.152000 64
257.248000 257.696000 62
257.696000 258.304000 65
258.304000 259.392000 67
259.616000 261.344000 57
263.072000 263.168000 53
263.168000 263.392000 57
263.392000 266.752000 65
266.912000 267.328000 59
267.424000 268.768000 55
271.008000 271.072000 57
271.072000 271.808000 64
271.904000 272.320000 62
272.320000 272.928000 65
272.928000 274.080000 67
274.272000 277.088000 57
277.824000 277.952000 58
277.952000 278.240000 57
278.336000 278.400000 62
278.400000 280.032000 65
280.032000 281.504000 65
281.632000 286.880000 62
289.152000 289.280000 50
289.280000 294.432000 55
296.480000 296.736000 55
296.736000 300.256000 62
300.256000 302.976000 56
304.672000 307.136000 55
307.136000 310.592000 54
311.904000 317.632000 57
319.040000 320.032000 50
320.288000 320.992000 48
321.120000 322.368000 48
322.464000 322.976000 48
