39.136000 39.552000 67
39.552000 40.832000 65
40.832000 41.792000 67
42.400000 42.816000 67
42.816000 43.488000 66
43.488000 44.096000 72
44.096000 45.152000 68
45.760000 46.176000 67
46.176000 48.224000 66
49.056000 49.312000 68
49.312000 49.824000 72
49.824000 50.016000 68
50.016000 50.368000 64
50.368000 51.008000 60
51.136000 51.456000 64
51.584000 51.680000 59
51.680000 52.096000 58
52.384000 52.448000 66
52.448000 52.544000 67
52.544000 53.152000 72
53.152000 53.312000 67
53.312000 53.632000 66
53.632000 53.984000 60
54.080000 54.336000 60
54.432000 55.520000 69
55.680000 55.904000 67
55.904000 56.512000 72
56.512000 56.704000 67
56.704000 56.960000 65
56.960000 57.824000 62
57.824000 58.144000 64
58.144000 58.592000 58
59.008000 59.168000 55
59.168000 59.360000 58
59.360000 59.488000 60
59.616000 60.000000 69
60.000000 60.096000 65
60.096000 60.576000 64
60.576000 61.920000 62
62.304000 62.528000 67
62.528000 62.720000 69
62.720000 62.944000 72
62.944000 63.168000 69
63.168000 63.328000 67
63.328000 63.520000 65
63.520000 64.288000 63
64.416000 64.736000 64
64.832000 65.216000 56
65.600000 65.824000 67
65.824000 66.464000 72
66.464000 66.624000 67
66.624000 66.816000 65
66.816000 67.552000 62
67.680000 68.640000 69
68.928000 69.088000 67
69.088000 69.536000 72
69.600000 69.664000 69
69.664000 69.920000 67
69.920000 70.240000 65
70.336000 70.624000 57
70.624000 70.944000 60
70.944000 71.456000 64
71.456000 71.840000 59
72.256000 72.480000 55
72.480000 72.832000 59
72.832000 73.184000 69
73.280000 76.480000 64
76.640000 76.768000 60
77.120000 77.440000 55
77.440000 77.664000 57
77.760000 78.080000 67
78.080000 80.192000 63
80.480000 80.704000 56
80.704000 81.088000 58
81.088000 81.152000 61
81.152000 81.216000 66
81.216000 81.504000 69
81.504000 82.080000 64
82.240000 83.584000 67
84.000000 84.064000 64
84.064000 84.608000 69
84.704000 84.928000 67
85.024000 86.624000 63
87.104000 87.264000 64
87.360000 87.680000 64
87.680000 89.344000 64
89.344000 90.080000 61
90.432000 90.848000 70
90.848000 91.008000 72
91.008000 91.200000 70
91.200000 91.424000 68
91.424000 91.488000 64
91.488000 91.840000 64
91.840000 92.128000 57
92.128000 92.416000 60
92.544000 92.864000 64
92.992000 93.408000 57
93.760000 93.952000 67
93.952000 94.592000 72
94.592000 94.912000 67
94.912000 95.072000 63
95.072000 95.488000 60
95.488000 95.712000 60
95.808000 96.832000 69
97.056000 97.120000 66
97.120000 97.248000 67
97.248000 97.952000 72
97.952000 98.112000 67
98.112000 98.272000 64
98.272000 99.264000 62
99.264000 99.552000 64
99.648000 100.576000 56
100.576000 100.832000 60
100.928000 100.992000 65
100.992000 101.344000 68
101.344000 101.408000 66
101.408000 101.664000 64
101.664000 103.136000 63
110.080000 110.688000 67
110.688000 111.264000 65
111.264000 112.288000 65
112.288000 113.024000 60
114.656000 117.184000 69
117.344000 117.600000 69
117.728000 118.496000 67
118.592000 118.688000 64
118.784000 118.944000 64
121.664000 122.240000 67
122.336000 122.560000 65
122.560000 123.552000 64
123.552000 124.480000 67
124.960000 127.232000 71
127.232000 127.488000 72
128.320000 128.448000 72
128.864000 129.120000 75
129.376000 131.360000 72
131.712000 132.000000 56
132.096000 132.352000 57
132.448000 134.592000 67
135.104000 135.296000 57
135.392000 135.712000 57
135.712000 135.808000 64
135.808000 136.128000 69
136.128000 136.704000 64
136.832000 138.112000 67
138.592000 138.656000 65
138.656000 139.200000 69
139.296000 139.552000 67
139.648000 141.280000 62
141.728000 141.888000 64
141.984000 142.272000 64
142.368000 143.776000 64
143.776000 144.320000 60
144.416000 144.512000 60
145.056000 146.112000 73
146.112000 146.240000 65
146.240000 146.368000 63
146.368000 146.752000 60
146.752000 147.168000 62
147.168000 147.520000 65
147.520000 148.096000 58
148.192000 148.224000 57
148.256000 148.320000 64
148.320000 148.608000 68
148.608000 149.216000 72
149.216000 149.536000 68
149.536000 150.368000 63
150.464000 151.456000 70
151.712000 151.872000 69
151.872000 152.032000 70
152.032000 152.288000 73
152.288000 152.448000 71
152.448000 152.672000 69
152.672000 153.024000 66
153.152000 153.376000 59
153.376000 153.728000 61
153.728000 154.304000 65
154.304000 154.592000 59
155.040000 155.200000 56
155.200000 155.392000 59
155.392000 155.584000 61
155.584000 156.000000 69
156.000000 157.984000 65
158.272000 158.496000 62
158.496000 158.720000 64
158.720000 158.912000 65
158.912000 159.168000 68
159.168000 159.328000 73
159.328000 159.904000 70
159.904000 161.312000 68
161.536000 161.600000 63
161.600000 161.824000 66
161.824000 162.368000 70
162.368000 162.560000 67
162.560000 162.880000 65
162.880000 163.200000 61
163.328000 163.808000 62
163.808000 164.608000 64
164.960000 165.152000 62
165.152000 165.280000 63
165.280000 165.504000 65
165.504000 165.760000 68
165.760000 165.920000 73
165.920000 166.464000 70
166.464000 167.936000 68
168.256000 168.384000 65
168.480000 168.992000 70
168.992000 169.088000 67
169.088000 169.376000 65
169.376000 170.112000 62
170.272000 170.528000 63
170.656000 170.976000 65
171.296000 171.488000 73
171.584000 171.968000 73
179.552000 179.808000 69
179.904000 182.048000 67
182.528000 182.752000 57
182.848000 183.168000 57
183.168000 183.232000 62
183.232000 183.552000 69
183.552000 184.160000 64
184.288000 185.728000 67
186.016000 186.112000 65
186.112000 186.624000 69
186.720000 186.976000 67
187.072000 188.736000 62
189.184000 189.344000 64
189.440000 189.696000 64
189.792000 191.200000 64
191.200000 191.744000 60
192.480000 192.736000 70
192.736000 193.472000 73
193.472000 193.696000 67
193.696000 194.208000 63
194.208000 194.592000 61
194.592000 194.976000 65
194.976000 195.488000 57
195.776000 196.064000 68
196.064000 196.640000 72
196.640000 197.024000 68
197.024000 197.888000 62
197.888000 198.880000 70
199.136000 199.328000 69
199.328000 199.936000 73
199.936000 200.096000 68
200.096000 200.256000 66
200.256000 200.448000 64
200.576000 200.832000 58
200.832000 201.152000 61
201.152000 201.760000 65
201.760000 202.144000 58
202.464000 202.624000 56
202.624000 202.848000 59
202.848000 203.040000 62
203.040000 203.392000 69
203.488000 204.064000 65
204.064000 204.736000 62
