46.496000 47.328000 58
47.456000 47.904000 55
48.352000 48.544000 55
48.640000 48.960000 56
48.992000 49.024000 55
50.208000 50.272000 63
50.272000 50.400000 61
56.672000 57.120000 56
57.120000 57.472000 60
57.472000 58.080000 61
58.080000 58.656000 60
58.656000 59.200000 65
59.392000 59.488000 60
60.128000 60.320000 63
60.448000 60.736000 63
60.736000 61.120000 60
61.440000 62.144000 63
62.304000 62.560000 58
63.136000 63.328000 57
63.424000 63.712000 56
63.840000 64.128000 59
64.128000 65.056000 63
65.056000 65.248000 64
66.080000 66.272000 63
66.432000 66.720000 63
67.552000 67.808000 63
67.904000 68.192000 64
69.120000 69.696000 65
69.824000 70.080000 63
70.208000 70.432000 65
70.560000 70.720000 65
70.720000 71.552000 68
71.648000 71.968000 65
72.064000 73.344000 63
74.304000 75.008000 62
75.072000 75.616000 63
75.616000 76.288000 58
76.512000 78.912000 65
81.120000 81.248000 58
81.376000 81.664000 61
81.760000 82.016000 61
82.016000 82.624000 60
82.624000 83.264000 64
83.264000 83.584000 60
83.872000 84.000000 61
84.096000 84.704000 64
84.800000 85.088000 59
85.536000 86.208000 64
86.336000 86.624000 59
87.104000 87.712000 58
87.904000 88.032000 58
88.192000 88.480000 62
88.480000 89.248000 65
90.080000 90.688000 65
91.616000 91.872000 63
91.872000 92.160000 65
92.288000 92.448000 66
92.448000 92.736000 68
93.088000 93.632000 65
93.792000 94.368000 65
94.528000 95.840000 68
95.840000 97.312000 63
98.272000 98.880000 62
99.040000 99.232000 62
99.232000 100.864000 65
100.864000 102.752000 62
104.288000 104.896000 61
104.992000 105.344000 70
105.408000 106.688000 71
106.688000 107.360000 70
107.648000 108.608000 70
108.736000 109.056000 68
109.152000 110.144000 70
110.688000 110.880000 72
111.008000 111.616000 70
111.744000 112.032000 68
112.032000 112.608000 68
112.608000 112.800000 70
112.896000 113.152000 68
113.248000 113.920000 68
113.920000 114.304000 66
114.400000 114.688000 63
114.688000 115.744000 65
115.904000 116.320000 61
116.640000 116.896000 61
117.056000 117.696000 70
117.696000 118.112000 67
118.112000 119.936000 70
120.032000 120.672000 70
121.152000 121.600000 65
121.600000 123.648000 63
123.776000 126.976000 68
128.384000 128.480000 58
128.480000 128.832000 61
129.024000 129.760000 70
129.760000 130.432000 68
130.528000 131.392000 70
131.488000 132.608000 70
132.768000 133.056000 68
133.152000 134.240000 70
134.624000 134.912000 61
135.008000 136.064000 70
136.064000 136.512000 67
136.512000 136.768000 70
136.896000 137.888000 68
138.016000 138.080000 67
138.080000 138.368000 68
138.368000 141.024000 74
141.216000 141.760000 73
142.112000 142.592000 71
142.592000 143.168000 73
143.264000 144.672000 70
144.704000 144.800000 68
145.120000 146.816000 70
147.008000 147.584000 65
147.776000 148.096000 65
148.224000 151.200000 63
175.968000 176.384000 56
176.384000 176.672000 59
176.672000 178.080000 63
178.208000 178.528000 63
178.528000 178.912000 60
179.360000 179.584000 63
179.680000 179.968000 65
180.192000 180.256000 60
180.832000 181.024000 63
181.184000 181.440000 65
182.368000 182.624000 58
182.720000 182.944000 56
183.136000 183.360000 58
183.360000 183.744000 61
183.872000 184.512000 65
185.376000 185.984000 64
186.912000 186.976000 63
186.976000 187.200000 63
187.200000 188.000000 68
188.384000 189.664000 65
189.856000 190.016000 66
190.016000 190.560000 68
190.560000 191.232000 67
191.360000 192.064000 63
192.160000 192.704000 71
193.568000 195.008000 63
195.104000 195.456000 65
195.584000 196.000000 63
196.256000 197.664000 62
197.664000 199.648000 66
200.928000 202.176000 63
202.336000 202.464000 65
202.848000 202.976000 64
202.976000 203.136000 63
203.296000 203.552000 63
203.712000 203.936000 63
204.064000 204.256000 62
204.256000 204.672000 59
204.800000 205.088000 57
206.240000 206.496000 60
206.848000 207.424000 59
214.336000 214.400000 60
214.400000 214.464000 59
214.464000 214.720000 58
214.720000 214.816000 60
215.200000 215.552000 56
217.440000 219.040000 75
219.456000 219.840000 77
220.128000 222.080000 73
224.320000 224.992000 70
224.992000 225.312000 67
225.408000 225.792000 69
225.824000 226.848000 70
226.944000 227.200000 68
227.328000 227.904000 70
228.032000 228.352000 68
228.448000 229.472000 70
229.888000 230.208000 61
230.304000 230.912000 70
231.040000 231.360000 68
231.360000 231.904000 68
231.904000 232.096000 70
232.192000 232.832000 68
232.928000 233.216000 68
233.216000 233.952000 67
234.048000 234.976000 65
234.976000 235.104000 62
235.200000 235.648000 61
235.968000 236.192000 61
236.320000 236.416000 68
236.416000 236.960000 71
237.056000 237.408000 67
237.408000 238.784000 70
238.880000 239.200000 68
239.328000 240.000000 70
240.480000 241.376000 65
241.376000 242.976000 63
243.104000 245.216000 68
245.344000 247.584000 68
247.936000 248.320000 63
248.320000 248.640000 70
248.704000 249.792000 70
249.792000 250.752000 70
250.944000 251.296000 69
251.296000 251.904000 72
252.064000 252.352000 68
252.448000 253.472000 70
254.080000 254.176000 62
254.304000 255.392000 70
255.392000 255.808000 67
255.808000 256.096000 70
256.192000 257.216000 68
257.312000 257.408000 67
257.408000 257.664000 68
257.664000 261.408000 75
261.504000 262.560000 73
262.560000 263.776000 70
264.064000 264.160000 68
264.448000 266.272000 71
266.272000 266.688000 67
266.848000 267.008000 63
267.168000 267.296000 63
267.296000 267.520000 65
267.648000 270.144000 63
293.120000 293.344000 58
293.344000 293.696000 61
293.792000 294.048000 61
294.208000 294.400000 59
294.528000 294.816000 63
294.944000 295.200000 64
295.360000 295.584000 59
296.064000 296.288000 63
296.384000 296.704000 64
297.600000 298.144000 64
298.368000 298.400000 59
299.168000 299.616000 59
299.904000 300.192000 61
300.384000 301.664000 61
329.088000 329.216000 62
330.432000 330.592000 62
332.224000 332.896000 63
334.048000 334.304000 56
335.008000 335.552000 60
335.648000 335.872000 63
336.384000 336.576000 62
336.704000 336.896000 58
336.992000 337.184000 57
337.344000 337.536000 58
339.360000 340.064000 62
340.224000 340.512000 59
342.304000 342.720000 55
345.728000 346.400000 58
346.496000 347.104000 63
347.296000 347.616000 72
347.776000 347.968000 71
347.968000 348.192000 73
348.544000 348.896000 70
348.896000 348.992000 73
350.144000 350.272000 67
352.288000 352.448000 56
352.576000 352.736000 55
353.312000 354.080000 58
354.912000 355.072000 68
355.072000 355.296000 71
355.392000 355.552000 71
355.712000 356.064000 70
356.320000 356.576000 74
358.688000 359.360000 59
361.056000 361.344000 60
361.344000 361.568000 59
361.696000 361.824000 58
362.176000 362.304000 62
362.432000 362.560000 63
362.560000 363.072000 62
364.640000 364.736000 56
366.336000 366.432000 63
366.560000 366.880000 59
368.576000 368.800000 62
369.376000 369.792000 55
373.024000 373.344000 61
373.536000 375.264000 72
375.264000 375.872000 70
375.968000 377.088000 70
377.248000 377.536000 68
377.632000 378.624000 70
379.072000 379.392000 61
379.488000 380.544000 70
380.544000 380.992000 67
380.992000 381.280000 70
381.376000 382.400000 68
382.496000 382.592000 67
382.592000 382.880000 68
382.880000 385.504000 74
385.664000 386.016000 73
386.592000 386.976000 70
387.040000 387.616000 73
387.744000 389.088000 70
389.600000 391.168000 70
391.168000 391.360000 65
391.520000 391.872000 60
391.872000 392.064000 65
392.256000 392.608000 65
392.672000 394.688000 63
394.912000 395.264000 58
396.416000 396.672000 76
407.776000 407.904000 63
407.904000 408.096000 62
408.096000 408.256000 61
408.256000 409.024000 60
410.464000 410.560000 68
412.096000 412.288000 68
413.280000 413.760000 61
418.272000 418.592000 63
419.744000 419.776000 71
419.968000 420.064000 75
424.608000 425.248000 63
427.232000 427.360000 75
428.000000 428.160000 64
430.656000 431.104000 68
432.160000 432.224000 70
432.224000 432.352000 76
432.512000 432.576000 69
433.408000 433.600000 59
433.760000 434.432000 58
435.232000 435.328000 63
