1.568000 1.824000 59
2.048000 2.400000 62
2.560000 2.912000 65
3.008000 3.584000 72
3.584000 3.712000 69
3.904000 4.256000 69
5.120000 5.888000 69
6.176000 6.528000 62
6.816000 7.296000 67
7.296000 7.488000 64
7.744000 8.000000 64
9.152000 9.248000 62
9.440000 10.112000 64
10.368000 10.496000 70
10.496000 10.784000 72
10.784000 11.008000 70
11.264000 11.712000 69
12.576000 12.864000 69
13.120000 13.440000 74
13.696000 14.144000 71
14.464000 14.688000 67
14.688000 15.392000 66
16.352000 16.608000 59
16.832000 17.024000 62
17.280000 17.600000 64
17.696000 17.760000 69
17.760000 18.560000 72
18.560000 19.040000 69
19.904000 20.352000 69
20.576000 20.864000 67
21.088000 21.280000 62
21.504000 22.240000 67
22.240000 22.368000 64
22.464000 22.720000 64
23.808000 24.192000 62
24.192000 24.672000 65
24.672000 25.664000 68
25.664000 26.400000 63
27.200000 27.520000 63
27.744000 28.256000 62
28.672000 32.960000 57
48.000000 51.712000 72
59.552000 59.680000 71
59.808000 59.904000 71
65.216000 66.560000 64
66.784000 66.976000 62
67.168000 67.392000 58
68.128000 68.672000 63
69.120000 69.472000 64
69.600000 69.856000 62
69.856000 70.432000 65
72.800000 73.216000 61
73.376000 73.600000 60
73.824000 74.752000 62
75.008000 75.424000 63
76.096000 76.544000 59
80.352000 82.048000 63
82.144000 82.432000 57
83.232000 83.488000 63
83.648000 83.872000 64
84.000000 84.384000 64
84.608000 84.800000 62
84.992000 85.664000 65
87.840000 88.608000 62
88.800000 89.824000 62
90.016000 90.528000 65
90.688000 91.968000 64
92.096000 93.056000 64
93.216000 93.312000 64
94.400000 94.656000 62
94.656000 95.136000 64
95.232000 95.680000 64
95.872000 96.128000 62
96.128000 96.640000 65
98.080000 98.848000 62
98.944000 99.424000 62
99.648000 99.904000 61
99.904000 100.736000 64
102.016000 103.584000 64
103.872000 104.864000 65
105.344000 105.536000 58
105.696000 105.888000 67
105.888000 108.032000 71
108.032000 111.072000 71
111.840000 112.256000 62
112.256000 112.800000 65
112.800000 113.728000 72
113.888000 114.464000 69
114.912000 115.904000 69
116.064000 116.352000 62
116.608000 117.216000 67
117.216000 117.376000 64
117.600000 118.304000 64
119.008000 119.264000 60
119.424000 120.096000 64
120.352000 120.448000 70
120.448000 120.832000 72
120.832000 121.248000 69
121.376000 122.048000 69
122.688000 122.976000 69
123.200000 123.552000 74
123.744000 124.224000 71
124.448000 125.728000 67
126.368000 126.528000 58
126.528000 126.784000 60
126.880000 127.232000 62
127.360000 127.776000 65
127.776000 129.632000 72
129.984000 130.464000 69
130.656000 130.976000 67
131.200000 131.424000 62
131.648000 132.160000 67
132.160000 132.608000 64
132.704000 133.344000 64
134.048000 134.432000 62
134.432000 134.944000 66
134.944000 135.840000 69
135.840000 136.704000 63
137.344000 137.632000 63
137.824000 138.464000 64
138.720000 140.000000 69
140.000000 141.088000 69
141.536000 141.696000 59
141.696000 142.304000 63
142.464000 142.816000 65
142.976000 143.648000 72
143.648000 144.000000 69
144.128000 144.800000 69
145.312000 145.664000 69
145.792000 146.112000 67
146.304000 146.688000 62
146.688000 147.680000 67
147.904000 148.480000 64
149.152000 149.472000 60
149.568000 149.920000 62
149.920000 150.464000 64
150.560000 150.688000 71
150.688000 150.976000 72
150.976000 151.424000 70
151.616000 152.256000 69
152.864000 153.344000 70
153.344000 153.856000 74
153.856000 154.368000 71
154.656000 156.000000 67
156.672000 156.864000 60
157.024000 157.472000 62
157.472000 157.856000 64
157.856000 159.808000 72
160.320000 160.640000 69
160.800000 161.056000 67
161.312000 161.504000 62
161.728000 163.328000 67
164.096000 164.416000 62
164.576000 164.928000 64
165.088000 165.440000 67
165.568000 165.952000 69
166.272000 166.784000 58
167.360000 168.704000 64
168.704000 169.184000 61
169.664000 169.888000 55
170.112000 172.992000 57
180.960000 181.216000 67
182.944000 183.520000 69
183.744000 186.880000 76
190.240000 193.952000 76
193.952000 196.064000 69
204.096000 205.344000 64
205.632000 205.792000 62
206.016000 206.176000 58
206.336000 206.528000 62
206.880000 207.520000 63
207.904000 208.256000 64
208.384000 208.672000 62
208.672000 209.536000 65
211.552000 212.000000 61
212.096000 212.320000 60
212.544000 213.472000 62
213.760000 214.240000 64
214.976000 215.680000 59
218.816000 219.360000 64
219.488000 220.608000 64
220.736000 220.992000 57
221.088000 221.376000 62
221.728000 222.080000 64
222.240000 222.432000 64
222.592000 222.880000 64
223.168000 223.360000 62
223.584000 224.672000 65
226.368000 227.072000 61
227.328000 227.840000 62
227.840000 228.288000 62
228.512000 228.992000 65
229.120000 231.680000 64
232.736000 234.048000 65
234.272000 234.592000 62
234.592000 235.232000 65
236.416000 236.544000 59
236.544000 237.152000 62
237.408000 237.760000 62
238.016000 238.336000 60
238.336000 239.392000 64
240.192000 240.416000 62
240.416000 241.824000 65
242.080000 243.104000 65
243.584000 243.776000 57
243.936000 245.408000 69
245.504000 249.088000 71
249.184000 249.312000 64
249.568000 249.888000 59
250.048000 250.432000 62
250.432000 250.912000 65
250.912000 251.744000 72
251.872000 252.576000 70
252.800000 253.888000 69
254.048000 254.336000 62
254.592000 255.040000 67
255.040000 255.296000 64
255.488000 256.192000 64
256.928000 257.216000 60
257.344000 258.048000 64
258.272000 258.784000 72
258.784000 259.200000 69
259.328000 260.096000 69
260.544000 260.832000 69
261.088000 261.760000 74
261.952000 262.464000 71
262.464000 263.648000 67
264.192000 264.352000 59
264.352000 264.576000 60
264.704000 264.992000 62
265.152000 265.632000 66
265.632000 267.360000 72
267.744000 268.224000 69
268.416000 268.672000 67
268.896000 269.120000 62
269.344000 271.040000 67
271.648000 272.032000 62
272.032000 272.544000 66
272.544000 273.408000 69
273.408000 274.176000 63
274.848000 275.008000 62
275.008000 275.168000 64
275.360000 275.968000 64
276.224000 276.704000 67
276.704000 277.376000 69
277.376000 278.496000 69
278.912000 279.232000 59
279.232000 279.808000 62
279.904000 280.288000 65
280.384000 281.088000 72
281.088000 282.208000 69
282.688000 283.008000 69
283.168000 283.456000 67
283.648000 284.064000 63
284.064000 284.800000 67
285.120000 285.824000 64
286.336000 286.528000 59
286.528000 286.752000 60
286.848000 287.264000 62
287.264000 287.840000 66
287.840000 288.608000 72
288.800000 289.504000 69
290.080000 290.464000 69
290.592000 291.328000 74
291.456000 291.712000 71
291.968000 293.088000 67
293.888000 294.080000 60
294.240000 295.008000 64
295.136000 296.896000 72
297.472000 297.824000 69
297.952000 298.208000 67
298.432000 298.624000 62
298.848000 300.480000 67
301.184000 301.440000 62
301.664000 301.984000 64
302.080000 302.464000 67
302.592000 302.976000 69
303.264000 303.936000 57
304.352000 305.760000 64
305.760000 306.304000 59
306.592000 306.752000 55
307.008000 307.840000 56
308.576000 308.896000 62
309.088000 309.440000 64
309.600000 309.920000 67
310.080000 310.528000 69
310.880000 311.232000 58
311.968000 313.504000 64
313.504000 314.144000 61
315.104000 315.264000 55
315.584000 319.776000 57
