15.680000 15.968000 52
16.096000 17.600000 55
17.600000 18.208000 52
18.944000 19.424000 51
19.584000 19.936000 54
19.936000 20.384000 56
20.576000 21.024000 59
21.216000 21.440000 52
21.536000 21.792000 50
22.144000 22.240000 51
22.400000 22.752000 50
22.848000 23.680000 50
23.776000 24.352000 50
25.376000 25.600000 50
25.792000 26.624000 55
26.720000 27.904000 56
28.064000 28.352000 55
28.448000 28.832000 52
28.992000 29.472000 52
29.632000 30.688000 60
31.200000 31.360000 52
31.456000 31.776000 59
31.904000 32.768000 57
32.928000 33.280000 57
33.440000 33.760000 53
33.856000 35.712000 52
37.280000 37.536000 52
37.664000 39.168000 55
39.168000 39.744000 52
41.056000 41.376000 53
41.504000 41.888000 57
41.888000 42.592000 59
42.720000 42.816000 56
43.072000 43.360000 50
43.584000 43.680000 52
43.904000 44.224000 51
44.704000 45.120000 59
45.248000 45.440000 57
47.040000 47.136000 50
47.296000 47.936000 55
48.032000 48.640000 56
48.768000 49.120000 55
49.216000 49.344000 56
49.600000 49.696000 55
50.176000 50.976000 52
51.136000 52.416000 60
53.056000 53.728000 64
53.792000 54.144000 60
54.144000 54.496000 63
54.496000 54.848000 65
54.976000 55.328000 64
55.328000 55.616000 63
55.712000 55.840000 60
56.000000 58.336000 60
60.512000 60.704000 56
60.704000 60.960000 57
61.120000 61.344000 59
61.472000 62.144000 62
62.272000 62.400000 59
62.400000 62.784000 60
62.784000 63.808000 58
63.808000 64.448000 60
64.576000 64.960000 64
65.120000 66.240000 62
66.752000 66.976000 55
66.976000 67.264000 56
67.264000 68.192000 60
68.480000 68.992000 62
69.184000 69.856000 56
70.016000 70.592000 62
70.752000 71.040000 65
71.296000 72.544000 65
72.864000 72.960000 58
73.088000 73.408000 60
73.408000 74.080000 64
74.176000 74.368000 65
74.560000 75.552000 57
75.872000 75.936000 58
76.128000 76.256000 59
76.256000 76.736000 62
76.864000 76.960000 63
76.960000 77.664000 65
77.664000 78.624000 62
79.008000 79.104000 59
79.200000 79.360000 60
79.648000 83.040000 67
83.232000 84.064000 65
84.064000 84.384000 62
84.960000 85.056000 59
85.344000 85.472000 59
85.472000 86.112000 60
86.112000 86.784000 62
86.944000 87.328000 69
87.328000 88.992000 67
89.152000 91.104000 62
91.808000 92.064000 59
92.224000 92.448000 60
92.640000 93.024000 62
93.024000 93.696000 67
93.792000 94.688000 64
94.944000 95.136000 62
95.328000 97.344000 60
97.504000 97.600000 60
98.016000 98.752000 60
98.848000 99.136000 61
99.136000 99.840000 67
99.968000 100.448000 65
100.544000 100.928000 64
101.120000 102.112000 60
102.272000 102.848000 67
103.008000 103.296000 64
103.392000 103.552000 65
103.648000 104.000000 64
104.000000 104.576000 61
104.704000 104.800000 59
105.120000 105.568000 69
105.760000 106.048000 67
106.048000 106.624000 63
106.752000 107.296000 67
107.296000 107.456000 67
107.648000 109.248000 64
109.280000 109.312000 62
109.344000 110.560000 62
110.752000 111.392000 62
111.520000 112.000000 69
112.000000 112.512000 67
112.640000 114.432000 67
114.432000 115.840000 62
115.936000 116.064000 63
116.448000 116.896000 59
116.896000 117.184000 60
117.184000 117.664000 63
117.664000 118.624000 67
118.848000 119.328000 62
119.328000 119.456000 67
119.584000 119.872000 62
119.968000 122.240000 60
122.624000 123.488000 60
123.488000 123.808000 61
123.808000 125.088000 67
125.184000 125.600000 64
125.728000 126.240000 60
126.368000 126.688000 60
126.880000 127.200000 67
127.296000 128.192000 65
128.384000 132.160000 64
132.416000 132.576000 62
132.576000 132.736000 65
132.832000 134.208000 64
134.880000 135.264000 52
135.264000 137.952000 60
148.448000 149.536000 55
149.632000 150.624000 52
151.520000 151.808000 52
152.224000 152.352000 54
152.352000 152.832000 57
152.960000 153.312000 59
153.824000 154.400000 64
154.624000 155.552000 60
155.552000 156.800000 57
157.696000 157.792000 57
158.048000 158.272000 56
158.400000 158.784000 60
158.784000 159.744000 65
159.936000 160.512000 62
160.736000 162.016000 67
162.112000 163.008000 64
163.104000 163.232000 64
163.488000 163.648000 63
163.808000 164.288000 64
164.288000 165.088000 62
165.184000 165.984000 65
166.144000 166.400000 62
166.528000 169.280000 60
171.488000 171.552000 55
171.552000 172.064000 59
172.256000 173.728000 62
173.824000 174.560000 57
174.560000 175.648000 64
175.936000 176.800000 62
177.664000 178.208000 57
178.432000 178.848000 60
178.848000 179.040000 60
179.040000 179.520000 67
179.648000 180.576000 56
180.768000 181.376000 62
181.536000 183.168000 66
183.392000 183.456000 63
183.456000 183.712000 62
183.808000 184.192000 60
184.192000 184.864000 64
184.960000 185.152000 65
185.376000 186.176000 57
186.656000 187.168000 60
187.296000 187.488000 62
187.648000 188.256000 65
188.416000 189.120000 62
189.760000 190.304000 60
190.304000 190.624000 67
190.752000 193.696000 64
194.144000 194.336000 65
194.336000 195.520000 65
195.680000 195.872000 59
196.096000 196.768000 60
196.832000 197.536000 62
197.696000 197.760000 67
197.760000 198.304000 69
198.400000 199.776000 64
199.936000 202.080000 62
202.176000 202.208000 61
202.528000 203.296000 60
203.424000 203.744000 62
203.744000 204.896000 67
204.896000 205.504000 62
205.696000 205.952000 62
206.112000 208.224000 66
208.768000 209.920000 61
209.920000 210.592000 67
210.752000 211.232000 65
211.328000 211.776000 64
211.904000 212.832000 60
212.992000 213.280000 67
213.376000 213.600000 65
213.664000 214.304000 65
214.464000 214.688000 63
214.688000 215.424000 62
215.904000 216.352000 69
216.512000 216.800000 67
216.800000 217.376000 63
217.504000 217.856000 62
218.016000 218.208000 67
218.432000 220.128000 64
220.320000 221.312000 60
221.472000 222.240000 62
222.240000 222.944000 69
222.944000 223.232000 64
223.424000 224.064000 64
224.160000 225.120000 67
225.120000 226.592000 62
226.688000 226.848000 63
227.136000 227.680000 59
227.680000 227.968000 60
227.968000 228.448000 64
228.448000 229.408000 67
229.568000 230.016000 62
230.272000 230.592000 62
230.688000 232.864000 60
233.088000 233.312000 65
233.376000 234.528000 60
234.528000 235.616000 67
235.712000 236.224000 65
236.224000 237.024000 61
237.152000 237.216000 68
237.216000 237.376000 71
237.664000 237.952000 67
238.048000 242.816000 67
242.912000 243.200000 68
243.200000 244.416000 65
244.512000 245.696000 62
245.696000 245.888000 59
246.144000 246.720000 60
246.816000 251.616000 69
255.360000 255.648000 60
255.648000 257.056000 63
257.056000 257.952000 64
257.952000 258.496000 67
258.720000 261.472000 64
261.600000 262.080000 60
269.312000 270.592000 60
270.720000 271.488000 63
271.488000 272.128000 69
272.256000 273.632000 64
273.792000 275.904000 62
276.480000 276.544000 56
276.544000 276.640000 57
276.640000 276.896000 59
276.896000 277.248000 60
277.248000 277.632000 62
277.632000 278.688000 67
278.784000 279.296000 62
279.584000 279.840000 62
280.000000 280.288000 59
280.416000 282.176000 60
282.560000 283.264000 60
283.424000 283.808000 60
283.808000 284.672000 69
284.672000 285.472000 65
285.472000 285.664000 62
285.760000 286.368000 60
286.624000 286.752000 60
286.880000 288.192000 67
288.192000 288.736000 64
288.864000 289.504000 60
289.728000 290.240000 69
290.368000 290.624000 67
290.752000 291.264000 62
291.360000 291.712000 62
291.840000 292.096000 67
292.096000 292.192000 71
292.320000 293.792000 64
293.888000 294.112000 64
294.112000 295.200000 60
295.360000 296.096000 62
296.096000 296.768000 69
296.768000 297.120000 65
297.312000 299.040000 67
299.040000 300.832000 62
301.056000 301.408000 59
301.472000 301.568000 59
301.568000 301.792000 60
301.792000 302.272000 62
302.272000 302.656000 67
302.656000 303.392000 66
303.392000 303.968000 68
304.096000 304.384000 69
304.512000 306.784000 71
306.912000 307.008000 66
307.232000 308.352000 62
308.352000 309.440000 67
309.568000 309.728000 65
309.728000 311.296000 64
311.520000 311.808000 67
311.904000 312.576000 65
312.672000 316.832000 65
317.024000 319.296000 65
321.472000 321.760000 52
321.888000 324.736000 60
