12.160000 12.416000 64
13.888000 14.176000 73
14.176000 14.272000 71
14.272000 14.464000 70
14.464000 15.168000 67
15.424000 15.488000 63
15.488000 15.520000 64
15.520000 17.760000 69
17.760000 18.208000 67
18.304000 18.720000 62
18.720000 20.064000 63
20.768000 20.896000 64
21.152000 21.376000 73
21.376000 23.808000 72
25.760000 25.952000 59
25.952000 26.464000 61
26.464000 27.360000 54
27.584000 27.968000 62
28.096000 28.288000 61
28.288000 29.920000 61
29.920000 30.464000 57
30.560000 31.648000 57
32.096000 32.384000 52
32.384000 32.608000 54
32.608000 33.280000 59
33.376000 33.824000 61
33.920000 34.624000 52
34.880000 35.680000 62
35.680000 35.840000 59
36.000000 36.576000 61
36.672000 36.832000 60
36.832000 37.888000 59
38.048000 39.072000 59
39.904000 41.568000 59
41.696000 42.656000 64
42.656000 43.680000 62
44.000000 45.088000 55
45.184000 45.248000 61
45.248000 45.536000 64
45.632000 47.008000 62
47.520000 48.288000 62
48.384000 48.608000 57
48.800000 49.024000 55
49.024000 50.368000 59
50.528000 50.752000 53
50.752000 51.008000 55
51.008000 53.056000 60
53.216000 53.504000 59
53.600000 53.760000 59
54.880000 55.104000 60
55.104000 55.520000 61
55.520000 56.352000 55
56.544000 57.024000 62
57.152000 58.848000 61
58.976000 60.864000 58
61.280000 61.504000 53
61.504000 61.760000 54
61.760000 62.368000 59
62.464000 62.624000 59
62.624000 62.880000 61
62.976000 63.712000 52
63.968000 64.352000 62
64.448000 65.024000 61
65.152000 65.344000 61
65.344000 65.952000 63
65.952000 66.144000 59
66.144000 68.512000 59
68.928000 70.624000 59
70.784000 70.944000 64
71.072000 71.872000 64
71.872000 72.832000 61
73.088000 74.080000 55
74.208000 74.592000 64
74.720000 76.000000 62
76.640000 77.376000 62
77.376000 77.600000 59
77.792000 78.080000 55
78.080000 79.360000 59
79.552000 79.840000 55
79.840000 82.848000 60
83.104000 83.264000 59
83.264000 83.584000 62
83.584000 85.504000 64
85.600000 87.264000 57
87.264000 89.920000 62
90.080000 90.976000 60
91.232000 93.184000 66
93.504000 94.272000 61
94.272000 95.104000 63
95.104000 97.664000 65
99.040000 99.200000 61
99.200000 99.648000 62
99.648000 99.904000 62
99.904000 102.144000 67
102.688000 102.816000 58
102.816000 103.264000 59
103.264000 106.016000 64
106.368000 107.072000 59
107.232000 108.448000 64
108.576000 109.600000 62
109.600000 110.048000 60
110.208000 110.496000 59
110.624000 111.072000 57
111.072000 112.768000 61
113.120000 113.344000 61
113.344000 113.792000 61
113.792000 114.240000 63
114.240000 118.048000 70
118.144000 118.208000 69
118.208000 118.432000 71
118.592000 118.656000 69
118.656000 121.056000 71
121.056000 121.984000 69
123.136000 123.808000 62
123.808000 129.184000 59
130.784000 130.880000 57
132.128000 132.416000 73
132.416000 132.512000 71
132.512000 132.704000 70
132.704000 133.376000 67
134.304000 135.552000 65
135.808000 136.128000 65
136.128000 136.288000 65
136.288000 136.640000 72
136.640000 136.768000 73
139.424000 139.616000 73
139.616000 139.680000 72
139.680000 139.776000 71
139.776000 139.968000 70
139.968000 140.640000 69
142.176000 142.720000 71
144.032000 144.672000 61
144.800000 144.864000 52
144.992000 145.568000 52
145.888000 146.208000 62
146.304000 146.560000 61
146.560000 148.288000 61
148.288000 148.928000 57
149.152000 150.048000 58
150.240000 150.560000 52
150.560000 150.816000 55
150.816000 151.136000 57
151.136000 152.032000 61
152.192000 152.800000 53
153.152000 153.792000 62
153.792000 155.840000 61
156.064000 156.288000 55
156.288000 156.480000 58
156.480000 157.760000 60
158.016000 158.272000 59
158.272000 159.200000 58
159.296000 159.872000 59
159.872000 161.024000 64
161.024000 161.920000 61
162.208000 163.424000 62
163.424000 163.712000 64
163.840000 165.376000 67
165.856000 168.576000 64
168.800000 169.024000 55
169.024000 169.600000 59
169.664000 171.968000 60
172.224000 173.152000 62
173.312000 174.880000 66
174.880000 176.320000 60
176.800000 179.488000 65
179.488000 180.128000 57
180.352000 182.208000 67
182.304000 184.448000 69
184.448000 187.808000 64
189.920000 190.048000 59
190.048000 190.304000 61
190.400000 190.528000 61
190.528000 190.816000 62
190.816000 193.056000 67
193.408000 193.472000 62
193.536000 193.696000 58
193.696000 194.144000 59
194.144000 196.768000 64
196.928000 197.056000 62
197.056000 197.152000 60
197.152000 197.312000 55
197.312000 197.984000 59
198.112000 199.360000 64
199.520000 200.032000 62
200.128000 200.736000 61
200.832000 200.928000 59
201.088000 202.656000 61
202.656000 203.680000 61
204.032000 204.256000 61
204.256000 204.704000 62
204.704000 205.152000 62
205.152000 205.312000 69
205.312000 205.504000 72
205.504000 208.960000 71
209.056000 209.376000 71
209.536000 213.184000 72
214.016000 214.752000 62
214.752000 219.488000 60
220.800000 223.872000 62
224.000000 224.768000 61
224.960000 225.920000 62
226.080000 227.616000 64
227.616000 227.872000 57
228.064000 229.120000 64
229.312000 230.272000 65
230.272000 231.040000 63
231.168000 232.896000 61
235.392000 235.904000 62
236.032000 236.160000 60
236.736000 237.056000 60
237.216000 237.792000 58
237.888000 238.208000 58
239.008000 239.168000 60
239.200000 239.744000 60
239.776000 240.000000 58
240.768000 242.720000 69
242.720000 245.504000 67
246.112000 246.304000 63
246.496000 246.656000 63
246.944000 247.200000 63
247.360000 247.424000 66
247.424000 247.520000 67
247.520000 248.960000 70
248.960000 251.296000 67
251.424000 252.352000 60
252.352000 252.736000 62
252.736000 255.200000 67
255.552000 255.872000 58
255.936000 256.192000 60
256.288000 257.600000 65
257.696000 258.816000 63
258.816000 259.200000 60
259.296000 259.712000 60
259.712000 260.160000 58
260.160000 261.792000 65
262.208000 262.464000 62
262.496000 263.296000 63
263.392000 263.456000 69
263.456000 263.744000 70
263.744000 263.872000 67
263.872000 263.936000 62
264.192000 265.568000 55
265.728000 265.888000 55
266.080000 266.336000 60
266.336000 267.136000 70
267.232000 267.360000 70
267.360000 267.584000 72
267.744000 267.808000 58
267.840000 268.832000 53
268.896000 268.960000 54
268.992000 269.632000 51
269.856000 270.112000 51
270.560000 270.976000 51
271.008000 271.296000 51
272.224000 272.352000 61
272.352000 272.608000 63
272.800000 273.216000 62
273.280000 273.312000 58
273.344000 273.728000 60
273.856000 275.296000 62
275.360000 275.712000 58
275.808000 276.544000 58
276.544000 276.800000 58
276.800000 277.024000 61
277.024000 277.792000 62
277.792000 280.320000 67
280.992000 281.888000 70
281.888000 286.304000 68
286.304000 287.840000 62
288.800000 291.104000 58
291.968000 296.512000 58
296.672000 296.864000 58
