7.840000 8.064000 55
8.064000 8.352000 57
8.352000 9.088000 62
9.088000 9.344000 58
9.344000 10.688000 57
10.784000 11.488000 50
11.904000 12.160000 53
12.160000 12.384000 51
12.384000 12.832000 50
12.832000 13.312000 53
13.312000 13.760000 55
13.760000 15.232000 62
15.552000 16.960000 64
16.960000 17.120000 60
17.120000 18.048000 59
18.048000 18.944000 57
19.296000 20.128000 54
20.128000 21.664000 58
21.728000 22.208000 50
22.304000 22.368000 53
22.368000 22.464000 53
22.464000 22.688000 55
22.688000 22.976000 57
22.976000 23.776000 62
23.776000 24.000000 58
24.000000 24.672000 56
24.672000 26.080000 54
26.496000 26.976000 54
26.976000 27.232000 50
27.360000 27.456000 51
27.456000 27.904000 54
27.904000 28.352000 55
28.352000 29.888000 61
30.176000 31.616000 65
31.616000 32.192000 60
32.192000 32.896000 60
32.896000 33.408000 55
33.856000 34.272000 53
34.272000 34.400000 55
34.400000 34.688000 54
34.688000 36.352000 64
36.352000 37.120000 58
37.408000 37.472000 53
37.472000 37.504000 54
37.504000 37.600000 56
37.600000 40.128000 60
40.128000 40.736000 55
41.024000 41.088000 54
41.088000 41.216000 55
41.216000 41.440000 56
41.440000 42.848000 58
42.848000 43.200000 62
43.264000 43.488000 57
43.488000 44.192000 55
44.544000 44.608000 55
44.608000 44.704000 58
44.704000 47.904000 62
48.128000 48.512000 56
48.512000 49.152000 57
49.152000 49.504000 60
49.504000 50.400000 56
50.400000 51.296000 53
51.296000 51.520000 55
51.520000 53.120000 62
53.120000 53.984000 55
54.080000 54.176000 55
54.176000 54.816000 50
55.264000 56.608000 53
56.608000 57.088000 55
57.088000 58.528000 62
58.816000 60.160000 64
60.160000 60.576000 60
60.576000 61.440000 59
61.440000 62.016000 55
62.432000 62.784000 54
62.880000 63.264000 54
63.264000 63.328000 59
63.328000 64.224000 64
64.224000 65.408000 62
65.408000 66.016000 59
80.032000 80.096000 52
80.096000 82.048000 60
82.048000 82.304000 62
82.304000 83.296000 57
83.584000 83.808000 56
83.808000 85.472000 60
85.472000 85.824000 62
85.824000 86.912000 57
87.136000 90.496000 62
90.720000 91.104000 57
91.104000 91.776000 58
91.776000 92.064000 60
92.064000 92.960000 56
92.960000 93.184000 55
93.184000 93.920000 54
93.920000 94.080000 55
94.080000 95.776000 62
95.776000 96.224000 55
96.288000 96.736000 54
96.736000 97.344000 50
97.792000 98.272000 53
98.272000 98.720000 51
98.720000 99.136000 53
99.136000 99.584000 55
99.584000 101.120000 62
101.344000 101.408000 62
101.408000 102.592000 65
102.592000 103.072000 61
103.072000 104.096000 59
104.096000 104.704000 55
104.960000 105.760000 55
105.760000 107.296000 64
107.296000 108.256000 58
108.512000 109.344000 55
109.344000 109.376000 58
109.376000 110.400000 64
110.400000 111.616000 62
112.064000 112.768000 55
112.800000 112.864000 53
112.864000 113.664000 64
