10.080000 10.784000 56
10.944000 11.616000 56
11.840000 12.672000 54
13.536000 13.856000 56
13.984000 14.176000 57
14.432000 15.072000 59
15.296000 15.744000 55
17.024000 17.248000 55
17.504000 18.144000 54
18.368000 19.776000 56
20.576000 20.832000 56
20.992000 21.184000 59
21.440000 22.144000 61
22.368000 22.656000 58
24.128000 24.768000 56
24.960000 25.760000 56
25.856000 26.144000 54
26.336000 26.816000 55
27.616000 28.288000 57
28.480000 29.568000 59
29.568000 29.888000 55
31.200000 32.352000 55
32.480000 32.576000 54
32.960000 34.912000 56
37.120000 38.368000 56
38.624000 40.288000 61
40.832000 41.984000 62
42.176000 42.528000 61
42.624000 43.424000 59
43.520000 43.808000 55
44.416000 44.672000 54
44.832000 45.440000 55
45.696000 47.328000 56
47.936000 49.152000 56
49.248000 49.568000 55
49.696000 50.816000 55
51.648000 52.128000 54
52.352000 52.640000 54
52.768000 54.400000 57
55.040000 56.576000 57
56.768000 57.568000 56
57.664000 58.016000 54
58.496000 58.784000 54
58.976000 59.584000 54
59.680000 61.888000 54
61.984000 62.336000 54
66.464000 67.264000 68
67.360000 68.160000 68
68.256000 69.280000 66
70.080000 70.208000 67
70.208000 70.720000 69
70.880000 71.648000 71
71.744000 72.576000 66
73.536000 73.792000 66
73.920000 74.592000 66
74.816000 75.456000 66
75.744000 76.256000 68
77.056000 77.344000 68
77.504000 77.696000 71
77.824000 78.688000 74
78.784000 79.680000 68
80.608000 81.248000 68
81.440000 81.632000 68
81.824000 82.592000 68
82.656000 83.232000 67
84.064000 84.288000 67
84.288000 84.576000 68
84.576000 85.120000 69
85.120000 85.856000 72
85.856000 86.752000 68
87.616000 89.216000 67
89.376000 89.824000 64
89.824000 91.424000 68
93.792000 94.688000 65
94.720000 95.040000 68
95.136000 96.768000 73
97.344000 98.496000 74
98.656000 99.872000 73
99.872000 100.384000 68
100.832000 100.896000 63
100.896000 101.152000 66
101.312000 101.952000 66
102.144000 102.816000 67
102.816000 103.776000 68
104.384000 106.016000 69
106.144000 107.456000 67
107.968000 108.640000 64
108.800000 109.120000 66
109.216000 110.816000 69
111.264000 111.424000 63
111.424000 113.056000 69
113.184000 113.952000 69
114.048000 114.496000 67
114.976000 115.104000 65
115.104000 115.232000 66
115.424000 116.800000 67
116.800000 118.688000 68
122.016000 123.104000 68
123.360000 125.056000 73
125.536000 125.856000 73
125.984000 126.752000 73
126.848000 128.128000 73
128.128000 128.608000 70
129.056000 129.280000 65
129.280000 130.592000 67
130.816000 132.000000 68
132.576000 132.896000 68
133.056000 133.824000 68
133.952000 135.648000 68
136.192000 136.832000 64
137.024000 137.312000 66
137.472000 139.072000 69
139.648000 139.712000 67
139.712000 142.112000 72
142.272000 142.720000 67
143.168000 143.488000 66
143.648000 143.872000 66
143.872000 145.856000 66
145.856000 147.328000 62
149.056000 149.280000 69
149.472000 149.632000 69
149.632000 150.304000 74
150.432000 150.528000 66
150.752000 150.944000 66
151.072000 152.736000 68
152.736000 154.592000 63
156.096000 156.192000 68
156.576000 156.672000 68
157.088000 157.312000 74
157.504000 157.600000 66
157.792000 158.144000 66
158.144000 159.744000 65
159.744000 162.240000 69
163.232000 163.584000 69
163.744000 163.872000 71
164.000000 164.128000 72
164.128000 164.576000 68
164.800000 165.312000 72
165.312000 166.112000 68
166.112000 170.304000 74
170.304000 174.176000 69
174.944000 175.200000 68
175.200000 175.392000 74
175.392000 175.712000 71
175.840000 176.128000 69
176.288000 178.144000 74
178.240000 178.368000 73
178.496000 179.232000 73
179.392000 181.088000 75
181.184000 181.536000 67
181.600000 181.792000 66
181.888000 182.336000 66
182.464000 182.720000 67
182.720000 183.136000 65
183.392000 183.968000 67
183.968000 185.024000 73
185.568000 185.888000 69
185.888000 186.016000 73
186.016000 186.752000 68
186.880000 187.232000 68
187.328000 188.576000 67
189.088000 189.248000 62
189.248000 189.952000 65
189.952000 192.032000 72
192.576000 194.272000 70
194.400000 195.136000 71
195.264000 195.680000 66
196.160000 196.896000 67
197.024000 197.408000 64
197.408000 200.896000 74
201.408000 201.728000 68
201.728000 202.816000 72
203.232000 203.584000 69
203.584000 204.416000 72
204.416000 205.152000 72
205.152000 206.400000 75
206.688000 206.752000 69
206.752000 209.248000 73
209.408000 210.016000 66
210.272000 211.040000 67
211.136000 211.392000 65
211.616000 212.192000 67
212.192000 213.280000 73
213.472000 213.568000 71
213.600000 214.592000 70
214.688000 215.456000 68
215.552000 216.928000 70
217.344000 218.048000 64
218.240000 218.496000 66
218.592000 220.320000 72
220.608000 220.736000 70
220.864000 222.528000 69
222.624000 222.752000 67
222.752000 223.840000 69
224.352000 225.152000 67
225.312000 227.808000 66
232.512000 233.120000 56
233.280000 233.952000 56
234.176000 234.912000 55
235.904000 236.544000 57
236.736000 237.472000 59
237.792000 238.528000 55
239.520000 239.776000 55
239.904000 240.192000 55
240.352000 241.344000 55
241.600000 242.144000 56
243.072000 243.200000 56
243.200000 243.584000 58
243.808000 244.960000 61
244.960000 245.600000 56
246.528000 246.752000 56
246.880000 248.032000 56
248.352000 249.472000 57
249.888000 249.984000 57
250.080000 250.720000 57
250.912000 251.904000 59
251.904000 252.672000 55
253.600000 255.040000 55
255.296000 256.416000 56
256.608000 257.536000 56
