5.536000 5.632000 61
5.632000 5.984000 60
9.728000 9.824000 67
50.880000 51.008000 47
51.104000 51.296000 49
51.296000 51.456000 48
51.584000 52.000000 52
52.160000 52.480000 55
52.608000 53.024000 55
53.152000 53.536000 52
53.728000 54.560000 48
56.960000 57.152000 47
57.152000 57.344000 50
57.472000 57.632000 47
57.728000 57.856000 50
57.856000 58.240000 53
58.240000 59.488000 59
59.488000 59.712000 59
59.808000 61.056000 55
63.104000 63.232000 52
63.232000 63.328000 53
63.328000 63.872000 56
63.872000 64.320000 60
64.448000 64.864000 56
64.864000 65.312000 55
65.440000 66.112000 55
66.112000 66.336000 52
66.464000 67.360000 52
67.488000 68.480000 49
69.312000 69.440000 50
69.536000 70.944000 55
71.040000 73.088000 52
75.488000 76.256000 50
76.256000 76.704000 52
76.704000 77.120000 55
77.216000 77.344000 55
77.344000 78.144000 54
78.272000 79.456000 48
81.344000 82.208000 50
82.368000 82.784000 52
82.880000 83.552000 55
83.552000 83.840000 53
83.936000 84.320000 59
84.480000 85.760000 55
87.776000 87.840000 51
87.840000 87.968000 53
87.968000 88.512000 56
88.512000 88.640000 58
88.640000 88.928000 60
88.928000 90.432000 56
90.560000 91.456000 52
91.584000 92.960000 50
93.888000 95.584000 53
95.680000 98.144000 55
99.168000 99.296000 47
99.296000 99.328000 48
99.328000 99.392000 50
99.392000 99.808000 54
99.808000 100.736000 55
100.832000 101.376000 62
101.536000 101.920000 64
102.272000 102.336000 48
102.336000 102.464000 51
102.464000 102.848000 53
102.848000 103.104000 55
103.328000 103.584000 53
103.584000 103.776000 55
103.872000 104.416000 62
104.544000 104.768000 64
104.896000 105.312000 64
105.408000 106.112000 65
106.208000 106.880000 64
106.880000 107.360000 60
107.456000 107.776000 57
108.000000 108.224000 57
108.224000 108.480000 61
108.480000 109.888000 67
110.048000 110.464000 60
110.560000 111.104000 62
111.520000 111.744000 51
111.744000 112.096000 53
112.096000 112.352000 55
112.576000 112.800000 52
112.800000 113.024000 55
113.152000 113.696000 62
113.824000 114.176000 64
114.560000 114.720000 49
114.720000 115.168000 53
115.168000 115.392000 55
115.648000 115.904000 52
115.904000 116.096000 55
116.192000 116.736000 62
116.864000 117.120000 64
117.216000 117.440000 62
117.440000 119.200000 65
119.200000 119.648000 60
119.776000 120.000000 57
120.320000 120.480000 57
120.576000 120.800000 60
120.800000 121.216000 67
121.312000 121.952000 67
122.048000 122.304000 65
122.304000 122.656000 61
123.104000 123.520000 62
123.648000 124.544000 60
124.640000 124.800000 60
140.096000 140.288000 47
140.288000 141.280000 52
141.280000 142.016000 55
142.016000 142.080000 52
142.080000 142.272000 53
142.368000 142.752000 52
142.880000 143.552000 48
143.648000 143.872000 48
146.016000 146.816000 50
146.944000 147.040000 50
147.040000 147.456000 52
147.456000 148.160000 55
148.160000 148.480000 53
148.480000 148.896000 59
148.992000 150.560000 55
152.320000 152.384000 50
152.384000 152.576000 52
152.576000 152.992000 56
153.088000 153.536000 60
153.536000 155.008000 56
155.136000 155.584000 52
155.584000 156.064000 51
156.192000 157.728000 50
158.496000 159.200000 53
159.296000 159.424000 51
159.424000 161.024000 54
161.024000 163.296000 55
163.744000 164.000000 49
164.000000 164.416000 53
164.416000 165.312000 55
165.408000 166.016000 62
166.144000 166.528000 64
166.912000 167.040000 48
167.040000 167.488000 55
167.488000 167.744000 55
167.872000 168.160000 52
168.160000 168.384000 55
168.480000 168.544000 60
168.544000 169.088000 62
169.216000 169.824000 64
169.824000 170.720000 65
170.816000 171.488000 64
171.616000 171.968000 60
172.096000 172.352000 57
172.608000 172.832000 57
172.832000 173.056000 61
173.056000 174.496000 67
174.656000 175.040000 60
175.168000 175.840000 62
176.160000 176.320000 49
176.320000 176.736000 54
176.736000 176.992000 55
177.184000 177.440000 53
177.440000 177.728000 55
177.728000 178.272000 62
178.432000 178.816000 64
179.168000 179.232000 49
179.232000 179.360000 50
179.360000 179.744000 52
179.744000 180.096000 55
180.256000 180.480000 53
180.480000 180.768000 55
180.768000 181.344000 62
181.472000 181.696000 64
181.792000 181.984000 62
181.984000 182.208000 64
182.336000 183.840000 65
183.840000 184.256000 60
184.384000 184.640000 57
184.928000 185.056000 57
185.152000 185.408000 61
185.408000 185.760000 67
185.888000 186.528000 67
186.656000 186.880000 65
186.880000 187.264000 61
187.712000 188.000000 62
188.224000 190.080000 62
190.976000 191.936000 57
192.032000 192.384000 60
192.544000 192.704000 56
192.704000 192.800000 57
192.800000 193.888000 62
194.112000 194.272000 60
194.368000 194.688000 63
194.688000 194.784000 64
194.880000 195.104000 68
195.104000 195.296000 71
195.296000 195.360000 70
195.360000 195.552000 67
195.552000 196.064000 66
196.160000 196.576000 62
196.672000 196.928000 60
197.184000 197.664000 55
197.664000 197.856000 57
197.952000 198.112000 52
198.208000 198.496000 60
198.720000 198.912000 57
198.912000 199.104000 60
199.232000 199.296000 65
199.296000 199.456000 67
199.456000 199.680000 69
199.680000 201.024000 63
201.024000 202.944000 64
203.296000 203.936000 55
203.936000 204.288000 57
204.288000 205.824000 62
205.920000 206.336000 63
206.336000 206.368000 59
206.368000 207.008000 63
207.008000 207.136000 64
207.232000 207.424000 67
207.424000 207.648000 71
207.648000 207.904000 68
207.904000 209.216000 65
209.472000 209.728000 55
209.728000 210.016000 57
210.016000 210.176000 57
210.176000 210.400000 53
210.528000 210.976000 60
210.976000 211.264000 57
211.264000 211.520000 61
211.520000 211.968000 67
211.968000 212.736000 63
212.832000 214.496000 62
215.872000 216.352000 52
216.352000 216.704000 55
216.704000 217.024000 56
217.152000 217.408000 54
217.408000 217.632000 56
217.728000 218.304000 63
218.432000 218.816000 65
219.104000 219.360000 51
219.360000 219.744000 54
219.744000 220.032000 56
220.192000 220.256000 52
220.256000 220.512000 55
220.512000 220.672000 56
220.768000 221.408000 63
221.504000 221.696000 65
221.792000 223.008000 66
223.104000 223.776000 65
223.776000 224.224000 62
224.384000 224.640000 58
224.896000 225.120000 58
225.120000 225.344000 61
225.344000 226.848000 68
226.944000 227.328000 61
227.424000 228.192000 63
228.416000 228.576000 50
228.576000 229.024000 54
229.024000 229.312000 56
229.472000 229.760000 54
229.760000 229.920000 56
230.048000 230.624000 63
230.720000 231.200000 65
231.520000 231.680000 51
231.680000 232.064000 54
232.064000 233.120000 58
233.120000 233.696000 63
233.824000 234.016000 65
234.112000 234.304000 63
234.304000 236.160000 66
236.160000 236.576000 61
236.704000 236.960000 58
237.216000 237.376000 58
237.472000 237.696000 61
237.696000 238.080000 68
238.176000 238.848000 68
238.944000 239.168000 66
239.168000 239.584000 63
240.032000 240.352000 63
240.480000 243.488000 64
243.808000 244.032000 52
244.032000 244.352000 53
244.352000 244.672000 56
244.832000 245.120000 54
245.120000 245.280000 56
245.408000 245.984000 63
246.144000 246.592000 65
246.592000 246.720000 59
246.880000 247.040000 51
247.040000 247.712000 55
247.936000 248.160000 53
248.160000 248.480000 56
248.480000 249.088000 63
249.216000 249.408000 65
249.504000 249.728000 63
249.728000 251.584000 66
251.584000 251.936000 61
252.096000 252.384000 58
252.608000 252.800000 57
252.800000 253.088000 63
253.088000 254.560000 68
254.656000 255.136000 61
255.136000 255.872000 65
256.160000 256.384000 53
256.384000 256.672000 53
256.672000 256.992000 56
257.184000 257.312000 53
257.312000 257.600000 56
257.696000 257.824000 61
257.824000 258.304000 63
258.304000 259.072000 68
259.168000 259.392000 52
259.392000 259.968000 56
260.224000 260.384000 53
260.384000 260.800000 60
260.800000 261.408000 63
261.472000 262.016000 65
262.016000 263.776000 66
263.776000 264.224000 62
264.384000 264.576000 58
264.896000 265.120000 57
265.120000 265.376000 61
265.376000 265.760000 68
265.888000 266.528000 68
266.656000 266.848000 66
266.848000 267.424000 65
267.744000 268.064000 63
268.256000 269.696000 61
269.792000 270.112000 61
271.072000 271.296000 58
271.296000 271.488000 61
271.648000 273.024000 68
273.184000 274.464000 63
274.592000 275.520000 61
