4.896000 5.056000 55
5.184000 5.280000 55
26.208000 26.336000 56
26.336000 26.464000 59
26.464000 26.656000 61
26.656000 27.648000 63
27.744000 28.448000 67
28.544000 28.928000 67
29.120000 30.944000 67
31.872000 34.432000 65
34.784000 35.008000 62
35.008000 35.424000 63
35.424000 35.808000 61
35.936000 36.192000 58
37.344000 37.440000 56
37.536000 37.664000 59
37.664000 37.824000 60
37.824000 39.104000 65
39.104000 39.840000 68
40.032000 40.288000 67
40.512000 40.832000 67
41.120000 41.440000 67
41.632000 42.208000 67
43.136000 43.200000 62
43.200000 43.968000 65
44.096000 44.960000 65
45.056000 45.248000 65
45.376000 45.696000 65
45.920000 46.144000 63
46.144000 46.304000 62
46.400000 46.560000 58
46.688000 46.752000 61
46.752000 47.040000 63
47.200000 48.000000 63
48.736000 50.432000 72
50.528000 51.648000 63
51.648000 53.248000 66
53.344000 53.664000 65
53.664000 53.856000 63
54.368000 54.464000 60
54.464000 54.784000 63
54.944000 56.064000 63
56.064000 56.480000 60
56.736000 57.088000 59
57.216000 58.336000 72
58.336000 58.944000 67
58.944000 59.648000 70
59.968000 62.560000 72
62.720000 64.064000 67
64.064000 65.152000 64
65.472000 70.560000 65
87.904000 88.000000 56
88.000000 88.064000 58
88.064000 88.352000 61
88.352000 89.344000 63
89.440000 90.592000 67
90.816000 92.160000 68
92.160000 92.800000 67
93.504000 94.944000 65
95.040000 95.232000 65
95.232000 95.872000 65
95.968000 96.224000 65
96.480000 96.672000 61
96.672000 97.152000 63
97.152000 97.504000 60
97.600000 98.176000 58
99.232000 99.296000 57
99.296000 99.328000 58
99.328000 99.424000 59
99.424000 100.800000 65
100.800000 101.472000 67
101.696000 101.920000 67
102.080000 102.368000 67
102.592000 103.136000 67
103.264000 103.872000 67
104.928000 105.664000 65
105.792000 106.624000 65
106.720000 106.944000 65
107.072000 107.360000 65
107.520000 107.840000 63
107.840000 108.320000 62
108.416000 108.480000 60
108.480000 108.736000 63
108.864000 109.696000 63
110.432000 112.096000 72
112.096000 114.912000 67
115.040000 115.264000 65
115.264000 115.616000 63
116.064000 116.128000 60
116.128000 116.480000 63
116.576000 117.984000 63
118.432000 118.784000 59
118.880000 120.000000 72
120.000000 120.736000 69
120.736000 121.376000 70
121.568000 124.352000 72
124.352000 125.760000 67
125.984000 126.880000 60
127.136000 129.984000 65
130.080000 131.904000 63
132.064000 132.224000 63
137.760000 137.856000 67
138.016000 138.144000 67
138.272000 138.368000 67
140.704000 141.472000 67
142.784000 143.040000 56
143.040000 143.104000 57
143.104000 143.296000 59
143.296000 144.480000 63
144.576000 144.928000 67
145.024000 145.280000 67
145.376000 145.728000 67
145.952000 147.328000 68
147.328000 147.904000 67
148.672000 150.080000 65
150.176000 151.232000 65
151.520000 151.680000 60
151.680000 152.288000 63
152.288000 152.640000 60
152.736000 152.960000 58
154.144000 154.304000 57
154.304000 154.400000 58
154.400000 154.624000 61
154.624000 155.808000 65
155.808000 156.608000 68
156.800000 156.992000 67
157.184000 157.504000 68
157.664000 158.208000 67
158.336000 158.912000 67
159.872000 160.032000 59
160.032000 160.832000 65
160.928000 161.760000 65
161.856000 162.080000 66
162.208000 162.464000 65
162.656000 162.848000 64
162.848000 163.104000 63
163.200000 163.392000 59
163.488000 163.808000 63
163.968000 164.800000 63
168.352000 170.048000 71
170.048000 172.544000 67
172.640000 173.248000 65
173.248000 173.632000 62
173.984000 174.080000 59
174.080000 174.400000 63
174.496000 175.872000 63
176.352000 176.704000 59
176.832000 177.984000 72
177.984000 178.272000 64
178.272000 178.464000 67
178.560000 179.072000 70
179.136000 179.168000 70
179.648000 179.968000 72
180.064000 180.256000 70
180.320000 180.352000 70
180.576000 180.896000 70
181.056000 181.216000 71
181.344000 183.392000 67
183.424000 183.584000 65
183.584000 183.680000 63
183.904000 184.096000 65
184.192000 184.448000 65
184.448000 184.800000 63
185.184000 185.344000 60
185.344000 185.600000 62
185.696000 186.816000 63
186.816000 187.264000 62
187.584000 187.904000 58
188.032000 189.088000 71
189.088000 189.344000 66
189.408000 189.600000 66
189.600000 189.728000 67
189.824000 193.472000 72
193.472000 194.880000 67
194.880000 195.936000 63
196.352000 200.896000 65
201.952000 203.616000 67
204.768000 206.816000 67
208.064000 208.960000 62
208.960000 209.248000 65
209.248000 209.344000 63
210.848000 212.128000 65
212.128000 212.960000 65
213.184000 214.944000 67
215.072000 215.200000 64
216.000000 217.888000 67
219.264000 219.744000 63
219.744000 220.224000 61
220.224000 220.704000 65
222.048000 222.560000 63
222.624000 222.976000 60
222.976000 224.352000 65
224.480000 224.768000 67
224.768000 226.272000 67
227.232000 229.440000 67
229.568000 229.664000 67
230.464000 230.912000 63
230.912000 231.424000 61
231.424000 231.968000 65
232.608000 235.424000 63
