23.904000 26.080000 61
26.208000 26.688000 59
26.784000 27.552000 57
28.960000 29.440000 55
29.600000 30.080000 56
30.176000 30.400000 56
30.912000 32.032000 64
32.128000 32.288000 62
32.448000 32.928000 66
33.024000 33.440000 64
33.952000 34.720000 66
34.720000 35.616000 63
36.192000 36.608000 64
36.800000 37.280000 62
37.408000 38.464000 62
38.944000 39.520000 62
39.616000 40.704000 62
40.896000 42.848000 61
43.328000 43.424000 59
43.968000 45.760000 61
45.920000 46.080000 59
46.208000 46.720000 59
46.816000 47.552000 57
48.960000 50.560000 57
50.880000 51.040000 64
51.168000 51.776000 66
51.840000 52.320000 64
52.480000 52.960000 61
53.056000 53.600000 64
53.984000 54.816000 66
54.976000 55.552000 62
55.904000 57.024000 63
57.152000 57.344000 62
57.344000 57.408000 62
57.408000 58.688000 69
58.944000 59.520000 69
59.616000 61.056000 71
61.280000 61.824000 66
62.048000 64.064000 64
66.176000 66.400000 64
66.496000 67.360000 69
67.456000 67.712000 69
67.712000 68.896000 65
69.024000 70.112000 64
70.880000 70.944000 59
70.944000 71.200000 62
71.200000 71.360000 64
71.360000 72.352000 69
72.448000 72.928000 71
73.024000 73.728000 69
73.920000 76.032000 69
76.544000 76.832000 64
76.832000 76.992000 62
77.088000 77.504000 62
77.504000 77.984000 64
78.464000 79.552000 71
79.552000 80.224000 69
80.928000 82.624000 62
82.752000 83.008000 64
83.168000 83.456000 62
83.648000 84.224000 60
84.320000 84.512000 59
84.672000 84.928000 61
84.928000 85.312000 66
85.312000 85.504000 68
85.632000 86.144000 69
86.432000 86.592000 66
86.592000 87.648000 69
87.712000 88.224000 69
88.352000 88.736000 68
88.832000 90.432000 66
91.168000 91.360000 64
91.488000 92.352000 69
92.448000 92.704000 69
92.768000 93.568000 62
93.696000 93.920000 61
94.048000 95.136000 64
95.808000 95.904000 58
95.904000 95.968000 59
95.968000 96.160000 62
96.160000 96.416000 65
96.416000 97.376000 69
97.472000 98.816000 71
99.040000 99.840000 68
99.936000 101.088000 69
101.504000 101.792000 64
101.792000 102.336000 62
102.464000 102.976000 64
103.392000 103.616000 71
103.712000 105.248000 71
105.504000 105.728000 58
105.888000 106.112000 59
106.240000 107.616000 62
107.808000 108.032000 64
108.160000 108.384000 63
108.672000 109.536000 60
109.600000 109.760000 61
109.760000 109.920000 62
109.920000 110.208000 65
110.208000 110.464000 68
110.624000 111.168000 69
111.456000 111.584000 66
111.584000 112.256000 68
112.352000 112.640000 69
112.736000 114.400000 68
115.264000 115.520000 69
115.680000 119.008000 71
119.296000 119.648000 59
121.472000 122.304000 60
122.400000 123.296000 61
123.424000 125.184000 59
126.464000 128.064000 57
128.384000 128.576000 64
128.672000 129.152000 66
129.312000 129.792000 64
130.080000 130.496000 62
130.496000 131.168000 64
131.424000 131.968000 66
132.128000 132.288000 64
132.480000 133.312000 62
133.440000 134.208000 62
134.368000 134.784000 61
134.976000 136.160000 69
136.480000 138.560000 71
138.784000 139.328000 66
139.488000 141.952000 64
143.648000 143.904000 64
144.000000 144.864000 69
144.992000 145.216000 69
145.216000 145.536000 65
145.632000 146.112000 61
146.208000 146.400000 61
146.560000 147.584000 65
148.320000 148.480000 59
148.480000 148.672000 62
148.672000 148.960000 65
148.960000 151.104000 71
151.456000 152.032000 68
152.160000 153.568000 69
154.016000 154.496000 63
154.592000 155.008000 62
155.008000 155.520000 65
155.936000 157.696000 71
158.016000 158.208000 57
158.368000 158.592000 59
158.688000 160.128000 62
160.256000 160.544000 64
160.672000 160.896000 63
161.184000 161.728000 61
161.824000 162.080000 59
162.144000 162.464000 62
162.464000 162.752000 64
162.752000 163.008000 68
163.168000 163.648000 69
163.936000 164.000000 64
164.000000 165.760000 69
165.920000 166.272000 68
166.400000 168.352000 66
168.704000 168.864000 64
168.960000 170.208000 69
170.304000 171.392000 61
171.520000 172.768000 64
173.312000 173.472000 60
173.472000 173.664000 62
173.664000 173.920000 64
173.920000 176.384000 71
176.544000 177.344000 68
177.440000 178.624000 69
179.008000 179.296000 64
179.296000 179.776000 62
179.936000 180.384000 64
180.864000 181.088000 71
181.216000 182.720000 71
183.008000 183.232000 57
183.392000 183.616000 59
183.712000 185.120000 62
185.248000 185.536000 64
185.632000 185.952000 62
186.208000 187.008000 60
187.104000 187.360000 61
187.456000 187.776000 65
187.776000 188.032000 68
188.160000 188.736000 70
188.928000 189.056000 65
189.056000 189.728000 68
189.888000 191.904000 69
192.736000 193.024000 69
193.120000 197.632000 71
204.032000 204.576000 69
204.672000 204.896000 68
205.024000 205.376000 69
205.632000 206.048000 61
206.240000 206.464000 61
206.592000 206.912000 64
208.416000 208.576000 61
208.736000 208.896000 64
209.024000 209.856000 69
209.984000 210.976000 71
211.520000 211.808000 68
211.936000 212.288000 66
212.768000 213.504000 69
214.016000 214.304000 64
214.304000 215.040000 62
215.040000 215.904000 66
215.904000 217.792000 71
218.112000 218.240000 58
218.432000 218.976000 61
219.104000 219.584000 62
219.680000 219.936000 62
220.032000 220.256000 61
220.384000 220.640000 64
220.736000 221.184000 62
221.312000 222.432000 61
222.560000 222.784000 65
222.784000 223.072000 68
223.232000 223.744000 70
224.064000 224.864000 68
225.056000 226.880000 69
228.320000 229.184000 70
229.280000 231.264000 69
231.392000 235.680000 69
