11.456000 11.552000 56
11.712000 12.512000 62
12.608000 12.992000 62
13.120000 13.472000 62
13.600000 14.368000 63
14.368000 14.912000 66
15.040000 15.424000 63
15.520000 16.352000 62
16.480000 16.704000 62
16.960000 17.280000 62
17.440000 18.112000 62
18.112000 19.424000 65
19.424000 20.160000 62
20.608000 20.672000 57
20.672000 20.736000 58
20.736000 20.928000 60
20.928000 21.216000 59
21.216000 21.376000 60
21.376000 22.560000 62
22.688000 23.456000 55
24.384000 24.448000 55
24.448000 24.480000 56
24.480000 24.928000 59
25.024000 25.632000 60
25.760000 26.240000 64
26.496000 28.288000 62
28.416000 29.728000 64
29.728000 30.464000 65
30.784000 32.064000 62
32.224000 33.504000 64
33.504000 33.696000 65
33.696000 34.048000 69
34.048000 34.624000 64
34.624000 35.392000 63
35.840000 35.968000 55
35.968000 36.288000 59
36.288000 37.280000 62
37.408000 37.664000 63
37.792000 38.752000 60
39.584000 39.712000 52
39.808000 39.936000 56
40.032000 40.192000 60
40.288000 41.152000 62
41.280000 41.632000 64
41.792000 42.976000 60
58.144000 58.528000 55
58.880000 59.392000 55
59.584000 59.904000 55
59.904000 59.968000 54
59.968000 60.256000 53
60.256000 60.832000 56
60.832000 61.472000 52
62.464000 62.784000 55
62.912000 63.008000 53
63.168000 63.648000 55
63.872000 64.224000 59
64.320000 64.480000 55
64.480000 64.576000 54
64.576000 65.056000 51
65.856000 66.656000 50
66.752000 66.880000 48
66.976000 67.328000 50
67.456000 68.800000 51
69.824000 70.400000 50
70.592000 71.168000 50
71.520000 72.960000 52
73.600000 73.760000 52
73.760000 74.496000 55
74.592000 74.848000 55
75.296000 76.320000 57
76.320000 76.864000 52
77.440000 77.600000 51
77.600000 78.752000 55
78.848000 79.360000 59
79.584000 79.936000 55
80.064000 80.736000 60
81.280000 82.528000 59
82.528000 82.848000 55
83.200000 83.456000 53
83.456000 84.576000 55
85.088000 85.312000 53
85.536000 86.336000 56
86.336000 86.496000 52
86.784000 86.848000 53
86.848000 86.880000 55
86.880000 87.264000 58
87.264000 88.384000 60
88.896000 88.960000 58
88.960000 89.056000 59
89.056000 90.272000 62
90.592000 90.784000 52
90.784000 92.224000 59
92.640000 93.440000 57
93.440000 94.272000 60
95.008000 100.992000 63
101.888000 102.048000 67
102.208000 103.360000 67
103.360000 105.248000 62
105.632000 105.792000 67
106.016000 106.848000 67
106.976000 107.168000 67
107.168000 107.360000 62
107.456000 108.064000 61
108.096000 109.216000 63
109.856000 110.048000 61
110.048000 110.720000 64
110.720000 111.232000 57
111.744000 111.936000 59
111.936000 112.576000 64
112.704000 112.800000 65
112.800000 113.216000 67
113.600000 113.664000 59
113.664000 113.792000 60
113.792000 114.496000 64
114.496000 115.488000 60
115.552000 115.616000 61
115.616000 115.776000 63
115.776000 116.160000 62
116.256000 116.896000 63
117.472000 118.304000 67
118.400000 118.592000 67
118.592000 118.656000 66
118.656000 120.544000 62
121.024000 121.152000 54
121.248000 122.080000 67
122.208000 122.400000 67
122.400000 123.264000 63
123.392000 124.544000 64
125.088000 125.344000 62
125.344000 125.888000 64
126.016000 126.560000 69
126.944000 127.200000 70
127.200000 127.808000 72
127.904000 128.320000 67
128.608000 128.960000 59
128.960000 129.696000 64
129.824000 130.400000 57
131.072000 131.232000 55
131.232000 131.424000 57
131.424000 131.616000 60
131.712000 131.840000 62
131.840000 133.536000 64
133.536000 135.040000 59
137.856000 137.984000 51
138.176000 138.496000 55
138.624000 138.720000 53
138.880000 139.232000 55
139.232000 139.392000 53
139.584000 140.160000 55
140.256000 140.800000 56
140.800000 141.600000 52
142.464000 142.752000 55
143.168000 143.712000 58
143.872000 144.256000 59
144.352000 144.608000 55
144.768000 145.280000 48
145.952000 147.296000 50
147.488000 147.616000 48
147.616000 149.120000 51
149.824000 150.400000 50
150.560000 151.168000 50
151.552000 152.160000 50
152.160000 153.056000 53
153.632000 153.696000 57
153.696000 153.760000 58
153.760000 155.040000 62
155.392000 155.456000 52
155.456000 155.520000 54
155.520000 155.648000 57
155.648000 156.320000 60
156.320000 156.992000 58
157.184000 158.176000 57
158.176000 159.296000 60
159.872000 160.352000 57
160.352000 161.856000 60
161.952000 162.560000 60
162.656000 162.848000 60
162.848000 163.904000 62
163.904000 165.824000 63
166.336000 166.432000 62
167.616000 167.744000 55
167.872000 169.184000 62
169.312000 170.656000 64
170.656000 170.848000 64
170.848000 171.488000 65
171.744000 173.024000 62
173.120000 173.472000 62
173.600000 174.368000 64
174.368000 175.616000 65
175.616000 176.352000 62
176.832000 176.928000 57
176.928000 177.152000 60
177.152000 177.376000 58
177.376000 178.560000 61
178.560000 178.752000 62
178.848000 179.680000 55
180.320000 180.416000 51
180.512000 180.576000 52
180.576000 180.608000 53
180.608000 180.800000 59
180.800000 181.152000 60
181.248000 181.440000 59
181.440000 181.824000 59
181.952000 182.432000 63
182.656000 184.000000 62
184.096000 184.480000 62
184.576000 184.736000 63
184.736000 185.696000 62
185.696000 186.656000 65
186.976000 188.288000 62
188.416000 188.768000 62
188.864000 189.792000 64
189.792000 189.952000 68
189.952000 190.208000 69
190.208000 190.432000 63
190.432000 190.816000 64
190.816000 191.584000 62
192.000000 192.192000 56
192.192000 192.416000 58
192.416000 193.536000 62
193.632000 193.888000 63
193.984000 194.976000 60
195.776000 195.872000 55
196.032000 196.128000 57
196.256000 196.576000 60
196.576000 197.728000 64
197.824000 199.072000 60
211.488000 211.584000 63
211.776000 212.512000 67
212.672000 213.856000 67
213.856000 214.720000 62
214.816000 215.744000 62
216.480000 217.664000 67
217.664000 217.856000 61
217.952000 218.528000 60
218.528000 219.648000 63
220.320000 220.672000 62
220.768000 221.120000 64
221.120000 221.728000 57
222.144000 222.208000 54
222.208000 222.432000 60
222.432000 223.040000 64
223.136000 223.648000 67
224.096000 224.320000 60
224.320000 224.576000 62
224.576000 225.024000 64
225.024000 226.208000 69
226.208000 226.656000 65
226.752000 227.392000 64
227.936000 228.768000 67
228.896000 229.088000 67
229.088000 229.952000 62
230.080000 230.944000 62
231.520000 231.648000 55
231.744000 232.608000 67
232.704000 232.896000 67
232.896000 232.928000 65
232.928000 233.952000 62
233.952000 235.072000 63
235.552000 235.776000 61
235.776000 236.384000 64
236.512000 237.024000 69
237.120000 237.280000 68
237.408000 237.696000 71
237.696000 238.336000 72
238.336000 238.816000 67
239.072000 239.360000 59
239.360000 239.552000 60
239.552000 240.192000 64
240.320000 240.896000 57
241.504000 241.760000 57
241.760000 241.952000 58
241.952000 242.144000 59
242.144000 244.128000 64
244.128000 245.216000 60
249.120000 249.216000 54
249.216000 249.312000 55
249.312000 249.568000 58
249.568000 250.656000 62
250.752000 251.264000 64
251.264000 252.352000 60
257.216000 257.344000 60
257.440000 258.272000 62
258.400000 258.784000 64
258.944000 259.680000 60
