43.968000 44.288000 62
44.416000 44.544000 62
44.544000 44.608000 61
44.608000 45.056000 58
45.312000 46.144000 55
46.144000 46.976000 59
47.488000 48.096000 62
48.352000 49.568000 59
49.664000 49.856000 57
49.856000 50.112000 56
51.008000 51.680000 62
51.680000 52.128000 57
52.288000 53.056000 55
53.152000 53.440000 57
53.600000 54.016000 59
54.528000 54.880000 59
55.520000 56.576000 60
56.704000 56.864000 59
56.864000 57.472000 58
59.008000 59.488000 59
63.040000 63.136000 58
63.232000 63.424000 57
64.576000 64.864000 57
64.864000 65.248000 56
65.440000 65.856000 56
65.856000 67.040000 60
67.168000 67.936000 58
68.064000 68.832000 59
68.928000 69.600000 59
69.792000 70.432000 59
70.432000 70.976000 56
71.328000 71.616000 55
71.744000 72.896000 55
73.056000 74.656000 55
74.816000 75.136000 55
75.520000 76.352000 55
76.576000 77.088000 55
77.216000 77.536000 55
77.696000 78.208000 62
78.368000 78.528000 62
78.528000 78.592000 59
78.880000 79.264000 62
79.424000 81.344000 62
81.344000 83.744000 61
84.512000 84.704000 51
84.896000 85.504000 55
85.760000 85.952000 52
85.952000 86.880000 56
86.880000 87.616000 62
87.744000 88.224000 59
88.224000 89.792000 55
90.592000 90.656000 58
91.008000 91.680000 56
91.680000 91.968000 59
92.160000 92.576000 55
92.768000 93.056000 54
93.056000 93.472000 54
93.472000 93.760000 55
93.760000 94.208000 62
94.336000 94.656000 60
94.784000 97.792000 59
99.552000 100.768000 60
100.864000 101.312000 59
101.504000 101.920000 55
102.400000 104.128000 67
104.128000 104.288000 58
104.384000 104.736000 55
105.024000 105.568000 55
105.728000 106.560000 64
106.976000 108.320000 64
108.736000 109.376000 62
109.376000 109.984000 60
110.272000 111.264000 60
111.424000 112.512000 59
113.696000 113.760000 58
113.760000 114.016000 60
114.016000 115.040000 63
115.040000 115.296000 59
115.744000 115.808000 59
115.808000 116.128000 61
116.224000 116.352000 62
116.352000 116.640000 64
116.640000 117.024000 66
117.120000 117.248000 67
117.248000 117.504000 69
117.504000 117.760000 67
117.984000 119.488000 67
119.712000 119.904000 69
119.904000 120.000000 67
120.000000 120.128000 63
120.128000 120.928000 67
121.056000 122.816000 64
122.816000 123.168000 60
123.200000 123.264000 56
123.392000 123.584000 57
123.680000 124.256000 59
124.256000 124.896000 62
124.992000 125.312000 64
125.408000 125.728000 55
125.856000 125.920000 59
125.920000 126.016000 62
126.016000 127.040000 66
127.616000 128.640000 59
128.640000 129.344000 60
129.696000 130.176000 55
130.272000 130.368000 60
130.368000 130.592000 62
130.592000 132.128000 67
132.128000 132.320000 60
132.448000 132.800000 55
133.088000 133.632000 55
133.792000 134.560000 64
135.040000 136.320000 64
136.640000 136.800000 56
136.800000 137.120000 62
137.248000 137.920000 60
138.112000 138.848000 59
138.944000 140.576000 59
141.664000 141.728000 56
141.728000 141.760000 57
141.760000 142.048000 60
142.048000 143.008000 63
143.008000 143.328000 59
143.808000 144.640000 63
144.640000 145.184000 67
145.184000 146.336000 69
146.432000 147.488000 67
147.936000 148.032000 56
148.160000 148.288000 65
148.288000 148.800000 67
148.800000 148.960000 65
149.056000 149.792000 62
149.888000 150.432000 64
150.432000 151.136000 62
151.456000 151.584000 53
151.712000 152.128000 55
152.256000 152.448000 55
152.576000 152.864000 57
152.992000 153.792000 59
154.752000 155.104000 59
155.200000 157.248000 55
169.344000 169.568000 54
169.824000 170.912000 55
171.072000 171.424000 55
171.552000 172.384000 55
172.576000 172.640000 55
172.960000 172.992000 55
173.536000 174.080000 55
174.176000 174.240000 56
174.240000 174.432000 58
174.720000 174.816000 58
174.944000 175.040000 57
175.168000 175.296000 59
175.584000 175.680000 58
175.904000 176.032000 55
176.096000 176.544000 55
176.928000 177.024000 55
177.216000 177.280000 55
177.536000 177.888000 55
178.176000 178.624000 62
178.784000 179.808000 62
180.160000 181.728000 59
182.944000 183.520000 55
183.648000 183.808000 51
183.808000 184.832000 55
184.960000 185.632000 62
185.632000 189.056000 59
189.088000 189.152000 55
189.152000 189.248000 61
189.248000 189.536000 62
189.536000 190.016000 61
190.016000 190.464000 57
190.464000 190.976000 55
191.072000 191.520000 54
191.520000 191.936000 56
191.936000 192.256000 62
192.416000 192.768000 60
192.864000 192.992000 59
192.992000 193.568000 58
193.696000 196.704000 57
197.600000 199.392000 60
199.552000 199.968000 55
200.480000 200.640000 63
200.640000 201.952000 67
201.952000 202.304000 64
202.432000 202.816000 55
203.072000 203.616000 55
203.744000 204.608000 64
205.024000 206.368000 64
206.848000 207.424000 62
207.424000 207.968000 60
208.320000 209.280000 60
209.472000 210.560000 59
233.120000 233.408000 65
238.080000 238.432000 62
246.368000 246.496000 57
246.880000 248.096000 60
248.192000 248.608000 59
248.800000 249.344000 55
249.504000 249.664000 62
249.664000 251.040000 67
251.136000 252.640000 69
252.800000 253.376000 67
253.376000 255.584000 65
255.872000 256.032000 57
256.032000 256.320000 62
256.480000 257.184000 60
257.408000 257.536000 56
257.536000 258.048000 59
258.208000 259.936000 60
260.832000 261.024000 57
261.024000 261.280000 59
261.280000 262.560000 63
263.008000 263.072000 59
263.072000 263.168000 60
263.168000 263.520000 61
263.520000 263.872000 63
263.872000 265.536000 69
265.696000 266.816000 67
267.136000 267.392000 60
267.392000 267.520000 65
267.520000 268.224000 67
268.320000 269.024000 62
269.152000 269.920000 64
269.920000 270.368000 61
270.464000 270.560000 59
270.720000 270.816000 58
270.944000 271.712000 55
271.808000 272.032000 57
272.256000 273.280000 59
273.984000 274.048000 56
274.048000 274.464000 59
274.560000 275.488000 57
275.744000 276.224000 55
276.320000 277.120000 55
277.344000 277.472000 53
277.760000 278.464000 55
278.816000 279.232000 55
279.680000 280.000000 55
280.192000 280.416000 54
280.544000 280.640000 54
280.800000 280.928000 55
281.568000 282.112000 55
282.304000 282.560000 53
282.720000 283.840000 55
284.032000 284.480000 55
284.960000 285.120000 56
285.408000 285.888000 55
286.048000 286.208000 55
286.752000 286.976000 55
287.104000 287.264000 55
287.520000 287.648000 55
288.000000 288.192000 55
288.192000 288.512000 54
288.640000 288.768000 54
288.896000 289.216000 55
289.312000 289.728000 56
289.984000 290.496000 54
290.720000 290.944000 54
291.040000 291.456000 54
291.744000 292.448000 55
292.832000 292.992000 55
293.088000 293.216000 55
293.728000 293.984000 55
294.240000 294.400000 55
294.624000 294.880000 54
295.424000 296.160000 55
296.256000 296.544000 56
296.736000 296.896000 54
296.992000 297.120000 55
297.344000 297.440000 56
298.304000 298.496000 55
298.944000 299.040000 55
299.168000 299.520000 55
299.616000 300.128000 55
300.512000 300.832000 55
301.120000 301.920000 55
309.152000 309.792000 57
