17.696000 17.888000 48
18.016000 18.720000 51
18.880000 19.136000 53
19.296000 19.648000 55
19.776000 20.064000 56
20.256000 21.120000 55
21.504000 21.632000 53
21.824000 22.496000 53
25.280000 25.376000 49
25.376000 26.176000 51
26.176000 27.520000 56
27.680000 28.544000 55
29.024000 30.880000 58
32.096000 32.256000 60
32.384000 32.512000 62
32.608000 32.992000 63
33.088000 33.824000 62
33.920000 34.240000 58
34.400000 34.656000 56
34.848000 35.296000 56
35.296000 35.712000 58
35.712000 37.088000 63
37.632000 37.984000 58
38.144000 38.368000 55
38.560000 39.840000 58
39.968000 40.480000 56
40.896000 40.992000 53
40.992000 41.600000 56
41.824000 42.976000 53
46.848000 47.072000 48
47.296000 47.424000 49
47.424000 47.584000 51
47.840000 48.032000 51
48.192000 50.496000 56
50.944000 51.040000 53
51.232000 52.512000 53
54.624000 55.808000 53
55.936000 56.800000 56
56.960000 57.696000 55
58.272000 60.288000 58
61.280000 61.632000 60
61.632000 63.104000 63
63.296000 63.616000 58
63.712000 64.064000 56
64.224000 64.320000 53
64.320000 64.640000 56
64.640000 65.088000 59
65.088000 65.472000 62
65.632000 66.464000 63
66.976000 67.264000 58
67.488000 67.744000 55
67.872000 69.088000 58
69.280000 69.664000 56
70.176000 70.496000 55
70.592000 70.816000 56
70.816000 70.944000 53
71.104000 72.000000 53
72.096000 72.256000 53
73.856000 74.240000 51
74.336000 75.232000 63
75.360000 75.616000 58
75.776000 77.120000 60
77.728000 77.920000 52
77.920000 77.984000 56
77.984000 79.264000 63
79.392000 79.552000 58
79.712000 80.672000 58
81.376000 81.504000 54
81.504000 82.048000 55
82.048000 82.912000 58
83.008000 83.904000 60
84.352000 84.736000 62
84.832000 85.376000 65
85.568000 88.384000 68
88.928000 89.280000 65
89.376000 90.144000 67
90.400000 91.136000 63
91.616000 91.680000 55
91.680000 91.712000 57
91.712000 92.032000 62
92.160000 93.120000 65
93.568000 94.176000 63
94.304000 94.720000 65
94.912000 95.072000 62
95.232000 96.576000 63
98.528000 99.360000 68
99.520000 100.128000 63
100.480000 100.864000 67
101.024000 101.440000 67
101.440000 102.208000 63
102.336000 102.528000 62
102.688000 104.672000 65
118.496000 118.592000 68
124.256000 124.544000 48
124.704000 125.504000 51
125.632000 126.464000 55
126.560000 126.880000 56
127.008000 127.936000 55
128.320000 128.480000 53
128.640000 129.856000 53
132.000000 132.352000 51
132.448000 132.864000 51
132.864000 135.232000 56
135.648000 137.536000 58
138.816000 139.008000 60
139.104000 140.256000 63
140.256000 141.024000 60
141.152000 142.560000 58
142.560000 143.936000 66
144.352000 144.672000 58
144.800000 145.216000 55
145.312000 146.080000 58
146.208000 146.528000 58
146.688000 147.232000 56
147.584000 149.664000 56
151.456000 151.648000 51
151.712000 151.776000 60
151.776000 152.576000 63
152.672000 152.992000 58
153.120000 154.560000 60
155.104000 155.296000 53
155.296000 155.328000 54
155.328000 156.640000 63
156.768000 156.960000 58
157.056000 158.080000 58
158.592000 158.976000 55
159.072000 159.488000 55
159.488000 160.320000 58
160.416000 161.344000 60
161.760000 161.856000 60
161.856000 162.528000 64
162.528000 162.816000 65
163.008000 166.112000 68
166.336000 167.616000 67
167.744000 168.576000 63
169.056000 169.472000 62
169.568000 170.496000 65
170.912000 171.520000 63
171.616000 172.128000 65
172.320000 172.448000 62
172.640000 174.016000 63
176.032000 176.832000 68
176.960000 177.472000 63
177.792000 177.952000 65
178.048000 178.176000 67
178.304000 178.688000 67
178.688000 179.392000 63
179.520000 182.144000 63
183.264000 184.096000 60
184.224000 184.320000 58
184.416000 185.184000 60
185.568000 187.264000 62
187.936000 188.736000 65
188.832000 188.960000 62
189.088000 189.792000 63
190.176000 190.336000 62
190.336000 190.560000 64
190.560000 191.040000 67
191.168000 191.296000 65
191.296000 192.160000 68
192.160000 193.344000 63
193.824000 193.952000 61
193.952000 194.208000 64
194.208000 195.808000 67
195.968000 198.496000 68
200.800000 200.960000 51
201.216000 201.568000 63
201.728000 202.048000 62
202.208000 202.496000 59
202.656000 203.872000 60
205.024000 205.824000 63
206.016000 206.208000 60
206.368000 207.648000 58
208.352000 208.480000 54
208.480000 209.248000 58
209.504000 209.568000 56
209.568000 210.080000 60
210.240000 210.848000 60
211.232000 211.392000 59
211.392000 211.616000 62
211.616000 212.352000 65
212.512000 212.576000 66
212.576000 212.704000 67
212.704000 214.848000 70
214.848000 215.552000 67
215.776000 215.840000 60
215.840000 217.088000 67
217.184000 218.208000 63
218.624000 218.752000 62
218.752000 219.072000 62
219.072000 220.224000 65
220.832000 220.896000 60
220.896000 220.992000 61
220.992000 221.152000 62
221.152000 221.376000 63
221.376000 223.040000 68
223.040000 225.120000 63
227.296000 227.712000 68
227.840000 228.192000 67
228.320000 229.056000 63
229.216000 229.376000 65
229.472000 230.080000 67
230.272000 231.584000 63
234.208000 234.592000 62
234.784000 237.408000 63
