23.136000 23.712000 53
23.808000 24.064000 53
24.160000 24.256000 51
24.416000 24.672000 53
24.864000 25.344000 57
25.536000 25.856000 57
25.856000 26.176000 54
26.272000 26.912000 48
27.008000 27.808000 48
28.736000 28.960000 55
29.120000 29.344000 55
29.440000 29.696000 55
29.792000 29.888000 54
29.984000 30.496000 55
30.496000 30.848000 49
31.168000 31.424000 52
31.584000 33.632000 53
34.368000 34.656000 62
34.752000 36.064000 62
36.064000 36.608000 57
36.800000 37.600000 62
37.600000 37.760000 57
37.888000 38.144000 57
38.240000 39.328000 57
39.776000 39.840000 52
39.840000 40.320000 55
40.416000 41.728000 55
41.824000 42.240000 60
42.528000 43.392000 53
43.392000 43.968000 50
45.728000 45.984000 53
45.984000 46.272000 51
46.464000 46.848000 52
46.944000 47.328000 53
47.424000 47.808000 57
48.160000 48.448000 57
48.608000 48.800000 52
48.896000 49.088000 48
49.248000 50.496000 48
51.360000 52.448000 55
52.576000 52.992000 55
53.120000 53.600000 60
53.888000 54.016000 52
54.144000 54.304000 52
54.848000 55.104000 52
55.232000 56.192000 53
56.800000 56.960000 57
56.960000 58.688000 62
58.688000 59.296000 58
59.392000 59.488000 59
59.488000 59.712000 62
59.808000 61.824000 60
62.176000 62.400000 53
62.400000 63.552000 55
63.648000 63.744000 53
63.840000 64.288000 56
64.288000 64.736000 60
64.960000 65.280000 56
65.504000 67.040000 64
67.552000 68.064000 65
68.064000 68.832000 64
68.960000 69.440000 62
69.440000 70.272000 61
70.272000 70.912000 57
71.104000 72.256000 55
72.352000 72.736000 53
72.736000 73.440000 52
73.632000 73.856000 52
73.856000 74.496000 55
74.624000 75.072000 55
75.168000 75.328000 53
75.328000 75.872000 57
76.032000 76.320000 60
76.320000 76.608000 55
76.832000 77.408000 57
77.760000 78.016000 60
78.016000 78.496000 59
78.752000 79.616000 65
79.616000 80.096000 62
80.256000 81.248000 62
81.344000 81.952000 57
82.176000 83.520000 55
83.776000 83.872000 55
83.872000 84.608000 54
84.960000 85.056000 53
85.184000 85.760000 55
85.888000 86.496000 55
86.592000 86.880000 55
86.880000 87.264000 61
87.584000 87.616000 53
87.776000 87.968000 53
87.968000 88.160000 52
88.352000 89.024000 50
89.120000 89.312000 48
89.408000 89.952000 50
90.336000 90.720000 58
90.880000 91.488000 65
91.776000 92.160000 58
92.160000 92.832000 64
93.184000 93.952000 55
93.952000 95.744000 52
95.840000 96.128000 50
116.256000 116.512000 53
116.960000 117.376000 53
117.472000 117.824000 53
117.952000 118.336000 57
118.656000 118.720000 54
118.720000 118.912000 56
119.104000 119.296000 51
119.392000 119.584000 48
119.776000 120.992000 48
121.856000 122.976000 55
123.104000 123.520000 55
123.648000 124.000000 60
124.384000 124.544000 52
124.640000 125.280000 52
125.408000 125.632000 52
125.760000 126.688000 53
127.328000 127.488000 59
127.488000 127.744000 62
127.840000 128.448000 62
128.544000 129.184000 62
129.184000 129.632000 59
129.952000 130.016000 59
130.016000 130.208000 62
130.336000 132.352000 60
132.704000 133.056000 53
133.152000 134.080000 55
134.176000 134.272000 53
134.368000 134.784000 56
134.784000 135.264000 60
135.456000 135.808000 57
136.000000 137.568000 64
138.016000 138.688000 65
138.784000 139.360000 62
139.488000 139.936000 62
139.936000 140.512000 62
140.512000 141.376000 57
141.536000 142.784000 55
142.880000 143.232000 53
143.232000 143.968000 52
144.192000 144.416000 53
144.416000 145.024000 55
145.120000 145.568000 55
145.664000 145.760000 52
145.760000 146.400000 57
146.528000 146.848000 60
146.848000 147.136000 55
147.328000 147.904000 57
148.288000 148.640000 60
148.640000 149.056000 57
149.248000 149.376000 63
149.376000 149.696000 65
149.696000 150.624000 64
150.752000 151.328000 62
151.488000 151.776000 62
151.872000 152.480000 57
152.736000 154.144000 55
154.304000 154.400000 55
154.400000 154.560000 54
154.624000 155.168000 50
155.680000 156.288000 55
156.448000 157.024000 55
157.120000 157.312000 55
157.312000 157.824000 61
158.080000 158.176000 52
158.208000 158.688000 53
158.912000 159.520000 50
159.648000 159.840000 48
160.000000 160.288000 50
160.384000 160.512000 52
160.864000 161.248000 57
161.376000 161.984000 65
162.272000 162.656000 57
162.656000 163.360000 65
164.224000 164.512000 54
164.704000 166.496000 50
186.048000 186.624000 65
186.720000 187.328000 62
187.456000 187.936000 62
187.936000 188.768000 62
188.768000 189.184000 57
189.376000 191.264000 55
191.264000 191.872000 51
192.160000 192.992000 55
193.088000 193.536000 55
193.632000 193.792000 54
193.792000 194.336000 57
194.560000 194.816000 60
194.816000 195.168000 56
195.296000 195.904000 57
196.256000 196.608000 60
196.608000 196.960000 57
197.184000 197.248000 62
197.248000 197.920000 65
197.920000 198.592000 63
198.720000 199.296000 62
199.424000 199.520000 62
199.520000 200.480000 60
200.608000 202.016000 55
202.240000 202.368000 55
202.368000 202.432000 54
202.432000 203.008000 53
203.424000 203.520000 53
203.648000 204.256000 55
204.384000 204.992000 55
205.088000 205.376000 56
205.376000 205.760000 61
205.984000 206.144000 53
206.176000 206.656000 53
206.816000 207.488000 50
207.648000 207.808000 48
207.904000 208.448000 50
208.800000 209.184000 58
209.312000 209.952000 65
210.240000 210.656000 58
210.656000 211.296000 65
211.616000 212.096000 55
212.192000 214.592000 54
