31.360000 31.680000 65
31.840000 31.936000 65
32.128000 32.448000 62
32.672000 33.248000 63
33.376000 33.504000 63
34.272000 34.912000 63
35.136000 35.456000 63
35.456000 35.936000 62
36.032000 36.352000 58
37.536000 37.856000 58
37.856000 38.528000 61
39.328000 39.648000 59
39.648000 40.416000 62
41.312000 41.440000 59
41.568000 42.208000 61
42.304000 42.976000 63
43.360000 43.808000 60
45.504000 46.336000 65
46.496000 46.688000 62
46.912000 47.232000 63
47.328000 47.520000 63
47.648000 47.872000 62
48.512000 48.672000 62
48.768000 49.376000 63
49.472000 49.728000 62
49.856000 50.208000 61
50.336000 50.560000 58
51.776000 52.000000 58
52.128000 52.736000 61
53.696000 53.888000 62
54.048000 54.368000 63
54.528000 55.104000 63
55.424000 55.840000 62
55.840000 57.408000 60
58.400000 58.784000 60
58.880000 59.168000 61
59.328000 60.288000 68
60.416000 60.736000 62
60.896000 61.344000 63
61.920000 62.112000 60
62.112000 63.776000 63
63.968000 64.768000 66
65.408000 65.792000 60
65.888000 66.240000 61
66.400000 66.688000 67
66.848000 67.392000 68
67.584000 68.320000 63
68.768000 69.312000 63
69.504000 71.584000 65
72.480000 73.120000 61
73.376000 74.496000 68
74.592000 75.360000 63
76.032000 76.352000 61
76.448000 77.920000 63
78.048000 78.848000 66
79.328000 79.680000 58
79.808000 80.224000 61
80.224000 80.864000 61
81.184000 81.696000 63
81.792000 82.144000 65
82.240000 82.496000 63
83.040000 83.360000 62
83.648000 83.872000 61
83.872000 85.408000 60
86.592000 86.656000 61
86.656000 86.752000 63
86.752000 86.976000 63
86.976000 87.488000 66
87.488000 88.224000 70
88.384000 88.672000 63
88.800000 89.088000 67
89.088000 89.728000 72
90.176000 90.528000 63
90.528000 90.944000 65
91.040000 91.168000 72
91.168000 91.584000 74
91.584000 91.712000 72
91.712000 92.672000 70
92.768000 93.184000 65
93.664000 94.720000 68
94.912000 95.104000 62
95.232000 95.360000 61
95.360000 95.744000 60
96.064000 96.384000 60
96.384000 96.640000 68
96.800000 97.472000 62
97.472000 98.112000 65
98.112000 99.520000 65
99.616000 100.256000 61
100.704000 100.800000 60
100.800000 101.056000 63
101.216000 101.632000 66
101.632000 102.368000 70
102.528000 102.848000 63
102.944000 103.200000 66
103.200000 103.872000 72
104.288000 105.088000 65
105.184000 105.504000 74
105.632000 106.720000 75
106.880000 107.296000 70
107.840000 108.160000 70
108.256000 108.576000 70
108.672000 109.216000 70
109.376000 110.112000 73
110.208000 110.624000 72
110.720000 110.848000 69
110.976000 111.168000 68
112.576000 113.024000 65
113.152000 117.152000 70
126.784000 127.072000 65
127.168000 127.424000 65
127.648000 127.968000 61
128.064000 128.384000 63
128.544000 128.928000 63
129.632000 129.856000 61
129.952000 130.432000 63
130.528000 131.168000 63
131.424000 131.712000 58
132.896000 133.248000 58
133.248000 134.144000 61
134.720000 134.880000 59
135.040000 135.456000 63
136.640000 136.832000 58
136.928000 137.248000 61
137.440000 137.952000 61
138.112000 138.496000 62
138.688000 139.616000 60
140.896000 141.600000 65
141.792000 142.496000 63
142.624000 143.200000 63
143.744000 143.936000 61
144.032000 145.568000 66
145.568000 146.592000 70
147.040000 147.840000 61
149.056000 149.216000 61
149.344000 150.368000 63
150.784000 151.200000 61
151.200000 151.424000 59
151.552000 152.576000 58
153.632000 153.984000 60
154.080000 154.400000 61
154.592000 155.552000 68
155.680000 155.968000 61
156.128000 156.512000 63
157.152000 157.408000 60
157.408000 159.040000 63
159.200000 159.936000 66
160.672000 161.280000 61
161.376000 161.504000 60
161.632000 161.920000 68
162.048000 162.592000 68
162.752000 163.488000 63
164.032000 164.608000 63
164.736000 167.104000 65
167.776000 168.352000 61
168.448000 168.544000 60
168.672000 169.632000 68
169.856000 170.688000 63
171.328000 171.616000 61
171.744000 173.184000 63
173.312000 174.112000 66
174.560000 174.784000 56
174.784000 174.976000 58
175.072000 176.128000 61
176.416000 176.960000 63
177.056000 177.792000 65
178.240000 178.720000 63
178.880000 180.736000 61
181.856000 181.920000 60
181.920000 182.016000 62
182.016000 182.240000 63
182.240000 182.784000 65
182.784000 183.520000 70
183.680000 183.968000 63
184.096000 184.384000 67
184.384000 185.088000 72
185.440000 185.824000 63
185.824000 186.176000 65
186.304000 187.360000 73
187.360000 187.904000 70
187.904000 188.480000 65
188.928000 190.016000 68
190.240000 190.368000 61
190.528000 190.688000 61
190.784000 190.880000 58
191.328000 191.616000 60
191.616000 191.936000 68
192.128000 193.088000 63
193.248000 194.208000 65
194.464000 195.424000 63
196.032000 196.320000 63
196.480000 196.864000 65
196.864000 197.600000 70
197.792000 197.920000 70
198.208000 198.496000 67
198.496000 199.136000 72
199.584000 199.936000 63
199.936000 200.320000 65
200.416000 200.736000 73
200.896000 201.984000 75
202.112000 202.592000 70
202.720000 202.816000 70
203.104000 203.424000 70
203.520000 204.768000 71
204.768000 205.856000 73
205.952000 206.688000 68
207.008000 213.728000 70
215.200000 215.296000 70
217.152000 221.472000 73
222.848000 228.672000 77
231.296000 231.424000 62
231.424000 232.160000 65
232.224000 232.928000 70
233.120000 233.408000 63
233.536000 233.792000 65
233.792000 234.656000 72
234.816000 235.264000 64
235.264000 235.552000 65
235.712000 235.840000 71
235.840000 236.224000 73
236.224000 236.384000 72
236.384000 236.864000 70
236.864000 237.952000 69
238.240000 239.424000 68
239.616000 239.776000 61
239.936000 240.512000 61
240.736000 240.960000 58
241.056000 241.344000 68
241.600000 242.080000 61
242.176000 242.240000 61
242.240000 242.400000 62
242.400000 242.912000 63
242.912000 243.488000 66
243.488000 244.320000 70
244.416000 245.088000 65
245.440000 245.728000 63
245.856000 246.272000 65
246.272000 247.008000 70
247.200000 247.520000 63
247.616000 247.904000 65
247.904000 248.544000 72
248.960000 249.344000 63
249.344000 249.824000 65
249.824000 250.144000 73
250.304000 251.360000 75
251.456000 251.968000 71
252.512000 252.832000 70
252.928000 254.176000 71
254.176000 255.328000 73
255.328000 256.064000 68
256.448000 256.864000 65
256.960000 259.072000 70
259.552000 259.904000 70
260.000000 260.992000 70
261.120000 261.952000 73
262.080000 262.432000 72
262.528000 263.072000 68
263.872000 264.512000 65
264.608000 268.768000 70
271.488000 272.224000 65
272.416000 272.544000 62
272.768000 273.088000 63
273.248000 273.632000 63
274.432000 274.592000 61
274.688000 275.072000 63
275.264000 275.424000 63
275.616000 275.872000 63
276.032000 276.384000 59
277.728000 278.144000 58
278.144000 278.624000 61
279.648000 279.808000 61
279.936000 280.256000 63
280.384000 280.928000 63
281.664000 281.952000 61
282.496000 282.944000 58
