13.984000 14.144000 53
14.624000 14.720000 53
15.168000 15.264000 53
15.872000 16.000000 53
17.056000 17.568000 57
18.656000 19.104000 63
19.328000 19.584000 62
21.536000 22.240000 53
22.528000 22.720000 52
24.096000 24.512000 53
24.736000 25.504000 57
26.528000 26.624000 68
26.752000 27.488000 66
27.616000 27.872000 64
27.936000 28.128000 62
29.504000 30.112000 62
30.208000 30.784000 60
31.232000 31.392000 60
31.520000 31.648000 58
31.648000 32.960000 60
33.888000 34.272000 62
34.624000 36.832000 60
37.184000 37.248000 55
37.312000 37.600000 58
37.600000 37.792000 59
37.824000 40.384000 59
40.512000 40.928000 60
41.056000 42.496000 60
48.256000 48.480000 62
48.544000 48.704000 64
48.704000 49.024000 61
49.088000 49.344000 60
51.104000 51.488000 60
52.576000 52.768000 59
52.768000 53.024000 58
53.856000 54.080000 57
54.144000 54.400000 57
56.128000 56.224000 57
56.352000 56.832000 60
57.056000 57.248000 62
58.592000 58.624000 59
59.072000 59.296000 59
59.360000 59.488000 60
60.576000 60.960000 59
61.952000 62.016000 56
62.048000 62.112000 56
62.144000 62.240000 57
63.456000 63.648000 57
63.744000 67.872000 66
68.448000 68.768000 65
68.896000 69.376000 65
69.632000 70.464000 63
72.928000 72.960000 62
74.656000 74.912000 57
75.392000 75.488000 60
75.680000 75.712000 56
75.744000 75.840000 56
76.096000 76.224000 57
80.672000 80.832000 57
85.664000 86.176000 53
86.304000 86.592000 53
86.816000 87.104000 52
87.200000 87.936000 53
88.064000 88.704000 54
88.896000 89.888000 57
90.816000 91.392000 63
91.488000 92.288000 62
93.536000 93.824000 53
93.952000 94.112000 53
94.208000 94.624000 53
94.880000 95.040000 53
95.200000 95.584000 53
96.064000 96.576000 53
96.768000 96.960000 53
97.120000 97.696000 57
99.040000 99.392000 68
99.488000 100.256000 65
101.504000 101.600000 65
101.888000 102.240000 62
102.400000 103.104000 61
103.520000 103.648000 59
103.744000 103.872000 59
104.000000 104.736000 60
104.736000 105.440000 58
105.920000 106.560000 63
106.688000 107.296000 60
107.392000 109.056000 60
109.440000 109.888000 59
109.984000 110.304000 59
110.464000 110.848000 59
110.944000 111.808000 59
111.936000 112.992000 60
113.120000 115.392000 60
117.984000 118.112000 59
118.208000 118.848000 60
120.672000 121.088000 60
122.144000 122.336000 59
122.816000 122.912000 58
123.424000 123.456000 56
123.520000 123.584000 56
125.536000 125.632000 60
125.920000 126.784000 60
128.096000 128.256000 59
128.640000 129.024000 60
130.112000 130.496000 59
131.264000 131.456000 57
131.488000 131.552000 56
132.992000 133.184000 57
133.280000 137.312000 66
138.048000 139.008000 65
139.136000 140.096000 63
140.960000 141.120000 59
141.856000 141.952000 59
142.240000 142.464000 58
142.560000 142.688000 59
144.192000 144.384000 57
145.184000 145.344000 57
145.376000 145.408000 57
145.664000 145.760000 57
149.792000 149.984000 61
150.112000 150.496000 61
150.528000 150.880000 61
152.224000 152.320000 60
152.608000 152.960000 61
153.984000 154.400000 60
157.760000 157.984000 61
158.080000 158.432000 60
158.592000 158.848000 61
159.008000 159.104000 63
160.000000 160.288000 60
160.480000 160.928000 62
162.048000 162.400000 61
162.848000 163.008000 61
163.424000 163.552000 57
164.480000 164.704000 64
164.928000 165.120000 58
165.216000 168.864000 68
169.952000 170.912000 67
171.168000 172.096000 63
173.824000 173.856000 58
174.144000 174.400000 59
174.720000 174.848000 61
176.096000 176.320000 58
177.600000 177.632000 58
181.792000 181.920000 61
182.016000 182.272000 58
182.272000 182.400000 61
182.720000 182.816000 61
183.040000 183.584000 70
184.352000 184.448000 70
