13.376000 13.984000 67
14.080000 14.944000 67
15.104000 15.520000 65
16.224000 16.576000 62
16.704000 17.280000 60
17.536000 17.856000 60
17.952000 18.240000 59
18.432000 18.592000 57
18.752000 19.040000 59
19.168000 19.488000 60
19.584000 20.256000 64
20.416000 20.800000 64
21.280000 22.048000 65
22.048000 24.864000 64
26.656000 28.224000 67
28.352000 28.768000 65
29.568000 30.496000 62
30.592000 30.688000 62
30.688000 30.784000 61
30.784000 31.904000 60
32.064000 32.352000 59
32.448000 32.832000 60
32.832000 33.504000 63
33.504000 34.080000 65
34.592000 35.296000 66
35.392000 36.544000 62
36.640000 38.496000 60
39.648000 39.808000 62
39.872000 40.128000 71
40.128000 41.248000 72
41.248000 43.008000 71
44.128000 44.512000 70
44.512000 46.368000 72
46.592000 46.912000 65
47.008000 47.456000 65
47.904000 49.792000 67
49.952000 50.080000 67
50.080000 51.136000 70
51.136000 52.064000 67
52.192000 52.256000 67
52.480000 53.120000 60
53.216000 53.280000 70
53.280000 53.376000 71
53.376000 54.592000 73
54.592000 56.320000 72
57.472000 57.856000 69
57.856000 58.944000 72
58.944000 59.072000 71
59.072000 59.424000 70
59.424000 59.776000 67
59.904000 60.704000 66
61.216000 61.504000 64
61.600000 61.984000 65
62.048000 62.784000 65
62.784000 65.952000 72
66.496000 66.560000 59
66.560000 66.592000 62
66.592000 68.192000 67
68.288000 68.768000 64
69.376000 69.824000 62
69.824000 71.840000 62
71.968000 72.704000 60
72.800000 74.016000 64
74.432000 75.200000 65
75.200000 78.080000 64
79.840000 80.064000 66
80.064000 81.056000 67
81.056000 82.112000 65
82.784000 83.104000 62
83.104000 85.152000 62
85.248000 85.568000 59
85.664000 86.048000 60
86.048000 86.688000 63
86.688000 87.328000 65
87.744000 88.448000 65
88.608000 92.352000 62
93.440000 94.912000 69
115.872000 116.256000 76
118.752000 118.944000 67
119.712000 120.960000 67
121.056000 121.376000 65
121.472000 121.984000 65
122.592000 123.872000 62
123.968000 124.672000 60
124.768000 125.024000 57
125.184000 125.472000 59
125.568000 125.984000 60
125.984000 127.200000 64
127.648000 128.448000 66
128.448000 131.104000 64
133.024000 134.656000 67
134.752000 135.232000 64
135.936000 136.480000 62
136.480000 138.368000 62
138.464000 138.784000 59
138.880000 139.264000 60
139.264000 140.736000 64
140.960000 141.664000 65
141.760000 144.608000 62
146.176000 146.304000 69
146.304000 146.528000 71
146.528000 147.680000 72
147.680000 149.568000 71
150.528000 152.576000 72
152.576000 153.344000 65
153.440000 153.920000 65
154.304000 155.552000 65
155.552000 158.688000 70
158.912000 159.584000 60
159.680000 159.744000 70
159.744000 159.840000 71
159.840000 161.056000 73
161.056000 163.008000 72
163.904000 163.968000 68
163.968000 164.288000 69
164.288000 165.504000 72
165.504000 165.856000 70
165.856000 166.240000 67
166.400000 167.104000 65
167.584000 167.904000 65
168.000000 169.216000 65
169.216000 172.448000 72
172.896000 173.120000 65
173.120000 173.504000 67
173.600000 174.208000 67
174.208000 175.264000 66
175.840000 176.320000 62
176.320000 178.304000 62
178.400000 178.816000 59
178.816000 179.232000 60
179.232000 180.416000 65
180.896000 181.760000 65
181.760000 184.224000 64
186.208000 186.400000 65
186.400000 187.904000 68
188.000000 188.576000 65
189.216000 189.504000 62
189.504000 191.552000 62
191.712000 192.096000 59
192.096000 192.160000 60
192.160000 192.512000 61
192.512000 193.632000 64
194.144000 194.880000 65
195.040000 198.784000 62
