9.600000 9.856000 74
16.128000 17.184000 74
17.280000 17.568000 76
17.728000 18.592000 71
19.328000 20.352000 74
20.480000 20.704000 75
20.704000 21.792000 74
22.240000 22.400000 71
22.400000 22.816000 70
22.816000 24.064000 68
24.064000 24.992000 71
25.440000 25.920000 71
26.016000 27.232000 67
27.232000 28.032000 69
28.384000 31.040000 70
31.968000 33.696000 64
34.176000 34.464000 60
34.464000 36.576000 66
36.576000 36.768000 67
36.928000 36.960000 71
37.152000 37.280000 71
37.760000 38.144000 67
38.144000 38.816000 71
38.816000 39.936000 68
39.936000 40.832000 71
41.280000 41.408000 71
41.408000 41.824000 70
41.824000 42.176000 67
42.176000 42.464000 65
42.496000 43.072000 62
43.072000 43.392000 67
43.424000 43.712000 67
43.872000 44.352000 67
44.512000 44.576000 66
45.504000 46.208000 67
46.304000 47.808000 66
47.904000 48.320000 65
48.736000 49.408000 66
49.536000 49.760000 67
49.920000 50.272000 71
50.272000 50.560000 70
50.560000 51.072000 74
51.072000 51.648000 71
51.904000 52.448000 67
52.672000 53.120000 65
53.472000 54.112000 66
54.272000 54.656000 64
55.040000 55.104000 64
55.104000 56.128000 67
56.288000 56.512000 71
56.608000 57.312000 71
57.440000 57.888000 69
58.272000 59.104000 76
59.104000 60.064000 71
60.416000 61.376000 69
61.376000 61.632000 64
61.632000 62.208000 62
62.208000 63.648000 67
70.240000 71.296000 74
71.392000 71.648000 76
71.648000 72.576000 75
73.440000 75.104000 76
75.104000 75.840000 71
76.416000 76.512000 71
76.512000 76.640000 70
76.640000 76.928000 69
76.928000 78.208000 67
78.208000 79.168000 71
79.616000 79.712000 71
79.808000 80.000000 69
80.224000 81.472000 67
81.472000 82.240000 70
82.656000 85.472000 69
86.272000 87.712000 63
87.840000 87.936000 59
88.544000 89.088000 64
89.184000 90.176000 64
90.336000 90.400000 62
90.464000 90.976000 66
90.976000 91.136000 71
91.424000 91.552000 71
91.776000 91.872000 64
92.096000 92.480000 65
92.480000 92.608000 71
92.608000 93.024000 70
93.024000 94.240000 67
94.240000 95.168000 71
95.616000 96.064000 71
96.288000 96.576000 67
96.576000 96.768000 65
96.928000 97.472000 62
97.472000 97.728000 67
97.760000 98.016000 67
98.176000 98.784000 67
99.904000 100.672000 67
100.672000 102.208000 66
102.336000 102.720000 65
103.136000 103.808000 66
103.936000 104.160000 67
104.320000 104.672000 71
104.672000 104.928000 70
104.928000 104.992000 71
104.992000 105.472000 74
105.472000 106.112000 71
106.400000 106.912000 66
107.136000 107.616000 65
107.936000 108.640000 66
108.736000 109.216000 64
109.536000 109.856000 65
109.856000 110.592000 67
110.784000 111.008000 71
111.136000 111.808000 71
111.936000 112.544000 69
112.800000 113.728000 75
113.728000 114.624000 71
114.944000 115.936000 69
115.936000 117.216000 67
117.216000 118.144000 67
134.496000 136.128000 76
136.128000 137.056000 71
137.760000 139.264000 75
139.264000 140.192000 71
140.704000 140.832000 71
140.832000 141.248000 70
141.248000 142.496000 68
142.496000 143.584000 71
143.904000 144.320000 71
144.480000 145.728000 67
145.728000 146.560000 69
146.912000 149.536000 69
150.592000 152.416000 64
152.800000 153.376000 64
153.504000 154.080000 64
154.144000 154.528000 62
154.880000 155.200000 65
155.392000 155.424000 69
155.840000 156.032000 71
156.352000 156.544000 64
156.704000 156.768000 67
156.768000 156.992000 70
156.992000 157.248000 69
157.248000 158.560000 68
158.560000 159.584000 71
159.968000 160.480000 71
160.576000 160.832000 67
160.832000 160.896000 66
160.896000 162.112000 67
162.112000 163.584000 67
164.128000 164.864000 67
164.960000 166.944000 66
167.424000 168.064000 66
168.192000 168.416000 67
168.608000 168.896000 71
168.896000 169.248000 71
169.248000 170.112000 74
170.112000 170.368000 71
170.624000 171.232000 67
171.424000 171.872000 64
172.192000 172.896000 66
173.024000 173.440000 65
173.792000 174.176000 65
174.176000 174.912000 67
175.040000 175.264000 71
175.392000 176.064000 71
176.224000 176.800000 70
177.088000 177.984000 76
177.984000 178.976000 71
179.264000 180.160000 69
180.160000 181.600000 67
181.600000 183.040000 67
184.576000 184.768000 72
185.920000 186.240000 72
186.336000 186.624000 71
