30.592000 30.752000 55
37.856000 38.720000 53
38.880000 39.360000 53
39.840000 39.968000 51
40.128000 41.600000 53
42.336000 45.792000 53
45.888000 46.144000 53
46.848000 48.064000 51
48.160000 50.080000 52
50.432000 50.976000 49
51.776000 52.192000 52
52.640000 53.376000 49
55.712000 57.344000 53
57.696000 59.584000 53
59.968000 61.568000 52
61.952000 63.424000 52
63.520000 64.160000 53
64.768000 67.328000 51
67.424000 67.904000 51
68.256000 68.800000 49
69.696000 69.856000 51
70.592000 71.040000 49
73.568000 76.320000 61
76.448000 77.888000 63
78.016000 78.144000 64
78.144000 78.592000 61
78.688000 79.712000 61
79.808000 80.832000 63
80.928000 81.920000 67
81.920000 83.872000 68
84.928000 85.184000 61
85.344000 85.536000 67
85.536000 86.112000 70
86.240000 88.512000 65
89.536000 89.632000 56
89.888000 90.176000 65
90.176000 90.400000 63
90.400000 90.688000 61
90.688000 91.200000 65
91.200000 91.744000 61
92.160000 93.952000 65
94.336000 95.360000 62
95.360000 95.968000 63
96.064000 96.224000 60
96.352000 96.480000 62
96.480000 96.896000 63
96.896000 97.376000 68
97.376000 98.272000 62
98.592000 100.448000 61
100.832000 102.624000 61
103.072000 104.416000 63
104.416000 105.728000 66
105.856000 106.112000 63
106.112000 106.432000 62
106.432000 107.296000 65
107.488000 108.320000 65
108.320000 108.640000 62
108.640000 109.152000 65
109.248000 109.664000 58
110.176000 111.840000 65
112.320000 113.248000 63
113.248000 113.600000 63
113.696000 113.792000 62
113.792000 113.952000 61
113.952000 114.368000 61
114.368000 114.752000 63
114.848000 115.296000 68
115.424000 116.256000 62
116.480000 116.672000 56
116.800000 117.760000 68
117.920000 119.264000 68
119.584000 119.904000 62
119.904000 120.288000 63
120.288000 121.664000 66
121.664000 124.832000 63
127.808000 127.904000 63
131.040000 131.168000 63
131.264000 131.360000 63
137.056000 137.600000 65
138.208000 139.008000 59
141.024000 141.888000 53
142.048000 142.240000 51
142.336000 142.720000 53
143.008000 143.136000 51
143.328000 145.024000 53
145.504000 145.856000 52
145.952000 148.960000 53
149.056000 149.344000 53
149.984000 150.368000 51
150.464000 151.232000 51
151.328000 152.736000 51
152.736000 153.248000 52
153.632000 154.048000 49
154.176000 154.784000 54
154.912000 155.136000 51
155.136000 155.424000 54
155.424000 155.744000 56
155.744000 156.928000 53
158.880000 160.640000 53
160.800000 162.784000 53
163.200000 164.384000 53
164.480000 164.768000 52
164.768000 167.392000 53
167.840000 170.496000 51
170.592000 171.072000 52
171.552000 172.096000 49
172.864000 173.344000 53
173.728000 174.528000 49
175.424000 175.520000 51
176.768000 179.488000 61
179.616000 180.736000 63
181.312000 182.016000 61
182.112000 182.880000 61
182.976000 184.000000 63
184.096000 185.088000 67
185.088000 187.392000 69
188.288000 188.416000 60
188.576000 189.344000 70
189.440000 191.616000 65
192.704000 192.864000 56
193.120000 193.568000 65
193.568000 193.888000 61
193.888000 194.400000 65
194.400000 194.976000 58
195.328000 195.808000 65
195.808000 196.160000 62
196.160000 197.056000 65
197.536000 200.064000 63
200.064000 200.544000 68
200.544000 201.632000 65
201.760000 202.528000 61
202.624000 202.816000 58
202.912000 203.584000 61
204.032000 204.896000 61
204.896000 205.056000 58
205.152000 205.824000 61
206.240000 207.328000 61
207.328000 208.096000 66
208.192000 208.352000 65
208.448000 208.928000 65
209.024000 209.248000 63
209.248000 209.568000 62
209.568000 210.336000 65
210.656000 210.752000 67
210.752000 211.392000 65
211.392000 211.808000 63
211.808000 212.320000 65
212.320000 212.864000 60
213.280000 213.728000 64
213.728000 214.080000 62
214.080000 215.040000 65
215.488000 215.776000 63
215.776000 216.224000 61
216.320000 216.384000 60
216.384000 216.800000 63
216.896000 217.568000 61
217.568000 218.016000 63
218.016000 218.464000 68
218.592000 219.424000 62
219.680000 219.840000 56
220.000000 220.928000 68
221.088000 222.432000 68
222.816000 223.040000 60
223.040000 223.488000 64
223.488000 224.096000 66
224.160000 224.224000 63
224.224000 225.024000 65
225.024000 227.680000 63
228.576000 229.440000 65
229.440000 229.760000 62
229.760000 230.304000 65
230.304000 230.752000 58
231.200000 233.024000 65
233.344000 235.040000 63
235.136000 235.296000 60
235.424000 235.552000 61
235.552000 235.936000 63
235.936000 236.416000 68
236.416000 236.992000 66
237.088000 237.312000 61
237.664000 239.360000 61
239.840000 240.928000 61
241.056000 241.632000 61
242.144000 242.528000 59
242.528000 243.424000 63
243.424000 243.968000 67
244.064000 244.224000 65
244.224000 244.448000 63
244.448000 244.768000 65
244.768000 245.056000 64
245.056000 245.152000 63
245.152000 246.272000 65
246.400000 246.560000 71
246.560000 246.656000 67
246.656000 247.072000 65
247.072000 248.224000 65
248.224000 248.672000 58
249.152000 249.440000 65
249.440000 251.040000 65
251.264000 251.296000 59
251.360000 252.096000 63
252.192000 252.672000 64
252.768000 253.024000 62
253.024000 253.280000 61
253.280000 253.888000 63
253.888000 254.368000 68
254.464000 255.296000 62
255.552000 255.744000 56
255.904000 256.800000 68
256.992000 257.120000 66
257.120000 258.304000 70
258.624000 258.752000 59
258.752000 258.944000 61
258.944000 261.824000 66
261.824000 264.960000 61
269.504000 269.664000 61
274.880000 275.008000 55
