35.680000 35.968000 50
36.096000 36.928000 50
36.928000 37.632000 54
37.760000 37.984000 54
37.984000 38.400000 51
38.400000 38.656000 54
38.848000 39.168000 56
39.296000 40.192000 59
40.192000 42.624000 56
42.848000 43.872000 62
43.872000 44.320000 58
44.320000 46.304000 63
46.560000 50.016000 62
50.400000 50.784000 54
50.784000 51.104000 63
51.104000 53.536000 62
53.632000 53.696000 60
53.696000 53.792000 61
53.792000 54.240000 62
54.240000 54.592000 61
54.720000 55.136000 56
55.360000 55.808000 50
55.872000 56.032000 50
56.128000 58.208000 55
58.272000 58.752000 55
58.848000 60.128000 50
61.024000 61.888000 48
62.048000 62.368000 47
62.528000 62.848000 51
62.976000 64.096000 54
64.992000 65.408000 50
65.408000 65.600000 53
65.792000 65.920000 55
65.920000 66.112000 58
66.176000 66.720000 58
66.912000 71.584000 63
72.192000 72.736000 62
72.736000 72.960000 58
72.960000 73.120000 55
73.120000 73.344000 54
73.344000 73.888000 52
74.464000 78.816000 61
112.224000 113.440000 50
113.632000 114.496000 54
114.496000 115.072000 51
115.136000 115.168000 53
115.456000 115.776000 56
115.872000 116.800000 58
116.800000 119.072000 55
119.456000 119.904000 62
119.904000 120.320000 61
120.320000 121.536000 60
121.536000 122.848000 62
123.136000 126.528000 62
126.976000 127.328000 55
127.328000 127.584000 62
127.680000 128.224000 62
128.224000 130.144000 60
130.432000 130.848000 62
130.848000 131.232000 61
131.360000 131.520000 56
131.520000 131.680000 53
131.840000 132.384000 50
132.512000 132.768000 50
132.768000 133.248000 56
133.376000 133.504000 55
133.600000 134.656000 54
134.880000 135.136000 55
135.200000 135.424000 53
135.520000 136.832000 50
137.216000 137.376000 47
137.696000 138.368000 48
138.496000 138.592000 47
138.720000 138.976000 46
139.200000 139.520000 52
139.648000 140.608000 53
141.504000 142.272000 53
142.464000 142.592000 55
142.592000 142.784000 59
142.848000 143.488000 58
143.616000 144.160000 62
144.256000 148.448000 61
148.864000 149.280000 62
149.280000 149.792000 60
149.824000 149.856000 53
149.920000 150.112000 53
150.112000 150.560000 51
151.104000 155.616000 61
174.784000 175.808000 50
175.968000 177.664000 53
177.792000 178.144000 56
178.272000 179.392000 59
179.392000 181.568000 55
181.888000 182.368000 62
182.368000 184.032000 61
184.032000 185.408000 63
185.600000 188.864000 62
189.440000 189.856000 55
189.856000 190.560000 62
190.560000 191.424000 59
191.552000 191.936000 58
191.936000 192.704000 61
192.928000 193.344000 62
193.344000 193.760000 60
193.856000 194.048000 55
194.048000 194.208000 53
194.368000 195.104000 50
195.392000 197.344000 56
197.440000 197.888000 55
197.984000 199.520000 50
200.352000 200.448000 46
200.704000 200.864000 47
201.024000 201.568000 47
201.792000 202.080000 51
202.208000 203.072000 53
204.064000 204.160000 50
204.256000 204.832000 53
204.960000 205.920000 58
206.144000 210.944000 62
211.040000 211.136000 60
211.424000 212.000000 62
212.000000 212.224000 58
212.416000 212.672000 53
212.736000 213.184000 50
213.728000 214.080000 56
214.176000 220.384000 61
