20.032000 20.672000 57
21.056000 22.848000 62
23.008000 23.200000 62
25.216000 26.432000 62
26.592000 27.136000 64
27.360000 27.616000 62
28.768000 29.088000 58
29.312000 29.408000 58
29.600000 29.952000 62
30.112000 30.272000 60
30.368000 30.912000 60
31.680000 31.872000 61
31.872000 32.928000 64
32.928000 33.344000 60
33.856000 34.528000 62
34.688000 35.008000 60
35.232000 35.424000 56
35.680000 36.128000 55
37.344000 37.856000 57
38.112000 38.848000 62
38.944000 40.032000 62
40.256000 40.736000 62
41.600000 42.368000 57
42.368000 43.552000 62
43.744000 44.320000 64
44.480000 44.896000 62
45.952000 46.464000 58
46.592000 46.816000 61
46.816000 47.104000 62
47.264000 47.808000 60
48.064000 48.288000 57
48.832000 48.992000 60
48.992000 49.248000 62
49.376000 49.696000 64
49.696000 50.080000 62
50.208000 50.528000 60
50.944000 51.136000 67
51.136000 51.392000 69
51.488000 52.128000 67
52.320000 52.960000 64
53.056000 53.472000 62
54.304000 54.528000 61
54.752000 55.040000 62
55.296000 56.096000 67
56.096000 56.640000 62
56.864000 57.856000 64
58.432000 58.848000 63
58.976000 59.136000 62
59.264000 59.456000 61
59.456000 59.840000 64
60.128000 61.056000 72
61.152000 61.440000 69
61.600000 62.080000 65
62.752000 63.104000 71
63.200000 65.504000 69
65.728000 65.920000 65
66.016000 66.496000 67
67.008000 67.456000 62
67.584000 68.192000 60
68.672000 69.216000 60
69.568000 70.112000 64
70.304000 70.688000 62
71.328000 71.616000 60
71.872000 72.128000 62
72.128000 73.216000 67
73.344000 73.728000 60
73.984000 74.176000 62
74.304000 74.912000 64
75.456000 76.032000 64
76.096000 76.352000 62
76.352000 76.704000 61
76.704000 77.120000 65
77.120000 78.176000 72
78.272000 78.528000 72
78.720000 79.360000 70
79.904000 80.320000 69
80.480000 81.376000 64
81.504000 82.048000 71
82.048000 82.272000 67
82.400000 83.008000 64
83.136000 83.680000 69
84.320000 84.384000 62
84.512000 85.504000 62
85.792000 85.984000 67
85.984000 87.008000 69
87.008000 87.264000 66
87.456000 87.712000 62
87.936000 88.352000 63
88.960000 91.008000 62
106.240000 106.272000 58
106.624000 107.840000 62
108.000000 109.376000 62
110.464000 110.848000 58
110.976000 112.160000 62
112.384000 113.536000 64
115.296000 115.648000 62
115.840000 116.000000 61
116.128000 116.448000 60
117.408000 117.600000 60
117.600000 118.752000 64
118.752000 119.072000 60
119.552000 119.968000 62
120.096000 120.768000 62
120.928000 121.088000 59
121.248000 121.376000 58
123.072000 123.424000 56
123.904000 124.288000 62
124.416000 125.088000 62
125.120000 125.824000 61
125.984000 126.464000 62
127.200000 127.872000 57
128.128000 130.464000 64
130.624000 130.720000 62
131.584000 132.256000 58
132.416000 133.696000 62
134.496000 134.944000 62
135.040000 135.296000 64
135.392000 135.584000 63
135.584000 135.776000 61
135.904000 136.256000 60
136.672000 137.888000 69
138.016000 139.584000 64
142.112000 142.336000 60
142.624000 142.784000 62
143.104000 143.968000 67
143.968000 144.480000 61
144.704000 145.728000 64
146.272000 146.720000 62
146.816000 146.976000 62
147.136000 147.328000 60
147.328000 147.680000 64
147.968000 148.864000 72
148.992000 149.248000 70
149.408000 150.144000 64
150.592000 150.944000 71
151.040000 153.376000 69
153.536000 154.528000 67
154.784000 155.264000 62
155.456000 156.096000 62
156.544000 156.928000 60
157.152000 157.248000 60
157.408000 157.984000 64
158.176000 158.848000 62
159.136000 159.424000 60
159.680000 159.840000 61
159.840000 160.096000 62
160.096000 160.192000 65
160.192000 161.120000 67
161.120000 161.600000 60
161.856000 162.016000 62
162.208000 162.816000 65
163.360000 163.872000 64
163.968000 164.192000 62
164.192000 164.480000 60
164.480000 164.992000 65
164.992000 165.888000 72
166.112000 166.400000 72
166.624000 167.264000 69
167.776000 168.224000 69
168.320000 168.704000 64
168.864000 169.280000 74
169.344000 169.920000 71
169.920000 170.176000 67
170.304000 170.816000 64
170.976000 171.552000 69
172.352000 173.312000 62
173.632000 173.888000 67
173.888000 175.040000 69
175.040000 175.104000 62
175.296000 175.552000 62
176.096000 176.160000 66
176.672000 178.944000 62
191.872000 192.000000 62
192.192000 193.152000 67
193.184000 193.760000 61
193.984000 194.176000 62
194.336000 195.072000 65
195.616000 195.776000 64
195.872000 196.000000 62
196.128000 196.288000 62
196.448000 196.640000 60
196.640000 196.992000 65
197.184000 198.048000 72
198.240000 198.464000 69
198.656000 198.944000 64
198.976000 199.616000 65
199.872000 200.224000 71
200.320000 200.864000 69
200.992000 202.624000 69
202.816000 203.872000 67
204.096000 204.576000 63
204.736000 205.504000 60
205.824000 206.208000 60
206.400000 206.528000 61
206.720000 207.296000 63
207.520000 207.584000 61
207.648000 207.808000 61
208.544000 208.736000 60
209.056000 209.280000 63
209.280000 210.272000 67
210.560000 210.688000 67
211.136000 212.192000 65
212.640000 213.120000 64
213.280000 213.856000 62
213.856000 214.304000 65
214.304000 215.264000 72
215.424000 215.680000 72
215.936000 216.576000 69
217.056000 217.376000 69
217.504000 217.984000 64
218.176000 218.560000 74
218.688000 219.072000 70
219.072000 219.488000 68
219.584000 220.160000 64
220.256000 220.896000 69
221.632000 222.048000 62
222.144000 222.592000 62
222.944000 224.224000 69
224.224000 224.416000 63
224.608000 224.864000 62
225.088000 225.344000 62
225.344000 225.600000 64
226.656000 229.408000 62
