41.504000 42.752000 60
43.520000 45.120000 59
47.776000 48.992000 59
49.824000 49.984000 55
50.176000 51.040000 57
54.080000 54.784000 60
54.944000 55.936000 62
56.064000 56.416000 60
56.416000 57.504000 64
57.696000 57.888000 60
58.080000 58.336000 59
58.496000 58.688000 60
58.848000 59.200000 59
59.328000 59.744000 56
66.624000 68.448000 60
68.704000 69.376000 62
69.504000 71.360000 60
73.024000 73.280000 59
73.408000 74.368000 59
75.008000 77.056000 65
77.792000 79.648000 67
79.840000 80.544000 60
81.344000 82.048000 62
83.296000 83.712000 59
83.968000 84.352000 60
84.576000 85.184000 59
85.344000 87.136000 60
90.368000 90.688000 64
90.848000 92.000000 65
92.096000 92.704000 62
93.664000 93.952000 62
94.080000 95.104000 64
95.264000 95.648000 60
97.440000 97.792000 59
97.792000 97.984000 61
97.984000 99.008000 64
99.008000 99.712000 60
99.808000 100.160000 62
100.160000 100.640000 59
100.672000 101.248000 58
101.408000 101.888000 55
103.104000 103.392000 64
103.520000 104.512000 65
104.672000 104.992000 67
104.992000 105.760000 62
106.624000 106.816000 62
106.816000 107.168000 60
107.168000 108.960000 65
109.984000 110.304000 59
110.304000 110.816000 62
110.912000 111.136000 64
111.296000 111.616000 62
111.744000 112.128000 59
112.352000 112.544000 59
113.056000 115.104000 59
116.128000 116.640000 59
116.640000 117.408000 64
117.568000 117.952000 62
117.952000 118.784000 61
119.328000 119.872000 60
120.032000 120.736000 60
130.880000 131.072000 57
133.088000 134.560000 60
135.200000 135.872000 62
136.000000 138.752000 59
139.392000 139.648000 59
139.808000 140.576000 59
141.216000 143.488000 65
144.096000 144.224000 63
144.224000 145.952000 67
146.176000 146.912000 60
147.712000 148.992000 62
149.600000 150.048000 59
150.176000 150.784000 65
150.912000 151.488000 64
151.648000 155.808000 60
156.608000 156.736000 60
156.736000 157.056000 64
157.184000 158.656000 65
158.656000 159.232000 62
159.904000 160.192000 62
160.352000 161.344000 64
161.472000 162.144000 60
163.456000 163.584000 57
163.712000 164.032000 59
164.032000 164.224000 60
164.224000 165.280000 64
165.280000 166.016000 61
166.112000 166.912000 62
167.008000 167.616000 58
167.712000 168.576000 55
169.376000 169.440000 62
169.440000 169.664000 64
169.824000 170.848000 65
170.976000 171.328000 67
171.328000 172.064000 62
172.896000 173.088000 62
173.216000 173.344000 56
173.344000 175.520000 65
176.064000 176.160000 57
176.288000 176.736000 60
176.736000 177.120000 62
177.216000 177.472000 64
177.600000 177.984000 62
178.048000 178.368000 59
178.592000 178.848000 60
179.328000 182.848000 59
190.240000 190.784000 59
190.976000 191.072000 61
191.296000 191.456000 62
193.056000 193.152000 62
193.408000 193.536000 62
194.688000 194.816000 67
196.480000 198.528000 67
198.656000 201.920000 62
202.144000 203.072000 62
203.904000 204.160000 69
204.256000 204.544000 68
207.264000 207.328000 59
207.328000 207.648000 64
207.808000 208.896000 65
208.992000 209.408000 62
210.528000 210.816000 62
210.944000 211.904000 64
212.096000 212.576000 60
214.016000 214.112000 57
214.240000 214.592000 59
214.592000 214.976000 62
215.072000 215.808000 64
215.808000 217.376000 62
217.568000 218.144000 59
218.272000 219.104000 55
219.808000 219.872000 59
219.872000 220.160000 64
220.320000 221.344000 65
221.504000 223.744000 67
223.872000 225.984000 65
226.560000 226.688000 56
226.784000 227.296000 60
227.296000 227.616000 62
227.712000 227.968000 64
228.096000 228.480000 62
228.608000 228.896000 59
229.056000 229.248000 60
229.440000 231.904000 59
232.992000 233.120000 58
233.120000 233.536000 59
233.536000 234.272000 64
234.432000 234.784000 62
234.784000 235.616000 61
236.192000 237.600000 60
238.080000 238.176000 58
