42.592000 42.656000 54
42.656000 43.104000 57
43.744000 44.032000 57
44.160000 44.576000 57
44.704000 45.088000 59
45.088000 45.888000 58
46.784000 47.680000 57
47.808000 48.672000 61
48.672000 48.992000 57
49.920000 50.176000 57
50.272000 50.368000 57
50.368000 50.528000 56
50.656000 50.880000 54
50.880000 51.104000 57
51.264000 51.552000 61
51.808000 52.096000 62
52.224000 52.384000 61
52.640000 52.896000 59
52.992000 53.280000 57
53.408000 53.728000 61
53.728000 54.016000 60
54.176000 54.496000 59
54.912000 55.360000 57
56.064000 56.864000 57
57.056000 57.376000 59
57.376000 57.760000 57
57.920000 58.304000 57
59.168000 59.968000 57
60.128000 60.544000 59
60.640000 60.800000 61
60.928000 61.344000 57
62.240000 62.336000 56
62.432000 62.528000 56
62.624000 62.752000 56
62.752000 62.880000 55
63.008000 63.168000 51
63.168000 63.232000 53
63.232000 63.520000 58
63.520000 63.904000 61
64.096000 64.768000 62
64.896000 65.568000 59
65.664000 66.752000 61
67.008000 67.232000 53
67.232000 69.280000 57
69.280000 69.536000 53
70.176000 71.392000 58
71.392000 72.736000 61
73.344000 73.408000 54
73.408000 73.728000 57
73.984000 74.592000 59
74.688000 75.168000 62
75.264000 75.648000 61
75.712000 75.744000 55
76.064000 76.384000 57
76.480000 77.504000 57
77.600000 77.760000 61
77.984000 78.336000 66
78.336000 79.072000 64
79.456000 81.568000 64
81.664000 81.920000 61
81.984000 82.272000 59
82.592000 83.840000 59
83.936000 84.448000 61
84.448000 84.896000 59
84.896000 85.568000 57
85.664000 85.888000 57
86.048000 86.176000 60
86.272000 86.464000 57
86.528000 86.688000 61
86.816000 87.424000 68
87.584000 87.680000 66
87.776000 88.448000 64
88.544000 88.640000 65
88.736000 88.928000 66
89.152000 89.632000 57
90.048000 90.464000 68
90.464000 90.848000 63
90.848000 91.360000 64
91.744000 93.632000 64
93.696000 93.856000 62
93.952000 94.208000 60
94.272000 94.720000 59
94.912000 95.968000 57
96.064000 96.320000 59
96.320000 96.672000 61
96.864000 97.120000 59
97.120000 97.344000 58
97.600000 97.888000 56
97.984000 98.240000 57
98.624000 98.912000 57
99.104000 99.168000 66
99.168000 99.456000 67
99.456000 100.064000 68
100.160000 100.288000 64
100.288000 100.736000 62
101.056000 101.248000 66
101.440000 101.568000 57
101.696000 101.824000 56
102.272000 102.336000 65
102.336000 103.136000 68
103.136000 103.488000 64
103.680000 103.872000 64
103.872000 104.768000 57
105.216000 105.984000 57
106.144000 106.880000 64
107.296000 107.392000 61
107.488000 108.000000 61
108.128000 108.224000 61
108.736000 109.824000 61
110.624000 111.712000 61
114.912000 115.104000 59
115.200000 115.808000 61
118.976000 119.168000 68
119.584000 119.872000 58
120.672000 121.664000 59
121.664000 122.112000 59
122.208000 122.848000 57
123.712000 123.968000 57
124.096000 124.384000 56
124.384000 125.120000 59
125.248000 125.408000 61
125.408000 126.016000 60
126.848000 127.104000 56
127.232000 127.456000 57
127.520000 127.584000 59
127.616000 127.680000 59
127.840000 128.192000 58
128.192000 128.480000 61
128.736000 129.024000 62
129.152000 129.408000 61
129.408000 129.632000 60
129.920000 130.112000 57
130.272000 131.360000 61
131.712000 131.872000 55
131.872000 132.160000 57
132.160000 132.448000 61
132.960000 133.856000 57
133.952000 134.272000 59
134.272000 135.104000 57
135.712000 136.064000 53
136.064000 136.928000 57
137.024000 137.376000 59
137.600000 138.368000 61
139.008000 139.232000 54
139.328000 139.488000 56
139.552000 139.744000 56
139.744000 139.808000 53
139.936000 140.032000 51
140.160000 140.352000 57
140.480000 140.608000 60
140.704000 140.832000 60
141.056000 141.696000 62
141.824000 141.952000 59
141.952000 142.112000 57
142.208000 142.464000 57
142.464000 143.776000 61
143.936000 144.096000 53
144.096000 145.440000 57
145.536000 146.368000 57
147.200000 147.488000 57
147.648000 147.840000 55
147.840000 148.512000 59
148.608000 149.792000 61
150.176000 150.240000 52
150.240000 150.784000 57
150.880000 151.328000 57
151.456000 151.616000 61
151.616000 152.032000 66
152.032000 152.544000 63
152.544000 153.312000 59
153.408000 154.112000 57
154.208000 154.432000 57
154.560000 154.848000 61
154.848000 155.552000 66
155.712000 155.904000 64
156.000000 156.256000 69
156.416000 157.536000 61
157.632000 157.920000 62
157.952000 157.984000 60
158.336000 158.464000 61
158.560000 158.784000 60
158.944000 159.072000 59
159.168000 160.064000 59
160.224000 160.320000 57
160.672000 160.896000 58
160.928000 161.472000 61
161.472000 161.696000 59
161.984000 162.112000 56
162.240000 162.496000 56
162.624000 162.816000 56
162.976000 163.104000 62
163.232000 163.424000 57
163.776000 164.352000 68
164.512000 164.640000 66
164.640000 164.864000 65
164.864000 165.344000 62
165.344000 165.536000 58
165.632000 165.824000 66
165.824000 165.888000 62
166.080000 166.464000 57
166.560000 166.720000 62
166.848000 166.976000 62
166.976000 167.008000 66
167.008000 167.360000 68
167.360000 167.808000 62
167.808000 168.224000 64
168.768000 169.792000 61
169.888000 170.240000 63
170.240000 170.752000 64
170.848000 170.944000 61
171.072000 171.168000 59
171.296000 171.712000 59
171.872000 172.320000 57
172.384000 172.960000 57
172.960000 173.600000 61
173.728000 174.112000 59
174.112000 174.336000 58
174.464000 174.784000 56
174.880000 175.136000 57
175.488000 175.616000 56
176.000000 176.320000 67
176.320000 176.704000 68
176.800000 176.992000 66
176.992000 177.152000 65
177.152000 177.600000 62
177.600000 177.888000 59
177.984000 178.176000 66
178.624000 178.880000 57
179.264000 179.456000 66
179.552000 180.128000 68
180.128000 180.320000 64
180.512000 180.736000 66
180.864000 182.112000 57
185.120000 185.280000 71
185.568000 185.792000 68
185.952000 186.048000 70
186.592000 187.168000 71
190.304000 190.432000 59
191.008000 191.616000 68
191.808000 192.224000 69
193.248000 194.560000 62
194.560000 195.296000 64
195.456000 195.584000 61
195.808000 196.032000 59
196.416000 196.704000 57
196.736000 197.312000 57
197.504000 197.568000 57
197.568000 198.592000 61
198.720000 199.392000 56
199.552000 199.808000 57
199.904000 200.032000 62
200.128000 200.352000 57
200.672000 201.280000 68
201.440000 201.600000 66
201.600000 201.760000 64
201.760000 202.304000 63
202.592000 202.752000 66
203.040000 203.392000 57
203.840000 203.904000 65
203.904000 204.256000 68
204.256000 204.672000 62
204.672000 205.152000 64
205.504000 207.008000 62
207.328000 207.520000 64
207.520000 207.712000 62
207.776000 207.968000 61
208.224000 208.704000 59
208.704000 209.184000 57
209.376000 209.600000 57
209.856000 210.464000 61
210.720000 211.104000 59
211.456000 211.744000 56
211.872000 212.096000 57
212.224000 212.384000 62
212.512000 212.704000 69
212.960000 213.888000 68
213.984000 214.112000 64
214.112000 214.624000 63
214.912000 215.104000 66
215.296000 215.392000 57
215.520000 215.840000 57
216.192000 217.024000 68
217.024000 217.312000 64
217.440000 217.632000 66
217.792000 219.936000 57
220.320000 220.416000 57
220.864000 221.344000 67
221.344000 221.568000 59
221.696000 221.984000 57
222.368000 222.432000 64
222.432000 223.136000 68
223.296000 223.456000 65
223.616000 223.872000 64
223.872000 224.640000 63
224.736000 225.248000 61
225.248000 226.400000 64
226.400000 226.848000 60
227.232000 227.296000 54
227.296000 227.360000 56
227.360000 228.288000 57
228.288000 229.536000 61
229.632000 230.016000 56
230.240000 230.592000 57
230.592000 230.848000 64
231.008000 231.456000 61
231.456000 232.544000 68
232.544000 233.024000 63
233.184000 233.280000 66
233.376000 233.600000 66
233.792000 234.208000 57
234.432000 234.528000 60
234.688000 235.040000 68
235.296000 235.456000 62
235.456000 235.936000 64
235.936000 237.952000 63
237.952000 238.752000 64
238.752000 239.264000 59
239.456000 239.648000 60
239.648000 240.640000 58
240.640000 241.824000 61
241.824000 242.272000 56
242.528000 242.816000 57
242.816000 243.136000 52
243.136000 243.744000 61
243.744000 244.864000 68
244.864000 245.344000 63
245.696000 245.888000 66
246.016000 246.176000 57
246.336000 246.624000 69
246.720000 246.944000 69
246.944000 247.744000 68
247.840000 248.064000 64
248.256000 248.352000 64
248.640000 249.568000 57
249.664000 250.048000 57
250.176000 251.904000 57
252.256000 252.768000 61
