16.288000 17.376000 60
17.472000 18.080000 59
18.400000 18.560000 55
18.656000 19.200000 55
20.448000 21.600000 55
21.920000 23.040000 55
24.032000 24.384000 55
24.512000 24.608000 53
24.768000 25.152000 52
25.472000 26.432000 55
26.784000 27.072000 55
27.744000 29.056000 59
31.008000 31.936000 60
32.064000 32.640000 60
33.184000 33.760000 55
34.976000 35.648000 55
35.904000 36.288000 53
36.800000 37.664000 55
38.560000 39.200000 55
39.296000 39.744000 53
40.000000 41.056000 55
41.248000 41.856000 55
42.272000 43.648000 59
44.160000 44.416000 60
44.576000 46.176000 62
47.648000 48.256000 60
48.352000 50.624000 64
51.328000 51.648000 57
51.776000 53.472000 60
54.976000 55.296000 57
55.424000 57.728000 58
58.592000 59.488000 62
59.488000 59.872000 67
60.000000 61.312000 64
62.240000 62.944000 62
63.104000 63.616000 67
63.616000 64.128000 64
64.320000 65.280000 64
65.696000 66.240000 60
66.336000 67.232000 72
67.424000 68.000000 64
68.128000 68.832000 74
68.832000 72.320000 69
73.152000 74.176000 66
74.176000 74.400000 67
74.528000 75.840000 64
76.768000 76.896000 66
76.896000 77.632000 62
77.632000 79.840000 67
80.192000 80.704000 60
80.832000 81.760000 72
81.984000 82.144000 64
82.240000 82.336000 64
82.464000 82.560000 64
82.688000 87.392000 76
89.216000 90.944000 61
91.328000 91.840000 55
93.152000 93.472000 55
93.600000 93.920000 53
94.016000 94.432000 53
94.560000 94.880000 55
94.976000 95.968000 55
96.832000 97.120000 55
97.280000 97.984000 53
98.144000 99.264000 56
99.552000 100.000000 55
100.544000 100.736000 59
100.896000 101.856000 59
102.432000 102.656000 60
102.752000 105.472000 62
105.856000 106.560000 60
106.656000 108.704000 64
109.440000 109.632000 54
109.632000 109.856000 57
110.016000 110.720000 59
110.880000 111.712000 60
113.280000 114.528000 58
114.752000 116.000000 55
116.736000 116.896000 60
116.896000 117.664000 62
117.664000 118.048000 67
118.144000 119.872000 64
120.608000 121.088000 62
121.312000 121.376000 65
121.376000 121.728000 67
121.728000 122.304000 65
122.496000 123.488000 64
123.808000 123.968000 60
124.064000 124.384000 60
124.480000 125.312000 72
125.632000 126.176000 64
126.304000 127.008000 74
127.008000 130.496000 71
131.296000 131.424000 60
131.424000 132.256000 63
132.256000 132.608000 67
132.704000 134.336000 66
134.880000 135.264000 62
135.392000 135.776000 62
135.776000 137.984000 67
138.368000 138.880000 60
139.008000 140.032000 72
140.096000 140.320000 64
140.416000 140.512000 63
140.896000 145.344000 76
145.536000 145.792000 72
146.176000 146.432000 60
146.528000 146.688000 62
146.784000 147.136000 62
147.264000 147.456000 62
147.456000 148.032000 67
148.032000 148.256000 65
148.480000 149.440000 64
149.728000 150.176000 60
150.176000 150.784000 62
150.944000 151.584000 59
151.808000 152.160000 67
152.160000 153.152000 62
153.216000 153.344000 62
153.536000 153.792000 61
153.792000 153.952000 62
154.048000 154.368000 62
154.368000 154.720000 62
154.720000 155.424000 68
155.424000 156.288000 72
156.384000 159.808000 67
162.400000 162.912000 62
163.104000 164.544000 67
166.080000 166.560000 62
166.752000 167.520000 67
167.520000 167.840000 64
167.936000 168.064000 63
168.256000 168.864000 64
169.472000 169.824000 60
169.952000 170.272000 72
170.400000 170.848000 71
171.008000 171.712000 65
171.712000 172.576000 74
172.864000 176.288000 73
176.800000 177.600000 62
177.696000 179.648000 67
179.776000 179.904000 68
180.512000 181.120000 62
181.312000 182.016000 67
182.016000 182.336000 65
182.496000 183.488000 64
183.872000 184.000000 59
184.096000 184.448000 60
184.544000 185.408000 72
185.504000 185.600000 71
185.600000 186.208000 68
186.336000 187.072000 74
187.072000 188.768000 68
188.768000 188.800000 73
188.800000 188.992000 75
188.992000 190.880000 72
191.360000 192.608000 69
192.704000 194.496000 69
194.944000 195.264000 69
195.392000 196.352000 69
196.352000 198.080000 64
198.400000 198.912000 60
199.040000 199.936000 72
200.160000 200.736000 65
200.896000 201.024000 74
201.024000 201.376000 76
201.376000 201.632000 75
201.632000 204.704000 73
204.704000 208.064000 74
208.160000 208.288000 74
211.552000 213.216000 60
