9.632000 9.920000 62
10.048000 10.336000 64
10.528000 11.040000 64
11.200000 11.840000 67
12.064000 12.320000 63
12.416000 12.736000 64
12.896000 13.120000 64
13.312000 13.440000 64
13.600000 14.208000 67
14.432000 14.688000 63
14.784000 15.104000 64
15.296000 15.552000 64
15.648000 15.808000 63
15.808000 16.480000 67
16.672000 17.088000 65
17.216000 17.888000 62
19.104000 20.576000 64
20.736000 21.376000 67
21.504000 22.688000 64
22.816000 22.944000 63
22.944000 23.296000 66
23.392000 23.712000 67
23.936000 24.608000 64
24.736000 25.088000 64
25.184000 25.312000 63
25.312000 25.984000 67
26.080000 26.208000 64
26.208000 26.336000 66
26.336000 27.104000 67
27.104000 27.808000 70
28.128000 28.672000 67
28.672000 29.184000 65
29.376000 29.792000 71
29.920000 30.272000 69
30.272000 30.656000 67
30.784000 31.872000 67
32.768000 33.568000 67
33.568000 33.824000 64
33.952000 34.080000 65
34.080000 35.040000 67
35.040000 35.456000 63
35.552000 36.416000 65
36.928000 36.992000 64
36.992000 37.760000 69
37.984000 39.040000 69
39.040000 39.776000 70
40.512000 40.832000 63
40.928000 42.016000 64
42.112000 42.720000 67
42.944000 43.200000 63
43.296000 43.648000 64
43.744000 44.032000 64
44.256000 45.120000 67
45.312000 45.600000 64
45.856000 46.016000 64
46.144000 46.432000 64
46.624000 46.848000 65
46.848000 47.040000 66
47.168000 47.520000 66
47.520000 48.512000 65
50.048000 50.464000 63
50.592000 51.488000 64
51.616000 52.192000 67
52.416000 53.152000 64
53.248000 53.440000 64
53.536000 53.920000 65
53.920000 54.624000 67
54.816000 55.328000 64
55.328000 56.544000 66
56.544000 58.656000 70
59.008000 59.712000 67
59.712000 60.064000 64
60.288000 60.672000 71
60.800000 61.504000 69
61.664000 62.880000 67
63.648000 63.872000 65
63.872000 64.320000 67
64.320000 64.704000 66
64.864000 64.992000 65
64.992000 65.952000 67
65.952000 66.336000 63
66.432000 67.200000 65
67.488000 67.648000 64
67.808000 67.872000 65
67.872000 67.968000 67
67.968000 68.256000 69
68.384000 70.720000 70
71.520000 71.936000 67
72.064000 72.704000 67
72.704000 73.152000 67
73.280000 74.080000 71
74.080000 74.496000 69
74.496000 75.360000 70
75.360000 76.064000 68
76.576000 76.672000 67
77.088000 77.376000 64
77.600000 77.888000 67
78.016000 78.720000 62
78.880000 79.424000 59
79.552000 79.776000 61
79.776000 80.864000 65
81.056000 81.472000 67
81.600000 82.176000 65
82.240000 82.272000 67
82.432000 82.688000 67
82.816000 84.864000 70
84.864000 85.536000 68
85.792000 86.240000 67
86.368000 86.784000 65
86.912000 87.392000 67
87.520000 88.096000 62
88.288000 88.320000 62
88.352000 89.248000 71
89.376000 90.112000 67
90.112000 90.368000 64
99.936000 100.224000 62
100.352000 100.608000 64
100.832000 101.120000 64
101.344000 102.112000 67
102.368000 102.592000 63
102.688000 103.008000 64
103.168000 103.328000 64
103.456000 103.776000 64
103.872000 104.512000 67
104.736000 104.992000 63
105.088000 105.408000 64
105.568000 106.240000 65
106.240000 106.464000 67
106.592000 106.880000 67
106.880000 107.904000 65
109.376000 110.624000 64
110.752000 110.944000 65
110.944000 111.200000 66
111.296000 111.776000 67
112.096000 112.544000 71
112.640000 112.832000 71
112.992000 113.184000 70
113.184000 113.888000 69
113.888000 113.984000 64
114.272000 114.624000 64
114.784000 115.776000 65
115.776000 116.992000 67
117.120000 117.408000 67
117.408000 118.080000 71
118.368000 119.040000 68
119.040000 119.328000 64
119.648000 120.032000 71
120.256000 120.544000 69
120.640000 121.312000 68
121.312000 122.336000 66
123.616000 123.904000 63
123.904000 124.544000 66
124.672000 125.280000 67
125.472000 125.760000 63
125.856000 126.688000 65
126.944000 127.264000 65
127.264000 130.048000 70
130.880000 131.360000 67
131.488000 131.712000 65
131.808000 131.840000 64
131.904000 131.936000 64
132.032000 132.544000 67
132.672000 133.280000 70
133.280000 134.880000 70
134.880000 135.520000 67
135.776000 135.936000 59
136.992000 137.280000 59
137.440000 138.048000 62
138.176000 138.816000 59
138.976000 139.200000 62
139.200000 139.744000 64
139.840000 140.192000 64
140.352000 140.864000 67
141.152000 141.504000 64
141.792000 141.888000 70
142.592000 142.752000 71
142.752000 144.384000 70
144.384000 145.152000 67
145.344000 145.664000 59
146.496000 146.848000 59
146.976000 147.648000 62
147.776000 147.840000 69
147.840000 148.640000 71
148.800000 149.024000 65
149.024000 149.824000 67
150.016000 150.144000 69
150.528000 150.944000 79
152.064000 153.984000 75
154.112000 154.432000 70
154.432000 155.584000 69
155.680000 155.712000 67
155.936000 156.064000 69
156.224000 157.824000 71
157.824000 158.592000 69
160.000000 160.096000 67
160.672000 160.832000 70
160.992000 161.120000 67
161.280000 161.408000 70
161.536000 161.792000 71
161.792000 163.456000 70
163.456000 164.064000 67
164.800000 165.248000 79
165.440000 165.536000 79
165.984000 166.688000 70
166.784000 167.648000 71
167.840000 168.064000 65
168.064000 168.288000 67
168.288000 168.832000 65
181.056000 181.184000 65
181.184000 181.952000 67
181.952000 182.272000 64
183.104000 183.232000 67
183.648000 184.224000 67
184.224000 184.608000 65
184.864000 184.960000 63
185.632000 186.304000 70
186.560000 186.720000 74
187.616000 187.712000 77
187.904000 188.096000 79
188.096000 188.192000 77
188.192000 188.384000 75
206.656000 206.720000 72
206.720000 206.848000 74
206.848000 207.136000 76
207.168000 207.200000 75
207.360000 208.096000 77
208.608000 208.736000 69
209.408000 209.760000 74
209.760000 210.272000 72
210.272000 211.104000 68
211.936000 212.128000 55
213.088000 213.280000 60
213.440000 213.984000 62
214.208000 214.592000 59
214.688000 214.848000 59
214.976000 215.264000 60
215.264000 215.744000 64
215.872000 216.256000 65
216.576000 216.928000 67
217.344000 217.472000 65
217.760000 217.792000 69
218.304000 218.432000 70
218.496000 218.624000 71
218.752000 220.320000 70
220.320000 221.184000 68
221.824000 221.952000 79
222.080000 222.208000 79
222.784000 223.648000 70
223.808000 224.672000 71
224.800000 225.920000 67
227.584000 227.904000 69
228.224000 228.448000 76
228.448000 228.992000 75
228.992000 230.112000 71
230.720000 230.880000 79
231.296000 231.616000 78
232.256000 233.056000 71
233.152000 233.504000 70
233.504000 233.984000 70
233.984000 234.688000 68
235.616000 235.904000 55
236.096000 236.224000 55
236.416000 236.448000 55
236.768000 237.088000 55
237.280000 237.536000 57
237.696000 237.728000 58
237.824000 237.888000 62
237.888000 238.048000 64
238.144000 238.208000 72
238.208000 239.648000 76
239.648000 241.056000 71
241.120000 241.440000 67
242.016000 242.208000 70
242.208000 242.464000 68
242.560000 242.784000 67
242.784000 243.712000 71
243.840000 244.064000 65
244.064000 244.320000 67
244.320000 244.800000 65
245.184000 246.080000 71
246.176000 246.880000 68
246.880000 247.168000 64
247.520000 248.448000 71
248.576000 249.312000 67
249.312000 249.568000 64
249.984000 251.648000 71
252.096000 252.448000 72
252.448000 252.736000 71
252.736000 253.280000 70
253.696000 253.792000 67
254.080000 254.176000 69
