21.728000 21.760000 46
21.760000 21.792000 50
21.792000 21.824000 50
21.824000 21.856000 48
23.776000 23.808000 54
23.808000 23.840000 58
23.840000 23.872000 58
23.872000 23.904000 53
23.904000 23.936000 54
23.936000 23.968000 54
23.968000 24.000000 61
24.000000 24.032000 58
24.032000 24.064000 57
24.128000 24.192000 56
24.192000 24.608000 55
24.800000 25.952000 51
26.336000 26.848000 48
27.136000 27.168000 54
27.168000 27.200000 56
27.200000 27.232000 51
27.232000 27.264000 50
27.264000 27.296000 49
27.296000 27.328000 48
27.328000 27.360000 48
27.616000 27.648000 46
27.648000 27.680000 48
27.680000 27.712000 50
27.712000 27.744000 52
27.744000 27.776000 54
27.776000 27.808000 51
27.808000 27.840000 48
27.840000 27.872000 46
27.872000 27.904000 50
27.904000 27.936000 56
27.936000 27.968000 61
28.096000 28.128000 57
28.128000 28.160000 58
28.160000 28.192000 63
28.192000 28.224000 60
29.024000 29.120000 58
29.216000 29.664000 54
29.664000 29.888000 51
29.984000 33.376000 50
34.304000 34.400000 46
34.528000 35.040000 49
35.136000 36.000000 58
36.128000 36.384000 58
36.480000 36.704000 54
36.704000 36.768000 46
36.768000 36.960000 49
36.960000 37.440000 48
37.440000 37.632000 48
37.792000 38.016000 48
38.752000 39.008000 49
39.104000 40.320000 48
40.416000 40.896000 49
41.312000 41.568000 49
41.728000 43.232000 52
43.328000 43.360000 58
43.392000 43.552000 54
44.704000 44.768000 61
44.768000 44.832000 58
45.568000 45.600000 57
45.600000 45.632000 54
45.632000 45.664000 51
45.664000 45.696000 54
45.696000 45.728000 56
45.728000 45.760000 50
45.760000 45.792000 51
45.792000 45.824000 49
45.824000 45.856000 48
45.856000 45.888000 48
45.888000 45.920000 46
45.920000 45.952000 49
45.952000 45.984000 48
45.984000 46.016000 49
46.016000 46.048000 50
46.048000 46.080000 54
46.080000 46.112000 50
46.112000 46.144000 45
46.144000 46.176000 49
46.176000 46.208000 51
46.208000 46.240000 55
46.240000 46.272000 60
46.272000 46.304000 56
46.304000 46.336000 58
46.336000 46.368000 62
46.592000 47.008000 59
47.168000 47.360000 54
47.488000 47.872000 51
47.872000 47.936000 50
47.936000 48.416000 45
48.416000 48.864000 49
48.960000 49.120000 58
49.792000 50.016000 59
50.144000 50.624000 59
50.848000 51.360000 54
51.424000 52.032000 46
52.032000 53.600000 49
54.176000 54.720000 48
54.784000 56.480000 50
56.480000 56.640000 47
56.640000 57.344000 45
57.344000 58.144000 48
58.272000 58.560000 48
58.560000 58.848000 58
59.424000 59.552000 57
59.968000 60.800000 53
61.056000 61.856000 54
61.888000 62.400000 61
62.400000 64.608000 59
76.608000 76.800000 54
76.992000 77.952000 53
78.016000 78.240000 49
78.592000 78.784000 54
78.848000 79.040000 55
79.200000 79.264000 51
79.872000 80.000000 48
80.160000 80.320000 51
81.184000 81.344000 48
81.536000 81.632000 46
81.920000 85.952000 48
86.592000 88.288000 49
88.448000 88.704000 52
88.832000 88.992000 54
88.992000 89.248000 52
89.408000 89.600000 48
89.600000 90.208000 48
90.656000 91.200000 46
91.392000 92.544000 51
92.736000 93.152000 52
93.600000 93.792000 54
93.888000 95.552000 54
95.584000 95.616000 56
95.680000 95.744000 61
96.736000 96.768000 56
96.768000 96.800000 58
96.800000 96.832000 63
96.832000 96.864000 61
96.864000 96.896000 59
96.896000 96.928000 54
96.928000 96.960000 51
97.184000 97.216000 45
97.216000 97.248000 49
97.248000 97.280000 48
97.536000 97.568000 57
97.568000 97.600000 59
97.600000 97.632000 54
97.632000 97.664000 54
97.664000 97.696000 58
97.696000 97.728000 61
97.952000 97.984000 61
97.984000 98.016000 61
