13.760000 13.824000 65
13.824000 14.944000 70
14.944000 15.904000 67
17.696000 17.920000 61
18.016000 18.208000 65
18.304000 18.464000 66
18.560000 18.720000 65
18.720000 19.904000 65
21.888000 22.176000 64
22.272000 22.720000 64
22.848000 23.840000 60
25.664000 26.144000 60
26.144000 27.232000 62
27.328000 27.840000 62
29.792000 29.856000 67
29.856000 30.944000 70
30.944000 31.232000 67
31.328000 31.968000 67
33.824000 34.208000 66
34.304000 34.496000 66
34.592000 34.720000 65
34.720000 36.064000 65
37.856000 37.984000 64
38.080000 38.432000 62
38.560000 38.752000 62
38.752000 38.944000 61
39.104000 39.936000 60
41.856000 42.112000 58
42.112000 42.752000 62
42.912000 43.968000 55
45.856000 45.952000 65
46.080000 46.272000 65
46.272000 46.752000 70
46.848000 47.008000 67
47.008000 47.200000 65
47.328000 47.584000 65
47.808000 48.000000 65
48.000000 48.320000 63
48.320000 48.544000 67
48.832000 49.440000 67
49.856000 50.048000 67
50.048000 50.368000 67
50.368000 51.008000 70
51.008000 51.552000 68
51.872000 52.064000 64
52.064000 52.480000 65
52.800000 52.960000 67
53.088000 53.536000 67
53.856000 53.984000 67
54.080000 54.336000 65
54.336000 55.264000 70
55.264000 55.552000 66
55.808000 56.064000 70
56.320000 56.576000 62
56.576000 57.088000 65
57.344000 57.408000 61
57.408000 57.504000 62
57.504000 57.824000 63
57.824000 58.272000 67
58.368000 58.880000 59
58.880000 59.488000 62
59.584000 60.608000 58
61.824000 61.952000 65
62.048000 62.304000 65
62.304000 62.752000 70
62.848000 63.200000 67
63.296000 63.648000 65
63.776000 64.000000 65
64.000000 64.288000 62
64.288000 64.544000 67
64.832000 65.536000 67
65.856000 66.048000 67
66.048000 66.336000 66
66.336000 67.264000 70
67.264000 67.584000 66
67.840000 67.968000 65
67.968000 68.320000 65
68.320000 68.544000 67
69.120000 69.536000 67
69.824000 69.984000 67
70.080000 70.304000 66
70.304000 71.040000 70
71.040000 71.552000 68
71.872000 72.096000 70
72.384000 72.608000 62
72.608000 73.056000 65
73.344000 73.760000 63
73.856000 74.304000 67
74.304000 74.400000 61
74.400000 74.880000 59
74.880000 75.488000 62
75.584000 76.928000 58
85.824000 85.888000 65
85.888000 87.104000 70
87.104000 87.968000 67
89.856000 90.080000 62
90.080000 90.816000 67
90.816000 91.936000 65
93.856000 94.784000 65
94.784000 95.296000 61
95.424000 96.192000 60
97.888000 98.176000 58
98.176000 99.552000 62
99.744000 100.064000 60
100.064000 100.512000 62
101.664000 102.560000 70
102.656000 103.968000 69
105.920000 106.336000 67
106.432000 106.592000 67
106.592000 106.848000 66
106.848000 108.096000 65
109.888000 110.016000 63
110.112000 110.272000 62
110.368000 110.752000 65
110.752000 112.064000 62
113.664000 114.048000 58
114.144000 114.592000 62
114.592000 114.816000 59
114.816000 115.040000 57
115.136000 115.296000 53
115.424000 115.904000 55
117.920000 118.016000 65
118.144000 118.336000 65
118.336000 118.816000 70
118.912000 119.104000 67
119.104000 119.264000 65
119.392000 119.584000 65
119.872000 120.064000 65
120.064000 120.448000 65
120.448000 120.608000 67
120.896000 121.472000 67
121.920000 122.432000 67
122.432000 123.360000 70
123.360000 123.616000 66
123.872000 124.032000 65
124.032000 124.448000 64
124.448000 124.608000 67
124.864000 125.632000 67
125.888000 126.016000 67
126.112000 126.304000 66
126.400000 127.104000 70
127.104000 127.616000 68
127.936000 128.128000 70
128.384000 128.672000 62
128.672000 129.120000 65
129.344000 129.440000 62
129.568000 129.824000 63
129.920000 130.336000 67
130.432000 131.104000 62
131.104000 131.520000 62
131.648000 132.544000 58
133.888000 134.016000 65
134.112000 134.368000 65
134.368000 134.816000 70
134.912000 135.264000 67
135.392000 135.648000 65
135.840000 136.064000 65
136.064000 136.416000 64
136.416000 136.608000 67
136.896000 137.632000 67
137.920000 138.112000 67
138.112000 138.400000 66
138.400000 139.360000 70
139.360000 139.616000 66
139.904000 140.032000 65
140.032000 140.384000 65
140.384000 140.608000 67
141.184000 141.568000 67
141.888000 142.048000 67
142.144000 142.368000 67
142.368000 143.104000 70
143.104000 143.616000 68
143.968000 144.288000 58
144.448000 144.512000 60
144.512000 144.640000 62
144.640000 145.120000 65
145.376000 145.824000 63
145.920000 146.112000 65
146.208000 146.304000 67
146.304000 146.400000 65
146.400000 148.992000 62
161.792000 161.888000 60
179.744000 179.904000 67
180.224000 180.352000 69
180.448000 181.120000 70
181.216000 181.568000 67
181.728000 181.952000 65
182.176000 182.400000 65
182.400000 182.656000 62
182.720000 182.944000 67
183.200000 183.776000 68
184.256000 184.448000 67
184.448000 184.864000 68
184.960000 185.152000 70
185.152000 185.376000 69
185.376000 185.984000 68
186.208000 186.368000 65
186.368000 186.752000 64
186.752000 186.880000 66
186.976000 187.392000 67
187.488000 187.712000 67
188.064000 188.128000 67
188.128000 188.736000 67
188.736000 190.144000 70
190.208000 190.432000 70
190.496000 190.528000 65
190.688000 191.936000 66
191.936000 192.224000 63
192.224000 192.384000 65
192.480000 192.608000 67
192.608000 192.640000 63
192.640000 193.312000 60
193.312000 193.664000 62
193.792000 195.168000 58
196.224000 196.352000 69
196.448000 196.928000 70
196.928000 197.600000 69
197.728000 197.920000 65
198.176000 198.400000 65
198.400000 198.688000 63
198.688000 198.976000 67
199.232000 199.392000 67
199.392000 199.808000 69
200.224000 200.448000 67
200.448000 200.768000 67
200.768000 201.728000 70
201.728000 202.816000 67
202.816000 202.976000 69
203.264000 203.904000 67
204.256000 204.416000 67
204.416000 204.704000 66
204.704000 205.472000 70
205.472000 205.952000 67
206.272000 206.432000 70
206.720000 207.008000 63
207.008000 207.488000 65
207.744000 207.904000 61
207.904000 208.160000 63
208.256000 208.672000 67
208.672000 208.768000 61
208.768000 209.248000 58
209.248000 209.856000 62
209.952000 211.360000 58
212.512000 213.408000 62
213.728000 214.080000 65
214.208000 214.432000 70
214.720000 214.976000 62
214.976000 215.488000 65
215.744000 216.160000 63
216.256000 216.704000 67
216.704000 217.248000 59
217.248000 217.856000 62
217.984000 219.424000 61
219.520000 220.608000 72
221.696000 221.984000 65
222.240000 222.496000 70
222.720000 223.040000 62
223.040000 223.520000 65
223.712000 224.160000 63
224.256000 224.704000 67
224.704000 225.248000 59
225.248000 227.008000 62
227.872000 228.128000 63
228.224000 228.672000 67
228.832000 229.280000 58
229.280000 231.232000 62
231.840000 231.936000 60
232.128000 232.704000 58
233.088000 233.504000 65
233.568000 233.760000 64
234.400000 234.784000 58
234.848000 235.040000 58
240.128000 240.992000 53
