13.888000 13.984000 53
16.384000 16.640000 55
16.640000 16.960000 60
17.056000 17.440000 60
17.440000 17.664000 64
17.824000 18.080000 60
18.336000 18.496000 59
18.784000 19.424000 60
19.424000 20.032000 59
20.288000 20.416000 55
20.416000 20.896000 60
20.992000 21.312000 60
21.376000 21.568000 64
21.696000 21.952000 60
22.240000 22.592000 61
22.688000 23.872000 64
24.096000 24.544000 58
24.640000 24.768000 59
24.864000 25.216000 60
25.216000 25.408000 63
25.568000 25.824000 59
26.080000 26.208000 57
26.336000 26.528000 57
26.528000 27.104000 60
27.232000 27.680000 60
28.000000 28.160000 54
28.288000 28.352000 58
28.352000 29.216000 60
29.216000 29.632000 66
29.632000 30.080000 64
30.208000 31.424000 60
32.128000 32.192000 58
32.192000 33.504000 63
33.792000 33.984000 59
34.080000 34.272000 58
34.272000 34.432000 60
34.528000 34.976000 60
34.976000 35.520000 56
36.000000 36.064000 56
36.064000 36.352000 59
36.448000 36.800000 61
36.800000 37.440000 63
37.696000 38.336000 62
38.496000 39.328000 63
39.648000 39.840000 55
39.840000 40.992000 62
41.056000 41.312000 60
41.536000 41.728000 60
41.824000 42.048000 58
42.048000 42.144000 60
42.272000 42.656000 60
42.784000 43.168000 60
43.744000 44.608000 60
44.704000 45.088000 66
45.248000 45.984000 62
46.176000 46.304000 60
46.400000 46.496000 57
46.848000 46.976000 68
47.040000 47.328000 72
47.328000 47.392000 70
47.392000 47.456000 68
47.456000 47.520000 67
47.520000 51.168000 66
51.456000 52.512000 62
52.704000 52.960000 61
52.960000 53.152000 62
53.312000 53.472000 62
53.568000 54.080000 62
54.208000 54.944000 63
55.360000 55.488000 62
55.616000 56.448000 63
56.448000 56.896000 62
57.024000 57.664000 63
57.792000 57.920000 60
58.144000 58.432000 62
58.432000 58.848000 61
59.200000 59.424000 62
59.552000 60.032000 62
60.256000 60.672000 62
60.768000 62.272000 63
78.112000 78.336000 62
78.624000 79.712000 64
79.840000 80.352000 63
80.512000 80.608000 62
80.736000 80.832000 63
80.960000 81.120000 62
81.920000 82.016000 65
82.112000 82.400000 62
82.592000 83.264000 64
83.392000 83.552000 62
83.616000 83.680000 64
83.712000 84.032000 63
84.224000 84.288000 60
84.704000 85.376000 60
86.048000 86.400000 57
86.400000 87.360000 63
87.488000 88.544000 60
88.704000 89.088000 60
89.216000 89.728000 56
89.952000 90.144000 55
90.144000 90.528000 59
90.688000 90.976000 60
90.976000 91.232000 63
91.360000 91.616000 59
91.872000 93.504000 63
93.696000 94.176000 57
94.272000 94.400000 60
94.528000 94.848000 60
94.848000 95.072000 63
95.264000 95.520000 60
95.744000 95.904000 60
96.256000 96.832000 62
96.928000 97.440000 60
97.664000 98.112000 69
98.112000 98.336000 60
98.432000 98.720000 62
98.720000 99.360000 68
99.360000 99.776000 62
99.872000 100.768000 60
101.088000 101.152000 63
101.152000 101.248000 63
101.248000 101.408000 61
101.728000 101.856000 56
101.856000 102.592000 60
102.592000 103.264000 63
103.424000 103.616000 60
103.776000 104.608000 60
104.704000 105.120000 56
105.440000 105.536000 56
105.664000 105.792000 57
105.920000 106.432000 59
106.432000 107.072000 63
107.328000 107.488000 59
107.616000 108.096000 62
108.128000 108.320000 60
108.320000 108.512000 63
108.608000 109.024000 62
109.280000 109.472000 55
109.536000 109.600000 57
109.600000 110.496000 62
110.496000 110.656000 63
110.752000 110.944000 60
111.200000 111.360000 58
111.456000 111.680000 58
111.680000 112.896000 62
113.184000 113.440000 56
113.440000 114.400000 60
114.432000 114.496000 65
114.496000 114.816000 69
114.912000 115.104000 64
115.104000 116.096000 63
116.736000 116.960000 72
116.960000 117.024000 71
117.024000 117.216000 70
117.216000 120.832000 62
121.120000 123.840000 62
123.872000 124.640000 63
125.024000 127.616000 63
127.840000 128.512000 62
128.896000 129.856000 62
129.888000 130.336000 62
130.432000 131.936000 62
132.416000 132.864000 72
144.384000 144.736000 72
147.552000 147.616000 69
147.680000 148.000000 72
148.192000 150.080000 63
150.176000 151.328000 62
151.328000 151.808000 61
152.064000 153.248000 63
153.344000 153.664000 61
153.824000 154.816000 63
154.848000 155.712000 63
155.968000 158.592000 63
158.720000 159.072000 62
159.072000 159.424000 61
159.616000 159.872000 60
159.872000 160.768000 62
160.928000 161.312000 62
161.440000 162.176000 62
162.336000 162.880000 61
162.976000 163.072000 68
163.200000 163.424000 72
163.424000 163.456000 71
163.456000 163.712000 70
