16.928000 17.856000 56
17.952000 18.144000 56
18.240000 19.008000 54
20.096000 20.160000 53
20.160000 20.224000 54
20.224000 20.448000 57
20.448000 21.664000 61
21.760000 22.944000 61
23.040000 23.680000 56
24.672000 25.536000 61
25.632000 25.856000 61
25.856000 26.176000 60
26.176000 26.720000 58
26.848000 27.552000 60
27.552000 27.840000 57
27.840000 29.408000 55
29.536000 30.688000 52
30.848000 31.104000 50
32.416000 33.920000 56
33.920000 34.496000 52
34.816000 34.880000 50
35.616000 35.680000 54
35.680000 35.968000 56
35.968000 36.160000 59
36.256000 38.432000 61
38.528000 39.136000 56
39.360000 39.552000 56
40.128000 40.192000 58
40.192000 41.568000 61
41.568000 43.328000 60
43.328000 44.000000 55
44.096000 46.688000 52
46.784000 46.880000 50
47.904000 48.032000 62
48.032000 48.864000 64
48.864000 50.080000 64
50.080000 51.360000 62
51.744000 54.016000 61
54.016000 55.200000 56
55.616000 56.608000 55
56.640000 57.696000 54
57.696000 57.952000 56
57.952000 58.368000 57
58.368000 59.040000 61
59.072000 59.520000 56
59.520000 60.992000 66
61.088000 65.312000 65
66.304000 66.528000 56
66.624000 66.848000 62
66.848000 68.064000 64
68.192000 68.576000 64
68.576000 69.024000 63
69.184000 70.016000 63
70.144000 70.496000 63
70.496000 71.232000 62
71.328000 71.712000 61
71.712000 72.096000 61
72.096000 72.640000 58
72.736000 73.248000 59
73.376000 74.048000 61
74.272000 74.624000 62
74.624000 75.872000 64
75.968000 76.352000 64
76.352000 76.800000 63
76.896000 78.112000 63
78.208000 78.304000 62
78.304000 79.712000 61
79.808000 79.936000 58
79.936000 80.320000 61
80.448000 80.512000 62
80.512000 80.704000 64
80.768000 81.344000 61
81.504000 81.792000 61
81.824000 81.984000 60
82.656000 82.784000 65
82.784000 83.968000 66
83.968000 84.544000 65
84.640000 86.016000 64
86.528000 88.096000 68
88.224000 90.656000 64
91.072000 91.328000 64
91.488000 91.840000 64
91.840000 93.632000 64
93.632000 94.656000 62
94.976000 95.616000 61
95.712000 95.936000 56
96.160000 100.096000 62
113.536000 113.568000 55
113.632000 114.240000 56
114.336000 115.040000 56
115.040000 115.776000 54
116.896000 116.960000 54
116.960000 117.248000 57
117.248000 117.440000 59
117.536000 118.368000 61
118.848000 119.136000 62
119.264000 119.360000 59
119.808000 120.416000 56
120.544000 120.672000 56
121.440000 123.008000 61
123.008000 123.616000 58
123.616000 124.352000 60
124.352000 125.248000 56
125.344000 126.176000 52
126.272000 127.488000 52
127.552000 127.808000 50
129.120000 129.248000 63
129.248000 130.816000 66
130.816000 132.224000 63
133.024000 134.176000 61
134.336000 135.168000 61
135.296000 135.904000 56
136.896000 137.888000 54
137.952000 137.984000 53
138.208000 138.496000 53
138.496000 139.040000 55
139.040000 139.648000 56
139.808000 140.128000 61
140.128000 140.352000 59
140.448000 140.768000 56
140.768000 147.072000 66
147.200000 147.296000 62
147.520000 147.872000 56
147.968000 148.416000 63
148.448000 148.704000 63
148.800000 149.056000 64
149.536000 150.240000 64
150.464000 150.560000 62
150.816000 151.072000 63
151.328000 151.488000 60
151.488000 151.808000 63
151.936000 152.064000 61
152.256000 152.352000 65
152.576000 152.992000 62
153.152000 153.184000 60
153.248000 153.312000 61
153.600000 153.856000 56
153.952000 153.984000 57
154.272000 155.040000 62
155.136000 155.264000 62
155.360000 158.048000 65
158.176000 159.360000 63
159.456000 159.552000 62
159.552000 159.840000 61
159.840000 160.096000 59
160.288000 160.960000 61
161.056000 161.120000 58
161.120000 161.568000 61
161.760000 161.920000 64
162.048000 163.008000 74
163.968000 164.096000 65
164.096000 165.248000 67
165.248000 167.296000 65
167.840000 169.376000 68
169.536000 169.984000 64
169.984000 171.168000 63
171.360000 171.584000 62
171.616000 171.648000 62
171.744000 171.936000 64
172.096000 172.544000 64
172.864000 172.960000 64
173.056000 173.856000 63
173.920000 173.952000 62
174.048000 174.432000 63
174.464000 175.264000 63
175.744000 175.968000 61
176.288000 177.056000 61
177.408000 177.504000 65
177.600000 177.792000 65
177.824000 177.888000 59
178.080000 178.720000 61
178.784000 181.632000 62
181.632000 184.160000 61
184.224000 184.736000 56
187.456000 187.680000 59
196.224000 196.544000 61
196.544000 196.832000 63
197.248000 197.408000 61
197.632000 197.760000 61
198.784000 198.880000 62
199.712000 199.808000 62
199.808000 199.872000 63
199.872000 200.832000 66
200.832000 201.792000 61
201.824000 202.304000 56
202.752000 203.136000 52
203.328000 203.488000 52
203.584000 204.032000 52
204.320000 204.480000 52
204.512000 204.544000 52
207.520000 207.840000 60
207.840000 208.384000 64
208.480000 209.280000 65
209.472000 210.240000 65
210.432000 211.264000 64
211.392000 211.744000 64
211.744000 212.416000 63
212.544000 213.344000 62
213.344000 213.792000 61
213.952000 214.496000 60
214.624000 215.168000 62
215.296000 215.616000 68
215.680000 215.712000 67
215.776000 215.808000 66
215.904000 216.128000 64
216.224000 219.872000 65
219.936000 221.024000 62
221.120000 221.440000 62
221.664000 221.920000 67
222.080000 222.304000 65
222.400000 223.264000 62
223.968000 224.032000 62
224.032000 225.536000 67
225.536000 227.136000 65
227.840000 227.904000 64
227.904000 229.728000 69
229.728000 230.048000 64
230.144000 230.272000 66
230.272000 231.264000 65
231.424000 231.648000 64
231.840000 232.768000 66
232.896000 233.376000 65
233.600000 234.528000 64
234.560000 234.944000 64
234.944000 235.296000 62
235.424000 237.120000 62
237.312000 237.600000 68
237.600000 237.760000 66
237.856000 238.400000 74
238.784000 239.072000 62
239.072000 239.744000 65
239.776000 242.816000 65
243.040000 243.264000 61
243.424000 243.744000 62
243.744000 243.840000 65
243.968000 244.992000 65
244.992000 246.592000 69
246.688000 250.400000 63
250.400000 253.600000 68
253.600000 255.392000 73
255.392000 258.752000 74
266.976000 270.464000 69
