5.568000 6.336000 75
7.136000 7.232000 71
7.360000 7.808000 71
7.904000 8.000000 71
8.160000 9.056000 73
12.576000 12.800000 71
13.152000 14.080000 73
14.208000 14.336000 73
18.592000 19.040000 61
19.200000 19.840000 59
19.936000 20.384000 59
20.832000 21.120000 64
21.344000 22.400000 64
34.944000 35.328000 63
35.328000 36.896000 68
37.088000 37.824000 63
37.984000 39.552000 66
41.088000 41.408000 61
41.536000 41.856000 61
41.856000 42.592000 63
42.592000 43.168000 60
43.456000 44.064000 55
44.224000 44.576000 55
44.672000 44.800000 55
47.232000 47.616000 63
47.712000 48.768000 68
48.864000 49.312000 67
49.312000 50.528000 69
50.528000 52.032000 71
53.408000 53.728000 61
53.728000 53.824000 60
53.824000 54.528000 59
54.624000 54.976000 63
55.488000 55.680000 57
56.128000 56.448000 59
56.576000 57.536000 59
59.488000 59.936000 63
60.032000 60.256000 66
60.352000 61.600000 68
61.600000 62.656000 64
62.656000 63.936000 66
65.696000 66.144000 62
66.144000 66.560000 60
66.752000 67.040000 63
67.040000 68.224000 62
68.576000 69.216000 56
69.376000 70.720000 55
71.744000 72.288000 63
72.288000 74.016000 68
74.016000 77.376000 71
77.824000 77.920000 62
78.048000 78.400000 61
78.400000 78.816000 60
78.912000 79.232000 56
79.328000 79.616000 62
79.872000 80.384000 56
80.768000 82.496000 59
83.808000 84.096000 60
84.224000 85.696000 71
85.696000 86.464000 69
86.464000 86.848000 65
86.944000 87.616000 63
87.616000 88.736000 67
89.568000 90.048000 65
90.048000 91.872000 68
92.000000 92.160000 59
92.256000 92.928000 59
93.184000 94.848000 66
95.712000 96.928000 62
97.088000 97.472000 59
97.568000 98.432000 58
98.432000 98.656000 60
98.784000 99.360000 68
99.360000 99.968000 63
100.160000 101.056000 66
101.824000 102.240000 63
102.240000 103.520000 68
103.520000 105.984000 71
105.984000 107.456000 67
108.352000 108.992000 66
108.992000 110.432000 71
110.464000 110.976000 68
110.976000 111.072000 67
111.072000 113.312000 67
114.144000 114.560000 63
114.560000 116.224000 68
116.384000 116.800000 71
116.896000 117.824000 62
117.920000 118.176000 63
118.176000 118.688000 66
118.912000 119.584000 63
120.320000 120.928000 62
120.928000 122.208000 60
122.304000 122.624000 56
122.624000 123.040000 60
123.168000 123.776000 68
123.872000 124.768000 63
124.768000 125.664000 67
126.464000 127.168000 63
127.296000 127.712000 61
127.840000 128.064000 61
128.416000 128.736000 62
128.832000 129.280000 61
129.280000 130.112000 61
130.112000 131.456000 58
131.456000 133.152000 59
134.080000 134.688000 58
134.976000 136.544000 62
136.896000 138.560000 60
138.720000 138.784000 62
138.816000 139.168000 64
140.032000 140.352000 67
140.448000 140.672000 69
140.832000 141.088000 60
141.152000 141.440000 62
141.984000 142.240000 60
142.400000 142.560000 57
142.752000 144.352000 55
146.144000 146.848000 55
147.264000 148.192000 67
148.480000 148.704000 62
148.832000 149.952000 60
150.432000 151.072000 60
151.360000 152.960000 60
154.016000 154.560000 65
156.832000 157.344000 67
157.344000 159.104000 71
159.584000 159.936000 63
160.064000 161.504000 68
161.504000 164.128000 66
165.696000 166.432000 62
166.624000 166.944000 63
166.944000 168.224000 62
168.512000 170.016000 56
171.712000 172.288000 63
172.288000 173.888000 68
173.888000 175.168000 69
175.168000 177.408000 71
178.016000 178.816000 62
178.912000 179.168000 56
179.296000 179.616000 63
179.904000 180.608000 57
180.736000 182.528000 60
183.776000 184.128000 59
184.288000 185.728000 71
185.728000 186.528000 68
186.528000 188.768000 67
189.536000 189.888000 63
189.888000 190.272000 66
190.336000 191.872000 68
192.000000 192.160000 59
192.320000 192.992000 59
193.120000 193.184000 62
193.184000 193.760000 66
193.760000 194.944000 66
195.648000 195.744000 64
195.744000 196.160000 62
196.160000 196.896000 61
197.088000 197.504000 59
197.728000 198.304000 56
198.304000 198.624000 60
198.784000 199.392000 70
199.392000 200.000000 63
200.192000 201.216000 66
201.856000 202.336000 63
202.336000 203.360000 68
203.360000 203.872000 69
203.872000 204.928000 71
204.928000 207.648000 69
208.416000 209.088000 67
209.088000 211.168000 71
211.168000 211.552000 65
211.552000 213.504000 67
214.016000 215.200000 67
215.200000 216.224000 68
216.384000 216.864000 71
216.864000 216.960000 65
216.960000 217.600000 63
217.664000 217.824000 59
217.920000 218.112000 63
218.112000 218.624000 66
218.720000 219.648000 64
220.288000 220.960000 62
220.960000 222.240000 60
222.368000 222.592000 57
222.592000 223.040000 59
223.168000 223.872000 68
223.968000 225.088000 63
225.088000 226.016000 67
226.464000 227.296000 64
227.296000 227.744000 61
227.872000 228.096000 62
228.416000 229.248000 62
229.248000 229.984000 61
229.984000 230.688000 58
230.784000 233.280000 59
233.568000 233.664000 59
236.448000 236.928000 63
236.928000 237.664000 66
237.760000 238.048000 68
238.240000 240.192000 65
240.192000 241.568000 66
242.624000 243.392000 61
243.488000 244.416000 63
244.416000 244.992000 59
245.408000 246.016000 56
246.112000 247.008000 54
248.768000 249.152000 63
249.248000 250.944000 68
250.944000 253.792000 71
254.304000 254.496000 57
254.592000 254.880000 59
254.976000 255.616000 63
255.616000 256.512000 62
256.864000 257.216000 59
257.216000 257.952000 58
258.048000 259.616000 60
261.120000 261.504000 63
261.600000 263.328000 68
263.328000 266.112000 71
266.784000 266.944000 57
267.008000 267.200000 57
267.296000 267.616000 59
267.744000 268.480000 63
268.480000 270.656000 62
272.256000 272.896000 59
273.088000 273.824000 57
274.016000 275.840000 59
302.976000 303.360000 61
308.192000 308.512000 61
308.736000 309.856000 59
