23.904000 24.000000 61
36.864000 37.120000 62
37.216000 37.408000 64
37.408000 38.240000 63
39.392000 39.616000 63
39.808000 40.064000 64
40.064000 40.832000 63
41.760000 42.048000 63
42.144000 42.304000 63
42.304000 42.656000 61
42.976000 43.264000 60
43.392000 43.744000 60
44.416000 44.512000 61
44.608000 44.896000 62
45.024000 45.312000 55
45.408000 45.696000 62
45.856000 46.176000 62
46.304000 46.432000 64
46.592000 46.976000 64
47.072000 47.360000 64
47.552000 47.680000 60
47.840000 48.064000 60
48.960000 49.088000 64
49.184000 49.280000 62
49.408000 49.600000 64
49.696000 49.824000 62
49.920000 50.400000 60
51.488000 51.584000 63
51.584000 51.776000 60
51.872000 52.160000 63
52.320000 52.736000 65
52.736000 53.056000 67
53.056000 53.888000 63
54.304000 55.040000 64
55.136000 55.424000 60
56.736000 57.024000 67
57.120000 57.728000 69
57.952000 58.272000 69
58.368000 58.976000 71
59.168000 59.392000 71
59.552000 60.672000 72
60.768000 61.440000 71
61.536000 62.112000 67
62.784000 63.328000 65
64.000000 64.672000 64
64.832000 65.152000 62
65.248000 66.304000 63
66.496000 66.752000 67
66.848000 67.136000 69
67.264000 67.488000 69
67.680000 68.160000 69
68.160000 68.672000 71
68.832000 69.440000 76
69.440000 69.536000 73
69.664000 70.048000 72
70.048000 70.688000 71
70.880000 71.104000 64
71.264000 71.840000 65
76.256000 76.576000 64
76.672000 77.120000 64
77.440000 78.336000 64
78.432000 78.624000 60
78.624000 78.944000 64
79.104000 79.552000 64
79.552000 79.712000 61
79.808000 80.576000 64
81.024000 81.888000 63
82.272000 82.560000 62
82.720000 83.104000 62
83.456000 84.320000 62
84.704000 85.216000 64
85.216000 86.048000 62
86.048000 86.240000 64
86.368000 86.528000 63
86.528000 87.648000 69
87.744000 87.904000 65
87.904000 88.128000 67
88.128000 88.480000 70
88.480000 88.832000 71
88.992000 89.504000 67
89.600000 89.824000 64
89.824000 89.920000 62
89.920000 90.112000 60
90.112000 90.592000 60
90.656000 91.904000 63
92.032000 92.960000 62
93.184000 93.632000 62
93.632000 93.888000 65
94.464000 94.976000 64
96.448000 96.768000 62
96.896000 97.248000 64
97.408000 97.568000 60
97.728000 97.920000 60
98.912000 99.072000 64
99.072000 99.712000 64
99.904000 100.032000 60
100.192000 100.384000 60
101.536000 101.984000 63
101.984000 102.048000 60
102.144000 102.688000 59
102.688000 103.200000 60
104.160000 104.288000 62
104.288000 104.416000 61
104.576000 104.864000 55
104.960000 105.248000 62
105.376000 105.696000 62
105.792000 105.888000 63
106.048000 106.144000 66
106.176000 106.560000 64
106.656000 107.040000 64
107.136000 107.616000 60
108.576000 108.640000 63
108.640000 108.928000 64
109.120000 109.408000 64
109.504000 109.696000 60
109.888000 110.080000 60
111.072000 111.872000 63
111.872000 112.512000 67
112.704000 113.056000 63
113.152000 113.312000 61
113.888000 114.720000 63
114.816000 115.168000 60
115.552000 115.648000 56
116.352000 116.640000 67
116.736000 117.312000 69
117.536000 117.952000 69
117.952000 118.560000 71
118.752000 118.976000 71
119.136000 120.256000 72
120.352000 120.640000 71
120.736000 120.992000 69
121.120000 121.632000 67
122.400000 122.912000 65
123.552000 124.128000 64
124.384000 124.576000 62
124.576000 124.736000 60
124.832000 125.824000 63
126.080000 126.368000 67
126.464000 126.720000 69
126.880000 127.104000 69
127.264000 127.744000 69
127.744000 128.256000 71
128.416000 129.024000 76
129.024000 129.120000 73
129.280000 129.664000 72
129.664000 130.272000 70
130.464000 130.720000 64
130.880000 131.584000 65
131.872000 132.064000 57
135.840000 136.736000 64
136.832000 136.928000 60
137.024000 137.920000 64
138.048000 138.208000 61
138.208000 138.528000 64
138.688000 139.200000 64
139.392000 140.160000 64
140.384000 140.448000 59
140.640000 141.504000 63
141.664000 141.760000 60
141.856000 142.176000 62
142.304000 142.688000 62
142.848000 142.912000 59
143.104000 143.968000 62
144.320000 144.800000 64
144.800000 145.824000 62
145.984000 146.144000 63
146.144000 147.264000 69
147.360000 147.488000 64
147.488000 147.872000 69
147.968000 148.480000 71
148.576000 148.960000 67
148.960000 149.472000 66
149.472000 150.272000 61
150.368000 151.488000 63
151.616000 152.576000 62
152.832000 152.928000 60
152.928000 153.024000 61
153.024000 153.440000 64
153.984000 154.400000 64
155.264000 155.488000 64
155.680000 156.352000 67
156.480000 156.896000 64
156.896000 157.472000 66
157.472000 160.256000 67
160.256000 162.720000 76
163.680000 164.064000 67
164.064000 164.288000 65
166.176000 166.240000 63
166.240000 166.560000 64
166.560000 166.944000 68
166.944000 167.296000 72
167.392000 168.032000 72
168.224000 168.384000 69
168.608000 169.152000 71
169.152000 169.760000 68
169.760000 170.560000 66
170.656000 170.976000 60
171.072000 171.360000 61
171.360000 171.488000 58
171.840000 172.032000 58
172.032000 172.128000 60
172.256000 172.480000 61
172.480000 172.608000 58
172.608000 172.928000 64
173.056000 173.792000 64
173.888000 174.304000 60
174.304000 174.688000 58
174.688000 175.040000 65
175.136000 175.264000 66
175.264000 175.456000 63
175.456000 175.648000 65
175.648000 175.872000 65
175.872000 176.032000 68
176.032000 176.480000 65
176.480000 176.992000 62
177.120000 177.600000 62
177.600000 178.176000 65
178.368000 179.328000 65
179.360000 179.552000 61
179.552000 179.904000 65
180.064000 180.576000 66
180.768000 181.472000 65
181.984000 182.816000 64
183.200000 183.328000 61
183.648000 184.000000 63
184.416000 185.216000 63
185.440000 185.472000 66
185.664000 186.336000 65
186.432000 186.624000 61
186.624000 186.784000 59
187.296000 187.424000 63
187.424000 187.616000 65
187.616000 189.088000 70
189.088000 189.792000 72
189.920000 190.432000 68
190.528000 190.912000 64
190.912000 191.616000 62
191.712000 193.888000 64
194.112000 194.304000 62
194.304000 195.072000 65
195.424000 195.936000 65
196.448000 196.736000 62
196.960000 197.664000 61
197.792000 197.984000 61
199.040000 199.136000 61
199.456000 199.552000 61
199.872000 200.096000 61
200.288000 201.152000 64
201.248000 201.344000 62
201.440000 202.272000 64
202.464000 202.592000 61
202.688000 204.224000 64
205.056000 205.632000 65
205.632000 205.824000 63
208.576000 209.056000 60
210.816000 212.096000 64
212.384000 212.704000 67
212.832000 213.024000 66
213.024000 213.344000 65
213.344000 213.920000 68
214.944000 215.040000 56
