25.472000 26.144000 67
27.520000 27.616000 62
27.968000 28.128000 55
28.128000 28.192000 57
28.192000 28.608000 59
28.608000 29.920000 64
29.920000 30.752000 60
30.912000 33.024000 57
34.752000 34.880000 58
34.880000 35.328000 63
35.328000 35.840000 67
35.936000 36.192000 68
36.192000 36.608000 70
36.736000 37.152000 64
37.312000 37.408000 57
37.408000 37.536000 59
37.696000 40.608000 64
41.472000 41.536000 58
41.536000 41.568000 60
41.568000 41.728000 63
41.728000 42.016000 65
42.016000 42.432000 67
42.528000 43.040000 69
43.168000 43.584000 67
43.936000 44.224000 64
44.224000 45.280000 64
45.280000 45.792000 61
46.048000 47.392000 59
48.320000 48.608000 56
48.608000 48.928000 58
48.928000 49.088000 64
49.184000 50.368000 64
50.560000 50.752000 59
50.752000 50.912000 58
50.912000 51.264000 57
51.552000 53.344000 55
54.816000 54.912000 56
54.912000 55.328000 59
55.328000 56.320000 64
56.448000 56.672000 62
56.672000 57.216000 59
57.312000 58.080000 57
58.208000 59.968000 55
61.472000 61.536000 60
61.536000 61.824000 62
61.824000 62.112000 64
62.272000 63.296000 69
63.296000 63.872000 66
64.032000 64.384000 59
64.544000 67.392000 64
68.192000 68.256000 62
68.256000 68.576000 64
68.576000 69.152000 67
69.248000 70.400000 69
70.528000 70.816000 64
71.008000 71.392000 62
71.392000 71.648000 64
71.776000 71.904000 62
71.904000 72.160000 60
72.288000 72.544000 57
72.736000 73.984000 59
74.816000 75.456000 57
75.648000 75.936000 66
75.936000 76.032000 60
76.032000 76.704000 63
76.704000 76.800000 67
76.800000 77.248000 65
77.344000 78.336000 59
78.336000 79.648000 55
80.448000 80.608000 68
80.608000 81.184000 69
81.184000 81.920000 72
81.920000 82.432000 70
82.624000 82.848000 69
82.848000 84.160000 75
84.160000 84.224000 61
84.224000 84.320000 65
84.320000 84.384000 65
84.512000 84.960000 69
85.056000 85.248000 67
85.248000 85.856000 65
85.856000 86.816000 72
87.040000 87.296000 64
87.296000 87.840000 68
87.840000 88.576000 69
88.576000 89.184000 68
89.184000 91.328000 71
91.424000 91.808000 71
91.808000 92.160000 69
92.288000 93.056000 64
93.376000 93.568000 62
93.664000 93.760000 61
93.760000 93.856000 60
94.016000 95.808000 59
96.704000 96.928000 62
96.928000 97.248000 60
97.248000 97.472000 62
97.600000 97.824000 62
97.824000 98.240000 64
98.400000 98.688000 66
98.688000 98.912000 62
98.912000 99.136000 64
99.328000 100.960000 67
101.408000 101.568000 62
101.568000 102.112000 69
102.272000 103.904000 74
103.904000 109.920000 71
118.848000 118.976000 62
121.728000 122.048000 62
123.616000 123.872000 70
124.000000 124.096000 69
131.456000 134.112000 67
134.688000 134.848000 56
134.848000 135.296000 60
135.296000 136.576000 64
136.576000 137.408000 60
137.600000 139.680000 57
141.408000 141.536000 58
141.536000 142.272000 65
142.272000 142.496000 67
142.624000 142.848000 67
142.848000 143.264000 70
143.424000 143.616000 64
143.616000 143.840000 63
143.968000 144.064000 56
144.064000 144.192000 59
144.352000 147.232000 64
148.128000 148.224000 59
148.224000 148.320000 62
148.320000 148.640000 64
148.640000 149.088000 67
149.184000 150.240000 69
150.624000 150.976000 64
150.976000 152.224000 65
152.224000 152.512000 58
152.704000 153.984000 59
155.008000 155.264000 55
155.264000 155.584000 58
155.584000 155.776000 64
155.872000 157.024000 65
157.216000 157.440000 59
157.440000 157.600000 58
157.600000 157.920000 57
158.208000 160.032000 55
161.504000 161.568000 55
161.568000 161.984000 59
161.984000 162.976000 64
163.136000 163.296000 62
163.296000 163.616000 60
163.616000 164.768000 57
164.864000 166.656000 55
168.160000 168.640000 62
168.640000 168.800000 64
168.960000 169.664000 69
169.760000 169.984000 67
169.984000 170.560000 65
170.688000 171.040000 59
171.200000 173.952000 64
174.816000 174.880000 59
174.880000 174.912000 61
174.912000 177.056000 69
177.184000 177.472000 64
177.664000 178.048000 62
178.048000 178.304000 64
178.432000 178.560000 62
178.560000 178.848000 61
178.944000 179.168000 57
179.392000 180.640000 59
180.736000 180.864000 56
181.472000 182.144000 57
182.304000 182.592000 65
182.624000 182.720000 60
182.720000 183.808000 66
183.808000 183.904000 59
184.000000 185.056000 59
185.056000 186.304000 55
187.104000 187.296000 67
187.296000 187.488000 69
187.584000 187.648000 66
187.648000 187.840000 69
187.840000 188.032000 71
188.128000 188.608000 72
188.608000 189.120000 69
189.280000 189.984000 71
190.080000 190.176000 74
190.176000 190.848000 71
190.848000 191.040000 63
191.168000 191.616000 69
191.712000 191.904000 67
191.904000 192.512000 65
192.512000 193.472000 70
193.728000 193.952000 65
193.952000 194.496000 67
194.496000 195.232000 69
195.232000 196.192000 69
196.192000 197.152000 71
197.248000 197.984000 69
198.112000 198.464000 71
198.464000 198.816000 69
198.944000 199.712000 64
200.064000 200.224000 62
200.224000 200.544000 61
200.672000 202.528000 59
203.360000 203.584000 62
203.584000 203.904000 60
203.904000 204.160000 62
204.256000 204.512000 62
204.512000 204.928000 64
205.088000 205.216000 65
205.216000 205.792000 64
205.984000 207.616000 68
208.064000 208.256000 61
208.256000 208.800000 69
208.960000 210.368000 74
210.368000 214.496000 70
214.496000 215.776000 73
215.936000 216.000000 68
216.000000 216.192000 69
216.192000 217.440000 73
217.568000 217.728000 66
217.824000 218.592000 69
218.592000 219.104000 64
219.232000 220.000000 69
220.320000 220.448000 59
220.448000 220.608000 65
220.608000 220.800000 67
220.928000 221.152000 68
221.152000 221.952000 71
221.952000 222.432000 67
222.528000 222.912000 68
222.912000 223.840000 71
223.840000 224.640000 69
224.768000 225.088000 71
225.088000 225.472000 70
225.632000 226.496000 64
226.752000 227.136000 62
227.136000 227.264000 60
227.488000 229.600000 59
229.792000 229.920000 59
230.048000 230.304000 62
230.304000 230.528000 59
230.528000 230.816000 62
230.944000 231.200000 62
231.200000 231.520000 65
231.680000 232.480000 65
232.608000 234.272000 69
234.752000 234.912000 62
234.912000 235.456000 69
235.616000 237.440000 75
237.440000 242.976000 70
243.200000 243.360000 67
251.328000 254.592000 69
