22.912000 23.008000 56
83.168000 83.264000 60
93.504000 94.304000 56
94.432000 95.936000 61
96.256000 97.728000 56
97.888000 99.264000 54
99.264000 99.584000 51
100.160000 100.288000 51
100.384000 100.704000 53
101.056000 101.728000 56
101.728000 102.880000 61
103.136000 103.264000 61
103.424000 103.968000 60
104.064000 104.928000 53
105.056000 106.688000 56
108.480000 108.800000 56
108.896000 109.056000 56
109.152000 109.344000 59
109.344000 109.568000 61
109.728000 110.560000 61
111.040000 111.232000 55
111.232000 111.552000 56
111.712000 113.184000 56
113.312000 113.504000 53
113.504000 113.696000 52
113.824000 114.496000 51
114.880000 115.008000 51
115.200000 115.488000 53
115.584000 116.480000 54
116.576000 117.600000 61
117.920000 118.112000 61
118.208000 118.720000 60
118.912000 119.104000 51
119.328000 121.632000 56
122.752000 123.840000 54
123.936000 124.672000 56
124.832000 126.144000 58
126.272000 126.560000 56
126.880000 127.104000 65
127.200000 128.096000 66
128.096000 130.080000 66
130.080000 131.104000 55
131.328000 131.552000 56
131.744000 133.312000 58
133.792000 134.784000 56
135.008000 136.544000 61
136.864000 137.024000 56
137.024000 138.400000 64
138.496000 139.008000 63
139.296000 140.288000 64
140.288000 140.896000 62
141.056000 142.560000 63
143.072000 143.264000 55
143.264000 143.456000 56
143.552000 144.128000 58
144.128000 144.800000 63
144.928000 145.760000 65
145.888000 146.432000 65
146.656000 147.680000 65
147.680000 148.864000 62
148.864000 149.248000 63
149.248000 150.176000 61
150.432000 151.936000 63
152.128000 152.640000 61
152.640000 153.568000 61
153.696000 155.008000 61
155.008000 155.232000 61
155.232000 157.312000 65
157.888000 158.112000 56
158.112000 158.592000 58
158.848000 158.912000 60
158.912000 159.200000 61
159.200000 160.480000 65
160.672000 161.184000 65
161.504000 162.112000 65
162.208000 163.648000 63
163.840000 164.000000 63
164.000000 164.672000 65
164.672000 166.176000 63
166.304000 166.592000 61
166.592000 166.976000 63
167.072000 167.456000 65
167.552000 168.160000 63
168.256000 168.480000 56
168.480000 169.216000 61
169.376000 169.536000 58
169.632000 169.952000 61
170.112000 171.808000 64
171.936000 173.120000 63
173.664000 174.144000 61
174.432000 175.808000 61
178.400000 178.912000 56
178.944000 179.200000 57
179.328000 180.832000 62
181.152000 182.656000 56
182.784000 183.904000 54
184.032000 184.608000 51
184.896000 185.216000 51
185.312000 185.600000 53
186.016000 186.592000 55
186.688000 187.776000 62
188.032000 188.864000 61
188.960000 189.376000 51
189.376000 191.040000 56
191.232000 191.392000 59
191.392000 191.680000 57
192.512000 192.672000 59
192.672000 193.056000 57
193.408000 194.080000 57
194.080000 194.432000 61
194.560000 195.520000 62
195.872000 196.480000 56
196.640000 198.080000 56
198.208000 198.400000 53
198.400000 198.592000 52
198.752000 199.264000 51
200.544000 201.056000 54
201.248000 201.472000 56
201.472000 202.240000 61
202.560000 202.720000 65
202.816000 203.040000 66
203.104000 203.808000 64
204.000000 207.104000 65
207.648000 207.872000 53
207.872000 208.288000 54
208.384000 208.864000 54
208.864000 210.592000 58
210.912000 211.072000 58
211.168000 211.488000 56
211.808000 212.000000 65
212.096000 214.400000 66
214.400000 215.008000 64
215.232000 216.096000 54
216.288000 216.608000 57
216.768000 218.112000 58
218.880000 219.776000 56
219.968000 221.472000 63
221.696000 221.952000 59
221.952000 223.296000 64
223.392000 223.936000 63
224.192000 225.184000 64
225.184000 225.728000 62
225.984000 227.680000 68
228.032000 228.192000 67
228.192000 228.416000 68
228.512000 228.960000 70
228.960000 229.760000 64
229.888000 230.624000 65
230.752000 231.328000 65
231.616000 232.576000 65
232.576000 233.440000 61
233.568000 233.696000 61
233.696000 235.136000 67
235.392000 235.968000 63
236.096000 236.832000 61
237.024000 237.472000 61
237.568000 237.824000 58
237.952000 238.496000 61
238.624000 239.744000 61
239.744000 240.032000 61
240.224000 242.272000 68
242.816000 243.008000 56
243.008000 243.616000 58
243.744000 244.544000 63
244.672000 245.120000 64
245.120000 245.344000 62
245.536000 246.112000 64
246.432000 247.360000 64
247.360000 248.096000 62
248.096000 248.608000 65
248.800000 248.960000 68
248.960000 249.216000 70
249.216000 249.888000 65
250.016000 251.232000 65
251.392000 251.872000 63
252.032000 252.224000 65
252.224000 252.416000 63
252.512000 253.120000 63
253.376000 253.440000 56
253.440000 254.176000 61
254.336000 254.720000 59
254.720000 254.944000 61
255.104000 256.768000 65
256.896000 257.248000 61
257.344000 257.568000 62
257.568000 259.136000 63
259.136000 259.840000 68
260.384000 260.800000 61
261.120000 262.080000 63
266.912000 267.136000 65
321.184000 321.312000 56
321.440000 322.048000 56
322.112000 323.616000 61
323.904000 325.472000 56
325.568000 326.528000 54
326.528000 327.328000 51
327.840000 328.384000 53
328.800000 329.376000 54
329.504000 330.560000 61
330.848000 332.256000 63
332.256000 334.272000 59
334.368000 335.712000 58
336.192000 336.768000 56
336.864000 337.248000 61
337.440000 339.360000 63
339.712000 340.896000 66
340.896000 342.016000 63
342.432000 342.528000 56
342.656000 346.368000 64
346.592000 348.640000 68
349.088000 349.280000 65
349.376000 349.504000 66
349.504000 349.728000 65
349.728000 350.400000 64
350.528000 352.416000 58
352.832000 352.992000 65
353.120000 353.504000 66
353.600000 354.176000 63
354.368000 357.536000 61
357.920000 358.752000 53
359.456000 360.320000 53
360.448000 360.960000 53
361.088000 361.184000 53
362.112000 362.208000 54
362.720000 366.944000 54
367.040000 368.576000 54
371.584000 372.320000 69
