7.520000 8.224000 69
9.088000 9.248000 67
28.640000 28.832000 54
28.992000 29.920000 57
29.920000 30.080000 58
30.208000 30.496000 59
31.072000 31.840000 55
32.032000 32.544000 60
32.768000 33.024000 60
33.024000 33.408000 59
34.944000 35.264000 55
35.264000 35.872000 60
36.000000 36.672000 58
38.400000 38.944000 60
39.072000 40.256000 60
40.896000 41.888000 63
41.888000 42.304000 56
42.464000 44.192000 56
48.320000 49.696000 58
49.792000 50.016000 58
50.720000 50.880000 55
50.976000 51.424000 55
51.648000 53.248000 61
54.688000 54.912000 55
54.912000 55.488000 60
55.616000 55.808000 56
55.936000 56.544000 58
57.984000 58.144000 58
58.336000 58.528000 60
58.624000 58.976000 60
59.136000 59.840000 58
60.448000 61.408000 63
61.408000 61.824000 58
62.048000 63.680000 60
63.744000 63.904000 59
64.480000 64.640000 58
64.768000 65.376000 62
65.728000 66.752000 60
67.200000 67.712000 60
67.872000 68.320000 55
68.768000 72.736000 64
72.736000 73.184000 65
73.344000 73.728000 65
73.728000 74.592000 63
74.592000 74.848000 67
74.976000 76.096000 67
76.096000 76.384000 63
76.736000 76.928000 58
76.928000 77.568000 61
77.568000 78.592000 67
78.592000 78.944000 63
78.944000 80.704000 62
81.632000 81.696000 57
81.696000 81.792000 58
81.792000 82.176000 61
82.176000 82.368000 65
82.496000 82.720000 65
82.720000 83.296000 67
83.456000 86.720000 67
87.200000 87.360000 59
87.360000 87.424000 61
87.424000 87.936000 65
88.032000 88.224000 67
88.384000 88.704000 68
88.704000 89.184000 70
89.568000 89.824000 59
89.824000 89.888000 61
89.888000 90.688000 65
90.848000 91.104000 66
91.104000 91.552000 70
92.064000 92.544000 60
92.544000 93.440000 63
93.536000 93.888000 71
93.888000 94.656000 72
94.656000 96.128000 70
96.896000 97.696000 65
97.792000 98.048000 67
98.144000 99.104000 72
99.392000 100.160000 67
100.288000 100.512000 65
100.672000 101.088000 63
101.280000 102.336000 60
102.432000 102.848000 60
103.648000 103.872000 58
103.872000 104.160000 60
104.256000 104.480000 65
104.576000 104.800000 65
104.800000 105.024000 64
105.216000 106.272000 67
106.752000 107.008000 59
107.008000 107.232000 63
107.232000 107.808000 67
107.936000 108.224000 67
108.224000 108.672000 70
109.152000 109.344000 58
109.344000 109.408000 59
109.408000 109.440000 60
109.440000 110.272000 65
110.432000 110.752000 67
110.752000 111.072000 70
111.648000 112.448000 62
112.544000 112.896000 63
113.120000 113.408000 70
113.408000 114.208000 72
114.208000 114.592000 70
114.720000 115.264000 67
115.264000 115.840000 71
116.448000 116.672000 63
116.832000 117.280000 65
117.440000 117.696000 67
117.696000 118.848000 72
118.976000 119.168000 67
119.296000 119.520000 65
119.520000 119.808000 64
120.192000 120.352000 60
120.512000 120.736000 60
120.864000 122.400000 63
123.232000 123.520000 62
123.520000 124.096000 67
124.096000 124.704000 62
124.704000 128.544000 65
151.168000 151.808000 55
151.968000 152.288000 57
152.288000 152.512000 58
152.608000 152.864000 58
153.568000 153.760000 54
153.856000 154.272000 55
154.496000 156.000000 60
157.504000 157.728000 55
157.728000 158.304000 60
158.464000 158.656000 56
158.784000 159.328000 58
160.800000 160.864000 56
160.864000 160.992000 58
161.184000 161.824000 61
161.952000 162.688000 59
163.328000 163.392000 59
163.392000 164.288000 63
164.288000 164.736000 59
164.896000 166.496000 60
167.296000 167.456000 58
167.616000 168.256000 62
168.544000 169.440000 60
170.048000 170.528000 60
170.656000 171.104000 55
171.232000 171.616000 56
171.744000 171.904000 59
172.416000 173.088000 61
173.088000 174.304000 63
174.592000 175.040000 67
175.200000 176.000000 65
176.160000 176.544000 65
176.544000 177.376000 63
177.376000 177.664000 67
177.760000 179.072000 67
179.072000 179.232000 63
179.488000 179.840000 58
179.840000 180.320000 60
180.416000 181.376000 67
181.472000 181.856000 63
181.856000 183.616000 62
184.544000 184.768000 58
184.768000 185.024000 62
185.024000 185.216000 65
185.344000 185.536000 65
185.536000 186.112000 67
186.272000 187.232000 67
187.232000 189.504000 67
189.952000 190.176000 58
190.176000 190.240000 61
190.240000 190.752000 65
190.848000 191.072000 67
191.200000 191.520000 68
191.680000 192.064000 67
192.416000 192.672000 59
192.672000 192.704000 60
192.704000 193.536000 65
193.696000 193.952000 65
193.952000 194.272000 70
194.880000 195.424000 60
195.424000 195.456000 61
195.456000 195.776000 62
195.776000 196.320000 65
196.320000 197.760000 72
197.760000 198.496000 67
198.496000 199.360000 71
199.776000 200.640000 65
200.640000 201.024000 67
201.024000 201.952000 72
202.208000 203.360000 67
203.392000 203.904000 64
204.128000 205.152000 61
205.312000 205.632000 62
206.496000 206.720000 58
206.720000 207.072000 61
207.072000 207.904000 65
208.032000 209.056000 67
209.600000 209.824000 59
209.824000 209.888000 62
209.888000 210.112000 64
210.112000 210.656000 67
210.816000 211.488000 69
211.488000 211.584000 65
212.000000 212.288000 59
212.288000 212.448000 62
212.448000 213.120000 65
213.248000 213.536000 65
213.536000 213.888000 70
213.984000 214.112000 70
214.496000 215.008000 60
215.008000 215.776000 63
216.000000 216.320000 71
216.320000 216.544000 72
216.544000 217.056000 72
217.056000 217.472000 70
217.568000 218.112000 67
218.112000 218.816000 71
219.296000 219.520000 63
219.648000 220.064000 65
220.224000 220.512000 67
220.512000 221.696000 72
221.792000 222.016000 67
222.144000 222.784000 65
223.072000 223.200000 59
223.360000 223.584000 61
223.712000 225.376000 63
226.016000 226.240000 60
226.336000 226.880000 66
226.880000 227.456000 62
227.584000 228.096000 65
228.096000 228.864000 61
228.960000 232.000000 63
234.048000 234.272000 58
234.272000 234.336000 61
234.336000 234.848000 65
234.944000 235.136000 67
235.296000 236.000000 69
236.000000 236.096000 65
236.576000 236.736000 59
236.736000 237.376000 64
237.376000 237.632000 65
237.792000 238.080000 65
238.080000 238.144000 58
238.176000 238.336000 58
238.496000 238.560000 58
239.008000 239.520000 60
239.520000 240.416000 65
240.416000 241.632000 72
241.632000 243.392000 71
243.872000 244.736000 65
244.736000 245.024000 67
245.120000 246.048000 72
246.304000 247.104000 67
247.200000 247.424000 65
247.552000 248.000000 63
248.224000 249.248000 60
249.440000 249.728000 60
250.592000 251.072000 60
251.168000 251.968000 65
252.128000 253.120000 67
253.664000 253.920000 59
253.920000 254.176000 64
254.176000 254.464000 65
254.560000 254.752000 67
254.880000 255.424000 69
255.616000 255.968000 66
256.128000 256.352000 59
256.352000 256.416000 61
256.416000 256.672000 62
256.672000 257.184000 65
257.344000 257.632000 65
257.632000 258.144000 70
258.560000 259.392000 62
259.488000 259.840000 63
260.032000 261.120000 72
261.120000 261.504000 70
261.664000 262.112000 67
262.112000 262.976000 70
263.392000 263.616000 63
263.744000 264.160000 65
264.320000 264.608000 67
264.608000 265.792000 72
265.888000 266.080000 67
266.240000 266.784000 65
267.168000 267.296000 59
267.424000 267.680000 61
267.808000 269.536000 63
270.112000 270.304000 60
270.432000 270.944000 66
270.944000 271.680000 63
271.680000 275.776000 65
