17.248000 18.240000 55
18.784000 19.584000 54
20.352000 21.120000 52
21.600000 22.112000 52
23.392000 24.192000 55
24.928000 25.824000 54
26.496000 26.720000 52
26.848000 27.296000 55
27.296000 27.840000 59
28.000000 28.288000 59
28.384000 28.480000 59
29.536000 30.432000 55
31.072000 31.936000 54
32.704000 33.280000 52
33.888000 34.016000 52
34.144000 34.272000 52
34.496000 34.656000 52
35.680000 36.416000 55
37.216000 37.728000 54
37.856000 38.144000 54
38.784000 39.040000 52
39.168000 40.096000 57
40.256000 40.832000 56
41.472000 41.536000 54
41.536000 42.240000 59
42.656000 42.816000 54
42.912000 43.136000 55
43.136000 43.808000 59
44.544000 44.672000 53
44.672000 44.736000 55
44.736000 45.088000 59
45.280000 45.568000 64
45.696000 46.240000 59
46.304000 46.624000 57
46.624000 46.944000 58
47.456000 47.552000 55
48.672000 50.464000 64
50.624000 52.000000 59
53.760000 53.888000 55
53.984000 54.592000 59
55.328000 55.392000 55
55.392000 55.488000 56
55.488000 55.840000 58
55.840000 56.128000 59
56.800000 57.024000 55
57.024000 57.344000 58
57.344000 60.320000 66
60.960000 62.464000 64
62.560000 63.552000 64
63.552000 65.728000 64
66.016000 68.448000 67
68.608000 68.704000 65
68.704000 71.392000 64
72.160000 73.920000 67
74.112000 74.752000 66
74.752000 75.232000 62
75.680000 76.160000 65
76.160000 76.608000 67
76.704000 77.920000 64
78.336000 78.528000 65
78.528000 79.616000 67
79.744000 80.224000 67
80.224000 80.512000 66
80.576000 80.768000 66
80.896000 81.024000 65
81.024000 81.184000 64
81.184000 83.200000 65
83.296000 83.520000 62
83.520000 83.968000 61
84.480000 86.304000 69
86.400000 87.040000 67
87.040000 88.192000 64
88.192000 88.896000 67
89.024000 91.456000 64
91.776000 91.904000 64
91.904000 92.128000 67
92.224000 95.168000 66
124.928000 125.408000 55
125.536000 125.984000 55
126.464000 127.392000 54
128.064000 128.640000 52
129.760000 130.048000 52
131.104000 132.000000 55
132.608000 133.120000 54
133.248000 133.504000 54
134.176000 134.432000 52
134.528000 135.488000 57
135.616000 136.224000 56
136.832000 136.896000 54
136.896000 137.024000 55
137.024000 137.632000 59
138.048000 138.272000 54
138.272000 138.528000 55
138.528000 139.168000 59
139.936000 140.064000 54
140.064000 140.096000 55
140.096000 140.480000 59
140.672000 140.960000 64
141.088000 141.600000 59
141.792000 142.016000 57
142.016000 142.336000 58
144.032000 145.920000 64
146.048000 146.496000 57
146.496000 147.136000 59
149.152000 149.280000 55
149.376000 149.920000 59
150.656000 150.720000 53
150.720000 150.880000 56
150.880000 151.488000 59
152.192000 152.416000 56
152.416000 152.736000 58
152.736000 155.712000 66
156.352000 158.880000 64
158.880000 161.088000 64
161.408000 161.728000 66
161.824000 163.840000 67
163.968000 164.064000 66
164.064000 164.288000 65
164.288000 166.848000 65
167.552000 169.312000 67
169.472000 170.080000 66
170.080000 170.624000 63
171.040000 171.552000 65
171.552000 171.968000 67
172.096000 173.248000 64
173.728000 175.008000 67
175.136000 175.936000 67
176.032000 176.160000 66
176.288000 176.416000 65
176.416000 176.576000 64
176.576000 178.560000 65
178.688000 178.976000 62
178.976000 179.360000 61
179.840000 181.664000 69
181.792000 182.400000 66
182.400000 182.688000 63
182.784000 183.456000 62
183.456000 184.288000 67
184.448000 186.784000 64
187.168000 188.864000 67
188.960000 189.984000 68
190.112000 190.208000 66
190.208000 192.960000 65
193.696000 195.456000 67
195.648000 196.256000 66
196.256000 196.768000 62
197.216000 199.392000 67
199.872000 200.064000 65
200.064000 201.152000 67
201.280000 202.336000 67
202.432000 202.560000 65
202.560000 202.720000 64
202.720000 204.736000 65
204.832000 205.088000 62
205.088000 205.376000 61
206.016000 207.840000 69
207.936000 208.576000 67
208.576000 209.632000 63
209.632000 210.432000 67
210.560000 212.992000 64
213.280000 213.504000 65
213.504000 213.600000 67
213.792000 216.224000 66
216.384000 217.088000 66
217.184000 218.528000 67
218.688000 219.232000 66
219.392000 219.488000 65
219.488000 222.176000 64
222.944000 224.736000 67
224.896000 225.184000 66
225.280000 225.504000 65
225.632000 226.272000 62
227.232000 227.296000 62
227.296000 228.000000 67
228.128000 228.928000 66
229.280000 230.112000 62
231.040000 234.592000 64
