5.856000 5.984000 67
6.304000 6.400000 67
6.656000 7.264000 70
12.192000 12.544000 70
12.768000 12.864000 69
37.152000 38.016000 57
38.176000 39.008000 57
39.136000 39.808000 58
39.936000 40.160000 55
40.896000 40.992000 50
41.152000 42.912000 54
43.200000 43.744000 54
43.904000 44.128000 52
48.032000 48.480000 57
49.056000 49.696000 55
53.184000 53.984000 57
54.144000 56.096000 58
57.152000 57.824000 55
58.176000 58.304000 53
58.560000 58.752000 53
61.760000 62.272000 57
62.464000 62.592000 57
64.000000 64.416000 57
65.024000 65.376000 55
65.632000 66.048000 56
66.432000 66.528000 57
66.752000 66.912000 57
68.160000 68.352000 56
68.352000 68.928000 58
68.928000 69.248000 62
69.472000 69.952000 56
70.144000 70.304000 55
70.464000 70.944000 55
72.160000 72.352000 55
72.352000 72.832000 58
72.928000 73.248000 62
73.408000 74.048000 56
74.208000 74.816000 55
74.912000 75.232000 57
77.216000 78.112000 62
78.208000 78.368000 55
78.464000 78.720000 55
79.168000 79.456000 62
79.456000 80.096000 60
80.256000 80.448000 58
80.448000 80.960000 56
80.960000 83.296000 65
83.904000 84.032000 61
84.160000 84.416000 63
84.416000 84.704000 66
84.704000 85.056000 70
85.184000 85.696000 67
86.464000 86.528000 65
86.528000 86.784000 67
86.784000 87.424000 70
87.424000 87.616000 65
87.616000 88.032000 65
88.032000 88.544000 65
88.672000 89.056000 67
89.312000 90.272000 65
90.432000 91.200000 67
91.200000 92.192000 62
92.416000 92.576000 63
92.704000 92.800000 61
92.800000 93.056000 60
93.184000 93.440000 58
93.888000 94.048000 58
94.272000 94.304000 58
95.136000 95.232000 63
96.128000 96.704000 67
96.704000 97.920000 62
100.736000 100.864000 66
101.152000 101.760000 67
101.888000 102.176000 67
102.400000 102.752000 67
102.752000 103.168000 70
103.168000 103.456000 69
103.456000 103.648000 65
103.648000 103.968000 62
103.968000 104.224000 65
104.416000 104.576000 65
104.704000 105.088000 66
105.408000 106.240000 65
106.432000 107.200000 67
107.200000 108.320000 63
108.704000 109.088000 60
109.216000 110.048000 58
110.272000 110.368000 58
112.160000 112.736000 67
112.736000 114.016000 62
117.408000 117.760000 62
117.856000 118.656000 62
119.808000 120.640000 60
120.640000 120.832000 55
120.992000 121.984000 57
125.184000 125.312000 62
125.312000 125.504000 60
125.696000 126.592000 62
127.584000 128.416000 61
128.416000 128.896000 64
128.896000 129.856000 57
142.688000 143.488000 55
143.488000 144.480000 58
144.576000 144.704000 60
144.800000 144.992000 62
145.824000 147.840000 71
154.880000 155.008000 72
155.232000 155.392000 72
155.744000 156.000000 74
156.160000 156.288000 72
157.664000 158.304000 72
165.216000 166.080000 57
166.176000 168.224000 58
169.280000 169.920000 56
170.048000 170.496000 53
170.592000 170.976000 53
171.232000 171.456000 53
176.032000 176.512000 57
177.088000 177.312000 54
180.224000 180.864000 58
180.992000 181.312000 62
181.696000 181.952000 57
184.192000 184.384000 55
184.384000 184.800000 58
184.960000 185.344000 62
185.664000 186.112000 57
186.272000 187.072000 57
188.960000 189.632000 62
189.632000 190.144000 60
191.328000 192.128000 61
192.288000 192.448000 58
192.448000 192.832000 57
192.960000 195.456000 67
195.776000 195.904000 65
196.256000 196.416000 62
196.416000 196.640000 65
196.768000 197.088000 70
197.216000 198.368000 67
198.496000 198.560000 64
198.560000 198.848000 67
198.848000 199.200000 70
199.200000 199.616000 69
199.616000 200.128000 65
200.128000 200.576000 69
200.768000 201.152000 67
201.440000 202.336000 67
202.528000 203.264000 67
203.264000 204.256000 63
204.480000 204.640000 62
204.736000 204.960000 61
204.960000 205.088000 59
205.248000 205.472000 58
205.632000 206.112000 58
206.304000 206.464000 58
206.464000 206.848000 57
208.064000 208.800000 67
208.800000 209.952000 62
213.216000 213.856000 67
213.952000 214.208000 67
214.464000 214.816000 67
214.816000 215.232000 70
215.232000 215.680000 69
215.680000 216.320000 66
216.416000 216.640000 65
216.768000 217.152000 67
217.376000 218.304000 65
218.528000 219.328000 67
219.328000 220.288000 62
220.480000 220.640000 61
220.768000 220.960000 61
220.960000 221.120000 58
221.312000 222.080000 58
222.208000 222.432000 58
222.432000 222.944000 57
224.000000 224.192000 64
224.192000 224.448000 67
224.544000 224.736000 65
224.736000 225.856000 62
228.928000 229.056000 62
229.216000 229.856000 67
229.984000 230.336000 67
230.464000 230.848000 67
230.848000 231.488000 70
231.488000 231.712000 66
231.712000 232.064000 62
232.064000 232.608000 65
232.736000 233.120000 67
233.248000 233.440000 62
233.440000 234.208000 65
234.496000 235.232000 67
235.232000 236.256000 64
236.448000 236.608000 62
236.736000 236.832000 61
236.832000 237.088000 60
237.216000 237.472000 58
237.600000 238.080000 58
238.208000 238.464000 58
240.160000 240.448000 67
240.576000 240.736000 65
240.736000 242.784000 63
245.216000 245.856000 67
245.984000 246.272000 67
246.528000 246.848000 67
246.848000 247.616000 70
247.616000 248.064000 63
248.064000 248.384000 68
248.768000 249.152000 67
249.440000 250.432000 65
250.560000 251.264000 67
251.264000 252.672000 62
252.768000 254.112000 60
254.304000 254.528000 58
255.904000 256.800000 68
256.800000 257.920000 62
258.112000 258.208000 62
261.024000 261.152000 61
261.280000 261.408000 56
261.408000 261.472000 58
261.472000 261.696000 62
261.696000 262.016000 59
262.016000 262.752000 62
263.872000 264.480000 60
264.480000 264.864000 59
265.056000 266.048000 57
268.960000 269.120000 55
269.280000 269.408000 61
269.408000 269.600000 59
269.792000 270.560000 62
271.520000 271.616000 55
271.712000 271.776000 66
271.776000 272.480000 69
272.480000 272.928000 66
273.056000 276.288000 69
