1.600000 1.760000 66
2.080000 2.464000 68
3.616000 3.744000 68
3.872000 3.968000 68
7.488000 7.680000 68
7.680000 7.776000 65
8.096000 8.832000 66
9.952000 10.144000 58
10.880000 10.976000 56
13.696000 13.856000 66
13.984000 14.304000 67
16.512000 17.376000 68
17.504000 17.728000 67
18.208000 19.680000 63
20.064000 20.320000 61
20.416000 20.672000 61
23.552000 23.680000 68
25.888000 26.080000 62
26.272000 26.560000 61
29.728000 29.984000 49
29.984000 30.944000 56
33.440000 33.664000 55
33.760000 34.016000 49
34.016000 34.208000 52
34.400000 34.592000 49
37.472000 37.888000 51
37.984000 38.560000 51
40.512000 40.864000 47
41.024000 42.016000 53
42.016000 42.560000 56
45.472000 45.984000 49
45.984000 46.720000 56
48.416000 49.728000 56
49.728000 50.624000 52
50.752000 50.976000 49
53.696000 53.792000 49
53.984000 54.048000 49
54.048000 55.520000 54
56.480000 56.928000 52
57.024000 57.312000 50
57.408000 57.568000 52
57.568000 57.984000 50
61.440000 62.016000 56
62.016000 62.848000 61
62.976000 63.232000 61
63.232000 64.032000 59
64.032000 64.544000 56
65.440000 65.856000 54
65.984000 66.400000 59
66.464000 67.328000 59
67.328000 68.128000 56
69.696000 69.984000 57
69.984000 70.976000 61
71.744000 71.968000 53
71.968000 73.376000 59
73.376000 73.664000 54
73.792000 74.144000 59
74.272000 74.336000 53
74.336000 74.880000 56
74.976000 75.296000 55
77.472000 78.240000 61
78.240000 78.688000 61
78.816000 79.904000 61
80.000000 80.832000 59
80.928000 84.256000 61
85.408000 85.824000 49
85.984000 86.912000 57
87.488000 87.840000 49
87.968000 88.960000 54
88.960000 89.248000 51
89.856000 90.016000 47
93.696000 93.792000 66
93.888000 94.912000 68
95.168000 95.616000 63
96.000000 96.160000 64
97.600000 97.760000 66
98.080000 98.432000 68
99.872000 99.968000 62
103.520000 103.776000 63
104.128000 104.384000 66
104.480000 104.832000 66
105.952000 106.112000 58
109.984000 111.008000 68
112.448000 113.376000 68
113.504000 113.728000 67
113.856000 116.288000 64
116.416000 116.672000 61
119.648000 120.064000 64
121.952000 122.080000 66
122.272000 122.432000 66
125.760000 126.016000 52
126.016000 126.912000 56
128.736000 128.832000 50
128.960000 129.120000 55
129.120000 129.344000 53
129.440000 130.016000 52
130.016000 130.624000 52
131.040000 131.552000 63
133.472000 133.632000 49
133.728000 134.976000 51
135.264000 135.904000 51
136.256000 136.352000 46
136.736000 136.960000 47
136.960000 137.216000 52
137.312000 137.376000 50
137.376000 137.792000 53
137.792000 138.368000 56
141.728000 141.856000 55
141.984000 143.232000 61
143.232000 144.384000 56
145.216000 145.280000 51
145.280000 145.664000 52
145.664000 146.080000 55
146.080000 147.584000 59
147.776000 148.704000 63
149.472000 149.952000 52
149.952000 150.176000 57
150.368000 150.656000 57
150.656000 150.976000 54
151.584000 151.968000 49
151.968000 152.736000 54
153.024000 153.120000 52
153.120000 153.696000 51
154.080000 154.176000 50
154.752000 154.848000 49
157.248000 157.440000 50
157.440000 158.336000 59
158.336000 159.936000 61
159.936000 160.672000 61
160.800000 161.024000 59
161.024000 161.504000 57
162.016000 163.296000 59
163.296000 164.224000 56
165.664000 165.888000 56
165.984000 167.456000 61
167.968000 169.184000 60
169.344000 169.664000 61
169.792000 169.856000 53
169.856000 170.688000 56
171.168000 171.296000 55
174.432000 174.496000 51
174.496000 174.624000 54
174.624000 176.640000 59
176.768000 177.568000 56
177.984000 178.080000 57
178.080000 179.328000 59
179.328000 180.192000 56
181.696000 181.760000 55
181.760000 182.080000 57
182.080000 182.880000 55
183.712000 183.840000 49
183.968000 184.288000 51
184.448000 185.120000 51
185.376000 185.632000 51
185.792000 186.464000 50
210.592000 210.688000 68
221.280000 221.344000 54
221.344000 221.984000 56
221.984000 224.640000 61
224.800000 225.088000 59
225.088000 225.536000 56
225.984000 227.328000 59
227.328000 228.224000 56
229.664000 229.888000 56
229.984000 231.520000 61
231.968000 233.152000 60
233.280000 233.664000 61
233.664000 233.696000 55
233.760000 234.976000 56
238.432000 240.640000 60
240.768000 240.960000 57
241.088000 241.632000 54
241.984000 243.328000 59
243.328000 244.288000 56
245.632000 245.696000 53
245.696000 246.208000 57
246.208000 246.848000 54
247.744000 247.872000 49
248.000000 248.192000 51
248.192000 248.320000 50
248.480000 249.184000 51
249.408000 249.696000 51
249.824000 250.784000 49
253.760000 253.824000 52
253.824000 254.912000 56
256.224000 256.384000 49
256.480000 256.672000 51
256.672000 256.832000 49
256.960000 257.760000 51
259.808000 260.064000 51
260.224000 260.992000 49
261.568000 262.272000 61
