16.288000 17.184000 58
19.840000 19.968000 58
31.168000 31.616000 61
31.808000 32.160000 57
32.288000 33.280000 58
33.280000 33.440000 54
33.984000 34.944000 54
35.104000 35.424000 53
35.424000 35.584000 54
35.584000 36.288000 58
37.952000 38.176000 61
38.208000 38.432000 61
38.432000 38.976000 60
39.136000 40.288000 56
40.768000 40.960000 53
41.088000 41.344000 54
41.504000 42.016000 53
42.112000 43.200000 54
44.896000 45.344000 61
45.504000 45.792000 57
45.984000 47.104000 56
47.520000 48.576000 54
48.800000 49.088000 52
49.184000 49.312000 55
49.312000 49.888000 58
51.904000 52.192000 61
52.192000 52.704000 60
52.896000 53.408000 56
53.472000 53.888000 56
54.528000 55.328000 54
55.328000 55.904000 53
56.224000 56.768000 52
59.488000 60.256000 57
60.352000 60.960000 58
61.056000 63.648000 59
64.832000 65.856000 66
65.856000 66.080000 63
66.080000 67.168000 59
67.200000 71.136000 66
71.232000 71.776000 58
71.904000 73.984000 63
74.432000 74.784000 67
74.784000 78.208000 65
79.584000 80.256000 62
80.640000 80.832000 56
80.832000 81.792000 62
81.920000 85.472000 59
85.568000 87.680000 63
88.192000 88.928000 68
89.088000 90.496000 70
90.496000 91.456000 63
91.776000 92.192000 68
92.192000 92.512000 70
92.512000 93.024000 69
93.024000 93.152000 70
93.280000 93.600000 68
93.760000 94.016000 70
94.304000 94.560000 65
94.560000 95.104000 68
95.424000 99.008000 63
99.104000 99.232000 62
106.272000 106.592000 63
108.896000 108.992000 66
112.320000 113.184000 70
113.472000 113.888000 70
113.984000 114.464000 68
115.200000 115.904000 69
115.968000 116.256000 67
116.256000 116.640000 65
116.736000 118.368000 63
119.712000 120.064000 63
120.448000 120.896000 70
120.992000 121.152000 68
121.152000 121.696000 67
122.144000 122.336000 69
122.336000 122.816000 68
122.816000 125.184000 67
127.456000 127.648000 61
127.840000 129.376000 57
129.824000 130.816000 54
131.072000 131.168000 54
131.424000 131.680000 55
131.680000 132.288000 58
134.336000 134.496000 61
134.496000 135.008000 59
135.168000 135.712000 56
135.808000 136.256000 55
136.832000 137.760000 54
137.856000 138.208000 53
138.304000 139.168000 54
140.896000 141.056000 61
141.088000 141.376000 61
141.536000 141.792000 57
142.080000 143.072000 57
143.552000 144.288000 54
144.384000 144.544000 54
144.768000 145.088000 53
145.408000 145.920000 58
147.584000 147.648000 56
147.968000 148.288000 61
148.416000 148.768000 58
148.864000 149.344000 56
149.472000 149.920000 55
150.432000 151.520000 54
154.720000 155.424000 54
155.520000 156.960000 58
157.088000 159.680000 59
160.800000 161.984000 66
161.984000 162.176000 62
162.176000 162.720000 59
162.816000 163.200000 59
163.392000 164.384000 68
164.480000 165.664000 70
165.664000 167.136000 63
167.264000 167.808000 58
167.936000 170.016000 63
170.112000 170.272000 68
170.464000 170.816000 67
170.816000 171.360000 65
171.424000 174.176000 58
175.360000 175.520000 63
175.648000 176.320000 63
176.672000 176.896000 56
176.896000 180.736000 63
180.896000 181.600000 59
181.600000 183.712000 63
184.160000 184.832000 66
184.832000 186.496000 70
186.624000 187.488000 63
187.712000 187.840000 69
187.936000 188.032000 69
188.128000 188.576000 70
188.576000 188.992000 67
188.992000 189.184000 70
189.344000 189.632000 68
189.792000 190.048000 70
190.336000 190.592000 65
190.592000 191.136000 68
191.456000 195.040000 63
195.744000 196.544000 69
196.544000 197.056000 67
197.408000 197.792000 69
197.792000 198.272000 68
198.272000 199.040000 67
199.200000 199.456000 63
199.616000 199.904000 61
200.000000 200.352000 66
200.480000 201.408000 66
201.568000 202.080000 65
202.240000 204.672000 63
204.672000 205.632000 68
205.696000 205.952000 65
205.952000 206.656000 64
206.816000 207.264000 65
207.488000 208.160000 65
208.352000 208.928000 58
209.056000 211.136000 63
211.584000 211.968000 67
211.968000 212.480000 63
212.544000 213.952000 58
213.984000 214.880000 58
215.008000 215.776000 63
215.872000 215.968000 63
216.416000 216.640000 63
216.832000 217.408000 63
217.792000 222.624000 62
222.688000 224.800000 63
225.344000 225.920000 66
225.920000 227.616000 70
227.744000 228.544000 63
228.704000 228.960000 70
229.184000 229.248000 68
229.664000 230.016000 66
230.016000 230.560000 70
230.592000 231.136000 70
231.296000 231.872000 66
232.064000 232.416000 68
232.672000 236.320000 63
236.416000 237.920000 63
238.464000 238.912000 63
239.520000 239.712000 62
239.968000 240.544000 63
