23.392000 23.488000 50
23.584000 24.448000 52
26.432000 26.592000 50
26.688000 26.880000 52
27.744000 27.872000 51
27.968000 28.832000 52
30.688000 30.944000 58
30.944000 31.552000 56
31.840000 31.872000 52
32.096000 32.224000 51
32.320000 33.184000 52
35.296000 35.648000 50
35.648000 36.736000 54
36.736000 36.800000 50
36.896000 37.056000 50
38.304000 38.944000 52
39.776000 40.032000 50
41.024000 41.888000 52
43.808000 44.576000 53
45.152000 45.312000 52
45.408000 46.176000 52
48.160000 48.352000 58
48.448000 48.960000 56
49.536000 49.696000 52
49.792000 50.272000 52
50.368000 50.528000 50
51.936000 52.032000 50
52.800000 52.960000 50
53.088000 53.376000 52
53.600000 53.824000 55
54.560000 54.688000 56
55.744000 56.288000 54
56.896000 56.992000 59
57.152000 57.344000 60
58.208000 58.976000 64
59.072000 60.096000 62
60.224000 60.672000 60
60.672000 61.056000 64
61.248000 61.344000 65
61.344000 61.536000 67
61.536000 62.336000 67
62.560000 62.752000 64
62.848000 63.168000 64
63.168000 63.712000 62
63.712000 64.224000 61
64.480000 64.704000 57
64.800000 64.960000 57
64.960000 65.472000 64
65.632000 66.240000 59
66.944000 67.680000 64
67.776000 67.968000 62
67.968000 68.160000 61
68.352000 68.544000 60
68.544000 68.800000 59
68.896000 69.280000 57
69.280000 69.792000 63
69.952000 70.400000 67
70.432000 70.880000 64
71.072000 72.256000 64
72.448000 72.768000 57
72.864000 73.344000 60
73.440000 73.984000 64
73.984000 74.432000 61
74.432000 74.976000 59
75.680000 75.904000 64
75.904000 76.256000 64
76.256000 76.736000 62
76.736000 77.472000 61
77.632000 77.856000 57
77.856000 78.112000 59
78.112000 78.592000 64
78.624000 78.688000 63
78.688000 78.784000 65
78.784000 78.976000 67
78.976000 79.680000 67
80.032000 80.448000 64
80.704000 80.832000 64
80.832000 81.312000 62
81.408000 81.728000 60
81.856000 82.432000 60
82.432000 82.656000 65
82.784000 82.944000 64
83.392000 83.520000 57
83.616000 83.712000 58
84.352000 85.120000 64
85.152000 85.440000 62
85.440000 86.208000 61
86.336000 86.624000 60
86.816000 87.008000 62
87.136000 87.456000 67
87.456000 87.648000 67
87.872000 87.968000 60
87.968000 88.320000 64
88.512000 88.832000 64
88.832000 89.792000 64
89.888000 90.400000 63
90.400000 90.528000 59
90.720000 90.976000 62
90.976000 91.104000 64
91.232000 91.424000 63
91.520000 91.744000 60
91.840000 92.320000 59
93.152000 93.824000 64
93.920000 94.080000 62
94.240000 94.528000 72
94.528000 95.328000 70
95.328000 96.640000 67
97.472000 97.664000 64
97.760000 98.048000 64
98.048000 99.104000 63
99.424000 99.680000 67
99.680000 100.832000 66
103.264000 103.424000 69
104.288000 105.056000 67
106.496000 107.968000 74
107.968000 108.832000 67
108.928000 109.216000 67
109.216000 109.760000 66
109.856000 109.952000 64
110.592000 110.752000 64
110.848000 111.232000 64
111.424000 111.712000 74
111.712000 112.000000 72
112.000000 112.800000 69
112.800000 114.016000 69
114.976000 115.552000 67
115.648000 116.128000 65
116.352000 117.280000 67
117.312000 117.856000 67
117.856000 118.240000 64
118.240000 118.432000 61
119.296000 120.064000 64
120.160000 120.608000 74
120.608000 121.568000 72
121.728000 121.856000 67
122.016000 122.336000 65
122.336000 122.592000 67
122.592000 122.912000 71
123.168000 123.424000 65
123.936000 124.544000 72
125.120000 125.792000 62
126.144000 127.008000 52
128.992000 129.408000 52
130.304000 130.400000 50
130.496000 131.392000 52
133.248000 133.472000 58
133.568000 134.080000 56
134.656000 134.752000 50
134.848000 135.712000 52
136.736000 136.800000 50
137.920000 138.208000 50
138.208000 139.136000 55
140.864000 141.504000 51
142.464000 142.592000 50
143.584000 143.808000 52
143.936000 144.384000 50
146.368000 147.104000 53
147.680000 147.872000 52
147.968000 148.704000 52
150.688000 150.912000 58
151.008000 151.520000 56
151.840000 151.872000 52
152.064000 152.224000 52
152.320000 153.088000 52
155.328000 155.488000 50
155.648000 155.936000 52
156.128000 156.448000 56
156.448000 156.576000 59
156.864000 156.960000 50
157.120000 157.216000 55
158.304000 158.688000 52
158.784000 158.912000 54
159.424000 159.616000 59
160.768000 161.312000 64
161.312000 162.464000 63
162.752000 163.232000 62
163.232000 163.616000 64
163.744000 164.896000 67
164.896000 164.992000 67
165.120000 165.280000 64
165.408000 165.696000 64
165.696000 166.304000 63
166.304000 166.752000 60
167.072000 167.232000 57
167.360000 167.520000 58
167.520000 168.000000 64
168.192000 168.768000 59
169.472000 170.208000 64
170.304000 170.720000 62
170.880000 171.104000 60
171.104000 171.328000 58
171.456000 171.616000 57
171.712000 171.904000 58
171.904000 172.192000 63
172.192000 172.512000 64
172.512000 172.896000 67
173.056000 173.408000 64
173.632000 174.240000 62
174.272000 174.560000 60
174.720000 174.816000 63
174.976000 175.360000 57
175.360000 175.808000 59
176.032000 176.256000 64
176.256000 176.800000 63
176.960000 177.504000 59
178.208000 178.752000 64
178.752000 179.360000 63
179.360000 180.032000 60
180.224000 180.320000 57
180.352000 180.608000 58
180.608000 181.120000 64
181.184000 181.248000 62
181.248000 181.344000 65
181.344000 181.536000 67
181.536000 182.368000 67
182.560000 183.008000 64
183.328000 183.552000 62
183.552000 183.872000 61
183.968000 184.160000 60
184.160000 184.672000 59
184.768000 184.896000 58
185.056000 185.184000 64
185.344000 185.568000 67
185.920000 186.272000 59
186.912000 187.488000 64
187.488000 188.000000 63
188.000000 188.736000 61
188.864000 189.184000 60
189.344000 189.536000 62
189.696000 189.760000 64
189.760000 190.176000 67
190.432000 190.496000 60
190.496000 190.688000 65
190.688000 190.816000 67
191.104000 192.256000 63
192.416000 193.088000 63
193.248000 194.080000 64
194.080000 194.496000 61
194.496000 194.944000 59
195.456000 195.680000 60
195.680000 196.224000 64
196.224000 197.088000 63
197.216000 197.952000 58
197.952000 198.112000 59
198.112000 198.528000 64
198.624000 198.688000 63
198.688000 199.776000 67
199.776000 199.936000 67
200.032000 200.192000 64
200.352000 200.832000 62
200.896000 201.312000 60
201.408000 201.856000 60
201.920000 202.144000 57
202.240000 202.432000 57
202.432000 202.624000 62
202.784000 202.912000 64
203.072000 203.776000 59
204.416000 204.640000 64
204.640000 205.632000 64
205.792000 206.016000 60
206.144000 206.208000 57
206.336000 206.784000 59
206.784000 206.848000 60
206.848000 207.072000 62
207.072000 207.424000 64
207.424000 207.872000 67
207.968000 208.128000 62
208.128000 208.320000 64
208.544000 209.600000 64
209.696000 209.792000 60
209.952000 210.016000 58
210.016000 210.368000 64
210.368000 210.720000 59
210.944000 211.232000 64
211.232000 211.520000 63
211.520000 212.416000 60
213.152000 213.280000 64
213.408000 213.696000 64
213.696000 214.240000 63
214.240000 214.944000 61
215.104000 215.328000 57
215.328000 215.552000 59
215.552000 215.712000 62
215.872000 216.160000 65
216.160000 216.384000 67
216.384000 216.640000 64
216.768000 217.088000 64
217.088000 217.280000 67
217.472000 217.952000 64
218.208000 218.784000 62
218.880000 219.264000 60
219.456000 219.584000 57
219.680000 219.840000 60
219.936000 220.064000 66
220.064000 220.096000 63
220.256000 220.480000 64
220.800000 221.376000 58
221.824000 222.432000 64
222.432000 223.488000 63
223.776000 224.416000 61
224.608000 224.672000 64
224.672000 225.056000 67
225.344000 225.408000 60
225.408000 225.760000 65
225.952000 226.208000 64
226.208000 226.912000 62
226.976000 227.008000 61
227.104000 227.264000 60
227.360000 227.520000 61
227.520000 228.032000 64
228.224000 228.640000 64
228.640000 228.992000 63
228.992000 230.112000 61
230.592000 231.232000 64
231.488000 231.520000 63
231.680000 232.000000 72
232.000000 232.800000 69
232.800000 233.696000 69
233.696000 234.080000 64
234.944000 235.904000 64
236.064000 236.320000 72
236.320000 237.184000 70
237.376000 237.760000 66
237.760000 237.984000 64
237.984000 238.496000 62
239.296000 239.936000 64
240.128000 240.256000 74
240.352000 240.704000 73
240.704000 241.120000 69
241.216000 241.504000 69
241.728000 242.112000 69
242.112000 242.368000 65
242.368000 242.848000 71
243.936000 245.376000 74
245.376000 246.304000 67
246.400000 246.688000 67
246.688000 247.264000 65
247.968000 248.192000 64
248.320000 248.768000 64
248.864000 249.312000 74
249.312000 249.440000 72
249.440000 250.560000 70
250.752000 251.072000 65
251.072000 251.648000 64
252.672000 252.960000 67
252.960000 253.760000 66
253.952000 254.080000 67
254.304000 254.624000 67
254.624000 255.456000 67
255.456000 255.776000 62
256.768000 257.408000 64
257.600000 257.888000 74
257.888000 258.144000 72
258.144000 258.464000 70
258.688000 259.008000 69
259.936000 260.096000 72
261.408000 262.208000 74
262.336000 263.776000 74
