0.864000 0.992000 63
1.152000 1.440000 63
1.952000 2.112000 63
2.240000 2.400000 63
2.528000 2.912000 63
3.392000 3.584000 66
15.136000 15.776000 72
31.168000 31.232000 57
31.232000 31.264000 58
31.264000 31.520000 63
31.616000 31.872000 63
32.000000 32.672000 64
32.768000 33.504000 63
33.600000 34.048000 61
34.048000 34.944000 59
35.904000 36.160000 56
36.160000 36.320000 57
36.320000 36.896000 59
36.896000 37.088000 59
37.088000 37.856000 62
37.856000 40.160000 64
40.160000 41.536000 68
44.064000 44.800000 66
44.928000 46.368000 67
46.368000 46.976000 63
46.976000 47.872000 67
48.992000 49.664000 65
49.760000 50.272000 63
51.040000 51.264000 60
51.424000 52.864000 61
53.024000 53.216000 62
53.216000 53.504000 64
53.504000 54.400000 61
56.992000 59.232000 64
59.232000 60.160000 61
60.384000 60.704000 59
61.824000 62.208000 57
62.208000 62.848000 59
62.848000 63.680000 61
63.680000 64.224000 63
64.352000 65.792000 63
65.984000 67.008000 66
70.112000 70.176000 62
70.176000 70.272000 65
70.272000 71.104000 66
71.104000 71.200000 60
71.200000 72.032000 67
72.032000 72.960000 66
72.960000 74.240000 68
74.528000 74.688000 71
74.688000 75.392000 68
75.392000 76.608000 66
76.608000 78.816000 68
78.976000 79.136000 70
79.424000 80.896000 72
83.008000 83.616000 73
83.744000 84.448000 73
84.448000 86.048000 71
86.048000 86.272000 65
86.272000 87.520000 67
87.520000 88.992000 68
89.376000 90.080000 71
90.240000 90.944000 71
90.944000 92.576000 71
92.576000 93.728000 66
93.856000 93.952000 66
93.952000 94.400000 68
94.400000 94.912000 67
95.040000 95.552000 63
95.776000 95.840000 62
96.096000 97.376000 61
97.504000 98.176000 61
98.272000 98.752000 64
99.168000 99.872000 66
99.968000 102.080000 67
102.816000 103.072000 61
103.168000 103.872000 61
103.968000 104.032000 57
104.032000 104.192000 59
104.192000 105.440000 63
105.664000 106.208000 61
108.864000 109.472000 72
109.632000 109.920000 72
110.016000 110.304000 72
110.304000 111.712000 71
111.712000 113.408000 68
113.408000 113.600000 68
113.600000 114.336000 67
114.496000 114.880000 68
115.232000 115.296000 66
115.296000 115.552000 71
115.680000 116.320000 71
116.480000 116.800000 71
116.800000 116.960000 68
116.960000 117.600000 71
117.728000 118.112000 68
118.112000 120.064000 67
120.224000 121.408000 66
122.176000 124.192000 61
124.192000 124.864000 64
124.992000 125.120000 63
125.120000 125.280000 65
125.440000 127.872000 67
128.288000 128.384000 68
128.384000 130.368000 71
130.368000 130.976000 68
131.136000 135.680000 73
142.688000 144.000000 69
153.024000 153.312000 67
153.408000 153.664000 68
156.032000 156.544000 66
157.216000 158.752000 71
163.456000 163.520000 72
163.520000 163.840000 75
164.512000 165.056000 72
165.312000 165.440000 72
166.400000 167.072000 62
167.072000 169.888000 64
169.888000 170.144000 59
170.336000 170.816000 59
171.776000 172.096000 56
172.096000 172.544000 59
172.736000 172.896000 58
172.896000 173.632000 62
173.632000 174.176000 63
174.368000 175.840000 64
175.968000 176.928000 65
176.928000 177.856000 67
180.000000 180.064000 58
180.064000 180.096000 60
180.096000 183.072000 67
183.072000 184.160000 68
184.672000 188.768000 68
188.896000 191.232000 72
192.928000 193.600000 73
193.760000 194.464000 73
194.464000 195.296000 71
195.296000 198.400000 68
198.560000 199.040000 68
199.264000 200.096000 71
200.192000 200.832000 72
200.832000 200.896000 73
200.896000 201.568000 71
201.568000 202.208000 68
202.208000 203.712000 67
203.808000 204.608000 68
204.608000 204.896000 64
205.056000 205.568000 63
206.016000 207.392000 61
207.488000 208.128000 61
208.256000 208.480000 62
208.480000 208.736000 63
208.736000 208.992000 61
209.088000 212.032000 67
212.192000 212.544000 59
212.544000 212.608000 59
212.832000 215.072000 63
215.296000 216.800000 64
217.056000 217.216000 60
218.816000 218.880000 69
218.880000 219.488000 72
219.616000 220.320000 73
220.320000 220.448000 68
220.448000 221.280000 71
221.280000 223.104000 68
223.200000 224.384000 68
224.416000 224.864000 68
225.280000 225.568000 70
225.664000 226.336000 71
226.464000 226.816000 71
226.816000 227.616000 71
227.712000 228.032000 68
228.032000 230.016000 68
230.112000 230.208000 67
230.208000 230.464000 66
230.464000 231.360000 65
231.712000 231.808000 56
231.808000 231.968000 60
232.160000 234.240000 62
234.240000 234.656000 64
234.976000 235.040000 63
235.040000 235.264000 65
235.392000 235.648000 66
235.648000 235.872000 63
235.872000 237.504000 66
237.504000 238.016000 71
238.240000 238.304000 69
238.304000 240.288000 71
240.288000 240.928000 68
241.088000 247.904000 73
266.720000 266.816000 72
266.912000 267.168000 73
268.352000 268.544000 73
