12.000000 12.128000 56
36.384000 37.152000 60
38.240000 38.528000 51
38.688000 38.816000 54
38.944000 39.264000 56
39.360000 39.648000 58
39.776000 40.672000 60
41.728000 42.560000 55
42.656000 43.072000 57
43.072000 44.736000 63
45.376000 45.504000 59
45.664000 46.592000 59
46.784000 47.072000 60
47.232000 47.616000 61
48.352000 48.416000 58
48.416000 49.152000 62
49.152000 49.664000 59
50.208000 50.528000 59
50.528000 51.040000 58
51.136000 52.032000 60
52.768000 53.280000 51
53.440000 53.632000 53
53.632000 54.016000 56
54.016000 54.688000 62
54.816000 55.872000 60
56.416000 57.056000 54
57.056000 57.792000 56
57.888000 58.336000 62
58.528000 59.488000 61
60.128000 60.256000 61
60.352000 62.560000 62
63.072000 63.232000 59
63.232000 63.680000 62
63.936000 65.728000 59
66.400000 67.520000 58
67.744000 68.864000 55
70.048000 70.176000 58
70.240000 71.040000 61
71.168000 71.360000 63
71.456000 71.584000 62
71.584000 72.192000 65
72.608000 72.896000 58
72.896000 74.272000 61
74.432000 74.912000 63
75.104000 75.936000 61
76.256000 77.408000 53
77.792000 77.984000 59
77.984000 78.176000 60
78.304000 79.616000 60
80.064000 80.384000 55
80.480000 81.984000 56
82.080000 82.272000 56
83.008000 83.552000 59
83.552000 83.744000 61
83.744000 84.768000 65
85.440000 85.824000 66
85.952000 86.208000 65
86.208000 86.784000 68
86.880000 87.232000 70
87.232000 87.648000 67
87.808000 89.024000 63
89.376000 89.408000 67
89.632000 90.464000 65
90.624000 90.880000 61
91.008000 92.576000 61
93.120000 93.216000 56
93.344000 94.688000 58
94.688000 97.152000 64
97.760000 98.176000 56
98.176000 98.560000 62
98.688000 99.072000 63
99.072000 99.360000 68
99.488000 100.448000 71
100.480000 100.704000 70
100.704000 100.768000 67
100.960000 101.024000 65
101.024000 101.056000 65
101.056000 101.408000 68
101.408000 101.952000 70
102.112000 103.488000 66
103.712000 104.352000 62
104.480000 106.048000 70
106.240000 108.000000 62
108.128000 109.344000 59
109.952000 110.144000 59
110.240000 110.368000 62
110.464000 112.192000 61
112.320000 113.024000 68
113.312000 113.792000 70
113.888000 116.416000 68
119.744000 120.192000 66
120.192000 121.120000 67
130.816000 131.488000 67
131.712000 132.512000 71
132.640000 133.056000 65
133.504000 133.664000 65
133.760000 133.888000 65
133.984000 134.816000 65
134.816000 135.168000 66
135.168000 135.552000 67
135.552000 136.736000 72
136.896000 137.056000 71
137.056000 137.280000 70
137.504000 137.600000 65
137.632000 137.664000 65
137.760000 138.368000 67
140.960000 141.184000 59
142.720000 142.848000 56
143.808000 143.936000 56
144.896000 144.992000 56
147.264000 147.968000 60
148.896000 148.992000 52
149.088000 149.440000 51
149.536000 149.696000 54
149.792000 150.144000 56
150.240000 150.880000 58
150.880000 151.456000 60
152.608000 153.248000 54
153.248000 153.792000 56
153.952000 155.520000 63
156.224000 156.352000 59
156.512000 157.056000 61
157.056000 157.472000 59
157.632000 157.952000 60
158.112000 158.720000 61
159.200000 159.264000 59
159.264000 159.968000 62
159.968000 160.576000 59
161.024000 161.408000 60
161.408000 161.920000 58
161.984000 162.784000 60
163.680000 164.160000 51
164.288000 164.480000 53
164.576000 164.992000 57
164.992000 166.496000 62
167.296000 168.672000 56
168.736000 169.184000 62
169.376000 170.368000 61
171.008000 173.440000 64
173.920000 174.048000 58
174.048000 174.528000 62
174.784000 176.448000 59
177.280000 178.368000 58
178.624000 179.808000 55
180.928000 181.920000 61
182.016000 182.240000 63
182.336000 183.072000 65
183.456000 183.744000 58
183.744000 184.928000 61
185.280000 185.792000 62
185.920000 186.752000 61
187.136000 187.744000 53
187.872000 188.256000 51
188.672000 188.832000 58
188.832000 189.056000 60
189.184000 190.464000 60
190.912000 191.264000 55
191.360000 192.864000 56
193.856000 194.400000 59
194.400000 194.624000 61
194.624000 195.616000 65
196.256000 197.632000 68
197.728000 198.048000 70
198.048000 198.496000 67
198.656000 199.872000 63
200.128000 200.480000 68
200.736000 201.312000 65
201.504000 201.728000 61
201.856000 202.144000 60
202.304000 203.456000 61
203.968000 204.096000 56
204.192000 205.536000 57
205.536000 208.320000 64
208.608000 208.992000 56
208.992000 209.376000 61
209.504000 210.176000 65
210.304000 210.432000 70
210.528000 211.648000 71
211.808000 211.872000 65
211.872000 211.904000 65
211.904000 212.224000 68
212.224000 212.864000 70
212.896000 213.312000 66
213.440000 214.112000 63
214.528000 214.784000 62
214.784000 215.104000 61
215.264000 215.328000 69
215.328000 216.800000 70
217.056000 217.248000 61
217.600000 218.848000 61
218.976000 219.360000 59
219.424000 220.192000 58
220.800000 220.960000 59
221.088000 221.216000 62
221.312000 223.072000 61
223.136000 223.808000 68
224.160000 226.496000 70
227.072000 227.520000 58
227.520000 227.616000 59
227.616000 227.712000 60
227.712000 228.832000 65
229.344000 229.728000 65
230.016000 230.336000 65
230.336000 230.848000 68
230.944000 231.232000 70
231.392000 231.712000 66
231.872000 233.088000 63
233.536000 233.856000 63
233.920000 234.080000 63
234.080000 234.528000 65
234.688000 236.640000 61
237.216000 237.280000 56
237.440000 237.984000 56
238.112000 238.688000 55
238.688000 238.752000 57
238.752000 239.328000 64
239.424000 240.704000 63
240.800000 241.184000 63
241.824000 241.952000 56
242.208000 242.464000 59
242.720000 242.912000 62
242.944000 243.008000 62
243.168000 243.520000 65
243.520000 243.680000 60
243.776000 243.872000 60
244.064000 244.288000 60
244.352000 244.672000 60
244.864000 244.928000 62
244.992000 245.056000 63
245.056000 245.312000 67
245.440000 245.600000 68
245.728000 246.016000 70
246.176000 246.464000 66
246.464000 247.424000 63
247.744000 247.936000 63
247.936000 248.320000 62
248.512000 250.016000 70
250.016000 250.048000 67
250.272000 251.424000 62
251.520000 252.512000 60
252.640000 253.312000 58
253.984000 254.144000 59
254.240000 255.072000 62
255.168000 256.256000 61
256.352000 258.272000 68
258.880000 263.104000 70
276.672000 277.888000 68
277.984000 278.240000 68
278.400000 278.560000 68
