25.536000 26.144000 76
29.024000 29.472000 71
33.056000 33.696000 57
33.856000 34.240000 58
34.240000 34.464000 62
34.656000 35.680000 62
35.840000 36.160000 62
36.288000 36.608000 62
36.608000 36.896000 64
37.024000 37.440000 66
37.824000 38.528000 63
38.688000 39.552000 62
39.712000 40.064000 60
40.192000 41.376000 57
42.496000 43.232000 62
43.328000 44.544000 68
44.672000 44.800000 64
44.928000 45.216000 67
45.312000 45.632000 66
45.728000 46.432000 65
46.432000 46.816000 62
47.296000 47.680000 57
47.680000 48.352000 60
48.352000 49.056000 62
49.344000 50.944000 62
52.128000 52.864000 71
52.960000 54.368000 71
54.528000 54.816000 69
54.944000 55.392000 71
55.392000 56.224000 69
56.224000 56.832000 66
56.960000 58.400000 71
58.528000 59.296000 71
59.392000 61.376000 71
61.728000 62.016000 67
62.016000 62.432000 69
62.624000 63.264000 69
63.424000 64.000000 70
64.000000 64.832000 67
65.024000 65.664000 65
65.760000 66.048000 62
66.560000 67.264000 65
67.392000 67.584000 65
67.776000 68.032000 62
68.192000 68.448000 59
68.544000 68.960000 60
68.960000 69.216000 57
69.344000 70.464000 57
71.360000 71.584000 57
71.680000 71.968000 57
71.968000 73.568000 62
74.624000 75.424000 66
75.520000 75.808000 67
75.808000 76.000000 67
76.000000 77.856000 69
77.856000 78.656000 65
78.752000 79.744000 65
79.936000 80.640000 66
80.800000 81.088000 62
81.184000 81.632000 59
81.632000 81.856000 62
82.016000 83.840000 62
84.064000 84.160000 61
91.136000 91.488000 71
93.408000 93.664000 71
95.136000 96.032000 69
97.152000 99.200000 64
102.080000 102.624000 71
106.016000 106.784000 57
106.880000 107.328000 58
107.328000 107.552000 62
107.744000 108.288000 62
108.480000 108.608000 60
108.608000 108.704000 62
108.864000 109.632000 62
109.632000 110.720000 66
110.880000 111.168000 64
111.296000 112.736000 63
112.864000 113.216000 61
113.344000 114.496000 57
115.680000 116.320000 62
116.512000 117.600000 64
117.600000 117.984000 70
118.112000 119.616000 66
119.712000 120.192000 62
120.512000 120.928000 57
120.928000 121.248000 59
121.376000 121.632000 59
121.632000 122.432000 62
122.560000 122.816000 62
122.944000 123.968000 62
125.312000 125.920000 69
125.920000 128.608000 71
128.608000 129.856000 70
130.208000 130.720000 69
130.720000 131.264000 71
131.360000 134.560000 71
134.976000 135.264000 67
135.264000 135.616000 69
135.904000 136.544000 69
136.704000 137.344000 71
137.344000 137.792000 67
137.888000 138.112000 66
138.304000 139.328000 65
139.840000 140.544000 66
140.672000 140.992000 65
141.056000 141.312000 62
141.504000 141.760000 59
141.888000 142.304000 60
142.304000 142.528000 57
142.656000 143.808000 57
144.672000 145.248000 57
145.248000 145.888000 59
145.888000 147.232000 62
148.032000 148.544000 65
148.544000 149.056000 67
149.056000 149.216000 67
149.216000 151.232000 69
151.232000 152.992000 65
153.472000 154.112000 66
154.208000 154.432000 62
154.432000 155.360000 62
155.488000 158.080000 62
158.272000 159.968000 64
162.944000 163.296000 71
166.880000 168.320000 61
168.512000 168.832000 62
169.280000 169.408000 59
169.408000 171.072000 65
171.072000 171.392000 66
171.520000 172.000000 63
172.160000 173.376000 62
173.664000 174.048000 60
174.208000 175.296000 57
176.544000 177.152000 63
177.408000 178.560000 64
178.560000 180.480000 70
180.640000 180.960000 62
181.376000 181.728000 57
181.856000 182.144000 59
182.240000 182.592000 59
182.592000 183.232000 62
183.456000 183.808000 62
183.904000 185.088000 63
186.304000 188.608000 71
188.736000 190.304000 71
190.304000 190.784000 67
191.168000 195.488000 71
196.000000 196.256000 67
196.256000 196.736000 69
196.928000 197.536000 69
197.728000 198.336000 71
198.432000 199.168000 66
199.360000 200.160000 65
200.160000 200.384000 62
200.992000 201.664000 66
201.760000 202.080000 65
202.208000 202.464000 62
202.624000 202.880000 59
203.008000 203.392000 60
203.392000 203.616000 57
203.776000 204.768000 57
205.888000 206.624000 59
206.720000 208.576000 62
209.184000 209.760000 64
209.760000 210.272000 66
210.272000 212.064000 69
212.416000 214.304000 64
214.496000 215.168000 66
215.328000 215.552000 62
215.552000 216.480000 62
216.672000 218.976000 62
231.552000 232.800000 71
233.120000 234.528000 74
234.752000 236.352000 74
