11.904000 12.480000 68
13.696000 13.792000 71
13.920000 14.144000 71
15.232000 15.456000 62
15.456000 16.992000 60
16.992000 17.792000 62
23.808000 24.384000 55
24.384000 25.344000 62
25.440000 25.696000 62
25.952000 27.392000 64
27.840000 27.936000 60
28.096000 28.448000 59
28.448000 28.800000 57
29.024000 29.440000 59
29.440000 29.888000 58
30.336000 31.168000 57
31.296000 31.488000 58
31.488000 31.872000 60
31.872000 32.064000 62
32.064000 32.320000 67
32.480000 32.960000 64
32.960000 33.408000 62
33.600000 34.176000 63
34.304000 35.200000 62
35.712000 35.776000 60
35.776000 38.464000 64
38.528000 38.784000 60
38.912000 39.008000 56
39.328000 39.680000 55
39.936000 40.192000 56
40.192000 41.088000 61
41.696000 42.592000 63
42.592000 43.520000 60
43.840000 45.280000 59
45.280000 46.816000 56
46.944000 47.200000 55
48.160000 48.224000 60
48.224000 49.216000 68
49.696000 49.760000 63
49.760000 49.792000 63
49.792000 50.624000 68
50.624000 52.192000 71
52.352000 53.344000 71
53.696000 54.720000 71
54.912000 55.168000 68
55.168000 55.584000 65
55.584000 56.448000 69
56.640000 57.472000 67
57.472000 57.728000 63
57.824000 57.984000 60
58.208000 59.168000 62
59.744000 59.840000 53
59.936000 60.160000 53
60.256000 60.384000 52
60.608000 60.672000 54
60.672000 60.832000 55
60.832000 61.472000 59
61.568000 61.664000 58
62.144000 62.208000 59
62.208000 62.240000 60
62.240000 62.720000 62
62.720000 63.680000 67
63.680000 64.896000 69
65.376000 66.560000 70
66.656000 66.784000 67
66.784000 68.480000 66
68.800000 69.056000 63
69.248000 70.144000 66
70.144000 72.768000 67
90.592000 93.472000 64
93.760000 94.112000 58
94.272000 94.432000 58
94.432000 94.848000 57
95.008000 95.104000 59
95.200000 95.424000 59
96.384000 96.448000 54
96.448000 97.216000 58
97.472000 97.568000 57
97.568000 97.952000 59
97.952000 98.144000 63
98.144000 98.400000 67
98.496000 98.592000 66
98.592000 98.656000 65
98.656000 99.040000 64
99.040000 99.520000 62
99.648000 100.320000 63
100.384000 101.504000 62
102.144000 104.384000 64
104.608000 104.864000 59
105.600000 105.664000 53
105.664000 106.368000 58
106.368000 106.560000 59
106.656000 106.880000 59
106.880000 107.168000 62
107.520000 108.192000 63
108.416000 109.504000 62
109.984000 110.240000 58
110.240000 110.848000 60
110.848000 111.072000 57
111.264000 113.152000 56
114.272000 114.336000 59
114.336000 115.200000 67
115.712000 115.808000 63
115.808000 116.928000 69
116.928000 117.728000 71
117.728000 118.208000 69
118.336000 119.296000 71
119.680000 120.704000 71
120.832000 120.960000 69
120.960000 121.120000 68
121.120000 121.600000 66
121.600000 122.496000 70
122.656000 123.648000 67
123.648000 123.968000 62
124.192000 125.120000 62
125.888000 127.232000 57
127.232000 127.616000 59
128.128000 128.256000 59
128.256000 128.736000 62
128.736000 129.728000 65
129.728000 130.944000 69
131.072000 131.136000 66
131.392000 132.608000 70
132.736000 132.832000 66
132.832000 134.592000 64
134.816000 135.104000 62
135.168000 135.296000 63
135.296000 138.752000 67
139.264000 139.552000 62
140.032000 140.288000 62
140.640000 140.800000 62
141.056000 141.408000 64
141.536000 142.016000 62
142.144000 142.240000 61
142.624000 142.912000 57
142.976000 143.264000 57
143.392000 144.640000 59
144.640000 145.760000 62
145.856000 147.328000 63
148.384000 148.576000 74
148.576000 148.864000 73
149.088000 150.144000 71
150.144000 150.528000 74
150.624000 152.000000 65
152.096000 152.896000 62
153.024000 153.472000 64
154.592000 154.720000 57
154.816000 155.616000 62
155.904000 156.384000 64
156.736000 156.864000 64
157.632000 158.112000 62
158.272000 158.304000 61
158.528000 158.880000 59
158.880000 159.232000 58
159.328000 162.176000 55
162.368000 162.432000 60
162.432000 162.496000 63
162.496000 163.392000 68
163.936000 164.032000 65
164.032000 164.800000 67
164.800000 166.464000 71
166.560000 167.552000 72
167.936000 169.184000 71
169.184000 169.568000 67
169.632000 169.856000 66
169.856000 170.720000 69
170.880000 171.328000 65
171.328000 171.584000 67
171.584000 172.192000 65
172.384000 173.344000 62
173.472000 173.568000 59
174.144000 175.040000 55
175.264000 175.808000 59
176.320000 176.480000 60
176.480000 176.928000 62
176.928000 177.952000 65
177.952000 179.072000 69
179.584000 180.768000 71
180.928000 181.376000 65
181.376000 182.656000 62
182.944000 183.232000 62
183.456000 184.256000 65
184.256000 186.528000 67
