5.760000 6.048000 56
6.336000 6.432000 56
32.064000 33.888000 65
34.752000 34.912000 57
34.912000 35.104000 60
35.200000 35.680000 63
35.680000 37.280000 65
38.368000 41.664000 65
42.496000 42.816000 62
42.912000 44.480000 63
46.592000 48.352000 65
49.312000 49.376000 57
49.376000 50.112000 61
50.208000 51.808000 65
52.896000 54.400000 68
54.400000 55.072000 63
55.168000 56.416000 63
57.024000 59.456000 63
60.864000 62.816000 63
63.072000 63.328000 63
63.328000 63.552000 62
63.552000 63.872000 59
64.544000 64.640000 58
64.832000 67.456000 65
67.456000 67.904000 61
68.416000 68.480000 60
68.480000 68.768000 63
68.896000 70.080000 63
70.272000 70.592000 62
70.592000 71.104000 61
71.776000 71.936000 58
72.064000 73.216000 68
73.312000 73.664000 70
73.760000 74.464000 69
74.784000 75.008000 66
75.008000 75.648000 68
75.648000 76.032000 65
76.128000 78.816000 71
78.816000 80.288000 68
80.384000 82.656000 70
82.976000 83.392000 65
83.392000 86.112000 71
86.112000 87.872000 69
87.872000 89.728000 65
90.240000 90.720000 61
91.136000 91.520000 63
92.960000 93.280000 63
93.408000 93.568000 62
93.856000 94.208000 65
94.336000 96.288000 68
96.640000 96.896000 65
96.896000 98.272000 70
98.400000 99.008000 70
99.136000 99.968000 73
99.968000 104.448000 70
113.952000 114.176000 70
114.400000 114.624000 70
141.184000 142.720000 65
143.936000 144.128000 57
144.128000 144.800000 61
144.800000 146.528000 65
147.520000 150.848000 65
151.616000 153.312000 63
153.440000 153.888000 63
155.808000 157.536000 65
158.464000 158.528000 57
158.528000 158.656000 58
158.656000 159.264000 61
159.360000 161.216000 65
162.080000 162.240000 64
162.240000 163.104000 68
163.104000 164.224000 64
164.352000 165.504000 63
166.112000 168.768000 63
170.112000 172.000000 63
172.224000 172.512000 63
172.512000 172.704000 62
172.704000 173.024000 59
173.664000 173.856000 58
174.016000 176.608000 65
176.608000 177.056000 62
177.568000 177.632000 60
177.632000 177.888000 63
178.016000 179.264000 63
179.488000 179.936000 63
180.928000 181.120000 58
181.216000 182.432000 68
182.560000 183.456000 69
183.968000 184.160000 65
184.160000 184.800000 68
184.800000 185.280000 66
185.280000 188.512000 72
188.640000 189.152000 68
189.280000 189.600000 68
189.728000 190.784000 70
190.848000 190.912000 68
191.040000 191.840000 68
192.096000 192.224000 65
192.512000 192.576000 69
192.576000 195.744000 73
195.744000 196.960000 68
197.152000 199.008000 65
199.200000 200.928000 65
201.056000 201.440000 63
202.048000 202.240000 63
202.336000 202.752000 62
203.008000 203.360000 65
203.488000 205.312000 68
205.728000 206.688000 69
206.688000 208.160000 70
208.288000 209.856000 73
209.856000 212.192000 70
212.992000 213.152000 64
213.248000 214.048000 68
214.048000 214.272000 66
214.400000 217.632000 72
217.728000 220.928000 69
221.184000 221.248000 63
221.248000 221.632000 66
221.632000 226.176000 72
226.240000 227.680000 65
228.480000 228.992000 61
229.376000 229.472000 63
229.632000 229.792000 63
230.208000 230.496000 63
231.232000 231.808000 63
232.128000 232.480000 65
232.576000 234.400000 68
234.912000 235.136000 66
235.136000 236.512000 70
236.672000 237.248000 70
237.344000 238.976000 73
238.976000 242.368000 70
243.072000 244.832000 65
245.792000 246.592000 61
246.720000 248.736000 65
249.408000 251.424000 68
251.424000 253.344000 63
253.568000 256.320000 63
256.416000 256.672000 62
264.096000 264.224000 63
264.544000 264.640000 63
