1.120000 1.376000 64
1.536000 1.824000 69
1.920000 2.144000 68
2.240000 2.496000 64
2.496000 4.608000 64
4.608000 5.280000 66
5.376000 6.304000 64
6.784000 7.104000 65
7.104000 7.424000 69
7.520000 7.744000 68
7.840000 8.064000 61
8.064000 8.768000 60
8.768000 9.184000 61
9.184000 12.416000 61
13.024000 13.376000 62
13.376000 13.632000 64
13.792000 15.104000 66
15.200000 15.520000 64
15.520000 15.776000 63
15.904000 16.224000 61
16.576000 18.016000 66
18.016000 18.688000 61
19.040000 19.264000 61
19.360000 19.936000 59
19.936000 21.344000 58
21.472000 21.696000 64
21.792000 23.808000 61
24.800000 25.888000 59
26.304000 27.296000 59
27.744000 28.000000 57
28.000000 28.608000 60
28.608000 29.120000 64
29.120000 30.112000 59
30.464000 31.104000 59
31.264000 31.456000 57
31.616000 31.776000 54
31.904000 32.160000 57
32.256000 32.544000 58
32.640000 32.864000 57
33.280000 33.632000 58
33.632000 34.144000 60
34.144000 34.624000 63
34.784000 35.680000 57
36.064000 36.320000 57
36.448000 37.024000 69
37.120000 37.376000 69
37.376000 37.728000 67
37.824000 38.944000 69
38.944000 39.680000 66
39.776000 40.160000 64
40.288000 41.344000 61
41.632000 42.272000 61
42.400000 43.040000 57
43.040000 44.384000 61
44.480000 45.216000 61
45.344000 45.760000 64
45.920000 46.816000 59
47.232000 47.840000 59
47.936000 48.192000 57
48.672000 49.280000 59
49.376000 49.696000 57
49.792000 50.016000 55
50.016000 50.272000 57
50.400000 50.784000 59
50.944000 51.360000 64
51.488000 52.320000 59
52.800000 53.088000 57
53.184000 53.440000 58
53.568000 53.760000 57
54.240000 54.848000 58
54.944000 55.232000 57
55.616000 55.968000 57
55.968000 56.480000 60
56.480000 56.960000 64
57.088000 57.952000 57
58.368000 58.656000 57
58.784000 59.744000 69
59.744000 60.032000 65
60.192000 61.152000 69
61.248000 61.952000 66
62.112000 62.528000 64
62.528000 63.552000 61
64.000000 64.352000 61
64.352000 67.296000 61
67.296000 70.368000 66
70.880000 71.200000 64
71.328000 71.584000 69
71.712000 71.936000 68
72.032000 72.288000 64
72.288000 74.368000 64
74.368000 75.072000 66
75.232000 76.128000 64
76.512000 76.768000 64
76.896000 77.184000 69
77.312000 77.504000 68
77.600000 79.264000 61
79.392000 79.616000 57
79.712000 80.064000 58
80.064000 82.112000 61
82.784000 83.168000 62
83.168000 83.424000 64
83.584000 84.832000 66
84.960000 85.280000 64
85.280000 85.472000 62
85.664000 86.048000 61
86.336000 87.776000 66
87.776000 88.448000 61
88.800000 89.024000 61
89.120000 89.696000 59
89.824000 91.136000 57
91.232000 91.456000 64
91.584000 92.064000 61
92.160000 92.992000 59
93.248000 93.568000 64
93.664000 94.240000 69
94.240000 94.560000 67
94.752000 96.704000 64
96.704000 98.496000 67
98.784000 99.168000 65
99.168000 99.840000 69
99.968000 100.544000 61
100.704000 101.664000 61
101.664000 102.272000 57
102.368000 103.744000 74
103.744000 104.960000 70
105.312000 105.664000 66
105.856000 106.208000 69
106.208000 107.296000 73
107.296000 108.416000 70
108.640000 108.832000 70
108.832000 109.984000 73
109.984000 110.816000 69
110.912000 111.328000 69
111.456000 112.384000 66
112.480000 113.408000 65
113.408000 114.272000 63
114.272000 114.848000 64
115.328000 115.456000 59
115.456000 115.680000 62
115.680000 116.192000 64
116.384000 117.664000 61
117.664000 119.168000 58
119.264000 119.456000 57
139.360000 139.968000 58
140.064000 140.256000 57
140.736000 141.664000 59
141.664000 142.048000 56
142.144000 142.336000 57
142.496000 142.880000 59
143.072000 143.424000 64
143.552000 144.448000 59
144.864000 145.536000 58
145.632000 145.888000 57
146.368000 146.944000 58
147.072000 147.360000 57
147.712000 148.064000 57
148.064000 148.608000 60
148.608000 148.992000 64
149.184000 150.176000 57
150.464000 150.752000 57
150.880000 151.808000 69
151.904000 152.128000 64
152.288000 153.216000 69
153.344000 154.048000 66
154.176000 154.560000 64
154.688000 155.648000 64
156.096000 156.448000 61
156.448000 159.328000 61
159.328000 162.464000 66
162.976000 163.264000 64
163.392000 163.680000 69
163.808000 164.064000 68
164.064000 164.416000 65
164.416000 166.464000 64
166.464000 167.232000 66
167.328000 168.224000 64
168.608000 168.896000 65
168.896000 169.248000 69
169.376000 169.568000 68
169.664000 169.984000 62
169.984000 170.624000 60
170.624000 171.040000 61
171.040000 173.184000 60
173.184000 174.368000 61
174.880000 175.264000 62
175.264000 175.552000 64
175.648000 176.960000 66
177.088000 177.408000 64
177.408000 177.632000 62
177.728000 178.272000 61
178.432000 179.840000 66
179.840000 180.544000 61
180.896000 181.088000 61
181.216000 181.824000 59
181.920000 182.496000 57
182.496000 183.200000 57
183.328000 183.520000 64
183.648000 185.056000 61
185.376000 185.760000 65
185.760000 186.400000 69
186.400000 186.688000 65
186.848000 188.864000 64
188.864000 189.472000 66
189.568000 190.624000 64
190.880000 191.264000 65
191.264000 191.936000 69
192.096000 192.608000 61
192.768000 193.728000 61
193.728000 194.336000 58
194.432000 194.496000 71
194.496000 195.840000 73
195.840000 197.120000 70
197.408000 197.792000 66
197.952000 198.304000 69
198.304000 199.200000 73
199.200000 199.680000 71
199.680000 200.448000 67
200.736000 202.016000 73
202.144000 202.880000 69
203.136000 203.424000 69
203.552000 205.504000 66
205.600000 206.112000 61
206.304000 207.648000 64
207.648000 209.056000 62
209.344000 211.808000 69
211.936000 212.256000 64
212.256000 212.672000 68
212.800000 212.960000 66
212.960000 213.184000 68
213.312000 213.728000 68
213.824000 214.240000 68
214.368000 215.104000 69
215.104000 216.032000 66
216.128000 216.384000 61
216.480000 217.344000 66
217.504000 217.696000 57
217.888000 218.624000 61
218.784000 219.264000 64
219.264000 220.224000 60
220.544000 220.736000 68
220.832000 221.056000 69
221.152000 222.112000 69
222.208000 223.072000 69
223.072000 223.552000 66
223.648000 226.240000 69
226.240000 226.496000 66
226.656000 226.752000 64
226.848000 227.232000 64
227.328000 227.616000 62
227.616000 228.640000 66
228.640000 229.952000 71
229.952000 230.368000 65
230.368000 230.656000 69
230.784000 230.976000 68
231.104000 231.392000 64
231.392000 233.472000 64
233.472000 234.112000 66
234.240000 235.232000 64
235.616000 235.936000 65
235.936000 236.256000 69
236.352000 236.576000 68
236.672000 236.928000 61
236.928000 238.560000 61
238.560000 239.008000 57
239.136000 240.160000 59
240.160000 241.344000 61
241.888000 242.240000 62
242.240000 242.496000 64
242.656000 243.872000 66
244.064000 244.384000 64
244.384000 244.608000 62
244.736000 245.248000 61
245.408000 246.880000 66
246.880000 247.520000 61
247.808000 248.064000 61
248.192000 248.800000 59
248.896000 250.176000 57
250.336000 250.528000 64
250.656000 251.136000 61
251.232000 252.064000 59
252.320000 252.704000 65
252.704000 253.344000 69
253.344000 253.664000 65
253.792000 255.744000 64
255.840000 256.448000 66
256.576000 257.600000 64
257.888000 258.272000 66
258.272000 258.912000 69
259.008000 259.616000 61
259.744000 260.704000 61
260.704000 261.344000 58
261.440000 262.752000 73
262.752000 264.096000 70
264.384000 264.768000 66
264.896000 265.280000 69
265.280000 265.888000 73
265.984000 266.336000 71
266.336000 267.424000 70
267.712000 268.960000 73
269.120000 270.368000 69
270.528000 270.784000 64
270.880000 272.512000 66
272.608000 272.800000 59
272.800000 273.024000 61
273.248000 274.016000 64
274.336000 274.464000 59
274.464000 274.688000 62
274.688000 275.200000 64
275.392000 276.768000 61
276.768000 278.496000 58
282.240000 282.528000 56
282.624000 282.752000 56
284.928000 285.376000 64
