15.584000 15.648000 54
15.648000 15.776000 55
15.776000 16.992000 57
16.992000 17.728000 55
18.048000 18.336000 54
18.432000 18.784000 57
18.880000 20.416000 60
20.416000 20.896000 54
22.464000 23.488000 57
23.584000 23.968000 56
24.736000 25.088000 56
25.088000 25.632000 55
25.728000 26.016000 57
26.112000 26.432000 54
26.432000 26.816000 53
26.976000 27.072000 49
28.512000 28.576000 54
28.576000 28.736000 56
28.736000 29.952000 57
29.952000 30.624000 55
31.168000 31.392000 55
31.392000 32.960000 59
33.056000 33.216000 61
33.216000 33.888000 57
35.456000 36.160000 56
36.320000 36.448000 57
36.544000 37.056000 56
37.664000 38.048000 56
38.240000 39.360000 57
39.360000 40.320000 54
41.344000 41.472000 55
41.472000 42.624000 62
42.720000 43.616000 62
44.160000 44.384000 56
44.384000 44.576000 57
44.576000 44.928000 61
44.928000 45.504000 54
47.968000 50.208000 62
50.624000 51.360000 65
51.360000 51.776000 66
51.904000 56.096000 61
57.344000 58.176000 54
60.608000 61.568000 54
80.704000 80.800000 62
80.896000 81.920000 62
84.416000 84.608000 66
84.800000 85.824000 66
87.136000 87.584000 59
87.744000 88.512000 67
88.512000 90.016000 66
90.176000 90.496000 61
90.496000 91.328000 65
91.328000 91.712000 69
91.872000 91.904000 63
91.936000 92.128000 64
92.128000 92.416000 66
92.448000 92.480000 66
94.432000 94.592000 64
94.688000 94.816000 67
96.352000 97.920000 57
97.920000 98.880000 56
99.072000 99.232000 52
99.232000 99.328000 54
99.584000 99.776000 57
99.872000 100.192000 59
100.352000 101.248000 61
101.344000 101.696000 54
103.552000 104.256000 56
104.352000 104.512000 56
104.608000 105.120000 56
105.792000 106.240000 56
106.272000 106.528000 54
106.528000 106.752000 54
106.752000 107.136000 57
107.296000 107.712000 53
107.808000 108.000000 49
109.600000 109.792000 56
109.792000 110.976000 57
110.976000 111.840000 55
112.032000 112.096000 52
112.096000 112.192000 54
112.192000 112.736000 57
112.832000 113.888000 59
114.048000 114.208000 60
114.208000 114.656000 54
116.480000 117.248000 56
117.472000 118.048000 56
118.720000 119.072000 56
119.072000 119.712000 54
119.712000 120.000000 57
120.000000 121.216000 56
122.528000 124.768000 62
125.216000 125.632000 57
125.760000 125.920000 61
126.080000 126.304000 54
127.104000 128.416000 66
128.512000 128.608000 66
128.992000 130.848000 64
131.008000 131.296000 66
131.712000 132.416000 65
132.416000 132.768000 66
132.896000 135.360000 61
135.360000 137.120000 60
137.216000 137.632000 59
138.528000 138.752000 53
138.912000 139.136000 54
141.536000 141.632000 50
141.632000 142.688000 54
145.312000 145.376000 54
145.568000 146.176000 57
146.176000 147.296000 56
147.648000 147.968000 54
148.096000 148.384000 57
148.512000 148.640000 56
148.640000 149.952000 61
150.016000 150.048000 54
150.112000 150.528000 54
152.192000 153.728000 57
154.368000 154.432000 55
154.464000 154.752000 56
154.752000 155.264000 54
155.392000 155.712000 57
155.712000 156.064000 54
156.064000 156.704000 51
158.208000 158.432000 56
158.432000 159.392000 57
159.392000 160.480000 56
160.672000 160.736000 52
160.736000 161.088000 57
161.088000 162.912000 60
163.040000 163.488000 54
165.120000 165.856000 56
165.984000 166.112000 56
166.208000 166.336000 55
167.424000 167.744000 56
168.000000 168.384000 55
168.384000 168.672000 57
168.672000 170.080000 56
171.360000 172.000000 57
172.224000 172.416000 57
172.544000 172.800000 54
173.632000 173.696000 51
173.696000 173.920000 54
174.016000 174.368000 57
174.464000 174.784000 59
174.880000 175.296000 59
175.424000 175.776000 60
175.840000 175.904000 61
176.064000 176.256000 64
176.352000 177.312000 66
178.080000 178.784000 56
179.168000 179.680000 57
179.744000 179.904000 58
180.352000 180.448000 54
180.448000 180.704000 56
180.704000 181.312000 55
181.312000 181.728000 57
181.728000 182.304000 55
182.432000 182.656000 49
184.352000 184.448000 56
184.544000 184.992000 57
185.024000 185.056000 58
185.152000 185.376000 57
185.600000 185.632000 54
185.664000 185.760000 54
185.920000 186.016000 64
186.144000 186.368000 66
186.624000 186.688000 52
186.688000 187.008000 55
187.008000 187.520000 57
187.520000 188.480000 59
188.960000 188.992000 65
189.184000 189.376000 64
189.408000 190.272000 66
191.040000 191.104000 53
191.104000 191.520000 56
191.648000 191.840000 56
191.936000 192.128000 56
192.416000 192.576000 56
192.704000 192.896000 53
193.408000 193.696000 56
193.856000 193.920000 54
193.920000 194.272000 55
194.272000 194.624000 57
194.624000 195.808000 54
197.536000 197.984000 57
198.080000 198.528000 57
199.296000 200.128000 53
200.192000 200.224000 53
200.256000 200.320000 54
201.184000 201.472000 66
201.504000 202.400000 66
202.496000 202.688000 66
202.848000 203.008000 64
204.256000 204.288000 57
204.736000 205.088000 57
205.888000 206.048000 56
206.048000 206.112000 53
207.712000 208.864000 66
210.624000 210.784000 57
210.816000 210.880000 57
212.032000 212.224000 57
212.384000 212.512000 57
213.088000 214.176000 56
214.464000 214.496000 54
215.136000 215.168000 52
215.232000 215.264000 52
215.520000 215.616000 53
215.744000 216.544000 54
217.408000 217.600000 66
217.760000 218.272000 66
218.368000 219.584000 66
220.736000 221.120000 67
221.120000 221.472000 68
221.472000 222.016000 66
222.496000 222.592000 66
223.200000 223.456000 67
