22.272000 22.848000 59
22.976000 23.968000 64
23.968000 25.856000 61
25.984000 26.176000 60
26.976000 27.520000 61
27.520000 28.416000 61
28.416000 30.080000 59
31.072000 31.296000 57
31.872000 32.064000 56
32.256000 35.200000 68
36.000000 36.448000 67
36.576000 37.120000 66
37.216000 37.600000 66
37.600000 40.064000 65
40.992000 41.440000 73
41.440000 41.568000 72
41.568000 42.624000 72
42.624000 44.896000 69
45.440000 46.048000 66
46.144000 49.344000 71
50.112000 50.464000 57
50.784000 50.848000 67
50.848000 52.096000 71
52.096000 54.048000 66
54.784000 54.912000 63
54.912000 56.160000 66
56.256000 56.512000 68
56.512000 58.592000 63
59.456000 60.800000 73
60.928000 61.504000 70
61.792000 62.720000 67
62.720000 63.072000 68
63.360000 63.456000 62
63.552000 63.808000 61
64.096000 64.352000 64
64.352000 64.672000 63
64.672000 65.600000 69
65.600000 66.112000 71
66.464000 66.720000 68
66.720000 66.976000 71
66.976000 67.264000 73
67.264000 67.424000 71
67.424000 67.904000 70
67.904000 68.960000 73
68.960000 69.568000 70
69.856000 70.112000 65
70.112000 73.024000 71
73.024000 74.528000 61
75.744000 77.120000 73
77.120000 78.240000 72
78.240000 79.680000 70
80.320000 80.512000 64
80.608000 80.864000 67
80.864000 81.056000 68
81.056000 82.624000 73
82.624000 84.096000 68
84.960000 85.472000 66
85.568000 86.560000 66
87.296000 87.488000 68
87.488000 87.808000 67
87.808000 87.872000 65
87.872000 91.872000 64
92.832000 93.152000 61
93.408000 95.872000 74
96.576000 96.640000 62
96.640000 96.896000 65
96.896000 97.376000 68
97.472000 97.920000 71
97.920000 102.560000 65
122.240000 122.496000 57
122.656000 123.584000 65
123.584000 126.528000 63
126.720000 127.648000 61
127.744000 128.096000 61
128.096000 130.240000 60
130.496000 131.040000 62
131.616000 131.840000 56
132.032000 135.232000 68
135.744000 136.192000 68
136.352000 136.544000 66
136.544000 137.920000 66
137.920000 139.680000 61
140.704000 141.120000 73
141.248000 142.400000 72
142.400000 144.160000 68
144.512000 144.672000 68
145.312000 145.792000 66
145.920000 149.280000 71
149.856000 150.336000 56
150.336000 150.560000 62
150.560000 151.552000 71
151.712000 153.824000 67
154.592000 155.072000 65
155.072000 156.224000 68
156.320000 158.304000 61
159.104000 159.776000 73
159.776000 161.088000 73
161.088000 161.248000 68
161.504000 161.728000 66
161.824000 162.016000 64
162.112000 163.168000 68
163.168000 163.200000 63
163.296000 163.552000 61
163.840000 164.064000 64
164.064000 164.384000 62
164.384000 164.768000 65
164.768000 164.960000 65
164.960000 165.280000 68
165.280000 165.504000 71
165.504000 166.432000 70
166.432000 168.992000 74
168.992000 169.312000 68
169.600000 169.856000 65
169.856000 169.952000 65
169.952000 170.400000 68
170.400000 172.704000 71
172.704000 174.688000 61
175.456000 177.248000 74
177.248000 178.208000 71
178.368000 179.424000 67
180.000000 180.352000 66
180.352000 180.800000 68
180.896000 181.568000 73
181.664000 184.064000 68
184.736000 185.216000 66
185.312000 186.240000 66
187.040000 187.296000 68
187.296000 187.552000 66
187.552000 191.584000 65
192.576000 192.992000 61
193.152000 195.744000 74
196.320000 196.384000 63
196.384000 196.608000 65
196.608000 197.088000 68
197.184000 197.696000 71
197.792000 200.160000 63
200.928000 202.560000 73
202.688000 203.680000 71
203.680000 204.928000 69
205.632000 205.792000 64
205.888000 206.144000 66
206.144000 206.432000 68
206.432000 207.072000 73
207.232000 209.664000 69
210.208000 210.400000 66
210.528000 210.720000 65
210.848000 211.648000 66
212.544000 212.800000 68
212.800000 213.024000 66
213.024000 216.928000 65
218.080000 218.560000 61
218.656000 221.248000 74
221.856000 222.144000 65
222.144000 222.592000 68
222.688000 223.232000 71
223.360000 226.496000 62
226.592000 226.752000 61
