11.296000 11.424000 55
11.424000 11.616000 57
11.744000 12.672000 63
12.832000 13.856000 62
13.856000 13.984000 58
14.112000 14.752000 58
15.488000 15.744000 57
15.968000 16.992000 63
16.992000 18.432000 62
18.560000 19.008000 59
19.872000 20.288000 60
20.384000 20.512000 62
20.640000 20.736000 60
20.736000 21.312000 62
21.952000 22.208000 60
22.208000 22.656000 62
22.752000 23.104000 62
23.232000 23.840000 60
24.288000 25.792000 58
28.064000 28.192000 57
28.192000 28.320000 59
28.480000 30.080000 63
30.080000 30.752000 61
30.848000 31.008000 58
31.072000 31.552000 58
32.192000 32.416000 59
32.416000 32.992000 62
33.152000 33.600000 65
33.600000 34.816000 62
34.976000 35.072000 61
35.072000 35.616000 60
37.088000 37.248000 58
37.248000 38.240000 63
38.432000 38.720000 58
39.712000 39.776000 60
39.776000 40.096000 62
40.096000 40.992000 61
40.992000 42.560000 63
43.072000 44.992000 65
45.152000 45.280000 65
45.408000 45.952000 66
45.952000 46.304000 70
46.464000 46.784000 69
46.784000 47.200000 66
47.200000 47.424000 63
47.520000 47.712000 63
47.776000 48.160000 65
48.160000 49.024000 65
49.344000 50.016000 58
50.016000 50.112000 62
50.112000 50.496000 70
50.592000 51.008000 69
51.168000 52.160000 65
52.480000 52.736000 59
52.736000 53.216000 62
53.504000 53.728000 58
53.952000 54.176000 58
54.272000 54.560000 68
54.560000 55.008000 70
55.008000 55.840000 67
56.128000 56.448000 62
56.544000 57.536000 62
57.632000 57.920000 58
58.528000 58.624000 62
58.720000 58.880000 62
59.232000 59.744000 62
59.744000 59.936000 59
60.064000 60.736000 62
60.832000 61.248000 60
62.112000 62.560000 65
62.656000 62.976000 70
63.168000 63.264000 67
63.264000 63.424000 69
63.424000 63.872000 67
63.872000 65.728000 65
65.824000 65.920000 60
66.048000 66.528000 58
66.816000 67.200000 70
67.296000 67.648000 69
67.840000 68.032000 65
68.160000 68.864000 63
69.152000 69.376000 58
69.376000 69.920000 62
70.176000 70.624000 59
70.752000 71.520000 67
71.744000 71.968000 65
71.968000 72.544000 64
72.832000 73.248000 65
73.248000 73.600000 68
73.600000 74.336000 70
74.432000 75.840000 62
76.480000 76.640000 58
76.736000 76.864000 66
76.992000 78.464000 67
78.464000 78.912000 63
79.040000 80.352000 59
84.352000 84.480000 55
84.480000 84.640000 57
84.768000 85.728000 63
85.824000 86.624000 62
86.624000 87.008000 60
87.168000 87.808000 58
88.704000 88.832000 59
88.960000 91.264000 63
91.360000 91.520000 60
91.616000 92.000000 58
92.640000 92.768000 57
92.928000 93.344000 60
93.440000 93.568000 62
93.664000 94.304000 62
94.304000 94.464000 58
94.976000 95.200000 58
95.200000 96.160000 62
96.288000 96.640000 60
97.376000 98.656000 58
99.008000 99.264000 61
99.520000 99.616000 60
101.152000 101.216000 57
101.216000 101.376000 61
101.536000 101.664000 62
101.760000 103.104000 63
103.104000 103.712000 61
103.872000 104.512000 58
105.248000 105.408000 55
105.408000 106.112000 62
106.208000 106.560000 65
106.560000 107.904000 64
108.000000 108.096000 61
108.096000 108.736000 60
109.344000 109.504000 58
109.600000 109.984000 60
110.112000 111.264000 63
111.456000 111.712000 58
112.768000 113.184000 63
113.184000 113.920000 60
114.016000 115.648000 63
116.128000 116.864000 63
116.864000 117.888000 65
118.176000 118.336000 65
118.432000 118.976000 66
118.976000 119.328000 70
119.488000 119.776000 69
119.776000 120.224000 66
120.224000 120.704000 63
120.800000 121.024000 65
121.280000 121.600000 62
121.600000 122.080000 65
122.368000 122.560000 58
122.656000 123.424000 58
123.680000 124.032000 69
124.032000 124.416000 66
124.416000 125.248000 63
125.536000 125.728000 58
125.728000 126.272000 62
126.560000 127.232000 58
127.328000 127.584000 68
127.584000 128.096000 70
128.096000 128.512000 67
128.608000 128.864000 65
129.184000 129.632000 63
129.632000 130.976000 62
131.552000 131.968000 63
132.096000 132.192000 59
132.288000 132.768000 62
132.768000 132.960000 59
133.088000 134.368000 61
134.944000 135.040000 65
135.136000 135.680000 65
135.680000 136.032000 70
136.192000 136.320000 67
136.320000 136.544000 69
136.544000 136.672000 67
136.672000 137.440000 65
137.536000 137.728000 65
137.920000 138.304000 62
138.304000 138.752000 65
139.040000 139.616000 58
139.840000 140.768000 70
140.864000 141.056000 65
141.152000 141.280000 62
141.408000 141.856000 63
142.176000 142.432000 58
142.432000 142.976000 62
143.232000 143.648000 58
143.808000 144.608000 67
144.800000 145.056000 65
145.056000 145.600000 63
145.856000 145.984000 64
145.984000 146.240000 65
146.240000 146.848000 69
146.944000 147.712000 60
147.712000 148.704000 62
149.536000 149.696000 59
149.792000 149.920000 67
150.016000 151.488000 67
151.488000 151.936000 63
152.128000 153.152000 60
153.664000 154.432000 63
155.136000 155.232000 65
155.680000 156.192000 64
157.056000 157.760000 62
157.760000 158.528000 59
158.880000 160.320000 58
160.480000 161.216000 58
162.272000 162.496000 62
163.424000 163.552000 62
163.904000 164.032000 62
164.128000 164.672000 63
166.464000 167.104000 58
167.232000 167.584000 60
168.256000 168.416000 65
168.512000 168.960000 65
168.992000 169.056000 65
169.056000 169.408000 70
169.568000 169.856000 69
169.856000 170.368000 67
170.368000 170.784000 63
170.976000 171.008000 65
171.392000 171.680000 62
171.680000 172.160000 65
172.448000 172.640000 58
172.736000 173.248000 63
173.248000 173.600000 70
173.760000 174.144000 69
174.144000 174.496000 66
174.496000 175.328000 63
175.616000 175.840000 58
175.840000 176.384000 62
176.640000 177.312000 58
177.408000 177.696000 69
177.696000 178.208000 70
178.208000 178.624000 66
178.720000 178.976000 65
179.232000 179.552000 62
179.648000 181.056000 62
181.664000 182.048000 63
182.176000 182.272000 59
182.368000 182.880000 62
182.880000 183.072000 59
183.168000 184.480000 61
185.024000 185.120000 65
185.216000 185.760000 66
185.760000 186.112000 70
186.272000 186.656000 69
186.656000 187.040000 66
187.040000 187.840000 65
188.032000 188.416000 62
188.416000 188.800000 65
189.152000 189.792000 58
189.920000 190.784000 70
190.976000 191.072000 65
191.264000 191.392000 62
191.488000 191.936000 63
192.288000 192.512000 58
192.512000 193.088000 62
193.312000 193.728000 58
193.888000 194.688000 67
194.880000 195.040000 65
195.136000 195.680000 62
195.936000 196.096000 65
196.096000 196.416000 65
196.416000 197.472000 70
197.600000 198.816000 62
199.648000 199.776000 58
199.872000 200.000000 67
200.128000 201.568000 66
201.568000 203.584000 64
