3.168000 3.264000 56
6.752000 8.160000 55
9.472000 9.632000 56
12.384000 13.952000 61
13.952000 15.072000 66
15.296000 16.320000 65
16.320000 16.576000 69
16.704000 17.600000 69
18.240000 19.360000 71
19.360000 20.192000 70
20.192000 22.048000 68
23.872000 25.856000 69
25.856000 26.688000 69
26.688000 27.360000 66
27.360000 28.032000 60
28.192000 29.120000 62
29.408000 29.792000 62
29.792000 30.976000 65
30.976000 31.520000 66
31.520000 32.352000 65
32.480000 34.336000 61
35.232000 35.840000 66
36.000000 36.608000 59
36.704000 37.600000 67
37.600000 40.544000 69
40.960000 41.632000 71
41.632000 43.168000 71
43.168000 46.400000 68
46.688000 49.568000 70
49.568000 50.016000 71
50.016000 52.160000 68
52.416000 52.992000 62
53.088000 53.600000 62
53.792000 54.336000 64
56.352000 57.088000 61
58.080000 59.456000 74
59.584000 60.960000 74
60.960000 61.568000 72
61.568000 62.432000 67
62.432000 63.392000 69
63.840000 65.248000 69
65.248000 65.888000 71
65.888000 68.960000 70
69.216000 69.312000 66
69.600000 70.880000 65
70.944000 72.192000 64
72.352000 72.960000 66
72.960000 73.024000 62
73.024000 73.888000 60
73.888000 74.848000 62
75.296000 76.704000 61
76.704000 77.248000 64
77.504000 78.272000 58
78.400000 80.736000 59
80.960000 81.632000 66
81.664000 82.368000 60
82.432000 83.040000 64
83.104000 86.304000 69
86.528000 86.688000 67
86.688000 88.704000 71
88.864000 91.936000 68
92.352000 95.232000 68
95.232000 95.776000 71
95.776000 97.920000 67
98.176000 99.392000 62
99.520000 100.096000 64
100.384000 103.168000 62
103.840000 105.216000 73
105.344000 107.328000 74
107.424000 108.064000 64
108.160000 109.184000 69
109.504000 110.912000 69
110.912000 111.616000 71
111.616000 114.624000 70
114.720000 114.880000 66
115.040000 117.856000 66
117.952000 118.080000 64
118.080000 118.560000 66
118.560000 118.784000 65
118.880000 119.584000 59
119.584000 120.576000 62
120.992000 122.432000 62
122.432000 122.944000 64
123.328000 125.984000 59
126.720000 128.864000 61
129.056000 129.408000 61
129.568000 130.112000 64
130.336000 130.528000 64
131.040000 131.680000 57
131.776000 131.872000 57
132.544000 133.408000 59
134.112000 134.304000 59
134.656000 134.848000 58
