7.168000 7.520000 61
7.968000 8.096000 60
11.520000 11.936000 59
13.184000 13.568000 62
13.920000 14.528000 73
14.720000 14.880000 72
15.168000 15.264000 72
18.080000 18.176000 68
25.600000 26.528000 73
26.912000 27.136000 70
27.136000 28.000000 68
28.000000 28.384000 60
28.672000 28.864000 63
35.968000 36.256000 71
37.856000 37.952000 58
41.472000 42.176000 62
42.336000 42.720000 56
42.720000 42.880000 52
43.040000 43.136000 51
43.232000 43.424000 51
43.744000 44.096000 49
44.352000 44.608000 52
44.864000 45.152000 54
45.344000 45.696000 54
45.824000 45.952000 53
46.048000 46.176000 52
46.176000 46.592000 56
46.720000 47.232000 55
48.320000 48.640000 63
48.800000 49.024000 61
49.184000 49.536000 56
49.536000 49.792000 55
49.888000 50.240000 51
50.400000 51.008000 51
51.136000 51.456000 52
51.840000 52.032000 53
52.160000 52.736000 55
52.896000 54.144000 57
54.752000 54.880000 56
55.008000 55.072000 55
55.200000 55.488000 56
55.648000 56.128000 54
56.608000 56.736000 65
56.896000 57.184000 63
57.312000 58.816000 63
59.040000 59.392000 56
59.712000 59.776000 71
59.776000 60.128000 73
61.632000 61.984000 56
62.080000 62.400000 56
62.496000 62.624000 54
62.784000 63.072000 54
63.520000 63.616000 54
63.776000 64.288000 56
64.480000 65.248000 59
65.472000 66.624000 57
68.512000 68.672000 60
68.928000 69.664000 63
69.792000 70.176000 56
70.496000 70.848000 50
71.264000 72.160000 52
72.352000 72.576000 53
72.832000 73.376000 54
73.568000 74.336000 57
75.776000 76.448000 62
76.608000 77.056000 56
77.376000 77.632000 51
78.368000 78.464000 51
78.656000 78.784000 52
79.232000 80.384000 56
80.544000 81.536000 57
82.176000 83.680000 56
84.032000 84.128000 55
84.320000 85.920000 63
86.016000 86.304000 62
86.496000 86.656000 59
86.816000 87.072000 59
87.200000 87.520000 61
87.808000 88.128000 52
89.024000 89.120000 55
89.216000 89.376000 56
89.472000 90.496000 56
91.104000 91.360000 55
91.488000 91.680000 54
91.744000 91.872000 55
92.064000 94.592000 59
95.072000 95.328000 56
95.520000 95.712000 68
95.712000 96.448000 65
96.448000 97.440000 63
97.632000 98.496000 63
98.528000 98.912000 62
98.912000 99.648000 63
99.776000 99.840000 62
99.840000 100.224000 65
100.224000 100.576000 62
100.704000 101.184000 62
101.344000 101.696000 61
101.952000 102.080000 54
102.304000 103.008000 66
103.168000 104.384000 64
104.416000 104.832000 62
104.896000 105.248000 62
105.408000 106.144000 59
106.144000 107.488000 58
107.648000 107.808000 55
107.840000 108.000000 55
108.000000 108.384000 58
108.736000 109.024000 56
109.120000 110.400000 67
110.496000 110.880000 61
110.880000 111.168000 63
111.296000 112.288000 63
112.448000 113.312000 64
113.504000 116.096000 64
116.288000 118.016000 65
118.176000 118.336000 61
118.432000 118.912000 61
118.912000 119.488000 59
119.488000 119.680000 64
119.744000 120.064000 64
120.256000 122.560000 63
122.592000 122.656000 61
125.216000 125.312000 66
127.936000 128.128000 66
131.296000 131.424000 61
131.520000 132.352000 66
132.448000 132.576000 66
132.576000 133.152000 71
134.304000 134.880000 73
134.976000 135.520000 73
135.840000 135.936000 64
135.936000 136.128000 63
136.288000 136.320000 59
136.384000 136.576000 58
137.312000 137.408000 67
138.240000 138.528000 68
138.528000 138.848000 65
138.944000 139.584000 73
139.776000 140.000000 73
140.032000 140.288000 71
143.872000 143.968000 72
145.984000 146.112000 72
147.456000 147.488000 65
147.712000 148.032000 67
151.232000 151.904000 63
152.128000 152.512000 56
152.512000 152.640000 53
152.768000 153.088000 51
153.568000 153.920000 51
154.112000 154.432000 51
154.624000 154.944000 54
155.104000 155.680000 55
155.808000 156.320000 56
156.448000 156.960000 54
158.080000 158.368000 63
158.528000 158.784000 61
158.912000 159.264000 56
159.264000 159.520000 55
159.648000 160.000000 51
160.160000 161.312000 51
161.600000 161.760000 54
161.920000 162.464000 55
162.592000 163.904000 57
164.480000 164.640000 56
164.736000 164.864000 57
164.992000 165.248000 56
165.408000 166.048000 54
166.656000 166.944000 64
167.104000 167.264000 63
167.264000 168.608000 62
168.800000 169.120000 56
169.472000 169.824000 61
169.920000 170.016000 52
170.112000 170.208000 51
171.360000 171.712000 56
171.872000 172.128000 55
172.224000 172.352000 54
172.512000 172.832000 55
173.248000 173.344000 55
173.504000 174.016000 56
174.240000 175.040000 59
175.232000 176.768000 57
178.528000 178.656000 57
178.656000 179.392000 63
179.552000 179.936000 56
180.224000 180.352000 50
180.448000 180.640000 50
180.992000 181.856000 52
182.080000 182.304000 53
182.752000 184.192000 58
185.568000 186.240000 62
186.400000 186.784000 56
187.104000 187.392000 51
187.648000 187.776000 49
188.096000 188.192000 51
188.384000 188.544000 52
188.960000 189.088000 52
189.088000 190.112000 57
190.240000 191.328000 57
191.904000 192.928000 56
193.056000 193.440000 54
193.824000 193.920000 65
194.080000 195.680000 64
195.808000 196.064000 61
196.288000 196.448000 59
196.544000 196.864000 59
196.992000 197.280000 61
197.568000 197.760000 52
198.816000 198.944000 55
199.040000 200.352000 56
200.768000 201.056000 56
201.184000 201.664000 54
201.728000 204.288000 59
204.768000 205.184000 57
205.280000 205.440000 67
205.440000 206.432000 65
206.432000 207.232000 63
207.392000 207.808000 61
207.808000 209.280000 64
209.472000 209.952000 64
209.952000 210.880000 61
211.008000 211.232000 60
211.584000 211.840000 54
212.032000 212.768000 66
212.928000 214.112000 64
214.208000 214.976000 62
215.136000 215.296000 59
215.392000 215.840000 59
215.936000 217.184000 57
217.344000 217.792000 55
217.792000 218.304000 57
218.528000 218.784000 56
218.912000 220.160000 68
220.160000 221.984000 63
222.240000 223.104000 63
223.232000 224.640000 63
224.736000 225.792000 61
226.016000 227.264000 64
227.360000 227.776000 63
227.936000 229.344000 63
229.504000 229.792000 63
229.984000 231.712000 63
232.192000 232.480000 56
232.480000 232.608000 59
232.608000 233.408000 67
233.408000 233.888000 66
233.952000 234.592000 63
234.816000 235.168000 61
235.168000 236.768000 63
236.928000 237.312000 64
237.312000 237.728000 63
237.824000 238.304000 61
238.464000 238.912000 61
239.072000 239.296000 54
239.488000 240.160000 66
240.352000 241.536000 64
241.632000 241.984000 61
242.112000 242.400000 62
242.560000 242.720000 59
242.816000 243.104000 59
243.392000 243.776000 57
243.904000 244.672000 57
244.704000 244.768000 54
245.024000 245.152000 54
245.152000 245.568000 57
245.920000 246.176000 56
246.336000 246.400000 66
246.400000 246.592000 67
246.592000 248.352000 65
248.480000 249.472000 63
249.632000 250.336000 64
250.368000 250.528000 63
250.688000 253.184000 63
253.472000 254.016000 64
254.080000 254.688000 64
254.784000 255.200000 63
255.360000 255.520000 61
255.616000 256.096000 61
256.224000 256.672000 59
256.672000 257.216000 64
257.440000 260.352000 64
260.544000 260.704000 69
268.960000 269.216000 72
270.880000 271.040000 71
271.040000 271.264000 68
271.520000 271.616000 65
271.776000 272.064000 64
272.672000 272.768000 68
276.864000 277.184000 72
277.472000 277.600000 72
277.920000 278.016000 63
280.320000 280.384000 70
280.384000 280.576000 73
281.024000 281.152000 71
281.280000 281.568000 63
281.824000 282.368000 63
282.880000 282.944000 63
284.576000 284.672000 62
284.832000 284.960000 64
287.584000 287.712000 69
288.256000 288.448000 69
288.992000 289.120000 68
