22.432000 23.616000 62
23.616000 24.832000 67
25.216000 25.472000 59
25.728000 27.424000 59
28.544000 28.800000 57
28.896000 28.960000 61
28.960000 29.248000 65
29.376000 30.048000 65
30.144000 31.232000 69
31.776000 31.968000 57
31.968000 32.960000 56
32.960000 34.912000 67
35.360000 35.776000 64
35.776000 36.096000 63
36.096000 36.608000 62
36.608000 37.312000 69
37.504000 37.952000 67
38.304000 38.528000 68
38.752000 40.384000 69
40.992000 41.696000 65
41.824000 42.528000 65
42.752000 43.040000 65
43.040000 43.296000 64
43.424000 44.096000 64
44.768000 45.056000 64
45.184000 45.440000 65
45.568000 45.824000 64
45.824000 47.008000 63
47.136000 47.424000 60
47.424000 48.000000 59
48.000000 48.736000 55
49.184000 50.080000 64
50.080000 51.776000 69
52.160000 53.632000 62
53.920000 55.744000 65
64.320000 65.728000 62
65.728000 66.816000 67
67.328000 70.816000 59
71.008000 71.296000 65
71.392000 71.744000 65
71.744000 72.192000 65
72.192000 72.416000 68
72.416000 72.992000 69
72.992000 73.408000 65
73.472000 74.112000 57
74.112000 75.008000 56
75.136000 75.744000 55
75.936000 76.480000 67
76.608000 77.024000 65
77.376000 77.856000 64
77.856000 78.112000 63
78.112000 78.592000 60
78.592000 79.392000 69
79.552000 79.968000 67
80.320000 80.544000 68
80.672000 82.208000 69
82.208000 85.184000 68
85.280000 85.856000 64
86.656000 86.912000 64
87.136000 87.424000 65
88.000000 88.128000 58
88.512000 88.608000 57
88.800000 88.928000 59
89.024000 89.280000 59
89.280000 90.048000 57
90.144000 90.432000 53
90.592000 90.976000 53
91.168000 91.712000 61
91.712000 92.352000 65
92.832000 93.440000 55
93.504000 93.568000 55
93.888000 95.232000 62
95.232000 95.424000 64
95.616000 95.808000 53
95.968000 96.192000 60
96.768000 96.928000 55
97.184000 97.728000 54
110.304000 111.264000 65
111.296000 112.512000 65
112.672000 113.632000 65
113.728000 114.272000 64
114.272000 114.624000 68
114.624000 115.264000 64
115.264000 115.680000 60
116.096000 116.608000 57
116.608000 117.248000 60
117.344000 117.888000 62
117.888000 118.560000 65
118.912000 119.424000 54
119.424000 120.448000 57
122.272000 122.784000 68
122.784000 123.680000 66
123.776000 125.408000 65
126.240000 126.336000 62
126.336000 128.288000 64
128.288000 128.864000 63
128.928000 129.792000 64
129.952000 131.840000 63
131.840000 132.608000 61
132.608000 133.216000 58
133.440000 135.776000 67
136.064000 136.192000 67
136.576000 138.272000 71
138.368000 138.496000 70
138.592000 139.040000 70
139.168000 139.680000 71
139.776000 140.064000 69
140.160000 141.024000 57
141.408000 141.504000 62
142.688000 143.360000 67
143.584000 144.832000 72
145.056000 145.280000 72
146.336000 146.432000 60
146.528000 146.688000 60
169.984000 170.144000 70
170.272000 171.648000 70
171.648000 172.768000 75
172.960000 173.152000 76
176.096000 176.992000 69
177.152000 177.280000 69
177.408000 180.256000 70
180.992000 181.728000 65
181.984000 182.144000 65
182.144000 182.304000 63
182.496000 183.168000 64
183.552000 183.808000 64
183.936000 184.512000 65
184.672000 184.960000 62
185.152000 185.888000 62
186.048000 186.176000 60
186.176000 187.008000 59
187.104000 187.584000 53
187.904000 188.096000 58
188.096000 188.128000 58
188.128000 188.192000 60
188.192000 188.288000 61
188.288000 188.672000 62
188.672000 189.696000 69
189.984000 190.464000 67
190.752000 191.296000 62
191.488000 191.872000 61
192.064000 192.256000 62
192.352000 192.768000 61
192.768000 193.056000 62
193.056000 193.504000 65
193.568000 193.696000 59
193.792000 194.688000 65
194.720000 194.912000 65
195.392000 197.600000 65
197.600000 198.336000 65
198.816000 199.328000 64
199.328000 200.576000 64
200.576000 201.440000 64
201.856000 201.984000 63
202.496000 202.656000 62
202.784000 203.040000 63
203.040000 203.264000 67
