12.800000 13.440000 63
13.440000 13.696000 58
13.888000 14.016000 60
14.016000 14.208000 61
14.208000 14.752000 64
14.752000 15.136000 59
15.328000 15.424000 59
15.424000 15.712000 62
15.808000 16.096000 63
16.096000 16.160000 62
16.160000 16.800000 59
16.800000 16.992000 61
16.992000 17.536000 64
17.536000 18.048000 59
18.496000 18.944000 63
19.520000 20.576000 64
20.928000 21.920000 64
22.144000 22.336000 59
22.656000 22.816000 66
22.976000 23.200000 59
23.200000 23.520000 63
23.712000 23.808000 59
24.096000 24.192000 61
24.192000 24.640000 63
24.640000 25.472000 62
25.472000 26.016000 64
26.016000 26.976000 63
27.072000 27.424000 64
27.424000 27.808000 59
28.000000 28.064000 59
28.064000 28.288000 62
28.288000 28.544000 64
28.640000 28.832000 63
28.832000 29.280000 62
29.728000 29.984000 63
30.112000 30.272000 63
30.272000 30.368000 62
30.400000 30.592000 59
30.784000 31.872000 64
32.000000 32.192000 59
32.192000 33.184000 64
33.280000 34.304000 67
34.304000 34.976000 62
35.424000 36.608000 68
36.608000 36.896000 64
37.120000 37.280000 61
37.280000 37.664000 59
37.664000 38.336000 63
38.560000 38.688000 63
38.688000 38.912000 62
39.616000 39.936000 59
41.024000 41.088000 66
41.088000 41.984000 68
42.080000 42.240000 66
42.240000 42.592000 64
42.592000 42.816000 62
42.816000 43.872000 62
43.872000 44.928000 64
45.664000 46.176000 70
46.304000 46.976000 71
46.976000 48.224000 72
48.448000 48.608000 68
48.608000 49.824000 72
49.824000 50.912000 68
51.040000 51.200000 73
51.296000 52.064000 72
52.288000 52.576000 66
52.672000 52.992000 66
53.248000 53.888000 67
53.888000 54.528000 73
54.816000 54.880000 69
54.880000 55.296000 71
55.296000 55.648000 68
55.872000 56.800000 71
56.928000 57.408000 73
57.408000 57.472000 68
57.600000 58.496000 71
58.496000 59.360000 71
59.744000 59.872000 68
59.872000 60.256000 71
60.416000 60.864000 71
60.960000 61.120000 70
61.120000 62.208000 68
62.336000 63.136000 73
63.264000 63.392000 67
63.392000 63.584000 68
63.584000 64.448000 72
64.640000 65.024000 69
66.048000 66.112000 66
66.112000 66.144000 68
66.144000 66.592000 71
66.592000 67.136000 70
67.264000 67.584000 71
67.680000 67.840000 71
67.936000 68.192000 69
68.352000 68.864000 71
68.960000 69.472000 68
69.472000 69.728000 67
72.096000 72.352000 63
72.448000 72.576000 63
72.576000 72.960000 61
73.120000 73.248000 59
73.248000 73.728000 63
73.856000 74.016000 63
74.016000 74.432000 61
74.592000 75.648000 63
75.808000 75.904000 58
76.000000 76.096000 59
76.096000 76.416000 63
76.512000 76.736000 64
76.736000 77.376000 63
77.760000 77.984000 63
78.080000 78.208000 63
78.432000 78.560000 59
78.752000 78.816000 61
78.816000 81.664000 66
81.664000 82.016000 66
82.016000 82.112000 65
82.112000 82.944000 63
83.360000 83.616000 62
83.712000 83.872000 63
83.872000 84.256000 62
84.416000 84.544000 59
84.544000 84.736000 62
84.736000 85.408000 64
85.504000 85.664000 59
85.888000 85.984000 59
85.984000 86.976000 64
87.072000 87.200000 59
87.296000 87.392000 59
87.392000 87.552000 61
87.552000 88.224000 64
88.320000 88.608000 59
89.056000 89.280000 62
89.376000 89.792000 64
89.792000 89.984000 60
90.144000 91.136000 64
91.520000 91.616000 61
91.616000 92.544000 64
92.544000 92.672000 66
92.672000 93.536000 72
93.600000 94.208000 69
94.720000 95.936000 68
95.936000 96.608000 63
96.768000 97.408000 61
97.536000 97.632000 63
97.856000 98.464000 63
100.320000 100.384000 65
100.384000 100.512000 67
100.512000 101.280000 71
101.280000 101.792000 66
101.792000 101.888000 63
101.888000 102.592000 63
102.592000 102.944000 66
102.944000 104.832000 64
104.864000 104.928000 65
104.928000 106.560000 71
106.656000 107.520000 72
107.744000 109.120000 72
109.216000 110.176000 68
110.336000 111.328000 73
111.584000 111.872000 66
111.968000 112.288000 66
112.544000 113.184000 67
113.184000 113.856000 73
114.112000 114.176000 69
114.176000 114.592000 71
114.592000 114.976000 68
115.136000 116.128000 71
116.224000 116.704000 73
116.704000 116.768000 68
116.896000 117.696000 71
117.696000 118.656000 71
119.040000 119.552000 71
119.712000 120.160000 71
120.256000 120.416000 70
120.416000 121.536000 68
121.632000 122.432000 73
122.560000 122.688000 67
122.688000 122.848000 68
122.848000 123.744000 71
123.904000 124.320000 71
125.376000 125.440000 68
125.440000 125.856000 71
125.856000 126.432000 70
126.560000 126.848000 71
126.944000 127.136000 71
127.232000 127.488000 69
127.648000 128.160000 71
128.288000 128.768000 68
128.768000 129.024000 67
131.040000 132.064000 66
132.256000 132.448000 66
132.448000 132.544000 63
132.640000 132.800000 63
132.960000 133.248000 63
133.344000 133.920000 61
134.016000 134.464000 60
134.464000 135.712000 63
138.816000 141.472000 72
141.600000 141.792000 68
141.792000 143.008000 71
143.008000 143.424000 68
143.424000 144.096000 66
144.096000 145.216000 73
145.472000 145.760000 66
145.856000 146.176000 66
146.432000 147.072000 67
147.072000 147.712000 73
148.000000 148.704000 71
148.704000 148.832000 68
149.024000 149.984000 71
150.112000 150.528000 73
150.528000 150.656000 70
150.752000 151.680000 71
151.680000 152.576000 71
152.928000 153.440000 71
153.600000 154.016000 71
154.144000 154.304000 70
154.304000 155.392000 68
155.488000 156.320000 74
156.384000 156.576000 67
156.576000 156.768000 69
156.768000 157.632000 72
157.824000 158.336000 71
158.688000 158.912000 71
159.264000 159.520000 71
159.616000 159.744000 70
159.744000 160.256000 70
160.480000 160.736000 71
160.832000 160.960000 71
161.152000 161.344000 69
161.728000 161.920000 68
162.176000 162.656000 68
162.656000 162.944000 67
164.928000 165.664000 66
165.792000 165.952000 66
166.176000 166.368000 65
166.560000 166.656000 63
166.848000 167.072000 63
167.264000 167.360000 61
167.488000 167.744000 61
167.904000 168.384000 59
168.480000 168.832000 62
168.928000 169.472000 62
