13.408000 14.176000 56
14.592000 14.784000 56
14.784000 15.072000 58
15.072000 15.872000 63
16.224000 16.416000 60
16.416000 16.992000 65
16.992000 17.760000 60
17.888000 18.016000 58
18.176000 18.464000 60
19.456000 19.872000 60
19.968000 20.128000 56
20.128000 20.736000 55
21.088000 21.760000 60
21.760000 22.272000 54
22.720000 22.784000 53
22.784000 24.608000 60
24.800000 25.376000 63
26.368000 27.392000 56
27.552000 27.712000 56
27.712000 28.224000 60
28.352000 28.864000 63
29.184000 29.376000 61
29.376000 29.504000 63
29.600000 29.792000 64
29.792000 30.720000 61
30.816000 31.424000 60
32.416000 32.832000 59
32.832000 33.088000 56
33.088000 33.728000 54
34.016000 34.368000 59
34.464000 34.720000 56
34.816000 35.264000 53
35.648000 35.840000 53
35.840000 35.936000 56
36.064000 37.248000 58
37.248000 37.888000 53
39.296000 39.360000 60
39.360000 40.480000 67
40.480000 41.760000 63
42.144000 43.520000 59
43.808000 44.032000 56
44.128000 44.384000 57
45.696000 46.816000 65
46.976000 47.648000 67
47.648000 48.224000 63
48.608000 48.800000 61
48.800000 48.928000 63
49.056000 49.344000 65
49.344000 50.048000 60
50.176000 50.304000 56
50.432000 51.168000 63
52.192000 53.088000 56
53.440000 53.568000 56
53.664000 53.920000 59
53.920000 54.016000 59
54.016000 54.720000 63
55.104000 55.168000 58
55.168000 55.360000 62
55.520000 55.808000 65
55.904000 56.864000 60
56.960000 57.248000 60
58.304000 58.432000 60
58.528000 58.624000 58
58.752000 59.008000 56
59.360000 59.488000 53
59.968000 60.064000 60
60.064000 60.576000 58
60.672000 60.832000 54
60.960000 61.184000 53
61.568000 61.664000 53
61.760000 62.496000 58
62.592000 63.040000 58
63.168000 63.616000 53
64.832000 64.928000 59
65.024000 65.120000 58
65.216000 65.408000 56
65.856000 66.016000 53
66.400000 66.464000 59
66.464000 66.528000 59
66.624000 66.752000 58
66.752000 67.296000 56
67.424000 67.616000 53
68.064000 68.224000 54
68.224000 69.024000 58
69.120000 69.568000 58
69.568000 70.016000 57
84.640000 84.864000 56
84.960000 85.472000 56
85.824000 86.016000 56
86.016000 86.496000 60
86.592000 87.072000 63
87.520000 87.680000 60
87.680000 88.256000 65
88.256000 88.992000 60
89.152000 89.248000 58
90.688000 91.104000 59
91.200000 91.392000 56
91.392000 91.936000 55
92.352000 92.864000 59
92.864000 92.960000 56
93.088000 93.536000 53
93.984000 94.112000 55
94.112000 95.712000 60
95.904000 96.448000 63
97.568000 97.728000 55
97.888000 98.624000 56
98.784000 98.976000 56
98.976000 99.136000 58
99.264000 99.488000 60
99.616000 100.160000 63
100.448000 100.640000 60
100.640000 100.736000 63
100.832000 101.024000 64
101.024000 102.656000 62
103.680000 104.032000 59
104.032000 104.320000 57
104.320000 104.512000 54
105.312000 105.600000 59
105.728000 105.920000 56
106.048000 106.528000 53
106.880000 107.072000 54
107.072000 107.200000 56
107.264000 108.448000 58
110.528000 111.584000 65
111.744000 112.032000 60
112.224000 112.960000 66
113.152000 113.440000 69
113.600000 113.664000 56
113.792000 114.464000 56
115.008000 115.200000 56
115.296000 115.840000 60
117.152000 118.080000 65
118.208000 118.656000 67
118.656000 118.880000 66
118.880000 119.744000 66
119.872000 120.000000 61
120.000000 120.128000 63
120.256000 120.320000 63
120.320000 120.544000 65
120.672000 121.312000 60
121.408000 121.568000 56
121.760000 122.272000 65
123.520000 124.288000 56
124.704000 124.832000 56
124.960000 125.056000 58
125.152000 125.376000 60
125.504000 125.984000 63
126.336000 126.400000 59
126.400000 126.656000 63
126.784000 127.072000 65
127.168000 127.680000 60
127.680000 128.320000 59
128.480000 128.576000 55
129.568000 129.696000 60
129.792000 129.888000 58
129.984000 130.752000 56
131.200000 131.296000 59
131.392000 131.872000 58
132.192000 132.384000 53
132.544000 132.736000 53
132.992000 133.120000 56
133.216000 133.760000 58
134.080000 134.400000 58
134.784000 135.136000 54
136.064000 136.160000 59
136.256000 136.384000 58
136.480000 136.640000 56
136.800000 136.928000 54
137.056000 137.216000 53
137.664000 137.792000 58
137.888000 138.272000 58
138.368000 138.560000 53
138.688000 138.848000 54
139.232000 139.424000 54
139.424000 139.584000 56
139.680000 140.224000 58
140.320000 140.448000 58
140.576000 140.864000 58
140.992000 141.216000 52
141.376000 141.856000 53
181.056000 182.016000 65
182.176000 182.560000 61
182.560000 183.392000 63
183.648000 185.184000 59
185.312000 185.632000 58
185.760000 186.208000 60
187.488000 188.608000 65
188.640000 189.248000 67
189.248000 189.792000 63
190.304000 190.464000 60
190.464000 191.008000 65
191.104000 191.488000 60
191.584000 191.744000 58
191.840000 191.968000 56
192.128000 192.672000 63
193.984000 194.720000 56
195.136000 195.264000 56
195.360000 195.456000 58
195.552000 195.840000 60
195.936000 196.384000 63
196.800000 197.024000 62
197.184000 197.472000 65
197.568000 198.944000 60
200.000000 200.128000 60
200.224000 200.320000 58
200.416000 200.640000 56
200.736000 200.832000 53
200.992000 201.216000 53
201.600000 201.920000 60
202.048000 202.208000 56
202.304000 202.464000 54
202.592000 202.816000 54
203.232000 203.392000 54
203.392000 204.192000 58
204.384000 204.768000 58
206.496000 206.624000 59
206.720000 206.816000 58
206.912000 207.136000 56
207.264000 207.360000 53
207.552000 207.648000 53
208.128000 208.416000 58
208.512000 208.736000 56
208.864000 208.992000 53
209.120000 209.280000 53
209.696000 209.824000 53
209.920000 210.688000 58
210.816000 210.912000 58
211.008000 211.360000 58
212.960000 213.088000 59
213.184000 213.664000 58
213.760000 213.888000 53
214.048000 214.176000 53
214.592000 214.720000 58
214.816000 214.944000 58
214.944000 215.264000 57
215.264000 215.488000 55
215.616000 215.872000 53
216.224000 216.352000 53
216.480000 217.472000 58
217.568000 218.464000 58
218.560000 218.656000 58
219.712000 220.832000 63
220.928000 225.504000 65
