9.728000 10.272000 59
10.368000 10.496000 60
10.496000 11.424000 60
11.552000 12.160000 57
13.280000 13.504000 57
13.504000 14.336000 60
14.496000 15.040000 60
15.040000 15.872000 59
17.184000 17.312000 60
17.408000 17.792000 59
18.176000 18.304000 60
18.304000 18.528000 58
18.624000 19.488000 57
20.928000 21.248000 59
21.376000 21.760000 60
21.856000 22.368000 59
22.560000 23.136000 57
24.544000 26.176000 55
26.176000 27.136000 50
28.256000 29.792000 55
29.952000 30.176000 50
30.272000 30.528000 50
30.656000 30.944000 51
31.872000 32.192000 56
32.352000 32.448000 55
32.576000 33.696000 55
34.144000 34.368000 52
34.464000 35.648000 53
37.376000 37.632000 63
37.632000 38.016000 59
38.112000 38.240000 57
38.336000 38.816000 59
39.040000 39.680000 57
40.864000 41.056000 56
41.056000 42.624000 59
42.624000 43.424000 57
44.800000 47.296000 59
48.000000 48.256000 59
48.256000 48.832000 59
48.960000 49.152000 60
49.152000 49.344000 59
49.472000 50.112000 59
50.112000 50.976000 57
52.160000 53.856000 55
53.856000 54.464000 51
54.624000 54.752000 50
55.872000 57.408000 55
57.408000 58.368000 53
59.488000 59.808000 56
59.968000 61.248000 55
61.728000 65.568000 64
303.392000 303.904000 64
304.032000 304.800000 64
305.280000 305.728000 64
306.208000 306.624000 63
307.136000 307.264000 63
308.192000 308.448000 62
331.424000 331.488000 55
331.488000 331.552000 55
331.680000 331.744000 59
331.744000 331.968000 61
331.968000 332.512000 59
332.608000 333.120000 59
333.344000 334.112000 57
335.168000 335.264000 56
335.392000 336.928000 60
336.928000 337.920000 58
339.200000 339.328000 61
339.328000 341.632000 60
342.432000 342.592000 60
342.592000 343.232000 59
343.328000 343.712000 59
343.840000 344.000000 60
344.000000 345.152000 59
346.528000 348.096000 55
348.224000 348.384000 54
348.640000 349.216000 50
350.208000 351.808000 55
351.968000 352.064000 54
352.064000 352.096000 50
352.192000 352.416000 50
352.672000 352.768000 50
353.856000 354.208000 55
354.400000 355.584000 55
356.192000 358.848000 69
359.200000 359.424000 63
359.424000 359.840000 67
359.840000 360.064000 68
360.064000 360.928000 68
361.056000 361.728000 63
362.848000 363.104000 63
363.104000 364.384000 67
364.384000 365.568000 64
366.720000 366.944000 67
366.944000 367.168000 64
367.168000 367.552000 67
367.744000 368.096000 67
368.096000 369.120000 64
370.400000 370.784000 67
370.848000 371.168000 67
371.168000 371.808000 67
372.032000 372.960000 62
373.984000 376.960000 64
377.664000 377.728000 65
377.728000 377.888000 65
377.888000 378.112000 63
378.112000 380.448000 65
381.248000 381.568000 62
381.696000 381.920000 62
381.920000 382.080000 60
382.080000 384.096000 65
384.896000 384.960000 64
384.960000 385.248000 65
385.376000 385.568000 65
385.568000 385.760000 62
385.760000 386.880000 65
386.880000 387.776000 62
388.672000 388.864000 63
388.992000 391.456000 65
392.896000 393.024000 68
393.376000 393.664000 67
393.952000 394.112000 69
394.272000 394.880000 69
395.232000 395.392000 67
395.392000 396.576000 66
