4.672000 5.920000 60
6.048000 6.144000 60
6.272000 6.368000 60
7.840000 7.904000 70
7.904000 9.056000 72
9.056000 9.568000 70
10.336000 10.432000 70
11.040000 11.136000 69
11.584000 11.904000 67
13.056000 13.248000 63
13.440000 13.792000 63
13.792000 14.144000 65
14.336000 14.464000 67
16.768000 17.792000 69
17.888000 18.656000 72
19.232000 19.328000 72
19.872000 20.320000 72
20.320000 20.800000 71
20.800000 21.920000 65
22.176000 23.104000 72
23.104000 24.480000 67
24.576000 24.672000 67
42.528000 42.976000 56
43.104000 43.232000 56
43.232000 43.648000 55
43.808000 44.032000 55
44.192000 44.512000 57
44.960000 45.120000 57
45.280000 45.504000 60
45.600000 45.824000 60
45.984000 46.176000 57
46.336000 46.656000 60
47.104000 47.680000 62
47.904000 48.928000 65
48.928000 49.888000 60
49.888000 51.072000 60
51.488000 51.840000 60
51.840000 52.320000 64
52.416000 52.960000 61
52.960000 53.856000 64
54.080000 54.240000 67
54.240000 54.464000 65
54.464000 54.560000 64
54.560000 54.720000 62
54.720000 55.456000 61
55.936000 56.128000 55
56.288000 56.608000 57
56.608000 56.832000 60
56.992000 57.248000 62
57.408000 57.600000 57
57.760000 57.920000 56
57.920000 58.464000 55
58.624000 59.520000 57
60.224000 60.864000 57
60.864000 61.568000 60
61.664000 61.856000 58
61.856000 62.144000 60
62.144000 63.200000 58
63.200000 64.352000 60
64.608000 65.184000 60
65.184000 66.336000 65
66.464000 66.752000 60
66.976000 68.448000 62
69.024000 69.312000 60
69.504000 69.856000 57
69.856000 70.464000 62
70.560000 70.624000 64
70.624000 70.816000 65
70.816000 72.288000 69
72.416000 72.576000 71
72.704000 72.896000 69
72.896000 73.664000 67
73.952000 76.832000 67
77.920000 78.080000 65
78.240000 78.528000 67
78.592000 78.656000 63
78.656000 78.912000 65
78.912000 79.168000 67
79.328000 79.712000 69
79.936000 80.032000 63
80.224000 80.640000 69
80.800000 80.992000 67
80.992000 81.888000 66
82.240000 82.528000 65
82.624000 82.816000 62
83.072000 83.200000 64
83.296000 83.584000 67
83.584000 83.968000 66
83.968000 84.800000 62
84.896000 86.176000 60
86.560000 86.848000 55
86.976000 87.552000 57
87.744000 88.224000 53
88.416000 88.480000 55
88.480000 89.344000 58
89.344000 90.400000 60
91.072000 91.232000 57
91.392000 92.064000 58
92.064000 92.608000 60
92.768000 92.864000 65
92.864000 93.088000 64
93.280000 93.856000 62
93.856000 94.912000 65
95.168000 95.776000 65
95.776000 96.448000 67
96.448000 97.216000 60
97.216000 98.496000 72
98.688000 103.648000 67
103.808000 103.936000 63
104.128000 104.512000 60
104.640000 105.152000 62
105.152000 106.016000 67
106.528000 107.168000 72
111.392000 113.216000 70
121.568000 122.016000 56
122.112000 122.336000 56
122.432000 122.656000 53
122.848000 123.040000 55
123.232000 123.520000 57
124.000000 124.160000 57
124.288000 124.544000 60
124.640000 124.832000 60
124.992000 125.216000 57
125.376000 125.696000 60
126.112000 126.720000 62
126.912000 128.000000 65
128.000000 128.992000 59
128.992000 130.080000 60
130.528000 130.880000 61
130.880000 131.168000 63
131.424000 132.000000 61
132.000000 132.896000 65
133.120000 133.248000 66
133.248000 133.472000 65
133.472000 133.504000 64
133.504000 133.856000 63
133.856000 134.528000 60
135.008000 135.168000 55
135.296000 135.648000 57
135.648000 135.904000 60
136.032000 136.256000 62
136.448000 136.608000 57
136.800000 136.960000 56
136.960000 137.536000 55
137.664000 137.760000 57
137.856000 138.624000 54
139.232000 139.872000 57
139.872000 140.608000 60
140.704000 142.976000 60
142.976000 143.296000 60
143.296000 143.392000 58
143.616000 144.192000 60
144.192000 145.376000 65
145.504000 145.792000 60
146.016000 147.456000 62
148.032000 148.352000 60
148.512000 148.896000 57
148.896000 149.504000 62
149.600000 149.664000 65
149.664000 149.888000 65
149.888000 150.496000 67
150.496000 151.616000 72
151.744000 151.904000 69
151.904000 152.672000 68
152.960000 155.776000 67
156.896000 156.960000 61
156.960000 157.120000 65
157.248000 157.536000 67
157.536000 157.568000 62
157.632000 157.696000 64
157.696000 158.208000 67
158.336000 158.720000 69
158.944000 159.072000 63
159.264000 159.488000 67
159.488000 159.680000 69
159.840000 160.032000 67
160.032000 160.928000 65
161.216000 161.568000 66
161.664000 161.856000 62
162.112000 162.240000 65
162.336000 162.624000 67
162.624000 162.976000 66
162.976000 163.840000 63
163.936000 165.184000 60
165.568000 165.888000 55
166.016000 166.592000 57
166.752000 167.232000 53
167.424000 167.488000 55
167.488000 168.416000 59
168.416000 169.536000 60
170.048000 170.240000 57
170.400000 171.008000 57
171.008000 171.616000 60
171.776000 171.904000 65
171.904000 172.128000 64
172.288000 172.864000 62
172.864000 174.048000 65
174.368000 174.784000 65
174.784000 175.456000 67
175.456000 176.224000 60
176.224000 176.512000 72
176.608000 177.504000 69
177.728000 182.944000 67
200.736000 201.312000 57
201.312000 202.048000 60
202.176000 202.336000 58
202.336000 202.624000 60
202.624000 203.712000 58
203.712000 204.800000 60
205.088000 205.568000 60
205.664000 206.240000 63
206.240000 206.848000 65
206.944000 207.232000 60
207.456000 208.960000 62
209.504000 209.792000 60
209.952000 210.368000 57
210.368000 210.624000 61
210.624000 211.072000 62
211.072000 211.360000 65
211.360000 213.088000 71
213.216000 213.376000 69
213.376000 214.144000 68
214.432000 217.344000 67
218.400000 218.560000 65
218.720000 218.976000 67
218.976000 219.008000 62
219.104000 219.168000 64
219.168000 219.648000 67
219.808000 220.192000 69
220.416000 220.544000 63
220.736000 220.960000 68
220.960000 221.152000 69
221.280000 221.472000 67
221.472000 221.888000 66
221.984000 222.336000 62
222.720000 223.008000 65
223.104000 223.328000 62
223.552000 224.608000 67
224.608000 226.624000 62
227.040000 227.328000 55
227.488000 228.032000 57
228.224000 228.704000 53
228.896000 228.960000 55
228.960000 229.856000 58
229.856000 230.912000 60
231.552000 231.712000 57
231.872000 232.544000 58
232.544000 233.088000 60
233.248000 233.344000 65
233.344000 233.600000 64
233.760000 234.336000 62
234.336000 235.456000 65
235.840000 236.256000 65
236.256000 236.928000 67
236.928000 237.728000 62
237.728000 238.976000 72
239.168000 244.128000 67
244.384000 244.480000 66
261.568000 263.360000 70
