32.608000 32.928000 63
33.024000 33.312000 63
33.408000 34.688000 63
34.688000 35.360000 68
35.360000 35.616000 63
35.712000 37.408000 59
37.856000 41.344000 63
41.472000 41.568000 58
41.568000 41.888000 57
41.984000 43.296000 54
43.392000 43.520000 54
44.736000 45.216000 50
45.408000 45.568000 55
45.568000 45.696000 53
45.888000 46.016000 53
46.144000 47.168000 56
47.616000 47.872000 59
47.872000 48.512000 63
48.512000 50.144000 65
50.624000 50.688000 66
50.688000 51.296000 68
51.392000 52.192000 68
52.192000 52.512000 69
52.512000 53.280000 74
53.280000 56.288000 70
56.608000 57.056000 68
57.440000 59.232000 68
59.552000 59.776000 65
59.776000 60.640000 66
60.768000 61.152000 61
61.152000 61.472000 66
61.472000 62.176000 65
62.656000 62.720000 59
62.720000 62.912000 61
63.008000 64.544000 66
64.672000 64.896000 63
64.928000 65.216000 63
65.344000 66.048000 63
66.304000 67.456000 59
68.736000 69.632000 61
69.792000 70.144000 60
70.144000 71.104000 63
71.584000 71.744000 63
71.744000 71.904000 65
72.032000 72.416000 66
72.416000 74.208000 64
74.624000 75.616000 68
75.744000 76.928000 72
76.928000 77.696000 67
77.696000 77.888000 63
77.984000 82.880000 68
83.040000 83.552000 62
83.712000 84.288000 60
84.416000 85.056000 61
85.184000 86.080000 56
86.560000 86.688000 58
86.688000 87.296000 66
87.456000 87.680000 66
87.680000 88.544000 64
88.864000 89.408000 62
89.408000 91.712000 60
92.608000 92.928000 63
93.024000 93.312000 63
93.408000 94.688000 64
94.688000 95.264000 68
95.264000 95.616000 63
95.744000 97.344000 59
97.856000 101.344000 63
101.472000 101.600000 58
101.600000 101.888000 56
102.016000 103.296000 54
104.704000 104.864000 51
105.024000 105.248000 51
105.408000 107.264000 56
107.616000 108.672000 61
108.768000 109.120000 63
109.120000 109.504000 66
109.600000 110.240000 66
110.656000 111.264000 67
111.392000 111.616000 66
111.616000 111.712000 64
111.776000 112.064000 63
112.064000 112.832000 62
112.832000 113.248000 65
113.344000 113.920000 62
113.920000 114.816000 61
114.912000 115.072000 59
115.200000 115.424000 58
115.456000 115.616000 58
140.608000 140.928000 63
141.024000 141.312000 63
141.408000 142.688000 64
142.688000 143.264000 68
143.264000 143.616000 63
143.744000 145.440000 59
145.856000 149.344000 63
149.472000 149.600000 58
149.600000 149.888000 56
149.984000 151.296000 54
151.392000 151.488000 54
152.704000 153.024000 50
153.056000 153.152000 50
153.408000 153.536000 55
153.536000 153.696000 54
153.824000 154.016000 53
154.144000 155.168000 56
155.616000 155.872000 59
155.872000 156.512000 63
156.512000 157.120000 63
157.120000 157.440000 65
157.536000 158.144000 63
158.624000 158.688000 66
158.688000 159.296000 68
159.392000 160.192000 68
160.192000 160.512000 69
160.512000 161.280000 72
161.280000 164.288000 70
164.608000 165.056000 68
165.184000 165.312000 68
165.440000 167.232000 68
167.584000 167.744000 64
167.744000 168.640000 66
168.768000 169.152000 61
169.152000 169.472000 66
169.472000 170.176000 65
170.624000 170.688000 59
170.688000 171.008000 61
171.008000 172.544000 66
172.672000 172.896000 63
172.928000 173.216000 63
173.344000 174.048000 63
174.336000 175.456000 59
176.640000 177.664000 60
177.792000 178.144000 60
178.144000 179.200000 63
179.584000 179.744000 63
179.744000 179.904000 66
180.032000 180.416000 66
180.416000 182.208000 64
182.624000 183.616000 68
183.744000 184.928000 71
184.928000 185.696000 67
185.696000 185.888000 63
185.984000 190.880000 68
191.040000 191.552000 62
191.712000 192.288000 60
192.416000 193.056000 61
193.184000 194.080000 56
194.624000 194.688000 58
194.688000 195.296000 66
195.456000 195.680000 66
195.680000 196.544000 64
196.864000 197.376000 62
197.376000 199.296000 60
199.488000 200.704000 63
200.704000 200.928000 63
201.024000 201.312000 63
201.408000 202.688000 64
202.688000 203.264000 68
203.264000 203.616000 63
203.744000 205.376000 59
205.856000 209.344000 63
209.472000 209.568000 58
209.568000 209.888000 57
209.984000 211.296000 54
212.704000 212.864000 51
213.024000 213.376000 52
213.376000 215.264000 56
215.616000 216.672000 61
216.768000 217.120000 63
217.120000 217.472000 66
217.600000 218.240000 66
218.656000 219.264000 67
219.392000 219.616000 66
219.616000 219.712000 64
219.776000 220.064000 63
220.064000 221.920000 65
221.920000 222.816000 61
222.912000 224.640000 59
241.184000 241.280000 68
242.784000 242.976000 75
243.200000 244.480000 75
