3.712000 4.064000 55
5.024000 5.184000 55
5.408000 5.536000 55
5.920000 6.336000 55
6.784000 6.976000 54
7.104000 7.808000 54
12.032000 12.128000 60
17.792000 17.984000 60
23.808000 24.032000 62
24.224000 24.416000 58
24.576000 25.472000 60
25.664000 25.952000 57
25.952000 26.400000 62
26.400000 26.944000 66
27.136000 27.488000 64
27.488000 28.736000 63
28.928000 29.120000 62
29.120000 29.600000 61
29.696000 29.856000 55
29.984000 30.144000 57
30.144000 30.656000 59
30.784000 30.976000 59
31.136000 31.360000 59
31.552000 32.032000 59
32.288000 32.864000 66
32.960000 33.536000 64
33.696000 34.336000 59
34.464000 34.784000 59
34.784000 35.776000 58
35.968000 36.192000 55
36.320000 36.864000 57
37.024000 38.304000 59
38.784000 39.072000 55
39.200000 39.488000 55
39.488000 40.096000 59
40.288000 40.608000 62
40.608000 40.864000 61
41.056000 42.592000 61
43.616000 45.536000 57
47.616000 49.824000 62
49.824000 50.400000 66
50.560000 50.912000 64
50.912000 51.136000 63
51.296000 51.904000 59
52.000000 53.056000 62
53.056000 53.376000 62
53.504000 54.112000 59
54.208000 55.136000 59
55.296000 55.520000 59
55.680000 56.256000 66
56.416000 56.960000 64
57.152000 58.528000 62
58.528000 59.200000 55
59.328000 59.552000 55
59.712000 59.872000 55
60.000000 60.256000 57
60.480000 61.568000 59
62.240000 62.432000 56
62.624000 62.880000 55
62.976000 63.328000 58
63.328000 64.224000 62
64.480000 65.888000 62
67.040000 67.136000 57
67.488000 68.128000 58
68.832000 70.144000 66
70.272000 71.040000 67
71.040000 71.296000 61
71.392000 71.968000 59
72.096000 73.088000 59
73.184000 73.376000 59
73.376000 73.792000 62
73.952000 74.336000 59
74.464000 76.736000 67
76.864000 77.408000 59
77.600000 77.792000 59
77.952000 78.112000 59
78.112000 78.656000 58
78.656000 79.776000 62
80.576000 80.736000 55
80.736000 81.664000 57
81.728000 81.792000 56
82.048000 82.368000 62
82.368000 82.688000 61
82.784000 83.072000 55
83.456000 83.840000 62
83.840000 84.096000 61
84.224000 84.544000 55
84.928000 85.184000 55
85.312000 85.504000 59
85.696000 85.920000 60
86.016000 86.752000 59
87.136000 87.712000 57
87.840000 88.512000 60
88.608000 89.568000 60
89.664000 90.016000 61
90.016000 90.592000 67
90.592000 91.872000 64
92.224000 92.288000 64
92.288000 93.216000 66
93.344000 94.336000 67
94.464000 95.392000 59
95.552000 95.808000 59
95.936000 96.224000 57
96.224000 96.512000 59
96.672000 96.960000 62
96.960000 97.248000 61
97.408000 97.760000 59
98.112000 99.104000 66
99.232000 100.160000 67
100.320000 100.928000 59
101.056000 101.632000 60
101.760000 101.984000 57
102.144000 102.400000 61
102.560000 103.584000 59
104.000000 104.512000 55
104.704000 105.216000 57
105.440000 105.888000 62
105.888000 106.432000 61
106.880000 107.488000 62
107.648000 107.904000 58
108.352000 108.544000 55
108.704000 108.960000 59
109.120000 109.408000 60
109.408000 109.760000 59
109.888000 110.240000 57
110.528000 110.816000 57
110.944000 111.552000 59
111.648000 111.904000 60
112.064000 112.320000 59
112.416000 113.248000 60
113.440000 113.696000 67
113.856000 115.104000 66
115.968000 116.576000 59
116.576000 116.992000 54
117.184000 117.504000 55
117.888000 118.208000 59
118.208000 118.464000 62
118.656000 120.544000 62
120.576000 120.640000 59
120.800000 121.792000 62
121.888000 122.048000 58
122.048000 122.176000 59
122.336000 122.560000 63
122.656000 122.816000 65
122.976000 123.360000 62
123.488000 123.616000 62
123.680000 125.824000 62
125.856000 126.272000 59
126.560000 126.784000 59
126.912000 127.168000 62
127.360000 128.032000 59
128.128000 128.352000 57
128.512000 128.864000 57
129.600000 131.872000 65
131.872000 132.320000 66
132.512000 133.088000 64
133.248000 133.856000 59
133.952000 135.040000 62
135.488000 136.064000 59
136.160000 137.088000 59
137.248000 137.472000 59
137.632000 138.208000 66
138.336000 138.688000 64
138.688000 138.944000 63
139.104000 140.384000 62
140.384000 141.056000 55
141.280000 141.472000 55
141.664000 141.856000 55
141.952000 142.208000 57
142.400000 143.616000 59
144.224000 144.416000 55
144.576000 145.248000 57
145.344000 145.696000 60
145.696000 146.272000 62
146.464000 146.848000 60
146.976000 148.160000 59
148.896000 149.216000 56
149.376000 150.208000 58
150.784000 153.024000 67
153.024000 153.248000 60
153.344000 153.920000 60
154.048000 154.336000 59
154.464000 155.040000 59
155.200000 155.744000 62
155.904000 156.256000 59
156.640000 158.720000 67
158.880000 159.392000 59
159.552000 159.776000 59
159.904000 160.064000 60
160.064000 162.048000 62
162.400000 163.776000 57
163.968000 164.448000 62
164.480000 164.640000 56
164.736000 165.024000 55
165.440000 166.048000 62
166.240000 166.496000 55
166.880000 167.136000 55
167.296000 167.456000 59
167.616000 167.840000 60
167.968000 168.096000 61
168.096000 168.704000 59
168.960000 169.632000 57
169.792000 170.400000 60
170.560000 170.784000 59
170.880000 171.872000 60
171.968000 172.576000 67
172.576000 173.824000 62
173.984000 174.080000 64
174.176000 174.368000 66
174.368000 175.168000 66
175.296000 176.256000 67
176.416000 176.992000 59
177.088000 177.312000 59
177.504000 177.760000 59
177.856000 178.144000 57
178.144000 178.400000 59
178.560000 179.168000 62
179.296000 179.712000 59
180.032000 181.056000 66
181.152000 182.080000 67
182.272000 182.528000 59
182.592000 182.848000 59
183.008000 183.552000 59
183.744000 183.936000 57
184.096000 184.352000 61
184.512000 185.504000 59
185.952000 186.464000 55
186.656000 187.168000 57
187.392000 187.872000 62
187.872000 188.416000 61
188.832000 189.248000 62
189.248000 189.440000 60
189.632000 189.920000 55
190.304000 190.400000 56
190.688000 190.880000 59
191.040000 191.648000 60
191.808000 192.256000 57
192.416000 192.768000 57
192.864000 193.216000 57
193.216000 193.472000 59
193.600000 193.824000 60
193.952000 194.176000 59
194.336000 195.168000 60
195.360000 195.616000 67
195.776000 195.968000 66
195.968000 196.992000 63
197.696000 198.976000 67
199.072000 202.368000 67
202.464000 207.296000 62
207.488000 208.032000 57
208.224000 210.304000 62
210.400000 212.896000 62
212.992000 213.216000 57
213.376000 213.888000 57
214.144000 216.160000 62
216.256000 216.512000 62
216.512000 217.280000 61
217.376000 218.400000 62
218.400000 219.040000 59
219.200000 219.584000 57
219.936000 222.048000 62
222.144000 223.008000 62
223.200000 223.520000 59
223.520000 223.776000 62
223.840000 224.960000 60
225.088000 225.408000 57
225.856000 226.112000 55
