22.336000 23.328000 55
24.576000 24.928000 60
24.928000 25.280000 63
25.888000 26.432000 55
28.288000 28.352000 60
28.352000 29.632000 62
29.632000 29.984000 60
30.144000 30.528000 54
30.528000 30.624000 54
30.624000 31.456000 57
31.456000 32.384000 55
35.232000 35.488000 56
35.616000 37.120000 55
37.952000 38.208000 50
38.496000 38.656000 48
38.784000 39.072000 51
39.200000 39.328000 55
39.328000 39.392000 55
39.392000 40.128000 60
41.248000 42.048000 63
43.264000 43.328000 61
43.328000 44.096000 64
44.096000 44.320000 61
44.416000 44.608000 60
44.608000 44.736000 59
44.864000 45.440000 55
48.224000 49.312000 55
50.208000 50.400000 55
50.528000 50.848000 61
50.848000 51.200000 63
51.456000 52.384000 55
54.208000 54.272000 60
54.272000 54.368000 62
54.368000 55.264000 63
55.264000 55.936000 61
56.128000 56.160000 53
56.224000 56.640000 54
56.640000 57.280000 58
57.440000 58.464000 55
61.056000 61.344000 55
61.472000 61.792000 55
61.888000 63.040000 55
64.000000 64.224000 51
64.448000 64.576000 48
64.736000 64.864000 50
64.864000 64.992000 51
64.992000 65.056000 52
65.056000 65.568000 57
65.568000 66.144000 61
67.168000 68.224000 63
69.024000 69.088000 61
69.248000 69.728000 63
69.728000 70.496000 61
70.496000 71.232000 58
73.888000 75.488000 56
75.680000 76.128000 57
76.256000 76.480000 60
76.480000 76.544000 59
76.544000 76.608000 58
76.608000 76.704000 57
76.704000 76.864000 56
76.864000 77.952000 55
78.080000 78.592000 53
78.656000 79.296000 55
80.608000 81.216000 52
81.312000 82.048000 53
82.144000 83.328000 55
83.328000 83.744000 50
83.872000 84.096000 50
84.192000 84.512000 50
84.640000 84.832000 48
84.832000 85.760000 51
86.560000 86.848000 50
87.072000 87.264000 48
87.392000 87.808000 51
87.808000 87.968000 51
87.968000 88.160000 54
88.160000 88.928000 56
88.928000 89.600000 61
89.920000 90.240000 62
90.240000 90.400000 63
90.528000 91.552000 62
91.680000 91.968000 55
92.992000 93.472000 53
93.600000 94.112000 53
94.720000 95.040000 54
95.168000 95.584000 56
95.744000 95.872000 56
96.608000 96.704000 58
96.800000 96.960000 60
97.120000 98.528000 60
98.688000 99.136000 55
102.432000 103.040000 48
103.264000 103.904000 51
104.096000 104.384000 55
104.384000 104.864000 58
105.120000 105.824000 60
105.888000 105.920000 60
106.016000 106.208000 60
106.272000 107.520000 61
107.584000 107.744000 60
107.872000 108.000000 62
108.128000 108.544000 58
108.640000 108.896000 58
109.152000 109.568000 63
109.696000 110.816000 66
110.880000 110.912000 68
110.976000 111.232000 65
111.424000 112.640000 67
112.864000 115.360000 60
115.872000 116.128000 57
116.256000 116.640000 59
116.640000 117.728000 62
117.856000 118.944000 56
119.136000 119.296000 56
119.424000 120.864000 56
121.856000 122.592000 56
122.688000 122.976000 55
123.104000 124.672000 55
125.600000 126.624000 51
126.816000 127.072000 55
127.168000 127.296000 58
127.808000 127.968000 60
128.000000 128.032000 60
128.128000 128.160000 60
128.320000 128.576000 60
128.672000 128.704000 60
129.056000 131.008000 61
132.000000 132.064000 61
132.064000 132.800000 62
132.800000 133.344000 63
133.344000 133.856000 65
133.856000 134.144000 59
134.272000 134.400000 58
134.816000 135.168000 55
135.200000 135.392000 55
135.584000 136.736000 58
136.832000 136.928000 58
137.120000 137.376000 60
137.504000 138.464000 60
138.464000 139.136000 58
139.264000 140.384000 62
140.384000 143.648000 56
144.576000 145.728000 56
145.824000 146.016000 53
146.176000 146.848000 54
146.848000 147.424000 56
148.224000 148.544000 61
148.864000 149.184000 63
149.440000 149.664000 62
149.728000 150.592000 60
150.624000 151.040000 60
151.168000 151.424000 60
151.488000 154.624000 61
154.720000 155.360000 62
155.520000 156.096000 62
156.224000 156.608000 65
156.736000 159.232000 68
159.328000 161.184000 60
161.280000 162.400000 60
162.400000 163.136000 62
163.296000 163.456000 63
163.552000 166.016000 64
166.272000 166.848000 62
167.456000 167.552000 56
167.712000 168.032000 57
168.096000 168.384000 55
168.480000 169.024000 53
169.248000 169.568000 54
169.728000 170.080000 55
170.624000 170.848000 47
170.976000 171.136000 48
171.424000 172.000000 51
172.192000 177.184000 60
191.136000 191.840000 60
200.608000 201.728000 60
218.496000 219.584000 55
220.480000 220.704000 55
220.832000 221.024000 60
221.024000 221.504000 63
221.920000 222.048000 55
222.144000 222.848000 55
224.448000 224.576000 60
224.576000 225.568000 63
225.568000 226.208000 61
226.464000 226.720000 60
226.848000 227.232000 57
227.648000 228.544000 55
231.328000 231.616000 56
231.744000 232.064000 55
232.160000 233.280000 55
234.144000 234.464000 51
234.560000 234.816000 47
234.976000 235.264000 52
235.264000 235.872000 58
235.872000 236.320000 60
237.408000 238.464000 63
239.232000 239.360000 62
239.520000 240.000000 63
240.000000 240.736000 62
240.992000 241.408000 55
241.568000 241.824000 55
244.384000 245.824000 56
245.952000 246.176000 56
246.304000 246.432000 58
246.560000 246.720000 61
246.720000 247.008000 60
247.104000 247.456000 56
247.552000 247.744000 55
247.744000 248.864000 54
248.960000 249.600000 55
251.008000 251.488000 53
251.648000 252.320000 52
252.448000 252.512000 52
252.512000 253.280000 55
253.280000 253.920000 51
254.080000 254.560000 51
254.560000 255.648000 51
255.744000 256.192000 50
256.832000 257.024000 50
257.376000 257.568000 48
257.664000 257.984000 50
258.080000 258.368000 52
258.368000 258.464000 52
258.464000 259.584000 60
259.584000 260.000000 60
260.192000 260.416000 60
260.544000 260.704000 63
260.832000 261.248000 60
261.248000 261.824000 63
261.824000 262.400000 59
263.264000 263.520000 54
263.520000 263.744000 52
264.064000 264.256000 53
264.256000 264.448000 52
264.960000 265.184000 53
265.184000 265.312000 55
265.408000 266.112000 56
267.072000 267.232000 59
267.424000 268.640000 60
268.640000 269.376000 59
272.704000 273.280000 48
273.568000 274.144000 51
274.400000 274.592000 55
274.688000 275.168000 58
275.712000 276.032000 60
276.192000 276.448000 60
276.544000 277.344000 61
277.376000 277.472000 60
277.504000 277.536000 60
277.696000 277.760000 60
277.792000 279.168000 60
279.552000 279.808000 62
279.968000 280.416000 62
280.416000 281.504000 65
282.016000 282.784000 58
283.040000 284.512000 58
284.544000 284.576000 58
284.800000 285.248000 60
285.312000 285.696000 60
286.112000 286.368000 57
286.464000 286.848000 59
286.848000 288.000000 62
288.160000 289.696000 56
289.888000 290.048000 56
290.144000 291.104000 56
292.160000 293.216000 56
293.344000 294.432000 54
294.656000 294.976000 55
295.776000 296.032000 48
296.032000 296.736000 51
296.992000 297.280000 55
297.280000 297.696000 59
298.176000 298.656000 60
298.752000 298.912000 60
299.040000 301.536000 62
302.304000 304.128000 65
304.224000 304.320000 58
304.512000 307.264000 58
307.392000 309.056000 60
309.152000 309.408000 59
309.536000 310.624000 62
310.688000 312.704000 56
312.800000 313.984000 57
314.880000 315.968000 56
316.064000 316.352000 53
316.480000 317.152000 54
317.152000 317.696000 55
318.880000 319.520000 52
319.616000 319.680000 53
319.680000 319.968000 55
319.968000 320.480000 58
320.736000 321.056000 60
321.312000 321.472000 60
321.696000 321.888000 60
321.920000 324.256000 61
324.992000 325.632000 62
325.792000 326.304000 63
326.496000 326.944000 66
327.104000 330.048000 67
330.144000 331.488000 60
331.616000 332.480000 60
332.480000 333.408000 62
333.536000 333.664000 62
333.856000 336.032000 56
336.128000 336.512000 56
336.768000 336.992000 55
337.664000 338.176000 56
338.208000 338.656000 56
338.752000 339.040000 53
339.232000 339.744000 54
340.032000 340.288000 55
340.800000 340.960000 59
341.024000 341.056000 59
341.344000 341.440000 61
341.920000 342.272000 58
342.496000 348.096000 60
349.056000 349.760000 63
349.760000 351.232000 62
351.680000 352.000000 58
