4.768000 4.832000 63
9.312000 9.632000 69
10.560000 10.656000 74
10.848000 11.008000 74
11.168000 11.360000 74
11.520000 11.936000 74
15.712000 15.840000 76
18.592000 18.752000 74
18.912000 19.040000 74
19.936000 20.096000 74
24.672000 24.768000 62
25.056000 25.120000 63
25.120000 25.248000 66
26.048000 26.208000 60
26.304000 27.456000 62
28.192000 29.088000 66
29.088000 29.440000 68
30.176000 30.336000 62
30.336000 30.528000 60
30.656000 30.880000 58
30.880000 31.424000 62
31.584000 31.968000 64
32.096000 32.448000 65
32.576000 33.024000 69
34.016000 34.272000 62
34.400000 34.592000 62
34.752000 35.264000 61
35.712000 35.840000 62
35.936000 36.832000 66
36.832000 37.280000 67
38.208000 38.752000 69
38.752000 39.200000 67
39.328000 39.712000 64
39.840000 40.256000 65
40.256000 40.672000 69
40.832000 41.184000 62
41.536000 41.984000 65
42.144000 42.336000 62
42.336000 42.688000 61
42.976000 43.040000 62
43.040000 43.328000 67
43.456000 44.416000 67
44.480000 44.544000 65
44.672000 44.800000 65
44.800000 45.280000 67
45.376000 45.632000 67
45.888000 46.048000 65
46.048000 46.272000 67
46.368000 46.624000 65
46.624000 47.008000 69
47.104000 48.256000 65
48.512000 48.704000 61
48.704000 48.992000 62
49.312000 49.696000 65
49.696000 50.240000 63
50.240000 50.752000 69
51.232000 51.296000 59
51.296000 51.776000 63
51.776000 52.256000 69
52.448000 53.024000 62
53.152000 53.824000 69
54.112000 54.432000 72
54.784000 54.976000 67
55.168000 55.456000 64
55.584000 56.224000 65
56.384000 56.544000 62
56.768000 57.248000 62
57.248000 57.984000 65
57.984000 58.560000 69
58.816000 58.944000 65
58.944000 59.104000 63
59.264000 59.648000 64
59.904000 60.896000 64
61.376000 61.600000 62
61.600000 61.792000 65
61.792000 62.208000 68
62.208000 62.720000 72
62.720000 63.360000 67
63.488000 63.808000 67
63.808000 64.352000 69
64.512000 64.864000 62
65.024000 65.632000 65
65.728000 66.400000 69
66.848000 66.976000 62
66.976000 67.296000 65
67.424000 67.552000 65
67.648000 68.608000 64
69.120000 69.312000 62
69.440000 69.728000 67
69.824000 70.048000 69
70.048000 70.240000 72
70.368000 71.456000 67
71.520000 72.128000 67
72.288000 72.352000 73
72.352000 72.608000 75
72.800000 72.896000 65
72.928000 73.088000 65
73.312000 73.408000 65
73.696000 73.888000 67
73.920000 74.432000 67
75.168000 75.360000 65
75.712000 75.904000 64
76.160000 76.384000 64
76.640000 76.768000 62
76.864000 77.024000 62
77.184000 77.568000 67
77.632000 77.792000 69
77.792000 77.984000 72
78.080000 79.168000 67
79.168000 79.264000 72
79.264000 80.064000 68
80.128000 80.160000 62
80.256000 80.288000 62
80.544000 80.608000 65
80.736000 80.832000 65
80.992000 81.152000 65
81.440000 81.824000 60
82.016000 82.240000 60
82.464000 82.848000 65
82.880000 83.360000 65
83.488000 83.712000 69
84.032000 84.192000 65
84.384000 84.544000 62
85.088000 85.216000 55
85.312000 85.696000 55
87.968000 88.192000 61
88.192000 89.440000 62
89.920000 90.016000 61
90.176000 91.008000 66
91.008000 91.424000 68
91.872000 91.968000 60
92.096000 92.256000 62
92.256000 92.480000 61
92.640000 92.832000 59
92.832000 93.376000 62
93.536000 94.400000 65
94.528000 94.976000 69
95.712000 95.872000 60
96.032000 96.224000 62
96.352000 96.768000 62
96.768000 97.216000 61
97.664000 97.792000 62
97.888000 98.784000 67
98.784000 99.264000 67
100.128000 100.736000 69
100.736000 101.152000 63
101.280000 101.600000 64
101.760000 102.240000 66
102.240000 102.624000 69
102.752000 103.136000 62
103.456000 103.904000 65
104.064000 104.320000 62
104.416000 104.640000 57
104.928000 104.992000 62
104.992000 105.248000 67
105.408000 105.856000 65
105.856000 106.464000 69
106.624000 107.200000 67
107.328000 107.552000 67
107.840000 108.000000 65
108.000000 108.192000 67
108.288000 108.480000 65
108.576000 108.928000 69
109.024000 110.208000 65
110.464000 110.624000 60
110.624000 110.912000 62
111.296000 111.616000 65
111.616000 112.160000 64
112.160000 112.704000 70
113.248000 113.600000 62
113.664000 114.016000 65
114.112000 114.208000 69
114.400000 114.976000 62
115.104000 115.776000 69
116.064000 116.352000 72
116.608000 116.768000 65
117.088000 117.248000 64
117.504000 117.984000 65
118.944000 119.520000 62
119.680000 119.872000 62
120.160000 120.288000 62
120.384000 120.480000 62
120.864000 121.568000 62
121.664000 121.760000 62
121.856000 122.560000 62
123.296000 123.680000 62
123.744000 124.224000 62
124.384000 124.416000 62
124.512000 124.704000 62
124.800000 125.856000 62
126.208000 126.304000 62
126.688000 126.816000 62
126.944000 127.712000 62
127.936000 128.352000 62
128.672000 128.960000 63
129.120000 129.248000 62
129.376000 129.504000 62
129.632000 130.368000 62
131.072000 131.200000 62
131.456000 131.712000 62
131.840000 132.000000 69
132.000000 132.096000 71
132.288000 132.384000 69
132.384000 132.480000 67
132.544000 132.576000 62
132.928000 133.024000 62
133.056000 133.088000 62
133.568000 133.952000 65
133.984000 134.016000 65
134.208000 134.688000 63
134.688000 134.912000 65
135.040000 135.392000 65
135.392000 136.000000 69
136.128000 136.544000 62
136.640000 136.800000 65
136.800000 137.024000 63
137.120000 137.248000 64
137.568000 137.664000 62
137.696000 138.016000 62
138.016000 138.240000 64
138.784000 138.976000 62
138.976000 139.456000 67
139.552000 139.744000 69
139.744000 139.904000 72
140.000000 140.416000 67
140.512000 141.120000 67
141.344000 141.792000 69
141.952000 142.272000 62
142.400000 143.136000 65
143.136000 143.808000 69
144.384000 144.480000 65
144.576000 144.960000 64
145.088000 146.080000 64
146.496000 146.784000 62
146.784000 147.040000 66
147.072000 147.232000 67
147.328000 147.904000 72
147.904000 148.224000 66
148.512000 148.608000 66
149.024000 149.856000 65
151.104000 151.296000 62
152.832000 152.992000 60
156.032000 156.160000 61
156.448000 156.672000 65
157.248000 157.280000 61
157.344000 157.408000 62
157.408000 158.304000 61
158.400000 158.624000 59
159.104000 159.264000 60
159.360000 159.648000 60
159.872000 160.224000 59
160.320000 160.608000 63
161.248000 161.664000 62
161.760000 161.920000 59
162.016000 162.144000 60
162.240000 162.560000 59
163.264000 164.000000 60
164.224000 164.480000 65
165.120000 165.344000 75
166.112000 166.304000 57
166.624000 166.848000 73
166.880000 166.976000 71
168.064000 168.224000 70
173.472000 173.536000 61
175.328000 175.424000 60
175.552000 175.648000 61
177.248000 177.376000 61
178.240000 178.368000 69
178.368000 178.464000 68
178.464000 178.720000 66
178.720000 178.944000 63
180.896000 181.056000 62
181.152000 181.856000 65
181.856000 182.464000 69
182.816000 182.944000 62
183.072000 183.232000 64
183.328000 183.456000 62
183.552000 183.680000 63
184.096000 184.320000 62
184.480000 184.640000 62
185.280000 185.344000 61
185.344000 185.472000 62
185.472000 185.728000 66
185.728000 186.144000 68
186.144000 186.496000 72
186.496000 187.776000 68
187.776000 188.256000 69
188.608000 188.704000 62
188.864000 189.600000 65
189.600000 190.304000 69
190.752000 191.072000 65
191.072000 191.168000 62
191.328000 191.424000 65
191.552000 192.320000 62
192.992000 193.120000 62
193.312000 193.440000 65
193.440000 193.664000 68
193.664000 194.112000 72
194.240000 194.400000 67
194.400000 196.224000 67
196.224000 196.864000 65
196.992000 197.312000 65
197.312000 197.920000 69
198.048000 199.200000 64
199.616000 200.032000 62
200.192000 200.256000 65
200.576000 200.960000 62
200.960000 201.184000 65
201.184000 201.824000 72
201.984000 202.368000 67
202.560000 202.752000 67
202.816000 203.072000 65
203.232000 203.744000 69
203.872000 204.224000 62
204.352000 204.608000 65
204.640000 205.184000 68
205.184000 205.760000 69
206.112000 206.304000 63
206.304000 206.400000 65
206.528000 206.880000 64
207.008000 207.328000 62
207.488000 208.096000 64
208.256000 208.704000 62
208.704000 208.928000 66
208.928000 210.784000 72
210.880000 211.840000 68
214.112000 214.272000 62
214.784000 214.944000 62
221.568000 221.696000 74
223.712000 223.904000 74
224.064000 224.256000 74
224.448000 224.640000 74
225.024000 225.280000 76
