26.464000 26.752000 54
26.752000 27.008000 56
27.136000 27.424000 56
27.680000 27.968000 58
28.064000 28.640000 65
28.768000 29.984000 63
30.112000 30.560000 60
30.688000 31.488000 57
32.000000 32.224000 56
32.416000 32.608000 56
32.960000 33.984000 65
34.272000 34.400000 66
34.400000 34.592000 68
34.592000 34.816000 66
34.976000 35.584000 65
36.864000 37.216000 55
37.216000 37.376000 56
37.568000 38.336000 58
38.528000 39.072000 65
39.072000 39.392000 62
39.488000 39.712000 60
39.808000 40.032000 63
40.160000 40.960000 61
41.120000 41.856000 57
42.432000 43.200000 58
43.456000 44.448000 65
44.704000 45.312000 60
45.440000 45.952000 58
47.328000 47.392000 58
47.392000 47.680000 62
47.680000 48.512000 65
48.640000 49.152000 68
49.280000 49.600000 70
49.600000 50.240000 68
50.240000 50.464000 63
50.560000 51.776000 61
52.000000 52.320000 61
52.832000 53.120000 60
53.120000 53.472000 58
53.824000 54.752000 65
55.136000 55.200000 66
55.200000 55.520000 68
55.520000 55.680000 65
55.808000 56.384000 65
57.728000 57.792000 58
57.792000 58.048000 62
58.048000 58.880000 65
59.040000 60.288000 70
60.384000 60.928000 65
60.928000 61.984000 62
62.080000 62.752000 61
63.360000 63.840000 60
63.840000 65.184000 61
65.184000 66.112000 65
66.240000 66.912000 68
67.232000 67.520000 65
67.520000 68.128000 73
68.128000 68.384000 69
68.512000 69.024000 68
69.024000 69.824000 71
69.824000 70.720000 73
70.720000 72.448000 70
73.024000 73.280000 65
73.376000 73.664000 65
73.664000 74.400000 70
74.400000 76.256000 63
76.352000 76.544000 61
76.672000 76.896000 63
76.992000 77.856000 65
77.984000 78.176000 63
78.176000 78.432000 65
78.912000 79.136000 63
79.264000 79.648000 63
79.648000 80.480000 61
80.480000 81.056000 63
81.056000 81.760000 65
81.888000 82.400000 73
82.528000 82.848000 72
82.848000 83.392000 71
83.488000 83.872000 68
84.160000 86.368000 70
86.464000 86.976000 70
87.104000 88.032000 68
88.416000 89.024000 73
89.024000 89.600000 70
89.728000 90.272000 70
90.400000 90.496000 68
90.496000 90.720000 70
90.720000 91.552000 73
91.552000 93.504000 70
93.888000 94.016000 63
94.016000 94.528000 65
94.528000 94.816000 68
94.880000 95.200000 70
95.296000 96.160000 61
96.256000 96.480000 61
96.576000 96.800000 63
96.896000 97.120000 63
97.248000 97.664000 62
97.664000 99.328000 65
99.808000 99.872000 59
99.872000 100.064000 63
100.160000 101.728000 63
101.824000 102.176000 63
102.176000 102.400000 65
102.400000 102.816000 70
102.816000 104.000000 73
104.000000 104.672000 70
105.056000 105.216000 68
105.376000 105.536000 68
105.536000 107.648000 70
107.648000 110.144000 69
112.544000 112.896000 55
112.896000 113.120000 56
113.248000 113.664000 58
113.856000 114.080000 58
114.208000 114.432000 65
114.528000 114.752000 63
114.752000 115.072000 62
115.200000 115.552000 60
115.552000 115.744000 63
115.872000 116.384000 61
116.384000 117.024000 59
117.120000 117.440000 57
118.048000 118.304000 56
118.432000 118.848000 58
119.072000 119.616000 65
119.712000 120.192000 63
120.384000 120.512000 67
120.512000 120.704000 68
120.704000 120.864000 66
121.056000 121.600000 65
122.944000 123.104000 52
123.104000 123.296000 54
123.296000 123.488000 56
123.648000 124.032000 57
124.288000 124.576000 58
124.576000 124.864000 65
124.960000 125.184000 63
125.280000 125.760000 61
125.920000 126.016000 60
126.016000 126.176000 63
126.304000 126.848000 61
126.944000 127.456000 58
127.552000 127.936000 57
128.576000 129.280000 58
129.504000 130.560000 65
130.848000 131.392000 60
131.648000 132.384000 58
140.288000 140.416000 68
151.040000 151.232000 60
152.096000 152.192000 61
152.384000 152.512000 67
152.512000 152.768000 69
152.864000 153.088000 68
154.304000 154.368000 59
154.368000 154.592000 61
154.592000 155.488000 65
155.616000 156.096000 68
156.224000 156.512000 70
156.608000 156.832000 68
156.832000 157.440000 67
157.568000 158.080000 61
158.176000 159.136000 61
159.808000 160.064000 60
160.064000 160.800000 59
160.800000 162.080000 65
162.080000 162.688000 68
162.784000 163.488000 65
164.704000 164.832000 59
164.832000 165.248000 63
165.376000 165.952000 65
166.048000 167.200000 70
167.328000 167.552000 65
167.552000 167.872000 64
167.872000 168.480000 61
168.640000 168.896000 61
168.992000 169.184000 60
169.344000 169.728000 61
170.240000 170.464000 60
170.624000 171.040000 61
171.584000 172.096000 61
172.192000 172.512000 63
172.512000 173.024000 65
173.184000 173.856000 68
174.176000 174.496000 65
174.496000 174.720000 73
174.816000 175.072000 72
175.072000 176.352000 70
176.448000 176.512000 68
176.512000 176.992000 72
177.088000 177.664000 73
177.664000 179.552000 70
180.064000 180.128000 62
180.128000 180.288000 65
180.384000 180.672000 66
180.672000 181.344000 70
181.344000 181.600000 62
181.696000 182.880000 63
182.976000 183.776000 63
183.776000 183.872000 63
184.000000 185.344000 65
185.856000 185.984000 61
185.984000 186.112000 63
186.240000 186.784000 63
186.880000 187.840000 61
187.936000 188.768000 66
188.864000 188.960000 70
188.960000 189.792000 73
189.792000 190.784000 70
191.104000 191.360000 68
191.456000 191.648000 68
191.648000 195.040000 70
195.360000 195.968000 73
195.968000 197.248000 70
197.344000 197.440000 68
197.440000 198.208000 73
198.304000 198.528000 72
198.528000 200.416000 70
200.896000 200.992000 63
200.992000 201.536000 65
201.536000 202.176000 70
202.176000 202.432000 62
202.528000 203.104000 61
203.200000 204.448000 63
204.448000 204.576000 62
204.576000 204.736000 63
204.832000 205.664000 65
205.792000 205.984000 63
205.984000 206.240000 65
206.816000 208.960000 63
209.088000 209.312000 65
209.408000 209.728000 68
209.728000 209.952000 72
210.048000 210.240000 73
210.336000 210.656000 72
210.656000 211.264000 70
211.360000 211.616000 68
211.968000 218.336000 70
219.424000 219.648000 57
219.744000 220.288000 56
220.448000 221.088000 59
221.088000 221.696000 65
221.792000 222.688000 63
222.784000 223.360000 61
223.360000 223.968000 58
224.096000 224.512000 58
225.056000 225.792000 58
225.984000 227.072000 65
227.328000 228.736000 68
229.984000 230.496000 57
230.656000 231.680000 63
231.680000 232.128000 65
232.256000 232.480000 61
232.576000 232.896000 60
233.216000 233.696000 61
233.856000 234.432000 58
234.528000 234.880000 57
235.456000 236.096000 57
236.448000 237.472000 65
237.856000 238.368000 60
238.528000 238.880000 58
239.008000 239.136000 58
240.704000 241.632000 58
242.080000 242.784000 65
243.008000 243.840000 63
244.896000 245.728000 60
246.240000 247.136000 58
