21.312000 21.472000 59
29.920000 30.240000 51
30.336000 30.848000 49
31.008000 31.392000 51
31.648000 31.936000 51
32.064000 33.088000 51
33.440000 33.664000 47
33.952000 34.528000 49
34.656000 34.976000 47
37.056000 37.152000 49
38.176000 38.624000 47
39.936000 40.320000 47
41.088000 41.696000 49
41.792000 42.272000 51
42.432000 42.752000 47
42.880000 43.264000 49
46.432000 46.784000 54
46.880000 47.744000 55
47.744000 47.808000 55
48.192000 48.960000 59
49.120000 49.888000 59
49.888000 50.400000 56
51.488000 52.416000 59
52.576000 52.896000 52
53.440000 54.112000 52
55.040000 55.328000 47
55.552000 56.576000 48
56.704000 57.696000 49
58.528000 58.592000 48
58.592000 58.816000 51
59.008000 59.648000 50
59.648000 60.640000 54
60.736000 61.312000 49
61.440000 61.664000 51
62.112000 62.368000 47
62.560000 63.072000 49
63.232000 63.552000 47
65.632000 65.728000 51
66.144000 66.304000 54
66.848000 67.360000 47
68.576000 68.928000 47
70.400000 70.816000 47
70.976000 71.904000 51
75.040000 75.712000 54
75.712000 76.128000 51
76.224000 76.640000 55
76.864000 78.016000 59
78.208000 79.104000 59
80.160000 80.736000 59
80.736000 81.536000 53
81.824000 81.984000 70
82.304000 83.008000 54
84.768000 85.696000 59
85.792000 86.464000 61
86.464000 86.656000 67
86.656000 87.520000 59
87.616000 89.664000 59
89.760000 89.984000 61
90.112000 90.976000 63
90.976000 93.856000 59
94.336000 94.528000 59
94.528000 94.688000 58
94.784000 95.008000 59
95.008000 96.288000 59
96.384000 96.704000 59
96.704000 97.152000 57
97.280000 97.504000 59
97.632000 97.920000 61
98.400000 99.552000 64
99.680000 100.640000 64
100.960000 101.120000 62
101.120000 101.792000 61
101.952000 104.320000 66
104.416000 104.992000 68
104.992000 105.216000 63
105.312000 105.600000 59
105.600000 108.288000 66
108.640000 109.280000 61
109.280000 109.984000 60
110.560000 110.752000 58
110.912000 111.616000 64
111.616000 112.416000 59
112.608000 113.504000 59
142.784000 142.880000 54
144.512000 144.576000 48
144.576000 144.768000 51
144.928000 144.992000 48
144.992000 145.600000 49
145.600000 146.528000 51
146.688000 147.200000 49
147.328000 147.616000 51
148.128000 148.352000 47
148.544000 149.024000 49
149.152000 149.632000 47
149.920000 149.984000 54
149.984000 150.208000 56
151.648000 151.808000 52
151.936000 152.288000 54
152.768000 153.440000 59
154.560000 154.976000 47
155.616000 155.840000 55
156.320000 156.864000 47
156.960000 158.048000 50
159.872000 160.000000 54
160.768000 160.864000 54
161.024000 161.088000 51
161.088000 161.408000 54
161.504000 162.048000 52
162.176000 162.688000 54
162.816000 164.000000 59
164.192000 164.448000 59
164.448000 165.088000 56
166.176000 166.752000 59
166.752000 167.680000 52
167.808000 168.128000 52
168.256000 168.800000 52
169.024000 169.184000 55
170.048000 170.464000 47
170.752000 171.680000 59
171.808000 172.192000 58
172.192000 173.088000 66
173.088000 173.472000 58
173.600000 175.616000 59
175.712000 175.968000 61
176.064000 176.960000 63
176.960000 179.872000 59
180.192000 180.480000 59
180.480000 180.640000 57
180.768000 181.024000 59
181.024000 181.440000 57
181.440000 181.760000 59
181.760000 183.136000 59
183.264000 183.552000 59
183.648000 183.936000 62
184.352000 185.536000 64
185.664000 186.656000 64
186.944000 187.072000 62
187.072000 187.744000 61
187.904000 188.000000 62
188.000000 190.016000 63
190.016000 191.200000 68
191.296000 191.552000 59
191.552000 194.272000 66
194.624000 196.000000 61
196.640000 196.768000 69
196.928000 197.632000 64
197.632000 198.368000 59
198.592000 199.520000 59
201.056000 202.144000 59
202.240000 204.256000 59
204.384000 204.608000 61
204.704000 205.568000 63
205.568000 208.576000 59
208.928000 209.120000 59
209.120000 209.408000 58
209.408000 209.664000 59
209.664000 210.912000 59
211.008000 211.520000 59
211.520000 211.808000 57
211.904000 212.160000 59
212.256000 212.544000 61
213.024000 214.176000 64
214.304000 215.296000 64
215.584000 215.712000 62
215.712000 216.448000 61
216.576000 218.880000 66
219.008000 219.552000 68
219.552000 219.808000 63
219.904000 220.160000 59
220.160000 222.976000 66
223.264000 224.640000 61
224.832000 224.928000 62
225.280000 225.376000 57
225.376000 225.440000 55
225.472000 225.536000 54
225.536000 225.568000 56
225.568000 226.272000 64
226.272000 227.072000 59
227.232000 227.936000 59
