20.224000 20.576000 59
20.736000 21.120000 59
21.248000 24.160000 64
25.216000 25.376000 61
25.504000 26.400000 65
26.560000 27.680000 65
28.512000 28.672000 61
28.768000 30.080000 66
30.304000 32.224000 68
32.864000 33.280000 66
33.408000 34.240000 64
34.400000 34.528000 61
34.752000 35.968000 61
36.960000 37.312000 59
37.472000 39.520000 64
39.520000 40.352000 62
41.248000 41.568000 62
41.696000 44.448000 64
45.024000 45.664000 66
45.888000 48.672000 69
49.088000 49.472000 67
49.600000 52.352000 69
53.120000 53.312000 69
53.312000 53.696000 71
53.920000 54.368000 69
54.464000 54.752000 68
54.912000 56.224000 66
57.216000 57.600000 66
57.728000 58.496000 64
58.688000 58.848000 61
59.040000 60.384000 61
61.216000 61.568000 61
61.728000 61.888000 59
61.984000 63.648000 59
63.776000 65.216000 52
72.480000 72.672000 59
72.768000 72.896000 59
72.992000 73.376000 59
73.536000 73.664000 62
73.664000 74.912000 64
74.912000 76.192000 61
77.184000 77.248000 60
77.248000 78.304000 63
78.400000 80.448000 64
80.832000 81.408000 66
81.568000 84.192000 68
84.768000 85.568000 66
85.568000 86.080000 63
86.272000 88.256000 61
89.152000 89.728000 61
89.952000 90.304000 63
90.432000 90.720000 64
90.944000 91.968000 61
92.640000 92.928000 61
93.152000 93.920000 63
94.112000 95.712000 65
96.832000 97.056000 65
97.056000 97.184000 66
97.312000 97.632000 66
97.792000 98.528000 68
98.752000 99.712000 66
100.480000 100.768000 66
100.768000 101.088000 68
101.248000 102.016000 69
102.176000 103.648000 69
104.320000 104.448000 70
104.448000 104.640000 71
104.800000 105.664000 69
105.792000 107.296000 67
108.256000 108.544000 67
108.672000 108.960000 65
108.960000 109.312000 63
109.312000 111.328000 62
112.128000 112.512000 61
112.640000 114.304000 59
114.560000 115.744000 53
117.408000 117.504000 63
117.920000 118.464000 64
121.760000 122.240000 61
123.360000 123.456000 64
125.440000 125.600000 67
125.888000 126.656000 67
130.816000 130.912000 69
132.672000 133.216000 68
133.376000 134.016000 69
134.368000 134.688000 66
134.784000 134.816000 66
135.264000 136.864000 68
137.248000 139.776000 64
150.528000 150.784000 59
151.040000 151.360000 59
151.520000 153.056000 64
153.184000 154.240000 61
155.200000 155.552000 61
155.648000 156.256000 63
156.416000 158.240000 64
158.816000 159.392000 66
159.520000 162.080000 68
162.464000 162.624000 59
162.624000 162.784000 60
162.784000 163.104000 66
163.264000 163.968000 64
164.128000 165.920000 61
167.072000 167.296000 59
167.648000 168.640000 64
168.800000 169.664000 61
170.272000 170.368000 61
170.496000 170.816000 62
171.008000 171.776000 63
172.000000 173.632000 65
174.176000 174.272000 59
174.400000 175.040000 67
175.168000 175.520000 66
175.616000 176.416000 68
176.608000 177.696000 66
178.336000 178.656000 67
178.656000 178.944000 68
179.104000 179.872000 69
180.032000 181.408000 62
181.504000 181.728000 69
182.176000 182.304000 69
182.304000 182.560000 71
182.688000 185.632000 69
186.048000 186.560000 71
186.560000 187.648000 69
187.744000 188.960000 66
189.696000 189.824000 60
189.984000 190.272000 61
190.496000 191.552000 67
191.552000 192.256000 68
192.352000 203.872000 71
