19.648000 19.744000 54
19.744000 19.904000 57
20.032000 20.128000 57
20.256000 20.928000 57
21.056000 21.824000 58
22.048000 22.624000 58
22.880000 23.584000 57
23.680000 24.544000 57
24.672000 25.088000 58
25.248000 25.344000 57
25.440000 25.760000 58
26.304000 26.784000 58
26.880000 27.392000 58
27.648000 28.480000 62
28.640000 28.768000 62
28.768000 29.024000 61
29.024000 29.856000 58
31.072000 32.032000 58
32.480000 33.312000 57
33.344000 34.016000 57
34.240000 34.624000 58
34.848000 34.976000 58
35.072000 35.328000 57
35.680000 36.000000 57
36.192000 37.056000 57
37.408000 38.592000 59
39.040000 40.928000 58
41.024000 41.344000 57
41.472000 41.600000 57
41.600000 42.208000 56
42.304000 42.720000 50
44.256000 44.544000 62
44.672000 45.376000 62
45.472000 46.688000 62
46.848000 47.232000 62
47.232000 49.984000 62
51.936000 52.736000 58
52.832000 53.696000 60
53.824000 54.432000 60
54.592000 54.944000 60
55.040000 56.544000 61
56.960000 58.432000 65
58.656000 58.816000 62
58.816000 59.264000 65
59.424000 59.552000 65
59.680000 60.128000 64
60.256000 60.480000 63
60.480000 60.928000 65
61.472000 62.112000 65
62.272000 62.848000 65
63.008000 63.104000 65
63.264000 63.392000 64
63.616000 64.032000 58
64.736000 65.152000 60
65.280000 66.176000 60
66.272000 68.640000 65
68.896000 69.312000 65
69.440000 70.432000 65
70.592000 70.656000 63
70.720000 71.168000 65
71.328000 72.704000 65
72.832000 72.928000 62
73.184000 73.664000 65
73.824000 73.952000 64
74.048000 74.464000 64
74.656000 74.848000 62
74.848000 75.392000 65
75.872000 76.576000 65
76.672000 77.344000 65
77.440000 77.536000 65
77.728000 77.824000 64
78.048000 78.496000 58
79.072000 79.968000 64
80.480000 81.408000 65
82.208000 83.776000 68
83.776000 85.280000 69
85.472000 85.760000 65
85.888000 86.144000 65
86.304000 86.624000 65
86.720000 86.944000 64
87.136000 87.360000 65
87.488000 87.744000 65
87.872000 88.000000 65
88.000000 88.448000 63
88.544000 90.432000 62
110.848000 110.912000 53
110.912000 111.104000 56
111.232000 111.328000 57
111.424000 111.904000 57
112.256000 112.608000 57
112.832000 112.992000 58
113.216000 113.760000 58
114.048000 114.240000 55
114.464000 115.552000 57
115.840000 116.192000 58
116.416000 116.512000 57
116.640000 116.960000 57
117.312000 118.528000 58
118.816000 119.648000 62
119.840000 120.032000 62
120.032000 121.024000 60
122.272000 123.168000 58
123.648000 125.120000 57
125.600000 125.920000 59
126.048000 126.560000 58
126.848000 127.040000 56
127.424000 128.192000 57
128.640000 129.760000 59
130.272000 132.128000 58
132.224000 132.768000 57
133.024000 133.440000 53
133.504000 133.536000 55
133.696000 134.112000 67
135.424000 136.160000 62
136.256000 136.544000 62
136.672000 136.800000 62
136.800000 138.176000 62
138.272000 139.136000 62
139.232000 140.960000 58
143.104000 143.936000 58
144.032000 144.768000 59
144.768000 145.664000 60
145.856000 146.144000 60
146.240000 147.712000 61
148.160000 149.696000 65
149.856000 151.360000 65
151.392000 151.648000 62
151.648000 152.192000 65
152.640000 154.080000 65
154.208000 154.336000 65
154.464000 154.592000 64
154.784000 155.200000 58
155.744000 155.808000 56
155.808000 156.032000 60
156.192000 157.408000 61
157.408000 162.304000 65
162.592000 163.936000 65
164.192000 164.448000 62
164.448000 164.896000 65
164.960000 166.560000 65
167.072000 168.480000 65
168.608000 168.736000 65
168.896000 169.024000 64
169.184000 169.664000 58
170.240000 171.040000 64
171.744000 172.736000 65
173.376000 174.048000 69
174.176000 174.528000 67
174.624000 174.848000 67
175.040000 176.224000 64
176.352000 176.448000 63
176.672000 177.312000 65
177.504000 178.112000 65
178.304000 178.560000 64
178.688000 178.912000 65
179.040000 179.200000 65
179.200000 179.584000 63
179.680000 180.800000 62
181.792000 182.528000 65
182.624000 183.200000 65
183.456000 183.520000 62
183.680000 184.096000 65
184.224000 184.416000 65
184.416000 185.792000 65
186.304000 187.648000 65
187.776000 187.936000 65
188.064000 188.192000 64
188.384000 188.832000 58
189.376000 189.568000 58
189.568000 189.696000 60
189.792000 190.944000 60
191.040000 191.328000 64
191.424000 195.776000 65
196.256000 197.792000 65
198.016000 199.264000 65
199.424000 199.680000 62
199.680000 200.064000 65
200.640000 201.760000 65
202.240000 202.336000 65
202.528000 202.656000 65
202.816000 203.328000 58
203.808000 204.704000 65
205.248000 206.208000 65
206.240000 206.304000 62
206.976000 208.416000 67
208.608000 209.792000 65
210.240000 210.496000 63
210.656000 210.912000 64
211.072000 211.328000 64
211.424000 211.712000 65
211.840000 212.160000 65
212.256000 212.352000 67
212.352000 212.544000 65
212.640000 212.800000 65
212.800000 213.184000 63
213.312000 214.784000 62
216.608000 216.928000 64
217.056000 217.312000 64
217.440000 217.792000 64
217.888000 218.112000 64
218.272000 218.848000 64
219.040000 219.200000 65
219.200000 219.616000 62
219.744000 221.920000 62
222.016000 222.560000 62
