26.048000 26.272000 60
26.272000 26.592000 61
26.688000 26.880000 61
26.880000 28.160000 61
28.736000 29.120000 58
29.120000 29.504000 61
29.600000 30.080000 65
30.176000 30.336000 65
30.560000 31.360000 69
31.360000 31.968000 65
32.608000 32.960000 61
33.088000 33.600000 62
33.920000 35.328000 65
35.328000 37.440000 62
37.536000 38.080000 58
40.000000 41.568000 61
41.792000 42.304000 58
42.720000 43.104000 58
43.104000 43.584000 61
43.584000 44.384000 65
44.544000 45.344000 69
45.344000 46.048000 65
46.496000 46.720000 65
46.720000 47.776000 70
47.872000 48.160000 70
48.160000 48.224000 68
48.224000 48.544000 67
48.544000 50.368000 66
50.464000 52.640000 65
52.992000 53.824000 72
53.824000 56.384000 71
56.512000 57.920000 65
58.048000 58.496000 65
58.656000 59.008000 62
59.104000 59.552000 61
60.032000 61.120000 72
61.120000 61.600000 70
61.728000 61.952000 70
62.080000 63.168000 69
63.200000 63.392000 67
63.520000 64.192000 69
64.192000 66.592000 67
66.912000 67.712000 72
67.808000 67.968000 67
67.968000 69.280000 70
69.280000 69.920000 68
69.920000 70.528000 65
70.816000 71.040000 67
71.040000 71.232000 68
71.328000 71.872000 72
71.968000 73.056000 73
73.056000 73.760000 70
73.920000 74.048000 69
74.208000 75.264000 70
75.424000 75.584000 67
75.584000 75.712000 64
75.712000 75.776000 65
75.776000 76.416000 69
76.576000 76.864000 63
77.056000 77.600000 61
77.824000 80.288000 61
81.760000 82.336000 61
82.432000 83.104000 61
83.104000 84.096000 59
84.448000 84.832000 58
84.832000 85.312000 62
85.312000 86.080000 65
86.208000 87.328000 69
87.328000 87.808000 65
88.224000 88.608000 60
88.704000 89.376000 62
89.600000 91.072000 65
91.200000 94.016000 58
106.144000 106.816000 64
107.168000 107.776000 64
107.936000 108.672000 64
108.832000 108.992000 73
109.184000 109.248000 60
109.312000 109.600000 60
109.600000 109.728000 64
109.856000 110.336000 70
110.368000 111.968000 70
112.160000 114.208000 65
114.368000 115.264000 63
115.712000 116.480000 72
116.480000 116.864000 70
116.960000 117.216000 70
117.472000 117.632000 70
117.760000 119.040000 70
119.168000 119.488000 70
119.488000 122.272000 68
122.336000 122.400000 65
122.400000 122.528000 68
122.528000 123.296000 73
123.488000 125.536000 70
125.632000 126.400000 65
126.496000 126.688000 65
126.688000 126.976000 69
126.976000 127.488000 72
127.584000 128.608000 73
128.608000 129.280000 70
129.440000 129.632000 70
129.792000 130.784000 70
130.880000 131.040000 68
131.200000 131.392000 67
131.392000 131.648000 69
132.128000 132.416000 63
132.640000 133.056000 61
133.472000 135.808000 61
136.448000 137.280000 72
137.536000 137.728000 69
137.728000 138.848000 70
138.848000 140.000000 69
140.000000 141.408000 66
141.568000 142.048000 65
142.208000 143.264000 62
143.520000 144.320000 73
144.320000 145.152000 71
145.280000 145.408000 70
145.408000 145.600000 72
145.696000 146.048000 71
146.112000 146.880000 68
147.008000 147.776000 70
147.776000 148.032000 63
148.064000 148.224000 63
148.256000 149.664000 65
149.856000 150.368000 67
150.368000 151.136000 72
151.328000 153.280000 70
153.440000 153.952000 65
154.048000 154.464000 65
154.464000 154.656000 67
154.752000 155.296000 72
155.392000 156.896000 72
157.024000 157.504000 70
157.600000 158.656000 70
158.784000 159.008000 67
159.008000 159.360000 67
159.456000 159.744000 69
159.744000 159.808000 65
160.032000 160.320000 63
160.512000 161.120000 61
161.312000 164.960000 61
