3.616000 3.776000 74
4.736000 4.832000 75
5.120000 5.440000 75
5.856000 5.952000 71
11.584000 11.744000 75
11.744000 12.000000 74
12.160000 12.256000 69
12.640000 12.768000 72
16.160000 16.896000 63
16.992000 18.752000 62
20.416000 20.544000 63
24.192000 24.800000 62
24.800000 25.120000 62
25.120000 25.216000 63
25.216000 27.072000 70
27.296000 27.584000 62
27.584000 29.312000 66
30.528000 30.976000 70
31.104000 31.552000 69
31.904000 32.064000 62
32.160000 32.256000 62
32.416000 32.832000 61
32.832000 33.120000 60
33.120000 34.464000 66
34.464000 36.416000 63
38.016000 38.208000 66
39.648000 40.960000 72
41.056000 41.440000 71
41.440000 42.112000 71
42.112000 44.032000 66
44.448000 44.576000 65
44.896000 45.120000 63
46.912000 47.008000 62
47.008000 47.168000 63
47.168000 47.296000 64
47.296000 47.552000 65
47.552000 49.088000 69
49.408000 49.920000 66
50.112000 50.400000 71
50.528000 50.944000 64
50.944000 51.360000 67
51.360000 52.704000 69
52.704000 53.152000 63
53.152000 54.336000 60
55.968000 56.736000 61
57.024000 57.600000 75
57.600000 58.176000 72
58.304000 58.848000 71
59.008000 59.264000 70
59.552000 59.808000 62
59.808000 60.192000 64
60.288000 61.056000 65
61.440000 61.760000 57
61.824000 62.496000 59
62.752000 62.848000 62
62.944000 63.072000 61
63.200000 63.328000 64
63.328000 63.648000 66
63.648000 63.808000 70
63.904000 64.032000 69
64.128000 64.480000 66
64.480000 64.640000 67
64.640000 66.304000 69
66.304000 66.592000 68
66.848000 67.168000 65
67.296000 67.520000 69
67.520000 67.552000 63
67.584000 68.480000 63
68.704000 69.024000 62
69.024000 69.600000 64
69.696000 70.048000 59
70.240000 70.336000 60
71.392000 71.520000 60
71.520000 71.808000 61
71.808000 72.736000 62
72.736000 73.984000 69
74.208000 74.528000 62
74.528000 75.840000 65
76.096000 76.864000 60
77.248000 77.408000 63
77.504000 77.568000 64
77.568000 78.112000 67
78.112000 78.528000 70
78.720000 79.424000 67
79.424000 80.192000 69
80.192000 80.960000 68
81.120000 81.344000 72
81.344000 81.408000 70
81.408000 81.952000 68
82.112000 82.528000 62
83.136000 84.128000 63
84.128000 84.864000 59
85.568000 85.696000 66
85.952000 87.040000 71
87.040000 87.136000 65
87.264000 87.648000 66
87.648000 88.544000 69
89.280000 90.592000 71
90.720000 91.232000 68
91.552000 91.872000 70
92.064000 92.160000 70
92.320000 92.352000 70
92.416000 94.784000 68
94.912000 95.136000 70
95.616000 95.712000 66
95.872000 96.256000 68
96.576000 96.736000 66
96.736000 99.680000 69
99.680000 100.704000 65
100.704000 101.632000 60
102.528000 102.784000 71
103.296000 103.392000 72
103.680000 103.712000 64
103.808000 103.872000 67
103.872000 104.064000 68
104.064000 104.864000 71
104.960000 105.152000 70
105.248000 105.344000 65
105.504000 105.536000 65
105.888000 105.952000 67
106.272000 106.496000 74
106.496000 107.168000 72
107.168000 107.936000 78
107.936000 108.576000 72
108.576000 109.760000 70
110.144000 110.304000 68
110.368000 110.432000 68
111.360000 112.096000 74
112.256000 112.864000 71
112.864000 113.856000 68
114.048000 116.800000 71
118.592000 119.520000 74
119.520000 124.640000 71
124.800000 124.960000 66
124.960000 125.120000 70
125.216000 125.408000 66
125.408000 125.632000 74
125.632000 125.824000 80
125.824000 129.280000 79
129.280000 131.552000 75
131.840000 132.544000 69
132.544000 132.608000 68
132.608000 132.736000 67
132.736000 132.992000 64
133.856000 133.984000 57
134.176000 134.432000 59
140.000000 140.192000 76
140.192000 140.384000 75
140.480000 140.864000 72
140.960000 141.088000 71
141.184000 141.280000 71
141.568000 141.664000 68
142.464000 142.880000 62
143.072000 143.520000 62
143.776000 144.896000 66
145.248000 145.440000 58
145.536000 145.664000 56
146.048000 146.336000 63
146.464000 146.688000 62
146.688000 146.784000 64
146.784000 147.104000 67
147.104000 147.552000 71
147.648000 148.448000 67
148.544000 149.184000 68
149.312000 149.888000 65
150.336000 150.656000 65
150.784000 150.912000 68
151.040000 151.808000 64
151.840000 152.000000 63
152.192000 153.216000 64
153.216000 153.536000 59
154.560000 154.816000 62
154.912000 155.296000 62
155.328000 155.680000 62
155.776000 156.096000 62
156.352000 156.800000 67
156.800000 157.248000 69
157.376000 157.472000 67
157.664000 157.952000 62
157.952000 159.168000 65
159.456000 159.552000 62
159.680000 160.864000 62
161.184000 161.600000 66
161.600000 161.792000 71
161.888000 162.080000 69
162.240000 162.528000 66
162.528000 163.616000 69
163.808000 164.160000 65
164.320000 164.640000 72
164.736000 164.768000 68
164.928000 165.312000 67
165.312000 165.440000 68
165.600000 166.656000 65
166.752000 167.680000 64
167.680000 168.224000 59
169.056000 169.344000 63
169.536000 170.592000 71
170.752000 171.168000 65
171.168000 171.616000 69
172.160000 172.384000 72
172.576000 172.608000 68
172.800000 174.176000 71
174.336000 174.592000 66
174.592000 174.720000 69
174.912000 175.424000 71
175.520000 175.936000 71
175.936000 178.272000 68
178.464000 178.720000 70
179.360000 179.552000 68
179.840000 179.968000 63
180.096000 180.320000 67
180.320000 181.344000 69
181.344000 182.176000 67
182.176000 183.168000 69
183.168000 184.192000 66
184.192000 184.992000 60
185.376000 185.824000 71
185.984000 186.432000 71
186.656000 186.880000 69
187.104000 187.168000 69
187.328000 187.456000 69
187.552000 187.680000 70
187.744000 188.128000 71
188.224000 188.384000 71
188.480000 188.640000 71
188.640000 188.800000 67
188.864000 189.216000 67
189.376000 189.504000 70
189.600000 189.952000 71
190.048000 190.688000 72
190.688000 190.720000 75
190.720000 191.456000 78
191.456000 192.224000 72
192.224000 193.568000 69
193.856000 194.176000 69
194.816000 195.584000 74
195.744000 196.384000 71
196.384000 197.440000 67
197.600000 200.288000 71
200.384000 200.512000 61
200.736000 201.152000 60
201.536000 201.760000 71
201.920000 203.008000 74
203.008000 207.520000 72
208.480000 208.672000 72
209.312000 209.664000 71
209.824000 209.984000 71
210.080000 210.240000 70
210.464000 211.008000 68
211.232000 211.328000 70
211.360000 211.424000 70
212.512000 214.304000 69
214.592000 214.784000 57
214.912000 215.072000 58
215.456000 216.256000 63
216.384000 216.672000 67
216.672000 218.016000 69
218.208000 218.368000 65
218.368000 218.976000 68
219.040000 219.456000 69
219.456000 220.416000 67
220.544000 220.896000 58
220.896000 221.024000 59
221.024000 222.240000 63
222.432000 223.008000 67
223.136000 223.232000 66
223.456000 223.584000 62
224.096000 224.416000 71
224.512000 224.864000 71
225.024000 225.472000 66
225.888000 226.240000 70
226.336000 226.464000 70
226.592000 226.656000 70
226.784000 226.976000 71
226.976000 227.744000 78
227.744000 228.384000 72
228.384000 229.056000 68
229.056000 229.280000 62
229.856000 230.016000 61
230.048000 230.560000 61
230.912000 232.736000 74
232.736000 233.280000 67
233.792000 234.528000 71
234.528000 236.928000 69
236.928000 237.536000 74
237.696000 238.368000 80
238.656000 239.264000 74
239.424000 239.904000 71
240.384000 240.416000 68
240.736000 241.248000 70
241.408000 241.760000 57
242.112000 243.072000 59
243.232000 243.776000 59
243.904000 244.576000 59
252.256000 252.448000 59
253.088000 253.344000 62
256.416000 256.544000 66
257.504000 258.496000 70
258.624000 259.264000 71
259.712000 260.352000 69
260.480000 260.576000 69
260.672000 261.600000 69
261.696000 262.176000 73
262.272000 262.432000 73
262.880000 263.168000 78
