0.352000 0.896000 56
0.896000 3.968000 58
7.104000 8.224000 58
8.480000 11.104000 63
13.728000 14.816000 60
14.816000 15.968000 63
15.968000 17.984000 58
20.448000 20.512000 54
20.512000 20.672000 55
20.672000 22.208000 58
22.208000 24.640000 55
27.104000 27.488000 55
27.488000 31.360000 60
33.792000 34.016000 57
34.016000 34.816000 58
34.816000 35.712000 63
35.872000 38.176000 60
40.192000 40.416000 58
40.416000 41.728000 60
41.728000 43.104000 63
43.264000 44.288000 60
44.448000 44.864000 61
44.864000 45.312000 62
45.312000 46.112000 63
46.112000 47.968000 58
48.128000 53.920000 65
54.080000 54.816000 63
54.816000 58.624000 68
59.616000 59.712000 58
60.320000 60.512000 58
60.672000 60.736000 62
60.736000 62.880000 67
62.880000 64.160000 60
66.752000 67.808000 63
67.808000 68.288000 65
68.288000 69.312000 68
69.312000 71.136000 60
71.232000 71.392000 62
71.456000 71.776000 67
73.248000 73.408000 62
73.408000 74.496000 63
74.496000 75.168000 67
75.328000 78.912000 67
80.544000 81.312000 58
81.408000 82.176000 58
82.176000 82.528000 60
82.688000 85.152000 60
87.200000 88.096000 58
88.096000 91.200000 63
93.440000 94.816000 60
94.944000 95.040000 60
95.040000 96.096000 62
96.096000 96.256000 58
96.416000 96.640000 58
96.672000 98.400000 58
100.128000 100.576000 55
100.576000 101.088000 58
101.184000 101.568000 58
101.568000 102.784000 60
102.880000 104.096000 53
107.008000 107.392000 58
107.680000 108.288000 63
108.288000 112.224000 68
114.144000 114.528000 63
114.528000 115.808000 67
115.808000 117.440000 63
117.568000 117.696000 60
120.160000 121.216000 64
121.216000 122.464000 68
122.656000 124.544000 60
124.704000 124.800000 60
126.624000 126.816000 62
126.816000 127.904000 63
127.904000 128.576000 67
128.736000 132.096000 67
133.536000 133.760000 70
133.760000 134.016000 66
134.144000 134.208000 67
134.208000 134.304000 68
134.304000 134.816000 70
134.816000 135.392000 67
135.392000 137.568000 67
137.568000 138.848000 63
139.968000 140.192000 63
140.416000 140.928000 63
141.216000 141.920000 67
142.080000 143.072000 63
143.104000 143.136000 59
143.200000 144.320000 60
147.072000 147.968000 65
147.968000 148.832000 67
148.832000 151.264000 68
151.264000 153.568000 67
153.760000 158.624000 63
160.448000 160.544000 59
160.672000 162.112000 63
162.112000 163.968000 67
163.968000 165.632000 63
166.720000 166.912000 57
166.912000 167.488000 63
167.488000 168.384000 62
168.544000 170.816000 61
170.944000 171.328000 58
171.584000 172.320000 65
172.384000 172.640000 65
172.832000 172.928000 68
173.088000 173.280000 68
173.408000 173.568000 60
173.728000 173.792000 59
173.792000 175.072000 63
175.072000 175.456000 63
175.456000 175.904000 66
175.904000 176.640000 70
177.504000 177.568000 66
177.600000 177.696000 66
177.920000 178.144000 63
178.176000 178.944000 63
180.448000 181.376000 63
181.472000 182.464000 67
182.496000 186.720000 65
187.104000 187.488000 58
187.616000 188.352000 70
188.512000 189.504000 67
189.952000 190.240000 67
190.464000 192.096000 75
193.440000 193.568000 70
193.696000 194.432000 70
194.432000 195.552000 68
195.744000 196.160000 67
196.160000 197.856000 65
197.888000 198.144000 63
200.544000 201.632000 65
201.632000 201.920000 67
202.144000 202.496000 68
202.560000 202.592000 68
202.656000 202.688000 68
203.136000 203.296000 67
203.456000 204.000000 68
204.032000 204.064000 68
204.224000 204.992000 70
205.216000 206.944000 67
207.104000 207.680000 58
207.680000 207.840000 61
207.840000 208.896000 63
208.896000 216.512000 70
216.928000 217.376000 70
