20.896000 20.992000 54
21.088000 21.184000 53
22.400000 22.464000 57
22.464000 22.656000 58
22.656000 23.552000 61
23.648000 24.096000 61
24.512000 24.960000 59
25.056000 25.312000 61
25.472000 25.888000 61
25.984000 26.208000 61
26.560000 26.720000 61
26.848000 27.104000 58
27.296000 27.712000 62
27.808000 27.968000 61
28.096000 28.288000 62
28.608000 29.056000 59
29.216000 29.856000 62
29.952000 30.432000 59
30.944000 31.584000 61
31.744000 32.448000 61
32.864000 33.152000 59
33.408000 34.528000 61
34.880000 35.296000 59
35.456000 36.000000 62
36.160000 36.608000 62
36.992000 37.120000 59
37.248000 37.376000 57
37.568000 38.144000 62
38.336000 38.464000 57
38.560000 39.008000 59
39.872000 40.032000 55
40.032000 40.640000 57
40.896000 41.024000 54
41.120000 41.824000 59
41.824000 42.304000 57
42.496000 42.656000 57
43.232000 44.000000 59
44.256000 44.704000 57
45.088000 45.216000 55
45.216000 45.312000 56
45.312000 45.536000 58
45.536000 46.144000 61
46.304000 46.944000 62
47.072000 47.488000 57
47.648000 47.776000 64
48.320000 48.608000 57
48.768000 49.088000 58
49.280000 50.304000 58
50.496000 50.784000 57
50.912000 51.072000 57
51.360000 52.320000 58
52.640000 53.120000 57
53.376000 53.568000 55
53.568000 54.048000 59
54.048000 54.848000 62
54.944000 55.264000 61
55.456000 55.840000 57
55.968000 56.128000 59
56.128000 56.864000 56
57.024000 57.216000 56
57.664000 57.952000 49
58.080000 58.304000 50
58.304000 58.752000 59
58.880000 59.808000 58
60.352000 61.376000 56
61.856000 62.048000 48
62.112000 62.336000 50
62.560000 62.624000 58
62.624000 62.912000 61
62.912000 62.976000 57
63.008000 63.296000 59
63.296000 63.584000 58
63.584000 63.744000 59
64.128000 64.256000 57
64.352000 64.832000 61
65.120000 65.568000 57
65.952000 66.240000 56
66.400000 66.656000 59
66.656000 66.976000 64
67.168000 67.616000 57
68.256000 68.416000 57
68.512000 68.640000 54
68.736000 69.792000 62
69.792000 71.296000 64
72.512000 72.704000 57
72.704000 74.208000 61
74.464000 74.688000 60
74.688000 75.392000 61
75.584000 75.968000 61
76.096000 76.288000 61
76.640000 77.248000 59
77.376000 77.792000 62
77.888000 78.080000 61
78.176000 78.368000 62
78.752000 78.880000 58
78.880000 79.296000 58
79.296000 79.936000 62
80.032000 80.224000 57
80.224000 80.512000 59
80.832000 81.600000 59
81.824000 82.560000 61
82.880000 83.264000 59
83.456000 83.616000 59
83.616000 84.608000 61
84.960000 85.376000 59
85.536000 86.112000 62
86.240000 86.688000 62
87.040000 87.200000 59
87.328000 87.552000 57
87.616000 88.224000 62
88.416000 88.960000 59
89.120000 89.504000 61
89.664000 90.144000 57
90.144000 90.688000 56
90.688000 90.912000 59
91.392000 91.584000 56
91.584000 91.648000 57
91.648000 91.712000 58
91.712000 91.776000 59
91.776000 92.544000 64
94.336000 94.624000 62
94.720000 94.976000 61
95.904000 96.352000 61
98.400000 98.592000 65
98.592000 99.232000 69
99.424000 102.464000 71
102.720000 102.912000 71
102.912000 103.264000 69
103.456000 104.672000 66
104.800000 104.928000 64
105.280000 105.504000 63
106.624000 106.688000 52
106.688000 106.848000 55
106.848000 107.040000 57
107.200000 107.360000 58
107.680000 107.904000 56
107.904000 109.504000 58
110.016000 110.720000 59
110.720000 110.912000 54
111.072000 111.456000 57
111.840000 112.000000 54
112.000000 112.032000 55
112.032000 112.640000 59
112.736000 112.960000 61
113.152000 113.728000 62
113.920000 114.304000 57
114.944000 115.264000 56
115.264000 115.488000 57
115.616000 115.808000 57
116.032000 116.256000 55
116.256000 116.416000 57
116.544000 117.088000 58
117.312000 117.600000 57
117.696000 117.856000 57
118.112000 118.336000 54
118.336000 119.232000 58
119.488000 119.584000 57
119.584000 119.936000 57
120.160000 120.416000 55
120.416000 120.608000 57
120.704000 121.664000 62
121.760000 121.888000 60
121.888000 122.016000 61
122.272000 122.656000 57
122.784000 122.912000 59
122.912000 123.648000 56
123.808000 124.000000 56
125.088000 126.432000 59
126.976000 127.104000 63
127.200000 128.160000 56
128.672000 129.152000 51
129.344000 129.408000 58
129.408000 129.728000 61
129.728000 130.272000 59
130.368000 131.008000 59
131.136000 131.680000 61
131.904000 132.384000 58
132.672000 133.024000 57
133.216000 133.440000 58
133.440000 133.824000 64
133.952000 134.400000 57
134.816000 134.880000 54
135.040000 135.232000 57
135.232000 135.488000 55
135.488000 136.640000 62
136.640000 138.368000 64
139.328000 139.488000 57
139.488000 140.448000 61
140.544000 140.992000 61
141.280000 141.440000 59
141.440000 142.176000 60
142.368000 142.560000 61
142.560000 142.784000 59
142.880000 143.072000 61
143.424000 144.032000 59
144.192000 144.864000 62
144.960000 145.152000 62
145.472000 145.632000 59
145.632000 145.952000 58
146.080000 146.720000 62
146.816000 147.264000 59
147.616000 148.416000 59
148.608000 149.344000 61
149.664000 150.080000 59
150.272000 150.432000 59
150.432000 151.456000 61
151.776000 151.904000 59
151.904000 152.288000 57
152.288000 152.928000 62
153.024000 153.568000 62
153.856000 154.016000 59
154.112000 154.368000 57
154.368000 155.040000 62
155.168000 155.616000 59
155.616000 155.776000 53
155.936000 156.160000 58
156.160000 157.696000 62
157.984000 158.208000 61
158.208000 158.880000 62
159.040000 159.232000 62
159.232000 159.488000 60
159.584000 159.776000 62
159.872000 160.000000 61
160.128000 160.736000 59
160.896000 161.568000 63
161.664000 161.920000 63
162.176000 162.848000 62
162.848000 163.488000 63
163.584000 163.968000 60
163.968000 164.128000 53
164.352000 165.120000 62
165.312000 166.048000 62
166.432000 166.752000 59
166.944000 168.128000 62
168.288000 168.896000 60
169.024000 170.400000 63
170.528000 170.688000 60
170.816000 170.976000 58
171.072000 171.744000 63
171.840000 172.416000 61
172.608000 173.024000 62
173.120000 173.696000 58
174.624000 175.104000 57
175.104000 175.840000 61
176.032000 176.512000 59
176.512000 179.616000 67
181.024000 181.152000 58
181.152000 182.144000 62
182.240000 182.688000 62
182.784000 183.008000 66
183.104000 183.264000 60
183.264000 183.648000 59
183.648000 183.904000 62
184.064000 184.256000 62
184.256000 184.512000 61
184.608000 184.800000 62
185.216000 185.760000 60
185.888000 186.560000 63
186.688000 186.912000 63
187.296000 187.680000 60
187.808000 188.480000 63
188.480000 188.928000 60
189.376000 190.144000 62
190.336000 190.496000 62
190.592000 190.848000 60
190.848000 191.040000 62
191.488000 191.808000 58
192.000000 193.216000 62
193.504000 193.952000 60
194.016000 195.264000 63
195.552000 195.680000 60
195.808000 196.032000 58
196.032000 196.704000 63
196.896000 197.536000 60
197.632000 198.016000 62
198.176000 199.936000 58
204.320000 204.608000 54
204.704000 205.312000 62
205.568000 205.792000 62
205.792000 206.496000 60
206.944000 207.776000 60
208.096000 210.176000 58
