18.080000 18.656000 58
18.848000 19.552000 59
19.872000 20.096000 55
20.224000 20.704000 54
21.184000 21.760000 54
21.984000 22.752000 56
25.984000 26.560000 58
26.784000 27.104000 59
27.264000 27.552000 57
27.808000 28.032000 55
28.256000 28.768000 54
29.056000 29.824000 54
29.984000 30.848000 56
33.056000 33.344000 56
33.472000 34.624000 63
35.008000 35.296000 61
35.520000 35.904000 56
36.800000 36.896000 55
37.024000 38.336000 61
39.008000 39.264000 59
41.248000 41.408000 62
41.504000 42.208000 63
42.208000 42.560000 61
42.720000 43.680000 59
43.776000 43.904000 57
44.288000 44.384000 56
44.512000 45.344000 61
45.472000 45.632000 59
46.208000 46.624000 59
46.912000 47.072000 58
50.016000 50.464000 58
50.784000 51.072000 59
51.200000 51.456000 58
51.776000 52.352000 54
52.480000 52.736000 54
52.992000 53.312000 51
53.504000 53.856000 54
54.048000 54.944000 56
58.080000 58.624000 58
58.816000 59.584000 59
59.840000 60.160000 54
60.320000 60.800000 54
61.056000 61.376000 52
61.536000 61.824000 54
62.016000 63.168000 56
64.992000 65.536000 57
65.536000 66.720000 63
66.912000 67.264000 61
67.456000 67.872000 56
68.992000 69.376000 61
69.504000 70.816000 61
71.040000 71.360000 59
71.552000 72.032000 54
73.248000 73.408000 62
73.536000 73.888000 63
74.048000 74.976000 61
75.520000 75.872000 59
76.032000 76.832000 59
77.024000 77.408000 61
77.504000 77.856000 61
78.240000 79.616000 59
80.800000 81.504000 61
81.504000 81.600000 63
81.600000 82.752000 66
82.752000 84.416000 65
84.768000 84.992000 59
84.992000 85.536000 62
85.536000 85.856000 66
85.984000 86.400000 66
86.496000 86.912000 66
87.008000 87.200000 63
87.456000 87.680000 61
87.808000 88.224000 63
88.224000 88.384000 56
88.768000 89.408000 61
89.536000 89.920000 66
89.920000 90.624000 62
90.752000 90.944000 59
91.264000 91.456000 59
91.456000 91.520000 61
91.520000 91.712000 65
91.968000 92.896000 59
93.248000 94.144000 61
94.240000 95.136000 63
95.296000 96.288000 66
96.800000 97.536000 61
97.536000 97.856000 66
97.984000 98.688000 66
98.688000 100.128000 65
100.256000 100.416000 61
100.800000 100.992000 59
100.992000 101.184000 61
101.280000 101.472000 61
101.472000 101.536000 64
101.536000 101.920000 70
101.920000 102.592000 66
102.784000 103.072000 63
103.488000 103.712000 66
103.808000 104.160000 63
104.288000 104.416000 59
104.800000 104.928000 59
105.056000 105.408000 61
105.536000 106.400000 64
106.624000 106.848000 56
108.256000 109.088000 61
109.504000 112.000000 59
130.048000 130.592000 58
130.784000 131.104000 59
131.264000 131.552000 58
131.776000 132.416000 54
132.544000 132.800000 53
133.024000 133.312000 52
133.504000 133.824000 54
134.016000 134.720000 56
138.016000 138.560000 58
138.784000 139.488000 59
140.256000 140.704000 54
140.992000 141.344000 52
141.504000 141.824000 55
141.984000 142.944000 56
144.992000 145.472000 56
145.568000 146.784000 63
146.976000 147.328000 61
147.520000 148.032000 56
149.024000 149.376000 61
149.504000 150.400000 61
151.008000 151.360000 59
153.280000 153.408000 63
153.568000 153.920000 63
154.048000 154.976000 61
155.488000 155.840000 59
156.032000 156.512000 56
156.512000 156.832000 59
157.024000 157.408000 61
157.504000 157.952000 61
158.304000 159.712000 59
160.736000 160.928000 59
161.024000 161.216000 61
161.216000 161.504000 60
161.504000 161.568000 63
161.568000 162.848000 66
162.848000 164.448000 64
164.768000 165.632000 65
165.632000 165.856000 66
165.984000 166.400000 66
166.496000 166.976000 66
166.976000 167.136000 63
167.520000 167.680000 61
167.808000 168.192000 63
168.768000 169.312000 61
169.536000 169.920000 66
169.920000 170.176000 60
170.304000 170.976000 59
171.264000 171.488000 61
171.488000 171.808000 66
171.968000 172.224000 59
172.320000 172.896000 59
173.216000 173.376000 59
173.504000 174.624000 62
174.624000 175.104000 63
175.264000 176.256000 54
176.832000 176.992000 59
176.992000 177.664000 65
177.664000 177.856000 66
178.016000 178.784000 66
178.784000 180.096000 65
180.288000 180.448000 61
180.768000 181.184000 61
181.280000 181.440000 59
181.440000 181.504000 62
181.504000 181.536000 64
181.536000 181.888000 70
181.984000 182.592000 66
182.816000 183.040000 63
183.488000 183.712000 66
183.808000 184.160000 63
184.256000 184.416000 59
184.768000 184.896000 59
185.056000 185.376000 61
185.536000 186.016000 64
186.016000 186.400000 63
186.400000 187.008000 58
187.744000 188.128000 56
188.288000 189.088000 61
189.504000 191.616000 59
192.800000 192.928000 59
193.024000 193.216000 61
193.216000 193.504000 60
193.504000 193.920000 66
194.016000 194.368000 66
194.528000 194.848000 66
195.008000 195.296000 63
195.488000 196.384000 63
196.768000 197.184000 61
197.280000 197.408000 60
197.408000 198.784000 66
198.976000 199.136000 63
199.456000 200.064000 63
200.768000 200.896000 59
201.024000 201.376000 61
201.536000 201.920000 66
201.920000 202.144000 61
202.272000 202.624000 59
202.752000 202.880000 59
203.296000 203.424000 59
203.424000 203.488000 61
203.488000 203.808000 66
203.968000 204.192000 59
204.288000 204.960000 61
205.280000 205.600000 59
205.600000 206.560000 61
206.784000 207.136000 63
207.264000 207.456000 65
207.456000 207.712000 66
207.712000 207.968000 69
207.968000 208.416000 63
208.704000 208.864000 58
208.864000 209.344000 61
209.504000 209.888000 66
210.016000 211.392000 68
211.488000 212.160000 63
212.256000 212.480000 61
212.768000 213.344000 61
213.504000 213.888000 70
213.984000 214.528000 66
214.688000 214.976000 63
215.456000 215.712000 66
215.808000 216.128000 63
216.256000 216.576000 59
216.768000 216.928000 59
217.024000 217.184000 61
217.280000 217.536000 62
217.536000 217.824000 64
217.984000 218.336000 63
218.528000 219.136000 56
220.000000 220.128000 54
220.320000 220.736000 59
220.736000 221.120000 61
221.536000 221.888000 59
222.048000 223.520000 59
