20.320000 21.216000 62
21.312000 22.400000 64
22.752000 23.552000 65
23.680000 23.904000 61
24.000000 24.224000 62
24.224000 24.736000 61
25.152000 25.344000 62
25.472000 26.240000 62
26.400000 27.584000 64
27.584000 28.064000 66
28.224000 29.280000 64
30.016000 30.752000 62
30.848000 31.296000 62
31.296000 31.904000 64
32.352000 33.248000 64
33.248000 33.504000 61
33.600000 33.792000 62
33.792000 34.272000 60
34.816000 34.912000 61
35.104000 36.448000 64
36.608000 37.152000 62
37.152000 37.600000 66
37.760000 38.944000 65
39.488000 39.712000 59
39.808000 40.256000 66
40.416000 40.576000 62
40.768000 41.536000 64
41.920000 42.144000 62
42.304000 42.816000 66
42.816000 42.976000 62
43.168000 43.968000 62
44.384000 44.640000 62
44.640000 45.120000 66
45.216000 45.440000 62
45.632000 46.816000 62
47.360000 48.448000 59
49.088000 49.696000 62
49.792000 49.920000 61
50.048000 50.528000 62
50.528000 51.104000 64
51.584000 51.648000 62
51.648000 52.320000 64
52.480000 53.088000 62
53.088000 53.600000 59
53.952000 54.080000 61
54.240000 56.192000 64
56.384000 56.800000 66
56.960000 58.112000 64
58.208000 58.496000 64
58.752000 59.264000 62
59.360000 59.712000 62
59.712000 61.344000 64
61.472000 61.536000 64
61.536000 61.952000 66
62.048000 62.208000 62
62.368000 63.104000 62
63.104000 63.200000 59
63.584000 64.640000 62
64.768000 65.952000 64
65.952000 66.464000 66
66.560000 66.912000 64
67.104000 67.456000 62
67.456000 67.520000 61
67.520000 67.552000 60
67.552000 67.584000 59
67.584000 67.904000 58
68.352000 68.608000 60
68.608000 69.024000 66
69.280000 69.376000 62
69.536000 70.176000 64
70.720000 71.040000 62
71.040000 71.456000 66
71.648000 72.192000 62
72.192000 72.512000 60
73.184000 73.472000 62
73.472000 73.952000 66
73.952000 74.240000 63
74.368000 75.840000 62
77.920000 77.984000 58
77.984000 78.880000 64
78.880000 80.032000 69
80.352000 80.416000 59
80.416000 80.576000 62
80.704000 81.152000 64
81.248000 81.408000 66
81.568000 81.824000 69
81.824000 82.528000 66
82.752000 82.944000 64
83.072000 83.264000 64
83.360000 84.192000 62
84.192000 85.088000 61
85.504000 86.592000 64
86.688000 86.848000 57
86.944000 87.392000 57
87.552000 87.904000 62
87.936000 88.320000 65
88.416000 88.672000 66
88.768000 89.664000 69
89.952000 90.176000 62
90.176000 90.240000 67
90.240000 90.976000 74
91.168000 91.296000 70
91.296000 92.128000 71
92.320000 92.896000 67
92.896000 93.216000 66
93.216000 94.496000 66
94.752000 94.912000 59
95.104000 95.264000 67
95.392000 95.808000 66
95.936000 96.352000 67
96.352000 97.632000 62
97.792000 100.384000 64
113.344000 113.504000 66
113.504000 114.656000 67
114.656000 116.192000 65
121.088000 121.920000 62
122.048000 122.496000 62
122.496000 123.104000 64
123.552000 124.320000 64
124.448000 125.056000 62
125.056000 125.472000 59
125.984000 126.112000 62
126.272000 128.192000 64
128.384000 128.832000 66
128.960000 130.400000 65
130.784000 133.312000 64
133.504000 133.888000 66
133.888000 133.984000 64
134.080000 134.240000 62
134.368000 135.040000 62
135.040000 135.296000 59
135.584000 136.640000 62
136.768000 137.920000 64
137.920000 139.552000 66
139.680000 139.904000 55
140.384000 140.672000 61
140.672000 140.960000 66
141.152000 141.344000 62
141.536000 142.560000 64
142.720000 143.072000 62
143.072000 143.328000 66
143.552000 144.160000 62
144.160000 144.512000 61
145.088000 145.440000 62
145.440000 145.856000 66
145.856000 146.240000 62
146.368000 148.032000 62
148.032000 148.608000 66
149.952000 150.016000 59
150.016000 150.624000 64
150.624000 151.168000 66
151.168000 152.320000 69
152.320000 152.576000 62
152.672000 152.928000 62
152.928000 153.408000 66
153.568000 153.824000 69
153.824000 154.528000 67
154.752000 154.976000 64
155.104000 155.296000 64
155.296000 156.224000 63
156.224000 157.088000 61
157.504000 157.792000 64
157.792000 158.656000 62
158.656000 158.848000 57
158.944000 159.424000 57
159.584000 159.648000 60
159.648000 160.128000 62
160.128000 160.704000 66
160.800000 161.696000 69
161.952000 162.144000 62
162.272000 162.848000 74
162.848000 163.008000 71
163.200000 164.128000 71
164.352000 164.960000 67
164.960000 165.248000 66
165.248000 166.496000 66
166.784000 166.912000 63
167.072000 167.264000 67
167.392000 167.840000 66
167.968000 168.320000 67
168.320000 169.792000 63
169.792000 170.112000 64
170.112000 170.400000 66
170.400000 171.776000 69
171.904000 172.352000 64
172.448000 172.608000 66
172.768000 173.056000 69
173.056000 173.120000 64
173.152000 173.408000 64
173.504000 173.760000 64
173.984000 174.112000 61
174.272000 174.528000 61
174.592000 175.456000 62
176.128000 176.256000 59
176.672000 177.024000 64
177.344000 177.536000 60
177.568000 177.664000 65
177.664000 177.728000 69
178.304000 178.432000 69
178.784000 179.072000 63
179.072000 179.616000 65
179.616000 181.120000 70
181.216000 181.344000 69
181.440000 181.952000 74
182.048000 182.208000 71
182.336000 182.752000 71
182.880000 183.392000 61
183.584000 183.808000 73
183.808000 184.288000 67
184.320000 184.384000 66
184.416000 184.512000 64
184.544000 184.576000 64
184.672000 184.800000 68
184.800000 184.928000 65
184.928000 185.312000 59
185.568000 185.824000 54
185.984000 186.112000 59
186.304000 186.464000 67
186.592000 186.784000 66
186.784000 187.040000 65
187.136000 187.296000 54
187.296000 187.520000 55
187.520000 187.776000 58
187.776000 188.224000 62
188.320000 188.640000 62
188.992000 192.000000 52
