15.104000 15.392000 57
15.552000 15.840000 66
16.032000 16.256000 65
16.256000 17.760000 64
18.944000 19.328000 63
19.456000 20.000000 65
20.864000 21.440000 66
21.664000 22.048000 63
22.848000 23.232000 65
23.328000 24.928000 63
25.120000 25.440000 56
25.664000 26.016000 57
26.112000 26.336000 61
26.528000 26.880000 60
27.040000 27.392000 60
27.488000 27.904000 58
28.416000 28.576000 65
28.672000 28.800000 66
28.800000 28.864000 65
28.864000 29.696000 65
29.696000 30.080000 61
31.552000 31.776000 56
31.776000 31.936000 59
32.064000 32.128000 63
32.128000 32.448000 66
32.544000 32.640000 65
32.768000 33.152000 63
33.248000 33.568000 61
33.760000 33.984000 65
35.232000 35.712000 65
35.712000 36.512000 66
37.344000 37.888000 68
37.888000 37.984000 65
38.208000 38.624000 63
39.136000 39.584000 65
39.744000 40.096000 70
40.096000 40.576000 68
40.736000 41.120000 63
41.216000 41.280000 62
41.280000 41.440000 65
41.536000 41.856000 63
41.856000 42.176000 62
42.464000 42.656000 61
42.752000 43.104000 62
43.104000 44.192000 66
44.672000 45.952000 66
46.080000 46.336000 67
46.528000 46.688000 65
46.784000 47.456000 63
48.960000 49.312000 58
49.472000 51.104000 72
51.264000 51.904000 68
52.576000 52.928000 66
52.928000 53.216000 68
53.440000 53.536000 64
53.728000 54.080000 63
54.080000 54.464000 65
55.040000 55.168000 68
55.264000 55.872000 64
55.968000 56.160000 58
56.256000 56.576000 61
56.672000 56.736000 67
56.736000 56.928000 70
57.056000 57.344000 70
57.472000 57.728000 68
58.112000 58.176000 66
58.176000 58.464000 68
58.624000 58.912000 66
59.008000 59.360000 65
59.360000 59.968000 63
60.480000 60.832000 59
60.832000 60.960000 61
61.088000 61.600000 66
61.792000 62.176000 61
62.176000 63.296000 61
63.296000 64.928000 64
65.664000 66.272000 60
66.400000 66.592000 68
66.688000 67.040000 68
67.296000 68.288000 62
68.288000 68.448000 70
68.576000 69.280000 70
69.472000 70.208000 62
70.208000 70.336000 65
70.464000 71.200000 73
71.200000 71.840000 68
72.096000 72.384000 64
72.384000 72.544000 68
72.640000 72.800000 63
72.960000 73.248000 65
73.568000 74.016000 61
74.112000 74.272000 64
74.272000 74.496000 68
74.592000 74.976000 70
74.976000 75.552000 68
75.552000 76.320000 66
76.320000 76.704000 68
76.960000 77.248000 60
77.248000 77.408000 57
77.504000 77.696000 62
77.696000 78.112000 65
78.208000 78.816000 65
78.816000 79.424000 61
79.424000 79.680000 61
79.808000 80.128000 68
80.128000 80.864000 65
81.248000 81.856000 62
81.856000 82.048000 68
82.144000 82.560000 68
82.880000 83.456000 60
83.584000 83.744000 61
83.840000 84.000000 70
84.096000 84.448000 70
84.448000 84.832000 68
84.992000 85.696000 62
85.696000 85.888000 66
85.888000 85.920000 67
85.920000 87.360000 73
87.360000 88.832000 69
89.120000 89.792000 65
89.792000 90.272000 62
90.272000 90.400000 65
90.400000 91.072000 70
91.520000 91.648000 70
91.648000 91.872000 72
91.872000 92.320000 68
92.576000 92.704000 57
92.704000 92.896000 61
93.024000 93.696000 68
93.696000 94.176000 65
94.272000 94.944000 58
95.456000 95.744000 57
95.872000 96.352000 67
96.672000 97.056000 65
97.280000 97.376000 64
97.504000 98.752000 61
112.640000 112.992000 56
112.992000 113.056000 58
113.056000 113.312000 62
113.312000 113.600000 66
113.760000 113.920000 65
114.080000 114.336000 63
114.528000 114.848000 61
115.040000 115.648000 65
116.448000 116.928000 63
116.928000 118.528000 66
118.624000 118.816000 68
119.008000 119.872000 65
120.608000 120.896000 65
121.056000 121.376000 70
121.536000 121.856000 65
122.016000 122.688000 65
122.784000 123.104000 63
123.104000 123.552000 61
123.680000 124.224000 62
124.320000 126.272000 66
126.816000 126.880000 64
126.880000 127.680000 68
127.776000 128.160000 65
128.160000 128.896000 63
130.048000 130.560000 59
130.720000 132.416000 72
132.576000 133.248000 68
133.856000 134.208000 66
134.208000 134.752000 68
134.752000 135.680000 65
136.032000 136.096000 62
136.096000 136.192000 64
136.288000 136.416000 68
136.512000 136.736000 63
136.736000 137.120000 62
137.120000 137.440000 60
137.536000 137.888000 61
137.984000 138.240000 70
138.336000 139.104000 70
139.392000 139.680000 68
139.872000 140.160000 66
140.256000 140.640000 65
140.640000 141.312000 63
141.664000 142.208000 61
142.336000 142.944000 66
143.072000 143.456000 61
143.456000 144.384000 60
144.384000 146.624000 65
146.880000 147.552000 61
147.648000 148.352000 68
148.608000 149.472000 61
149.568000 149.760000 70
149.856000 149.952000 68
149.952000 150.592000 70
150.752000 151.424000 61
151.520000 151.648000 65
151.744000 152.416000 73
152.416000 153.120000 68
153.248000 153.312000 60
153.312000 153.696000 67
153.696000 153.856000 68
153.952000 154.112000 63
154.240000 154.592000 65
154.880000 155.328000 60
155.328000 155.648000 67
155.648000 155.776000 68
155.904000 156.256000 70
156.256000 156.864000 69
156.864000 157.600000 65
157.600000 158.048000 68
158.240000 158.528000 61
158.528000 158.656000 57
158.752000 158.976000 62
158.976000 159.392000 65
159.488000 159.648000 63
159.648000 159.936000 65
159.936000 160.224000 61
160.256000 160.448000 60
160.448000 160.704000 59
160.704000 161.120000 63
161.120000 161.408000 68
161.504000 162.272000 65
162.560000 163.072000 61
163.168000 163.936000 68
164.160000 165.088000 62
165.088000 166.144000 70
166.272000 166.976000 62
166.976000 167.232000 67
167.232000 168.864000 73
168.864000 169.824000 68
169.920000 170.144000 65
170.368000 170.656000 65
170.752000 171.712000 67
171.712000 171.936000 68
171.936000 173.248000 72
173.248000 173.504000 68
173.856000 174.016000 57
174.016000 174.208000 61
174.304000 174.976000 68
175.072000 175.392000 65
175.392000 176.224000 59
176.736000 177.024000 56
177.184000 177.728000 66
177.888000 178.464000 67
178.560000 180.480000 61
182.016000 182.176000 60
182.272000 182.496000 62
182.496000 183.200000 68
183.200000 183.392000 67
183.488000 183.616000 59
183.776000 184.416000 65
184.416000 184.576000 70
184.704000 185.472000 70
185.632000 186.272000 61
186.368000 186.528000 65
186.528000 186.624000 70
186.624000 188.032000 73
188.032000 188.320000 67
188.320000 189.504000 68
189.696000 189.856000 63
189.856000 190.208000 65
190.208000 190.336000 63
190.336000 191.008000 64
191.008000 192.416000 72
192.512000 192.928000 68
193.216000 193.408000 57
193.408000 193.536000 61
193.664000 193.984000 68
194.080000 194.336000 67
194.336000 194.848000 65
194.848000 195.680000 62
196.032000 196.352000 56
196.544000 196.704000 66
196.832000 197.248000 65
198.240000 198.368000 61
198.560000 200.320000 63
