0.256000 0.320000 71
0.352000 0.416000 74
0.704000 0.800000 74
37.504000 37.568000 55
37.568000 37.664000 58
37.856000 38.400000 68
38.496000 38.880000 68
38.880000 39.136000 66
39.296000 40.672000 70
40.800000 41.408000 63
41.888000 42.304000 63
42.432000 42.656000 65
42.880000 43.072000 66
43.168000 44.160000 65
44.352000 44.544000 63
44.704000 45.056000 61
45.856000 45.888000 60
45.952000 46.944000 65
47.040000 47.232000 61
47.456000 47.584000 61
47.712000 47.872000 61
47.968000 48.352000 56
48.352000 49.984000 63
50.112000 50.464000 61
50.656000 51.136000 56
52.800000 53.152000 59
53.152000 53.248000 64
53.248000 53.696000 68
53.824000 54.784000 68
54.784000 55.680000 70
55.808000 56.128000 68
56.288000 56.864000 63
57.344000 57.440000 60
57.440000 57.664000 61
57.664000 58.176000 65
58.368000 58.944000 66
59.136000 60.064000 65
60.320000 60.736000 61
61.216000 61.664000 61
61.792000 61.984000 62
61.984000 62.208000 63
62.304000 62.688000 61
62.976000 63.360000 61
63.456000 63.584000 56
63.840000 64.064000 58
64.064000 65.248000 63
65.440000 65.728000 62
65.728000 66.528000 65
66.720000 68.000000 63
68.960000 69.152000 57
69.344000 70.048000 61
70.272000 70.496000 61
70.784000 71.392000 63
71.488000 71.680000 65
71.904000 72.096000 60
72.288000 72.704000 60
73.408000 74.624000 56
76.544000 76.640000 57
76.768000 76.896000 58
77.056000 77.504000 61
77.632000 78.240000 61
78.560000 79.072000 63
79.232000 79.840000 65
79.840000 80.352000 62
80.640000 84.288000 63
85.600000 85.856000 56
85.856000 85.920000 58
85.920000 86.528000 68
86.720000 86.912000 65
87.072000 87.360000 63
87.584000 88.576000 65
89.376000 89.664000 56
89.824000 90.624000 68
90.784000 91.456000 63
91.584000 91.840000 65
91.840000 92.512000 62
93.472000 93.824000 62
93.824000 94.848000 63
95.040000 95.328000 61
95.744000 96.480000 61
96.640000 96.896000 63
97.056000 97.440000 61
97.792000 98.176000 61
98.272000 98.464000 61
98.592000 98.784000 58
98.912000 100.320000 63
100.480000 100.672000 65
100.672000 100.992000 63
101.184000 101.376000 57
101.376000 101.440000 61
101.440000 102.048000 68
102.240000 102.432000 65
102.688000 102.912000 63
103.104000 104.576000 65
104.832000 105.152000 56
105.312000 105.888000 68
106.016000 107.360000 65
107.488000 108.768000 66
109.120000 109.184000 61
109.184000 109.216000 63
109.216000 109.248000 66
109.248000 111.136000 73
111.296000 111.968000 73
112.128000 112.608000 72
112.768000 112.992000 61
113.280000 113.440000 73
113.440000 114.592000 73
114.848000 115.168000 61
115.488000 115.680000 62
115.680000 116.000000 63
116.000000 116.352000 66
116.480000 116.672000 65
116.672000 117.024000 63
117.664000 117.888000 61
117.984000 120.864000 63
121.440000 121.536000 62
130.976000 131.328000 63
134.304000 134.368000 59
134.368000 134.464000 62
134.592000 135.136000 68
135.296000 135.584000 68
135.584000 135.904000 67
136.032000 137.376000 70
137.504000 138.112000 63
138.496000 138.528000 61
138.624000 139.008000 63
139.200000 139.424000 65
139.648000 139.840000 66
139.840000 140.992000 65
141.152000 141.408000 63
141.504000 142.112000 61
142.592000 142.656000 60
142.656000 142.784000 61
142.784000 143.712000 65
143.808000 144.032000 61
144.224000 144.384000 61
144.480000 144.704000 61
144.704000 145.152000 57
145.152000 146.752000 63
146.848000 147.168000 62
147.328000 147.680000 56
149.536000 149.856000 58
149.856000 149.920000 62
149.920000 150.432000 68
150.560000 151.520000 68
151.520000 152.448000 70
152.544000 152.864000 68
152.992000 153.600000 63
154.080000 154.240000 60
154.240000 154.400000 61
154.400000 154.880000 65
155.040000 155.744000 66
155.904000 156.832000 65
156.992000 157.440000 61
157.792000 158.432000 61
158.592000 158.816000 63
158.944000 159.392000 61
159.744000 160.128000 61
160.256000 160.384000 56
160.640000 162.048000 63
162.176000 162.432000 61
162.432000 163.264000 65
163.392000 164.800000 63
165.536000 165.920000 58
166.048000 166.816000 61
167.008000 167.232000 61
167.520000 168.160000 63
168.256000 168.608000 65
168.736000 168.992000 61
169.120000 169.760000 60
169.984000 171.296000 58
173.344000 173.536000 55
173.536000 173.664000 57
173.792000 174.976000 61
175.264000 175.808000 62
175.936000 176.576000 65
176.576000 177.376000 61
177.376000 177.632000 68
177.632000 178.144000 63
178.560000 178.784000 57
178.784000 178.816000 59
178.816000 179.424000 68
179.552000 179.712000 65
179.840000 180.128000 63
180.288000 181.792000 65
182.240000 182.592000 56
182.720000 183.520000 68
183.680000 184.224000 66
184.320000 184.640000 65
184.640000 184.672000 63
184.672000 185.472000 62
185.472000 186.112000 58
186.368000 188.256000 62
188.640000 189.408000 61
189.504000 189.792000 63
189.920000 190.368000 61
190.720000 190.784000 60
190.784000 191.392000 61
191.392000 192.096000 60
192.192000 193.184000 63
193.376000 193.600000 68
193.600000 193.920000 63
194.048000 194.272000 58
194.272000 194.336000 62
194.336000 194.912000 68
195.072000 195.616000 65
195.776000 197.280000 65
197.728000 197.984000 57
198.176000 198.784000 68
198.912000 199.776000 65
199.936000 200.288000 63
200.416000 201.600000 66
202.080000 202.144000 66
202.144000 204.896000 73
205.024000 205.536000 72
205.696000 205.952000 61
206.176000 207.456000 73
207.616000 207.968000 61
208.640000 208.704000 62
208.704000 209.216000 66
209.280000 209.536000 65
209.536000 209.856000 62
210.272000 213.888000 63
214.816000 215.008000 56
215.008000 215.168000 61
215.328000 215.808000 61
215.968000 216.480000 61
216.576000 216.800000 61
216.960000 217.440000 61
217.568000 217.888000 61
217.888000 218.176000 63
218.176000 218.336000 61
218.336000 219.136000 65
219.136000 219.648000 60
219.904000 220.128000 60
220.128000 220.832000 60
220.928000 221.088000 60
221.184000 221.664000 60
221.888000 222.304000 61
222.464000 222.688000 65
222.816000 223.072000 63
223.200000 223.552000 63
223.648000 223.872000 61
224.352000 224.704000 65
224.832000 225.824000 63
226.016000 226.464000 65
226.624000 226.912000 63
227.008000 227.392000 63
227.744000 229.152000 65
229.504000 229.760000 62
229.760000 230.432000 68
230.432000 232.064000 65
286.016000 286.848000 68
286.976000 287.168000 65
287.456000 287.648000 63
287.872000 289.312000 65
289.824000 290.144000 56
290.304000 291.168000 68
291.360000 291.680000 63
292.000000 292.288000 65
292.416000 292.864000 60
292.864000 293.568000 59
293.952000 294.336000 62
294.432000 295.264000 63
295.456000 295.776000 61
296.192000 297.312000 63
297.472000 297.984000 62
298.272000 298.656000 61
298.752000 298.912000 61
299.040000 299.360000 58
299.360000 300.800000 63
300.960000 301.312000 68
301.312000 301.632000 63
301.824000 302.048000 57
302.048000 302.112000 62
302.112000 302.848000 68
303.040000 303.488000 65
303.584000 303.936000 64
304.096000 305.536000 65
305.888000 306.176000 56
306.336000 306.944000 68
307.104000 307.904000 65
308.000000 308.416000 66
308.544000 309.792000 66
310.176000 310.240000 60
310.240000 313.504000 73
313.504000 316.064000 65
316.480000 316.608000 66
316.608000 316.640000 61
316.768000 316.864000 62
316.864000 317.120000 63
317.120000 317.824000 67
317.824000 318.720000 61
319.712000 319.872000 60
319.968000 328.512000 65
329.568000 329.632000 58
329.632000 329.664000 60
329.664000 332.960000 65
332.960000 335.168000 61
355.040000 355.104000 72
356.448000 356.608000 65
357.184000 357.664000 74
358.688000 359.232000 75
