18.272000 18.368000 68
18.752000 18.944000 66
19.360000 19.552000 67
19.680000 20.032000 65
20.352000 20.832000 67
21.760000 21.952000 69
22.272000 22.432000 69
24.416000 24.576000 58
24.576000 25.920000 65
25.984000 26.368000 65
26.784000 26.880000 61
26.976000 27.456000 60
27.456000 27.552000 57
27.552000 28.352000 55
28.352000 28.448000 56
28.448000 28.864000 58
28.864000 30.464000 61
31.104000 32.704000 62
32.800000 35.776000 62
35.904000 36.896000 57
37.632000 37.984000 57
38.080000 39.232000 61
39.328000 39.744000 63
39.744000 40.544000 67
40.992000 41.792000 62
41.888000 42.112000 57
42.112000 43.680000 61
44.256000 44.992000 56
45.120000 45.408000 57
45.568000 45.856000 66
45.952000 46.304000 64
46.304000 47.040000 59
47.488000 47.904000 62
48.000000 48.288000 61
48.288000 48.512000 59
48.640000 50.400000 58
52.576000 53.888000 62
53.984000 54.592000 64
54.784000 55.360000 60
55.360000 55.872000 58
56.384000 56.608000 56
56.704000 57.088000 57
57.088000 58.816000 61
59.136000 62.272000 62
62.560000 62.816000 61
62.944000 63.552000 61
63.584000 63.616000 62
63.680000 64.960000 62
65.056000 65.152000 57
65.696000 66.048000 57
66.176000 66.848000 61
66.976000 67.712000 61
67.808000 68.736000 66
68.992000 69.792000 62
69.792000 69.984000 58
70.112000 71.680000 61
72.352000 72.992000 57
72.992000 73.472000 57
73.600000 74.240000 66
74.240000 75.072000 62
75.456000 76.064000 62
76.128000 76.352000 61
76.448000 76.544000 58
76.736000 76.832000 58
76.928000 77.216000 59
77.312000 78.880000 57
80.608000 80.736000 72
80.928000 83.296000 70
83.296000 84.960000 66
85.088000 85.376000 68
85.376000 87.008000 65
87.392000 87.680000 57
87.776000 88.032000 62
88.192000 89.984000 66
90.080000 90.368000 59
90.496000 90.624000 59
90.624000 91.904000 62
91.904000 93.728000 65
94.080000 96.480000 69
96.480000 98.592000 68
98.592000 100.192000 61
100.704000 101.568000 67
101.568000 106.528000 69
106.912000 109.120000 61
109.408000 109.760000 62
109.760000 109.792000 63
109.792000 109.824000 65
109.824000 109.952000 67
109.952000 111.904000 69
111.904000 113.632000 67
114.080000 114.144000 66
114.144000 114.912000 66
114.912000 115.232000 65
115.232000 115.904000 64
115.904000 117.856000 63
117.856000 120.192000 66
120.704000 121.664000 67
121.664000 122.528000 65
122.528000 124.160000 63
124.224000 125.696000 57
126.784000 126.976000 61
126.976000 127.968000 62
127.968000 128.672000 65
128.768000 128.864000 63
129.056000 129.184000 60
129.184000 129.568000 59
129.568000 129.920000 57
129.920000 129.984000 56
129.984000 131.104000 57
131.136000 131.744000 60
131.744000 132.576000 63
132.576000 133.344000 70
133.344000 134.112000 65
134.240000 134.464000 62
134.560000 134.880000 61
134.880000 135.104000 59
135.232000 135.328000 58
135.712000 135.872000 59
136.256000 138.080000 63
138.176000 139.200000 57
139.936000 140.000000 55
140.000000 140.128000 56
140.128000 140.448000 57
140.448000 141.920000 61
142.016000 143.008000 66
143.264000 144.000000 62
144.000000 144.896000 60
144.896000 146.208000 61
146.560000 147.072000 54
147.072000 147.808000 59
147.808000 147.840000 60
147.840000 148.544000 66
148.544000 149.280000 59
149.632000 150.624000 62
150.624000 153.120000 59
160.256000 160.672000 73
160.768000 160.864000 73
168.448000 168.576000 72
168.960000 169.152000 71
169.184000 170.560000 69
170.720000 170.880000 69
170.880000 170.912000 65
170.976000 172.416000 66
172.480000 173.088000 65
173.280000 173.504000 64
173.600000 173.952000 64
175.008000 176.160000 69
176.352000 176.384000 66
176.448000 177.312000 66
177.632000 177.952000 67
178.080000 178.336000 67
179.168000 179.488000 70
179.712000 180.000000 71
180.064000 180.448000 71
181.152000 181.408000 72
181.408000 184.128000 69
184.160000 185.664000 66
185.792000 186.016000 68
186.016000 187.776000 66
187.904000 188.224000 67
188.416000 188.896000 63
188.896000 190.048000 66
190.144000 190.688000 64
190.688000 191.040000 59
191.168000 191.296000 59
191.296000 192.640000 62
192.640000 194.464000 65
194.496000 194.784000 67
194.784000 197.184000 69
197.184000 197.920000 66
197.920000 199.456000 68
199.456000 200.480000 61
200.576000 200.928000 61
201.056000 201.216000 66
201.216000 202.208000 67
202.208000 207.072000 69
207.616000 208.768000 61
208.864000 209.824000 61
209.952000 210.048000 66
210.400000 210.464000 63
210.464000 212.864000 69
212.864000 214.176000 67
214.752000 214.816000 63
214.816000 215.904000 67
215.904000 216.864000 64
216.864000 217.728000 60
217.728000 218.464000 62
218.464000 220.768000 66
221.376000 222.464000 66
222.464000 223.104000 64
223.104000 226.496000 63
227.456000 227.520000 57
227.520000 227.744000 60
227.744000 228.768000 63
228.768000 229.408000 65
229.728000 229.856000 60
229.952000 230.336000 60
230.336000 230.656000 57
230.656000 231.712000 57
231.904000 232.384000 59
232.384000 233.024000 62
233.024000 233.280000 67
233.280000 234.016000 70
234.176000 235.616000 63
235.648000 235.808000 58
236.096000 236.672000 59
236.832000 238.240000 62
238.400000 238.592000 61
238.656000 238.816000 62
238.976000 240.032000 57
240.704000 240.768000 55
240.768000 241.280000 58
241.280000 241.856000 61
241.984000 242.240000 59
242.368000 242.752000 62
242.752000 243.552000 66
243.936000 244.736000 62
244.736000 245.632000 59
245.632000 246.784000 61
247.264000 247.968000 56
248.000000 248.352000 56
248.352000 248.512000 60
248.512000 249.216000 66
249.440000 249.504000 59
249.664000 250.080000 59
250.368000 250.560000 61
250.656000 251.104000 62
251.104000 254.496000 61
255.936000 256.000000 61
256.000000 256.032000 62
256.032000 257.536000 67
257.536000 258.016000 64
258.208000 258.240000 59
258.432000 258.624000 59
258.720000 258.816000 60
258.944000 259.808000 62
259.808000 262.240000 67
262.592000 264.416000 67
264.416000 264.832000 62
264.832000 265.312000 60
265.664000 267.424000 57
269.280000 271.168000 66
271.168000 271.456000 61
271.584000 272.032000 59
272.256000 272.992000 62
272.992000 275.328000 66
275.872000 275.936000 62
275.936000 276.896000 66
277.088000 277.312000 64
277.504000 277.696000 64
278.176000 278.848000 59
279.552000 279.936000 57
280.096000 280.448000 57
282.528000 282.720000 66
282.784000 283.488000 66
283.520000 284.608000 64
284.672000 285.312000 59
285.536000 286.112000 61
286.176000 288.512000 66
289.024000 289.184000 63
289.184000 289.984000 66
290.208000 290.816000 64
291.360000 291.584000 59
295.776000 296.000000 54
