19.008000 20.576000 57
20.864000 21.024000 59
21.152000 21.856000 61
23.072000 23.360000 59
23.360000 24.544000 62
24.544000 25.280000 58
25.504000 25.824000 54
26.016000 26.912000 59
28.416000 28.544000 55
28.736000 30.112000 57
30.208000 30.528000 59
30.624000 31.584000 61
32.512000 32.800000 59
32.800000 33.664000 62
33.664000 34.816000 60
34.944000 35.200000 64
35.296000 36.160000 61
36.672000 36.992000 57
37.184000 38.176000 57
38.400000 38.656000 57
38.656000 40.064000 56
41.312000 41.504000 56
41.760000 42.368000 57
42.592000 43.392000 57
43.488000 45.600000 66
46.080000 46.176000 55
46.176000 46.336000 57
46.528000 47.040000 57
47.264000 48.096000 57
48.224000 49.120000 52
50.816000 51.520000 57
51.616000 51.840000 57
51.968000 52.768000 59
52.864000 53.056000 59
53.056000 54.688000 62
55.136000 55.360000 53
55.360000 55.424000 57
55.424000 56.256000 64
56.256000 56.960000 60
56.960000 57.120000 61
57.280000 57.344000 62
57.344000 57.568000 64
57.664000 59.488000 61
59.872000 61.024000 64
61.024000 61.856000 61
61.952000 62.112000 55
62.240000 63.488000 57
64.576000 64.800000 64
64.896000 65.600000 64
65.792000 66.592000 59
66.944000 67.808000 64
67.808000 68.032000 61
68.160000 68.960000 61
69.088000 69.632000 57
70.176000 70.304000 59
70.464000 70.848000 62
70.848000 71.296000 62
71.296000 72.448000 59
72.544000 72.896000 61
72.992000 73.568000 59
74.048000 74.208000 52
74.336000 75.104000 64
75.104000 75.200000 59
75.200000 75.584000 57
75.584000 75.968000 61
76.128000 78.336000 64
78.720000 78.912000 64
79.008000 79.520000 65
79.520000 79.584000 62
79.584000 80.096000 60
80.192000 80.384000 59
80.480000 80.640000 60
80.800000 81.088000 54
81.248000 82.464000 58
83.264000 83.424000 54
83.424000 83.488000 59
83.488000 84.544000 64
84.640000 85.056000 59
85.216000 85.504000 58
85.760000 85.824000 62
85.824000 86.272000 65
86.272000 87.136000 63
87.296000 87.488000 59
87.616000 87.808000 61
87.936000 88.480000 58
89.024000 89.216000 59
89.216000 90.272000 62
90.272000 90.656000 59
90.752000 91.168000 59
91.168000 91.296000 63
91.296000 91.648000 65
91.648000 92.576000 61
92.928000 93.184000 59
93.184000 93.408000 61
93.408000 94.144000 60
94.304000 97.856000 60
98.048000 98.176000 55
106.112000 106.816000 57
106.912000 107.616000 58
107.840000 108.000000 59
108.096000 108.320000 59
108.320000 108.768000 62
110.176000 110.368000 59
110.464000 110.656000 61
110.752000 111.488000 62
111.616000 112.800000 57
113.056000 114.144000 61
114.688000 114.880000 61
115.104000 115.200000 59
115.424000 115.584000 56
115.840000 117.120000 57
117.216000 117.824000 59
117.824000 118.368000 61
119.616000 121.088000 62
121.088000 121.504000 58
121.504000 121.696000 59
121.792000 122.080000 64
122.272000 123.360000 61
123.712000 124.320000 58
124.576000 125.280000 57
125.536000 125.760000 57
125.760000 127.008000 54
128.384000 128.448000 52
128.448000 128.672000 57
128.928000 129.472000 57
129.664000 130.336000 57
130.464000 132.576000 65
132.864000 133.024000 65
133.184000 133.536000 57
133.632000 134.112000 57
134.368000 135.104000 57
135.328000 136.352000 54
137.888000 139.808000 59
139.936000 140.064000 58
140.064000 140.512000 59
140.512000 141.952000 64
142.272000 142.592000 57
142.592000 143.328000 64
143.328000 143.840000 59
143.840000 144.160000 61
144.416000 146.624000 52
146.752000 146.848000 56
146.976000 148.096000 65
148.096000 148.896000 61
148.992000 150.784000 57
151.616000 151.680000 62
151.680000 151.872000 64
151.968000 152.672000 64
152.928000 153.152000 60
153.248000 153.792000 57
154.016000 155.136000 64
155.264000 156.064000 61
156.288000 156.704000 57
157.248000 157.408000 59
157.536000 158.336000 62
158.432000 158.624000 59
158.752000 158.944000 57
158.944000 159.488000 57
159.616000 159.968000 62
160.064000 160.512000 59
160.640000 160.960000 56
161.408000 162.048000 64
162.048000 162.080000 59
162.208000 162.688000 58
162.688000 163.072000 61
163.232000 165.376000 65
165.568000 165.792000 60
165.792000 165.952000 64
166.368000 166.592000 66
166.592000 166.656000 61
166.656000 167.136000 60
167.296000 167.744000 61
167.936000 168.288000 55
168.416000 169.312000 59
169.344000 170.208000 59
170.208000 170.272000 55
170.496000 170.560000 60
170.560000 171.392000 65
171.392000 171.584000 61
171.744000 171.840000 56
171.840000 172.256000 60
172.416000 172.672000 58
172.864000 172.928000 62
172.928000 173.088000 65
173.184000 173.376000 64
173.376000 173.696000 62
173.696000 174.208000 62
174.368000 174.560000 59
174.688000 174.912000 61
175.008000 175.456000 57
175.520000 175.552000 57
176.064000 176.128000 59
176.128000 176.384000 60
176.384000 177.344000 62
177.344000 177.728000 59
177.856000 177.984000 58
177.984000 178.304000 60
178.304000 178.784000 66
178.784000 179.168000 61
179.296000 179.488000 69
179.680000 179.776000 58
180.000000 180.192000 58
180.192000 180.320000 60
180.320000 180.544000 61
180.544000 181.184000 58
181.280000 184.480000 59
184.960000 185.280000 61
185.504000 185.760000 57
185.856000 186.048000 54
186.144000 187.776000 59
187.904000 188.192000 59
188.416000 189.184000 54
189.632000 189.760000 60
189.760000 189.984000 62
190.080000 192.288000 59
192.608000 193.600000 66
193.760000 194.016000 66
194.016000 194.368000 61
194.368000 195.040000 57
195.328000 195.424000 55
195.648000 195.712000 58
195.712000 196.864000 59
196.864000 197.728000 62
198.080000 198.336000 63
198.880000 199.168000 54
199.168000 199.232000 59
199.232000 200.128000 65
200.128000 200.768000 59
200.768000 201.120000 62
201.312000 201.536000 65
201.728000 202.144000 62
202.336000 203.520000 63
203.840000 204.096000 65
204.192000 204.448000 66
204.448000 204.672000 63
204.672000 205.824000 62
206.016000 206.208000 58
206.432000 208.064000 61
208.448000 208.512000 62
208.512000 209.536000 65
209.792000 209.984000 60
210.112000 210.560000 58
210.880000 210.944000 63
210.944000 211.456000 65
211.456000 211.968000 63
212.160000 213.056000 62
213.056000 213.824000 60
214.144000 214.272000 60
214.400000 215.232000 63
215.328000 215.520000 60
215.520000 215.776000 59
215.776000 216.416000 58
216.544000 217.536000 62
217.952000 218.112000 65
218.240000 218.784000 65
218.784000 219.040000 62
219.040000 219.328000 58
219.552000 219.872000 62
220.064000 220.288000 65
220.288000 220.928000 63
221.024000 222.304000 62
222.560000 222.624000 62
222.624000 222.848000 65
222.944000 223.296000 66
223.296000 223.456000 67
223.456000 223.584000 63
223.584000 224.032000 61
224.192000 224.352000 61
224.448000 224.512000 60
224.512000 224.608000 62
224.736000 225.088000 58
225.184000 225.280000 62
225.280000 226.816000 61
227.264000 228.000000 66
228.000000 228.224000 63
228.448000 228.640000 69
228.672000 228.704000 69
229.056000 229.216000 70
229.440000 229.696000 70
229.856000 230.528000 67
230.528000 230.880000 62
230.880000 231.104000 58
231.232000 231.776000 60
231.904000 232.128000 62
232.256000 234.528000 71
235.360000 235.552000 60
235.552000 236.800000 63
236.800000 237.120000 59
237.184000 237.408000 58
237.408000 237.824000 61
237.824000 238.176000 66
238.368000 239.232000 62
239.488000 239.648000 59
239.648000 240.064000 62
240.064000 240.736000 58
240.928000 244.064000 60
244.576000 244.960000 62
245.120000 245.376000 58
245.504000 245.632000 55
245.792000 247.936000 60
248.160000 248.512000 55
248.608000 248.992000 54
249.408000 249.728000 62
249.856000 252.160000 60
252.544000 254.176000 67
254.176000 255.840000 62
