21.312000 21.440000 62
21.440000 21.472000 57
21.856000 22.144000 60
22.464000 22.592000 60
22.592000 22.656000 58
22.656000 22.720000 57
22.720000 23.712000 56
24.960000 25.120000 62
25.248000 25.760000 60
26.048000 26.240000 59
26.240000 26.432000 58
26.560000 26.688000 55
26.784000 27.136000 54
27.232000 27.936000 56
28.608000 28.768000 61
28.896000 29.056000 58
29.056000 29.344000 60
29.504000 29.728000 60
29.728000 29.856000 67
30.016000 30.304000 60
30.464000 30.592000 56
30.592000 31.520000 55
32.064000 32.160000 50
32.672000 34.720000 57
34.816000 34.912000 54
35.168000 35.264000 54
35.840000 36.064000 62
36.160000 36.384000 57
36.384000 36.768000 59
37.056000 37.216000 60
37.376000 37.664000 56
37.792000 38.144000 55
38.240000 38.944000 57
39.648000 39.872000 59
39.872000 40.384000 62
40.768000 40.960000 60
40.960000 41.120000 57
41.472000 41.568000 53
41.664000 42.208000 55
42.240000 42.784000 56
43.232000 43.392000 62
43.488000 43.648000 57
43.776000 43.936000 59
44.192000 44.320000 60
44.416000 44.544000 57
44.640000 44.960000 59
45.248000 46.112000 55
46.720000 47.104000 50
47.392000 47.616000 55
48.096000 48.288000 53
48.544000 49.024000 48
49.280000 49.440000 50
49.632000 49.664000 53
49.728000 49.888000 53
49.952000 50.112000 52
50.432000 50.784000 58
50.944000 51.072000 59
51.136000 51.328000 61
51.584000 52.352000 65
52.512000 52.704000 62
52.864000 53.056000 62
53.152000 53.504000 65
53.504000 53.760000 63
53.856000 54.976000 62
55.104000 55.328000 60
55.456000 55.552000 62
56.416000 56.512000 57
56.608000 57.184000 62
57.248000 57.600000 58
57.984000 58.080000 58
58.432000 58.688000 62
58.848000 59.200000 62
59.360000 59.456000 62
59.776000 60.096000 62
60.448000 60.576000 65
60.672000 61.440000 63
62.528000 62.752000 60
62.752000 62.912000 62
63.136000 63.296000 63
63.488000 63.936000 65
63.936000 65.472000 67
65.472000 65.632000 59
65.984000 66.112000 60
66.464000 66.656000 59
66.656000 66.816000 58
67.008000 67.520000 55
67.520000 67.712000 56
69.024000 69.120000 60
69.216000 69.344000 62
69.440000 69.856000 60
70.048000 70.272000 59
70.272000 70.656000 57
70.752000 72.064000 57
72.608000 72.736000 62
72.736000 73.376000 59
74.176000 74.368000 60
74.368000 74.560000 57
74.656000 74.816000 55
74.944000 75.488000 53
76.544000 76.640000 55
76.736000 77.120000 55
77.344000 77.536000 54
77.696000 77.952000 50
78.112000 78.336000 49
78.368000 78.464000 50
78.688000 78.784000 50
78.880000 79.104000 52
109.312000 109.472000 62
109.472000 109.504000 57
109.568000 109.696000 56
109.856000 110.016000 59
110.464000 110.592000 60
110.592000 110.656000 58
110.656000 110.848000 57
110.848000 111.584000 55
111.584000 111.808000 57
112.960000 113.120000 62
113.376000 113.760000 60
114.080000 114.240000 59
114.240000 114.464000 58
114.560000 114.688000 55
114.944000 115.904000 57
116.608000 116.736000 62
116.832000 117.216000 58
117.536000 117.696000 60
118.016000 118.144000 58
118.432000 118.784000 56
118.912000 119.648000 53
120.480000 122.176000 56
122.560000 122.688000 55
123.040000 123.072000 53
123.136000 123.200000 53
125.056000 125.184000 53
126.016000 126.080000 54
126.240000 126.368000 56
126.656000 126.752000 57
127.328000 127.488000 62
127.616000 127.872000 58
127.872000 128.384000 62
128.736000 128.896000 59
128.992000 129.152000 56
129.248000 129.280000 54
129.440000 129.568000 53
129.952000 130.464000 56
130.784000 131.040000 62
131.232000 131.392000 62
131.392000 131.616000 57
131.744000 131.936000 60
132.192000 132.320000 59
132.320000 132.576000 57
133.152000 133.184000 56
133.216000 133.440000 55
133.600000 134.144000 53
134.368000 134.400000 50
134.464000 134.688000 50
135.168000 135.296000 56
135.392000 135.808000 55
136.064000 136.256000 65
136.384000 136.512000 62
136.736000 136.960000 61
136.960000 137.088000 63
137.472000 137.632000 53
137.728000 137.920000 52
138.400000 138.752000 57
138.880000 139.840000 63
139.968000 140.384000 62
140.480000 140.640000 62
140.928000 141.024000 62
141.152000 141.248000 65
141.248000 141.504000 63
141.504000 142.048000 62
142.272000 142.432000 61
142.496000 142.688000 62
142.688000 142.816000 60
142.880000 142.912000 59
143.200000 143.264000 59
143.712000 143.904000 60
144.064000 144.192000 60
144.512000 144.704000 60
144.800000 144.928000 62
144.928000 145.184000 61
145.408000 145.536000 57
145.984000 146.016000 57
146.176000 146.304000 64
146.528000 146.624000 60
146.848000 147.136000 62
147.328000 147.552000 62
147.840000 148.064000 61
148.480000 148.832000 65
148.960000 149.504000 61
149.856000 149.984000 61
150.176000 150.240000 58
150.560000 150.912000 62
151.008000 151.264000 63
151.488000 151.872000 65
151.968000 152.288000 66
152.320000 153.312000 67
153.312000 154.336000 63
154.464000 154.592000 60
154.592000 154.816000 58
154.976000 155.104000 55
155.104000 155.264000 53
155.360000 155.520000 54
155.584000 155.712000 57
157.024000 157.120000 61
157.216000 157.344000 62
157.504000 157.792000 60
158.080000 158.272000 59
158.272000 158.496000 57
158.592000 159.136000 54
159.232000 159.904000 56
159.936000 160.000000 56
160.608000 160.736000 61
160.736000 160.864000 58
160.928000 161.312000 58
161.536000 161.632000 60
161.792000 161.888000 56
162.208000 162.272000 58
162.336000 162.368000 57
162.400000 162.496000 57
162.656000 162.816000 54
162.976000 163.232000 53
163.328000 163.456000 52
164.480000 164.576000 56
164.736000 165.312000 55
165.344000 165.536000 53
165.568000 165.600000 50
165.696000 165.728000 50
165.792000 165.824000 49
166.112000 166.272000 48
167.488000 167.648000 53
168.224000 168.320000 56
168.416000 168.864000 55
169.024000 169.248000 54
169.376000 169.536000 50
171.840000 171.904000 55
172.064000 172.864000 55
172.992000 173.056000 50
173.088000 173.120000 50
173.376000 173.632000 60
174.784000 174.944000 53
