16.704000 17.056000 57
17.248000 17.600000 58
17.696000 18.144000 58
18.240000 18.528000 58
18.720000 19.232000 58
19.424000 19.744000 61
21.152000 21.472000 54
21.664000 22.048000 56
22.208000 22.496000 56
22.624000 23.488000 58
24.704000 25.536000 58
25.696000 26.592000 59
26.688000 27.200000 65
27.392000 27.872000 62
28.832000 29.120000 64
29.120000 29.344000 66
29.536000 29.920000 65
30.208000 30.432000 63
30.688000 31.392000 58
32.736000 33.056000 58
33.184000 33.600000 58
33.696000 33.856000 58
34.240000 34.528000 58
34.752000 35.264000 58
35.456000 35.744000 61
36.864000 37.088000 55
37.280000 37.440000 55
37.728000 37.856000 55
37.984000 38.112000 55
38.208000 38.464000 56
38.688000 39.424000 58
40.672000 41.088000 58
41.248000 42.528000 58
42.720000 43.264000 65
43.264000 43.360000 62
43.488000 43.936000 62
44.672000 45.056000 63
45.152000 46.112000 68
46.112000 46.528000 63
46.656000 48.000000 65
49.344000 49.632000 63
49.728000 49.984000 63
50.208000 50.560000 62
50.688000 51.968000 64
51.968000 53.024000 66
53.344000 54.208000 63
54.592000 55.680000 58
57.216000 57.536000 59
57.696000 59.392000 59
59.488000 59.936000 61
59.936000 60.288000 66
60.672000 60.800000 66
60.800000 61.088000 68
61.088000 61.312000 66
61.472000 61.952000 65
62.080000 62.272000 63
62.464000 64.576000 66
65.216000 65.408000 57
65.408000 65.632000 59
65.632000 65.696000 64
65.696000 66.144000 70
66.144000 67.008000 68
67.008000 67.456000 63
67.712000 68.000000 70
68.000000 69.088000 68
69.184000 69.728000 65
70.176000 70.528000 65
70.688000 71.904000 68
72.064000 72.288000 66
72.416000 73.632000 70
74.144000 74.368000 69
74.464000 76.000000 70
76.192000 76.672000 63
76.672000 77.920000 66
78.464000 79.808000 66
79.968000 80.480000 68
80.480000 80.928000 65
81.120000 81.600000 58
81.728000 82.112000 70
82.112000 82.336000 67
82.432000 82.624000 68
82.624000 82.752000 67
82.752000 83.392000 66
83.680000 83.872000 70
83.872000 84.096000 69
84.192000 84.896000 68
85.088000 85.632000 65
86.208000 86.560000 65
86.688000 87.072000 66
87.200000 87.904000 68
88.032000 88.416000 70
88.416000 88.576000 72
88.704000 89.568000 70
90.112000 90.176000 67
90.176000 90.976000 70
91.168000 91.392000 68
91.392000 92.032000 68
92.256000 92.480000 63
92.672000 93.056000 66
93.184000 93.920000 65
94.528000 94.624000 63
94.720000 95.072000 66
95.200000 95.360000 66
95.488000 96.544000 68
96.704000 97.056000 65
97.568000 97.984000 65
97.984000 98.400000 64
98.528000 100.000000 65
112.864000 113.056000 58
118.720000 119.072000 58
119.200000 119.616000 58
119.712000 119.872000 58
119.968000 120.064000 57
120.224000 120.544000 58
120.704000 121.280000 58
121.440000 121.856000 61
122.848000 123.104000 55
123.232000 123.552000 55
123.968000 124.512000 56
124.704000 125.504000 58
126.688000 127.104000 58
127.200000 128.512000 59
128.672000 129.216000 65
129.216000 129.344000 62
129.472000 129.920000 62
130.720000 131.072000 63
131.168000 132.256000 68
132.256000 132.480000 63
132.672000 133.888000 65
135.200000 135.264000 59
135.264000 135.616000 63
135.712000 135.968000 63
136.192000 136.576000 61
136.672000 137.920000 63
137.920000 138.624000 66
138.624000 140.064000 65
140.544000 141.472000 58
143.360000 143.552000 59
143.744000 145.024000 59
145.184000 145.376000 58
145.472000 145.920000 61
145.920000 146.272000 66
146.688000 146.752000 66
146.752000 147.264000 68
147.264000 147.328000 65
147.520000 148.288000 65
148.512000 150.592000 66
151.264000 151.712000 60
151.744000 152.096000 70
152.096000 152.352000 68
152.448000 152.608000 68
152.704000 152.896000 67
152.896000 153.472000 65
153.728000 154.176000 70
154.176000 155.712000 68
156.224000 156.544000 65
156.704000 157.600000 66
157.696000 157.920000 68
158.080000 158.272000 66
158.432000 159.648000 70
160.160000 162.016000 70
162.208000 162.560000 63
162.688000 163.584000 66
163.584000 163.968000 63
164.544000 165.824000 66
165.984000 166.528000 68
166.528000 166.912000 65
167.232000 167.552000 71
167.744000 167.968000 70
167.968000 168.352000 68
168.448000 168.768000 68
168.768000 168.960000 67
169.024000 169.440000 63
169.696000 169.888000 70
169.888000 170.112000 69
170.208000 171.008000 68
171.008000 171.648000 65
172.256000 172.576000 65
172.672000 173.056000 66
173.184000 173.952000 68
174.048000 174.400000 69
174.400000 174.592000 73
174.688000 175.584000 70
176.096000 176.192000 67
176.192000 177.024000 70
177.184000 178.048000 68
178.240000 178.464000 63
178.688000 179.072000 66
179.168000 179.904000 65
180.480000 180.704000 63
180.704000 181.056000 66
181.184000 181.376000 66
181.504000 182.528000 68
182.688000 183.040000 65
183.424000 183.968000 65
184.192000 184.384000 62
184.480000 186.784000 65
189.216000 189.632000 59
189.632000 189.696000 64
189.696000 190.368000 70
190.464000 190.624000 68
190.624000 190.944000 67
190.944000 191.488000 64
191.712000 192.032000 70
192.032000 193.088000 68
193.184000 193.664000 65
194.272000 194.560000 65
194.688000 195.904000 68
196.064000 196.256000 66
196.416000 197.632000 70
198.176000 198.368000 68
198.464000 198.624000 70
198.624000 200.000000 69
200.192000 200.512000 63
200.672000 201.376000 66
201.504000 201.952000 63
202.464000 202.752000 64
202.752000 203.616000 66
203.712000 203.904000 66
204.000000 204.480000 68
204.480000 204.608000 65
204.704000 204.960000 65
204.960000 205.568000 70
205.728000 206.144000 69
206.144000 206.336000 67
206.432000 206.656000 68
206.656000 206.784000 67
206.784000 207.392000 66
207.488000 207.584000 68
207.680000 207.872000 70
207.872000 208.096000 68
208.224000 208.448000 67
208.448000 208.928000 68
209.120000 209.696000 65
210.208000 210.560000 65
210.688000 211.040000 66
211.168000 211.936000 68
212.032000 212.352000 67
212.352000 212.608000 73
212.704000 213.696000 70
214.144000 215.008000 70
215.168000 216.064000 68
216.320000 216.480000 63
216.672000 217.056000 66
217.152000 217.952000 66
218.496000 218.624000 63
218.720000 219.072000 66
219.200000 219.360000 66
219.488000 220.096000 67
220.096000 220.544000 68
220.672000 222.368000 65
223.456000 223.552000 70
223.552000 224.000000 66
224.608000 226.048000 63
