3.744000 3.840000 67
8.224000 8.320000 67
8.704000 10.976000 70
16.032000 16.288000 66
16.704000 17.376000 68
17.504000 17.728000 64
22.624000 22.720000 60
30.368000 30.784000 55
30.784000 32.128000 58
32.384000 33.312000 60
34.048000 34.272000 58
34.272000 34.528000 60
34.656000 35.456000 63
35.584000 35.808000 60
35.968000 36.864000 65
37.312000 37.472000 63
37.600000 38.080000 67
38.240000 39.040000 70
39.488000 39.904000 65
40.000000 40.352000 67
40.448000 44.128000 67
44.896000 45.376000 68
45.376000 46.240000 70
46.240000 46.720000 69
46.816000 47.744000 67
48.032000 48.288000 67
48.448000 48.640000 63
48.736000 49.888000 72
50.016000 50.336000 72
50.336000 51.424000 70
51.776000 53.600000 67
54.048000 54.272000 65
54.272000 54.944000 64
54.944000 55.360000 67
55.456000 58.784000 67
59.456000 59.552000 65
59.552000 59.968000 70
60.128000 61.280000 71
61.376000 62.912000 72
62.912000 63.104000 67
63.232000 63.488000 60
63.616000 63.776000 58
63.776000 64.032000 61
64.032000 64.960000 64
64.960000 66.464000 67
66.848000 66.944000 58
67.040000 67.104000 65
67.104000 69.280000 72
69.280000 69.376000 66
69.376000 70.112000 65
70.112000 70.432000 60
70.560000 70.624000 66
70.624000 71.424000 72
71.424000 71.552000 67
71.552000 72.224000 70
72.352000 74.112000 67
74.176000 74.464000 63
74.656000 75.360000 63
75.488000 75.712000 60
75.936000 76.672000 63
77.248000 77.440000 63
77.536000 77.632000 61
77.632000 77.696000 60
77.696000 78.528000 61
78.688000 79.008000 67
79.104000 80.480000 67
81.024000 81.312000 63
81.408000 82.688000 67
82.880000 83.328000 65
83.328000 83.616000 67
83.712000 84.320000 65
84.512000 84.800000 67
84.800000 84.992000 70
85.088000 87.712000 73
88.192000 88.256000 71
88.256000 88.352000 68
88.448000 89.920000 72
90.016000 90.272000 72
90.432000 90.592000 70
90.592000 90.656000 69
90.656000 91.328000 67
91.328000 91.456000 69
91.616000 91.904000 67
91.904000 92.832000 66
93.184000 94.048000 67
94.144000 94.912000 58
94.912000 95.424000 61
95.904000 96.224000 71
96.352000 97.088000 72
97.248000 97.536000 70
97.536000 97.696000 68
97.792000 98.304000 65
98.720000 99.520000 65
99.712000 99.904000 60
100.160000 100.864000 65
100.960000 105.408000 63
107.264000 108.160000 67
108.640000 109.408000 77
109.760000 110.144000 77
111.936000 112.096000 67
117.632000 118.048000 55
118.048000 119.392000 58
119.648000 120.576000 60
121.312000 121.792000 60
121.920000 122.720000 63
122.880000 123.072000 60
123.232000 124.128000 65
124.576000 124.768000 63
124.864000 125.344000 67
125.536000 126.304000 70
126.752000 127.200000 65
127.296000 128.288000 67
128.288000 131.392000 65
132.160000 132.608000 69
132.608000 133.504000 70
133.504000 135.040000 69
135.296000 135.552000 66
135.712000 135.968000 64
135.968000 137.728000 72
137.728000 138.912000 68
139.072000 140.864000 66
141.312000 141.568000 65
141.568000 142.240000 64
142.240000 142.688000 67
142.816000 146.016000 67
146.816000 147.104000 68
147.104000 147.232000 70
147.392000 150.400000 72
150.496000 150.784000 60
150.880000 151.040000 58
151.040000 151.296000 61
151.296000 152.128000 65
152.128000 153.728000 67
154.112000 154.240000 58
154.336000 154.400000 68
154.400000 155.424000 70
155.424000 155.840000 72
155.840000 156.384000 71
156.384000 157.632000 68
157.824000 157.888000 65
157.888000 157.920000 68
157.920000 158.688000 72
158.688000 159.488000 70
159.616000 161.312000 67
161.472000 161.728000 62
161.952000 162.624000 63
162.752000 163.008000 60
163.200000 164.032000 63
164.512000 164.704000 63
164.704000 164.800000 62
164.800000 164.896000 61
164.896000 165.792000 61
165.952000 167.712000 67
168.288000 168.576000 63
168.672000 169.984000 67
170.176000 170.464000 63
170.464000 170.912000 67
171.008000 171.584000 65
171.776000 172.064000 67
172.064000 172.224000 70
172.352000 175.040000 71
175.488000 175.616000 69
175.712000 177.536000 72
177.696000 177.856000 70
177.856000 177.952000 69
177.952000 178.336000 67
178.336000 178.720000 69
178.848000 179.200000 67
179.200000 180.128000 65
180.448000 181.312000 67
181.408000 182.176000 58
182.176000 182.688000 61
183.200000 183.520000 71
183.616000 184.352000 72
184.512000 184.832000 70
184.832000 184.960000 67
185.056000 185.568000 65
185.984000 186.688000 65
186.848000 187.040000 61
187.200000 188.000000 66
188.128000 189.856000 63
190.400000 190.720000 68
190.720000 190.880000 70
191.040000 192.256000 71
192.256000 192.992000 75
192.992000 193.984000 72
193.984000 194.208000 67
194.240000 194.496000 60
194.624000 194.944000 60
194.944000 195.424000 63
195.424000 195.744000 65
195.744000 197.376000 67
197.760000 197.856000 57
197.984000 198.048000 68
198.048000 199.072000 71
199.072000 199.456000 72
199.456000 200.032000 71
200.032000 200.352000 68
200.352000 201.344000 65
201.472000 201.536000 66
201.536000 202.336000 72
202.336000 202.400000 67
202.400000 203.136000 70
203.232000 205.024000 67
205.088000 205.344000 63
205.568000 206.272000 63
206.400000 206.624000 60
206.848000 207.584000 63
208.160000 208.352000 63
208.448000 208.544000 61
208.544000 208.608000 60
208.608000 209.120000 59
209.120000 209.440000 61
209.600000 209.920000 67
210.016000 211.360000 67
211.936000 212.224000 63
212.320000 213.600000 67
213.792000 215.232000 67
215.424000 215.840000 70
216.000000 218.688000 71
219.360000 221.184000 72
221.344000 221.504000 70
221.504000 221.568000 69
221.568000 222.240000 67
222.240000 222.368000 69
222.496000 222.816000 67
222.816000 223.744000 66
224.096000 224.960000 67
224.960000 226.336000 61
226.848000 227.136000 70
227.264000 228.000000 72
228.128000 228.448000 70
228.448000 229.216000 68
229.632000 230.432000 65
230.560000 230.784000 60
231.040000 231.392000 64
231.392000 231.872000 67
231.968000 236.096000 63
236.544000 236.640000 60
237.856000 238.720000 70
249.760000 249.952000 75
