32.896000 33.504000 56
33.664000 33.984000 56
34.080000 34.624000 58
34.784000 34.880000 58
36.544000 37.408000 61
37.536000 37.984000 60
38.080000 38.272000 59
38.368000 38.816000 58
39.904000 40.128000 56
40.224000 40.576000 58
40.864000 41.280000 59
42.368000 42.560000 59
42.560000 43.328000 63
43.328000 43.904000 65
44.000000 44.096000 65
44.256000 44.576000 62
44.576000 44.704000 64
44.800000 46.976000 63
48.128000 48.224000 65
48.224000 48.544000 64
48.544000 49.504000 63
49.632000 50.080000 65
50.176000 51.040000 64
51.488000 52.736000 63
52.736000 53.664000 68
53.664000 54.304000 62
54.752000 54.848000 59
54.944000 55.232000 59
56.384000 56.832000 64
56.928000 58.624000 63
58.720000 58.976000 63
59.520000 60.512000 58
61.280000 62.080000 56
62.272000 62.368000 56
64.160000 65.344000 59
65.472000 65.824000 60
66.144000 66.432000 60
67.040000 67.232000 58
67.552000 70.752000 66
71.392000 72.768000 67
72.864000 74.784000 68
75.360000 75.872000 67
76.032000 76.192000 67
76.288000 76.672000 67
76.768000 77.824000 70
78.304000 78.592000 63
78.720000 80.640000 71
80.768000 82.592000 71
82.592000 83.040000 73
83.040000 83.232000 69
83.232000 84.288000 70
84.288000 85.024000 67
85.024000 86.432000 70
86.912000 87.392000 71
87.392000 89.408000 70
89.408000 90.688000 68
90.688000 92.288000 62
92.384000 92.736000 59
92.928000 93.152000 61
93.664000 93.888000 62
94.016000 101.760000 73
101.920000 104.032000 71
104.064000 104.736000 73
104.928000 106.496000 71
106.656000 110.336000 68
139.584000 140.544000 63
140.704000 140.800000 63
140.960000 141.056000 63
141.440000 142.016000 57
142.208000 142.496000 56
142.624000 143.456000 58
143.552000 143.680000 58
145.088000 145.952000 61
146.048000 147.360000 60
148.448000 148.672000 56
148.768000 149.280000 59
149.376000 149.664000 59
150.880000 151.104000 59
151.104000 151.840000 63
151.840000 152.640000 65
152.768000 155.680000 64
156.672000 157.024000 65
157.024000 158.048000 63
158.176000 159.616000 65
160.032000 161.312000 65
161.312000 162.016000 68
162.016000 162.976000 62
163.296000 163.392000 60
164.864000 165.376000 65
165.472000 167.584000 63
168.032000 168.608000 58
168.608000 169.152000 57
170.080000 170.464000 56
172.704000 173.856000 59
173.984000 174.656000 61
174.848000 175.072000 61
175.552000 175.808000 58
176.064000 179.264000 66
179.936000 180.032000 66
180.032000 181.440000 64
181.440000 183.328000 68
183.872000 184.384000 67
184.576000 185.184000 67
185.312000 185.792000 68
185.792000 186.304000 70
186.752000 187.104000 63
187.232000 189.184000 71
189.280000 189.376000 71
189.632000 190.784000 71
190.880000 191.104000 71
191.104000 191.584000 73
191.584000 192.800000 70
192.800000 193.376000 65
193.504000 194.976000 70
195.424000 195.904000 71
195.904000 197.856000 70
197.952000 198.752000 68
198.848000 200.384000 66
200.480000 200.800000 73
200.800000 201.312000 72
202.208000 210.208000 73
210.432000 210.592000 67
210.592000 213.248000 73
213.440000 215.072000 72
215.200000 217.408000 68
217.728000 218.112000 63
218.208000 221.856000 71
221.952000 222.112000 71
222.112000 222.560000 73
222.560000 223.808000 70
223.808000 224.448000 65
224.544000 225.920000 70
226.432000 226.944000 71
226.944000 228.000000 70
228.096000 228.768000 70
228.992000 229.760000 68
229.856000 230.048000 67
230.048000 231.808000 64
232.128000 232.288000 59
232.352000 232.512000 62
232.960000 233.088000 61
233.216000 233.600000 63
233.600000 235.680000 71
235.744000 243.552000 73
243.648000 244.256000 73
244.416000 246.528000 71
246.720000 249.088000 68
249.152000 249.792000 68
261.568000 262.304000 68
