1.472000 1.600000 53
23.136000 23.296000 52
30.912000 31.488000 54
31.584000 32.000000 53
32.384000 33.056000 58
33.536000 33.696000 65
33.696000 33.952000 62
34.112000 34.528000 62
34.528000 34.656000 61
34.656000 34.848000 60
34.848000 35.424000 57
36.192000 36.480000 54
36.608000 36.672000 57
36.672000 37.472000 59
37.472000 37.920000 57
38.016000 38.784000 57
38.784000 38.944000 54
39.424000 39.680000 55
39.776000 39.904000 51
40.032000 40.384000 50
40.384000 40.832000 53
40.928000 41.248000 52
42.080000 43.200000 54
43.616000 43.648000 56
43.680000 44.192000 58
44.288000 44.544000 58
44.736000 44.896000 57
45.280000 45.568000 62
45.728000 46.016000 62
46.016000 46.336000 61
46.656000 46.752000 55
47.296000 47.904000 57
48.000000 48.576000 59
48.672000 48.736000 59
48.736000 48.864000 59
48.864000 49.280000 57
49.376000 49.888000 57
49.888000 50.016000 56
50.016000 50.592000 55
50.624000 50.656000 50
51.008000 51.264000 53
51.552000 51.840000 50
51.936000 52.608000 53
53.760000 53.824000 57
53.824000 53.920000 58
53.920000 54.560000 59
54.560000 55.616000 62
55.840000 56.000000 62
56.000000 56.480000 64
56.608000 56.800000 62
56.928000 57.376000 62
57.376000 58.272000 61
59.616000 59.904000 55
60.000000 60.416000 55
60.640000 61.184000 59
61.280000 61.568000 56
62.080000 62.208000 54
62.304000 62.560000 55
62.688000 62.944000 56
63.168000 63.456000 55
63.456000 63.712000 54
64.064000 64.320000 50
64.448000 64.800000 50
67.744000 68.352000 54
68.352000 68.992000 55
69.536000 70.208000 58
70.368000 70.496000 55
70.496000 70.624000 57
70.944000 71.296000 62
71.584000 71.808000 61
72.224000 72.416000 55
73.504000 73.600000 54
73.792000 74.688000 59
74.816000 75.040000 56
75.136000 75.808000 57
75.808000 76.000000 55
76.064000 76.416000 52
76.640000 76.928000 54
77.088000 77.856000 53
78.016000 78.272000 52
79.104000 79.360000 52
79.488000 80.640000 54
80.928000 81.120000 57
81.216000 81.344000 58
81.440000 81.696000 57
81.920000 82.240000 55
82.304000 82.368000 60
82.368000 83.232000 62
83.232000 84.192000 61
84.320000 84.512000 54
84.768000 85.056000 55
85.056000 85.408000 59
85.504000 85.888000 59
85.888000 86.496000 58
86.688000 87.072000 57
87.072000 87.360000 56
87.808000 87.904000 56
88.000000 88.224000 56
88.448000 88.576000 50
89.248000 89.568000 52
90.880000 90.944000 58
90.944000 91.648000 59
91.648000 92.192000 62
92.352000 92.736000 61
92.960000 93.024000 60
93.024000 93.120000 61
93.120000 93.632000 64
93.792000 94.592000 62
94.592000 95.488000 61
96.288000 97.024000 55
97.120000 97.536000 55
97.632000 98.144000 56
98.144000 98.944000 57
99.040000 99.360000 59
99.360000 100.544000 65
100.640000 100.768000 64
100.928000 102.432000 62
105.888000 106.048000 62
117.984000 118.688000 54
118.784000 119.168000 53
119.456000 120.160000 59
120.480000 120.736000 54
120.864000 120.928000 59
120.928000 121.856000 62
121.856000 122.688000 60
122.848000 123.104000 57
123.456000 123.616000 54
123.712000 124.960000 59
124.960000 125.056000 55
125.184000 125.824000 57
125.824000 126.368000 54
126.624000 126.848000 55
126.848000 127.008000 53
127.008000 127.616000 51
127.616000 127.872000 53
128.096000 128.256000 52
129.120000 129.376000 51
129.472000 129.696000 54
129.792000 130.560000 54
130.816000 131.328000 59
131.456000 131.712000 58
131.936000 132.192000 54
132.320000 132.480000 62
132.544000 132.896000 62
132.992000 133.248000 62
133.248000 133.600000 61
133.632000 133.856000 59
133.920000 134.176000 57
134.304000 134.528000 56
134.784000 135.104000 55
135.104000 135.392000 59
135.488000 135.968000 59
135.968000 136.800000 58
137.088000 137.216000 56
137.216000 137.504000 55
137.888000 138.240000 54
138.336000 139.104000 52
139.232000 139.328000 53
139.456000 139.712000 54
140.960000 141.088000 58
141.088000 141.664000 59
141.664000 142.688000 62
142.944000 143.264000 62
143.360000 143.616000 64
143.744000 144.512000 62
144.512000 145.568000 61
145.664000 145.760000 56
145.888000 146.144000 54
146.688000 147.488000 55
147.712000 148.832000 58
149.024000 149.248000 57
149.408000 149.504000 66
149.504000 150.016000 65
150.112000 152.448000 63
154.112000 155.648000 62
155.744000 156.000000 57
156.224000 156.480000 54
156.576000 157.440000 59
157.824000 157.984000 52
158.144000 158.432000 54
159.424000 159.488000 58
159.488000 161.664000 62
161.920000 161.984000 56
162.016000 162.176000 57
162.336000 162.400000 60
162.400000 162.592000 61
162.592000 163.840000 62
163.840000 165.184000 65
165.536000 165.760000 58
165.856000 165.920000 61
165.920000 166.016000 62
166.016000 166.400000 64
166.400000 166.528000 62
166.528000 167.552000 66
167.552000 167.840000 62
167.840000 168.256000 61
169.184000 169.344000 53
169.440000 169.504000 61
169.504000 170.208000 62
170.208000 170.336000 61
170.336000 170.944000 59
171.872000 172.000000 57
172.416000 172.896000 59
173.024000 173.888000 59
174.624000 174.784000 51
174.784000 175.424000 55
175.616000 175.776000 56
176.960000 177.152000 57
177.280000 177.472000 64
177.472000 178.144000 65
178.144000 178.848000 66
178.848000 179.360000 65
179.360000 179.680000 57
180.416000 180.576000 58
180.960000 181.856000 62
181.856000 182.080000 59
182.176000 182.496000 54
183.744000 184.736000 59
184.736000 185.216000 57
185.920000 186.816000 51
203.712000 204.864000 54
205.216000 205.280000 56
205.280000 205.664000 59
205.760000 205.952000 57
206.176000 206.528000 55
206.560000 207.520000 62
207.616000 207.808000 58
207.904000 208.288000 55
209.088000 209.344000 55
209.600000 210.592000 59
210.752000 211.648000 57
211.744000 212.032000 52
212.256000 212.672000 53
212.864000 212.928000 50
212.928000 213.120000 51
213.120000 213.472000 54
213.664000 214.016000 52
215.392000 216.288000 54
216.544000 216.608000 53
216.608000 217.056000 58
217.152000 217.376000 57
217.600000 217.856000 54
218.080000 218.784000 62
218.880000 219.168000 61
219.264000 219.776000 57
220.416000 220.736000 54
220.736000 220.896000 57
220.992000 221.632000 59
221.632000 222.176000 58
222.272000 222.976000 57
222.976000 223.232000 54
223.328000 223.456000 52
223.872000 224.192000 53
224.224000 224.704000 50
224.704000 225.504000 53
226.592000 227.008000 59
227.168000 228.256000 62
228.352000 228.480000 61
228.736000 228.928000 62
229.024000 229.344000 64
229.440000 230.336000 62
230.336000 231.136000 61
231.808000 232.000000 53
232.096000 232.192000 53
232.384000 232.896000 55
233.056000 233.600000 54
233.728000 234.464000 57
234.560000 234.912000 57
235.008000 235.072000 65
235.072000 235.328000 66
235.456000 238.304000 63
239.904000 241.376000 62
241.472000 241.728000 57
241.952000 242.176000 54
242.304000 242.848000 58
242.976000 243.264000 57
243.712000 243.936000 54
245.152000 245.280000 61
245.376000 245.600000 62
245.696000 246.304000 62
246.400000 246.528000 63
246.528000 247.008000 62
247.008000 247.392000 59
248.192000 249.888000 64
249.888000 252.896000 65
254.560000 254.816000 57
254.912000 254.976000 60
254.976000 255.104000 61
255.104000 255.392000 62
255.392000 256.352000 64
256.352000 258.656000 66
258.656000 262.912000 66
292.000000 293.504000 62
293.600000 293.856000 64
294.048000 294.976000 61
294.976000 295.360000 57
296.288000 296.416000 52
296.416000 296.928000 55
296.928000 297.664000 58
297.888000 298.080000 56
298.240000 298.464000 51
298.560000 298.720000 51
298.880000 299.040000 52
299.264000 299.712000 55
302.592000 303.424000 62
303.584000 304.064000 62
304.224000 304.448000 64
304.448000 305.120000 62
305.280000 305.504000 59
305.728000 306.048000 57
306.720000 306.880000 56
306.976000 307.136000 56
307.360000 307.424000 56
307.424000 307.520000 57
307.520000 308.192000 61
308.512000 309.152000 62
309.280000 309.376000 60
309.600000 310.816000 66
310.912000 315.008000 65
315.136000 315.232000 63
317.344000 317.536000 56
317.632000 317.792000 57
317.984000 319.136000 62
319.328000 320.128000 64
321.024000 322.464000 66
322.496000 323.232000 62
323.232000 323.968000 59
325.088000 325.216000 53
325.216000 325.568000 56
325.728000 325.824000 54
326.016000 327.296000 62
327.456000 327.744000 62
328.064000 328.544000 59
328.736000 328.896000 55
330.912000 331.008000 52
331.104000 331.264000 57
331.680000 332.064000 59
332.192000 332.736000 59
333.248000 333.440000 59
333.600000 333.696000 57
333.888000 334.048000 59
334.240000 334.560000 57
336.064000 336.128000 48
336.192000 336.384000 51
336.384000 337.120000 55
340.736000 340.800000 55
340.800000 341.024000 58
341.024000 341.088000 59
341.088000 342.304000 64
342.496000 342.848000 62
342.848000 343.328000 65
343.328000 344.640000 67
344.640000 344.736000 69
344.736000 345.696000 67
345.696000 346.336000 57
347.648000 347.744000 53
347.840000 348.000000 57
348.192000 348.320000 53
348.512000 349.888000 62
350.048000 350.336000 62
350.560000 351.136000 59
351.232000 351.552000 54
353.408000 353.568000 55
353.568000 353.728000 57
354.112000 354.464000 59
354.592000 355.104000 59
355.488000 355.680000 59
355.872000 355.968000 58
356.128000 356.320000 59
356.480000 356.832000 57
357.472000 357.632000 58
357.792000 358.912000 66
359.040000 362.944000 65
365.920000 365.984000 58
365.984000 366.336000 62
366.496000 366.816000 64
366.944000 367.552000 61
367.552000 368.352000 59
369.632000 370.688000 55
370.912000 371.200000 55
371.296000 372.224000 51
376.672000 378.784000 67
379.360000 380.608000 66
380.608000 384.064000 64
413.248000 413.408000 53
413.504000 413.664000 53
416.832000 416.928000 53
417.760000 417.888000 53
