39.552000 40.480000 54
40.768000 41.184000 56
42.176000 42.304000 54
42.656000 42.880000 51
46.784000 47.456000 51
47.488000 47.712000 52
47.840000 48.032000 55
48.160000 48.736000 57
49.440000 49.760000 58
49.952000 52.352000 61
53.536000 53.888000 58
54.208000 54.464000 60
54.496000 55.296000 62
55.648000 55.872000 59
56.096000 56.736000 57
57.312000 57.664000 54
57.920000 58.112000 54
58.208000 58.944000 54
59.104000 59.360000 53
59.744000 59.840000 50
59.936000 60.064000 50
60.160000 60.256000 50
62.080000 62.400000 50
63.360000 63.712000 52
63.872000 64.256000 52
64.928000 65.696000 54
65.888000 67.040000 51
67.200000 67.328000 51
69.472000 69.792000 50
69.920000 70.144000 52
70.144000 70.336000 53
70.336000 71.104000 56
72.416000 72.576000 50
76.928000 77.280000 51
77.568000 77.760000 53
77.888000 78.784000 57
79.616000 80.000000 57
80.192000 82.432000 60
83.552000 83.648000 58
83.744000 83.840000 57
84.064000 84.480000 61
84.480000 85.216000 62
85.536000 85.760000 59
85.888000 86.848000 57
87.520000 87.776000 54
87.840000 88.096000 54
88.256000 89.312000 54
89.696000 89.792000 50
89.888000 90.208000 50
91.616000 91.776000 48
91.904000 92.096000 50
92.352000 92.448000 50
92.544000 92.672000 50
93.024000 93.120000 52
93.248000 93.952000 53
94.144000 94.432000 50
95.360000 95.872000 51
96.032000 96.384000 50
96.512000 97.024000 50
101.760000 101.888000 57
101.888000 102.080000 59
102.208000 102.336000 62
102.432000 103.808000 66
104.512000 105.440000 64
105.952000 107.488000 62
107.680000 107.872000 62
108.000000 108.160000 64
108.288000 108.512000 57
108.512000 108.832000 59
109.056000 109.952000 57
110.656000 111.008000 60
111.104000 111.232000 62
111.328000 111.520000 62
111.520000 111.712000 61
112.064000 112.192000 64
112.288000 113.632000 64
114.336000 114.784000 62
114.784000 115.168000 59
115.264000 116.192000 66
116.288000 116.416000 62
116.768000 117.088000 59
117.184000 117.408000 63
117.408000 118.816000 66
119.488000 120.416000 64
120.928000 122.112000 63
122.752000 122.944000 62
123.040000 123.200000 63
123.296000 123.936000 59
124.192000 124.992000 57
125.696000 126.464000 62
126.560000 127.104000 59
127.296000 127.552000 65
127.776000 128.768000 65
129.408000 129.504000 65
129.632000 129.760000 66
129.760000 130.688000 65
130.848000 131.680000 63
132.128000 132.320000 59
132.320000 132.608000 62
132.800000 133.024000 59
133.152000 135.872000 62
137.056000 137.344000 54
155.136000 155.232000 54
157.536000 157.632000 51
170.688000 171.008000 50
171.136000 171.296000 51
171.296000 171.488000 52
171.488000 172.320000 56
173.632000 173.824000 49
173.920000 174.080000 48
174.112000 174.176000 48
174.368000 174.432000 48
174.560000 174.720000 48
178.144000 178.496000 51
178.784000 178.976000 52
179.104000 180.032000 57
180.832000 181.248000 58
181.408000 183.520000 60
184.768000 184.864000 58
184.960000 185.088000 57
185.280000 185.664000 61
185.664000 186.432000 62
186.752000 186.976000 59
187.104000 188.064000 57
188.736000 189.312000 54
189.472000 190.560000 55
190.912000 191.008000 50
191.104000 191.520000 50
192.192000 192.352000 48
192.832000 192.992000 48
193.120000 193.440000 50
193.568000 193.664000 50
193.760000 193.856000 50
194.240000 194.336000 52
194.464000 195.168000 53
195.360000 195.680000 50
196.512000 197.120000 52
197.248000 197.632000 50
197.696000 198.048000 50
198.144000 198.272000 50
202.976000 203.040000 56
203.040000 203.296000 59
203.424000 203.552000 62
203.648000 205.024000 66
205.696000 206.496000 65
207.168000 208.704000 62
208.928000 209.088000 62
209.216000 209.408000 64
209.504000 209.728000 57
209.728000 210.048000 59
210.272000 211.168000 57
211.872000 212.224000 60
212.320000 212.768000 62
213.280000 213.344000 65
213.504000 214.848000 64
215.552000 215.936000 62
215.936000 216.384000 59
216.480000 217.664000 66
218.080000 218.400000 60
218.400000 218.528000 62
218.624000 220.032000 66
220.704000 221.632000 64
222.144000 223.296000 63
223.968000 224.160000 62
224.256000 224.416000 64
224.512000 224.960000 59
225.056000 225.152000 57
225.344000 225.984000 58
226.912000 227.712000 62
227.776000 228.320000 59
228.512000 228.672000 65
228.672000 228.832000 62
228.992000 229.984000 65
230.624000 230.720000 65
230.848000 230.976000 66
230.976000 231.904000 65
232.064000 233.024000 63
233.344000 233.536000 59
233.536000 233.856000 62
234.016000 234.240000 59
234.368000 236.128000 62
236.736000 236.864000 56
236.864000 237.056000 59
237.184000 237.312000 62
237.408000 238.784000 66
239.072000 239.200000 58
239.456000 240.384000 63
240.896000 242.080000 62
242.176000 242.464000 62
242.688000 242.848000 62
242.976000 243.168000 63
243.264000 243.840000 59
244.160000 245.056000 57
245.632000 245.984000 59
246.080000 246.496000 62
246.496000 246.912000 60
247.328000 248.608000 64
249.312000 249.408000 61
249.408000 249.600000 62
249.600000 250.176000 60
250.176000 251.392000 66
251.808000 252.032000 59
252.160000 252.352000 62
252.352000 253.728000 66
254.432000 255.232000 64
255.904000 256.736000 63
256.832000 257.280000 62
257.664000 258.176000 64
258.272000 258.912000 59
259.072000 260.064000 57
260.704000 261.696000 62
261.696000 262.080000 57
262.240000 262.432000 65
262.432000 262.560000 63
262.752000 263.712000 65
264.384000 264.480000 64
264.576000 264.768000 66
264.768000 265.696000 65
265.824000 266.464000 64
266.976000 267.520000 62
267.584000 267.616000 60
267.648000 267.840000 59
268.000000 270.880000 62
289.248000 290.272000 55
