16.896000 16.960000 54
16.960000 17.120000 55
17.120000 18.144000 58
18.336000 18.496000 56
18.720000 18.976000 56
19.712000 20.160000 54
20.384000 20.480000 52
24.416000 24.608000 55
24.608000 24.768000 56
24.864000 25.024000 58
25.152000 25.952000 58
26.112000 26.304000 59
26.304000 26.624000 61
26.848000 27.040000 63
27.040000 27.072000 61
27.072000 27.936000 59
27.936000 28.384000 55
31.872000 32.032000 55
32.032000 32.480000 58
32.640000 33.184000 58
33.312000 33.472000 56
33.632000 34.016000 56
34.656000 34.848000 54
35.008000 35.200000 54
35.424000 35.520000 52
39.232000 39.360000 56
39.456000 40.768000 58
40.896000 41.184000 56
41.376000 41.856000 56
42.400000 43.264000 54
46.880000 47.104000 55
47.104000 47.552000 58
47.680000 48.256000 58
48.352000 48.480000 56
48.672000 49.120000 56
49.920000 50.080000 54
50.080000 50.464000 53
54.464000 54.784000 56
54.880000 56.000000 58
56.096000 56.640000 61
56.768000 56.992000 63
57.152000 57.536000 57
57.536000 58.688000 57
61.984000 62.112000 55
62.112000 63.168000 58
63.296000 63.488000 56
63.712000 64.032000 56
64.704000 65.184000 54
65.344000 65.536000 52
69.344000 69.728000 56
69.856000 70.016000 58
70.144000 70.944000 58
71.104000 71.360000 56
71.904000 72.064000 58
72.064000 72.704000 57
75.936000 76.064000 51
76.064000 76.704000 54
76.864000 77.056000 54
77.248000 77.888000 61
77.888000 78.112000 58
78.304000 78.720000 58
79.200000 80.096000 56
80.192000 80.352000 54
80.448000 81.280000 56
81.440000 81.760000 58
82.144000 82.624000 54
82.944000 84.096000 67
84.224000 84.800000 62
84.800000 85.184000 66
85.312000 85.952000 66
86.048000 86.304000 61
86.464000 86.656000 58
86.976000 87.840000 63
87.968000 88.224000 54
88.416000 89.408000 58
90.080000 90.400000 54
90.560000 91.776000 54
92.160000 93.568000 61
94.208000 95.072000 56
95.168000 95.808000 66
95.968000 96.736000 61
97.152000 97.248000 53
97.344000 97.824000 54
97.920000 98.048000 64
98.048000 98.240000 66
98.400000 98.560000 66
98.560000 99.168000 66
99.168000 99.968000 64
99.968000 100.672000 66
100.800000 101.024000 66
101.024000 101.408000 62
101.536000 101.696000 58
101.984000 103.328000 63
103.328000 104.000000 58
104.192000 104.768000 56
105.504000 105.824000 56
105.952000 106.304000 58
106.464000 107.136000 59
107.456000 107.552000 54
107.840000 108.064000 54
108.256000 108.352000 52
109.696000 110.368000 58
110.464000 110.816000 57
110.912000 111.264000 54
111.360000 111.488000 54
111.616000 111.744000 57
111.744000 111.968000 59
112.096000 112.352000 58
112.448000 112.608000 54
113.024000 113.344000 54
113.440000 114.752000 54
118.976000 119.168000 56
121.856000 122.016000 54
122.112000 122.272000 56
122.368000 123.488000 58
123.584000 124.096000 56
124.480000 124.640000 54
124.736000 124.992000 54
125.216000 125.536000 51
129.344000 129.472000 53
129.472000 129.728000 56
129.824000 129.984000 58
130.112000 130.944000 58
131.072000 131.264000 59
131.264000 131.712000 61
131.712000 131.968000 63
131.968000 133.568000 58
136.928000 137.056000 54
137.152000 137.472000 58
137.600000 138.464000 58
138.592000 139.104000 56
139.232000 140.192000 55
144.384000 144.576000 55
144.576000 144.992000 58
145.120000 145.696000 58
145.792000 146.176000 56
146.528000 147.104000 56
147.200000 149.376000 56
150.880000 150.944000 50
150.944000 151.712000 54
151.872000 152.032000 54
152.192000 152.768000 61
152.768000 153.088000 58
153.216000 153.920000 58
154.144000 155.104000 56
155.200000 155.360000 54
155.456000 156.288000 56
156.416000 156.768000 59
157.024000 157.120000 51
157.120000 157.216000 53
157.312000 157.856000 54
157.952000 158.272000 66
158.368000 159.104000 66
159.232000 159.840000 62
159.840000 160.160000 66
160.256000 160.992000 66
161.088000 161.280000 62
161.280000 161.728000 60
161.984000 162.848000 63
162.976000 163.264000 54
163.456000 164.416000 58
164.800000 164.864000 50
164.864000 165.376000 54
165.504000 166.912000 54
167.104000 167.648000 61
167.648000 167.712000 58
167.808000 168.704000 58
169.152000 170.048000 57
170.176000 170.336000 67
170.496000 170.848000 66
171.008000 171.520000 58
171.520000 171.744000 61
172.096000 172.800000 54
172.928000 173.216000 66
173.312000 174.144000 66
174.144000 174.816000 62
174.816000 176.000000 66
176.000000 176.384000 62
176.512000 176.672000 58
176.992000 177.184000 62
177.184000 177.344000 63
177.344000 178.336000 62
178.336000 179.904000 58
180.480000 180.800000 56
180.928000 181.248000 58
181.376000 181.568000 59
181.568000 182.080000 58
182.368000 182.496000 54
182.688000 183.008000 55
183.200000 183.744000 52
184.192000 184.672000 52
184.672000 185.312000 58
185.408000 185.792000 57
185.888000 186.432000 54
186.560000 186.912000 59
187.040000 187.264000 58
187.392000 187.584000 54
187.968000 188.128000 53
188.256000 190.144000 56
191.264000 191.520000 55
191.520000 193.120000 58
193.280000 194.496000 56
194.752000 194.880000 50
194.880000 195.360000 56
195.488000 196.000000 58
196.160000 196.544000 56
196.608000 196.992000 58
197.120000 197.216000 54
197.344000 197.568000 61
197.568000 198.560000 58
198.784000 198.976000 54
198.976000 199.200000 56
199.200000 200.480000 59
200.480000 201.184000 56
201.344000 201.696000 61
201.824000 201.984000 56
201.984000 202.272000 58
202.272000 203.072000 57
203.168000 203.776000 63
203.872000 204.288000 62
204.608000 204.704000 58
204.832000 204.896000 57
204.896000 206.144000 61
206.144000 208.320000 63
208.384000 208.992000 60
209.344000 210.784000 60
212.352000 212.448000 61
212.608000 212.704000 63
212.832000 213.248000 63
213.376000 213.504000 61
213.664000 214.016000 60
220.800000 222.048000 56
222.176000 223.232000 56
223.456000 224.416000 63
224.544000 225.152000 60
225.408000 226.304000 58
226.400000 226.560000 56
226.688000 227.552000 58
227.776000 228.032000 61
228.288000 228.448000 55
228.544000 229.024000 56
229.152000 229.504000 68
229.600000 230.336000 68
230.432000 231.072000 63
231.072000 231.456000 68
231.584000 232.320000 68
232.320000 232.992000 64
233.216000 234.048000 65
234.144000 235.392000 70
235.392000 235.648000 63
236.032000 236.608000 56
236.736000 238.240000 56
238.400000 240.160000 63
240.416000 240.512000 59
240.512000 240.832000 58
240.992000 241.280000 57
241.408000 241.600000 68
241.696000 242.112000 70
242.240000 243.008000 63
243.232000 243.392000 52
243.392000 243.488000 56
243.584000 244.064000 56
244.192000 244.480000 68
244.576000 245.408000 68
245.408000 246.112000 63
246.112000 247.264000 68
247.264000 247.648000 63
247.776000 247.968000 60
248.256000 249.152000 65
249.152000 251.520000 70
251.712000 252.064000 70
252.192000 252.512000 60
252.672000 253.376000 61
253.632000 253.824000 68
253.984000 254.176000 68
254.176000 254.944000 66
255.392000 255.840000 63
255.840000 256.288000 60
256.384000 256.576000 70
256.672000 257.728000 70
257.856000 258.208000 61
258.304000 258.624000 60
258.752000 259.168000 68
259.680000 259.872000 67
260.064000 260.256000 67
260.256000 261.088000 68
261.088000 261.408000 67
261.408000 262.272000 66
262.272000 262.688000 61
262.976000 263.232000 58
263.232000 263.808000 61
263.968000 264.192000 63
264.288000 264.512000 63
264.704000 265.120000 60
265.408000 265.504000 52
265.696000 266.176000 53
266.752000 266.880000 51
267.168000 267.296000 58
267.296000 267.872000 62
267.968000 268.448000 60
268.640000 268.896000 56
269.024000 269.152000 51
270.496000 270.624000 50
270.720000 270.816000 50
270.944000 271.104000 51
271.328000 271.968000 60
272.192000 272.448000 60
272.672000 273.280000 58
273.536000 275.232000 60
277.920000 278.688000 58
279.424000 280.288000 56
