12.480000 12.800000 63
12.928000 14.048000 64
14.176000 14.432000 63
14.528000 14.752000 62
14.976000 16.032000 62
16.128000 16.352000 62
16.448000 17.568000 62
17.824000 18.144000 62
18.240000 20.160000 64
20.256000 20.480000 62
20.704000 20.928000 62
20.928000 22.560000 63
22.560000 23.552000 67
23.904000 24.928000 64
25.024000 26.144000 64
26.464000 27.456000 62
27.552000 28.160000 62
28.256000 28.768000 62
28.864000 28.992000 60
29.344000 29.536000 60
29.536000 29.760000 63
29.856000 30.624000 64
30.720000 31.200000 64
31.296000 31.872000 64
32.160000 32.800000 62
32.896000 34.080000 62
34.304000 34.912000 64
35.072000 35.360000 60
35.360000 36.288000 59
36.448000 37.472000 62
37.824000 38.208000 60
38.208000 39.200000 64
39.296000 39.488000 60
39.680000 40.000000 60
40.000000 40.672000 64
40.672000 41.056000 60
41.056000 41.664000 57
41.856000 42.048000 57
42.144000 42.432000 60
42.528000 43.136000 62
43.264000 43.616000 67
43.616000 44.384000 65
45.696000 45.760000 61
45.760000 46.336000 64
46.464000 46.720000 60
46.816000 47.744000 57
47.872000 48.160000 60
48.256000 48.928000 62
49.312000 50.304000 62
50.400000 50.720000 67
50.720000 50.976000 65
51.136000 51.840000 62
52.160000 52.832000 64
52.832000 53.120000 61
53.216000 53.440000 67
53.600000 54.208000 64
54.336000 54.560000 60
54.656000 54.944000 57
55.392000 57.504000 60
81.088000 81.376000 63
81.472000 82.624000 64
82.784000 82.976000 63
83.104000 83.264000 62
83.520000 84.576000 62
84.672000 84.928000 62
85.024000 86.176000 62
86.432000 86.720000 61
86.816000 87.104000 63
87.200000 88.672000 64
88.832000 89.056000 62
89.280000 90.304000 62
90.400000 91.136000 64
91.136000 91.232000 67
91.232000 92.128000 67
92.512000 93.152000 64
93.248000 93.472000 64
93.568000 94.720000 64
95.040000 95.968000 62
96.128000 97.280000 62
97.376000 97.536000 60
97.888000 98.048000 60
98.048000 98.336000 64
98.432000 99.200000 64
99.296000 99.808000 64
99.904000 100.448000 64
100.736000 101.376000 62
101.472000 102.656000 62
102.880000 103.488000 64
103.616000 103.904000 60
103.904000 104.896000 59
105.024000 105.568000 60
105.568000 106.080000 62
106.400000 106.784000 60
106.784000 107.776000 64
107.872000 108.064000 60
108.224000 108.512000 60
108.512000 109.280000 64
109.280000 109.600000 60
109.696000 110.336000 57
110.496000 110.592000 57
110.720000 111.008000 60
111.104000 111.712000 62
111.840000 111.936000 60
112.160000 113.056000 64
114.304000 114.912000 64
115.040000 115.264000 60
115.392000 116.320000 57
116.448000 116.992000 61
116.992000 117.472000 62
117.856000 118.944000 62
118.944000 119.328000 67
119.328000 119.584000 64
119.680000 120.032000 62
120.032000 120.384000 61
120.704000 121.344000 64
121.472000 121.696000 60
121.792000 122.016000 67
122.176000 122.304000 62
122.304000 122.784000 64
122.912000 123.296000 60
123.296000 123.520000 57
123.968000 125.216000 61
125.696000 126.304000 64
126.464000 126.784000 61
126.784000 127.808000 65
127.904000 128.832000 62
129.248000 129.632000 60
129.632000 130.848000 64
130.848000 130.944000 60
131.040000 131.456000 61
131.456000 132.096000 64
132.096000 132.480000 60
132.576000 133.440000 57
133.600000 133.856000 60
133.952000 134.560000 62
134.688000 136.320000 67
136.704000 136.800000 63
137.120000 137.760000 64
137.920000 139.328000 65
139.328000 140.320000 63
140.704000 141.696000 62
141.792000 142.144000 67
142.144000 142.400000 65
142.528000 142.880000 62
142.880000 143.296000 60
143.552000 144.192000 64
144.320000 144.640000 61
144.640000 144.864000 67
145.024000 145.600000 64
145.760000 145.984000 60
146.080000 146.368000 57
146.432000 146.592000 56
146.816000 148.512000 60
149.312000 150.336000 65
150.432000 151.328000 64
151.488000 151.680000 60
151.680000 152.032000 58
152.160000 152.320000 55
152.512000 153.728000 60
