24.864000 24.992000 65
24.992000 25.536000 69
25.760000 25.952000 64
26.112000 26.272000 65
26.464000 26.912000 67
27.008000 27.392000 65
27.680000 28.064000 63
28.256000 29.472000 65
30.624000 30.912000 67
31.040000 31.264000 70
31.392000 32.288000 65
32.704000 33.024000 65
33.248000 33.792000 63
33.984000 35.200000 59
36.320000 36.544000 67
36.704000 36.896000 70
37.024000 38.176000 67
38.400000 38.656000 65
38.976000 39.168000 62
39.168000 40.256000 65
41.984000 42.112000 65
42.112000 42.304000 67
42.432000 42.656000 70
42.784000 43.008000 63
43.168000 43.904000 67
44.064000 44.448000 65
45.152000 45.408000 63
45.600000 46.848000 63
47.744000 48.000000 67
48.128000 48.352000 70
48.608000 49.600000 67
49.696000 50.112000 66
50.208000 50.496000 63
50.592000 50.848000 67
50.976000 51.232000 70
51.424000 51.552000 63
51.680000 51.904000 65
52.032000 52.928000 67
53.056000 53.568000 63
54.144000 54.208000 65
54.208000 54.528000 69
54.528000 54.720000 70
54.720000 54.784000 68
54.784000 55.456000 65
55.584000 55.936000 67
56.064000 56.512000 66
56.672000 57.920000 67
59.104000 59.232000 65
59.232000 59.488000 68
59.488000 59.776000 70
60.032000 60.512000 65
60.672000 61.536000 67
61.664000 61.920000 64
62.016000 62.080000 67
62.080000 62.368000 70
62.368000 63.040000 67
63.040000 63.392000 64
63.520000 63.712000 65
63.712000 64.480000 67
64.480000 65.088000 63
65.600000 65.664000 63
65.664000 65.920000 67
66.016000 66.208000 70
66.208000 66.944000 65
67.072000 67.456000 67
67.584000 69.376000 65
70.560000 70.880000 63
70.880000 71.584000 60
71.744000 72.256000 63
72.256000 73.760000 67
73.856000 75.552000 67
76.000000 76.064000 68
76.064000 76.608000 70
76.608000 76.928000 67
77.024000 77.120000 66
77.120000 78.208000 65
78.336000 80.576000 67
81.632000 81.696000 67
81.696000 82.336000 72
82.336000 83.424000 67
83.520000 84.448000 70
84.832000 84.992000 68
84.992000 85.184000 70
85.280000 85.920000 67
85.920000 86.240000 70
86.240000 87.136000 65
87.744000 88.096000 72
88.096000 88.544000 68
88.544000 88.960000 65
89.120000 89.536000 72
89.632000 90.336000 67
90.592000 90.912000 63
91.136000 92.864000 63
101.984000 102.112000 65
102.112000 102.304000 67
102.432000 102.688000 70
102.976000 103.936000 67
104.064000 104.448000 66
104.704000 106.624000 65
107.712000 107.808000 65
107.808000 107.968000 67
108.096000 108.352000 70
108.480000 108.704000 63
108.800000 109.536000 67
109.696000 110.112000 70
110.240000 110.528000 65
110.656000 112.000000 63
113.472000 113.728000 67
113.824000 114.048000 70
114.304000 114.496000 63
114.496000 115.296000 67
115.392000 115.808000 67
115.904000 116.288000 65
116.288000 116.576000 67
116.672000 116.896000 70
116.992000 117.248000 63
117.376000 117.600000 65
117.760000 117.856000 66
117.952000 118.272000 67
118.272000 118.656000 66
118.784000 119.200000 63
119.872000 120.000000 66
120.000000 120.192000 67
120.192000 120.544000 70
120.544000 121.152000 67
121.280000 121.600000 67
121.728000 122.208000 67
122.400000 123.904000 67
124.832000 124.928000 65
124.928000 125.216000 67
125.216000 125.536000 70
125.760000 125.984000 63
125.984000 126.208000 65
126.368000 127.264000 67
127.392000 127.616000 63
127.744000 127.840000 68
127.840000 128.064000 70
128.064000 128.544000 69
128.544000 129.088000 65
129.216000 129.600000 65
129.696000 130.144000 67
130.144000 130.816000 63
131.296000 131.360000 65
131.360000 131.648000 67
131.648000 132.160000 71
132.160000 132.384000 72
132.384000 132.704000 67
132.704000 135.168000 67
136.288000 136.576000 62
136.576000 137.248000 60
137.408000 137.920000 63
137.920000 139.424000 67
139.552000 141.280000 67
141.696000 141.792000 68
141.792000 142.688000 72
142.688000 143.904000 67
144.000000 146.560000 71
147.296000 147.456000 70
147.456000 147.680000 72
147.680000 148.064000 72
148.064000 149.344000 72
149.344000 150.176000 70
150.528000 150.848000 70
150.944000 151.168000 72
151.168000 152.064000 70
152.064000 152.864000 63
153.440000 153.728000 72
153.728000 154.272000 67
154.272000 154.624000 65
154.752000 155.264000 72
155.264000 156.192000 67
156.384000 158.368000 70
159.136000 159.488000 63
159.488000 160.128000 60
160.256000 160.768000 63
160.768000 161.696000 66
161.696000 162.240000 70
162.400000 164.192000 67
164.512000 164.704000 67
164.704000 165.152000 70
165.248000 165.504000 72
165.600000 165.888000 67
166.016000 166.464000 65
166.464000 169.120000 70
170.560000 170.624000 69
170.624000 170.944000 72
170.944000 171.264000 67
171.264000 171.488000 72
171.616000 173.088000 75
173.376000 174.304000 70
174.400000 175.904000 75
176.288000 176.576000 72
176.704000 177.152000 67
177.152000 177.632000 69
177.632000 178.016000 72
178.016000 179.328000 68
179.328000 181.056000 70
181.152000 181.248000 70
181.984000 182.432000 62
182.432000 183.040000 60
183.200000 183.680000 64
183.680000 185.120000 67
185.312000 185.504000 66
185.664000 186.272000 67
187.424000 187.584000 69
187.584000 188.032000 70
188.032000 188.352000 67
188.448000 188.704000 66
188.800000 189.504000 65
189.696000 191.680000 67
193.056000 193.728000 72
193.728000 195.072000 68
195.072000 195.808000 70
196.288000 196.576000 70
196.704000 196.896000 67
196.896000 197.280000 66
197.280000 197.664000 70
197.664000 198.496000 65
199.168000 199.488000 72
199.488000 200.192000 67
200.192000 200.352000 63
200.512000 200.992000 72
200.992000 201.952000 67
202.112000 204.160000 70
204.992000 205.120000 63
205.120000 205.792000 62
205.952000 206.464000 63
206.464000 207.360000 65
207.360000 208.000000 70
208.128000 208.256000 65
208.256000 209.280000 67
209.280000 209.824000 65
210.208000 210.400000 67
210.400000 210.848000 70
210.944000 211.200000 72
211.200000 211.584000 71
211.680000 212.160000 66
212.160000 212.512000 67
212.512000 212.960000 70
213.024000 215.200000 67
216.256000 216.640000 72
216.640000 216.992000 71
216.992000 217.184000 72
217.312000 218.816000 75
219.104000 219.456000 70
219.552000 220.000000 67
220.096000 221.696000 75
222.048000 222.336000 71
222.432000 222.688000 67
222.784000 223.328000 67
223.328000 223.360000 69
223.360000 223.776000 72
223.776000 224.384000 67
224.384000 227.392000 70
