15.456000 15.520000 50
15.520000 15.840000 53
15.840000 17.024000 57
17.024000 17.440000 53
17.536000 18.496000 52
18.912000 20.512000 50
22.272000 22.624000 45
22.624000 22.976000 54
23.104000 23.904000 54
24.704000 24.992000 47
25.120000 25.600000 49
29.088000 29.568000 51
29.568000 30.464000 56
30.656000 30.784000 49
30.880000 31.232000 49
31.360000 32.512000 57
34.688000 34.720000 54
34.912000 35.488000 57
35.648000 36.288000 54
36.512000 37.824000 54
38.464000 38.848000 49
39.008000 39.488000 47
42.816000 43.264000 52
43.264000 44.256000 57
44.256000 44.864000 52
45.024000 45.152000 50
45.248000 45.920000 52
46.944000 47.584000 49
49.696000 49.920000 45
49.952000 50.048000 48
50.048000 50.976000 54
51.104000 51.488000 52
52.512000 52.640000 47
52.768000 53.344000 50
53.536000 53.664000 61
53.664000 53.760000 63
56.512000 56.896000 50
56.896000 57.792000 60
57.792000 57.952000 61
58.112000 58.432000 49
58.688000 59.776000 57
61.632000 61.696000 52
61.696000 61.952000 54
62.048000 62.240000 56
62.368000 62.912000 57
63.200000 63.808000 55
64.000000 64.640000 54
65.248000 65.600000 54
65.696000 65.952000 57
66.080000 67.232000 54
71.552000 71.904000 56
71.904000 72.096000 59
72.384000 73.856000 62
74.080000 74.176000 59
74.336000 74.528000 60
74.528000 75.328000 61
75.328000 75.680000 57
75.872000 76.544000 61
76.672000 77.344000 59
77.568000 77.760000 68
77.760000 77.856000 66
77.856000 79.072000 62
79.296000 79.424000 59
79.424000 79.584000 57
79.680000 80.256000 58
80.320000 80.544000 65
80.544000 80.608000 59
80.608000 80.832000 55
80.960000 81.280000 56
81.376000 81.856000 57
81.856000 82.208000 61
82.336000 82.528000 59
82.720000 83.008000 57
83.200000 84.320000 56
84.416000 84.480000 62
84.480000 84.576000 63
84.736000 84.832000 60
84.832000 85.280000 57
85.280000 85.888000 56
86.112000 86.816000 56
86.912000 87.488000 55
87.808000 88.512000 54
88.672000 88.800000 62
88.800000 88.992000 64
89.088000 89.760000 62
89.792000 90.848000 59
91.264000 91.616000 57
91.616000 91.904000 59
92.192000 92.288000 67
92.448000 93.024000 61
93.024000 95.712000 62
96.000000 96.256000 57
96.480000 97.120000 61
97.280000 97.952000 59
98.528000 98.784000 59
98.944000 99.584000 61
99.808000 100.704000 59
100.960000 101.088000 58
101.088000 101.120000 56
101.120000 101.472000 54
101.472000 102.400000 57
102.400000 103.200000 61
103.200000 104.704000 58
105.344000 105.952000 57
105.952000 106.432000 52
106.496000 107.936000 56
108.384000 108.672000 54
108.832000 109.120000 54
109.120000 109.184000 56
109.184000 109.216000 57
109.216000 110.336000 64
110.336000 111.904000 59
112.704000 117.248000 60
125.056000 125.408000 52
125.536000 126.304000 57
126.304000 127.136000 55
127.264000 127.552000 50
127.712000 128.288000 52
128.928000 129.376000 49
132.384000 133.312000 54
133.472000 133.856000 53
134.592000 134.688000 47
134.880000 135.264000 49
138.816000 139.104000 48
139.136000 139.200000 49
139.200000 139.936000 56
140.096000 140.320000 61
140.608000 140.672000 57
140.896000 141.888000 57
143.808000 143.936000 50
143.936000 144.192000 54
144.320000 144.416000 56
144.640000 145.120000 57
145.248000 146.240000 54
146.336000 146.784000 54
147.392000 147.680000 54
147.776000 147.968000 57
148.096000 149.728000 59
150.496000 150.816000 54
150.816000 151.040000 59
151.264000 152.704000 62
153.184000 153.344000 59
153.472000 153.760000 61
153.760000 154.016000 57
154.272000 154.528000 57
154.720000 155.328000 61
155.520000 156.160000 59
156.768000 157.312000 59
157.408000 157.792000 61
158.048000 158.912000 59
159.424000 159.616000 54
159.808000 160.576000 57
160.672000 160.992000 61
161.120000 161.312000 59
161.504000 161.792000 57
161.984000 162.752000 56
163.616000 163.680000 56
163.744000 163.776000 56
163.840000 164.000000 57
164.128000 164.288000 56
164.384000 164.704000 52
164.928000 166.144000 56
166.624000 167.360000 54
167.424000 167.488000 58
167.488000 167.808000 64
168.000000 168.512000 61
168.640000 169.696000 59
170.080000 170.784000 59
171.424000 171.840000 59
171.840000 173.440000 62
173.728000 173.984000 59
173.984000 174.368000 61
174.368000 174.592000 57
174.848000 175.136000 57
175.264000 175.968000 61
176.128000 176.896000 59
177.408000 177.664000 59
177.824000 178.528000 61
178.688000 179.584000 59
179.872000 180.864000 57
180.864000 182.016000 61
182.016000 183.392000 58
184.288000 184.992000 59
185.088000 185.280000 59
185.504000 186.336000 56
186.560000 186.720000 54
187.264000 187.552000 54
187.712000 188.128000 55
188.128000 189.344000 64
189.344000 191.040000 59
191.488000 191.840000 61
191.968000 194.496000 57
195.008000 195.232000 53
195.232000 195.360000 55
195.360000 195.616000 59
195.872000 197.280000 62
197.472000 197.600000 59
197.728000 198.336000 61
198.816000 199.168000 57
199.360000 200.032000 61
200.160000 200.704000 59
201.376000 202.496000 61
202.688000 202.912000 59
203.168000 203.584000 57
203.968000 204.256000 54
204.448000 204.704000 56
204.832000 205.184000 57
205.280000 205.440000 59
205.440000 205.632000 61
205.728000 205.920000 59
206.144000 206.432000 57
206.688000 207.392000 56
208.224000 208.864000 57
208.864000 209.216000 53
209.408000 210.880000 57
211.200000 211.968000 54
212.128000 212.416000 64
212.576000 214.336000 62
214.560000 214.624000 57
214.624000 215.328000 64
216.000000 216.352000 59
216.352000 219.072000 62
219.424000 219.648000 57
219.872000 220.256000 66
220.480000 220.640000 64
220.704000 220.832000 64
220.832000 221.216000 69
221.216000 222.240000 64
222.336000 222.976000 61
223.072000 224.160000 61
224.160000 224.448000 57
224.576000 224.960000 54
224.960000 225.312000 56
225.312000 226.528000 61
226.688000 228.352000 57
228.832000 229.312000 57
229.312000 229.856000 56
230.048000 230.176000 54
230.176000 230.816000 57
230.816000 231.392000 54
231.616000 231.776000 57
231.776000 232.032000 55
232.320000 232.608000 55
232.608000 235.936000 65
236.160000 239.296000 57
243.040000 243.200000 59
243.200000 244.064000 61
244.064000 245.728000 59
247.136000 247.712000 57
248.288000 252.000000 57
