5.152000 5.312000 63
7.264000 7.584000 63
7.616000 8.032000 64
8.736000 8.864000 67
11.648000 11.808000 68
11.808000 11.936000 62
11.936000 14.080000 66
14.080000 14.240000 61
35.680000 36.000000 64
36.064000 36.128000 61
36.128000 37.056000 64
37.056000 39.168000 64
39.456000 39.680000 62
39.680000 40.096000 65
40.224000 40.416000 59
40.512000 41.184000 59
41.312000 41.760000 56
41.760000 41.952000 54
42.048000 43.776000 57
44.736000 45.120000 59
45.120000 46.144000 64
46.240000 46.400000 62
46.528000 47.488000 66
47.776000 48.032000 59
48.032000 48.288000 62
48.288000 49.088000 61
49.312000 49.504000 59
49.504000 49.888000 57
50.080000 51.104000 54
52.480000 52.768000 53
52.768000 52.928000 56
53.088000 53.408000 53
53.504000 53.856000 56
53.856000 54.016000 56
54.016000 54.496000 57
54.496000 54.912000 59
54.912000 55.008000 60
55.008000 56.768000 64
56.960000 57.728000 66
57.760000 57.952000 64
57.952000 59.264000 64
59.264000 59.360000 59
59.872000 59.904000 59
59.936000 60.000000 58
60.064000 60.096000 58
60.160000 60.224000 59
60.256000 60.416000 59
60.448000 60.800000 59
61.344000 61.920000 59
61.920000 62.944000 57
63.200000 63.648000 57
63.712000 63.840000 52
64.032000 64.096000 49
64.224000 64.480000 50
64.832000 64.864000 48
64.928000 65.152000 48
65.568000 65.984000 52
66.176000 66.464000 60
66.624000 66.816000 55
66.944000 67.104000 55
67.456000 67.552000 56
67.776000 68.000000 52
68.832000 68.896000 59
70.656000 70.784000 69
71.200000 71.392000 64
95.104000 96.608000 59
96.608000 98.048000 64
98.048000 99.712000 64
100.000000 100.608000 65
100.736000 100.928000 59
101.056000 101.696000 59
101.824000 102.240000 57
102.240000 102.560000 53
102.560000 104.128000 57
104.992000 105.088000 58
105.280000 105.632000 59
105.632000 105.856000 62
105.984000 106.176000 64
106.176000 106.528000 63
106.528000 106.944000 62
107.072000 107.872000 64
108.288000 108.544000 59
108.544000 108.768000 62
108.768000 109.600000 61
109.824000 109.984000 59
109.984000 110.336000 58
110.624000 111.616000 54
111.712000 112.256000 52
112.992000 113.248000 52
113.248000 113.568000 56
113.568000 114.016000 53
114.016000 114.816000 58
115.072000 115.456000 59
115.456000 116.416000 64
116.416000 117.280000 64
117.504000 117.824000 66
117.920000 118.144000 66
118.240000 118.432000 65
118.432000 119.264000 64
119.360000 119.456000 64
119.456000 119.616000 62
119.616000 119.872000 59
120.032000 120.224000 59
120.512000 120.960000 59
121.824000 122.048000 57
122.048000 122.272000 60
122.272000 123.424000 57
123.424000 123.520000 59
123.680000 123.936000 57
123.936000 124.192000 56
124.192000 124.352000 52
124.512000 124.608000 50
124.736000 124.800000 50
126.080000 126.432000 52
126.624000 126.912000 59
126.912000 127.328000 58
128.000000 128.768000 52
129.152000 129.536000 52
132.544000 132.768000 49
133.088000 133.344000 50
133.344000 133.568000 50
133.568000 133.984000 53
135.616000 135.744000 67
135.904000 136.000000 67
136.160000 136.704000 56
137.152000 137.536000 53
137.728000 138.240000 51
139.456000 139.840000 58
141.376000 141.696000 54
141.984000 142.336000 69
142.624000 142.720000 57
143.616000 143.712000 58
144.000000 144.032000 55
144.256000 144.512000 54
145.344000 145.504000 48
145.696000 145.792000 53
146.080000 146.240000 48
146.400000 146.496000 58
146.496000 146.560000 55
147.520000 147.840000 65
148.928000 150.080000 56
150.080000 150.944000 59
150.944000 151.136000 62
151.136000 151.840000 62
151.840000 152.704000 64
152.928000 153.056000 63
153.056000 153.344000 66
153.440000 153.664000 66
153.792000 154.720000 64
154.816000 155.136000 64
155.136000 155.360000 59
155.520000 155.808000 59
155.840000 155.872000 58
155.936000 156.288000 59
156.352000 156.384000 58
156.416000 156.768000 59
157.408000 157.888000 59
157.888000 158.464000 55
158.464000 159.008000 60
159.168000 159.424000 57
159.424000 159.616000 56
159.616000 159.808000 51
160.032000 160.096000 49
160.512000 160.544000 47
161.472000 161.952000 52
162.176000 162.432000 59
162.432000 162.592000 56
162.656000 162.784000 55
162.880000 163.136000 55
163.328000 163.680000 57
163.680000 164.096000 52
164.192000 164.224000 52
164.256000 164.480000 51
166.624000 166.784000 67
184.320000 185.728000 64
186.112000 186.240000 61
187.776000 187.808000 54
