37.888000 39.840000 56
39.968000 40.608000 56
41.376000 41.504000 49
41.728000 42.304000 51
43.296000 43.744000 54
43.936000 44.128000 54
44.128000 44.288000 52
44.768000 44.864000 54
44.960000 45.888000 56
46.016000 46.176000 56
46.176000 46.912000 59
47.776000 48.224000 61
48.544000 49.248000 52
50.496000 50.720000 56
50.720000 51.264000 61
51.392000 51.776000 56
51.904000 52.064000 57
52.160000 52.384000 55
53.952000 54.112000 48
54.208000 54.400000 58
54.400000 54.528000 59
54.624000 54.816000 58
55.136000 55.424000 54
55.552000 55.680000 56
55.808000 56.480000 56
57.216000 57.440000 52
57.600000 57.856000 57
57.984000 58.144000 56
58.272000 58.400000 52
58.560000 59.488000 54
60.544000 60.864000 55
60.992000 61.536000 54
61.664000 62.112000 61
62.272000 62.464000 59
62.560000 62.752000 54
62.752000 62.944000 56
63.136000 63.584000 54
64.224000 64.448000 53
64.448000 64.832000 55
65.216000 66.112000 56
66.208000 66.496000 56
66.624000 67.584000 56
67.776000 68.448000 56
69.024000 69.216000 50
69.344000 70.048000 52
70.912000 71.200000 55
71.296000 71.520000 55
72.160000 72.224000 53
72.384000 72.960000 56
73.088000 73.344000 56
73.792000 74.464000 59
74.976000 75.296000 59
75.296000 75.648000 61
75.872000 76.064000 55
76.064000 76.832000 54
77.856000 77.984000 50
78.144000 78.784000 61
78.784000 79.328000 57
79.424000 80.608000 57
81.376000 81.472000 58
81.568000 82.176000 59
82.176000 82.336000 54
82.496000 82.752000 54
82.848000 83.808000 56
84.736000 84.992000 52
84.992000 85.280000 57
85.376000 85.536000 56
85.664000 85.792000 52
85.888000 87.072000 54
87.552000 87.808000 52
87.808000 88.800000 57
88.896000 89.152000 53
89.408000 89.632000 61
89.632000 89.888000 59
89.984000 90.112000 54
90.112000 90.496000 56
90.496000 90.944000 59
91.232000 91.520000 57
91.520000 91.808000 59
91.808000 93.024000 63
93.152000 93.440000 64
93.600000 93.888000 56
93.984000 94.432000 59
94.880000 95.168000 59
95.264000 95.840000 66
96.032000 96.416000 63
96.544000 97.184000 64
97.312000 97.408000 63
97.408000 97.536000 62
97.536000 98.016000 59
98.272000 99.520000 61
99.840000 100.064000 59
100.192000 100.448000 55
100.448000 100.544000 50
101.568000 101.888000 52
102.016000 102.208000 55
102.208000 102.656000 57
102.656000 102.848000 56
102.848000 103.424000 64
103.712000 103.904000 61
104.000000 104.576000 61
104.864000 104.992000 54
104.992000 105.376000 60
105.376000 106.560000 63
106.656000 107.008000 64
107.136000 107.392000 64
107.392000 107.904000 62
108.288000 108.608000 59
108.736000 109.120000 66
109.216000 109.376000 64
109.536000 110.176000 64
110.304000 110.688000 63
110.848000 111.072000 62
111.808000 111.936000 57
111.936000 112.256000 61
112.352000 113.344000 59
113.664000 113.856000 58
113.856000 114.112000 59
114.112000 114.688000 62
114.688000 115.360000 64
115.840000 116.000000 54
116.096000 116.256000 56
116.416000 116.640000 57
116.832000 118.112000 63
118.432000 118.976000 57
119.040000 119.776000 52
120.832000 121.056000 54
121.248000 122.272000 55
122.272000 123.328000 52
135.136000 137.536000 58
137.728000 138.336000 56
139.424000 139.584000 50
140.640000 140.768000 51
140.864000 141.152000 54
141.280000 141.504000 54
141.728000 141.792000 55
141.984000 142.272000 54
142.368000 142.944000 56
143.040000 143.296000 56
143.456000 143.616000 62
143.744000 144.608000 59
144.960000 145.184000 60
145.184000 145.600000 63
146.112000 146.368000 55
147.968000 148.000000 52
148.224000 148.480000 61
148.576000 148.800000 59
148.800000 149.056000 57
149.120000 149.312000 56
149.440000 150.432000 57
150.752000 151.520000 63
151.648000 152.096000 59
152.096000 152.384000 56
152.512000 154.144000 56
155.040000 155.232000 57
155.392000 155.488000 56
155.648000 156.768000 54
157.536000 157.600000 48
157.600000 157.792000 51
157.792000 158.848000 54
158.976000 159.200000 52
159.360000 159.712000 68
159.712000 159.904000 64
160.032000 160.864000 61
160.864000 161.056000 58
161.312000 161.824000 59
161.824000 163.008000 63
163.168000 163.392000 64
163.392000 163.456000 61
163.584000 163.872000 56
163.968000 164.352000 59
164.640000 165.056000 59
165.056000 165.792000 66
165.984000 167.200000 64
167.296000 167.392000 63
167.392000 167.488000 62
167.488000 168.128000 62
168.288000 169.728000 62
169.760000 170.144000 59
170.144000 170.400000 56
170.400000 170.752000 51
171.776000 171.872000 51
172.032000 172.928000 56
172.960000 173.248000 61
173.248000 173.440000 64
173.664000 173.888000 61
173.984000 174.432000 61
174.432000 174.528000 57
174.912000 175.200000 59
175.424000 176.576000 63
176.704000 176.992000 64
177.152000 177.408000 56
177.504000 177.888000 60
178.016000 178.368000 54
178.368000 178.752000 59
178.752000 179.168000 66
179.328000 179.488000 64
179.648000 180.224000 64
180.320000 180.672000 63
180.832000 180.928000 62
180.928000 181.344000 61
181.952000 182.144000 61
182.144000 182.304000 61
182.400000 183.424000 59
183.616000 184.320000 61
184.416000 184.608000 59
184.704000 185.312000 66
185.824000 186.272000 56
186.400000 186.656000 57
186.752000 187.744000 61
188.416000 188.928000 57
189.056000 189.472000 52
190.816000 191.040000 54
191.168000 192.384000 55
192.384000 195.616000 64
207.936000 208.480000 67
208.800000 208.928000 64
210.912000 210.976000 66
210.976000 211.296000 67
211.296000 212.736000 71
213.408000 214.048000 64
216.064000 216.128000 61
216.128000 216.352000 64
216.352000 219.424000 67
219.424000 220.640000 63
220.768000 221.024000 64
221.600000 222.048000 58
222.208000 222.336000 56
222.432000 222.848000 59
222.848000 223.424000 66
223.584000 224.032000 63
224.128000 224.320000 64
224.320000 224.800000 63
224.960000 225.152000 62
225.152000 225.312000 60
225.920000 226.560000 59
226.656000 227.232000 61
227.424000 227.648000 59
227.776000 227.872000 55
227.872000 228.032000 54
228.032000 228.288000 51
229.184000 229.504000 51
229.664000 229.856000 54
229.856000 230.240000 55
230.240000 230.464000 57
230.464000 231.008000 64
231.136000 231.872000 68
231.872000 232.192000 67
232.192000 232.352000 67
232.576000 232.672000 56
232.672000 232.896000 59
233.024000 234.176000 63
234.304000 234.592000 64
234.720000 235.008000 56
235.104000 236.320000 59
236.320000 236.416000 65
236.416000 236.800000 66
236.960000 237.088000 64
237.280000 237.408000 61
237.408000 237.824000 64
237.920000 238.112000 66
238.304000 238.464000 66
238.464000 239.232000 68
239.552000 240.224000 60
240.224000 241.024000 57
241.152000 242.144000 61
242.272000 242.656000 64
243.456000 243.616000 54
243.712000 243.904000 56
244.032000 244.256000 57
244.384000 244.544000 57
244.544000 245.344000 61
245.984000 246.624000 57
246.624000 246.944000 53
248.576000 248.768000 54
248.960000 250.016000 55
250.016000 251.328000 52
