18.432000 19.232000 54
19.456000 19.808000 57
19.872000 20.000000 51
20.320000 20.416000 49
20.544000 21.024000 51
23.008000 23.168000 60
23.296000 23.712000 57
23.712000 24.512000 56
25.152000 25.472000 50
25.888000 26.240000 59
26.240000 27.872000 57
29.376000 29.696000 52
29.824000 29.952000 49
29.952000 30.208000 48
30.304000 30.464000 46
30.592000 30.880000 46
31.328000 32.992000 56
33.088000 33.184000 52
33.856000 34.912000 55
36.224000 36.512000 51
36.672000 36.864000 49
36.992000 37.856000 46
37.952000 38.272000 45
38.464000 39.104000 48
40.064000 40.160000 55
40.192000 40.416000 57
40.544000 40.768000 56
40.928000 41.504000 58
41.600000 41.728000 55
41.920000 42.528000 50
43.712000 47.136000 57
47.200000 47.328000 54
47.520000 48.480000 53
48.640000 48.896000 53
49.120000 49.312000 55
50.304000 50.560000 60
50.560000 51.072000 59
53.280000 53.344000 61
53.728000 53.952000 59
53.952000 55.264000 57
56.960000 57.120000 54
57.440000 57.856000 48
57.888000 58.368000 46
58.816000 59.104000 57
59.104000 59.264000 55
60.256000 60.704000 50
60.704000 61.376000 52
61.376000 62.272000 55
67.488000 68.064000 57
68.384000 68.512000 57
68.768000 69.920000 57
71.296000 73.088000 59
73.312000 73.600000 57
73.600000 73.792000 56
73.952000 74.240000 52
74.240000 74.272000 53
74.272000 76.160000 55
76.160000 77.504000 58
78.208000 80.160000 62
80.160000 80.608000 57
80.768000 82.720000 57
83.584000 83.744000 64
83.776000 83.840000 59
83.872000 83.936000 59
84.096000 84.128000 59
84.192000 84.224000 59
85.248000 85.312000 62
85.824000 86.112000 62
86.304000 87.136000 62
87.648000 87.936000 56
88.064000 88.480000 48
88.512000 88.576000 52
88.800000 89.376000 53
89.472000 89.664000 59
89.760000 90.048000 54
90.176000 90.528000 55
90.912000 91.136000 50
91.296000 91.584000 55
91.648000 92.128000 59
92.384000 92.768000 60
93.728000 93.920000 55
94.944000 95.136000 50
95.360000 95.488000 48
95.552000 95.680000 48
96.672000 96.928000 59
96.928000 97.600000 57
98.048000 98.208000 55
98.304000 98.560000 57
98.656000 99.232000 64
99.328000 99.680000 57
99.776000 101.024000 62
101.280000 101.600000 55
101.856000 102.016000 52
102.112000 102.816000 53
102.944000 103.264000 60
103.392000 103.488000 54
103.840000 104.288000 55
104.576000 104.768000 53
104.768000 105.664000 56
105.920000 105.984000 58
105.984000 106.464000 61
106.624000 106.752000 56
106.848000 106.976000 54
107.040000 107.168000 54
107.328000 107.616000 55
108.800000 108.928000 49
108.992000 109.152000 48
110.240000 110.688000 60
110.688000 111.072000 57
111.680000 111.744000 55
111.744000 111.968000 56
111.968000 114.048000 60
114.432000 114.976000 62
115.040000 118.112000 62
129.280000 131.552000 55
131.648000 132.672000 57
133.120000 134.112000 52
134.464000 135.040000 67
135.264000 135.808000 62
135.904000 136.192000 60
136.192000 136.704000 59
138.496000 139.008000 50
139.328000 139.552000 59
139.552000 140.768000 57
142.464000 142.752000 55
143.040000 143.296000 46
143.424000 144.032000 46
144.384000 144.704000 57
144.704000 144.992000 54
145.152000 145.280000 55
145.440000 145.728000 55
145.856000 146.304000 50
146.304000 146.848000 51
146.848000 147.776000 55
149.152000 149.536000 51
149.632000 149.728000 50
149.728000 151.072000 48
153.024000 153.664000 57
153.920000 155.488000 57
156.864000 158.720000 59
158.912000 159.328000 57
159.488000 159.616000 54
159.616000 159.808000 52
159.808000 160.672000 55
160.768000 160.864000 53
160.960000 161.184000 55
161.312000 161.600000 55
161.728000 163.168000 58
163.712000 164.736000 60
164.800000 165.024000 61
165.024000 165.376000 62
165.376000 165.632000 60
165.728000 166.208000 57
166.368000 168.576000 57
169.184000 169.248000 65
169.248000 169.344000 67
169.728000 169.824000 60
169.984000 170.176000 61
170.592000 170.688000 59
171.264000 171.360000 62
171.968000 172.800000 62
173.184000 173.504000 56
173.600000 173.792000 63
173.824000 174.336000 65
174.496000 174.528000 59
174.720000 175.232000 60
175.392000 175.584000 55
175.776000 176.064000 55
176.480000 176.736000 50
176.864000 177.024000 55
177.216000 177.728000 58
177.920000 178.144000 60
178.272000 178.368000 62
178.880000 178.976000 55
179.328000 179.488000 57
180.512000 181.088000 50
181.120000 181.472000 49
182.240000 182.496000 59
182.496000 183.232000 57
183.616000 183.776000 55
183.872000 184.224000 59
184.224000 184.832000 64
184.928000 185.248000 58
185.344000 186.560000 62
186.880000 186.976000 55
187.744000 187.776000 52
187.872000 187.904000 50
188.128000 188.320000 48
188.480000 188.608000 52
188.960000 189.440000 55
189.632000 189.824000 55
190.240000 190.528000 55
190.656000 190.848000 55
190.944000 191.072000 57
191.744000 191.936000 60
192.832000 193.056000 55
193.312000 193.376000 54
194.240000 194.528000 49
194.624000 194.784000 48
195.776000 196.288000 60
196.288000 196.704000 57
196.736000 197.120000 54
197.248000 197.408000 55
197.408000 197.568000 56
197.568000 199.712000 60
200.192000 200.448000 62
200.768000 200.960000 48
201.056000 203.712000 48
204.512000 204.992000 52
205.248000 205.664000 52
205.856000 206.048000 60
206.208000 206.464000 55
206.528000 206.592000 54
206.624000 206.848000 55
207.296000 207.552000 50
208.416000 208.512000 57
208.672000 209.088000 60
209.536000 209.856000 55
209.952000 210.272000 55
211.296000 211.584000 50
211.616000 211.648000 48
211.712000 211.904000 48
212.000000 212.192000 47
213.088000 213.344000 59
213.344000 214.016000 57
214.464000 214.688000 56
214.688000 214.912000 57
215.072000 215.424000 64
215.520000 215.840000 64
215.840000 216.160000 57
216.160000 217.408000 62
217.664000 217.920000 55
218.080000 219.456000 65
219.456000 219.680000 60
219.808000 220.672000 55
221.088000 221.184000 52
221.216000 221.280000 52
221.440000 221.728000 55
221.760000 222.272000 57
222.368000 222.816000 59
223.200000 223.968000 55
224.512000 224.608000 52
224.704000 224.928000 51
225.088000 225.344000 49
225.408000 225.632000 47
226.592000 226.752000 57
226.752000 227.040000 60
227.040000 227.712000 58
227.744000 227.904000 55
228.064000 228.320000 56
228.320000 230.848000 60
232.544000 236.000000 62
