18.080000 19.712000 57
19.808000 20.256000 57
20.352000 20.544000 57
20.640000 21.024000 57
21.184000 21.344000 59
22.144000 22.400000 53
22.688000 23.232000 55
26.432000 27.072000 57
27.168000 27.328000 57
27.424000 28.096000 57
28.192000 28.352000 57
28.448000 29.408000 57
29.504000 29.952000 58
29.952000 30.208000 60
30.432000 30.752000 55
31.072000 31.616000 52
34.176000 34.240000 53
34.240000 35.744000 59
35.744000 36.192000 64
36.192000 38.048000 58
38.400000 39.104000 57
39.200000 39.584000 56
39.680000 39.776000 57
39.904000 40.352000 64
40.448000 40.672000 55
40.672000 41.472000 54
42.496000 42.624000 55
42.624000 44.128000 61
44.128000 44.608000 64
44.704000 45.344000 57
45.632000 45.888000 55
46.208000 46.336000 52
46.336000 46.688000 55
47.232000 48.512000 50
51.424000 52.896000 57
52.992000 54.272000 57
54.784000 54.976000 49
54.976000 55.584000 52
55.584000 55.936000 53
56.064000 57.216000 55
57.536000 57.664000 55
59.744000 59.808000 54
59.808000 60.704000 57
60.800000 61.216000 57
61.312000 62.592000 57
62.880000 63.520000 59
63.648000 64.352000 55
64.448000 65.184000 53
65.312000 65.408000 52
67.552000 69.152000 58
69.152000 69.568000 64
69.696000 71.392000 57
71.744000 72.704000 57
72.800000 73.184000 57
73.184000 73.280000 59
73.280000 74.112000 64
74.496000 74.880000 53
75.904000 77.120000 57
77.216000 77.408000 57
77.408000 77.440000 58
77.440000 77.920000 64
78.016000 78.688000 57
79.040000 79.296000 55
79.584000 79.648000 52
79.648000 81.120000 55
81.120000 81.408000 52
81.472000 81.792000 51
81.920000 82.112000 50
82.112000 82.400000 52
82.752000 82.944000 52
83.360000 83.488000 55
83.488000 83.648000 60
83.744000 85.024000 60
85.376000 86.016000 60
86.112000 86.496000 60
86.560000 87.072000 60
87.392000 88.064000 59
88.160000 88.384000 59
88.480000 88.992000 59
89.280000 90.240000 59
90.400000 90.784000 58
90.784000 91.008000 60
91.008000 91.808000 59
92.032000 92.160000 57
92.320000 93.376000 60
93.664000 94.112000 60
94.272000 94.432000 60
94.464000 94.912000 60
95.040000 95.456000 60
95.776000 96.960000 59
97.056000 97.280000 60
97.280000 97.504000 58
97.600000 98.016000 57
98.112000 98.304000 56
98.304000 99.104000 59
99.104000 99.360000 64
99.424000 99.680000 57
99.840000 100.160000 57
100.256000 100.480000 57
100.704000 100.896000 60
100.992000 101.664000 60
101.984000 102.592000 60
102.848000 103.776000 60
104.096000 104.544000 59
104.672000 106.720000 59
107.008000 107.552000 61
107.552000 108.096000 62
108.320000 108.704000 62
108.832000 109.120000 64
109.120000 111.072000 61
112.128000 112.384000 52
112.512000 112.608000 51
112.832000 112.928000 52
114.016000 116.544000 57
116.640000 116.832000 57
117.600000 118.112000 51
118.112000 118.560000 52
118.720000 118.944000 55
122.336000 122.400000 53
122.400000 123.296000 57
123.392000 123.840000 57
123.936000 125.184000 57
125.504000 126.144000 59
126.304000 126.944000 55
127.072000 127.776000 53
130.144000 131.776000 61
131.776000 132.160000 64
132.288000 132.992000 57
133.280000 134.048000 55
134.336000 134.464000 55
134.464000 135.872000 58
135.872000 136.736000 64
136.992000 137.184000 62
138.528000 139.712000 57
139.840000 140.000000 57
140.096000 140.288000 63
140.288000 140.512000 64
140.608000 141.312000 57
141.632000 141.888000 55
142.208000 142.272000 52
142.272000 143.744000 55
143.744000 144.000000 52
144.096000 144.416000 51
144.544000 144.992000 52
146.112000 146.272000 60
146.368000 147.648000 60
147.936000 148.608000 60
148.704000 149.120000 60
149.248000 149.664000 60
150.080000 150.112000 59
150.272000 150.976000 59
151.072000 151.616000 59
151.840000 152.000000 59
152.096000 152.832000 59
152.896000 153.024000 59
153.024000 153.984000 60
153.984000 154.432000 57
154.624000 154.880000 57
154.944000 156.000000 60
156.256000 156.640000 60
156.864000 156.960000 60
157.088000 157.536000 60
157.632000 158.080000 60
158.368000 159.584000 59
159.680000 159.872000 60
160.000000 160.096000 57
160.224000 161.760000 62
161.760000 162.016000 64
162.016000 162.784000 58
162.944000 163.104000 57
163.360000 164.288000 60
164.608000 165.152000 60
165.440000 165.536000 60
165.568000 166.368000 60
166.720000 167.168000 59
167.264000 168.128000 57
168.128000 168.704000 59
168.800000 168.992000 57
169.120000 169.312000 59
169.536000 169.664000 60
169.664000 170.080000 60
170.080000 170.528000 62
170.624000 170.720000 60
170.944000 171.392000 62
171.424000 171.680000 64
171.776000 173.664000 61
174.784000 174.944000 52
182.112000 182.464000 57
188.832000 189.344000 67
189.344000 190.080000 64
197.280000 197.408000 62
197.792000 198.016000 61
206.080000 206.336000 63
206.464000 206.560000 63
207.744000 207.840000 64
208.192000 208.768000 64
208.768000 209.344000 60
209.504000 210.240000 60
210.560000 212.256000 60
212.608000 214.208000 59
214.496000 214.912000 59
215.008000 215.552000 59
215.616000 216.000000 58
216.000000 216.224000 60
216.224000 217.024000 59
217.248000 217.376000 57
217.568000 218.592000 60
218.880000 219.328000 60
219.456000 219.648000 60
219.712000 220.128000 60
220.288000 220.640000 60
220.992000 222.176000 59
222.272000 222.496000 60
222.592000 222.720000 57
222.912000 223.232000 57
223.328000 223.552000 56
223.552000 225.920000 64
225.920000 226.880000 60
227.232000 227.808000 60
228.032000 228.992000 60
229.312000 229.760000 59
229.888000 231.904000 59
232.160000 232.736000 61
232.736000 233.312000 62
233.568000 233.920000 62
234.048000 234.304000 64
234.464000 236.288000 60
236.960000 237.056000 52
237.152000 237.568000 52
237.728000 237.792000 52
254.336000 254.592000 52
