7.040000 7.104000 59
7.104000 7.200000 60
7.200000 7.264000 60
7.264000 7.328000 61
7.328000 7.584000 62
7.584000 8.704000 67
8.960000 9.152000 61
9.152000 9.824000 64
9.920000 10.112000 67
10.272000 10.400000 64
11.072000 11.232000 64
11.328000 11.680000 69
11.808000 12.352000 69
12.352000 12.928000 67
12.928000 13.504000 64
14.144000 14.272000 61
14.400000 16.352000 62
16.448000 16.640000 60
17.888000 19.616000 63
19.744000 21.152000 65
22.112000 22.272000 60
22.272000 23.040000 64
23.040000 23.168000 65
23.328000 23.584000 64
23.808000 24.192000 61
24.192000 24.608000 63
24.608000 25.024000 67
25.216000 25.568000 64
26.080000 26.304000 65
26.304000 26.656000 69
26.784000 27.104000 69
27.264000 27.488000 67
27.584000 28.384000 65
29.088000 29.280000 63
29.376000 29.984000 62
30.144000 30.880000 62
31.008000 31.520000 64
32.896000 33.344000 63
33.344000 34.624000 62
34.720000 36.064000 65
37.376000 37.440000 62
37.472000 37.536000 63
37.536000 38.400000 72
38.496000 38.752000 69
38.752000 39.648000 68
39.648000 40.288000 68
40.384000 40.576000 69
40.672000 40.992000 71
41.088000 41.152000 71
41.152000 41.920000 74
42.016000 42.176000 69
42.272000 43.072000 69
43.072000 43.520000 64
44.576000 44.768000 60
44.768000 45.024000 62
45.024000 45.600000 65
45.792000 46.080000 64
46.464000 46.848000 62
46.944000 47.072000 63
47.072000 47.392000 64
47.392000 47.712000 69
47.712000 48.128000 64
48.544000 48.704000 64
48.832000 49.952000 72
50.080000 50.176000 72
50.176000 50.528000 74
50.528000 51.008000 72
51.584000 51.744000 67
51.840000 52.160000 70
52.160000 52.832000 72
52.832000 53.920000 67
53.984000 54.208000 63
54.208000 54.272000 59
54.464000 55.008000 59
55.008000 55.648000 55
56.064000 57.312000 57
57.472000 58.336000 66
59.104000 59.360000 67
59.360000 59.584000 69
59.584000 60.032000 72
60.032000 60.512000 69
60.512000 60.896000 60
60.992000 61.568000 62
61.664000 62.016000 71
62.016000 62.272000 67
62.400000 62.752000 68
62.848000 63.232000 71
63.360000 63.488000 72
63.584000 64.384000 69
64.512000 64.608000 67
64.768000 64.896000 67
65.024000 65.248000 67
65.248000 65.984000 66
66.624000 66.784000 67
66.880000 67.104000 69
67.104000 67.456000 72
67.584000 68.832000 72
69.024000 70.656000 62
70.944000 71.232000 54
71.232000 71.456000 55
71.584000 72.800000 57
73.024000 73.696000 64
74.560000 75.456000 65
75.552000 75.840000 67
76.000000 76.224000 65
76.352000 77.696000 63
78.144000 80.032000 67
80.064000 80.352000 64
80.672000 81.024000 62
81.152000 81.952000 65
82.080000 83.328000 67
84.000000 84.800000 64
84.800000 85.728000 64
85.824000 86.144000 63
86.304000 86.656000 63
86.720000 86.784000 63
90.080000 90.176000 62
90.400000 90.592000 67
90.816000 91.040000 67
91.072000 91.488000 64
92.288000 93.312000 65
93.312000 94.528000 72
94.528000 95.200000 67
97.056000 97.184000 60
97.344000 97.440000 62
97.568000 97.920000 64
98.016000 98.080000 65
98.080000 98.368000 67
98.368000 98.624000 64
98.944000 99.328000 62
99.456000 99.808000 64
99.904000 100.096000 66
100.224000 100.608000 64
101.088000 101.312000 65
101.312000 102.144000 69
102.240000 102.496000 67
102.496000 102.816000 65
102.976000 103.424000 64
104.064000 104.512000 63
104.512000 104.928000 60
105.056000 105.824000 62
105.984000 106.464000 64
106.464000 106.880000 60
107.840000 109.632000 62
109.760000 110.080000 64
110.176000 110.336000 64
110.336000 111.040000 68
111.040000 111.552000 63
112.288000 112.992000 60
112.992000 113.888000 59
114.240000 115.264000 56
115.392000 115.552000 57
115.680000 115.968000 59
116.096000 116.320000 59
116.320000 116.608000 60
116.608000 116.864000 70
117.056000 117.088000 69
117.280000 118.016000 69
118.016000 118.688000 64
119.104000 119.552000 69
119.648000 119.808000 68
119.808000 120.608000 65
120.800000 121.184000 65
121.472000 121.632000 60
121.728000 121.856000 62
121.952000 122.080000 63
122.080000 122.336000 65
122.336000 122.688000 69
122.688000 123.104000 64
123.552000 123.744000 64
123.872000 124.928000 60
125.088000 125.568000 62
125.568000 126.208000 59
126.592000 126.752000 67
126.848000 127.136000 70
127.136000 127.456000 72
127.520000 128.832000 72
128.960000 129.280000 63
129.472000 130.624000 59
130.912000 130.944000 53
131.104000 132.512000 60
132.512000 132.960000 66
133.088000 133.344000 64
133.600000 134.176000 65
134.176000 134.368000 67
134.368000 135.264000 72
135.520000 135.904000 60
136.096000 136.576000 62
136.672000 136.896000 70
136.928000 137.248000 68
137.440000 137.728000 67
137.856000 138.272000 71
138.592000 139.648000 69
139.744000 139.936000 67
140.032000 140.256000 67
140.256000 140.832000 65
141.600000 141.760000 67
141.856000 142.112000 69
142.112000 142.464000 72
142.592000 143.872000 72
144.000000 144.896000 72
144.896000 146.048000 65
146.176000 147.808000 57
147.936000 148.000000 63
148.000000 148.640000 64
148.640000 149.344000 63
149.568000 150.464000 65
150.560000 150.848000 67
151.040000 151.168000 65
151.168000 152.672000 64
152.672000 153.152000 61
153.376000 153.504000 65
153.600000 154.368000 65
154.496000 155.008000 66
155.072000 155.328000 64
155.616000 156.032000 62
156.128000 156.928000 65
157.056000 157.568000 67
157.568000 158.848000 67
158.848000 159.360000 66
159.456000 160.512000 64
160.672000 160.896000 60
161.056000 161.088000 63
161.184000 161.568000 63
161.696000 161.856000 63
162.208000 162.272000 64
162.272000 163.008000 67
163.008000 163.136000 64
163.680000 163.776000 60
164.320000 164.576000 60
164.992000 165.088000 62
165.184000 165.568000 66
165.696000 166.048000 64
166.048000 166.528000 67
166.528000 167.232000 63
167.456000 167.616000 60
167.968000 168.352000 60
168.480000 169.664000 60
169.792000 169.856000 65
169.856000 170.208000 67
170.208000 170.720000 64
171.584000 171.840000 59
172.064000 172.224000 60
172.320000 172.448000 60
172.608000 172.992000 59
173.088000 173.568000 60
173.696000 174.432000 62
174.464000 176.352000 67
176.352000 177.440000 72
177.536000 177.728000 67
178.176000 178.272000 76
178.592000 179.008000 76
179.616000 180.864000 60
181.024000 182.208000 64
182.880000 183.648000 65
183.776000 183.936000 62
183.936000 185.024000 64
185.216000 185.504000 62
185.632000 186.144000 60
186.272000 186.528000 61
187.328000 187.424000 60
187.552000 187.744000 62
187.840000 188.096000 63
188.256000 190.528000 63
190.624000 192.832000 60
192.992000 193.408000 62
194.080000 194.144000 67
194.144000 194.336000 67
194.336000 194.656000 70
194.656000 195.008000 72
195.168000 196.832000 63
196.992000 198.208000 59
198.592000 200.416000 57
200.992000 201.088000 60
201.248000 201.440000 63
201.632000 201.696000 65
201.696000 202.560000 71
202.688000 203.424000 71
203.520000 203.968000 68
204.032000 204.192000 67
204.192000 204.512000 71
204.512000 204.800000 67
204.896000 205.344000 67
205.344000 205.696000 71
206.016000 206.240000 67
206.368000 206.688000 67
206.752000 207.136000 67
207.264000 207.776000 67
207.776000 208.000000 65
208.192000 208.896000 62
209.088000 209.280000 67
209.376000 209.696000 69
209.696000 211.584000 63
212.000000 212.224000 64
212.480000 213.600000 64
213.760000 215.264000 57
215.328000 215.392000 57
215.392000 215.456000 57
215.648000 215.776000 64
215.904000 216.032000 63
216.128000 216.480000 64
216.480000 217.152000 63
217.152000 218.336000 67
218.528000 218.688000 65
218.688000 220.288000 63
220.384000 220.480000 60
220.640000 220.736000 65
221.248000 221.856000 65
221.888000 222.144000 67
222.176000 222.496000 65
222.528000 222.784000 65
223.136000 223.520000 62
223.648000 224.448000 65
224.576000 225.152000 67
225.152000 225.568000 67
225.664000 225.888000 67
226.240000 226.432000 64
226.752000 226.912000 65
227.200000 228.032000 64
228.128000 228.352000 67
228.480000 228.608000 63
228.704000 228.864000 63
229.792000 230.016000 67
233.056000 233.312000 67
233.664000 233.792000 66
235.552000 235.840000 67
235.840000 236.032000 64
236.160000 236.352000 64
237.280000 237.408000 65
237.600000 237.728000 67
237.920000 239.168000 74
239.232000 239.296000 70
239.296000 239.648000 72
239.904000 241.504000 69
241.696000 242.784000 68
242.848000 242.880000 68
243.232000 243.584000 67
243.808000 244.224000 67
247.072000 247.680000 69
247.840000 248.032000 67
248.288000 248.992000 67
