32.096000 33.248000 52
38.688000 38.848000 74
38.944000 39.424000 62
39.520000 39.840000 57
40.032000 41.248000 57
42.336000 42.496000 56
42.720000 43.072000 56
43.648000 44.416000 52
47.872000 48.064000 52
48.224000 48.768000 52
49.024000 49.152000 52
49.664000 49.824000 57
70.880000 71.328000 61
71.328000 72.768000 59
73.856000 74.432000 55
74.528000 74.688000 56
79.552000 79.616000 59
79.680000 79.968000 61
81.312000 82.016000 50
82.016000 83.264000 54
83.360000 83.680000 57
83.680000 86.080000 62
86.176000 86.912000 60
87.040000 89.600000 57
89.600000 92.192000 65
92.608000 95.648000 64
96.960000 97.120000 57
97.440000 99.296000 62
99.424000 99.776000 62
99.904000 100.192000 60
100.384000 102.144000 58
102.912000 103.232000 57
103.328000 106.048000 65
106.368000 106.688000 59
106.688000 107.040000 65
107.168000 108.512000 64
108.736000 109.088000 62
109.280000 110.048000 53
110.592000 110.688000 56
111.040000 112.896000 62
113.120000 113.952000 62
114.176000 116.224000 58
116.416000 116.928000 57
117.088000 117.344000 60
117.440000 117.792000 65
117.888000 119.744000 64
120.000000 120.768000 64
120.896000 123.136000 62
124.896000 126.592000 62
126.784000 126.880000 56
126.880000 127.680000 62
127.680000 129.664000 58
130.304000 130.400000 57
130.752000 131.072000 63
131.168000 131.584000 65
131.680000 133.568000 64
133.760000 134.048000 57
134.144000 137.344000 65
137.600000 137.696000 61
138.624000 138.880000 72
138.880000 139.296000 68
139.296000 141.760000 62
154.560000 155.808000 67
156.064000 156.320000 65
158.496000 159.008000 72
161.952000 162.432000 64
162.432000 163.296000 72
163.360000 165.184000 72
166.464000 168.960000 60
169.536000 169.664000 50
169.664000 171.040000 58
171.168000 174.016000 62
174.176000 174.336000 62
