24.640000 24.832000 64
26.560000 26.912000 63
27.168000 28.256000 64
28.384000 28.576000 63
28.736000 28.896000 63
28.992000 29.504000 61
29.632000 30.176000 59
30.304000 30.752000 57
31.776000 32.000000 57
32.096000 32.448000 62
32.448000 32.992000 63
33.120000 33.504000 64
33.600000 35.168000 65
35.328000 35.776000 64
35.936000 36.128000 72
36.448000 38.016000 69
38.016000 38.688000 71
38.688000 38.944000 70
38.944000 40.800000 68
41.344000 41.728000 64
41.728000 42.368000 68
42.496000 42.720000 67
42.720000 42.784000 66
42.784000 43.648000 65
43.776000 45.568000 64
46.272000 46.336000 63
46.336000 47.456000 65
47.456000 47.872000 62
48.032000 48.224000 62
48.608000 49.408000 64
49.408000 49.632000 63
50.496000 51.232000 60
51.392000 52.224000 57
52.928000 53.440000 64
53.792000 55.424000 63
55.968000 56.448000 61
56.608000 57.696000 66
57.888000 58.080000 66
58.464000 58.592000 64
58.592000 59.008000 63
59.008000 59.456000 58
59.456000 60.448000 61
60.896000 61.120000 57
61.152000 61.440000 58
61.536000 61.856000 61
61.856000 62.048000 65
62.144000 62.336000 69
62.336000 63.040000 67
63.040000 64.288000 66
64.288000 65.184000 62
65.888000 66.656000 69
66.656000 67.552000 73
67.552000 67.968000 64
67.968000 68.384000 67
68.384000 68.992000 71
68.992000 69.376000 66
69.472000 70.336000 69
70.624000 70.784000 69
70.784000 71.168000 68
71.264000 71.488000 65
71.616000 71.808000 62
72.000000 72.128000 64
72.384000 72.512000 63
72.512000 72.736000 62
73.504000 73.888000 58
73.888000 74.144000 59
74.144000 75.040000 64
75.072000 75.232000 62
75.232000 76.064000 61
76.256000 77.408000 57
92.192000 92.448000 61
92.768000 93.312000 63
93.408000 93.856000 63
93.952000 94.592000 65
94.592000 95.360000 63
95.488000 95.616000 59
95.616000 95.776000 58
95.904000 97.152000 59
97.984000 98.208000 57
98.208000 98.272000 58
98.272000 98.624000 61
98.624000 99.232000 63
99.328000 100.960000 65
101.056000 101.280000 62
101.408000 102.240000 65
102.624000 102.880000 67
102.880000 102.976000 67
102.976000 103.072000 68
103.072000 103.808000 69
103.808000 104.896000 72
104.896000 105.536000 70
105.632000 105.824000 63
105.824000 106.208000 69
106.208000 107.008000 64
107.520000 107.904000 65
107.904000 109.120000 68
109.120000 109.248000 63
109.408000 109.632000 61
109.632000 111.648000 67
112.288000 113.792000 65
113.792000 114.528000 62
114.848000 115.328000 65
115.424000 115.648000 64
115.648000 116.160000 63
116.704000 117.472000 60
117.600000 118.368000 57
119.136000 119.616000 63
119.968000 121.600000 63
122.144000 122.720000 63
122.816000 123.168000 64
123.392000 123.840000 66
124.000000 124.384000 66
124.640000 124.832000 64
124.832000 125.152000 63
125.152000 125.376000 58
125.472000 125.824000 58
125.920000 126.496000 61
127.104000 127.648000 58
127.776000 128.000000 61
128.000000 128.256000 64
128.352000 128.480000 69
128.480000 128.800000 68
128.864000 129.184000 67
129.184000 130.656000 66
130.816000 131.392000 59
132.064000 132.896000 70
132.896000 133.632000 73
133.728000 134.240000 64
134.240000 134.528000 66
134.528000 135.136000 71
135.136000 135.520000 67
135.680000 136.480000 69
136.800000 137.024000 69
137.024000 137.728000 68
137.824000 137.984000 62
138.400000 138.592000 65
138.592000 138.912000 63
139.200000 139.328000 58
139.712000 139.936000 58
139.936000 140.352000 59
140.352000 140.992000 64
141.120000 141.376000 63
141.376000 141.760000 62
141.984000 142.208000 57
142.368000 143.712000 58
154.080000 154.592000 64
154.656000 155.168000 64
155.296000 155.840000 64
155.904000 156.448000 62
156.448000 156.992000 61
156.992000 158.464000 59
159.328000 159.520000 57
159.616000 160.128000 62
160.224000 161.312000 63
161.312000 162.464000 67
162.464000 163.552000 63
164.032000 164.288000 67
164.288000 164.352000 68
164.352000 165.024000 69
165.024000 166.752000 72
166.752000 166.976000 65
166.976000 167.424000 69
167.552000 167.712000 69
167.712000 168.384000 68
168.800000 169.312000 66
169.408000 170.208000 68
170.208000 170.336000 66
170.336000 173.024000 65
173.728000 174.848000 65
174.848000 175.968000 64
176.192000 176.352000 64
176.416000 176.960000 64
176.960000 177.152000 60
178.016000 178.784000 59
178.880000 179.616000 57
180.416000 181.056000 64
181.312000 182.944000 63
183.424000 183.904000 62
183.904000 184.096000 62
184.096000 185.632000 66
185.920000 186.112000 63
186.112000 186.368000 62
186.368000 187.264000 61
187.264000 187.872000 61
188.384000 188.736000 58
188.736000 188.864000 58
188.864000 188.992000 59
188.992000 189.600000 64
189.728000 189.888000 69
189.888000 190.464000 67
190.464000 191.328000 66
191.424000 191.744000 64
191.744000 192.640000 63
193.344000 194.208000 69
194.208000 194.912000 73
195.040000 195.552000 65
195.552000 195.904000 68
195.904000 196.448000 70
196.448000 196.800000 67
196.992000 197.664000 69
198.080000 198.368000 69
198.368000 199.008000 67
199.136000 199.296000 62
199.744000 199.872000 64
199.872000 200.224000 63
200.512000 200.608000 58
200.960000 201.248000 58
201.248000 201.696000 59
201.696000 202.368000 64
202.592000 202.688000 63
202.688000 202.816000 62
202.816000 203.584000 60
203.712000 204.960000 57
