11.968000 12.576000 62
16.192000 17.376000 50
17.472000 18.144000 55
18.368000 18.656000 54
18.656000 19.232000 61
19.232000 21.024000 57
21.120000 21.632000 60
21.632000 22.048000 62
22.336000 22.528000 62
22.528000 23.040000 60
23.040000 23.488000 62
23.584000 23.808000 56
23.968000 24.448000 58
24.576000 31.264000 57
32.224000 33.024000 62
33.024000 33.728000 58
33.728000 34.176000 55
34.176000 34.848000 60
35.008000 35.488000 53
35.936000 36.288000 49
36.544000 36.864000 50
36.992000 37.760000 55
37.792000 38.336000 53
38.432000 38.592000 50
38.592000 40.288000 49
40.544000 43.136000 50
44.192000 44.288000 52
44.416000 46.272000 56
46.368000 47.584000 54
47.808000 48.096000 48
48.384000 49.216000 50
49.344000 50.016000 53
50.016000 50.784000 61
50.784000 55.360000 60
55.904000 56.544000 62
56.640000 57.344000 62
57.344000 59.104000 58
59.808000 60.032000 60
60.032000 60.448000 58
60.576000 61.312000 60
61.312000 61.792000 55
61.792000 62.336000 53
62.496000 62.944000 48
64.032000 64.352000 48
64.544000 64.736000 48
64.832000 64.928000 55
65.056000 66.112000 51
66.112000 71.392000 62
83.232000 85.312000 50
87.520000 88.384000 51
88.480000 88.800000 55
88.800000 89.600000 55
89.760000 89.920000 61
90.048000 90.528000 59
90.528000 90.624000 58
90.624000 90.752000 56
90.752000 91.040000 60
91.040000 92.576000 62
92.576000 95.168000 56
95.168000 95.680000 57
95.776000 96.192000 53
96.320000 96.384000 52
96.384000 96.736000 53
96.736000 96.928000 55
96.992000 97.888000 55
99.456000 102.304000 60
103.712000 103.968000 62
103.968000 104.480000 60
104.480000 105.856000 60
105.920000 106.400000 52
106.496000 106.688000 52
106.784000 107.040000 50
107.424000 107.808000 50
108.128000 108.320000 55
108.416000 109.856000 50
110.048000 110.240000 50
110.240000 112.640000 50
112.640000 113.952000 49
114.048000 114.208000 51
115.744000 115.808000 52
115.808000 115.904000 55
115.904000 116.096000 56
116.096000 118.944000 47
119.360000 119.648000 48
120.096000 120.352000 49
120.448000 120.736000 53
120.832000 121.504000 60
121.504000 121.728000 61
121.856000 122.240000 59
122.240000 126.784000 62
127.424000 128.896000 57
128.896000 128.992000 57
128.992000 129.536000 57
129.664000 130.816000 60
131.328000 131.584000 57
131.584000 132.128000 60
132.128000 132.800000 55
132.800000 133.472000 50
133.632000 134.080000 48
134.272000 134.496000 48
135.424000 135.456000 55
135.456000 135.488000 50
135.488000 135.520000 50
135.520000 135.552000 58
135.552000 135.584000 62
135.584000 135.616000 62
135.616000 135.648000 49
135.648000 135.680000 50
135.680000 135.712000 50
135.712000 135.744000 55
135.744000 135.776000 55
135.776000 135.808000 60
135.808000 135.840000 61
135.840000 135.872000 58
135.872000 135.904000 57
135.904000 135.936000 62
136.064000 136.576000 62
136.672000 137.664000 62
137.664000 138.208000 56
138.432000 142.464000 56
147.744000 148.512000 56
155.008000 155.296000 55
155.520000 155.616000 54
159.008000 159.328000 55
159.520000 159.936000 57
160.032000 160.256000 60
160.256000 161.056000 62
161.184000 161.440000 59
161.504000 161.568000 55
161.568000 162.016000 59
162.016000 162.432000 52
162.560000 164.000000 52
164.000000 165.024000 50
165.216000 165.504000 55
165.600000 166.272000 50
166.272000 166.432000 45
166.496000 166.784000 50
166.848000 167.424000 52
167.424000 167.520000 55
167.520000 167.904000 56
167.904000 169.568000 55
169.856000 174.368000 55
175.168000 175.360000 47
175.360000 175.968000 46
175.968000 176.672000 48
176.672000 177.216000 50
177.216000 177.728000 55
177.856000 178.144000 61
178.304000 178.464000 60
178.912000 179.840000 62
179.968000 181.568000 57
181.568000 181.856000 56
181.984000 182.208000 57
182.208000 185.888000 59
187.168000 187.264000 58
187.360000 188.544000 60
188.544000 189.504000 55
189.504000 189.984000 49
190.112000 190.272000 48
190.784000 191.008000 47
191.296000 191.488000 55
191.488000 191.744000 50
191.840000 192.160000 45
192.256000 192.960000 49
