19.712000 20.384000 53
20.512000 20.960000 53
21.056000 21.536000 53
21.792000 22.240000 53
22.240000 22.432000 54
22.432000 25.088000 58
26.912000 27.008000 58
27.104000 27.488000 60
27.488000 28.832000 65
28.960000 29.152000 63
29.568000 31.616000 59
34.208000 34.496000 56
34.592000 36.000000 59
36.608000 37.792000 55
37.920000 38.112000 58
38.112000 38.656000 57
38.784000 39.136000 55
39.296000 40.000000 52
41.280000 41.504000 53
41.504000 41.952000 54
41.952000 42.848000 56
42.976000 46.080000 55
49.088000 50.560000 53
50.720000 51.168000 51
51.264000 51.520000 53
51.616000 51.712000 57
52.064000 52.256000 58
52.256000 52.352000 57
52.352000 53.024000 55
53.024000 54.016000 58
55.552000 56.512000 60
56.896000 58.368000 65
58.368000 60.160000 61
60.288000 61.344000 58
63.200000 63.232000 56
63.392000 64.288000 58
64.544000 65.408000 60
65.696000 65.888000 55
66.144000 66.464000 57
67.008000 67.808000 58
68.000000 68.224000 54
68.736000 68.832000 51
68.928000 69.024000 51
70.528000 70.656000 53
70.752000 70.912000 53
71.104000 71.936000 55
72.032000 72.480000 55
72.736000 73.248000 54
73.568000 73.856000 51
73.984000 75.136000 51
77.152000 78.912000 63
79.104000 79.840000 63
80.192000 80.416000 58
80.768000 82.240000 59
82.400000 82.976000 53
84.032000 84.640000 55
84.768000 84.960000 56
85.312000 85.504000 56
85.664000 85.824000 58
85.952000 87.264000 60
87.264000 87.712000 57
87.808000 90.528000 60
92.064000 92.256000 62
92.256000 94.016000 65
94.016000 94.688000 62
94.720000 95.392000 59
95.488000 95.552000 65
95.552000 95.872000 67
95.968000 96.160000 67
96.160000 96.352000 66
96.352000 98.080000 62
98.432000 98.624000 60
98.624000 99.968000 59
100.064000 100.544000 63
100.704000 104.896000 65
120.288000 120.736000 54
120.864000 121.376000 54
121.472000 122.272000 53
122.464000 123.712000 57
123.872000 125.088000 58
126.560000 127.968000 62
128.096000 129.536000 65
129.824000 130.080000 56
130.240000 130.848000 60
130.944000 131.776000 58
134.112000 134.368000 56
134.688000 135.328000 58
135.488000 136.416000 58
136.576000 136.896000 56
137.472000 137.600000 53
137.984000 138.336000 58
138.432000 139.168000 55
139.360000 139.712000 52
139.808000 139.904000 52
141.280000 142.880000 56
143.072000 143.424000 55
143.520000 143.616000 53
143.776000 144.288000 54
144.480000 144.608000 51
144.736000 146.144000 51
148.064000 150.656000 65
150.656000 150.944000 60
151.072000 151.424000 58
151.648000 152.832000 59
152.832000 154.272000 57
154.944000 156.096000 56
156.192000 156.384000 56
156.512000 157.600000 60
157.728000 158.176000 58
158.176000 158.592000 57
158.688000 162.272000 60
162.912000 163.104000 62
163.104000 164.704000 65
164.704000 165.472000 62
165.568000 166.208000 59
166.400000 166.784000 67
166.880000 167.104000 67
167.104000 167.296000 66
167.296000 168.896000 62
169.312000 169.536000 60
169.536000 170.816000 58
170.976000 171.392000 63
171.520000 175.104000 63
177.504000 177.664000 61
177.760000 178.432000 63
178.432000 178.784000 61
178.944000 180.800000 65
180.800000 181.824000 62
181.824000 183.264000 58
183.328000 183.808000 58
184.800000 184.960000 57
184.960000 185.632000 60
185.760000 186.752000 59
186.912000 187.424000 63
188.032000 189.216000 58
189.312000 189.664000 58
189.824000 190.688000 54
191.424000 191.520000 54
191.680000 191.872000 54
191.936000 192.320000 59
193.120000 193.600000 58
194.048000 194.336000 53
195.040000 195.360000 54
195.360000 195.744000 59
195.744000 195.840000 62
196.384000 196.608000 58
196.896000 197.952000 60
198.016000 198.144000 60
198.272000 198.784000 62
198.912000 199.200000 63
199.296000 200.032000 63
200.096000 200.896000 62
200.896000 202.560000 63
202.752000 203.392000 67
203.424000 204.608000 65
205.280000 205.408000 58
205.408000 205.600000 60
205.760000 208.992000 65
209.152000 209.600000 58
209.728000 210.944000 59
210.944000 212.128000 57
213.088000 214.560000 56
214.656000 216.736000 60
216.864000 219.040000 60
221.120000 221.312000 62
221.312000 223.264000 65
223.264000 224.384000 61
224.576000 224.768000 65
224.768000 225.280000 67
225.280000 225.792000 66
225.920000 227.200000 60
227.488000 227.712000 60
227.712000 229.056000 59
229.152000 234.336000 65
234.432000 234.656000 63
235.328000 237.120000 64
237.120000 238.176000 65
238.304000 238.688000 58
238.944000 240.160000 59
240.256000 240.800000 53
240.896000 241.472000 54
242.176000 242.720000 55
242.816000 243.104000 56
243.232000 243.328000 56
243.488000 243.616000 56
243.776000 245.792000 60
245.920000 249.152000 60
250.208000 250.336000 61
250.336000 251.680000 65
251.680000 251.872000 65
251.872000 252.288000 62
252.288000 253.280000 61
253.696000 254.752000 67
254.752000 256.192000 64
256.512000 256.992000 60
257.152000 257.440000 56
257.600000 257.728000 55
257.856000 258.144000 56
258.304000 258.720000 63
258.848000 264.640000 65
