3.520000 3.712000 73
3.840000 4.192000 71
4.192000 6.304000 74
6.304000 7.200000 72
10.080000 11.168000 78
11.168000 11.776000 78
11.776000 12.832000 75
12.832000 14.560000 73
16.352000 16.448000 60
16.608000 16.736000 62
17.184000 17.888000 65
18.304000 18.528000 66
19.232000 19.328000 66
19.424000 20.032000 65
20.032000 20.864000 66
20.864000 21.696000 69
23.776000 23.872000 72
24.032000 25.408000 73
25.408000 28.576000 71
32.096000 32.608000 55
32.768000 33.984000 57
34.080000 34.464000 59
34.752000 36.320000 62
36.512000 37.216000 59
37.632000 38.144000 59
40.448000 41.216000 60
41.312000 41.376000 68
41.376000 41.472000 69
41.472000 43.008000 72
43.104000 43.616000 66
43.616000 43.840000 65
43.840000 45.184000 66
45.184000 46.208000 66
46.816000 47.200000 67
47.200000 47.648000 70
47.648000 48.096000 72
48.096000 48.928000 74
48.928000 49.472000 72
49.472000 50.336000 69
50.336000 51.360000 68
52.768000 52.864000 66
57.984000 58.144000 61
58.240000 59.552000 62
63.200000 63.648000 71
63.744000 63.968000 72
64.096000 64.320000 71
64.576000 65.152000 69
68.160000 69.504000 68
69.504000 70.720000 69
70.848000 71.232000 62
71.392000 72.416000 61
73.120000 73.472000 61
73.728000 74.176000 60
74.528000 76.576000 58
76.704000 77.088000 56
78.464000 79.072000 55
79.072000 80.160000 57
80.320000 80.672000 60
80.672000 82.688000 62
82.688000 84.576000 59
84.672000 84.960000 59
86.272000 86.656000 59
86.816000 86.976000 59
87.072000 87.424000 71
87.424000 88.352000 72
88.352000 88.448000 71
88.448000 88.512000 70
88.512000 91.744000 70
92.320000 92.768000 67
92.768000 93.248000 70
93.248000 93.568000 71
93.568000 94.496000 75
94.496000 94.912000 72
94.912000 96.000000 70
96.000000 97.184000 68
97.280000 97.792000 66
97.792000 99.136000 65
99.136000 100.672000 61
103.776000 105.088000 62
105.312000 105.536000 61
107.136000 107.392000 71
107.648000 108.160000 69
108.160000 110.432000 72
110.528000 110.880000 66
111.520000 112.160000 64
112.256000 112.352000 64
113.408000 114.880000 69
114.880000 116.096000 69
116.224000 117.568000 62
118.336000 118.688000 61
118.912000 119.552000 59
119.808000 120.128000 57
120.416000 121.568000 62
123.456000 124.352000 69
124.544000 124.608000 74
124.608000 125.248000 74
125.248000 126.400000 74
126.400000 126.816000 72
126.816000 129.056000 69
129.472000 131.392000 66
131.488000 131.904000 62
132.096000 132.320000 64
132.320000 132.672000 63
134.752000 135.040000 59
135.040000 135.360000 60
135.360000 135.712000 63
135.712000 137.216000 66
137.600000 137.984000 66
137.984000 139.744000 67
139.744000 140.512000 69
140.992000 142.368000 73
142.368000 143.392000 74
143.392000 146.848000 72
148.000000 148.640000 67
148.832000 149.056000 70
149.056000 150.112000 71
150.112000 151.392000 70
152.256000 152.576000 64
152.576000 153.056000 63
154.048000 154.208000 59
154.208000 154.272000 60
154.272000 155.200000 64
155.296000 155.840000 66
155.840000 155.968000 65
155.968000 156.832000 64
157.024000 157.280000 56
157.600000 157.760000 57
158.144000 158.496000 61
158.496000 159.392000 60
159.616000 159.776000 57
159.968000 160.096000 57
162.848000 163.488000 55
163.488000 164.288000 57
164.960000 167.456000 63
170.880000 171.680000 60
171.776000 171.840000 68
171.840000 172.032000 69
172.032000 173.408000 72
173.408000 173.920000 69
173.920000 175.520000 66
175.520000 176.480000 66
177.056000 177.440000 66
177.440000 177.568000 68
177.568000 177.888000 69
177.888000 178.336000 72
178.336000 179.296000 74
179.296000 179.616000 72
179.616000 181.024000 70
181.024000 181.856000 66
182.144000 182.624000 67
182.624000 183.936000 66
183.936000 185.504000 62
185.728000 185.824000 57
187.616000 187.712000 63
188.224000 190.336000 62
190.528000 190.624000 60
193.088000 193.568000 70
193.568000 195.360000 72
195.584000 197.312000 66
198.496000 199.328000 66
199.360000 199.712000 67
199.808000 201.024000 69
201.152000 202.240000 62
203.808000 204.320000 62
204.448000 206.752000 60
206.880000 207.200000 57
207.328000 207.424000 59
207.904000 210.368000 62
