14.240000 14.592000 46
14.720000 15.008000 46
15.776000 16.096000 50
16.864000 17.952000 55
18.208000 18.528000 58
18.528000 19.360000 55
20.224000 21.152000 62
21.344000 21.440000 61
21.440000 21.600000 60
21.600000 22.240000 59
22.240000 22.752000 53
23.136000 23.520000 50
23.520000 23.872000 48
23.904000 24.128000 46
24.128000 24.448000 49
24.704000 24.768000 47
26.528000 26.944000 56
27.040000 27.648000 56
27.648000 27.968000 60
28.096000 28.800000 56
29.376000 29.600000 57
29.856000 30.496000 54
30.560000 31.424000 52
31.456000 31.520000 49
31.552000 31.712000 48
31.872000 32.032000 46
32.064000 32.256000 47
32.736000 33.824000 57
34.048000 34.368000 57
34.528000 34.976000 54
35.456000 35.712000 48
41.184000 41.408000 50
41.952000 43.200000 55
43.392000 43.488000 54
45.408000 45.728000 60
45.728000 46.528000 62
46.528000 47.584000 61
47.648000 48.192000 53
48.512000 49.760000 50
51.680000 53.152000 59
53.312000 54.048000 55
54.560000 54.784000 57
55.136000 55.616000 53
56.000000 56.064000 51
56.224000 56.800000 51
56.960000 57.216000 48
57.920000 58.880000 57
59.232000 59.904000 57
59.904000 60.128000 53
60.224000 60.448000 57
60.448000 61.184000 56
61.376000 63.136000 59
63.936000 64.032000 58
64.224000 65.344000 58
65.568000 66.528000 58
67.104000 67.424000 58
67.552000 68.640000 59
68.736000 68.960000 55
68.992000 69.792000 56
70.528000 73.088000 59
73.472000 75.712000 55
76.416000 76.608000 50
78.176000 79.104000 50
79.616000 79.776000 54
79.872000 80.384000 56
80.512000 80.800000 61
80.928000 81.088000 61
81.312000 81.760000 57
81.760000 82.240000 55
83.072000 83.136000 49
83.136000 83.232000 51
83.232000 83.392000 54
83.584000 84.096000 57
84.096000 85.408000 56
85.696000 86.080000 55
86.336000 87.840000 59
102.176000 102.464000 46
102.752000 102.848000 46
103.008000 103.104000 48
103.552000 104.064000 50
104.800000 105.888000 55
106.016000 106.528000 56
106.624000 107.296000 54
108.064000 109.056000 62
109.280000 110.176000 61
110.304000 110.528000 52
110.624000 110.912000 52
111.072000 111.424000 50
111.552000 111.776000 48
111.872000 112.160000 49
114.368000 114.880000 56
115.040000 115.552000 57
115.552000 115.872000 60
116.032000 116.768000 55
117.280000 117.536000 57
117.792000 118.368000 53
118.720000 118.816000 51
118.912000 119.104000 50
119.296000 119.776000 48
119.808000 119.904000 46
119.936000 119.968000 47
120.032000 120.096000 47
120.640000 121.376000 58
121.504000 121.952000 55
121.952000 122.464000 57
122.624000 123.040000 53
123.200000 123.328000 53
123.328000 123.712000 49
124.000000 124.160000 50
128.928000 129.024000 67
129.856000 130.848000 55
130.912000 131.072000 55
131.200000 131.392000 55
131.744000 133.216000 54
133.312000 134.688000 62
134.688000 135.456000 60
135.456000 135.552000 52
135.744000 135.776000 52
136.288000 136.544000 50
136.672000 136.736000 49
136.800000 136.832000 48
136.992000 137.440000 49
139.648000 140.160000 57
140.480000 141.536000 59
141.536000 142.336000 55
142.944000 143.456000 54
143.712000 144.064000 51
144.064000 144.448000 50
144.448000 145.216000 48
145.792000 146.048000 58
146.048000 146.688000 55
147.104000 147.392000 57
147.552000 148.192000 53
148.192000 151.264000 59
152.160000 154.432000 58
155.072000 155.360000 58
155.456000 156.544000 62
156.544000 157.344000 59
157.504000 157.600000 55
158.464000 160.736000 58
161.472000 162.400000 55
162.496000 163.072000 55
166.560000 166.592000 50
166.624000 166.656000 50
167.520000 168.320000 55
168.448000 168.736000 61
168.800000 169.024000 61
169.120000 169.216000 61
169.216000 169.696000 57
169.696000 170.560000 55
171.008000 171.392000 53
171.488000 171.552000 57
171.552000 172.000000 57
172.000000 172.704000 56
173.216000 173.536000 57
173.536000 174.496000 58
174.496000 176.032000 58
