11.904000 12.480000 70
13.184000 15.264000 68
15.392000 15.808000 70
15.808000 17.408000 68
18.432000 19.840000 58
19.936000 21.312000 62
21.440000 23.584000 61
25.152000 27.264000 72
27.360000 28.000000 68
28.128000 29.312000 65
29.408000 29.504000 65
30.432000 31.840000 63
31.936000 32.864000 68
32.864000 33.344000 67
33.568000 35.264000 63
36.832000 37.120000 60
37.120000 37.536000 59
37.536000 37.984000 57
37.984000 39.072000 63
39.072000 40.768000 62
40.960000 41.344000 58
41.504000 42.080000 56
42.080000 42.336000 59
42.464000 43.584000 58
44.704000 45.056000 65
45.056000 45.440000 63
45.440000 46.464000 69
46.528000 46.592000 67
46.592000 46.944000 66
46.944000 47.392000 64
47.776000 47.904000 63
48.448000 48.864000 61
49.056000 49.504000 60
49.504000 53.408000 59
54.816000 55.232000 61
55.232000 56.960000 63
57.056000 57.440000 66
57.440000 58.976000 70
59.328000 59.680000 72
59.680000 60.320000 71
60.416000 62.144000 66
63.776000 64.160000 65
64.160000 64.544000 68
64.544000 64.928000 66
64.928000 65.120000 68
65.120000 66.272000 70
66.272000 66.816000 67
66.816000 69.024000 63
69.184000 69.344000 62
69.536000 71.008000 58
73.984000 74.368000 67
74.368000 76.832000 66
76.960000 78.080000 60
79.200000 79.968000 68
79.968000 80.928000 70
81.088000 81.472000 68
81.472000 82.528000 67
82.528000 84.064000 66
84.064000 88.576000 70
90.560000 90.848000 60
90.976000 91.168000 58
91.168000 91.584000 61
91.584000 91.968000 63
91.968000 92.992000 70
93.120000 93.472000 67
93.472000 93.888000 66
93.888000 95.456000 65
96.448000 96.736000 70
96.896000 97.056000 68
97.056000 97.120000 67
97.120000 97.728000 66
97.728000 97.984000 68
97.984000 98.368000 65
98.368000 99.008000 68
99.136000 99.360000 65
99.488000 99.648000 63
99.744000 99.904000 64
100.064000 101.408000 60
103.712000 103.872000 60
103.968000 105.824000 65
105.920000 106.816000 63
106.976000 109.184000 58
110.336000 110.656000 72
110.752000 113.152000 70
113.248000 113.728000 68
113.728000 114.048000 67
114.048000 114.400000 63
114.496000 115.872000 63
116.768000 117.376000 65
117.376000 119.776000 64
119.776000 121.984000 61
122.656000 123.424000 65
123.520000 124.608000 72
124.608000 129.472000 71
138.912000 139.008000 75
139.136000 139.264000 75
142.624000 144.128000 76
144.928000 145.056000 75
150.784000 151.200000 60
151.200000 152.960000 63
153.088000 153.504000 65
153.504000 155.584000 72
155.584000 155.776000 72
155.776000 156.384000 71
156.576000 158.272000 65
159.840000 160.224000 65
160.224000 160.512000 68
160.512000 161.088000 68
161.088000 162.368000 70
162.464000 162.816000 65
162.816000 163.904000 64
164.032000 164.992000 61
164.992000 165.376000 63
165.536000 166.496000 58
168.480000 169.184000 59
169.184000 169.600000 56
169.728000 169.856000 58
170.016000 170.368000 67
170.368000 172.864000 66
172.992000 174.112000 61
175.232000 175.872000 68
175.968000 176.928000 70
176.992000 177.440000 68
177.440000 178.592000 67
178.592000 180.064000 68
180.064000 184.480000 70
186.528000 186.816000 60
186.976000 187.232000 58
187.232000 187.648000 61
187.648000 188.032000 65
188.032000 188.992000 71
189.152000 189.888000 68
190.016000 191.712000 66
192.416000 192.736000 70
192.896000 193.056000 68
193.056000 193.120000 67
193.120000 193.792000 67
193.792000 193.984000 68
193.984000 194.400000 63
194.400000 195.040000 68
195.136000 195.360000 65
195.616000 195.936000 63
196.064000 197.600000 60
198.432000 198.624000 55
198.624000 198.976000 56
198.976000 200.032000 60
200.032000 201.408000 65
201.696000 201.792000 63
201.920000 202.848000 62
203.040000 205.120000 58
206.400000 206.752000 72
206.752000 209.248000 70
209.408000 209.728000 68
209.728000 210.112000 67
210.112000 210.400000 63
210.496000 212.000000 63
212.768000 213.376000 65
213.376000 215.840000 65
215.840000 217.952000 61
218.752000 219.456000 65
219.552000 220.672000 72
220.672000 224.928000 71
225.216000 225.536000 68
