3.776000 4.064000 63
4.960000 5.056000 56
5.856000 7.040000 56
7.264000 7.360000 59
7.360000 7.680000 62
7.680000 8.160000 63
8.256000 8.544000 64
8.544000 9.312000 71
9.312000 10.176000 69
10.816000 11.072000 56
11.424000 11.680000 60
11.680000 12.064000 65
12.064000 12.352000 68
12.352000 12.896000 68
12.896000 12.992000 66
12.992000 13.600000 66
13.600000 14.240000 68
14.240000 14.560000 61
15.424000 15.776000 62
15.776000 16.064000 65
16.064000 16.352000 66
16.352000 16.608000 68
16.608000 18.880000 65
18.976000 19.168000 60
19.360000 19.456000 60
20.800000 20.992000 60
20.992000 21.088000 61
21.088000 21.280000 64
21.280000 21.632000 67
21.632000 22.944000 71
23.104000 23.424000 62
23.648000 24.256000 69
24.864000 25.184000 56
25.472000 25.760000 56
25.920000 26.016000 59
26.016000 26.112000 60
26.112000 26.720000 63
26.912000 27.040000 63
27.200000 27.968000 72
27.968000 28.352000 68
28.352000 28.800000 65
29.536000 29.792000 56
30.080000 30.368000 61
30.368000 30.656000 64
30.656000 30.944000 67
30.944000 31.552000 69
31.552000 31.776000 67
31.776000 32.224000 63
32.224000 32.768000 68
32.768000 33.088000 62
34.144000 34.464000 62
34.464000 34.720000 64
34.720000 35.008000 65
35.008000 35.328000 68
35.328000 37.920000 65
38.912000 39.168000 56
39.360000 39.520000 58
39.520000 39.680000 60
39.680000 39.808000 61
39.808000 39.872000 62
39.872000 40.000000 63
40.000000 40.352000 67
40.352000 41.696000 72
41.856000 42.368000 64
42.368000 43.008000 69
43.168000 43.296000 71
43.584000 44.352000 69
44.352000 45.184000 68
45.376000 45.504000 69
45.920000 46.976000 68
47.072000 47.392000 64
47.392000 47.488000 63
47.488000 47.744000 62
48.224000 48.576000 58
48.576000 48.800000 60
48.800000 49.376000 64
49.472000 49.632000 56
49.728000 50.016000 58
50.016000 50.176000 61
50.560000 51.616000 65
51.744000 52.032000 62
52.128000 52.224000 62
52.896000 53.760000 69
53.760000 54.528000 67
54.624000 54.720000 59
55.232000 55.808000 67
55.808000 56.864000 66
57.536000 57.760000 58
57.760000 58.048000 61
58.048000 58.624000 65
58.720000 58.912000 56
59.008000 59.104000 57
59.104000 59.488000 60
59.840000 60.864000 65
61.152000 61.248000 59
62.816000 63.136000 57
63.264000 63.360000 59
63.360000 63.616000 61
63.616000 64.032000 63
64.576000 65.248000 71
65.248000 65.632000 69
65.760000 66.112000 64
66.144000 66.304000 62
66.880000 67.136000 56
67.456000 67.744000 61
67.744000 67.808000 62
67.808000 67.968000 63
67.968000 68.288000 67
68.288000 68.928000 68
68.928000 69.120000 66
69.120000 70.272000 67
70.272000 70.592000 60
71.520000 71.808000 62
71.808000 73.728000 68
73.728000 74.432000 62
74.432000 74.784000 63
74.784000 75.520000 62
75.712000 75.968000 58
76.224000 76.512000 56
76.864000 77.056000 60
77.056000 77.152000 61
77.152000 77.408000 64
77.408000 77.536000 65
77.536000 77.696000 66
77.696000 79.040000 72
79.168000 79.904000 68
79.904000 80.800000 69
83.264000 83.712000 66
96.736000 97.472000 62
97.600000 97.856000 62
98.432000 99.392000 59
99.584000 100.128000 56
100.224000 100.576000 57
100.704000 100.768000 59
100.768000 100.896000 60
100.896000 101.824000 63
102.016000 102.784000 72
102.784000 103.136000 68
103.136000 103.552000 65
104.288000 104.544000 56
104.704000 104.800000 59
104.800000 105.056000 61
105.056000 105.152000 61
105.152000 105.408000 63
105.408000 105.728000 65
105.728000 106.304000 69
106.304000 106.688000 68
106.688000 107.616000 68
107.616000 108.032000 61
108.928000 109.120000 60
109.120000 109.248000 62
109.248000 109.536000 63
109.536000 109.792000 65
109.792000 110.080000 68
110.080000 112.928000 65
113.120000 113.376000 61
113.664000 113.952000 56
114.144000 114.208000 58
114.208000 114.464000 60
114.464000 114.560000 61
114.560000 114.816000 63
114.816000 114.976000 65
114.976000 115.104000 66
115.104000 116.416000 72
116.544000 117.088000 63
117.088000 117.792000 69
118.304000 118.752000 56
118.848000 119.168000 56
119.296000 119.424000 59
119.424000 119.616000 60
119.616000 120.224000 63
120.320000 120.448000 63
120.576000 121.344000 71
121.344000 121.504000 70
121.504000 122.240000 66
122.880000 123.200000 56
123.200000 123.456000 60
123.456000 123.808000 62
123.808000 123.968000 63
123.968000 124.064000 65
124.064000 124.288000 66
124.288000 125.216000 68
125.216000 126.304000 68
126.304000 126.784000 61
127.488000 127.808000 61
127.808000 128.064000 63
128.064000 128.352000 65
128.352000 128.640000 68
128.640000 131.360000 65
132.224000 132.384000 56
132.672000 132.800000 59
132.800000 133.120000 61
133.120000 133.312000 63
133.312000 134.112000 68
134.240000 134.464000 72
134.464000 136.448000 72
136.448000 140.768000 74
