23.808000 24.320000 62
24.320000 26.240000 64
26.240000 26.816000 65
26.976000 27.104000 64
28.256000 29.056000 64
29.056000 29.120000 61
29.312000 29.664000 60
32.288000 32.416000 60
32.960000 35.040000 60
35.968000 36.096000 55
36.288000 36.416000 59
36.416000 37.056000 62
37.248000 37.952000 65
38.080000 38.784000 64
40.000000 40.160000 55
40.256000 40.736000 60
40.736000 41.152000 62
41.248000 42.016000 65
42.112000 42.816000 60
44.000000 44.256000 55
44.256000 44.640000 60
44.768000 45.536000 60
45.728000 45.984000 56
46.112000 46.976000 55
48.672000 48.896000 67
50.272000 51.200000 60
52.000000 52.128000 56
52.256000 52.416000 58
52.416000 52.736000 61
52.736000 54.880000 65
56.000000 56.128000 55
56.256000 56.608000 60
56.736000 57.216000 62
57.216000 57.952000 65
58.048000 58.912000 60
60.000000 60.192000 55
60.192000 61.888000 62
61.984000 63.456000 62
65.792000 66.368000 61
66.496000 67.136000 67
67.232000 67.456000 67
67.456000 68.800000 65
69.792000 70.400000 61
70.496000 71.584000 67
71.744000 71.968000 69
71.968000 72.000000 66
72.000000 73.056000 63
74.016000 74.656000 65
74.656000 75.488000 60
75.968000 76.640000 65
76.736000 76.832000 64
77.056000 77.408000 58
77.536000 77.696000 67
77.696000 78.112000 69
78.240000 80.448000 67
80.768000 81.248000 61
81.248000 81.408000 63
81.408000 81.728000 65
81.728000 82.688000 69
82.688000 84.608000 62
85.248000 85.376000 62
85.376000 85.600000 64
85.728000 86.112000 65
86.240000 86.656000 67
86.752000 87.424000 59
87.520000 87.744000 62
87.744000 87.904000 60
88.000000 88.896000 60
89.536000 90.144000 64
90.272000 90.624000 65
90.752000 90.912000 57
91.040000 91.232000 57
91.232000 92.160000 62
92.160000 92.640000 64
92.736000 93.216000 63
93.216000 93.888000 61
94.272000 94.464000 64
94.464000 95.296000 65
95.296000 96.384000 64
96.736000 97.184000 60
97.184000 97.376000 62
97.376000 98.144000 67
98.240000 98.400000 67
98.400000 98.624000 69
98.752000 99.712000 60
99.712000 100.672000 62
101.248000 101.376000 62
101.376000 101.536000 64
101.728000 102.400000 65
102.400000 102.848000 67
103.232000 103.392000 69
103.392000 103.648000 71
103.648000 103.936000 68
103.936000 104.192000 71
104.320000 106.976000 72
107.808000 107.872000 62
107.872000 108.000000 62
108.000000 108.160000 64
108.288000 108.608000 65
108.736000 108.960000 57
109.056000 109.312000 59
109.504000 109.824000 60
109.920000 110.208000 60
110.208000 111.872000 64
112.000000 114.816000 62
118.016000 118.240000 65
125.280000 125.408000 63
125.888000 126.400000 62
126.528000 126.816000 62
128.224000 129.376000 60
129.984000 130.112000 55
130.240000 130.304000 58
130.304000 130.432000 59
130.432000 130.720000 60
130.720000 131.264000 63
131.264000 131.648000 65
131.744000 132.928000 64
133.984000 134.112000 55
134.240000 134.304000 57
134.304000 134.624000 60
134.720000 135.200000 62
135.200000 135.936000 65
136.064000 137.024000 62
138.048000 138.112000 55
138.112000 138.240000 56
138.240000 139.840000 62
139.936000 140.896000 62
141.504000 141.568000 62
141.568000 142.560000 65
142.560000 142.880000 62
143.808000 144.384000 61
144.480000 145.120000 67
145.248000 145.440000 67
145.440000 146.720000 64
146.848000 146.912000 59
146.976000 147.136000 60
147.424000 147.584000 60
147.840000 148.352000 62
148.480000 148.896000 67
148.992000 149.600000 67
149.728000 149.952000 70
149.952000 149.984000 66
149.984000 150.048000 64
150.048000 151.168000 63
151.712000 151.840000 69
152.000000 152.640000 65
152.640000 153.344000 59
153.760000 153.856000 61
153.952000 154.592000 65
154.752000 154.912000 57
155.072000 155.392000 57
155.520000 156.128000 69
156.224000 158.336000 67
158.784000 159.232000 60
159.232000 159.392000 62
159.392000 159.744000 65
159.744000 160.704000 69
160.704000 162.656000 62
163.200000 163.264000 58
163.264000 163.616000 64
163.744000 164.128000 65
164.224000 164.640000 67
164.736000 165.408000 59
165.536000 165.696000 62
165.696000 165.920000 61
166.016000 166.816000 60
167.520000 168.128000 64
168.256000 168.640000 65
168.768000 168.928000 57
169.024000 169.216000 57
169.216000 170.016000 60
170.016000 170.624000 64
170.752000 171.200000 63
171.200000 171.872000 61
172.256000 172.480000 65
172.480000 173.312000 65
173.312000 174.432000 64
174.752000 175.232000 60
175.232000 175.392000 62
175.392000 175.744000 64
175.744000 176.640000 69
176.736000 178.624000 62
179.264000 179.552000 64
179.712000 180.800000 67
181.024000 181.056000 61
181.248000 181.376000 70
181.376000 181.568000 71
181.568000 181.632000 70
181.632000 181.920000 67
181.920000 182.144000 71
182.272000 184.800000 72
185.792000 186.016000 64
186.016000 186.144000 64
186.272000 186.592000 65
186.752000 186.944000 57
187.040000 187.296000 59
187.488000 187.840000 60
187.936000 188.288000 62
188.288000 189.856000 64
189.984000 192.096000 62
192.832000 193.216000 60
193.216000 193.376000 62
193.376000 193.728000 65
193.728000 194.144000 67
194.240000 194.400000 68
194.400000 194.688000 69
194.688000 196.704000 62
197.216000 197.248000 66
197.312000 197.568000 64
197.728000 198.624000 67
198.720000 199.456000 59
199.552000 199.872000 62
200.000000 200.800000 60
201.120000 201.216000 60
201.536000 202.112000 64
202.272000 202.624000 65
202.752000 202.944000 57
203.072000 203.264000 57
203.264000 203.744000 59
203.744000 204.064000 60
204.064000 204.640000 64
204.768000 205.248000 63
205.248000 205.856000 60
206.272000 206.464000 64
206.464000 208.608000 67
209.024000 209.248000 60
209.248000 209.376000 62
209.376000 210.144000 67
210.240000 210.656000 69
210.752000 212.704000 62
213.248000 213.376000 62
213.376000 213.536000 64
213.728000 214.400000 65
214.400000 214.944000 67
215.232000 215.296000 70
215.296000 215.680000 71
215.680000 215.936000 67
215.936000 216.160000 71
216.288000 219.008000 74
219.776000 219.904000 62
220.000000 220.160000 64
220.256000 220.608000 65
220.736000 220.960000 57
221.056000 221.280000 59
221.472000 221.760000 60
221.920000 222.304000 62
222.304000 222.688000 64
222.688000 223.872000 62
224.000000 225.952000 62
237.792000 239.232000 74
239.328000 239.552000 74
