1.312000 1.600000 82
1.760000 2.688000 83
2.976000 3.136000 82
3.488000 3.648000 83
5.408000 5.760000 59
6.912000 7.168000 59
7.392000 7.840000 60
7.936000 8.544000 62
9.056000 9.280000 59
10.912000 11.136000 59
11.360000 11.872000 60
11.968000 12.480000 62
14.848000 15.072000 59
15.424000 15.840000 59
16.160000 16.672000 60
18.400000 18.528000 60
20.416000 20.576000 60
21.376000 21.792000 59
22.912000 23.104000 59
23.392000 23.840000 59
24.096000 24.352000 62
26.912000 26.976000 60
27.648000 27.904000 62
28.192000 28.352000 65
28.736000 28.768000 65
28.832000 28.992000 66
29.408000 29.504000 64
30.400000 31.488000 62
31.872000 32.288000 59
32.448000 32.864000 60
33.248000 33.664000 62
35.104000 35.392000 62
35.392000 38.048000 74
38.400000 38.656000 70
38.656000 38.784000 71
38.880000 39.648000 71
39.648000 40.448000 74
40.672000 41.824000 70
42.432000 42.752000 70
42.912000 43.552000 71
43.680000 44.064000 74
44.192000 44.704000 67
45.216000 45.568000 67
46.176000 46.688000 67
47.136000 47.488000 64
47.712000 47.840000 66
47.936000 48.096000 67
48.608000 49.664000 72
49.984000 50.176000 72
50.368000 53.824000 72
53.984000 54.016000 70
54.400000 54.656000 69
54.912000 55.840000 71
55.840000 56.480000 74
56.608000 56.704000 79
56.832000 57.728000 81
57.728000 57.888000 77
58.144000 58.432000 76
58.688000 59.168000 71
59.264000 59.488000 71
59.648000 60.128000 74
60.128000 60.640000 68
60.832000 61.088000 67
61.152000 61.472000 67
61.664000 62.208000 65
62.208000 62.464000 67
62.624000 62.944000 67
63.712000 63.936000 67
64.096000 64.384000 65
64.640000 65.696000 72
66.368000 66.880000 72
67.136000 67.456000 72
67.712000 68.288000 83
68.384000 68.672000 83
68.832000 70.048000 83
71.680000 72.480000 82
76.224000 76.416000 81
78.688000 78.784000 75
79.424000 79.520000 71
79.680000 80.832000 69
81.952000 82.112000 67
84.384000 84.544000 63
84.640000 84.800000 62
86.912000 87.072000 62
87.936000 88.480000 62
91.648000 91.840000 62
92.672000 92.992000 65
93.184000 93.504000 64
94.432000 95.456000 67
95.616000 95.968000 69
96.160000 97.024000 69
97.120000 98.016000 71
99.360000 101.888000 71
102.432000 102.592000 69
102.592000 102.784000 71
102.976000 103.072000 71
103.200000 103.648000 71
103.648000 104.416000 74
104.704000 105.856000 71
106.176000 106.272000 69
106.432000 106.656000 69
106.912000 107.520000 71
107.680000 107.872000 72
107.872000 108.064000 74
108.160000 108.480000 67
108.576000 108.672000 67
108.800000 109.056000 67
109.152000 109.568000 67
109.888000 110.112000 67
110.176000 110.656000 67
111.104000 111.424000 64
111.680000 111.808000 66
111.936000 112.064000 67
112.192000 112.384000 71
112.640000 113.984000 72
114.368000 115.552000 72
115.616000 116.256000 72
116.384000 118.144000 71
118.368000 118.720000 70
118.944000 119.648000 71
119.648000 120.448000 74
120.608000 120.704000 79
120.800000 121.792000 82
121.984000 122.016000 79
122.208000 122.432000 77
122.432000 122.528000 80
122.880000 124.064000 74
124.288000 124.512000 72
124.864000 125.088000 67
125.152000 125.472000 67
126.176000 126.464000 67
126.656000 126.944000 67
127.136000 127.296000 67
127.360000 127.552000 66
127.712000 127.936000 66
128.160000 128.288000 64
128.640000 129.824000 72
130.528000 130.976000 72
131.136000 131.424000 72
131.872000 132.576000 83
132.704000 132.864000 83
133.056000 133.216000 83
133.248000 133.600000 83
134.400000 134.880000 71
135.136000 135.264000 71
135.680000 137.600000 71
138.400000 138.976000 72
139.168000 139.552000 72
139.712000 140.192000 72
140.448000 141.696000 79
141.856000 141.888000 76
141.920000 141.984000 76
142.432000 142.976000 72
143.296000 143.392000 79
143.680000 145.632000 81
145.984000 146.240000 69
146.688000 146.880000 67
147.136000 147.360000 67
147.456000 147.552000 68
147.648000 148.064000 71
148.192000 148.288000 67
148.608000 149.120000 67
149.280000 149.312000 66
149.344000 149.984000 67
150.112000 150.304000 67
150.688000 150.880000 67
151.104000 151.392000 64
151.904000 152.256000 67
152.800000 153.152000 67
153.248000 153.376000 64
153.664000 153.792000 67
153.920000 154.176000 67
154.624000 154.784000 67
154.912000 155.008000 67
155.104000 155.456000 65
155.648000 155.776000 64
155.904000 156.224000 67
156.928000 157.056000 67
157.632000 157.760000 67
158.208000 158.336000 67
159.808000 160.032000 71
160.128000 161.792000 72
162.368000 162.688000 71
163.136000 163.488000 73
163.616000 163.968000 74
164.256000 165.376000 71
173.472000 173.600000 70
174.208000 174.304000 70
178.624000 178.944000 72
179.136000 179.392000 72
179.712000 181.632000 72
181.952000 182.048000 72
182.528000 182.944000 71
183.200000 183.360000 71
183.712000 183.840000 70
183.936000 185.088000 69
185.184000 185.664000 70
186.400000 186.976000 72
187.136000 187.424000 72
187.680000 188.224000 83
188.224000 189.664000 82
190.432000 190.912000 72
191.648000 193.664000 81
194.432000 194.944000 72
195.136000 195.456000 72
195.776000 196.640000 83
196.736000 197.088000 83
197.248000 197.600000 83
197.728000 198.432000 74
199.168000 199.264000 75
199.360000 199.488000 75
199.680000 201.696000 83
201.728000 201.888000 74
202.784000 202.976000 72
203.136000 203.488000 72
203.488000 203.616000 75
203.872000 204.192000 83
204.448000 206.144000 81
206.816000 206.944000 76
207.648000 209.728000 83
210.624000 210.912000 72
211.136000 211.424000 72
211.776000 212.384000 83
212.544000 212.576000 83
212.896000 213.344000 83
213.376000 213.472000 83
213.664000 213.728000 83
213.760000 214.080000 83
