34.048000 34.528000 60
34.624000 35.296000 60
35.296000 36.000000 58
36.096000 36.288000 55
36.448000 36.768000 57
36.768000 37.280000 60
37.440000 37.920000 57
38.208000 38.656000 60
38.784000 39.680000 60
39.808000 40.192000 55
40.288000 40.736000 57
41.088000 41.760000 62
41.856000 42.048000 58
42.400000 43.776000 61
43.936000 44.608000 55
44.704000 45.120000 57
45.216000 45.600000 60
45.728000 45.888000 57
46.368000 46.688000 56
46.688000 47.200000 58
47.296000 47.680000 60
47.808000 48.032000 58
48.320000 48.800000 56
48.800000 49.152000 57
49.376000 49.728000 60
50.656000 51.552000 61
51.680000 51.840000 60
51.840000 52.320000 58
52.416000 52.672000 55
52.672000 52.832000 55
52.832000 52.992000 56
52.992000 53.440000 57
53.440000 54.176000 62
54.272000 54.432000 59
54.816000 55.168000 60
55.328000 56.000000 60
56.000000 57.344000 59
57.600000 57.920000 60
57.920000 58.336000 59
58.912000 59.264000 61
59.424000 60.096000 61
60.096000 60.704000 65
61.024000 61.344000 60
61.504000 61.888000 60
62.016000 62.720000 60
63.104000 64.256000 60
64.352000 65.280000 60
65.376000 65.792000 62
66.144000 66.560000 62
66.656000 66.880000 65
66.880000 67.712000 67
67.712000 69.088000 72
69.088000 69.440000 67
69.760000 70.176000 69
70.304000 70.432000 72
70.528000 70.752000 74
70.752000 70.976000 69
71.328000 71.840000 67
71.840000 72.320000 69
72.416000 72.736000 72
72.896000 73.056000 69
73.056000 73.600000 68
73.600000 74.336000 69
74.336000 75.136000 65
75.136000 76.128000 69
76.512000 76.928000 72
76.992000 77.184000 69
77.184000 77.888000 68
78.304000 78.944000 67
79.040000 80.320000 69
80.320000 81.344000 66
81.440000 82.496000 60
83.424000 83.552000 63
83.552000 85.152000 67
85.152000 86.208000 69
86.624000 90.080000 65
99.264000 99.456000 66
99.456000 99.744000 65
99.744000 100.608000 62
100.608000 100.704000 62
100.832000 101.216000 65
101.344000 101.728000 65
101.824000 102.624000 62
102.624000 102.816000 62
103.424000 104.096000 65
104.192000 104.864000 64
104.960000 105.408000 60
105.696000 107.168000 57
107.360000 107.776000 60
108.224000 108.416000 65
108.448000 108.960000 65
109.056000 109.376000 65
109.376000 109.952000 64
110.368000 111.456000 65
111.456000 112.128000 67
112.480000 112.864000 64
112.992000 113.920000 60
114.240000 114.464000 62
114.464000 114.688000 67
114.784000 115.168000 67
115.264000 115.904000 66
115.904000 116.608000 69
116.768000 117.408000 69
117.888000 118.144000 61
118.144000 118.368000 63
118.368000 118.592000 65
118.592000 119.424000 67
119.424000 120.832000 72
120.832000 121.152000 67
121.472000 121.888000 69
122.016000 122.112000 71
122.240000 122.464000 74
122.560000 122.720000 69
123.136000 123.552000 67
123.552000 123.968000 69
124.096000 124.480000 72
124.480000 124.832000 71
124.832000 126.048000 69
126.144000 126.560000 62
126.720000 127.904000 69
128.224000 128.640000 72
128.736000 128.960000 69
128.960000 129.600000 67
130.048000 130.240000 65
130.240000 132.544000 69
132.544000 133.056000 64
133.152000 134.240000 60
135.168000 136.352000 65
136.672000 136.960000 65
136.960000 138.240000 69
138.240000 141.376000 66
155.136000 155.520000 62
155.616000 156.608000 67
156.704000 157.120000 69
157.120000 157.824000 72
157.824000 158.400000 69
158.752000 159.136000 69
159.264000 159.360000 72
159.488000 159.712000 74
159.712000 160.000000 69
160.352000 160.832000 67
160.832000 161.216000 69
161.344000 161.728000 72
161.728000 162.080000 71
162.080000 163.296000 69
163.392000 163.776000 62
163.872000 165.152000 69
165.472000 165.888000 72
165.984000 166.176000 69
166.176000 166.912000 67
167.296000 167.936000 67
168.032000 169.280000 69
169.280000 170.304000 66
170.400000 171.392000 60
172.416000 173.600000 65
173.920000 174.208000 65
174.208000 174.528000 69
174.528000 175.488000 68
175.488000 176.704000 66
176.800000 178.464000 65
205.472000 205.568000 64
205.568000 205.888000 68
206.432000 206.528000 63
207.232000 207.424000 60
207.616000 207.808000 59
207.936000 208.064000 58
208.832000 208.960000 54
209.504000 209.600000 61
210.048000 210.240000 64
210.464000 210.592000 62
210.784000 210.976000 63
210.976000 211.264000 62
211.584000 211.776000 63
212.032000 212.192000 62
212.320000 212.672000 61
213.632000 213.760000 59
213.888000 214.560000 61
214.848000 215.008000 54
215.712000 215.936000 61
216.352000 217.024000 67
217.344000 217.824000 69
217.984000 218.144000 67
218.560000 219.200000 69
219.296000 219.712000 65
219.840000 220.192000 64
221.824000 222.208000 67
222.208000 222.400000 63
224.192000 224.288000 57
225.376000 225.536000 59
225.664000 225.760000 58
225.856000 226.144000 60
226.240000 226.464000 61
226.688000 226.816000 62
227.968000 228.128000 71
229.088000 229.280000 70
229.344000 229.632000 67
229.792000 229.824000 70
229.920000 230.176000 70
230.240000 230.272000 67
230.336000 230.496000 65
230.656000 230.784000 66
230.784000 231.072000 65
231.072000 231.136000 68
231.136000 231.424000 73
231.424000 231.904000 69
232.384000 232.544000 63
232.544000 232.608000 67
232.608000 232.768000 70
232.896000 233.120000 68
233.312000 233.440000 73
233.536000 233.696000 71
233.696000 233.984000 70
234.080000 234.112000 67
234.912000 235.008000 70
237.568000 237.984000 67
237.984000 238.208000 63
238.336000 238.656000 63
238.752000 238.976000 66
239.328000 239.584000 53
239.712000 239.968000 55
240.512000 241.184000 57
242.848000 242.944000 65
243.136000 243.488000 64
243.648000 243.744000 63
243.872000 244.000000 63
244.000000 244.256000 59
245.792000 246.144000 71
246.784000 246.880000 66
246.880000 246.944000 64
250.368000 250.496000 68
252.544000 252.672000 57
253.056000 253.152000 66
254.848000 255.136000 70
259.424000 259.584000 72
260.224000 260.320000 72
260.352000 260.416000 73
260.864000 261.056000 62
261.184000 261.440000 62
261.440000 261.792000 62
262.272000 262.400000 61
262.400000 262.592000 59
262.592000 263.072000 66
263.232000 263.296000 69
263.296000 263.456000 72
265.216000 265.408000 72
267.328000 267.424000 58
267.616000 267.840000 60
268.288000 268.416000 59
271.552000 271.776000 62
272.032000 272.544000 66
273.120000 273.408000 65
273.632000 274.272000 65
274.272000 274.688000 67
275.296000 275.456000 77
276.288000 276.352000 64
276.384000 276.544000 66
276.736000 276.832000 65
278.880000 279.584000 69
279.712000 280.192000 69
280.928000 281.024000 71
281.312000 282.304000 67
282.400000 282.752000 69
282.752000 283.648000 72
283.648000 284.096000 67
284.416000 284.928000 69
284.928000 285.376000 74
286.016000 286.176000 65
286.400000 286.688000 67
287.072000 287.424000 72
287.424000 287.552000 70
289.504000 289.952000 67
289.952000 290.624000 69
290.720000 291.200000 69
292.064000 292.192000 62
292.288000 293.248000 67
293.344000 293.856000 70
293.856000 294.336000 72
294.336000 295.072000 71
295.328000 295.808000 69
295.904000 296.128000 72
296.128000 296.352000 74
296.352000 296.640000 70
296.992000 297.504000 67
298.112000 298.368000 67
298.528000 298.688000 67
301.184000 301.504000 69
302.112000 302.240000 64
302.944000 303.328000 60
303.488000 303.872000 60
303.968000 304.160000 60
305.248000 305.824000 65
305.888000 306.016000 61
306.560000 306.656000 67
307.552000 307.936000 68
308.352000 308.448000 66
308.448000 308.704000 65
308.832000 309.088000 63
310.304000 310.528000 59
310.816000 311.232000 57
312.800000 312.896000 63
313.760000 313.888000 63
320.800000 320.864000 60
323.136000 323.296000 67
323.392000 323.712000 74
324.448000 324.672000 76
324.768000 324.896000 73
324.896000 325.184000 77
