0.960000 1.152000 63
1.152000 1.408000 69
1.568000 1.696000 67
1.920000 2.048000 66
2.048000 2.368000 69
4.736000 4.832000 68
5.024000 5.536000 62
5.984000 6.112000 64
6.240000 6.368000 67
7.072000 7.200000 68
7.584000 7.680000 62
8.096000 8.192000 62
8.512000 8.768000 63
8.896000 9.056000 62
9.440000 9.792000 69
11.872000 11.968000 60
12.288000 12.608000 66
30.624000 30.784000 61
30.976000 31.072000 65
32.480000 32.640000 67
32.640000 33.120000 65
33.312000 33.536000 57
34.144000 34.208000 62
34.528000 34.688000 66
35.200000 35.360000 57
45.472000 45.600000 58
81.568000 83.616000 56
83.712000 84.928000 56
85.024000 85.696000 56
88.448000 89.856000 57
89.952000 90.176000 56
90.176000 91.904000 59
91.904000 92.416000 54
95.264000 97.952000 63
98.112000 98.464000 60
98.464000 99.488000 58
99.616000 99.744000 56
101.472000 101.824000 56
101.920000 102.752000 54
103.232000 103.936000 56
104.096000 104.480000 51
104.960000 105.568000 56
105.696000 107.008000 52
109.184000 112.352000 56
112.448000 113.088000 56
115.808000 118.528000 57
118.624000 119.200000 58
119.296000 119.936000 55
122.656000 124.064000 60
124.384000 125.056000 59
125.056000 125.376000 63
125.440000 125.760000 59
125.888000 126.912000 57
128.864000 129.504000 56
129.504000 130.144000 53
130.624000 130.912000 56
131.072000 131.840000 54
132.320000 132.896000 56
133.056000 134.272000 52
135.616000 135.776000 55
135.776000 135.968000 56
136.160000 137.600000 61
138.016000 138.080000 60
138.080000 138.656000 64
138.656000 138.880000 61
138.880000 139.296000 60
139.296000 139.872000 58
140.000000 142.112000 59
142.432000 143.040000 57
143.040000 143.552000 59
143.552000 144.224000 61
144.224000 144.640000 59
144.896000 145.120000 64
145.120000 145.536000 63
145.536000 146.080000 62
146.240000 148.352000 57
149.408000 150.368000 62
150.496000 151.776000 63
151.776000 153.536000 59
154.336000 155.008000 57
155.008000 156.064000 63
156.064000 157.472000 59
161.184000 161.856000 58
161.856000 162.912000 64
162.912000 163.648000 60
164.128000 164.928000 56
165.056000 165.376000 57
165.472000 167.072000 61
168.000000 168.704000 59
168.704000 169.568000 64
169.568000 169.728000 61
169.728000 170.688000 60
171.456000 172.032000 56
172.160000 173.376000 66
173.376000 173.408000 60
173.408000 175.392000 59
178.336000 178.624000 53
178.624000 179.776000 57
179.872000 180.032000 54
180.128000 180.544000 52
180.640000 182.976000 54
208.320000 212.384000 56
215.136000 217.856000 57
217.952000 218.400000 57
218.624000 219.200000 54
222.016000 223.392000 59
223.712000 224.352000 59
224.352000 224.640000 63
224.768000 225.088000 59
225.248000 225.536000 58
225.632000 226.272000 56
228.192000 228.736000 56
228.736000 229.568000 54
229.920000 230.208000 56
230.368000 231.168000 54
231.648000 232.256000 56
232.384000 233.696000 52
234.976000 235.104000 53
235.104000 235.328000 56
235.520000 236.928000 61
237.376000 238.240000 64
238.336000 238.688000 59
238.688000 239.104000 57
239.360000 241.504000 59
241.856000 242.048000 55
242.048000 242.304000 56
242.304000 243.584000 61
243.584000 243.968000 56
244.256000 244.320000 61
244.320000 245.088000 64
245.184000 245.280000 59
245.280000 245.472000 58
245.632000 247.840000 57
248.768000 249.696000 61
249.856000 251.136000 63
251.136000 252.224000 59
253.696000 254.272000 57
254.368000 255.360000 64
255.360000 255.616000 59
255.616000 256.960000 56
260.608000 261.216000 58
261.216000 262.400000 63
262.400000 262.976000 58
263.392000 264.352000 56
264.448000 264.736000 57
264.864000 266.560000 61
267.392000 267.968000 57
268.096000 268.832000 64
268.832000 269.120000 62
269.120000 270.080000 59
270.784000 271.328000 56
271.488000 271.552000 64
271.552000 271.808000 65
271.808000 272.736000 64
272.832000 275.264000 56
276.576000 277.440000 63
277.440000 278.176000 60
278.720000 280.384000 66
281.024000 281.760000 61
281.760000 282.752000 67
282.752000 283.104000 62
283.200000 283.616000 57
283.616000 283.936000 59
283.968000 284.800000 59
287.968000 288.512000 60
288.608000 288.672000 65
288.672000 289.376000 66
289.376000 289.856000 65
290.048000 290.496000 58
290.720000 291.712000 59
291.808000 292.096000 60
292.256000 293.504000 64
293.504000 293.696000 61
294.720000 295.488000 62
295.488000 296.224000 67
296.224000 296.736000 64
296.832000 297.568000 57
298.176000 298.272000 60
298.432000 298.560000 67
298.848000 299.616000 69
299.712000 299.936000 65
299.936000 300.160000 64
300.160000 302.688000 62
305.216000 305.376000 56
305.376000 306.464000 60
306.592000 306.784000 57
306.880000 307.264000 55
307.488000 309.536000 57
311.200000 311.488000 60
321.408000 321.632000 55
336.384000 336.448000 56
336.992000 337.088000 57
341.472000 341.568000 56
