5.568000 7.968000 62
8.192000 8.416000 61
8.896000 9.376000 62
9.664000 10.144000 62
10.496000 10.624000 60
12.064000 12.576000 60
12.928000 13.344000 60
14.528000 14.784000 49
14.912000 16.288000 54
16.928000 17.984000 59
18.176000 19.520000 55
20.992000 21.056000 47
21.056000 21.280000 50
21.376000 22.688000 54
23.488000 23.712000 50
23.840000 24.448000 59
24.608000 26.144000 59
27.456000 28.096000 62
28.096000 29.184000 57
29.440000 30.496000 57
31.552000 31.616000 57
31.616000 31.904000 59
31.904000 32.320000 62
32.320000 32.608000 61
32.736000 33.952000 55
35.104000 35.808000 57
35.936000 39.424000 59
40.480000 40.768000 50
40.768000 42.368000 55
42.848000 42.944000 59
43.232000 43.936000 59
44.064000 45.888000 55
46.048000 46.144000 54
46.944000 47.168000 50
47.264000 47.584000 52
47.712000 48.832000 55
49.376000 50.432000 50
50.528000 52.800000 59
53.376000 53.856000 62
53.984000 54.880000 57
54.976000 56.576000 57
57.472000 57.728000 55
57.824000 58.144000 57
58.240000 58.432000 61
58.432000 58.528000 58
58.656000 59.872000 55
61.088000 61.152000 51
61.152000 61.216000 51
61.216000 61.504000 55
61.504000 61.824000 52
61.920000 62.144000 53
62.304000 62.592000 58
62.720000 63.072000 59
63.072000 63.424000 58
63.552000 66.368000 55
69.632000 69.792000 58
69.792000 69.984000 60
69.984000 70.688000 64
70.784000 71.552000 59
71.552000 72.544000 62
72.896000 73.184000 59
73.184000 73.568000 62
73.664000 74.336000 55
74.464000 74.560000 61
74.560000 74.752000 60
74.848000 75.648000 61
76.896000 77.056000 64
77.248000 77.952000 63
78.080000 79.360000 64
79.776000 80.160000 56
80.160000 80.320000 61
80.320000 81.248000 62
81.248000 82.592000 59
83.456000 83.712000 57
83.808000 84.064000 59
84.064000 84.288000 57
84.288000 85.408000 56
85.856000 85.920000 49
85.920000 86.464000 52
86.624000 87.008000 62
87.008000 87.744000 57
87.840000 89.024000 57
89.664000 89.760000 56
89.888000 90.208000 55
90.208000 90.560000 59
90.656000 90.944000 57
91.072000 91.776000 59
91.904000 92.256000 55
92.256000 94.752000 57
95.712000 100.032000 59
102.336000 102.656000 55
103.616000 103.712000 57
121.600000 121.856000 50
121.952000 122.496000 52
122.496000 123.168000 55
123.936000 124.128000 59
124.352000 125.024000 59
125.152000 126.336000 55
126.528000 126.848000 54
126.944000 127.072000 53
128.032000 128.288000 50
128.384000 128.704000 52
128.800000 129.824000 55
130.464000 131.136000 50
131.232000 131.520000 50
131.616000 133.472000 59
134.496000 135.072000 62
135.072000 135.968000 57
136.064000 137.600000 57
138.560000 138.816000 55
138.912000 139.232000 57
139.328000 139.424000 61
139.424000 139.552000 60
139.552000 139.648000 57
139.744000 140.928000 55
141.792000 141.824000 52
142.176000 143.232000 55
143.392000 143.680000 57
143.776000 144.160000 59
144.160000 144.512000 58
144.608000 146.592000 55
150.720000 151.104000 61
151.104000 151.424000 62
151.520000 151.776000 64
151.904000 152.224000 59
152.352000 152.704000 60
152.704000 153.440000 62
153.536000 153.632000 60
153.920000 153.984000 57
153.984000 154.240000 59
154.240000 154.592000 62
154.592000 155.392000 57
155.520000 155.616000 62
155.616000 155.840000 60
155.936000 156.704000 59
157.984000 158.112000 64
158.336000 159.072000 64
159.168000 160.384000 64
160.832000 161.152000 55
161.280000 161.344000 60
161.344000 162.560000 62
162.688000 163.680000 57
164.544000 164.640000 56
164.640000 165.184000 59
165.248000 165.408000 57
165.408000 165.632000 56
165.632000 166.496000 53
166.976000 167.296000 50
167.296000 167.584000 53
167.616000 167.680000 54
167.680000 168.096000 62
168.096000 168.480000 56
168.480000 168.800000 57
168.928000 170.176000 57
171.008000 171.296000 56
171.296000 171.648000 59
171.776000 172.032000 57
172.160000 172.448000 59
172.448000 172.864000 58
172.960000 175.648000 57
176.704000 177.056000 60
177.056000 177.376000 62
177.472000 177.792000 64
177.792000 178.144000 59
178.240000 178.560000 59
178.656000 179.296000 62
179.904000 180.192000 59
180.288000 180.640000 62
180.640000 181.344000 55
181.472000 181.792000 61
181.888000 182.592000 59
183.904000 184.032000 64
184.288000 184.960000 63
185.088000 186.400000 64
186.816000 187.232000 59
187.232000 188.416000 62
188.512000 189.728000 57
190.464000 190.784000 58
190.784000 191.072000 59
191.168000 191.328000 57
191.328000 191.584000 56
191.584000 192.096000 52
192.192000 192.352000 52
192.896000 193.152000 50
193.248000 193.440000 52
193.632000 193.696000 58
193.696000 193.984000 62
193.984000 194.720000 57
194.848000 196.064000 57
196.960000 197.280000 57
197.280000 197.568000 59
197.728000 198.016000 57
198.112000 198.848000 59
198.944000 199.712000 55
199.712000 201.952000 62
202.656000 208.288000 62
