4.480000 4.672000 65
23.808000 23.904000 70
25.504000 26.400000 58
26.560000 26.752000 56
26.880000 27.072000 53
27.264000 27.776000 51
27.904000 28.160000 51
28.384000 29.152000 53
31.040000 31.104000 55
31.104000 31.328000 57
31.488000 31.776000 58
31.776000 32.448000 61
32.448000 32.768000 56
32.864000 33.376000 58
33.632000 33.824000 55
33.824000 34.304000 56
34.304000 34.720000 54
36.736000 36.992000 57
37.120000 37.344000 58
37.440000 37.632000 58
37.792000 38.048000 56
38.048000 38.496000 55
38.496000 39.040000 51
39.520000 39.744000 51
39.744000 40.160000 56
40.352000 41.344000 56
42.400000 42.464000 56
42.464000 42.560000 57
42.560000 43.136000 59
43.136000 43.712000 61
43.712000 44.032000 56
44.128000 44.672000 56
44.896000 45.248000 54
45.408000 47.136000 58
50.464000 51.392000 61
51.552000 51.840000 61
52.064000 52.800000 61
53.344000 53.536000 56
53.696000 53.984000 58
53.984000 54.304000 60
54.432000 54.688000 61
54.816000 55.584000 58
56.128000 56.448000 61
56.544000 57.856000 61
57.952000 58.752000 58
59.008000 59.104000 50
59.104000 60.032000 54
60.160000 60.256000 53
61.376000 64.160000 61
64.608000 65.632000 65
65.632000 66.752000 61
67.072000 67.232000 58
67.456000 68.064000 65
68.064000 68.384000 61
68.480000 69.152000 61
69.248000 71.552000 61
72.032000 72.352000 60
72.352000 73.024000 63
73.120000 77.248000 65
77.856000 78.272000 58
78.368000 78.912000 60
78.912000 79.456000 61
79.456000 80.096000 65
80.096000 81.472000 61
81.568000 82.816000 58
83.008000 83.264000 58
83.584000 84.224000 60
84.352000 85.056000 61
85.056000 85.440000 63
85.440000 85.696000 63
85.696000 86.432000 60
86.560000 87.104000 56
87.232000 88.896000 65
89.312000 90.560000 61
90.720000 91.296000 65
91.456000 91.904000 60
92.160000 92.768000 61
92.768000 94.624000 60
94.912000 95.008000 56
95.008000 97.024000 61
97.152000 97.664000 60
97.888000 101.024000 58
112.960000 113.568000 58
113.664000 113.920000 58
114.048000 114.272000 56
114.368000 114.592000 53
114.752000 115.296000 51
115.424000 115.648000 51
115.776000 116.704000 53
118.464000 118.848000 57
118.976000 119.328000 58
119.328000 119.456000 59
119.456000 119.968000 61
119.968000 121.248000 59
121.632000 121.792000 54
121.792000 122.208000 56
122.208000 122.944000 54
124.224000 124.288000 56
124.288000 124.512000 57
124.640000 125.152000 58
125.312000 125.536000 56
125.536000 125.568000 55
125.568000 125.920000 54
125.920000 126.592000 52
126.720000 127.264000 51
127.264000 127.712000 56
127.776000 129.120000 56
129.888000 130.016000 56
130.016000 130.688000 59
130.688000 131.648000 63
131.744000 132.672000 64
132.672000 132.896000 60
133.024000 134.464000 58
135.168000 136.096000 61
136.256000 136.640000 61
136.672000 137.600000 61
138.048000 138.240000 56
138.400000 138.976000 60
139.136000 139.296000 61
139.296000 140.256000 60
140.672000 140.800000 56
140.800000 141.120000 61
141.216000 141.440000 61
141.536000 142.144000 61
142.240000 142.592000 60
142.688000 143.232000 56
143.232000 143.808000 58
144.224000 144.416000 51
144.576000 145.024000 53
145.184000 145.376000 53
146.048000 146.112000 56
146.112000 146.784000 61
146.880000 147.424000 61
147.552000 148.160000 61
148.256000 148.832000 60
149.312000 149.920000 65
150.048000 151.488000 63
151.744000 151.904000 58
152.128000 152.288000 65
152.288000 152.512000 65
152.512000 152.800000 64
152.800000 153.056000 58
153.184000 156.352000 61
156.704000 157.056000 60
157.056000 162.016000 66
162.560000 162.976000 58
163.072000 163.616000 60
163.616000 164.128000 61
164.128000 164.800000 65
164.800000 167.456000 61
167.712000 168.032000 58
168.352000 168.704000 58
168.704000 168.928000 60
169.056000 169.696000 61
169.792000 170.112000 61
170.112000 170.368000 63
170.368000 170.944000 61
170.944000 171.776000 56
171.904000 173.632000 65
173.888000 174.016000 57
174.016000 175.296000 61
175.424000 176.000000 65
176.160000 176.608000 60
176.832000 177.472000 61
177.472000 178.848000 60
178.944000 179.328000 58
179.584000 182.368000 63
182.528000 183.392000 56
183.392000 184.768000 58
185.120000 185.664000 58
185.664000 186.624000 61
186.720000 186.784000 62
186.784000 187.488000 65
187.488000 187.872000 60
188.096000 188.160000 59
188.160000 188.736000 62
188.864000 189.728000 58
189.888000 190.336000 57
190.336000 190.624000 58
190.912000 192.288000 61
192.384000 192.704000 61
192.704000 192.992000 63
193.024000 193.664000 63
193.760000 196.256000 66
196.576000 196.640000 57
196.640000 196.928000 58
196.928000 197.888000 61
198.016000 198.688000 65
198.688000 199.136000 60
199.456000 199.616000 61
199.776000 201.472000 60
201.568000 201.952000 58
202.208000 202.592000 58
202.592000 202.880000 60
202.976000 203.936000 61
204.032000 204.320000 63
204.320000 205.056000 61
205.152000 205.600000 56
205.792000 207.200000 59
207.840000 209.600000 61
209.696000 209.920000 63
209.920000 210.720000 61
210.720000 211.264000 56
211.488000 214.208000 58
