19.296000 19.456000 52
34.976000 35.520000 53
35.616000 36.256000 56
36.864000 37.216000 52
37.344000 37.536000 51
37.696000 38.272000 54
38.976000 39.136000 49
39.264000 39.680000 50
39.680000 40.864000 53
40.992000 41.472000 53
41.600000 41.856000 51
41.984000 42.304000 50
42.816000 42.848000 49
45.504000 45.792000 49
46.016000 46.368000 50
46.656000 46.848000 50
47.328000 47.424000 51
47.424000 48.384000 55
48.384000 48.864000 56
49.440000 49.600000 51
49.696000 49.792000 51
49.984000 50.176000 51
50.176000 51.008000 55
51.616000 52.256000 49
52.256000 53.024000 53
53.120000 53.472000 51
53.728000 54.080000 53
54.240000 54.880000 52
58.112000 58.368000 49
58.592000 58.944000 51
59.072000 59.456000 49
59.872000 60.064000 49
60.224000 60.544000 49
61.024000 61.088000 49
61.312000 61.792000 49
62.080000 62.272000 49
62.400000 62.784000 50
63.648000 64.288000 51
64.384000 64.864000 51
64.960000 66.048000 53
66.048000 66.592000 54
66.944000 67.104000 50
67.264000 67.808000 50
68.352000 68.544000 49
68.672000 69.024000 49
69.440000 69.632000 49
69.728000 70.272000 49
70.432000 70.656000 49
70.784000 73.568000 51
76.736000 76.832000 70
76.832000 76.992000 65
77.088000 77.984000 63
78.112000 78.176000 62
78.176000 78.528000 65
78.624000 78.784000 60
78.880000 79.040000 59
79.136000 79.264000 60
79.360000 80.064000 63
80.256000 80.608000 61
80.832000 82.016000 59
85.152000 85.184000 58
85.216000 85.280000 58
85.280000 85.408000 64
85.504000 87.232000 65
87.328000 87.712000 63
87.840000 88.576000 63
88.704000 90.784000 68
92.768000 92.928000 56
93.056000 94.816000 58
95.008000 96.384000 65
97.088000 97.216000 60
97.344000 97.696000 60
97.824000 98.208000 60
98.336000 98.496000 60
98.592000 98.752000 56
98.848000 99.200000 61
99.200000 99.808000 63
99.904000 100.640000 61
101.184000 101.344000 55
101.504000 101.728000 58
101.728000 102.656000 61
102.880000 103.232000 65
103.392000 103.904000 63
104.384000 105.344000 61
105.536000 105.952000 63
106.080000 108.352000 61
110.400000 110.496000 60
110.496000 110.816000 64
110.912000 111.360000 63
111.456000 111.616000 63
111.776000 112.160000 65
112.256000 112.416000 60
112.544000 113.728000 63
113.952000 114.400000 61
114.528000 114.784000 53
114.784000 115.776000 58
118.784000 118.976000 60
118.976000 120.864000 65
120.960000 121.152000 63
121.248000 121.472000 62
121.472000 122.208000 63
122.336000 122.400000 65
122.400000 122.752000 68
122.848000 124.416000 65
126.464000 127.072000 58
127.168000 127.328000 58
127.456000 127.872000 58
127.968000 128.224000 55
128.224000 128.448000 58
128.544000 129.248000 66
129.408000 130.208000 63
130.624000 131.040000 60
131.136000 131.328000 58
131.328000 131.552000 60
131.648000 132.256000 59
132.256000 132.320000 56
132.448000 132.608000 59
132.800000 134.176000 62
134.560000 134.752000 56
134.848000 135.776000 58
135.936000 136.160000 55
136.160000 136.320000 58
136.544000 136.896000 64
137.024000 137.600000 63
138.272000 138.976000 61
139.200000 143.584000 63
143.808000 145.664000 58
151.520000 151.808000 63
152.160000 153.248000 65
156.704000 157.408000 53
157.536000 158.464000 56
159.072000 159.520000 51
159.520000 160.224000 54
160.960000 161.632000 49
161.632000 163.904000 53
164.064000 164.352000 52
166.368000 166.496000 55
166.720000 167.040000 56
167.552000 167.776000 49
168.000000 168.384000 51
169.664000 169.696000 49
170.688000 170.912000 49
171.776000 172.000000 49
173.184000 173.664000 51
174.048000 174.240000 51
174.368000 176.000000 53
176.608000 177.024000 49
178.720000 178.880000 49
179.040000 179.392000 49
179.776000 180.000000 49
180.128000 180.448000 49
180.672000 180.896000 49
181.216000 183.488000 51
185.632000 185.792000 52
186.208000 186.272000 62
186.272000 186.336000 62
186.464000 187.360000 63
187.520000 187.904000 64
187.904000 188.416000 62
188.544000 189.440000 63
189.600000 190.048000 61
190.048000 191.520000 60
193.952000 194.208000 65
194.400000 194.592000 69
194.592000 194.656000 65
194.816000 195.776000 63
195.904000 197.056000 65
197.152000 197.888000 63
198.016000 200.224000 68
202.144000 202.336000 56
202.432000 203.392000 58
203.520000 203.680000 56
203.808000 204.064000 55
204.064000 204.192000 58
204.352000 206.048000 65
206.400000 206.560000 60
206.688000 207.040000 60
207.136000 207.552000 59
207.680000 207.872000 60
208.032000 209.952000 63
210.496000 210.688000 56
210.816000 211.072000 59
211.072000 212.000000 61
212.224000 212.544000 65
212.704000 213.216000 63
213.760000 214.688000 61
214.880000 215.264000 63
215.424000 217.344000 61
219.776000 219.840000 63
219.840000 220.192000 65
220.320000 220.544000 63
220.544000 221.024000 63
221.152000 221.664000 65
221.664000 221.792000 60
221.920000 223.136000 63
223.296000 223.712000 61
224.064000 224.192000 54
224.192000 225.696000 58
227.680000 228.064000 65
228.256000 228.928000 64
228.928000 229.408000 62
229.568000 230.528000 65
230.528000 231.584000 63
231.680000 232.128000 68
232.256000 232.352000 66
232.544000 234.048000 65
235.808000 236.480000 58
236.608000 237.248000 58
237.344000 237.568000 55
237.568000 237.952000 61
237.952000 238.688000 66
238.848000 239.712000 63
240.032000 240.448000 60
240.448000 240.992000 60
241.088000 241.696000 60
241.696000 241.760000 56
241.856000 242.016000 60
242.176000 243.552000 63
244.000000 244.160000 56
244.256000 245.152000 58
245.312000 245.536000 54
245.536000 245.696000 58
245.952000 246.304000 65
246.464000 247.328000 63
247.488000 248.160000 60
248.256000 248.384000 61
248.608000 251.328000 63
252.512000 252.704000 65
252.896000 253.312000 67
253.472000 254.176000 66
254.176000 254.688000 65
254.784000 254.976000 65
254.976000 255.168000 67
255.296000 255.456000 65
255.552000 255.712000 65
255.712000 256.032000 64
256.032000 257.344000 67
257.440000 258.976000 63
261.568000 261.728000 66
261.856000 262.272000 66
262.368000 262.560000 65
262.560000 262.816000 63
262.912000 263.104000 65
263.104000 263.200000 63
263.200000 263.648000 70
263.648000 265.184000 67
265.344000 265.984000 67
266.080000 267.776000 65
267.904000 268.064000 61
269.440000 269.728000 59
269.728000 269.984000 60
269.984000 271.520000 68
271.648000 272.256000 67
272.416000 273.216000 65
273.952000 274.624000 62
274.752000 274.976000 60
274.976000 277.408000 65
277.792000 278.848000 60
279.232000 279.392000 60
279.520000 280.672000 67
281.600000 282.112000 63
282.208000 282.848000 63
283.136000 285.344000 63
