5.568000 5.664000 64
11.232000 11.488000 67
11.488000 11.680000 72
11.776000 13.216000 76
14.720000 15.776000 74
15.936000 16.352000 71
18.720000 18.816000 72
19.104000 19.488000 72
20.928000 21.280000 70
21.504000 21.824000 67
22.080000 22.560000 64
22.656000 23.968000 69
24.096000 24.800000 67
24.960000 25.152000 66
25.280000 26.080000 67
27.104000 27.520000 64
27.520000 27.776000 67
27.872000 28.960000 63
29.056000 29.504000 63
29.504000 29.760000 61
29.888000 30.400000 62
31.904000 32.128000 59
32.128000 32.480000 62
32.480000 33.472000 59
33.952000 34.400000 59
34.528000 34.624000 60
34.816000 35.296000 59
35.392000 35.936000 57
36.256000 36.672000 59
36.800000 37.024000 62
37.120000 38.368000 63
38.528000 38.752000 63
38.848000 39.072000 65
39.136000 39.456000 65
39.456000 40.288000 66
40.544000 40.704000 63
40.704000 41.888000 67
41.984000 42.272000 64
42.272000 43.328000 67
43.456000 44.800000 67
45.536000 46.368000 65
46.368000 47.424000 67
47.520000 48.288000 67
48.384000 48.928000 67
49.024000 49.760000 74
49.888000 50.176000 67
50.400000 50.752000 67
50.912000 51.680000 67
51.808000 52.448000 66
52.960000 53.216000 59
53.216000 53.312000 62
53.312000 53.728000 66
53.856000 53.984000 66
54.112000 55.232000 67
55.232000 56.608000 66
58.336000 58.816000 64
59.008000 59.072000 62
59.072000 60.256000 66
60.256000 61.216000 67
61.344000 61.920000 67
62.208000 62.624000 71
62.816000 64.256000 69
64.768000 67.296000 71
67.424000 68.704000 68
68.864000 69.216000 65
69.440000 69.664000 67
69.664000 71.136000 67
71.424000 71.584000 66
71.584000 71.872000 66
71.872000 73.536000 65
73.728000 75.200000 64
75.776000 75.840000 62
75.840000 75.936000 64
75.936000 76.192000 67
76.352000 77.152000 71
77.248000 77.632000 67
77.632000 78.592000 71
78.720000 79.648000 67
79.808000 80.384000 67
80.704000 81.152000 71
81.312000 82.560000 71
82.560000 82.848000 71
83.232000 85.024000 73
85.024000 85.248000 74
85.248000 85.760000 69
85.888000 87.136000 67
87.232000 87.392000 67
87.936000 88.128000 67
88.128000 89.632000 67
89.888000 90.400000 67
90.400000 91.584000 62
91.680000 92.032000 66
92.192000 95.008000 66
101.568000 101.792000 64
103.744000 103.904000 64
104.032000 104.128000 63
104.384000 104.480000 63
105.504000 105.664000 65
105.824000 105.920000 65
106.496000 107.200000 64
107.392000 107.584000 64
107.712000 107.936000 64
108.704000 108.800000 62
108.960000 109.120000 62
109.440000 111.040000 64
111.808000 111.936000 64
113.344000 113.600000 62
113.728000 114.304000 63
114.400000 114.880000 64
115.040000 116.192000 67
116.416000 116.992000 67
117.088000 117.472000 66
117.568000 118.400000 67
118.528000 118.720000 67
119.296000 119.360000 60
119.360000 120.032000 65
120.160000 122.112000 63
122.208000 122.752000 62
124.224000 124.448000 59
124.448000 124.768000 62
124.768000 125.312000 59
125.408000 125.952000 57
126.240000 126.688000 59
127.104000 127.872000 59
128.000000 128.256000 57
128.544000 128.960000 59
129.120000 130.688000 63
130.848000 131.360000 65
131.456000 132.256000 66
132.352000 132.608000 64
132.608000 132.672000 61
132.864000 133.056000 64
133.056000 135.648000 67
135.776000 137.088000 67
137.792000 137.920000 60
137.920000 138.624000 62
138.624000 139.712000 67
139.808000 141.312000 68
141.312000 142.080000 74
142.176000 142.432000 67
142.720000 143.040000 67
143.232000 144.000000 67
144.128000 144.768000 66
145.280000 145.504000 59
145.504000 145.600000 61
145.600000 146.048000 66
146.144000 146.304000 66
146.432000 147.552000 67
147.552000 148.896000 66
150.496000 151.072000 64
151.328000 151.392000 62
151.392000 152.512000 66
152.640000 153.536000 67
153.664000 154.240000 67
154.528000 154.976000 71
155.136000 156.544000 69
157.088000 158.432000 71
158.528000 159.296000 71
159.392000 159.616000 70
159.776000 161.664000 67
161.760000 162.784000 67
162.880000 163.072000 64
163.168000 163.520000 67
163.744000 163.904000 66
163.904000 164.192000 66
164.192000 165.856000 65
166.048000 167.520000 64
168.064000 168.128000 61
168.128000 168.384000 66
168.384000 168.512000 67
168.640000 169.504000 71
169.504000 170.944000 71
171.008000 171.968000 67
172.128000 172.704000 67
172.992000 173.472000 71
173.600000 174.048000 69
174.144000 174.560000 69
174.560000 175.136000 71
175.552000 175.712000 70
175.712000 177.696000 74
177.696000 178.080000 69
178.176000 179.936000 69
180.224000 180.448000 67
180.448000 181.984000 67
182.208000 182.752000 66
182.752000 183.904000 62
183.904000 184.384000 66
184.544000 186.432000 66
186.816000 188.160000 72
188.288000 189.120000 71
189.216000 190.368000 67
190.592000 191.168000 67
191.424000 191.904000 71
192.064000 193.216000 71
193.216000 193.568000 71
194.048000 196.544000 71
196.672000 198.112000 67
198.624000 198.848000 67
198.848000 200.384000 67
200.672000 201.152000 66
201.216000 202.784000 62
202.976000 204.544000 64
204.992000 205.056000 63
205.056000 205.216000 64
205.216000 205.408000 67
205.568000 206.368000 71
206.496000 206.912000 67
206.912000 207.840000 71
208.064000 208.864000 67
208.928000 209.920000 67
209.920000 210.336000 71
210.528000 211.744000 71
211.744000 212.096000 71
212.512000 213.248000 71
213.344000 214.176000 71
214.176000 214.432000 74
214.528000 214.656000 67
214.784000 215.008000 69
215.136000 216.224000 67
216.416000 217.312000 64
217.408000 217.440000 63
217.600000 217.792000 64
218.336000 218.400000 63
218.464000 218.848000 67
219.104000 219.584000 66
219.680000 220.800000 62
220.896000 221.280000 66
221.440000 224.416000 67
224.640000 224.736000 64
