6.624000 6.944000 63
7.136000 7.264000 62
7.424000 7.808000 65
8.064000 8.192000 64
8.608000 8.992000 65
9.376000 9.760000 64
10.688000 11.072000 63
11.264000 11.744000 64
11.904000 12.000000 64
13.440000 13.504000 59
13.504000 13.600000 61
13.696000 13.824000 69
13.920000 14.400000 67
14.400000 14.848000 64
14.976000 15.392000 64
15.488000 15.968000 64
16.416000 16.640000 67
16.896000 17.344000 67
17.344000 17.568000 63
17.664000 17.760000 62
18.144000 19.072000 59
19.200000 19.872000 59
20.384000 20.512000 66
20.928000 20.992000 64
21.120000 21.280000 63
21.376000 21.504000 59
21.632000 21.760000 56
21.888000 22.208000 55
22.400000 22.592000 55
22.656000 23.296000 56
23.392000 24.032000 57
24.128000 24.512000 55
24.832000 24.928000 55
25.120000 25.216000 52
25.376000 25.504000 56
25.504000 25.728000 59
25.856000 26.016000 57
26.016000 26.176000 55
26.336000 26.464000 55
26.816000 26.880000 62
27.040000 27.808000 64
28.192000 28.288000 61
28.288000 28.576000 64
28.672000 28.800000 62
28.992000 29.280000 63
29.440000 29.568000 58
29.664000 29.824000 67
29.920000 30.304000 66
30.624000 30.784000 64
30.880000 31.008000 62
31.104000 31.424000 64
31.520000 31.776000 64
31.840000 32.000000 62
32.128000 32.672000 65
32.800000 33.120000 66
33.120000 33.184000 62
33.440000 35.552000 59
35.904000 35.936000 67
35.936000 35.968000 71
35.968000 36.000000 71
36.576000 36.704000 64
36.800000 36.896000 64
36.896000 37.184000 62
37.280000 37.376000 58
37.376000 37.728000 57
37.952000 38.208000 56
38.208000 38.432000 57
38.688000 38.912000 55
39.040000 39.424000 56
39.744000 39.808000 55
40.000000 40.192000 55
40.736000 40.896000 52
41.024000 41.120000 55
41.152000 41.408000 59
41.504000 41.824000 57
41.952000 42.400000 52
43.072000 43.232000 55
43.904000 44.160000 64
44.576000 44.864000 67
45.984000 47.104000 64
47.232000 47.488000 59
47.488000 47.648000 62
47.744000 47.840000 62
47.968000 49.600000 64
49.696000 49.824000 62
49.920000 51.296000 64
51.392000 51.744000 63
51.904000 52.416000 64
52.544000 53.664000 64
53.824000 53.920000 64
54.080000 55.360000 64
55.488000 55.840000 64
55.968000 57.184000 64
57.696000 58.080000 63
58.144000 58.304000 63
58.304000 58.528000 62
58.944000 59.136000 63
59.136000 59.424000 59
59.424000 59.840000 64
59.904000 59.936000 64
59.968000 60.032000 63
60.160000 60.288000 62
60.416000 60.512000 62
60.512000 61.088000 64
61.376000 62.016000 64
62.112000 62.272000 62
62.400000 62.560000 59
62.624000 62.656000 60
62.688000 62.784000 61
62.912000 63.264000 63
63.360000 63.744000 64
63.840000 65.216000 62
65.312000 66.976000 64
67.360000 67.520000 55
67.744000 68.128000 55
68.288000 68.352000 58
68.352000 68.544000 62
68.544000 68.928000 70
68.928000 69.184000 66
69.280000 70.720000 64
71.232000 71.328000 67
71.744000 71.840000 66
71.968000 72.320000 66
72.448000 72.608000 62
72.608000 72.896000 61
73.024000 74.880000 59
75.200000 75.296000 66
75.680000 75.808000 62
75.904000 76.096000 63
76.096000 76.352000 59
76.896000 77.056000 52
77.152000 77.408000 56
77.888000 78.464000 55
78.848000 78.976000 57
79.232000 79.296000 55
79.680000 79.808000 55
79.808000 80.128000 53
80.128000 80.416000 59
80.640000 80.992000 57
81.120000 81.536000 52
83.904000 84.096000 63
84.192000 84.448000 67
84.768000 84.928000 66
84.928000 85.248000 65
85.248000 85.760000 67
87.168000 87.328000 67
87.488000 87.616000 66
88.480000 88.800000 67
88.896000 89.120000 66
89.440000 89.728000 71
90.368000 90.464000 68
93.184000 93.312000 72
93.600000 93.696000 72
96.960000 97.152000 64
97.248000 97.408000 64
97.536000 99.712000 65
100.576000 100.672000 62
100.768000 100.960000 63
101.056000 101.888000 64
102.048000 102.176000 58
102.336000 102.560000 61
102.976000 103.136000 61
103.136000 104.352000 64
104.640000 105.856000 64
105.952000 106.592000 63
106.688000 106.816000 62
106.880000 107.008000 59
107.200000 107.328000 64
107.456000 108.288000 64
108.544000 110.336000 64
110.592000 110.752000 64
110.784000 111.072000 64
111.360000 112.192000 64
112.320000 112.416000 64
112.544000 113.184000 63
113.184000 113.440000 61
113.792000 113.984000 62
113.984000 114.272000 59
114.272000 116.096000 64
116.288000 116.448000 64
116.608000 116.896000 62
116.992000 117.184000 63
117.536000 117.632000 64
117.760000 117.920000 63
117.920000 118.176000 62
118.240000 118.656000 65
118.656000 118.944000 62
118.976000 119.168000 63
119.264000 119.648000 62
119.648000 120.000000 61
120.256000 122.144000 70
122.272000 123.040000 67
123.200000 123.712000 61
123.712000 124.224000 67
124.224000 125.152000 64
125.248000 125.728000 64
126.208000 126.336000 67
126.688000 127.296000 67
127.392000 127.552000 62
127.552000 127.808000 58
127.936000 129.728000 59
130.624000 131.008000 63
131.104000 131.264000 59
131.424000 131.520000 56
131.808000 131.968000 52
132.064000 132.384000 56
132.576000 133.472000 57
133.760000 133.920000 56
134.080000 134.240000 55
134.624000 134.752000 54
134.752000 135.072000 53
135.072000 135.328000 59
135.488000 135.904000 57
136.000000 136.576000 52
136.736000 137.344000 52
138.624000 139.072000 64
140.064000 140.128000 64
140.160000 140.192000 62
140.256000 140.416000 62
140.512000 141.312000 64
