4.544000 5.088000 60
22.880000 23.040000 56
23.040000 24.000000 60
24.288000 24.640000 50
24.800000 24.864000 50
24.864000 25.696000 57
25.856000 25.984000 56
27.360000 27.552000 56
27.552000 28.480000 60
28.864000 29.408000 52
29.408000 30.688000 56
31.840000 31.904000 53
31.904000 32.032000 56
32.032000 32.672000 60
32.768000 33.056000 58
33.280000 33.856000 53
33.856000 34.944000 58
35.136000 35.232000 58
36.480000 36.608000 56
36.608000 36.864000 58
36.992000 37.184000 60
37.184000 37.568000 59
37.888000 39.104000 53
40.960000 41.056000 62
41.152000 41.376000 58
41.536000 41.728000 59
41.824000 42.112000 57
42.368000 42.816000 50
42.912000 44.192000 56
45.440000 45.632000 57
45.632000 45.920000 58
46.016000 46.240000 60
46.240000 46.624000 58
46.912000 47.456000 51
47.456000 48.992000 56
49.504000 49.600000 58
49.952000 50.048000 56
50.208000 51.136000 60
51.136000 51.808000 57
51.936000 53.088000 58
54.592000 55.008000 58
55.136000 55.296000 60
55.296000 55.712000 59
56.000000 57.664000 53
57.824000 57.920000 51
58.016000 58.176000 51
58.304000 58.528000 52
58.976000 59.040000 51
59.040000 59.072000 51
59.072000 59.232000 55
59.232000 59.488000 57
59.648000 59.840000 56
60.224000 61.504000 59
61.632000 61.760000 61
61.760000 62.048000 63
62.144000 62.944000 56
63.584000 64.032000 61
64.128000 64.320000 61
64.416000 64.608000 61
64.704000 64.960000 61
64.960000 65.152000 60
65.248000 65.792000 56
66.048000 66.144000 53
66.432000 67.744000 60
68.128000 68.192000 55
68.192000 68.608000 58
68.736000 69.792000 58
69.792000 70.080000 63
70.080000 70.304000 62
70.432000 70.592000 60
70.688000 70.912000 61
70.912000 71.104000 60
71.104000 71.200000 59
71.200000 71.424000 58
71.424000 72.288000 57
72.320000 72.416000 56
72.704000 74.176000 61
74.368000 74.688000 54
74.688000 75.168000 61
75.360000 76.352000 58
76.736000 76.928000 57
76.928000 77.056000 56
77.056000 77.632000 56
77.792000 77.952000 56
78.048000 78.176000 50
78.368000 79.264000 58
79.424000 79.648000 58
79.776000 80.256000 63
80.256000 81.088000 56
81.728000 82.496000 61
82.592000 83.264000 61
83.264000 83.904000 56
83.904000 84.416000 53
84.608000 85.920000 60
86.208000 86.400000 56
86.400000 87.008000 58
87.008000 87.520000 57
87.520000 87.936000 58
87.936000 89.280000 63
89.280000 89.632000 58
89.632000 90.368000 56
90.880000 92.416000 61
92.576000 93.056000 54
93.056000 93.376000 60
93.504000 94.336000 59
95.136000 95.296000 68
95.520000 96.416000 68
97.376000 97.760000 68
98.496000 98.720000 69
98.720000 99.008000 67
99.008000 99.168000 65
104.832000 106.016000 67
106.944000 107.168000 65
107.168000 107.584000 68
108.096000 108.192000 66
109.792000 109.920000 63
110.176000 110.304000 67
110.304000 110.720000 65
113.408000 113.632000 56
113.632000 113.888000 58
114.016000 114.752000 59
115.008000 115.136000 50
115.616000 115.808000 56
116.128000 116.192000 57
116.224000 116.544000 59
117.952000 118.112000 56
118.112000 119.072000 60
119.072000 119.168000 56
119.168000 120.224000 56
120.224000 121.760000 56
122.400000 122.688000 56
122.688000 123.232000 60
123.392000 123.808000 58
123.904000 124.448000 54
124.448000 125.792000 58
127.136000 127.296000 56
127.296000 128.128000 60
128.576000 128.608000 54
128.672000 128.896000 53
130.944000 131.200000 61
131.296000 131.424000 61
131.424000 131.968000 58
132.160000 132.288000 60
132.288000 132.672000 59
132.928000 133.376000 51
133.536000 134.720000 56
136.032000 136.288000 56
136.288000 136.832000 59
136.928000 137.184000 58
137.184000 137.312000 55
137.344000 137.920000 51
138.048000 138.432000 56
138.432000 139.584000 56
140.544000 140.800000 56
140.800000 141.728000 60
141.728000 142.144000 55
142.208000 142.528000 54
142.528000 143.648000 58
143.712000 143.840000 56
145.088000 145.312000 56
145.312000 146.336000 60
146.656000 148.416000 53
148.704000 149.216000 58
149.632000 149.824000 55
149.824000 150.080000 56
150.240000 150.432000 56
150.560000 150.624000 50
150.848000 150.976000 56
150.976000 152.128000 58
152.256000 152.352000 60
152.352000 152.640000 63
152.832000 153.632000 56
154.176000 154.944000 61
155.040000 155.744000 62
155.904000 156.352000 56
156.512000 156.640000 49
156.640000 156.864000 53
157.056000 158.272000 60
158.304000 158.400000 58
158.688000 159.232000 57
159.328000 159.488000 58
159.488000 160.064000 57
160.064000 160.448000 58
160.448000 160.928000 63
161.056000 161.184000 60
161.312000 161.536000 61
161.536000 161.792000 60
161.792000 162.048000 58
162.048000 162.784000 57
163.328000 164.800000 61
165.344000 166.048000 60
166.528000 167.008000 58
167.296000 167.392000 58
167.488000 168.352000 58
179.072000 179.328000 56
179.328000 179.584000 57
179.712000 179.936000 57
180.288000 180.480000 58
180.480000 180.800000 59
180.800000 181.760000 65
181.760000 181.984000 59
182.336000 182.496000 56
183.744000 184.480000 62
184.608000 184.704000 61
184.800000 185.376000 62
185.472000 185.920000 62
185.952000 188.064000 64
188.192000 188.320000 64
188.320000 188.704000 60
188.736000 189.024000 60
189.024000 189.440000 57
189.536000 189.760000 59
189.888000 190.048000 61
190.048000 190.176000 63
190.272000 190.816000 61
190.848000 191.168000 59
191.168000 191.392000 58
191.552000 191.712000 56
192.160000 192.384000 60
192.736000 194.688000 62
194.976000 195.360000 62
195.552000 195.904000 62
196.736000 197.248000 62
197.760000 198.048000 62
198.144000 198.528000 62
198.528000 198.976000 57
198.976000 199.744000 55
200.288000 200.320000 54
200.544000 201.472000 54
201.696000 202.720000 50
202.944000 203.360000 50
203.392000 203.424000 50
203.712000 204.480000 50
204.512000 204.544000 50
205.152000 206.368000 64
206.368000 207.424000 62
207.424000 209.184000 70
209.600000 209.824000 61
210.272000 210.560000 61
210.624000 210.656000 61
210.720000 210.912000 61
210.912000 211.232000 59
211.776000 212.032000 50
212.448000 212.512000 50
212.544000 212.608000 50
212.672000 212.736000 50
212.800000 213.088000 50
213.120000 213.152000 50
213.600000 213.632000 55
213.984000 214.944000 64
215.104000 215.264000 59
215.424000 215.584000 58
215.584000 216.544000 61
216.576000 216.736000 58
216.736000 217.152000 55
217.376000 218.336000 57
219.840000 220.032000 57
220.032000 220.992000 61
221.344000 221.824000 52
221.824000 223.168000 57
224.384000 224.608000 57
224.608000 225.184000 61
225.344000 225.472000 59
225.472000 225.536000 58
225.536000 226.400000 57
226.400000 227.232000 59
229.024000 229.184000 59
229.184000 229.376000 60
229.568000 229.696000 61
229.824000 230.208000 59
230.464000 231.904000 54
232.064000 232.160000 53
