31.744000 31.840000 48
32.064000 32.576000 53
32.640000 32.864000 55
33.056000 33.728000 57
34.720000 34.784000 55
34.784000 35.168000 57
35.168000 35.392000 60
35.616000 37.152000 62
37.312000 37.696000 57
38.176000 38.592000 55
38.848000 39.040000 55
39.168000 39.456000 55
39.616000 39.904000 57
40.000000 40.192000 55
40.384000 41.216000 55
41.952000 42.208000 54
42.208000 42.336000 55
42.592000 43.872000 60
44.000000 46.048000 57
46.688000 46.912000 51
46.912000 47.136000 52
47.264000 47.552000 54
47.552000 47.776000 55
47.936000 48.992000 57
49.920000 49.984000 55
49.984000 51.744000 62
51.840000 52.512000 56
52.960000 53.088000 56
53.216000 53.312000 56
53.312000 54.048000 55
54.272000 54.560000 55
54.656000 54.944000 57
55.040000 55.136000 56
55.136000 55.456000 55
55.584000 55.872000 57
55.872000 56.288000 55
56.928000 57.312000 55
57.568000 57.728000 55
57.952000 58.272000 57
58.592000 58.720000 60
58.944000 59.200000 53
59.200000 60.000000 51
60.096000 60.704000 50
60.896000 61.184000 50
61.376000 61.440000 49
61.664000 61.760000 50
62.112000 62.528000 49
65.536000 65.824000 62
65.984000 66.048000 61
66.048000 66.336000 62
66.336000 66.720000 64
66.816000 67.200000 65
67.296000 67.456000 64
67.616000 68.320000 62
68.576000 68.640000 56
68.640000 68.992000 63
68.992000 69.248000 64
69.440000 69.568000 62
69.568000 72.352000 61
72.960000 73.024000 50
73.024000 73.536000 55
73.632000 74.976000 58
75.072000 75.296000 53
75.296000 75.648000 55
76.192000 76.992000 65
77.152000 77.696000 65
77.824000 79.936000 64
80.448000 81.312000 62
81.312000 82.144000 65
82.304000 82.496000 65
82.656000 83.264000 62
83.488000 83.648000 69
83.648000 84.128000 67
84.128000 84.480000 64
84.640000 84.896000 64
84.896000 85.184000 63
85.184000 85.440000 60
85.600000 87.424000 62
88.032000 88.160000 57
88.160000 89.984000 62
90.112000 90.240000 55
90.240000 90.496000 58
90.720000 90.784000 60
90.784000 90.976000 62
90.976000 91.168000 65
91.392000 93.632000 64
94.016000 94.688000 64
94.880000 98.912000 65
121.728000 121.856000 49
122.048000 122.304000 52
122.304000 122.880000 55
123.072000 123.840000 57
124.704000 124.768000 53
124.768000 125.376000 60
125.600000 127.168000 62
127.296000 127.712000 57
128.192000 128.576000 56
128.768000 129.056000 55
129.184000 129.472000 55
129.600000 129.888000 56
129.984000 130.176000 56
130.400000 131.200000 55
131.968000 132.192000 54
132.192000 132.352000 55
132.544000 133.280000 60
133.280000 133.920000 60
134.016000 134.208000 55
134.304000 136.000000 57
136.704000 136.928000 50
136.928000 137.120000 52
137.248000 137.312000 52
137.312000 137.760000 55
137.920000 138.976000 57
139.872000 139.936000 51
139.936000 141.696000 62
141.824000 142.528000 56
142.976000 143.104000 56
143.232000 144.032000 55
144.288000 144.544000 55
144.640000 144.832000 55
144.832000 145.248000 57
145.248000 145.472000 53
145.600000 145.888000 57
145.888000 146.304000 54
146.720000 147.328000 55
147.552000 147.712000 55
147.936000 148.224000 57
148.576000 148.704000 60
148.928000 149.216000 53
149.216000 150.848000 51
150.880000 151.136000 49
151.488000 152.128000 50
152.256000 152.416000 50
155.552000 155.808000 62
156.000000 156.064000 61
156.064000 156.704000 64
156.832000 157.184000 65
157.312000 157.504000 64
157.600000 158.336000 62
158.592000 158.656000 58
158.656000 159.232000 64
159.424000 159.552000 62
159.552000 162.272000 60
162.944000 163.040000 50
163.040000 163.552000 55
163.648000 164.992000 58
165.088000 165.632000 55
166.208000 167.008000 65
167.168000 167.680000 65
167.872000 169.824000 64
170.400000 170.464000 57
170.464000 171.296000 62
171.296000 172.160000 65
172.288000 172.480000 64
172.640000 173.280000 62
173.568000 173.632000 62
173.632000 174.144000 67
174.144000 174.496000 64
174.656000 174.912000 64
174.912000 175.456000 63
175.584000 177.408000 62
178.080000 178.784000 59
178.784000 179.968000 62
180.128000 180.224000 55
180.224000 180.416000 58
180.768000 180.992000 63
180.992000 181.152000 65
181.376000 183.616000 64
184.032000 184.160000 62
184.160000 184.608000 64
184.800000 189.856000 64
193.056000 193.312000 62
193.504000 193.568000 62
193.568000 194.208000 64
194.336000 194.688000 65
194.816000 194.976000 64
195.104000 195.840000 62
196.096000 196.160000 58
196.160000 196.416000 62
196.416000 196.736000 64
196.928000 197.056000 62
197.056000 199.744000 60
200.480000 200.576000 51
200.576000 201.120000 55
201.152000 202.496000 58
202.624000 203.168000 55
203.680000 204.544000 65
204.736000 205.312000 65
205.344000 207.296000 64
207.936000 208.000000 59
208.000000 208.832000 63
208.832000 209.696000 65
209.824000 210.016000 64
210.208000 210.784000 62
211.136000 211.200000 65
211.200000 211.840000 67
211.840000 212.032000 64
212.192000 212.416000 64
212.416000 212.992000 63
213.152000 214.912000 62
215.552000 216.192000 58
216.192000 217.472000 62
217.664000 217.824000 55
217.824000 217.984000 58
218.304000 218.496000 62
218.496000 218.720000 65
218.912000 221.152000 64
221.504000 222.048000 64
222.272000 227.040000 64
