24.000000 24.608000 69
24.800000 25.408000 67
25.408000 25.568000 71
25.568000 26.144000 69
26.144000 26.848000 68
26.848000 27.456000 71
27.584000 29.664000 72
29.664000 30.048000 67
30.144000 30.496000 70
30.624000 32.512000 69
32.512000 35.232000 71
35.328000 35.424000 68
35.424000 37.024000 71
37.024000 37.888000 69
37.888000 38.528000 71
38.624000 40.288000 69
40.736000 41.312000 69
41.440000 43.392000 69
43.520000 43.712000 68
43.840000 47.456000 70
47.456000 48.320000 71
48.448000 48.864000 69
49.504000 49.792000 67
49.984000 50.528000 67
50.656000 51.328000 67
51.584000 51.808000 59
51.808000 51.968000 62
52.064000 52.192000 67
52.320000 52.576000 66
52.736000 53.376000 66
53.440000 54.592000 66
54.912000 55.040000 62
55.200000 56.160000 64
56.320000 56.448000 62
56.576000 57.312000 59
57.760000 57.952000 59
58.048000 58.560000 57
58.784000 59.072000 63
59.200000 60.320000 62
60.864000 62.144000 67
62.304000 62.720000 67
62.976000 63.200000 60
63.200000 63.424000 62
63.424000 63.968000 66
64.096000 64.512000 66
64.608000 65.888000 66
66.208000 67.232000 64
67.648000 68.000000 64
68.000000 68.672000 66
68.672000 69.184000 64
69.344000 71.040000 67
71.456000 72.288000 67
72.288000 72.672000 64
72.928000 72.992000 63
72.992000 73.152000 63
73.152000 73.504000 67
73.664000 74.368000 66
74.976000 75.040000 60
75.040000 75.616000 63
76.128000 77.088000 63
77.376000 79.904000 58
80.160000 80.320000 57
80.320000 80.544000 56
80.672000 81.088000 59
81.088000 82.976000 62
83.392000 83.584000 62
83.584000 84.000000 63
84.224000 84.448000 64
84.576000 84.736000 63
84.928000 85.152000 63
85.312000 85.888000 66
86.016000 86.272000 65
86.272000 87.584000 69
87.680000 88.704000 71
88.864000 89.120000 69
89.120000 89.440000 67
89.536000 89.696000 67
89.856000 92.160000 71
92.160000 92.576000 71
92.704000 94.752000 71
94.880000 95.520000 67
95.648000 95.840000 67
95.968000 97.632000 69
97.632000 102.112000 71
102.112000 102.912000 69
102.912000 103.616000 71
103.744000 105.472000 69
105.888000 106.464000 69
106.592000 108.576000 69
108.672000 108.896000 67
108.992000 109.152000 66
109.152000 109.600000 69
109.728000 109.856000 67
109.920000 111.072000 67
111.232000 111.392000 67
120.288000 121.568000 74
121.728000 121.824000 74
134.912000 140.416000 67
140.576000 141.152000 67
141.280000 141.984000 67
142.208000 142.368000 58
142.368000 142.560000 61
142.656000 142.784000 66
142.944000 143.200000 66
143.360000 145.184000 66
145.536000 145.632000 62
145.792000 146.784000 64
146.912000 147.072000 62
147.168000 147.904000 60
148.320000 149.184000 59
149.376000 149.664000 63
149.760000 150.720000 62
151.424000 152.736000 67
152.864000 153.280000 67
153.632000 153.760000 59
153.760000 154.016000 62
154.016000 154.560000 66
154.688000 156.512000 66
156.832000 157.120000 62
157.120000 158.048000 64
158.240000 158.624000 65
158.624000 159.744000 66
159.904000 161.632000 67
162.048000 162.880000 67
162.880000 163.232000 63
163.488000 163.552000 62
163.552000 163.744000 64
163.744000 164.064000 67
164.224000 165.120000 66
165.632000 166.240000 63
166.368000 166.592000 67
166.688000 167.712000 62
167.968000 170.528000 59
170.720000 170.912000 57
170.912000 171.136000 56
171.264000 171.680000 59
171.680000 173.504000 62
173.984000 174.080000 60
174.080000 174.592000 64
174.784000 175.072000 64
175.200000 175.328000 63
175.520000 175.744000 64
175.904000 176.384000 66
176.384000 177.024000 67
177.024000 179.296000 71
179.456000 179.744000 69
179.744000 180.288000 70
180.448000 181.152000 67
181.152000 181.888000 69
181.888000 183.136000 71
183.296000 185.376000 71
185.632000 186.144000 69
186.240000 188.224000 69
188.224000 190.944000 71
191.008000 191.232000 69
191.232000 192.448000 71
192.448000 192.704000 70
192.704000 196.064000 71
196.448000 197.056000 69
197.184000 199.136000 69
199.296000 199.456000 69
199.552000 200.128000 71
200.224000 200.352000 55
200.416000 200.480000 55
200.512000 200.576000 55
200.608000 200.928000 55
201.024000 202.048000 55
202.368000 202.976000 69
203.200000 203.488000 67
203.584000 203.872000 67
203.872000 203.968000 68
203.968000 204.544000 69
204.544000 205.248000 68
205.248000 205.824000 71
205.952000 208.096000 71
208.096000 208.384000 67
208.480000 208.704000 67
208.960000 210.784000 69
210.848000 215.424000 71
215.424000 216.160000 67
216.160000 216.928000 71
217.024000 218.752000 69
219.104000 219.712000 69
219.808000 221.792000 70
221.920000 222.112000 67
222.240000 224.672000 69
225.216000 227.264000 73
227.456000 227.680000 74
229.696000 230.112000 72
230.976000 231.232000 71
