0.640000 2.048000 72
2.048000 2.208000 67
2.592000 3.872000 67
4.160000 4.288000 66
4.448000 5.120000 59
5.120000 6.144000 56
6.144000 7.776000 62
8.032000 9.504000 67
10.208000 10.688000 53
10.880000 11.616000 53
11.680000 11.936000 53
12.512000 12.832000 53
13.088000 13.760000 55
13.856000 14.944000 56
15.040000 15.264000 55
15.488000 17.312000 55
17.472000 18.560000 55
18.720000 18.784000 55
18.816000 19.520000 55
19.744000 20.064000 62
20.064000 20.224000 67
20.224000 21.088000 67
21.088000 21.888000 66
21.984000 22.656000 67
22.656000 23.488000 63
23.808000 23.936000 58
24.032000 24.160000 63
24.288000 25.440000 65
25.536000 26.592000 62
26.720000 26.976000 65
27.168000 30.208000 67
31.200000 31.488000 61
31.488000 32.448000 67
32.544000 32.768000 65
32.768000 34.304000 66
34.304000 34.976000 62
35.232000 36.864000 65
36.960000 41.088000 62
41.536000 41.760000 67
42.432000 42.560000 63
42.560000 43.136000 61
43.136000 43.296000 67
43.392000 44.000000 67
44.000000 45.408000 67
45.568000 46.496000 63
46.720000 46.848000 57
46.944000 47.104000 63
47.200000 48.320000 65
48.416000 48.800000 62
48.896000 49.280000 62
49.280000 49.504000 60
49.600000 49.888000 65
50.080000 53.184000 67
54.112000 54.624000 61
54.624000 54.656000 62
54.656000 55.968000 67
56.064000 56.288000 65
56.288000 57.088000 67
57.088000 57.920000 63
58.208000 58.272000 60
58.272000 58.560000 63
58.688000 60.320000 65
60.608000 60.864000 62
60.864000 61.184000 61
61.312000 64.320000 60
65.568000 66.624000 72
66.624000 68.928000 67
69.152000 69.536000 66
69.536000 71.232000 70
71.296000 73.088000 67
73.216000 74.176000 67
74.176000 74.400000 65
74.400000 74.880000 63
74.880000 75.744000 67
75.872000 76.672000 65
76.992000 77.696000 65
77.792000 78.304000 60
78.496000 80.640000 60
80.800000 80.864000 63
80.864000 81.824000 72
82.048000 84.288000 67
84.480000 88.288000 70
88.480000 89.856000 67
89.984000 90.784000 62
91.136000 91.776000 65
92.096000 92.480000 61
92.480000 92.960000 63
92.960000 93.408000 62
93.568000 97.024000 60
98.048000 98.528000 72
98.784000 99.136000 72
99.456000 99.680000 67
100.000000 101.696000 67
101.824000 101.952000 62
102.240000 103.808000 56
104.064000 104.224000 62
104.576000 104.768000 62
105.472000 106.688000 67
106.784000 107.072000 67
107.296000 109.504000 65
109.664000 110.784000 66
110.784000 111.392000 67
111.392000 111.904000 75
112.128000 112.256000 68
112.480000 112.608000 67
112.736000 115.392000 67
115.424000 116.000000 67
116.512000 116.768000 67
117.152000 117.440000 60
117.440000 117.472000 61
117.472000 117.504000 63
117.504000 118.848000 67
118.848000 119.264000 63
119.392000 120.032000 66
120.032000 121.024000 63
121.184000 121.248000 59
121.248000 122.080000 63
122.176000 122.976000 65
122.976000 124.000000 63
124.096000 124.352000 65
124.544000 127.648000 67
128.608000 128.896000 62
128.896000 129.056000 66
129.056000 129.952000 67
129.952000 131.360000 66
131.488000 131.840000 63
131.840000 132.352000 60
132.672000 132.736000 59
132.736000 134.272000 65
134.368000 137.888000 62
140.032000 140.512000 62
140.512000 141.344000 67
141.440000 141.888000 65
141.984000 142.816000 67
142.976000 143.200000 63
143.200000 143.904000 62
144.128000 144.256000 58
144.352000 145.696000 65
145.824000 146.016000 61
146.016000 146.848000 62
146.976000 147.360000 65
147.456000 149.632000 67
151.520000 152.000000 61
152.000000 152.064000 63
152.064000 153.376000 67
153.472000 154.656000 67
154.656000 155.392000 62
155.584000 155.712000 60
155.712000 155.968000 63
156.096000 156.480000 63
156.576000 157.184000 65
157.280000 157.760000 62
157.984000 158.368000 62
158.368000 158.560000 61
158.656000 161.760000 60
162.848000 163.968000 72
164.128000 166.464000 67
166.592000 166.976000 66
166.976000 168.640000 70
168.736000 172.000000 68
172.096000 172.960000 63
173.056000 173.152000 65
173.280000 174.112000 65
174.432000 175.168000 65
175.168000 177.984000 62
178.272000 178.432000 70
178.432000 179.200000 72
179.424000 179.840000 65
179.936000 183.904000 70
184.032000 185.792000 68
185.888000 185.952000 65
185.952000 186.080000 65
186.080000 187.232000 68
187.392000 187.584000 62
187.584000 188.288000 61
188.288000 188.448000 67
188.544000 189.280000 65
189.504000 189.824000 60
189.856000 189.920000 61
189.920000 190.432000 63
190.432000 190.816000 62
190.944000 194.336000 60
195.488000 196.320000 72
196.416000 196.512000 67
196.640000 196.960000 65
197.120000 198.816000 67
199.040000 199.424000 65
199.424000 201.120000 70
201.216000 203.008000 68
203.104000 204.672000 67
204.736000 205.376000 61
205.504000 205.632000 66
205.760000 206.592000 65
206.848000 207.296000 65
207.488000 207.584000 63
207.680000 208.160000 60
208.352000 210.432000 59
210.784000 211.712000 72
211.936000 212.256000 65
212.416000 214.080000 67
214.336000 214.624000 65
214.624000 214.720000 66
214.720000 216.416000 70
216.544000 218.176000 68
218.400000 218.912000 55
219.136000 219.264000 62
219.360000 219.520000 66
219.520000 219.968000 65
219.968000 220.448000 63
220.512000 220.768000 61
220.768000 220.864000 64
221.056000 221.824000 65
222.016000 222.464000 61
222.464000 223.264000 63
223.488000 225.536000 60
225.664000 225.888000 60
225.984000 227.392000 72
227.488000 227.744000 67
227.776000 228.320000 65
229.824000 230.304000 72
230.400000 230.720000 72
236.192000 236.704000 56
236.704000 237.568000 60
237.792000 238.144000 60
243.264000 243.456000 72
243.648000 244.608000 72
