2.464000 3.104000 57
3.328000 3.424000 57
3.872000 4.224000 57
4.544000 4.736000 57
4.896000 4.992000 57
21.920000 22.464000 60
22.464000 22.688000 55
22.848000 23.104000 53
23.104000 23.328000 57
23.456000 23.712000 51
23.712000 24.800000 55
25.280000 25.504000 50
25.600000 25.792000 55
25.792000 26.080000 54
26.080000 26.400000 50
26.560000 27.264000 47
27.360000 27.616000 47
27.712000 27.872000 47
31.616000 32.160000 60
32.160000 32.384000 55
32.512000 32.704000 52
32.800000 32.992000 57
33.120000 33.312000 50
33.440000 34.464000 55
34.912000 35.168000 52
35.264000 35.744000 57
35.904000 36.192000 51
36.192000 36.416000 52
36.576000 38.496000 51
40.960000 41.376000 53
41.376000 41.536000 58
41.664000 41.920000 59
42.272000 43.040000 59
43.744000 44.000000 52
44.000000 44.448000 63
44.448000 44.544000 64
44.640000 44.832000 59
44.960000 45.120000 57
45.248000 45.472000 57
45.472000 45.760000 55
45.760000 46.208000 53
46.208000 46.752000 57
46.752000 46.976000 51
47.104000 47.936000 57
48.608000 48.800000 50
48.800000 48.864000 54
48.864000 49.088000 58
49.088000 49.344000 62
49.440000 49.632000 57
49.728000 50.560000 55
50.688000 51.040000 51
51.040000 51.200000 55
51.296000 51.488000 55
51.616000 51.776000 54
51.968000 52.864000 55
53.504000 53.792000 55
53.792000 54.272000 59
54.400000 54.688000 53
54.688000 54.880000 58
55.040000 55.328000 57
55.328000 55.808000 52
55.808000 58.912000 59
60.256000 60.352000 67
60.352000 60.384000 63
60.448000 60.672000 59
60.672000 61.504000 59
61.504000 62.144000 55
63.168000 63.488000 54
63.488000 63.776000 55
63.776000 64.032000 57
64.032000 64.384000 60
64.384000 65.216000 67
65.344000 65.536000 62
65.632000 65.824000 64
65.920000 67.616000 62
68.064000 68.512000 59
68.640000 69.184000 67
69.184000 69.440000 64
69.536000 69.856000 59
69.856000 70.656000 64
70.816000 71.776000 59
72.512000 73.248000 62
73.248000 74.016000 57
75.008000 75.168000 55
75.296000 75.776000 61
75.872000 76.128000 67
76.256000 76.416000 65
76.416000 77.024000 63
77.216000 77.536000 55
77.760000 78.752000 62
79.232000 79.680000 60
79.808000 80.096000 59
80.096000 80.864000 59
80.864000 81.536000 55
82.528000 82.880000 55
82.880000 83.072000 55
83.072000 83.392000 58
83.392000 83.744000 60
83.744000 84.256000 67
84.384000 84.576000 62
84.672000 84.960000 63
84.960000 85.216000 64
85.312000 87.104000 62
87.392000 87.872000 59
87.968000 88.576000 69
88.576000 89.120000 66
89.216000 90.048000 67
90.048000 90.176000 62
90.176000 90.912000 59
91.584000 91.840000 67
91.968000 92.160000 66
92.160000 92.480000 62
92.480000 93.504000 59
94.112000 94.720000 66
94.816000 97.728000 64
118.880000 119.392000 60
119.520000 119.744000 55
119.840000 120.128000 54
120.128000 120.352000 57
120.352000 120.608000 53
120.736000 120.928000 55
121.088000 121.856000 52
122.048000 122.272000 48
122.272000 122.560000 51
122.560000 122.784000 55
122.784000 123.136000 54
123.136000 123.360000 49
123.520000 123.872000 47
124.032000 124.128000 47
124.224000 124.320000 47
124.416000 124.544000 47
128.608000 129.120000 60
129.248000 129.440000 55
129.568000 129.824000 54
129.824000 130.080000 57
130.176000 130.432000 51
130.432000 130.656000 55
130.816000 131.552000 52
131.904000 132.160000 52
132.160000 132.736000 57
132.896000 133.440000 52
133.536000 134.880000 50
137.888000 138.336000 56
138.336000 138.464000 59
138.592000 138.784000 59
138.912000 139.040000 52
139.200000 139.968000 59
140.768000 140.992000 53
140.992000 141.216000 59
141.312000 141.504000 64
141.600000 141.856000 59
141.952000 142.144000 57
142.240000 142.496000 57
142.496000 142.784000 56
142.784000 143.232000 54
143.232000 143.680000 57
143.680000 143.904000 53
144.064000 144.896000 57
145.632000 145.856000 50
145.856000 146.112000 59
146.112000 146.304000 62
146.464000 146.624000 57
146.752000 147.584000 55
147.712000 148.000000 49
148.000000 148.224000 55
148.320000 148.512000 55
148.608000 148.768000 54
148.896000 149.920000 55
150.400000 150.592000 53
150.592000 151.232000 59
151.328000 151.616000 54
151.616000 151.840000 59
151.968000 152.224000 57
152.224000 152.704000 55
152.864000 156.160000 59
157.376000 157.952000 59
158.048000 158.272000 59
158.272000 158.560000 57
158.560000 159.296000 53
160.064000 160.416000 54
160.416000 160.704000 55
160.704000 161.216000 59
161.312000 161.824000 67
161.824000 162.112000 65
162.240000 162.432000 62
162.560000 162.720000 64
162.848000 164.640000 62
164.960000 165.408000 59
165.568000 166.144000 67
166.144000 166.368000 63
166.464000 166.688000 59
166.784000 167.616000 64
167.776000 168.544000 59
169.504000 170.240000 62
170.240000 170.400000 57
170.624000 171.104000 55
171.968000 172.160000 55
172.288000 172.768000 62
172.864000 173.440000 67
173.440000 174.016000 62
174.176000 174.560000 55
174.688000 175.936000 62
176.256000 176.704000 60
176.832000 177.120000 59
177.120000 177.888000 59
177.888000 178.784000 55
179.520000 179.840000 54
179.840000 180.128000 55
180.128000 180.384000 57
180.384000 180.704000 60
180.704000 181.248000 67
181.376000 182.272000 64
182.272000 183.936000 62
184.352000 184.832000 59
184.960000 185.504000 69
185.504000 185.760000 65
185.856000 186.080000 62
186.176000 186.944000 67
186.944000 187.104000 63
187.104000 187.904000 59
188.544000 188.768000 67
188.928000 189.152000 66
189.248000 189.504000 62
189.504000 190.368000 58
191.072000 191.648000 66
191.744000 195.360000 64
195.904000 196.704000 59
196.800000 197.024000 59
197.024000 197.376000 57
197.376000 198.048000 52
198.848000 199.200000 54
199.200000 199.520000 55
199.520000 199.776000 57
199.776000 200.096000 60
200.096000 200.928000 67
201.024000 201.216000 62
201.344000 201.568000 64
201.568000 203.328000 62
203.744000 204.224000 59
204.352000 204.896000 67
204.896000 205.152000 64
205.248000 205.536000 60
205.536000 205.728000 64
205.856000 206.368000 64
206.560000 206.816000 59
206.912000 207.328000 57
208.320000 209.024000 62
209.024000 209.728000 57
210.752000 210.912000 54
211.040000 211.520000 62
211.616000 211.872000 67
212.032000 212.224000 65
212.224000 212.768000 63
212.992000 213.376000 55
213.504000 214.912000 62
215.008000 215.648000 60
215.648000 215.904000 59
215.904000 216.704000 59
216.704000 217.600000 55
218.240000 218.592000 55
218.592000 218.848000 55
218.848000 219.168000 57
219.168000 219.424000 59
219.424000 220.000000 67
220.128000 221.056000 64
221.056000 222.752000 62
223.136000 223.616000 59
223.744000 224.288000 69
224.288000 224.544000 65
224.640000 224.928000 62
224.928000 225.728000 67
225.824000 226.080000 59
226.080000 226.688000 57
227.296000 227.584000 67
227.712000 227.936000 66
227.936000 228.256000 62
228.256000 230.176000 58
231.456000 232.128000 66
232.576000 235.872000 64
