12.704000 12.832000 68
17.760000 18.048000 64
23.808000 23.936000 65
24.000000 24.128000 64
25.952000 26.048000 57
26.144000 26.208000 64
26.208000 26.304000 66
26.304000 27.968000 69
27.968000 28.928000 64
29.024000 29.632000 62
29.824000 31.392000 64
32.448000 32.800000 55
32.800000 33.088000 58
33.088000 33.728000 61
33.728000 34.816000 65
35.072000 35.488000 62
35.488000 35.936000 61
35.936000 38.144000 67
38.944000 39.552000 69
39.744000 41.952000 64
41.952000 44.864000 69
45.248000 45.568000 60
45.696000 46.048000 64
46.144000 47.360000 63
48.128000 48.416000 62
48.416000 48.864000 61
48.992000 51.200000 64
51.904000 52.064000 55
52.256000 52.320000 67
52.320000 53.952000 70
53.952000 57.568000 64
58.464000 58.624000 55
58.752000 58.848000 55
58.848000 59.776000 60
59.808000 59.872000 63
59.872000 60.000000 66
60.000000 60.192000 65
60.256000 60.672000 63
60.896000 61.056000 62
61.216000 61.856000 62
61.952000 64.320000 67
64.928000 65.536000 69
65.760000 67.936000 65
68.032000 70.944000 69
71.072000 71.456000 69
71.680000 71.936000 64
72.160000 73.664000 63
73.792000 74.176000 62
74.176000 74.528000 64
74.528000 75.520000 63
75.616000 77.536000 61
78.112000 78.176000 68
78.176000 79.200000 70
79.200000 80.768000 72
80.768000 81.664000 71
81.664000 85.728000 70
85.728000 87.744000 72
87.904000 88.256000 69
88.352000 90.784000 64
91.136000 91.200000 65
91.200000 91.616000 69
91.712000 92.256000 69
92.384000 93.056000 72
93.184000 94.240000 71
94.240000 95.520000 68
95.616000 95.680000 69
95.680000 96.320000 71
96.448000 97.568000 69
97.632000 98.240000 67
98.368000 99.584000 65
100.096000 100.672000 64
100.672000 100.864000 62
100.992000 104.032000 62
104.672000 105.312000 60
106.400000 106.944000 64
115.008000 115.520000 64
115.680000 116.224000 62
127.456000 128.320000 61
130.176000 130.272000 65
130.272000 131.904000 69
131.904000 135.584000 64
136.416000 136.576000 55
136.672000 136.736000 55
136.736000 136.832000 56
136.832000 136.960000 57
136.960000 137.056000 59
137.056000 137.632000 61
137.632000 138.720000 64
138.880000 139.040000 62
139.168000 140.064000 66
140.064000 140.512000 67
140.704000 142.720000 65
142.880000 143.552000 69
143.584000 145.856000 68
145.984000 148.896000 69
149.248000 149.600000 70
149.600000 149.664000 63
149.696000 149.984000 64
150.176000 151.296000 62
151.296000 152.480000 67
152.480000 153.472000 62
153.568000 155.456000 61
156.096000 156.160000 67
156.160000 157.216000 70
157.216000 158.752000 72
158.752000 162.848000 71
162.976000 163.680000 71
163.680000 165.536000 72
165.536000 166.272000 69
166.368000 168.704000 64
169.120000 170.240000 69
170.368000 171.072000 72
171.200000 172.256000 71
172.256000 172.480000 65
172.480000 173.600000 68
173.600000 174.336000 71
174.464000 175.488000 70
175.648000 176.256000 67
176.320000 177.408000 65
177.984000 178.624000 65
178.624000 181.280000 62
182.112000 183.040000 69
183.168000 183.616000 72
183.712000 184.864000 72
184.960000 188.288000 71
188.416000 188.608000 67
188.608000 189.504000 69
189.504000 189.632000 67
189.632000 191.328000 72
191.328000 192.256000 69
192.352000 194.784000 64
195.072000 195.136000 66
195.136000 195.232000 68
195.232000 196.352000 69
196.352000 197.056000 72
197.184000 198.304000 71
198.304000 198.464000 64
198.464000 199.552000 68
199.552000 200.288000 71
200.384000 201.504000 69
201.600000 202.176000 67
202.304000 203.520000 65
204.000000 204.320000 64
204.320000 207.328000 63
208.096000 209.024000 69
209.152000 210.944000 72
210.944000 214.368000 71
214.592000 214.752000 68
214.752000 215.712000 70
215.712000 217.440000 72
217.536000 218.368000 69
218.368000 220.672000 64
221.056000 222.208000 70
222.304000 223.040000 72
223.168000 224.000000 71
224.320000 225.408000 68
225.568000 226.208000 72
226.400000 227.296000 69
227.712000 228.160000 67
228.288000 228.384000 65
