21.760000 22.240000 47
22.528000 22.624000 50
22.816000 23.008000 50
23.008000 23.296000 52
25.440000 25.856000 52
25.952000 26.144000 54
26.144000 26.304000 55
26.464000 27.232000 55
27.232000 27.936000 59
28.160000 28.416000 62
28.544000 28.768000 54
29.824000 30.240000 50
30.336000 31.008000 52
31.136000 31.264000 52
31.360000 31.616000 59
31.616000 33.344000 59
33.344000 33.760000 56
34.400000 34.560000 52
34.720000 35.392000 55
35.552000 35.904000 52
36.032000 36.448000 56
37.888000 38.784000 59
38.880000 39.680000 61
39.680000 39.904000 63
40.224000 40.672000 55
42.016000 42.240000 52
42.592000 43.648000 59
43.936000 44.192000 52
44.320000 45.024000 57
45.152000 45.536000 55
46.144000 46.304000 52
46.400000 46.560000 55
46.656000 47.040000 57
47.136000 48.448000 59
48.448000 48.672000 54
49.984000 50.144000 50
50.272000 50.400000 52
50.496000 50.688000 55
50.784000 51.424000 57
51.520000 52.128000 59
52.128000 53.376000 53
54.496000 54.912000 46
55.072000 55.296000 47
55.520000 56.384000 50
56.512000 56.768000 48
56.768000 57.056000 50
57.376000 57.536000 53
58.656000 59.040000 52
59.104000 59.424000 55
59.616000 60.320000 55
60.320000 61.024000 59
61.312000 61.856000 52
62.688000 63.136000 52
63.264000 63.872000 52
64.352000 64.448000 61
64.544000 65.312000 59
65.824000 65.952000 58
66.080000 66.208000 59
66.368000 66.816000 56
67.488000 67.680000 52
67.872000 68.608000 55
68.608000 69.024000 53
69.120000 69.952000 57
70.976000 71.136000 59
71.264000 71.904000 59
72.032000 72.704000 59
72.800000 73.632000 53
73.632000 74.240000 55
74.944000 75.328000 52
75.648000 76.960000 59
77.088000 77.344000 52
77.440000 78.624000 57
79.232000 79.456000 53
79.456000 81.216000 57
81.312000 81.472000 59
81.472000 81.952000 58
83.392000 83.648000 54
83.648000 83.776000 55
83.904000 84.544000 57
84.704000 86.016000 59
86.016000 87.072000 55
87.456000 87.584000 52
89.344000 89.504000 51
89.664000 89.888000 56
89.888000 90.816000 59
90.816000 91.328000 59
91.424000 91.840000 64
91.968000 92.288000 59
92.448000 92.896000 59
92.992000 93.216000 56
93.216000 93.632000 59
93.760000 94.016000 62
94.016000 95.648000 59
95.808000 96.000000 56
96.128000 96.736000 55
96.832000 97.376000 58
98.464000 98.752000 52
98.912000 99.296000 52
99.424000 99.648000 53
99.648000 100.448000 57
100.448000 101.344000 59
101.440000 101.760000 59
102.528000 103.200000 52
103.328000 103.488000 55
103.584000 104.256000 59
104.352000 105.376000 57
106.400000 107.360000 59
107.488000 107.648000 57
107.648000 108.064000 62
108.224000 108.352000 64
108.512000 108.704000 59
109.056000 109.120000 59
109.248000 109.440000 58
109.536000 109.792000 55
109.792000 109.952000 57
109.952000 110.304000 59
110.304000 110.784000 62
110.784000 112.512000 59
113.216000 113.600000 47
113.632000 114.176000 46
114.912000 115.072000 50
115.072000 115.392000 52
115.488000 115.872000 52
115.968000 116.224000 52
116.224000 116.992000 57
116.992000 118.272000 59
118.912000 118.976000 59
119.104000 119.264000 59
119.264000 119.520000 58
119.648000 121.024000 57
122.208000 123.104000 52
123.680000 124.480000 56
139.424000 139.712000 45
139.808000 140.160000 47
140.352000 140.960000 50
141.472000 142.304000 50
143.424000 143.616000 51
143.616000 144.096000 53
144.096000 144.320000 55
144.480000 144.832000 55
144.960000 145.184000 55
145.280000 145.920000 59
146.144000 146.528000 52
146.528000 146.976000 52
147.520000 147.904000 52
148.192000 148.608000 52
149.376000 150.368000 59
150.400000 150.432000 57
150.496000 150.560000 58
150.688000 150.848000 58
150.944000 151.264000 59
151.264000 151.712000 57
152.384000 152.544000 52
152.736000 153.440000 55
153.440000 154.336000 56
154.464000 154.592000 59
155.808000 156.000000 59
156.128000 156.800000 59
156.896000 157.632000 59
157.632000 158.656000 57
159.968000 160.352000 52
160.512000 161.888000 59
161.888000 162.176000 54
162.304000 163.584000 57
164.096000 164.256000 52
164.256000 166.080000 57
166.176000 166.368000 59
166.368000 167.168000 56
168.256000 168.448000 53
168.448000 168.640000 55
168.768000 169.408000 57
169.504000 170.880000 59
170.880000 172.096000 55
174.528000 174.720000 55
174.720000 174.944000 57
175.072000 175.936000 59
176.032000 176.192000 59
176.288000 176.480000 62
176.480000 176.736000 64
176.864000 177.184000 59
177.344000 177.760000 59
177.760000 178.112000 55
178.112000 178.496000 59
178.624000 178.848000 62
178.848000 179.040000 59
179.072000 180.512000 62
180.672000 180.864000 55
181.632000 181.952000 58
183.232000 183.296000 50
183.296000 184.576000 53
184.576000 184.928000 55
184.960000 186.656000 59
187.424000 187.584000 52
187.584000 188.032000 52
188.192000 188.288000 55
188.288000 189.088000 59
189.184000 190.112000 57
191.072000 191.136000 54
191.136000 191.232000 55
191.232000 192.224000 59
192.320000 192.544000 57
192.544000 192.896000 60
193.056000 193.248000 65
193.408000 193.568000 59
193.888000 194.304000 59
194.400000 194.656000 55
194.656000 194.752000 57
194.752000 195.136000 59
195.136000 195.648000 62
195.648000 197.408000 59
197.504000 198.080000 53
198.304000 198.368000 56
198.592000 198.688000 67
198.720000 199.136000 66
199.712000 199.872000 61
199.872000 200.448000 53
200.608000 200.768000 50
200.864000 201.152000 53
201.152000 201.472000 55
201.472000 202.240000 59
202.368000 203.072000 59
203.680000 204.352000 61
204.512000 205.824000 57
208.736000 209.632000 56
209.728000 209.984000 55
211.808000 211.968000 55
211.968000 212.160000 57
212.288000 213.184000 59
213.280000 213.440000 59
213.536000 213.760000 62
213.760000 213.952000 64
214.048000 214.432000 59
214.592000 215.008000 59
215.392000 215.776000 59
215.904000 216.096000 62
216.416000 217.792000 60
218.912000 219.008000 69
219.008000 219.552000 68
219.552000 219.872000 65
220.512000 221.216000 52
221.312000 221.440000 50
221.568000 221.760000 52
221.760000 222.272000 55
222.272000 223.488000 59
223.648000 223.776000 58
224.832000 225.120000 50
225.120000 225.280000 52
225.408000 225.600000 55
225.600000 226.336000 59
226.464000 227.328000 57
228.352000 228.480000 55
228.480000 228.800000 57
228.800000 230.208000 62
230.336000 230.496000 64
230.720000 230.976000 59
231.168000 231.360000 59
231.392000 231.552000 59
231.648000 231.936000 55
231.936000 232.096000 58
232.096000 232.384000 59
232.384000 232.768000 62
232.928000 233.120000 56
233.120000 234.368000 59
234.368000 234.592000 55
234.816000 235.264000 52
235.488000 235.776000 57
235.968000 236.512000 65
237.152000 238.240000 52
238.368000 238.688000 55
238.688000 240.064000 59
240.160000 240.416000 59
240.896000 241.152000 62
241.248000 241.664000 59
241.760000 243.296000 57
244.288000 245.184000 52
245.408000 246.848000 55
247.008000 247.392000 55
247.488000 247.584000 55
249.984000 250.112000 55
