16.480000 16.864000 68
16.864000 18.208000 72
18.208000 18.400000 72
18.560000 18.912000 70
20.352000 20.576000 68
23.296000 23.776000 58
23.872000 24.320000 58
24.416000 24.960000 59
25.056000 25.696000 62
25.696000 26.784000 64
27.584000 28.544000 66
28.704000 28.832000 68
28.832000 28.928000 67
28.928000 29.536000 66
29.536000 30.944000 61
32.192000 32.480000 56
32.480000 33.920000 59
33.920000 35.904000 67
36.608000 38.112000 72
38.112000 39.200000 66
39.200000 40.448000 65
40.928000 41.728000 66
41.920000 42.048000 68
42.048000 42.400000 67
42.400000 42.624000 64
42.752000 42.944000 64
42.944000 43.200000 63
43.328000 44.288000 61
44.800000 45.216000 62
45.312000 45.440000 60
45.632000 46.208000 59
46.208000 46.560000 56
46.656000 46.880000 58
46.880000 47.296000 62
47.296000 47.712000 63
47.808000 48.800000 61
49.984000 50.880000 59
51.072000 51.776000 70
51.776000 52.096000 67
52.096000 52.576000 66
52.576000 53.248000 63
53.632000 54.752000 65
54.912000 57.088000 64
57.664000 58.304000 58
58.304000 58.688000 61
58.816000 59.040000 67
59.200000 59.584000 68
59.584000 61.024000 68
61.120000 62.752000 67
63.200000 64.320000 68
64.416000 64.576000 66
64.576000 64.832000 64
64.992000 66.176000 65
66.656000 67.104000 58
67.104000 67.552000 61
67.680000 69.216000 68
69.376000 71.584000 69
72.064000 72.128000 65
72.128000 72.512000 68
72.512000 72.704000 70
72.704000 73.344000 68
73.344000 73.632000 66
73.792000 76.064000 66
76.480000 76.544000 68
76.544000 76.672000 68
76.672000 76.832000 69
76.832000 78.976000 72
78.976000 80.032000 73
80.288000 80.544000 70
80.544000 82.592000 69
82.720000 84.640000 64
85.280000 85.504000 57
85.632000 86.368000 59
86.368000 86.464000 64
86.464000 87.072000 70
87.136000 87.328000 68
87.328000 88.128000 67
88.128000 88.672000 62
88.832000 89.024000 64
89.184000 92.960000 65
94.208000 95.296000 58
95.392000 95.936000 58
96.032000 96.192000 60
96.192000 97.600000 63
98.496000 99.072000 65
99.136000 99.488000 65
99.616000 99.936000 67
99.936000 100.128000 66
100.128000 100.480000 63
100.480000 102.016000 62
103.104000 105.152000 62
105.152000 107.040000 67
107.584000 108.480000 72
108.544000 108.768000 70
108.768000 111.424000 67
111.936000 112.736000 65
112.928000 113.120000 67
113.120000 113.600000 66
113.728000 113.952000 63
113.952000 114.144000 62
114.272000 115.232000 60
115.744000 116.160000 62
116.288000 116.480000 60
116.576000 117.536000 58
117.632000 117.888000 58
117.888000 120.192000 63
121.088000 121.888000 59
122.048000 122.656000 70
122.656000 122.880000 68
122.880000 123.296000 67
123.296000 123.744000 65
123.744000 124.256000 61
124.640000 125.824000 66
125.984000 128.864000 63
139.744000 139.808000 63
139.808000 140.032000 65
142.272000 142.368000 67
144.288000 144.384000 67
144.512000 144.608000 68
144.736000 144.928000 69
145.120000 145.248000 68
145.344000 146.112000 70
146.464000 146.944000 69
146.976000 147.136000 67
148.160000 148.352000 67
148.352000 148.768000 71
152.032000 153.600000 58
153.696000 154.016000 61
154.016000 155.232000 63
156.192000 157.152000 66
157.312000 157.600000 68
157.600000 157.728000 66
157.728000 158.304000 65
158.304000 159.808000 59
160.800000 162.464000 58
162.560000 162.784000 60
162.784000 164.640000 67
165.248000 166.144000 72
166.208000 166.464000 70
166.464000 169.024000 68
169.600000 170.368000 65
170.592000 170.784000 67
170.784000 170.944000 66
170.944000 171.840000 65
171.968000 172.864000 61
173.472000 173.856000 62
173.984000 174.144000 61
174.240000 174.400000 59
174.400000 175.200000 58
175.296000 175.552000 58
175.552000 175.936000 61
175.936000 176.352000 63
176.480000 177.728000 61
178.688000 179.520000 59
179.712000 180.320000 70
180.320000 180.544000 68
180.544000 181.376000 66
181.376000 181.920000 62
182.336000 183.392000 65
183.584000 185.856000 64
186.400000 187.040000 59
187.040000 187.392000 61
187.520000 187.776000 67
187.904000 189.632000 68
189.696000 191.392000 67
191.872000 191.936000 63
191.936000 192.032000 66
192.032000 192.960000 68
192.960000 193.504000 66
193.664000 194.912000 65
195.232000 195.744000 58
195.744000 196.160000 60
196.320000 197.056000 68
197.184000 197.888000 68
198.048000 200.256000 67
200.768000 200.928000 66
200.928000 201.952000 69
201.952000 202.336000 66
202.432000 203.232000 65
203.232000 205.152000 67
205.152000 205.472000 69
205.472000 208.736000 72
208.992000 209.216000 70
209.216000 211.296000 69
211.392000 213.184000 63
213.952000 214.400000 58
214.400000 214.848000 58
214.848000 215.104000 62
215.104000 216.096000 70
216.096000 216.672000 66
216.672000 217.376000 64
217.472000 217.696000 63
217.856000 221.088000 65
222.944000 224.512000 58
224.672000 225.184000 62
225.184000 226.592000 64
227.264000 228.224000 66
228.352000 228.640000 67
228.640000 228.864000 66
228.864000 229.120000 63
229.120000 231.040000 62
231.776000 233.440000 58
233.536000 233.824000 62
233.824000 235.488000 67
236.256000 237.440000 72
237.536000 237.760000 67
237.760000 238.464000 66
238.560000 240.160000 54
240.480000 241.344000 66
241.536000 241.760000 67
241.760000 241.920000 66
241.920000 242.816000 65
242.912000 244.032000 60
244.448000 244.800000 62
244.928000 245.088000 60
245.216000 245.696000 58
245.696000 246.560000 59
246.560000 248.608000 63
248.864000 248.928000 66
248.928000 249.024000 68
249.024000 249.408000 72
249.632000 250.560000 59
250.720000 251.328000 70
251.328000 251.520000 67
251.520000 252.096000 67
252.096000 252.928000 65
253.344000 254.432000 66
254.592000 257.280000 63
258.656000 260.096000 58
260.256000 260.576000 60
260.576000 262.112000 64
262.720000 263.712000 66
263.808000 264.128000 67
264.128000 264.320000 66
264.320000 264.608000 64
264.608000 265.824000 62
267.296000 268.352000 58
268.448000 268.864000 58
269.024000 269.248000 60
269.248000 271.008000 67
271.744000 271.872000 70
271.872000 272.192000 72
272.352000 272.640000 72
272.736000 272.896000 71
273.024000 273.440000 67
273.536000 273.984000 64
274.144000 274.304000 64
274.400000 274.528000 65
274.752000 274.976000 68
276.000000 276.864000 66
277.056000 277.280000 67
277.280000 277.760000 66
277.920000 278.240000 63
279.968000 280.128000 61
