18.688000 19.424000 61
19.648000 19.808000 61
19.968000 20.064000 61
21.280000 21.472000 63
21.472000 21.536000 63
21.536000 21.600000 64
21.600000 21.728000 65
21.728000 22.496000 66
22.496000 23.808000 70
26.208000 26.368000 62
27.968000 28.288000 63
28.448000 29.600000 62
30.336000 32.608000 63
32.992000 33.152000 58
35.680000 35.840000 58
36.000000 37.696000 63
37.824000 37.984000 63
38.336000 38.784000 61
38.976000 39.744000 58
40.608000 41.824000 61
41.920000 42.784000 63
42.880000 44.608000 63
45.728000 46.080000 62
46.080000 47.648000 65
48.064000 48.544000 70
48.832000 50.240000 66
50.336000 50.496000 62
51.232000 51.776000 63
51.936000 52.352000 65
52.512000 54.176000 68
54.944000 60.544000 72
68.512000 68.896000 65
68.992000 69.344000 66
69.504000 69.696000 65
69.824000 69.920000 67
70.016000 70.336000 66
70.496000 70.560000 62
70.688000 70.816000 61
70.944000 71.648000 62
73.216000 73.376000 68
73.568000 74.304000 70
74.592000 74.976000 70
75.776000 75.968000 61
76.064000 77.184000 63
77.280000 77.408000 63
77.504000 77.952000 63
78.272000 78.464000 62
78.912000 79.584000 63
80.224000 81.664000 60
82.816000 83.008000 59
83.296000 83.456000 60
83.584000 84.576000 62
84.832000 84.896000 65
85.216000 86.400000 61
86.752000 87.168000 61
87.296000 87.648000 63
87.744000 88.736000 63
88.864000 89.056000 65
89.120000 90.016000 65
90.496000 90.656000 62
90.752000 90.848000 62
91.040000 91.872000 65
91.968000 92.160000 68
92.256000 92.448000 70
92.896000 93.792000 65
94.144000 94.688000 63
95.264000 96.576000 56
97.344000 97.440000 65
97.600000 98.272000 72
98.368000 101.984000 70
102.112000 102.272000 70
102.432000 102.560000 70
102.784000 102.976000 70
103.104000 103.264000 70
112.672000 113.536000 70
116.320000 116.416000 68
125.984000 130.656000 77
152.608000 152.992000 65
153.152000 153.408000 65
153.568000 153.792000 65
153.888000 154.400000 65
154.528000 154.816000 63
155.040000 155.552000 62
156.448000 157.568000 68
157.696000 159.136000 70
160.096000 160.672000 62
160.672000 162.912000 63
163.232000 164.928000 63
164.928000 165.888000 58
167.328000 167.840000 59
167.840000 169.056000 61
169.056000 169.728000 65
169.728000 170.976000 61
171.456000 171.680000 59
171.680000 173.088000 63
173.184000 174.752000 65
175.104000 175.552000 62
175.552000 175.936000 63
175.936000 176.768000 66
176.768000 177.600000 70
177.600000 178.848000 65
179.168000 179.424000 62
179.424000 179.616000 63
179.712000 182.112000 68
182.560000 187.136000 72
191.296000 192.096000 65
192.256000 192.448000 65
192.544000 193.088000 65
193.216000 193.408000 63
193.760000 194.240000 62
195.200000 196.320000 68
196.416000 197.760000 70
198.816000 201.536000 63
201.952000 203.072000 63
203.264000 203.392000 60
203.392000 203.744000 59
204.128000 204.768000 58
206.080000 206.208000 57
206.208000 206.496000 58
206.496000 207.776000 61
207.776000 208.256000 65
208.480000 209.568000 60
210.176000 212.224000 63
212.288000 213.504000 63
213.792000 214.240000 62
214.240000 214.656000 64
214.656000 215.488000 66
215.488000 216.192000 70
216.192000 217.248000 65
217.632000 218.272000 63
218.368000 218.752000 65
218.880000 221.056000 68
221.184000 225.504000 72
225.824000 226.016000 70
234.016000 234.240000 65
234.464000 234.656000 65
234.944000 235.008000 65
235.584000 235.712000 65
236.128000 236.224000 62
236.416000 237.024000 62
237.856000 238.560000 66
238.752000 238.848000 68
239.104000 239.392000 70
239.488000 239.648000 70
241.376000 241.600000 61
241.696000 241.792000 60
243.104000 243.456000 63
244.576000 244.800000 63
244.960000 245.664000 63
246.112000 246.176000 59
246.208000 246.272000 58
246.304000 246.528000 58
246.624000 246.784000 58
246.816000 247.520000 58
248.640000 248.864000 58
249.152000 250.368000 62
250.368000 250.912000 65
251.072000 252.288000 60
252.992000 253.248000 61
253.952000 254.368000 63
254.528000 254.624000 63
254.816000 255.072000 63
255.936000 256.032000 61
256.448000 256.768000 61
257.024000 257.376000 65
257.504000 257.792000 65
257.856000 258.048000 66
258.048000 258.656000 70
259.008000 259.296000 62
259.712000 260.064000 63
260.544000 260.896000 63
261.024000 263.392000 68
263.872000 264.224000 72
264.320000 264.448000 72
264.448000 268.832000 71
268.832000 269.536000 66
269.728000 270.496000 66
270.656000 271.008000 63
271.136000 271.552000 61
271.648000 271.808000 61
272.576000 273.696000 68
273.824000 275.040000 70
276.192000 276.416000 61
276.512000 278.912000 63
279.360000 280.480000 63
280.640000 280.768000 61
280.896000 282.112000 59
283.520000 284.096000 61
284.192000 285.184000 61
285.248000 285.728000 65
285.920000 286.496000 60
286.528000 286.560000 58
286.592000 286.976000 58
287.584000 287.808000 60
287.808000 287.968000 61
288.192000 288.448000 63
288.544000 289.792000 65
289.792000 289.888000 64
290.048000 290.848000 63
291.168000 291.808000 63
291.968000 292.800000 65
292.896000 293.536000 70
293.632000 294.752000 65
295.040000 295.712000 63
295.936000 298.240000 68
298.400000 298.624000 65
298.720000 298.880000 71
298.880000 299.456000 72
299.552000 303.936000 70
305.504000 307.680000 72
307.680000 309.120000 73
309.568000 310.400000 73
311.840000 312.896000 70
312.992000 313.088000 65
313.664000 314.112000 75
314.112000 317.920000 75
318.272000 318.560000 70
318.688000 319.840000 73
320.224000 320.544000 70
320.640000 321.760000 72
322.144000 325.440000 74
327.200000 327.488000 75
327.488000 327.968000 74
327.968000 328.128000 73
328.128000 329.760000 72
329.920000 330.368000 65
330.656000 330.688000 62
331.360000 331.808000 65
332.320000 332.960000 70
333.472000 334.048000 73
334.272000 335.008000 77
335.136000 336.608000 65
336.960000 340.128000 74
340.544000 340.832000 67
342.336000 342.752000 66
342.752000 343.552000 65
343.968000 345.344000 75
345.344000 348.576000 74
349.248000 349.536000 70
349.760000 350.560000 72
351.200000 351.424000 70
351.680000 352.224000 72
352.256000 352.352000 72
353.216000 353.376000 70
353.632000 356.320000 75
358.208000 358.432000 75
358.528000 359.008000 73
359.008000 359.488000 72
359.488000 360.416000 71
360.864000 361.088000 65
