3.040000 3.104000 59
3.104000 3.296000 60
3.296000 3.424000 61
3.424000 3.488000 62
3.488000 4.064000 65
4.064000 5.408000 68
5.408000 6.912000 66
8.768000 10.752000 66
13.440000 13.504000 56
13.504000 13.696000 57
13.696000 15.520000 61
17.792000 18.976000 61
19.744000 19.936000 61
20.192000 20.416000 61
25.344000 26.304000 61
30.336000 31.584000 63
31.712000 31.808000 61
36.864000 38.464000 65
39.648000 42.496000 68
48.416000 48.544000 59
50.304000 50.624000 61
63.712000 64.032000 54
68.576000 68.896000 65
68.896000 69.984000 67
69.984000 71.456000 71
71.744000 72.736000 66
72.960000 73.664000 64
74.400000 75.648000 66
75.648000 76.672000 65
76.768000 77.408000 61
77.504000 78.208000 66
79.328000 79.520000 69
79.680000 79.936000 67
80.128000 82.592000 65
82.848000 84.960000 61
85.760000 87.552000 59
87.552000 88.512000 55
88.704000 90.528000 64
91.456000 92.672000 66
92.896000 94.272000 72
94.272000 94.336000 68
94.336000 96.544000 66
97.280000 98.016000 66
98.208000 98.304000 61
98.528000 98.944000 65
98.944000 100.416000 65
100.416000 100.864000 65
102.112000 102.400000 69
102.400000 102.784000 67
102.880000 105.472000 65
105.472000 107.968000 63
108.576000 108.800000 57
108.800000 109.888000 59
109.888000 110.880000 57
111.168000 111.680000 55
111.680000 113.344000 57
114.272000 114.336000 56
114.336000 115.456000 59
115.680000 116.256000 57
116.256000 117.056000 55
117.152000 117.952000 59
118.592000 119.232000 57
119.328000 119.872000 59
120.096000 120.672000 61
121.312000 122.144000 64
122.144000 122.720000 69
122.816000 124.160000 67
124.768000 124.832000 68
124.832000 127.008000 71
127.104000 128.096000 72
128.224000 128.576000 71
128.736000 129.216000 68
129.408000 129.856000 66
130.752000 131.264000 64
131.424000 132.192000 65
132.544000 132.832000 60
132.832000 133.568000 68
134.272000 135.616000 61
135.776000 136.768000 59
137.184000 139.264000 59
139.264000 139.840000 55
140.064000 141.056000 59
142.176000 142.368000 56
142.368000 142.784000 59
142.880000 143.904000 61
144.256000 144.864000 64
144.928000 144.992000 64
144.992000 145.312000 69
145.312000 146.976000 68
147.872000 148.896000 70
148.896000 151.296000 72
151.392000 151.808000 69
151.808000 153.024000 68
153.600000 154.656000 69
154.656000 155.648000 71
155.744000 159.328000 73
159.936000 161.248000 66
161.408000 163.008000 71
163.264000 163.712000 66
164.096000 164.992000 64
165.664000 166.976000 66
167.200000 167.552000 64
167.552000 168.992000 65
168.992000 169.632000 66
170.688000 170.944000 69
170.944000 171.264000 67
171.456000 174.176000 66
174.304000 176.224000 60
177.216000 179.168000 59
179.328000 180.352000 54
180.352000 181.696000 57
182.272000 182.496000 57
202.816000 203.104000 57
203.296000 204.192000 59
204.224000 205.024000 57
205.024000 205.504000 54
205.760000 206.080000 57
206.080000 206.656000 59
207.200000 207.872000 57
207.872000 208.416000 59
208.576000 209.376000 61
209.984000 210.560000 64
210.720000 210.976000 69
210.976000 212.928000 68
213.632000 214.144000 69
214.240000 215.232000 71
215.328000 217.120000 72
217.120000 217.728000 70
217.824000 218.560000 66
219.264000 219.424000 68
219.424000 221.376000 71
221.472000 223.168000 72
223.264000 224.704000 71
225.696000 226.016000 64
226.016000 227.136000 66
227.136000 228.704000 72
228.992000 229.888000 66
230.112000 230.848000 64
231.520000 233.280000 66
233.280000 233.824000 64
233.952000 234.624000 62
234.624000 235.648000 66
236.480000 236.640000 69
236.832000 237.088000 67
237.312000 239.712000 66
240.000000 242.048000 61
242.848000 243.040000 57
243.040000 244.608000 59
244.608000 245.920000 56
246.016000 247.456000 64
248.480000 249.888000 66
250.016000 251.456000 72
251.936000 252.576000 67
252.672000 253.760000 64
254.240000 254.720000 65
254.848000 254.944000 65
255.360000 255.584000 65
255.776000 256.192000 64
256.192000 257.440000 64
257.440000 258.528000 66
259.264000 259.552000 69
259.552000 259.872000 68
260.064000 261.792000 65
261.792000 262.720000 66
262.720000 264.960000 65
265.760000 267.840000 59
267.936000 268.960000 55
269.120000 271.456000 57
272.384000 272.992000 73
273.152000 273.568000 73
274.752000 275.392000 73
276.896000 277.280000 61
278.208000 278.464000 59
279.104000 279.264000 59
279.424000 279.520000 59
280.256000 281.664000 61
281.760000 282.176000 61
282.496000 282.688000 69
283.072000 283.584000 66
283.584000 284.256000 65
284.576000 284.992000 66
285.344000 285.664000 73
288.032000 289.184000 73
289.280000 289.504000 61
289.600000 290.144000 54
290.240000 290.816000 54
