15.232000 15.456000 48
15.552000 16.096000 48
16.384000 17.056000 57
17.120000 17.152000 57
17.216000 17.696000 57
17.760000 17.888000 55
18.016000 18.464000 54
18.752000 18.880000 52
18.944000 18.976000 52
19.136000 19.360000 52
19.520000 19.552000 52
19.616000 20.640000 52
20.672000 20.704000 52
20.736000 20.896000 52
21.408000 21.568000 52
22.304000 22.528000 55
29.792000 30.048000 57
30.272000 30.304000 61
30.400000 30.432000 61
31.168000 31.264000 57
31.296000 31.680000 57
31.808000 32.128000 57
32.160000 32.672000 57
32.928000 33.696000 54
34.240000 34.272000 52
34.496000 34.560000 52
34.624000 34.656000 52
34.752000 35.552000 52
35.712000 36.128000 52
37.344000 38.080000 52
38.208000 38.400000 53
38.400000 39.008000 56
39.168000 40.256000 59
40.256000 40.704000 56
41.024000 41.824000 57
41.984000 42.112000 54
42.208000 42.304000 52
42.400000 43.584000 52
44.832000 45.536000 52
45.696000 45.920000 53
45.920000 46.048000 55
46.176000 46.496000 55
46.624000 46.688000 56
46.688000 47.808000 59
47.808000 48.256000 55
48.288000 48.480000 56
48.480000 48.544000 59
48.544000 49.440000 62
49.440000 49.728000 59
49.824000 50.624000 59
51.648000 51.936000 60
51.936000 53.440000 64
53.568000 54.048000 64
54.144000 54.720000 55
55.392000 55.744000 55
56.000000 56.032000 57
56.096000 57.120000 59
57.248000 57.696000 59
57.696000 57.984000 56
57.984000 58.368000 52
58.496000 58.592000 52
59.104000 59.456000 52
59.584000 61.792000 57
62.080000 62.336000 55
62.464000 63.040000 52
63.200000 64.192000 52
64.448000 64.544000 52
67.168000 67.840000 53
68.032000 68.192000 53
68.192000 68.768000 56
68.928000 70.208000 59
70.208000 70.656000 55
70.784000 71.552000 57
71.712000 71.840000 54
71.936000 72.064000 52
72.160000 72.608000 51
72.736000 72.960000 52
73.152000 73.280000 52
74.560000 75.264000 53
75.456000 75.616000 52
75.616000 75.808000 56
75.936000 76.256000 56
76.384000 76.448000 57
76.448000 77.248000 59
77.248000 77.472000 58
77.472000 78.208000 56
78.208000 81.056000 62
81.472000 81.600000 58
81.600000 81.696000 59
81.696000 83.904000 65
83.904000 84.256000 55
84.352000 84.736000 55
85.248000 85.600000 56
85.792000 85.952000 56
85.952000 87.520000 60
87.616000 87.840000 57
87.840000 88.448000 53
88.960000 89.344000 53
89.504000 91.584000 57
91.936000 92.096000 55
92.256000 93.984000 53
94.016000 94.528000 53
96.384000 96.608000 61
96.608000 98.144000 64
98.272000 98.656000 64
98.848000 98.976000 55
99.136000 99.328000 56
99.392000 99.648000 55
100.160000 100.928000 59
100.928000 101.920000 59
101.984000 102.272000 61
102.272000 102.400000 62
102.560000 103.456000 65
103.808000 103.936000 62
103.936000 104.192000 65
104.352000 104.960000 63
105.120000 105.344000 57
105.344000 105.696000 59
105.760000 107.040000 57
107.200000 107.840000 57
107.968000 108.032000 51
108.256000 108.512000 52
112.640000 112.800000 52
112.896000 113.568000 56
113.568000 113.888000 59
114.272000 114.496000 59
114.496000 116.384000 57
116.384000 116.640000 54
116.672000 116.736000 52
116.864000 117.024000 50
117.184000 117.344000 51
120.128000 120.256000 52
120.352000 120.896000 55
121.792000 121.888000 59
122.016000 122.368000 57
122.496000 122.720000 55
123.936000 124.192000 59
124.320000 124.768000 57
129.312000 129.568000 67
129.824000 130.368000 67
136.704000 136.896000 54
136.992000 137.152000 55
141.696000 142.400000 52
142.560000 142.784000 53
142.784000 143.392000 56
143.520000 143.584000 57
143.584000 144.576000 59
144.576000 145.088000 57
145.408000 146.240000 57
146.336000 146.464000 53
146.560000 146.688000 52
146.784000 147.904000 52
148.000000 148.096000 52
149.152000 149.856000 52
150.016000 150.240000 53
150.240000 150.368000 55
150.656000 150.816000 55
150.912000 150.976000 57
150.976000 152.064000 59
152.064000 152.800000 56
152.800000 153.920000 62
153.920000 155.584000 59
156.032000 156.256000 59
156.256000 156.800000 63
156.800000 157.632000 65
157.632000 158.400000 64
158.400000 159.360000 58
159.776000 160.160000 55
160.320000 162.048000 59
162.208000 162.336000 56
162.336000 163.104000 55
163.520000 163.840000 52
164.000000 166.368000 58
166.496000 166.688000 54
166.784000 169.024000 53
169.120000 169.216000 52
169.344000 169.440000 52
170.912000 171.008000 59
171.008000 172.672000 64
172.800000 173.248000 63
173.440000 174.176000 56
174.688000 175.104000 55
175.104000 176.896000 62
177.056000 178.272000 65
178.368000 178.496000 60
178.496000 178.752000 65
178.880000 179.488000 63
179.680000 180.320000 59
180.320000 180.352000 55
180.512000 181.472000 57
181.696000 182.208000 57
182.208000 182.368000 54
182.752000 183.040000 52
183.296000 183.520000 51
183.616000 183.968000 52
185.792000 186.176000 65
186.304000 187.008000 63
187.168000 187.840000 59
188.000000 189.024000 57
189.152000 189.376000 56
189.376000 189.504000 57
189.504000 189.856000 56
189.856000 190.048000 51
190.272000 191.424000 53
193.248000 193.600000 64
193.760000 194.592000 63
194.592000 195.200000 59
195.424000 196.416000 57
196.608000 196.768000 56
196.768000 196.992000 57
196.992000 197.312000 56
197.408000 197.536000 51
197.792000 198.944000 52
