7.936000 8.896000 74
9.120000 9.312000 71
9.504000 10.400000 64
11.936000 12.160000 65
12.160000 12.416000 72
12.576000 13.664000 74
14.144000 15.872000 63
15.872000 16.544000 64
16.608000 16.736000 64
17.248000 18.336000 60
18.400000 18.848000 60
20.096000 20.512000 70
20.512000 20.800000 71
20.800000 21.088000 67
21.088000 21.408000 66
21.600000 21.696000 62
21.952000 22.208000 63
22.976000 23.520000 64
23.872000 24.032000 67
24.288000 24.576000 63
24.704000 24.928000 62
25.088000 25.376000 63
25.376000 25.856000 61
25.984000 26.144000 59
26.656000 27.616000 65
27.808000 27.968000 65
28.192000 29.216000 65
29.472000 29.888000 71
29.888000 30.592000 67
30.720000 32.448000 69
32.608000 33.088000 70
33.184000 33.312000 67
33.312000 33.440000 66
33.440000 33.664000 64
33.664000 33.824000 67
33.984000 34.080000 64
34.208000 34.592000 64
35.296000 35.488000 62
35.488000 36.032000 67
36.032000 36.544000 67
36.672000 36.960000 62
37.088000 37.312000 62
37.472000 37.792000 63
37.792000 38.496000 60
38.976000 39.104000 67
39.104000 39.232000 66
39.232000 40.224000 67
40.384000 40.864000 64
40.960000 41.056000 63
41.824000 42.208000 71
42.208000 42.944000 68
43.072000 43.488000 62
43.488000 44.608000 67
45.056000 45.344000 63
45.504000 45.696000 67
45.696000 46.016000 66
46.080000 46.432000 67
46.528000 47.008000 60
47.360000 47.552000 55
48.000000 48.352000 59
48.544000 49.536000 63
49.728000 50.048000 64
50.656000 50.784000 63
51.232000 51.360000 63
51.360000 51.680000 65
51.680000 51.872000 67
52.000000 52.416000 67
52.608000 52.800000 67
52.896000 53.056000 67
53.440000 53.792000 67
53.920000 53.984000 61
54.432000 54.656000 71
54.656000 56.768000 70
56.864000 57.024000 69
57.344000 57.568000 69
57.856000 58.144000 67
58.144000 58.368000 63
58.368000 58.528000 67
58.688000 58.816000 65
58.944000 59.136000 64
59.136000 59.456000 63
59.904000 60.032000 59
60.032000 60.512000 64
60.608000 60.768000 67
60.768000 60.928000 71
60.960000 61.024000 67
61.376000 61.408000 62
61.440000 61.696000 63
61.792000 62.080000 62
62.176000 62.528000 63
62.528000 63.360000 60
63.744000 64.800000 67
65.152000 65.280000 64
65.280000 65.792000 61
65.888000 65.984000 63
66.624000 67.008000 71
67.136000 67.456000 67
67.456000 67.648000 65
67.712000 68.384000 65
68.384000 70.048000 67
70.208000 70.304000 65
82.208000 82.368000 62
82.368000 82.528000 64
82.656000 82.848000 67
82.848000 83.104000 65
83.104000 83.456000 67
83.456000 83.648000 60
83.808000 83.872000 60
83.904000 84.096000 60
84.096000 84.160000 56
84.192000 84.352000 57
84.448000 84.768000 60
85.184000 85.472000 60
85.472000 85.824000 59
85.824000 86.752000 64
86.912000 87.168000 64
87.168000 87.328000 63
87.424000 87.520000 62
87.680000 87.936000 64
88.576000 88.640000 61
88.640000 88.896000 63
88.896000 90.080000 67
90.176000 90.368000 67
90.528000 91.200000 69
91.200000 91.296000 62
91.744000 92.160000 71
92.256000 92.544000 69
92.544000 93.344000 68
93.344000 94.400000 69
94.688000 95.264000 71
95.520000 95.776000 62
96.064000 96.224000 63
96.352000 96.800000 64
97.376000 98.432000 65
98.624000 99.296000 64
99.296000 99.872000 63
99.872000 100.544000 62
100.640000 100.736000 59
101.184000 101.792000 67
101.920000 102.080000 65
102.080000 102.208000 67
102.304000 102.432000 64
102.592000 103.072000 63
103.168000 103.264000 63
104.064000 104.448000 71
104.448000 105.088000 69
105.248000 105.728000 62
105.728000 108.000000 67
118.976000 119.232000 55
119.328000 119.424000 55
