11.264000 11.648000 53
11.840000 12.768000 51
13.440000 14.208000 51
14.336000 15.200000 53
16.480000 16.544000 52
16.544000 17.056000 56
17.056000 17.568000 58
17.632000 17.984000 58
18.272000 18.464000 58
18.560000 19.136000 58
19.136000 19.936000 55
21.056000 21.216000 51
21.312000 21.792000 51
21.952000 22.272000 51
22.944000 23.072000 50
23.200000 23.744000 51
23.744000 24.256000 55
24.384000 24.960000 53
24.960000 25.280000 50
25.696000 26.432000 50
26.848000 28.160000 48
30.816000 30.880000 50
30.880000 31.296000 53
31.392000 32.640000 51
32.992000 33.760000 51
33.888000 34.752000 53
36.352000 36.416000 51
36.416000 36.864000 57
36.960000 37.344000 58
37.600000 38.976000 60
39.104000 40.256000 62
40.608000 41.088000 62
41.216000 42.240000 60
42.752000 42.816000 53
42.816000 42.848000 55
42.848000 43.552000 58
43.712000 43.872000 59
44.032000 44.576000 58
45.504000 46.016000 60
46.112000 47.264000 63
47.264000 49.760000 62
50.112000 50.912000 54
51.040000 52.160000 63
52.480000 53.376000 62
53.376000 54.816000 60
54.912000 55.008000 59
55.168000 55.712000 60
55.840000 56.352000 62
56.448000 56.672000 60
56.672000 56.960000 58
57.344000 57.408000 55
57.408000 57.920000 59
57.920000 59.200000 62
60.032000 60.832000 58
60.992000 61.920000 65
61.920000 62.912000 58
63.040000 63.264000 58
63.360000 63.712000 58
64.800000 64.864000 57
64.864000 64.960000 59
64.960000 65.696000 62
66.048000 66.912000 63
66.912000 69.024000 60
69.344000 69.952000 54
70.208000 71.328000 63
71.712000 72.640000 62
72.640000 74.048000 60
74.400000 74.912000 60
75.040000 75.840000 62
76.000000 76.256000 58
76.608000 76.736000 57
76.832000 77.024000 58
77.120000 78.688000 62
79.200000 80.032000 58
80.160000 81.024000 65
81.024000 81.472000 59
81.600000 82.880000 58
83.968000 84.032000 55
84.032000 84.448000 60
84.576000 84.928000 62
85.184000 86.176000 63
86.176000 86.304000 60
86.400000 86.688000 61
86.688000 87.648000 61
88.224000 88.288000 54
88.288000 88.704000 58
88.800000 91.968000 58
98.624000 98.720000 50
98.752000 98.816000 54
98.816000 99.072000 58
99.264000 99.392000 56
99.616000 99.776000 50
100.000000 100.096000 56
100.256000 100.384000 51
102.016000 102.272000 50
102.560000 102.656000 48
102.912000 103.136000 49
104.768000 104.896000 54
104.896000 105.056000 53
105.312000 105.408000 48
107.968000 108.416000 53
108.544000 109.760000 51
110.048000 110.848000 51
110.976000 112.192000 53
113.504000 113.952000 57
114.048000 114.400000 58
114.656000 115.552000 58
115.552000 117.184000 62
117.728000 118.176000 62
118.304000 118.592000 60
118.592000 119.552000 58
119.904000 119.968000 55
119.968000 120.416000 58
120.416000 120.672000 56
120.800000 120.928000 59
121.088000 121.824000 58
122.624000 122.688000 57
122.688000 122.752000 58
122.752000 123.264000 60
123.264000 124.448000 63
124.448000 126.848000 62
127.232000 127.776000 53
127.840000 128.000000 58
128.160000 129.568000 63
129.664000 129.728000 59
129.728000 130.560000 62
130.560000 132.128000 60
132.448000 132.512000 59
132.512000 132.832000 62
132.928000 133.888000 62
134.528000 135.008000 58
135.008000 136.448000 64
137.152000 137.248000 55
137.248000 137.632000 58
137.760000 137.824000 57
138.112000 139.008000 65
139.104000 140.064000 58
140.192000 140.864000 59
142.016000 142.080000 58
142.080000 142.528000 60
142.528000 144.128000 64
144.128000 146.144000 60
146.464000 146.528000 49
146.528000 146.656000 52
146.784000 146.944000 53
147.328000 148.352000 65
148.448000 149.312000 62
149.312000 151.392000 61
151.584000 151.680000 58
151.680000 152.032000 61
152.128000 152.928000 62
153.728000 154.176000 59
154.176000 155.808000 62
156.320000 157.088000 58
157.216000 158.112000 65
158.112000 158.560000 62
158.688000 160.128000 58
161.120000 161.536000 60
161.696000 162.240000 62
162.336000 162.432000 61
162.432000 163.424000 63
163.520000 165.184000 61
165.632000 165.760000 60
165.920000 166.400000 54
166.496000 169.024000 65
169.024000 170.528000 62
170.656000 171.840000 64
171.936000 172.160000 62
172.160000 172.480000 61
172.832000 172.896000 57
172.896000 173.376000 61
173.376000 173.760000 62
173.760000 175.040000 65
175.040000 175.552000 66
175.552000 176.384000 62
176.384000 177.344000 67
177.440000 178.656000 60
178.784000 180.000000 60
180.320000 180.416000 60
180.416000 180.864000 62
180.864000 181.376000 67
181.408000 182.464000 66
182.464000 182.560000 62
182.656000 183.552000 62
183.680000 183.872000 64
183.872000 183.904000 61
184.032000 184.512000 62
184.768000 185.568000 55
185.696000 186.688000 65
187.136000 187.936000 64
187.936000 189.632000 62
189.920000 191.328000 64
191.424000 191.680000 60
192.064000 192.576000 60
192.576000 194.304000 66
194.464000 194.656000 65
194.656000 195.520000 60
195.616000 196.416000 67
196.544000 197.792000 60
198.016000 199.072000 60
199.520000 199.648000 60
199.648000 200.064000 62
200.064000 200.576000 67
200.672000 201.568000 65
201.568000 201.824000 62
201.920000 203.136000 62
203.712000 210.080000 60
210.656000 212.768000 50
212.832000 213.952000 50
214.048000 216.064000 50
216.384000 216.736000 55
216.832000 218.592000 55
