8.160000 8.864000 59
8.992000 9.696000 58
11.712000 12.576000 60
12.992000 13.184000 59
13.312000 14.048000 58
17.120000 17.216000 56
17.376000 17.472000 58
17.664000 17.792000 57
17.952000 18.592000 58
20.128000 21.408000 59
21.728000 21.888000 59
22.016000 22.176000 56
22.368000 22.656000 66
22.848000 23.264000 62
25.600000 25.728000 55
25.920000 26.144000 66
26.240000 26.688000 67
26.784000 26.944000 63
27.360000 27.680000 55
27.808000 27.968000 55
28.064000 28.736000 57
28.864000 29.376000 56
29.888000 30.112000 55
30.208000 30.720000 66
31.072000 31.488000 62
31.488000 31.872000 61
32.160000 32.992000 55
33.216000 33.472000 55
34.048000 34.432000 58
34.592000 34.752000 60
34.880000 35.328000 60
35.488000 35.872000 60
36.992000 37.184000 55
37.312000 37.376000 55
38.112000 38.336000 55
39.040000 39.392000 55
39.488000 39.584000 55
39.808000 40.256000 55
43.296000 43.520000 55
43.520000 43.616000 57
43.616000 43.840000 59
43.840000 44.032000 64
44.224000 45.120000 67
45.536000 45.696000 55
45.696000 45.760000 56
45.760000 46.016000 60
46.016000 46.144000 63
46.368000 46.528000 62
47.680000 48.192000 62
48.480000 48.992000 64
48.992000 49.696000 60
49.856000 50.112000 57
50.112000 50.176000 58
50.176000 50.880000 62
50.880000 51.040000 59
52.000000 52.224000 55
52.224000 52.320000 57
52.320000 52.704000 62
52.896000 53.696000 67
54.144000 54.336000 67
54.528000 55.456000 69
55.456000 55.840000 67
56.672000 57.088000 67
57.216000 57.632000 67
57.824000 58.752000 64
58.880000 59.328000 64
59.424000 59.840000 64
59.968000 60.256000 62
60.736000 60.992000 59
60.992000 61.312000 63
61.568000 63.264000 71
63.616000 64.160000 69
65.120000 65.312000 62
65.408000 65.664000 67
65.664000 65.792000 69
65.952000 68.576000 72
69.472000 69.760000 71
69.760000 70.592000 74
70.848000 71.392000 67
71.648000 71.776000 67
71.904000 72.096000 70
72.192000 72.416000 71
72.416000 73.056000 69
73.600000 74.080000 62
74.080000 74.528000 69
74.656000 75.136000 72
75.232000 75.488000 71
75.744000 75.936000 71
76.032000 76.288000 72
76.288000 77.280000 71
77.920000 78.464000 59
78.464000 78.752000 63
78.752000 78.912000 67
79.072000 80.736000 71
80.864000 81.024000 67
81.184000 81.696000 69
82.592000 82.784000 62
82.880000 83.040000 67
83.040000 83.328000 69
83.424000 85.184000 72
85.312000 86.176000 71
86.880000 87.104000 71
87.200000 87.616000 72
87.776000 88.224000 64
88.320000 88.800000 69
89.120000 89.888000 72
89.888000 90.336000 68
90.496000 90.720000 69
91.008000 91.200000 71
91.328000 91.584000 70
91.584000 91.968000 68
92.160000 93.248000 67
95.392000 95.872000 59
95.968000 96.064000 58
96.192000 97.056000 58
98.976000 99.936000 62
100.320000 101.408000 59
104.416000 104.800000 59
104.928000 105.888000 59
107.680000 108.096000 59
108.192000 108.768000 60
109.024000 109.248000 59
109.248000 109.408000 57
109.568000 110.208000 66
110.208000 110.944000 62
112.832000 113.280000 66
113.376000 113.824000 67
113.952000 114.176000 64
114.528000 115.968000 57
116.096000 116.544000 57
117.216000 117.408000 55
117.504000 118.016000 66
118.240000 118.656000 62
119.136000 119.520000 55
119.648000 119.776000 55
121.312000 122.528000 60
122.624000 123.488000 60
124.256000 124.608000 55
124.800000 124.960000 55
125.408000 125.664000 55
126.368000 127.680000 55
130.560000 130.752000 55
130.752000 131.200000 65
131.200000 131.360000 67
131.456000 131.840000 66
131.968000 132.256000 67
132.800000 132.992000 55
132.992000 133.184000 59
133.312000 133.408000 65
133.600000 133.984000 62
134.944000 135.456000 62
135.744000 136.000000 62
136.000000 136.320000 64
136.608000 137.024000 56
137.120000 137.312000 57
137.408000 137.824000 62
137.952000 138.368000 59
139.328000 139.488000 55
139.488000 139.584000 56
139.584000 139.808000 60
139.808000 140.064000 66
140.192000 141.792000 67
141.920000 142.144000 69
142.336000 142.880000 69
142.880000 143.264000 66
143.936000 144.384000 67
144.480000 145.024000 67
145.312000 145.696000 60
145.856000 147.680000 64
148.000000 148.288000 59
148.288000 148.512000 62
148.608000 148.704000 67
148.864000 149.152000 70
149.152000 150.496000 71
150.496000 151.520000 69
152.384000 152.640000 63
152.640000 153.056000 69
153.216000 155.872000 72
156.000000 156.288000 71
156.736000 157.216000 72
157.312000 157.952000 74
158.144000 158.624000 67
158.944000 160.416000 71
161.088000 161.344000 62
161.344000 161.568000 67
161.664000 162.752000 72
162.976000 163.168000 71
163.264000 163.584000 72
163.584000 163.936000 70
164.128000 164.704000 71
165.216000 165.696000 59
165.696000 166.112000 66
166.304000 166.464000 69
166.464000 168.224000 71
168.224000 169.216000 69
169.824000 170.016000 62
170.144000 170.304000 67
170.304000 173.568000 72
174.144000 174.912000 72
175.008000 175.552000 64
175.552000 176.064000 69
176.384000 176.800000 72
176.928000 177.120000 71
177.248000 177.568000 64
177.760000 178.048000 69
178.144000 178.976000 71
178.976000 180.352000 68
183.200000 183.648000 67
183.744000 185.216000 67
185.408000 187.456000 74
188.096000 188.800000 74
188.928000 189.184000 72
189.472000 189.952000 71
189.952000 190.592000 68
190.592000 191.360000 71
191.456000 191.712000 70
191.968000 193.536000 67
193.760000 194.048000 67
194.144000 195.040000 74
195.360000 196.224000 67
196.320000 199.072000 75
200.352000 200.672000 60
200.672000 200.864000 62
200.960000 201.056000 67
201.216000 201.984000 71
202.816000 203.648000 69
204.768000 205.024000 63
205.024000 205.408000 69
205.600000 206.336000 72
207.168000 207.296000 69
207.456000 207.744000 69
207.744000 208.160000 71
209.120000 209.280000 59
209.376000 209.792000 62
209.952000 210.208000 62
210.464000 210.592000 67
210.784000 211.008000 67
211.360000 211.712000 69
211.840000 212.480000 71
213.472000 213.728000 62
213.728000 214.144000 69
214.336000 215.072000 60
215.392000 215.488000 59
215.680000 215.936000 60
215.936000 216.128000 59
216.512000 217.024000 59
217.536000 218.112000 59
218.112000 218.496000 66
218.688000 218.912000 69
218.912000 220.416000 71
220.416000 221.344000 69
222.208000 222.400000 62
222.496000 222.688000 67
222.688000 225.952000 72
226.528000 226.752000 71
226.848000 227.296000 72
227.424000 227.936000 65
227.936000 228.416000 69
228.736000 229.472000 72
229.600000 230.016000 64
230.112000 230.368000 69
230.656000 231.200000 71
231.200000 231.328000 67
231.456000 232.832000 67
