19.328000 19.808000 63
19.904000 20.320000 65
20.928000 21.088000 65
21.184000 22.144000 63
22.560000 22.784000 65
22.784000 23.264000 64
23.392000 24.608000 60
24.736000 24.960000 60
24.960000 25.376000 59
25.536000 26.240000 56
27.200000 27.328000 58
27.456000 27.840000 58
28.224000 28.352000 60
28.480000 28.768000 61
29.088000 29.184000 56
29.280000 29.760000 57
29.984000 30.176000 65
30.176000 30.848000 63
31.424000 31.936000 65
31.936000 32.352000 61
32.672000 33.056000 62
33.792000 35.008000 65
35.136000 35.712000 63
36.512000 36.864000 63
36.992000 37.120000 63
37.120000 39.328000 66
39.680000 39.904000 65
39.904000 40.160000 64
40.160000 40.640000 62
40.768000 42.016000 61
42.208000 42.976000 63
43.296000 43.488000 58
44.288000 44.864000 58
45.376000 45.760000 61
46.336000 46.528000 56
46.752000 47.008000 57
47.232000 47.648000 65
47.744000 48.032000 63
48.608000 49.024000 65
49.120000 49.248000 61
49.376000 49.536000 61
49.536000 49.792000 59
49.888000 50.368000 63
50.464000 51.392000 63
51.488000 53.536000 61
54.528000 55.168000 65
55.264000 55.520000 61
55.680000 56.000000 61
56.000000 56.352000 64
56.352000 58.240000 70
58.752000 58.912000 70
58.912000 59.040000 69
59.040000 59.200000 68
59.200000 59.904000 66
60.064000 60.288000 65
60.288000 60.800000 70
60.800000 61.344000 73
61.344000 62.048000 65
62.208000 62.976000 68
63.840000 64.928000 71
64.928000 65.440000 73
65.984000 66.144000 68
66.272000 66.720000 68
66.720000 67.136000 67
67.648000 67.808000 63
67.904000 68.064000 65
68.064000 68.224000 64
68.224000 68.576000 63
68.672000 69.120000 61
69.312000 69.600000 61
69.728000 70.272000 65
70.496000 71.360000 63
71.680000 72.288000 65
72.416000 73.184000 62
73.184000 73.504000 63
73.504000 74.304000 70
74.400000 75.456000 68
75.872000 76.064000 70
76.160000 76.352000 69
76.352000 76.640000 66
76.768000 77.024000 63
77.184000 77.440000 65
77.440000 78.016000 71
78.016000 78.624000 73
78.880000 79.168000 65
79.392000 80.032000 68
80.960000 81.920000 70
82.048000 82.560000 74
83.104000 83.808000 69
83.904000 84.416000 64
84.704000 85.152000 64
85.280000 85.504000 63
85.504000 85.888000 62
85.888000 86.240000 60
86.432000 86.720000 62
87.488000 87.552000 64
87.552000 87.712000 66
87.712000 88.544000 70
88.608000 88.960000 63
90.048000 93.632000 63
95.264000 95.552000 61
107.264000 107.648000 63
107.744000 108.160000 64
108.768000 108.864000 63
109.088000 110.048000 63
110.432000 110.624000 65
110.624000 111.136000 64
111.264000 112.480000 61
112.608000 112.800000 60
112.800000 113.248000 59
113.376000 114.176000 56
115.072000 115.168000 57
115.264000 115.744000 58
116.064000 116.192000 60
116.352000 116.640000 61
116.896000 117.568000 57
117.760000 117.952000 65
117.952000 118.720000 64
119.264000 119.616000 65
119.616000 120.192000 63
120.448000 120.928000 63
121.632000 122.368000 65
122.464000 122.848000 65
122.976000 123.584000 63
124.384000 124.608000 62
124.608000 124.768000 63
124.864000 124.992000 63
124.992000 126.016000 67
126.016000 127.232000 65
127.552000 127.776000 65
127.776000 127.840000 64
127.840000 128.512000 63
128.672000 129.888000 61
130.048000 130.784000 63
130.912000 131.296000 58
132.192000 132.768000 58
133.248000 133.600000 61
134.176000 134.368000 56
134.560000 134.688000 57
135.072000 135.296000 63
135.296000 135.488000 65
135.584000 135.840000 63
135.840000 136.032000 65
136.448000 136.864000 65
136.960000 137.088000 61
137.216000 137.376000 60
137.376000 137.600000 59
137.728000 141.696000 63
142.400000 143.008000 65
143.104000 143.328000 61
143.520000 143.840000 61
143.840000 144.192000 63
144.192000 144.416000 65
144.416000 144.928000 70
145.024000 146.208000 71
146.368000 146.528000 74
146.560000 146.752000 71
146.752000 147.040000 69
147.040000 147.392000 65
147.520000 147.776000 63
147.968000 148.256000 65
148.256000 148.640000 68
148.640000 149.216000 73
149.312000 149.984000 65
150.080000 150.880000 68
151.648000 152.800000 71
152.800000 153.248000 74
153.792000 154.016000 68
154.112000 154.592000 69
154.592000 155.040000 65
155.488000 155.648000 63
155.744000 155.904000 65
155.904000 155.968000 64
155.968000 156.160000 63
156.160000 156.928000 62
157.120000 157.440000 61
157.568000 158.080000 65
158.336000 159.168000 63
159.552000 160.096000 65
160.320000 160.384000 61
160.448000 160.512000 61
160.544000 161.056000 61
161.056000 161.280000 63
161.280000 161.632000 65
161.632000 162.080000 70
162.208000 163.232000 69
163.744000 164.128000 70
164.128000 164.480000 67
164.640000 164.896000 63
165.056000 165.216000 65
165.312000 165.824000 69
165.824000 166.464000 73
166.688000 167.008000 65
167.264000 168.000000 68
168.800000 169.568000 70
169.664000 170.528000 74
170.944000 171.648000 69
171.776000 172.320000 64
172.576000 173.024000 65
173.120000 173.312000 63
173.312000 173.728000 61
173.728000 174.048000 60
174.272000 174.624000 62
175.296000 175.424000 65
175.424000 176.288000 70
176.384000 176.768000 63
176.768000 177.088000 65
177.088000 177.440000 63
177.568000 177.792000 61
177.792000 178.432000 63
178.624000 178.944000 63
179.232000 181.408000 69
181.696000 182.272000 63
183.008000 183.520000 72
187.584000 187.808000 70
188.160000 188.288000 75
188.512000 188.864000 75
189.120000 190.240000 74
190.848000 191.552000 70
192.128000 192.320000 69
192.576000 192.736000 68
192.928000 193.824000 68
193.824000 194.464000 67
194.464000 194.912000 61
195.040000 195.328000 62
195.328000 195.584000 63
195.584000 195.872000 65
195.872000 197.024000 70
197.984000 198.176000 70
198.176000 198.464000 69
198.464000 199.168000 66
199.328000 199.616000 66
199.616000 200.064000 69
200.064000 200.704000 73
200.960000 201.376000 65
201.472000 202.208000 68
203.072000 204.160000 71
204.160000 204.768000 73
205.184000 205.408000 68
205.536000 205.984000 69
206.080000 206.464000 65
206.848000 207.072000 63
207.168000 207.328000 65
207.328000 207.392000 64
207.392000 207.616000 63
207.616000 208.384000 61
208.512000 208.832000 61
208.992000 209.120000 63
209.248000 209.472000 65
209.760000 210.464000 63
210.848000 211.552000 70
211.648000 212.672000 63
212.768000 212.928000 63
213.024000 213.632000 70
213.696000 213.856000 68
214.176000 214.720000 68
214.848000 214.944000 68
215.136000 215.328000 70
215.424000 215.552000 68
215.552000 215.936000 67
216.096000 216.352000 63
216.512000 216.672000 65
216.800000 217.312000 68
217.312000 217.984000 73
218.176000 218.624000 65
218.912000 219.616000 68
220.192000 221.024000 70
221.120000 221.984000 74
222.368000 223.104000 69
223.232000 223.744000 65
224.032000 224.480000 65
224.544000 224.736000 63
224.736000 225.216000 62
225.216000 225.504000 59
225.696000 226.144000 62
226.528000 226.656000 67
226.784000 226.944000 65
226.944000 227.232000 68
227.328000 227.488000 68
227.648000 227.904000 70
228.096000 228.736000 65
230.496000 232.128000 63
