11.904000 12.000000 63
13.472000 13.952000 65
14.368000 15.520000 67
15.680000 15.808000 67
15.968000 16.544000 67
16.544000 17.088000 68
17.088000 17.408000 74
17.600000 19.200000 75
20.800000 21.056000 60
21.152000 21.408000 63
21.760000 22.080000 62
22.304000 22.432000 63
22.432000 22.784000 62
22.912000 23.040000 67
23.200000 23.488000 65
23.712000 23.808000 63
23.808000 24.032000 62
24.032000 24.448000 63
24.640000 24.736000 63
24.896000 25.184000 61
25.184000 25.312000 66
25.504000 25.792000 66
26.048000 26.144000 63
26.304000 26.528000 62
26.624000 26.720000 61
26.912000 27.232000 63
27.776000 28.256000 67
28.352000 29.408000 68
29.536000 29.664000 63
29.824000 30.048000 63
30.048000 30.176000 62
30.368000 30.624000 63
30.880000 31.712000 63
31.840000 32.128000 62
32.128000 32.320000 67
32.416000 32.736000 66
32.960000 33.184000 62
33.280000 33.728000 63
33.856000 34.016000 63
34.016000 34.272000 62
34.400000 34.560000 66
34.688000 35.008000 63
35.264000 35.424000 63
35.488000 36.672000 64
36.960000 38.432000 68
38.464000 38.688000 67
38.688000 38.944000 65
39.040000 40.032000 65
40.480000 40.672000 58
40.672000 41.248000 62
41.344000 41.504000 62
41.632000 42.560000 63
42.816000 42.912000 58
43.040000 44.832000 58
45.056000 45.184000 58
45.184000 45.792000 63
45.920000 46.560000 63
46.816000 47.648000 63
47.648000 48.448000 72
48.576000 51.104000 67
51.392000 51.616000 67
51.712000 51.904000 67
52.000000 52.288000 69
52.288000 52.736000 67
52.832000 53.920000 65
54.272000 55.296000 64
55.456000 56.288000 65
56.576000 56.864000 60
56.864000 57.312000 67
57.536000 58.368000 65
58.624000 59.200000 65
59.200000 59.232000 67
59.232000 59.712000 71
59.712000 60.192000 68
60.192000 60.704000 65
60.928000 61.152000 63
61.248000 61.376000 63
61.376000 61.472000 65
61.472000 61.984000 70
62.112000 63.168000 69
63.552000 64.544000 70
64.704000 65.088000 67
65.248000 65.440000 63
65.632000 65.760000 60
65.856000 66.144000 63
66.432000 66.592000 58
66.752000 67.168000 59
67.168000 67.264000 62
67.264000 67.328000 65
67.328000 67.840000 68
67.840000 70.048000 67
70.432000 70.720000 61
70.720000 71.136000 67
71.136000 71.200000 63
71.328000 72.256000 65
76.224000 76.544000 61
76.544000 76.832000 63
77.024000 77.856000 63
77.984000 78.208000 63
78.560000 78.912000 65
79.168000 79.328000 62
79.424000 79.872000 63
80.000000 80.256000 63
80.256000 80.416000 60
80.544000 80.768000 70
80.864000 81.152000 63
81.568000 82.208000 63
82.304000 82.688000 63
83.168000 83.936000 68
84.032000 84.832000 68
84.928000 85.248000 63
85.472000 86.400000 65
86.624000 86.816000 58
86.816000 87.392000 62
87.488000 87.680000 63
87.776000 88.768000 63
89.216000 89.344000 58
89.472000 90.976000 58
91.232000 91.424000 60
91.424000 91.968000 63
92.096000 92.832000 63
92.992000 93.792000 63
93.792000 94.592000 72
94.720000 97.440000 67
97.536000 97.760000 67
97.856000 98.048000 67
98.144000 98.432000 69
98.432000 98.720000 67
98.720000 98.880000 63
98.976000 100.064000 65
100.416000 101.440000 63
101.632000 102.464000 65
102.752000 102.880000 58
102.880000 102.944000 60
102.944000 103.040000 63
103.040000 103.328000 67
103.328000 103.488000 64
103.744000 104.512000 65
104.800000 105.280000 63
105.280000 105.344000 66
105.344000 105.952000 72
105.952000 106.272000 67
106.272000 106.816000 66
107.136000 107.232000 62
107.392000 107.552000 63
107.552000 107.616000 64
107.616000 108.128000 70
108.256000 109.632000 69
109.728000 110.656000 70
110.880000 111.232000 67
111.360000 111.648000 64
112.000000 112.320000 64
112.576000 112.736000 58
112.896000 113.312000 59
113.312000 113.376000 61
113.376000 113.408000 62
113.408000 114.336000 68
114.336000 116.192000 67
116.608000 116.736000 59
116.736000 116.832000 62
116.832000 117.280000 67
117.280000 117.344000 63
117.472000 118.272000 65
118.944000 119.200000 68
119.200000 120.128000 72
120.288000 120.544000 72
120.576000 121.504000 71
121.888000 121.984000 71
122.144000 122.624000 72
122.720000 123.072000 72
123.200000 123.648000 67
123.744000 124.960000 67
125.056000 125.440000 68
125.728000 126.048000 65
126.816000 126.944000 64
127.040000 127.296000 66
127.392000 127.520000 68
127.936000 128.192000 70
128.192000 128.640000 68
129.088000 129.600000 65
129.792000 130.080000 68
130.272000 130.400000 68
130.496000 130.816000 69
133.728000 133.920000 69
134.304000 134.976000 65
135.072000 135.680000 65
135.776000 136.384000 65
136.544000 136.768000 62
137.088000 137.984000 62
138.240000 138.368000 62
139.712000 139.904000 58
139.904000 140.320000 63
140.576000 141.760000 63
141.920000 142.400000 58
142.592000 142.752000 56
142.880000 143.040000 59
143.200000 143.936000 58
144.352000 144.448000 58
144.608000 144.896000 63
144.896000 145.248000 60
145.248000 145.856000 63
145.984000 146.752000 63
146.912000 148.096000 72
148.224000 150.272000 67
150.592000 151.712000 70
151.808000 151.904000 63
152.064000 153.216000 65
153.280000 154.560000 64
154.720000 155.552000 65
156.096000 156.448000 67
156.448000 156.544000 63
156.672000 157.600000 65
157.920000 158.336000 63
158.336000 158.400000 65
158.400000 158.432000 67
158.432000 158.976000 72
158.976000 159.392000 68
159.392000 159.968000 66
160.192000 160.352000 63
160.480000 160.736000 66
160.736000 161.216000 70
161.344000 162.368000 68
162.528000 162.688000 69
162.816000 163.744000 70
163.968000 164.256000 67
164.352000 164.736000 63
164.864000 164.960000 61
165.088000 165.408000 63
165.632000 165.792000 60
165.984000 166.560000 63
166.560000 167.392000 68
167.392000 167.680000 65
167.680000 168.640000 70
168.640000 169.280000 65
169.408000 169.504000 62
169.664000 169.856000 59
169.856000 169.920000 61
169.920000 170.400000 66
170.560000 171.776000 65
171.936000 172.160000 62
172.160000 174.048000 65
174.528000 175.104000 68
175.168000 175.840000 67
175.840000 176.128000 63
176.288000 176.320000 63
176.384000 176.896000 63
176.896000 177.376000 71
177.472000 178.080000 67
178.080000 178.368000 63
178.688000 179.040000 63
179.232000 179.712000 70
179.808000 180.896000 68
181.216000 182.752000 70
183.296000 183.872000 65
184.160000 184.320000 60
184.448000 184.576000 61
184.576000 184.864000 60
184.928000 184.992000 64
184.992000 185.504000 68
185.664000 185.792000 67
185.792000 186.400000 64
186.400000 186.944000 67
187.072000 187.872000 67
188.160000 188.256000 69
188.416000 188.800000 67
188.800000 188.864000 62
189.024000 189.088000 62
189.088000 189.472000 65
189.632000 190.400000 63
192.000000 192.480000 65
192.608000 192.768000 65
193.024000 193.088000 65
193.088000 193.344000 68
193.344000 193.600000 70
193.600000 194.496000 67
194.752000 195.296000 67
195.520000 196.096000 67
198.272000 198.880000 65
198.880000 199.072000 67
199.072000 201.088000 70
201.088000 202.080000 65
202.144000 202.592000 67
202.592000 202.752000 63
202.880000 203.904000 65
204.064000 204.256000 67
204.448000 204.672000 67
204.832000 205.664000 67
205.856000 206.848000 68
