7.936000 8.256000 67
17.792000 18.208000 70
21.696000 21.888000 67
22.208000 23.456000 63
24.096000 24.512000 62
24.736000 24.864000 62
24.960000 25.536000 62
31.488000 31.776000 62
31.904000 32.320000 60
32.320000 32.928000 63
33.056000 33.696000 65
33.824000 34.336000 62
34.336000 35.904000 59
37.824000 38.144000 62
38.240000 38.912000 62
39.072000 39.328000 63
39.424000 39.776000 65
39.776000 40.096000 62
40.256000 42.656000 70
44.288000 44.544000 65
44.672000 44.992000 66
44.992000 45.280000 62
45.472000 46.080000 68
47.456000 47.936000 65
48.256000 48.448000 65
48.832000 49.248000 55
50.656000 50.976000 55
50.976000 51.040000 56
51.040000 51.424000 59
51.424000 51.712000 60
51.712000 52.768000 67
53.440000 55.872000 62
57.024000 57.728000 61
57.856000 59.296000 65
59.456000 60.064000 62
60.256000 61.312000 55
63.456000 64.352000 62
64.352000 65.824000 65
65.824000 68.640000 70
69.696000 70.112000 65
70.304000 70.560000 67
70.560000 70.912000 62
71.104000 71.712000 68
72.896000 73.440000 63
73.440000 74.144000 67
74.432000 74.944000 72
76.256000 76.544000 60
76.672000 77.024000 62
77.024000 77.568000 67
77.664000 78.368000 63
78.496000 78.848000 62
79.040000 79.552000 63
79.552000 79.904000 61
80.032000 81.760000 60
82.528000 83.136000 71
83.456000 84.544000 63
85.088000 85.664000 62
85.856000 86.816000 74
87.008000 87.424000 70
87.424000 88.352000 65
89.152000 89.408000 61
89.408000 89.728000 62
89.728000 90.016000 63
90.016000 90.880000 72
91.008000 91.808000 70
91.808000 92.480000 68
92.672000 93.248000 67
93.408000 94.048000 70
94.240000 94.752000 67
95.424000 95.776000 70
96.352000 96.864000 63
97.024000 97.312000 62
97.792000 98.464000 62
98.624000 98.976000 72
99.104000 99.616000 74
99.872000 100.256000 70
100.256000 101.152000 65
101.952000 102.016000 58
102.016000 102.240000 61
102.240000 102.944000 63
103.040000 103.360000 70
103.520000 104.224000 62
104.512000 107.904000 63
111.392000 112.128000 62
112.224000 112.928000 63
113.024000 113.664000 65
113.856000 114.432000 62
114.688000 115.712000 56
117.888000 118.816000 62
118.816000 120.192000 65
120.192000 122.688000 70
124.032000 124.480000 65
124.640000 124.992000 67
124.992000 125.312000 61
125.440000 126.112000 68
126.240000 126.624000 65
126.720000 127.200000 65
127.200000 127.840000 64
127.840000 128.160000 65
128.160000 128.672000 68
128.672000 129.280000 72
130.784000 130.944000 60
131.104000 131.424000 62
131.424000 131.808000 64
131.808000 132.000000 68
132.128000 132.192000 66
132.256000 132.992000 62
133.024000 133.216000 62
133.312000 134.272000 62
134.464000 136.416000 62
136.896000 137.280000 70
137.824000 138.944000 63
139.040000 139.168000 64
139.456000 140.064000 62
140.256000 141.248000 74
141.408000 141.824000 70
141.824000 142.720000 67
143.456000 143.840000 61
143.840000 144.480000 63
144.544000 145.312000 72
145.440000 145.888000 70
146.176000 146.560000 67
146.656000 146.880000 65
147.104000 147.648000 67
147.808000 148.224000 70
148.320000 148.448000 69
148.608000 149.056000 67
149.184000 149.344000 65
149.760000 150.144000 71
150.464000 151.296000 63
151.424000 151.744000 62
152.128000 152.896000 63
153.024000 153.312000 72
153.568000 153.984000 74
154.272000 154.592000 70
154.592000 155.552000 67
156.320000 156.576000 60
156.672000 157.312000 63
157.440000 157.728000 69
157.856000 158.528000 62
158.976000 161.568000 62
162.464000 162.880000 70
163.520000 164.544000 63
165.088000 165.632000 62
165.856000 166.752000 74
167.008000 167.424000 70
167.424000 168.352000 66
168.640000 168.768000 58
169.024000 169.408000 60
169.408000 170.016000 63
170.176000 170.880000 72
171.072000 171.424000 70
171.808000 171.936000 67
171.936000 172.096000 66
172.096000 172.288000 69
172.288000 172.512000 67
172.704000 173.248000 67
173.248000 174.048000 70
174.208000 174.656000 67
174.656000 174.944000 66
175.424000 175.744000 70
176.224000 177.312000 63
177.440000 177.696000 65
177.792000 178.432000 62
178.592000 178.880000 72
179.136000 179.552000 74
179.840000 180.224000 70
180.224000 181.184000 65
181.824000 181.952000 56
181.952000 181.984000 57
181.984000 182.048000 58
182.048000 182.944000 64
183.040000 183.296000 69
183.456000 183.808000 62
183.808000 184.672000 61
184.832000 187.264000 62
188.096000 188.640000 61
188.640000 189.024000 63
189.024000 189.216000 63
189.216000 189.888000 69
190.240000 190.624000 62
191.008000 193.600000 63
194.592000 194.656000 55
194.656000 194.688000 55
194.688000 194.976000 59
195.104000 195.712000 63
195.968000 196.352000 70
196.768000 197.408000 62
199.456000 202.272000 63
202.368000 202.688000 65
203.360000 204.224000 67
204.544000 205.440000 70
205.632000 206.144000 65
208.384000 208.640000 68
208.928000 209.280000 66
209.408000 210.720000 63
211.520000 212.000000 62
212.160000 212.352000 62
