19.424000 20.032000 56
20.128000 20.448000 56
20.640000 22.528000 60
22.656000 23.008000 61
23.136000 24.064000 61
24.064000 24.640000 63
25.024000 25.312000 60
25.312000 25.536000 62
25.696000 27.168000 65
27.296000 27.456000 68
27.680000 27.904000 63
28.032000 28.416000 61
28.928000 29.120000 60
29.248000 29.568000 59
29.568000 29.760000 56
29.888000 30.368000 56
30.496000 31.360000 56
31.648000 31.840000 60
31.840000 32.000000 62
32.128000 32.416000 56
33.440000 33.920000 58
34.080000 34.880000 59
35.040000 35.232000 56
35.392000 35.680000 59
35.840000 36.096000 58
36.608000 36.800000 57
36.928000 37.504000 59
37.600000 38.592000 60
38.816000 39.072000 58
39.168000 39.488000 61
39.488000 39.680000 64
39.840000 40.160000 61
40.448000 40.736000 60
40.736000 41.344000 65
41.440000 41.856000 65
41.952000 42.464000 65
42.528000 42.976000 68
42.976000 43.264000 65
43.264000 43.744000 61
44.224000 44.416000 64
44.544000 45.024000 63
45.024000 46.272000 68
46.400000 46.688000 65
46.848000 46.912000 62
47.136000 47.488000 58
48.032000 48.544000 63
48.640000 49.120000 65
49.248000 50.880000 70
51.104000 51.808000 70
53.312000 53.440000 62
53.440000 53.568000 63
53.664000 54.112000 63
54.272000 54.688000 72
54.880000 55.712000 72
55.840000 56.096000 72
56.096000 57.344000 71
57.344000 59.712000 69
60.096000 60.320000 60
60.544000 60.864000 64
61.216000 61.312000 61
61.312000 61.984000 64
61.984000 62.720000 68
62.880000 63.648000 68
63.776000 64.032000 70
64.032000 64.320000 66
64.320000 64.768000 68
65.056000 65.696000 69
65.696000 68.128000 71
68.288000 69.312000 63
69.760000 69.984000 72
70.080000 70.880000 72
71.040000 71.328000 75
71.328000 72.352000 71
72.672000 74.528000 68
74.688000 74.816000 68
75.296000 75.456000 62
75.648000 75.872000 64
76.736000 76.896000 63
77.088000 77.312000 66
77.408000 77.888000 68
77.984000 80.064000 69
80.224000 80.288000 62
80.288000 80.416000 67
80.544000 81.056000 69
81.056000 81.664000 70
81.664000 82.688000 70
82.688000 82.880000 71
82.880000 83.232000 72
83.232000 83.584000 75
83.584000 83.936000 73
83.936000 84.864000 78
84.864000 85.056000 71
85.376000 87.040000 68
117.408000 118.336000 56
118.528000 118.944000 58
119.392000 120.416000 60
120.512000 120.896000 60
121.216000 121.664000 59
121.664000 122.560000 63
122.720000 122.816000 63
122.816000 123.104000 62
123.104000 123.328000 63
123.488000 124.928000 65
125.056000 125.216000 67
125.440000 125.696000 63
125.696000 126.240000 61
126.656000 126.880000 60
127.008000 127.232000 59
127.232000 127.520000 58
127.616000 128.128000 56
128.256000 129.184000 56
129.184000 129.248000 57
129.248000 129.696000 63
129.856000 130.272000 56
131.136000 132.512000 58
132.672000 132.896000 56
133.024000 133.408000 59
133.568000 133.792000 58
134.304000 134.464000 56
134.592000 135.136000 61
135.232000 136.288000 61
136.448000 136.672000 58
136.800000 136.960000 59
136.960000 137.120000 60
137.120000 137.312000 63
137.440000 137.664000 61
138.080000 138.368000 61
138.368000 138.944000 65
139.040000 139.456000 65
139.584000 139.968000 66
140.128000 140.512000 67
140.512000 140.864000 66
140.864000 141.184000 60
141.760000 141.920000 63
142.048000 142.496000 63
142.496000 143.008000 68
143.008000 144.128000 68
144.320000 144.480000 60
144.640000 144.896000 58
145.472000 145.888000 63
146.016000 146.464000 65
146.624000 146.752000 68
146.752000 146.880000 71
146.880000 148.256000 68
148.448000 149.408000 70
150.528000 151.296000 63
151.488000 151.872000 72
152.064000 152.800000 72
152.992000 154.272000 72
154.496000 156.832000 69
157.024000 157.280000 61
157.408000 157.728000 63
158.112000 159.040000 65
159.136000 159.584000 68
159.680000 160.480000 68
160.608000 160.832000 70
160.832000 161.152000 66
161.152000 161.536000 68
161.824000 162.560000 69
162.560000 164.672000 71
164.768000 165.952000 63
166.272000 166.336000 69
166.336000 167.360000 72
167.456000 167.776000 75
167.776000 168.768000 71
169.024000 170.784000 68
171.008000 171.296000 69
171.520000 171.712000 61
171.808000 172.192000 64
172.672000 172.864000 64
172.960000 173.152000 63
173.280000 173.536000 65
173.632000 174.048000 68
174.208000 176.064000 70
176.384000 176.544000 69
176.640000 177.024000 68
177.024000 178.560000 70
178.560000 179.232000 73
179.232000 180.352000 78
180.352000 180.512000 77
180.512000 180.704000 71
180.704000 181.216000 71
181.312000 181.504000 69
181.504000 181.696000 72
181.696000 181.984000 71
181.984000 182.880000 71
182.880000 183.616000 72
185.088000 185.824000 69
186.048000 186.208000 70
186.400000 186.464000 65
186.464000 188.896000 71
188.896000 189.408000 72
189.984000 190.336000 72
196.512000 196.672000 60
197.024000 197.184000 59
197.184000 197.280000 60
197.280000 197.792000 63
197.888000 197.984000 63
198.080000 198.176000 63
198.304000 198.432000 63
198.912000 199.040000 63
