1.312000 2.880000 67
2.976000 3.616000 55
3.680000 3.808000 55
3.936000 4.032000 54
4.128000 4.224000 55
4.608000 4.864000 63
4.960000 6.880000 67
7.552000 7.744000 65
8.320000 9.152000 68
9.408000 10.304000 68
10.368000 10.720000 63
10.880000 11.520000 61
11.776000 11.968000 64
11.968000 12.128000 69
12.128000 13.056000 67
13.408000 13.472000 69
13.472000 13.792000 69
13.920000 14.464000 67
21.920000 22.816000 72
22.816000 25.024000 70
25.408000 25.472000 57
25.472000 25.600000 58
25.600000 26.560000 61
26.560000 29.984000 63
30.240000 30.656000 55
30.656000 32.768000 60
32.960000 33.440000 58
33.760000 33.952000 56
34.048000 34.592000 63
34.752000 35.552000 65
35.680000 37.568000 59
38.048000 38.208000 58
38.368000 38.688000 67
38.688000 39.808000 66
40.224000 44.832000 68
45.344000 45.984000 71
45.984000 46.432000 69
46.496000 47.232000 71
47.232000 48.288000 68
48.736000 48.896000 61
48.896000 49.024000 65
49.024000 49.600000 67
49.728000 50.080000 64
50.240000 50.560000 63
50.560000 51.456000 62
51.584000 51.744000 60
52.032000 52.448000 58
52.448000 52.800000 57
52.928000 53.248000 70
53.248000 54.464000 68
54.816000 54.880000 60
54.880000 57.056000 67
57.056000 59.104000 63
59.584000 59.712000 53
59.872000 60.000000 57
60.000000 60.928000 65
61.152000 63.168000 66
63.264000 63.456000 67
63.552000 63.712000 65
63.712000 63.808000 68
63.808000 64.256000 64
64.256000 64.640000 62
64.736000 66.720000 61
67.136000 67.200000 58
67.200000 67.328000 62
67.456000 67.584000 63
67.584000 67.744000 60
67.904000 68.352000 60
68.896000 69.632000 72
69.760000 73.792000 70
74.464000 74.656000 72
74.784000 75.104000 71
75.104000 75.552000 67
75.680000 76.320000 70
76.320000 77.632000 67
78.048000 78.240000 67
78.240000 78.752000 66
78.752000 79.296000 64
79.296000 81.184000 60
81.792000 82.976000 63
83.264000 84.128000 65
84.288000 84.480000 61
84.480000 86.688000 58
87.328000 88.128000 72
88.128000 89.600000 67
89.696000 89.856000 70
89.856000 90.080000 68
90.176000 90.496000 65
90.816000 91.200000 59
91.200000 92.576000 61
92.672000 94.208000 63
94.208000 96.480000 63
116.480000 117.184000 72
117.184000 119.136000 70
119.232000 119.584000 65
119.936000 120.000000 57
120.000000 120.160000 58
120.160000 124.576000 63
124.768000 125.216000 55
125.216000 125.440000 59
125.632000 126.432000 60
126.528000 126.912000 58
126.912000 127.296000 56
127.520000 127.968000 58
128.320000 128.480000 55
128.608000 129.152000 63
129.312000 130.080000 65
130.240000 132.128000 59
132.576000 132.768000 58
132.928000 133.248000 67
133.248000 134.368000 65
134.752000 139.392000 68
139.872000 141.792000 70
141.792000 141.952000 67
141.952000 142.848000 67
143.296000 143.360000 60
143.360000 143.456000 62
143.456000 143.552000 64
143.552000 144.160000 67
144.288000 144.640000 63
144.800000 145.088000 63
145.088000 146.016000 62
146.112000 146.272000 60
146.560000 146.752000 58
146.848000 147.008000 58
147.008000 147.328000 57
147.456000 147.776000 70
147.776000 149.024000 68
149.312000 149.440000 60
149.440000 151.424000 67
151.424000 153.696000 63
154.432000 154.560000 58
154.560000 155.488000 65
155.680000 158.016000 67
158.112000 158.304000 65
158.304000 158.976000 64
158.976000 159.200000 59
159.296000 161.248000 60
161.696000 161.760000 59
161.760000 161.888000 62
161.984000 162.112000 63
162.112000 162.304000 61
162.432000 162.912000 60
163.392000 163.456000 70
163.456000 164.160000 72
164.288000 168.288000 70
169.024000 169.216000 72
169.344000 169.664000 71
169.664000 170.080000 68
170.240000 170.848000 70
170.848000 172.096000 68
172.608000 172.832000 67
172.832000 173.312000 66
173.312000 173.856000 64
173.856000 175.744000 61
176.352000 176.480000 61
176.576000 177.504000 63
177.824000 177.888000 61
177.888000 178.688000 65
178.848000 178.944000 62
178.944000 181.408000 60
181.888000 182.720000 72
182.720000 184.160000 67
184.224000 184.288000 70
184.288000 184.416000 70
184.416000 185.056000 68
185.376000 185.728000 59
185.728000 187.136000 61
187.232000 190.560000 63
190.944000 191.200000 70
216.320000 216.608000 75
216.864000 216.960000 75
217.056000 218.080000 75
218.176000 218.304000 75
218.400000 218.496000 75
218.624000 218.720000 75
219.872000 220.000000 57
220.000000 220.928000 66
221.152000 223.040000 65
223.296000 223.456000 67
223.584000 223.776000 67
223.776000 224.256000 64
224.256000 224.640000 61
224.736000 226.720000 61
227.136000 227.200000 58
227.200000 227.328000 62
227.456000 227.584000 63
227.584000 227.744000 60
227.904000 228.320000 60
228.320000 228.480000 57
228.896000 229.632000 72
229.760000 233.824000 70
234.464000 234.656000 72
234.784000 235.104000 71
235.104000 235.552000 67
235.680000 236.320000 70
236.320000 237.536000 67
238.048000 238.240000 67
238.240000 238.752000 66
238.752000 239.296000 64
239.296000 241.184000 60
241.792000 242.976000 63
243.264000 243.328000 61
243.328000 244.128000 65
244.288000 246.848000 61
247.328000 248.128000 72
248.128000 250.080000 70
250.176000 250.464000 65
250.816000 251.200000 59
251.200000 252.576000 61
252.704000 255.968000 63
256.320000 256.960000 55
266.048000 267.168000 65
267.424000 267.776000 60
268.096000 268.864000 63
269.024000 270.176000 63
270.688000 270.816000 63
273.568000 273.664000 63
273.760000 273.856000 63
