25.344000 25.504000 58
25.760000 26.560000 61
26.656000 27.968000 61
28.256000 28.288000 60
28.352000 29.024000 61
29.184000 30.688000 61
30.784000 31.136000 59
31.136000 31.552000 58
32.512000 32.736000 56
32.896000 33.088000 57
33.248000 33.888000 63
34.048000 35.264000 62
35.488000 35.776000 61
36.928000 37.984000 61
38.080000 39.136000 61
39.584000 40.896000 61
40.992000 41.984000 61
42.112000 43.232000 60
44.288000 44.576000 66
44.704000 44.928000 65
44.928000 45.248000 63
45.440000 46.016000 61
46.112000 46.528000 63
46.880000 47.488000 56
47.584000 47.808000 58
47.936000 49.216000 61
49.696000 50.688000 61
50.816000 51.072000 58
51.232000 52.224000 61
52.672000 53.152000 61
53.312000 53.856000 60
53.952000 54.272000 60
54.368000 54.688000 61
54.688000 55.232000 60
55.392000 55.648000 56
55.808000 55.968000 56
56.160000 56.320000 61
56.320000 57.792000 65
58.240000 58.848000 56
58.976000 60.544000 61
61.120000 61.728000 61
61.824000 62.432000 60
62.624000 63.680000 61
63.776000 63.872000 60
64.000000 64.576000 61
64.704000 65.632000 60
65.760000 66.432000 61
66.528000 67.104000 58
67.200000 67.712000 56
67.904000 67.968000 61
67.968000 69.056000 63
69.056000 70.656000 68
71.456000 72.384000 65
72.832000 73.472000 66
73.600000 75.008000 68
75.360000 76.000000 66
76.096000 76.384000 65
76.384000 76.736000 63
76.864000 77.056000 56
77.056000 77.920000 61
78.240000 78.496000 65
78.592000 79.232000 66
79.232000 79.648000 63
79.968000 80.224000 58
80.448000 80.576000 59
80.576000 80.768000 61
81.088000 81.344000 57
81.472000 82.432000 66
82.528000 83.520000 65
83.936000 84.128000 56
84.288000 84.928000 66
85.024000 86.240000 68
86.816000 87.072000 66
87.168000 87.392000 66
87.520000 87.744000 65
87.904000 88.128000 61
88.448000 88.896000 58
88.992000 89.376000 61
89.696000 90.880000 66
91.136000 91.712000 58
91.904000 92.160000 61
92.864000 93.792000 66
93.888000 94.144000 65
94.240000 95.456000 65
95.456000 95.584000 67
95.584000 96.128000 68
96.128000 96.480000 65
96.480000 98.432000 63
98.624000 99.232000 63
99.392000 99.616000 65
99.680000 100.000000 61
100.000000 101.152000 65
101.152000 101.984000 68
101.984000 103.616000 66
103.648000 104.736000 66
105.088000 105.376000 65
105.376000 105.504000 61
105.664000 106.560000 63
108.224000 109.440000 61
109.536000 110.624000 61
111.072000 111.232000 58
111.328000 111.936000 61
112.064000 112.320000 61
112.416000 112.640000 60
112.736000 113.376000 61
113.600000 114.240000 60
115.424000 116.000000 56
116.096000 116.320000 61
116.448000 118.080000 63
118.272000 119.232000 63
119.648000 120.320000 61
120.416000 120.544000 60
120.640000 121.184000 61
121.312000 121.504000 60
121.504000 122.080000 63
122.496000 122.784000 61
122.880000 123.136000 61
123.264000 123.712000 61
123.840000 124.960000 61
125.120000 125.664000 63
125.664000 126.336000 65
127.168000 127.872000 66
127.872000 128.160000 68
128.256000 129.408000 63
129.760000 130.336000 56
130.432000 130.688000 58
130.784000 132.032000 61
132.256000 132.352000 61
132.544000 133.568000 61
134.112000 135.264000 61
135.520000 136.000000 61
136.160000 136.704000 60
136.832000 137.120000 60
137.216000 137.856000 61
137.984000 138.080000 58
138.208000 138.496000 56
138.656000 138.848000 56
139.040000 139.232000 61
139.232000 140.768000 65
141.152000 141.216000 54
141.248000 141.696000 56
141.856000 141.984000 58
142.112000 144.032000 61
144.160000 144.544000 61
144.640000 144.960000 60
145.056000 145.248000 58
145.440000 145.920000 63
146.112000 146.432000 61
146.848000 147.040000 60
147.200000 147.424000 61
147.552000 148.224000 60
148.320000 148.576000 60
148.704000 149.472000 61
149.472000 149.632000 58
150.048000 150.624000 68
150.720000 150.944000 68
151.104000 151.232000 63
151.232000 152.192000 66
152.192000 153.504000 65
153.920000 154.304000 61
154.304000 155.296000 65
155.712000 156.288000 66
156.416000 157.792000 68
158.240000 158.848000 66
158.944000 159.232000 65
159.232000 159.584000 63
159.712000 159.904000 56
159.904000 160.768000 61
161.088000 161.344000 65
161.440000 162.080000 66
162.080000 162.496000 63
162.784000 163.072000 58
163.296000 163.360000 58
163.360000 163.616000 61
163.968000 164.192000 56
164.320000 165.024000 66
165.088000 165.280000 66
165.344000 166.368000 65
166.784000 166.976000 56
167.136000 167.776000 66
167.872000 169.088000 68
169.664000 169.920000 66
170.016000 170.240000 66
170.368000 170.624000 65
170.752000 170.944000 61
171.296000 171.840000 58
171.840000 172.224000 61
172.544000 173.568000 66
173.568000 173.792000 63
174.016000 174.592000 58
174.752000 175.104000 61
175.712000 175.776000 63
175.776000 176.960000 66
177.088000 178.304000 65
178.304000 178.976000 68
178.976000 179.328000 66
179.328000 181.312000 64
181.472000 181.696000 63
181.696000 182.080000 62
182.208000 184.192000 68
184.192000 184.672000 68
184.672000 187.584000 66
187.936000 188.384000 65
188.512000 191.104000 68
191.104000 192.864000 61
192.960000 193.120000 63
193.120000 193.536000 63
193.632000 193.856000 64
193.984000 194.272000 61
194.272000 195.424000 65
195.424000 199.040000 68
199.360000 199.648000 65
199.648000 199.808000 61
199.936000 200.864000 63
211.296000 211.520000 62
211.520000 211.712000 63
211.840000 212.032000 65
212.032000 212.160000 64
212.192000 212.544000 63
212.704000 213.536000 65
213.664000 213.856000 68
213.856000 213.984000 64
213.984000 214.368000 61
214.368000 215.360000 66
215.456000 216.736000 68
216.864000 217.152000 61
217.280000 217.376000 63
217.600000 217.728000 65
218.112000 219.264000 65
219.392000 219.552000 67
219.744000 220.160000 63
220.160000 220.640000 65
220.800000 221.056000 62
221.056000 221.536000 65
221.568000 222.208000 63
222.304000 222.464000 66
222.464000 222.880000 62
222.880000 223.872000 65
224.256000 226.304000 68
226.496000 226.656000 71
226.784000 227.840000 66
227.840000 228.160000 63
228.288000 228.448000 56
228.448000 229.120000 59
229.120000 229.568000 61
229.664000 230.656000 66
230.656000 231.072000 63
231.360000 231.648000 58
231.840000 231.936000 58
231.936000 232.192000 61
232.544000 232.768000 56
232.896000 233.568000 66
233.696000 234.912000 66
234.912000 235.072000 59
235.360000 235.552000 56
235.712000 236.352000 66
236.448000 237.696000 68
237.696000 238.080000 70
238.208000 239.168000 66
239.168000 239.264000 63
239.264000 240.384000 61
240.576000 240.672000 61
240.800000 240.928000 62
241.120000 242.304000 66
242.592000 243.168000 58
243.328000 243.680000 61
244.224000 244.288000 60
244.288000 245.248000 66
245.344000 245.472000 65
245.632000 246.112000 65
246.336000 246.848000 64
246.848000 247.904000 68
247.904000 248.256000 63
248.352000 249.888000 58
250.048000 250.656000 63
250.784000 252.768000 68
252.768000 253.248000 68
253.248000 256.160000 66
256.512000 256.800000 65
256.800000 257.024000 61
257.120000 258.720000 68
258.720000 260.384000 68
260.384000 261.504000 58
261.504000 261.760000 63
261.760000 261.952000 61
261.952000 262.080000 62
262.208000 264.192000 67
264.192000 264.704000 68
264.704000 267.552000 66
267.712000 267.808000 62
267.936000 268.256000 65
268.256000 268.352000 61
268.512000 269.408000 63
269.536000 269.632000 63
