4.288000 4.448000 68
4.448000 4.960000 67
4.960000 5.312000 65
5.312000 5.664000 67
7.104000 7.200000 67
7.488000 8.000000 67
8.000000 8.320000 68
9.792000 10.144000 62
10.208000 10.240000 61
11.840000 12.608000 68
12.800000 13.216000 67
13.280000 13.440000 62
19.872000 20.128000 55
20.256000 20.512000 56
20.512000 20.576000 58
20.576000 20.864000 60
20.864000 21.664000 63
21.760000 22.848000 61
22.976000 23.136000 56
23.232000 23.648000 61
23.808000 24.256000 63
24.736000 24.928000 54
25.024000 25.280000 56
25.280000 25.536000 59
25.632000 26.464000 62
26.592000 26.816000 62
26.816000 27.072000 63
27.168000 27.328000 61
27.424000 28.576000 61
28.576000 28.928000 62
29.536000 29.760000 66
29.760000 30.048000 64
30.144000 30.496000 63
30.752000 31.232000 63
31.360000 31.584000 66
31.712000 31.904000 63
31.904000 32.192000 66
32.192000 32.480000 63
32.576000 32.640000 65
32.640000 32.800000 66
32.800000 32.992000 65
33.216000 33.920000 68
33.920000 34.304000 65
34.656000 34.848000 63
34.944000 35.680000 61
35.968000 37.312000 63
38.496000 39.008000 61
39.136000 39.424000 68
39.424000 39.552000 66
39.680000 40.576000 63
40.576000 42.272000 66
43.904000 43.968000 66
43.968000 44.512000 70
44.512000 44.736000 68
44.736000 45.632000 66
45.728000 46.208000 63
46.208000 46.720000 62
46.880000 47.264000 62
47.264000 47.648000 66
47.840000 48.768000 67
49.408000 49.472000 62
49.472000 49.632000 64
49.632000 49.856000 66
49.952000 50.464000 68
50.560000 52.256000 71
52.416000 52.672000 61
52.672000 53.024000 63
53.248000 53.440000 63
53.536000 53.792000 61
53.792000 54.784000 66
54.784000 55.488000 61
55.680000 56.384000 59
56.512000 56.768000 56
56.896000 57.568000 61
58.048000 58.816000 63
58.944000 59.232000 67
59.232000 60.352000 64
60.480000 61.216000 59
61.376000 62.592000 68
63.104000 63.392000 71
63.488000 63.680000 70
63.680000 64.000000 69
64.000000 64.224000 63
64.320000 64.832000 66
64.928000 65.408000 63
65.536000 65.792000 61
65.952000 66.496000 63
66.496000 66.880000 66
67.072000 67.936000 66
68.576000 68.640000 61
68.640000 68.832000 64
68.832000 69.024000 66
69.152000 71.552000 71
71.552000 72.128000 63
72.448000 73.344000 66
73.344000 73.504000 66
73.632000 73.792000 63
73.920000 75.456000 61
75.616000 75.968000 56
76.064000 76.736000 61
77.312000 77.984000 63
78.144000 78.368000 66
78.368000 78.656000 65
78.656000 79.840000 62
79.936000 80.288000 59
80.416000 80.576000 59
80.704000 80.832000 59
80.832000 80.896000 62
80.896000 81.248000 68
81.568000 83.264000 66
85.920000 86.240000 55
123.520000 123.744000 58
123.744000 124.064000 60
124.064000 125.792000 63
125.792000 126.048000 59
126.176000 126.368000 56
126.464000 126.880000 61
127.264000 127.360000 54
127.936000 128.160000 54
128.256000 128.480000 56
128.480000 130.560000 63
130.656000 131.712000 61
131.712000 132.352000 62
132.704000 132.960000 66
132.960000 133.248000 65
133.344000 133.760000 63
133.952000 134.464000 63
134.560000 134.784000 66
134.880000 135.104000 63
135.104000 135.392000 66
135.392000 135.680000 64
135.776000 136.000000 66
136.000000 136.192000 65
136.448000 136.512000 67
136.512000 137.184000 68
137.280000 137.568000 63
137.920000 138.080000 63
138.208000 138.400000 61
138.496000 138.880000 59
139.104000 139.392000 61
139.648000 140.704000 63
141.696000 142.208000 61
142.336000 142.720000 68
142.944000 143.904000 66
143.904000 145.056000 66
147.104000 147.168000 67
147.168000 147.712000 71
147.712000 147.936000 68
147.936000 149.504000 66
149.504000 149.888000 61
150.080000 150.464000 61
150.464000 150.848000 66
151.040000 152.000000 66
152.512000 152.800000 63
152.800000 153.056000 66
153.152000 155.424000 71
155.584000 155.840000 61
155.840000 156.224000 63
156.448000 156.640000 63
156.736000 157.184000 63
157.344000 157.600000 66
157.600000 158.656000 63
158.880000 159.392000 59
159.776000 159.968000 56
160.064000 160.672000 61
161.184000 161.408000 63
161.408000 162.016000 63
162.208000 162.272000 65
162.272000 162.432000 66
162.432000 163.584000 64
163.712000 164.448000 59
164.640000 165.792000 68
166.304000 166.560000 71
166.656000 166.880000 70
166.880000 167.200000 69
167.200000 167.488000 63
167.584000 168.064000 66
168.064000 168.672000 65
168.800000 169.056000 61
169.216000 169.728000 62
169.728000 170.144000 66
170.336000 171.136000 66
171.776000 172.032000 63
172.032000 172.160000 66
172.352000 173.152000 68
173.248000 173.440000 68
173.536000 174.368000 68
174.496000 174.688000 71
174.688000 175.328000 67
175.680000 175.872000 63
175.872000 176.224000 61
176.224000 176.736000 66
176.896000 177.024000 63
177.184000 178.688000 61
178.848000 179.200000 56
179.328000 179.936000 61
180.448000 181.184000 63
181.376000 181.600000 66
181.600000 181.824000 63
181.824000 183.648000 62
183.744000 183.808000 66
183.808000 183.936000 68
184.192000 186.144000 66
187.808000 188.256000 67
188.256000 190.304000 63
191.680000 191.808000 60
192.416000 192.480000 62
192.480000 192.704000 63
192.704000 193.216000 66
193.312000 193.536000 66
193.536000 193.824000 63
193.920000 193.984000 67
193.984000 194.112000 68
194.240000 194.976000 68
195.168000 195.648000 63
195.808000 195.968000 61
196.128000 196.736000 59
197.568000 198.528000 63
198.688000 200.416000 62
201.984000 202.848000 63
203.008000 203.232000 62
203.232000 204.224000 66
204.224000 205.824000 61
206.816000 207.616000 59
207.744000 208.224000 56
208.320000 210.496000 59
