7.008000 7.200000 74
8.256000 8.608000 75
8.800000 9.792000 75
23.872000 24.224000 65
26.624000 26.720000 62
28.032000 28.160000 55
28.288000 28.416000 55
28.416000 28.704000 58
28.704000 28.960000 61
28.960000 29.792000 68
29.888000 30.272000 67
30.272000 31.360000 64
31.744000 32.928000 62
32.928000 33.184000 65
33.184000 33.888000 62
34.048000 34.176000 62
34.176000 35.104000 64
35.424000 36.576000 63
36.576000 36.896000 67
36.992000 37.152000 59
37.280000 38.752000 64
39.136000 40.384000 64
40.384000 40.640000 65
40.640000 40.896000 58
40.992000 41.248000 60
41.472000 41.792000 57
41.888000 42.432000 57
43.040000 43.200000 55
43.200000 43.552000 59
43.552000 43.968000 62
43.968000 44.256000 64
44.384000 44.480000 66
44.640000 45.024000 67
45.120000 45.280000 63
45.280000 46.176000 62
46.496000 46.592000 60
46.752000 47.552000 61
47.648000 47.968000 65
48.128000 48.352000 57
48.352000 48.640000 60
48.800000 48.960000 63
48.960000 49.152000 64
49.248000 49.856000 64
50.176000 50.528000 63
50.656000 51.008000 62
51.136000 51.360000 63
51.360000 51.648000 67
52.032000 52.448000 62
52.704000 53.472000 62
53.888000 54.912000 62
55.040000 55.360000 65
55.488000 55.648000 58
55.744000 56.064000 60
56.192000 57.248000 62
57.536000 57.696000 64
57.824000 59.808000 65
59.904000 61.056000 65
61.216000 61.408000 65
61.504000 62.400000 67
62.400000 63.008000 64
63.104000 63.904000 62
64.064000 64.640000 64
64.960000 65.600000 64
65.600000 65.984000 64
66.112000 67.616000 64
67.712000 68.416000 62
68.640000 68.704000 59
68.704000 69.216000 64
69.312000 69.472000 66
69.472000 69.760000 65
69.760000 70.848000 69
70.944000 72.128000 67
72.352000 73.088000 65
73.280000 73.920000 67
74.208000 74.976000 65
75.136000 75.616000 67
76.000000 76.224000 67
76.224000 77.120000 71
77.216000 77.600000 72
77.600000 78.336000 67
78.336000 79.904000 70
80.224000 80.544000 61
80.640000 80.768000 60
80.896000 81.536000 65
81.536000 81.856000 62
82.016000 82.336000 60
82.720000 82.816000 64
82.944000 83.584000 64
83.584000 84.128000 61
84.320000 84.896000 62
84.896000 85.120000 57
85.248000 85.696000 62
85.696000 86.336000 65
86.336000 86.816000 67
87.264000 88.608000 67
88.608000 88.704000 67
88.928000 89.728000 65
89.856000 90.560000 67
90.784000 90.976000 67
90.976000 91.232000 69
91.232000 91.456000 67
91.456000 91.712000 69
91.712000 92.352000 72
92.352000 93.120000 68
93.120000 94.624000 69
94.944000 95.008000 58
95.008000 95.328000 62
95.424000 95.648000 61
95.648000 96.288000 65
96.288000 96.608000 62
96.768000 97.088000 60
97.472000 98.336000 65
98.336000 98.816000 61
99.104000 99.584000 62
99.776000 100.768000 62
100.928000 102.560000 62
103.968000 104.160000 55
104.160000 104.352000 57
104.352000 104.864000 62
104.864000 105.312000 65
105.312000 105.984000 68
105.984000 107.008000 63
107.392000 107.520000 60
107.616000 107.872000 62
107.872000 108.512000 60
108.512000 108.832000 65
108.928000 109.184000 58
109.184000 109.536000 60
109.728000 110.080000 64
110.176000 110.752000 64
111.104000 112.192000 64
112.192000 112.256000 64
112.256000 112.768000 67
112.928000 113.248000 62
113.376000 114.048000 63
114.048000 114.400000 60
114.848000 115.904000 61
115.904000 116.224000 65
116.384000 116.544000 57
116.672000 116.928000 60
117.088000 117.280000 56
117.280000 118.176000 57
118.496000 118.592000 55
118.688000 118.912000 55
118.912000 119.040000 57
119.040000 119.392000 62
119.392000 120.160000 67
120.320000 120.736000 67
120.736000 121.856000 63
122.176000 122.272000 60
122.400000 123.200000 62
123.296000 123.648000 65
123.776000 124.000000 58
124.000000 124.320000 60
124.480000 124.608000 62
124.608000 124.832000 64
124.928000 125.120000 64
125.120000 125.984000 62
126.080000 126.208000 63
126.336000 126.656000 62
126.752000 126.976000 62
126.976000 127.360000 67
127.712000 129.248000 63
129.536000 130.592000 62
130.688000 131.040000 65
131.136000 131.392000 59
131.392000 131.744000 60
131.872000 132.992000 62
133.216000 136.608000 65
136.896000 137.056000 65
137.216000 138.656000 67
138.656000 139.136000 62
139.264000 139.520000 62
139.712000 140.320000 64
140.640000 140.704000 61
140.704000 141.120000 64
141.120000 141.472000 62
141.568000 141.664000 63
141.792000 143.264000 64
143.424000 144.000000 62
144.320000 144.384000 59
144.384000 144.800000 62
144.800000 145.632000 68
145.632000 146.560000 69
146.656000 147.008000 67
147.104000 147.776000 67
147.968000 148.768000 65
148.928000 149.568000 67
149.856000 150.592000 65
150.784000 151.104000 67
151.648000 151.744000 70
151.744000 152.288000 69
152.384000 152.608000 69
152.608000 153.248000 72
153.248000 153.472000 65
153.568000 153.888000 64
153.984000 155.552000 69
155.840000 156.448000 62
156.544000 156.672000 64
156.672000 156.960000 65
156.960000 157.536000 64
157.728000 158.080000 62
158.400000 158.496000 65
158.656000 158.976000 64
159.104000 159.296000 62
159.296000 160.736000 62
160.928000 161.216000 60
161.216000 161.376000 63
161.376000 162.048000 65
162.048000 162.528000 67
162.752000 162.848000 64
163.008000 163.904000 65
163.904000 164.480000 67
164.608000 165.280000 65
165.280000 165.760000 65
165.760000 166.368000 68
166.464000 167.104000 69
167.104000 167.296000 69
167.296000 168.000000 72
168.000000 168.704000 66
168.832000 170.336000 69
170.656000 170.976000 62
171.072000 171.200000 60
171.296000 171.904000 65
172.000000 172.256000 62
172.448000 172.864000 62
172.928000 173.056000 62
173.152000 173.344000 65
173.344000 173.952000 64
173.952000 174.656000 62
174.688000 175.296000 62
175.456000 175.616000 57
175.712000 176.480000 62
176.608000 178.432000 62
185.376000 186.048000 72
186.048000 186.976000 71
186.976000 187.200000 67
187.264000 187.296000 67
187.328000 190.912000 69
191.936000 194.784000 61
194.880000 195.040000 60
197.952000 198.656000 65
198.848000 199.456000 67
199.712000 200.512000 65
200.736000 201.504000 67
201.600000 202.144000 69
202.272000 202.496000 69
202.496000 203.136000 72
203.136000 203.328000 66
203.456000 203.808000 64
203.904000 205.280000 69
205.728000 206.272000 62
206.400000 206.976000 65
207.104000 207.328000 62
207.552000 207.840000 60
208.256000 208.352000 64
208.512000 208.800000 64
208.960000 209.632000 62
209.824000 209.984000 60
210.080000 210.272000 62
210.272000 210.560000 60
210.784000 211.136000 61
211.232000 211.680000 65
211.680000 213.664000 67
213.664000 214.336000 67
214.464000 215.360000 65
215.360000 216.096000 67
216.352000 217.216000 69
217.216000 217.792000 72
217.792000 218.528000 64
218.656000 218.976000 69
219.072000 220.256000 69
220.512000 220.832000 62
220.928000 221.152000 60
221.152000 222.112000 65
222.304000 222.688000 60
222.816000 223.008000 61
223.008000 223.232000 65
223.232000 223.936000 64
223.936000 224.512000 60
224.544000 225.152000 62
225.312000 225.536000 58
225.536000 226.336000 62
226.464000 226.656000 62
226.688000 227.456000 60
227.744000 227.872000 57
227.872000 228.192000 62
228.288000 228.416000 60
228.512000 228.576000 63
228.576000 229.568000 65
229.696000 230.336000 60
230.336000 231.040000 65
231.136000 231.744000 62
232.000000 232.128000 60
232.224000 232.512000 62
232.704000 232.896000 57
232.992000 233.344000 60
233.440000 233.760000 62
233.952000 235.360000 62
238.944000 239.168000 67
239.168000 239.392000 72
239.392000 239.936000 68
240.448000 240.928000 65
241.024000 241.376000 65
241.472000 241.632000 60
241.856000 242.560000 55
242.784000 242.944000 55
242.944000 243.232000 57
243.424000 244.672000 60
247.648000 248.416000 65
248.416000 248.768000 68
249.056000 249.440000 73
249.536000 250.272000 74
250.272000 250.752000 69
250.848000 251.328000 72
251.584000 255.584000 72
255.680000 256.704000 68
256.800000 257.792000 67
258.112000 258.496000 67
