33.472000 33.536000 57
33.536000 33.568000 59
33.568000 36.576000 67
36.832000 37.152000 69
37.152000 37.408000 68
37.536000 37.696000 65
37.696000 39.008000 64
39.296000 39.424000 62
39.616000 39.840000 62
40.032000 40.384000 64
40.384000 42.176000 63
42.528000 42.848000 55
42.848000 43.328000 58
43.328000 44.576000 62
44.896000 45.312000 57
45.312000 49.344000 66
49.728000 49.824000 61
49.824000 50.112000 64
50.208000 50.656000 69
50.656000 51.936000 71
51.936000 52.544000 65
52.736000 53.440000 67
53.792000 53.856000 58
53.856000 54.240000 61
54.240000 54.656000 67
54.784000 55.648000 62
55.840000 56.224000 62
56.352000 57.024000 60
57.024000 57.504000 59
57.888000 58.208000 56
58.304000 60.640000 69
60.640000 61.280000 64
61.664000 61.824000 57
61.824000 61.888000 58
61.888000 61.952000 61
61.952000 62.080000 62
62.080000 62.656000 64
62.656000 63.328000 63
63.456000 66.656000 60
66.880000 67.872000 62
68.000000 69.696000 64
69.696000 70.752000 64
71.008000 71.360000 65
71.360000 71.712000 67
71.840000 71.968000 67
72.096000 72.256000 67
72.256000 72.640000 69
72.640000 72.768000 67
72.768000 73.632000 67
74.208000 74.592000 65
74.592000 74.912000 68
75.136000 76.512000 69
76.704000 77.856000 69
78.048000 78.560000 69
78.656000 78.880000 72
78.880000 81.952000 73
82.400000 82.560000 64
82.752000 83.072000 68
83.264000 83.968000 69
84.064000 84.384000 69
84.384000 85.184000 67
85.312000 86.016000 67
86.400000 86.816000 62
86.816000 87.232000 64
87.328000 87.968000 62
88.096000 88.288000 64
88.288000 88.736000 64
88.832000 89.280000 62
89.376000 90.080000 58
90.496000 90.560000 65
90.560000 90.816000 68
90.912000 91.136000 67
91.136000 91.872000 69
91.872000 92.800000 68
92.896000 93.152000 67
93.152000 93.984000 66
94.208000 94.400000 64
94.400000 95.424000 63
95.552000 95.616000 63
95.776000 99.552000 60
109.824000 109.952000 67
110.624000 110.720000 67
110.976000 111.008000 67
111.232000 111.712000 63
123.040000 126.080000 67
126.336000 126.656000 69
126.656000 126.880000 67
127.008000 127.136000 65
127.136000 128.480000 64
128.768000 128.928000 62
129.088000 129.344000 62
129.536000 129.856000 64
129.856000 131.680000 63
132.064000 132.320000 55
132.320000 132.832000 58
132.832000 134.080000 62
134.400000 134.784000 55
134.784000 135.520000 64
135.616000 138.848000 65
139.200000 139.296000 60
139.296000 139.616000 64
139.712000 140.128000 67
140.128000 141.376000 70
141.376000 142.016000 67
142.208000 142.944000 67
143.328000 143.744000 62
143.744000 144.160000 67
144.256000 145.152000 62
145.312000 145.728000 62
145.856000 146.528000 61
146.624000 147.008000 57
147.392000 147.776000 59
147.776000 150.144000 69
150.144000 150.752000 64
151.168000 151.296000 56
151.296000 151.392000 58
151.392000 151.808000 64
151.904000 152.128000 64
152.128000 152.800000 63
152.960000 155.648000 60
155.744000 156.160000 60
156.384000 157.408000 63
157.504000 159.136000 63
159.136000 160.256000 64
160.480000 160.864000 65
160.864000 161.184000 67
161.344000 161.472000 67
161.568000 161.760000 67
161.760000 162.112000 69
162.112000 162.240000 67
162.240000 163.136000 67
163.680000 164.064000 65
164.064000 164.448000 71
164.640000 166.016000 69
166.176000 166.592000 67
166.592000 167.424000 70
167.552000 168.064000 70
168.160000 168.384000 72
168.384000 171.456000 72
171.872000 172.096000 64
172.224000 172.576000 69
172.736000 172.992000 67
172.992000 173.984000 69
173.984000 174.720000 65
174.816000 175.488000 67
175.936000 176.224000 61
176.224000 176.704000 64
176.800000 177.472000 62
177.568000 177.760000 64
177.760000 178.176000 62
178.336000 178.784000 62
178.880000 179.584000 58
180.032000 180.096000 66
180.096000 180.640000 68
180.640000 181.376000 69
181.376000 182.208000 67
182.368000 182.656000 67
182.656000 183.456000 65
183.680000 183.872000 64
183.872000 184.992000 63
185.024000 185.056000 62
185.280000 188.512000 61
188.928000 189.952000 63
190.048000 191.712000 64
191.712000 192.800000 64
193.024000 193.472000 66
193.472000 193.728000 67
193.888000 194.016000 67
194.112000 194.304000 67
194.304000 194.656000 69
194.656000 194.784000 68
194.784000 195.680000 67
196.256000 196.608000 65
196.608000 196.992000 71
197.152000 198.496000 69
198.720000 199.136000 67
199.136000 199.904000 69
200.096000 200.608000 70
200.704000 200.928000 72
200.928000 203.968000 72
204.416000 204.640000 64
204.768000 205.120000 69
205.248000 205.536000 67
205.536000 206.528000 69
206.528000 207.232000 67
207.328000 208.064000 67
208.480000 208.736000 61
208.736000 210.432000 64
210.432000 210.720000 61
210.880000 211.328000 62
211.424000 212.096000 58
212.576000 215.232000 71
215.232000 215.680000 64
215.680000 216.000000 62
216.224000 216.448000 64
216.448000 217.504000 63
217.824000 221.792000 60
