8.160000 8.448000 56
8.928000 9.408000 65
9.568000 10.272000 64
10.464000 10.976000 64
11.168000 11.360000 62
11.456000 11.584000 62
11.776000 11.968000 62
12.192000 12.576000 63
13.280000 13.504000 56
13.664000 14.016000 57
14.272000 14.464000 62
14.624000 15.360000 62
15.520000 16.416000 62
16.864000 17.152000 62
17.280000 17.856000 62
18.368000 18.528000 62
18.752000 19.712000 64
20.352000 20.704000 65
21.280000 21.472000 65
21.600000 21.792000 64
21.792000 22.144000 63
22.400000 22.688000 58
22.880000 23.200000 59
23.488000 24.288000 59
24.416000 25.088000 60
25.376000 25.472000 60
25.696000 26.528000 63
26.528000 26.784000 60
26.944000 27.232000 58
27.392000 28.064000 58
28.544000 29.184000 59
29.376000 30.464000 64
30.752000 31.840000 63
32.032000 32.608000 62
33.728000 34.048000 57
34.528000 35.424000 62
35.712000 36.672000 61
37.056000 37.472000 63
37.568000 37.952000 62
38.048000 38.176000 62
38.624000 39.456000 63
39.584000 40.064000 65
40.224000 40.896000 64
41.440000 41.632000 65
41.792000 42.592000 64
42.688000 43.200000 62
43.200000 43.680000 61
44.096000 45.120000 60
45.280000 45.472000 61
45.920000 46.016000 67
46.240000 46.720000 67
46.944000 47.040000 62
47.168000 47.520000 63
47.616000 48.704000 62
50.976000 53.920000 64
54.080000 55.936000 69
56.096000 56.384000 66
56.768000 56.960000 66
57.280000 57.792000 72
57.888000 58.432000 72
58.432000 58.752000 70
58.816000 59.072000 71
59.200000 59.360000 69
59.360000 59.680000 68
59.680000 60.896000 66
62.272000 63.168000 72
63.264000 63.488000 71
63.488000 63.776000 69
63.872000 64.096000 71
64.096000 64.352000 70
64.544000 64.800000 67
64.864000 65.024000 62
65.216000 65.664000 60
65.984000 66.272000 64
66.432000 66.560000 65
66.688000 66.912000 65
66.912000 66.976000 65
66.976000 68.352000 69
68.608000 70.464000 64
71.328000 71.424000 62
71.776000 74.016000 64
74.176000 74.272000 62
74.592000 76.160000 69
76.320000 76.672000 65
77.440000 78.304000 72
78.400000 78.592000 71
78.720000 79.648000 71
79.648000 81.120000 68
81.280000 81.664000 64
81.728000 82.400000 64
82.528000 83.040000 72
83.136000 83.680000 72
83.680000 84.544000 71
84.736000 84.992000 67
86.208000 86.784000 64
86.912000 87.168000 64
87.584000 87.904000 65
88.320000 88.512000 66
88.736000 89.056000 64
89.472000 89.792000 65
90.080000 90.944000 63
91.328000 91.936000 62
92.224000 92.960000 62
92.960000 93.952000 61
101.824000 102.432000 57
102.688000 103.712000 64
104.000000 104.512000 64
104.608000 105.056000 62
105.280000 105.952000 63
107.456000 107.616000 67
107.776000 108.768000 62
108.896000 110.144000 69
110.464000 110.720000 64
110.816000 111.200000 62
111.872000 112.672000 63
112.832000 113.280000 65
113.440000 113.664000 64
113.760000 114.112000 65
114.784000 114.880000 65
115.040000 116.288000 64
116.384000 116.896000 60
117.344000 118.368000 60
118.560000 118.784000 61
119.136000 119.360000 69
119.488000 119.904000 67
119.904000 120.288000 66
120.416000 120.512000 67
120.672000 121.376000 67
121.728000 122.016000 60
122.016000 124.640000 65
124.800000 126.592000 69
126.784000 126.976000 64
127.200000 127.264000 63
127.328000 127.360000 62
128.064000 128.224000 71
128.320000 128.480000 72
128.640000 129.152000 72
129.248000 130.112000 71
130.208000 130.496000 67
130.752000 131.456000 65
131.552000 131.648000 63
131.776000 131.904000 62
132.640000 132.896000 62
133.024000 133.280000 72
133.376000 133.888000 72
134.016000 134.240000 71
134.336000 135.104000 71
135.296000 135.584000 67
136.096000 136.192000 62
136.704000 137.664000 64
137.760000 138.528000 69
139.392000 139.648000 64
139.648000 139.936000 63
139.936000 140.288000 61
140.288000 140.864000 64
140.960000 141.408000 62
141.920000 142.048000 59
142.112000 142.496000 61
142.560000 142.752000 62
142.880000 143.104000 61
143.104000 144.576000 64
144.576000 146.496000 69
146.592000 146.784000 69
146.784000 147.008000 66
147.168000 147.264000 63
147.392000 147.648000 62
147.872000 148.032000 61
148.192000 149.056000 72
149.152000 149.280000 71
149.504000 150.464000 71
150.464000 151.680000 67
152.000000 152.064000 62
152.224000 152.544000 62
153.248000 153.792000 72
153.888000 154.432000 72
154.432000 155.296000 71
155.488000 155.648000 67
156.864000 157.312000 64
157.664000 157.856000 64
158.304000 158.624000 63
158.816000 159.168000 62
159.488000 160.000000 63
160.288000 160.480000 64
160.832000 161.696000 64
162.112000 162.240000 63
162.240000 162.432000 64
162.432000 163.648000 64
163.648000 164.896000 62
184.800000 184.928000 58
184.928000 184.992000 59
184.992000 185.088000 60
185.088000 187.840000 65
188.000000 189.760000 70
189.856000 190.144000 65
190.304000 190.656000 63
190.816000 190.912000 61
191.136000 191.680000 73
191.776000 192.320000 73
192.320000 192.768000 71
192.768000 193.088000 72
193.088000 193.120000 69
193.120000 194.272000 70
194.624000 195.168000 63
195.744000 196.096000 63
196.192000 197.056000 73
197.152000 198.208000 72
198.432000 198.720000 68
198.720000 198.880000 63
199.040000 199.328000 62
199.872000 200.224000 65
200.320000 200.800000 65
200.928000 201.440000 70
201.632000 202.048000 65
202.144000 202.432000 64
202.560000 202.880000 70
202.880000 202.944000 67
202.944000 203.456000 67
203.456000 204.544000 70
204.544000 205.888000 67
206.048000 206.304000 61
206.304000 207.712000 65
207.712000 209.344000 70
209.440000 210.080000 70
210.080000 210.912000 65
211.008000 211.232000 62
211.360000 212.224000 73
212.320000 212.480000 72
212.672000 213.472000 72
213.632000 213.888000 68
213.888000 214.176000 75
215.008000 215.168000 69
215.200000 216.000000 68
216.160000 217.088000 72
217.120000 218.368000 73
218.656000 218.880000 68
219.008000 219.168000 61
219.264000 219.520000 61
219.648000 219.744000 60
220.192000 220.512000 65
220.832000 220.992000 65
221.152000 221.280000 70
221.472000 221.792000 65
221.952000 222.336000 64
222.624000 222.976000 70
223.072000 223.200000 68
223.392000 223.872000 67
224.032000 225.920000 65
226.144000 226.528000 67
227.616000 227.968000 64
228.672000 230.016000 65
230.016000 231.520000 63
231.616000 231.712000 62
