32.480000 32.544000 56
32.544000 32.704000 60
32.704000 32.960000 62
32.960000 33.312000 66
33.408000 33.792000 66
33.792000 34.912000 62
36.160000 36.224000 56
36.224000 36.320000 57
36.320000 36.736000 61
36.832000 37.440000 64
37.728000 37.856000 59
37.952000 38.816000 61
39.744000 39.936000 60
39.936000 40.320000 62
40.416000 40.992000 66
41.152000 41.440000 61
41.536000 42.432000 62
43.360000 43.552000 57
43.552000 43.840000 60
43.840000 44.032000 62
44.032000 44.736000 64
44.736000 46.368000 61
47.040000 47.104000 58
47.104000 47.232000 59
47.232000 47.424000 62
47.424000 47.744000 63
47.744000 48.224000 66
48.416000 48.640000 60
48.640000 48.800000 62
48.800000 49.440000 62
49.440000 49.888000 61
50.656000 50.848000 57
50.848000 51.200000 60
51.328000 51.456000 64
51.616000 51.904000 64
52.064000 52.384000 59
52.480000 53.408000 61
54.336000 54.400000 58
54.400000 54.656000 61
54.752000 54.944000 62
54.944000 55.072000 66
55.200000 55.584000 66
55.680000 55.776000 59
55.872000 56.032000 61
56.160000 56.960000 62
57.952000 58.144000 57
58.144000 58.368000 59
58.368000 59.264000 64
59.360000 59.680000 59
59.776000 61.280000 61
76.160000 76.320000 60
76.320000 76.512000 61
76.512000 76.768000 63
76.768000 77.440000 66
77.440000 78.752000 62
79.808000 79.904000 57
79.904000 80.192000 59
80.192000 80.576000 63
80.672000 81.088000 64
81.088000 82.688000 61
83.456000 83.584000 59
83.584000 83.904000 62
83.904000 84.672000 66
84.800000 84.960000 59
84.960000 85.504000 62
85.504000 85.888000 59
87.072000 87.360000 59
87.520000 87.680000 61
87.776000 88.288000 64
88.384000 88.736000 59
88.864000 89.920000 61
90.560000 90.784000 59
90.784000 91.104000 62
91.104000 91.456000 66
91.552000 91.968000 66
91.968000 93.568000 62
94.304000 94.624000 59
94.784000 95.488000 64
95.616000 95.808000 57
95.808000 96.032000 59
96.160000 96.928000 62
96.928000 97.536000 64
97.952000 98.176000 60
98.176000 98.336000 61
98.336000 98.592000 62
98.592000 99.232000 66
99.232000 100.832000 62
101.632000 101.696000 56
101.696000 101.792000 58
101.792000 101.984000 59
101.984000 102.240000 62
102.240000 102.816000 64
102.816000 104.224000 63
105.312000 109.056000 69
109.152000 109.280000 62
109.440000 111.776000 64
112.448000 112.672000 62
112.800000 116.032000 69
116.160000 116.384000 67
116.480000 116.768000 67
116.768000 118.336000 66
118.336000 119.104000 65
119.296000 120.512000 69
120.512000 123.264000 69
123.456000 123.680000 62
123.680000 126.272000 66
126.336000 126.368000 67
126.400000 126.560000 67
127.072000 127.296000 61
127.296000 130.624000 69
130.720000 133.216000 67
133.312000 133.824000 61
134.080000 134.272000 58
134.272000 134.592000 66
134.784000 135.680000 66
136.096000 136.768000 64
137.952000 138.112000 59
138.112000 138.400000 62
138.400000 138.688000 66
138.848000 139.232000 66
139.232000 140.224000 62
141.664000 141.856000 58
141.856000 141.984000 59
141.984000 142.240000 61
142.240000 142.848000 64
142.848000 144.352000 62
144.576000 144.672000 62
145.152000 145.312000 59
145.408000 145.632000 61
145.632000 145.920000 62
145.920000 146.464000 66
146.560000 147.904000 62
148.832000 148.928000 56
149.024000 149.216000 59
149.216000 149.504000 61
149.504000 150.016000 64
150.144000 150.400000 57
150.400000 150.560000 59
150.656000 151.456000 61
152.448000 152.608000 59
152.608000 153.024000 62
153.024000 153.824000 66
153.824000 155.200000 62
156.000000 156.288000 58
156.288000 156.480000 59
156.480000 156.736000 62
156.736000 157.376000 64
157.376000 158.912000 61
159.712000 159.840000 59
159.840000 160.384000 65
160.384000 161.056000 66
161.056000 162.656000 66
163.392000 163.552000 57
163.552000 163.840000 60
163.840000 163.968000 61
163.968000 164.672000 64
164.672000 166.304000 61
170.400000 171.296000 64
172.704000 173.088000 56
174.240000 175.776000 57
176.064000 176.800000 57
177.088000 178.336000 73
178.336000 179.648000 66
180.224000 180.384000 64
180.672000 180.768000 66
180.768000 181.120000 63
181.280000 181.600000 61
182.496000 182.592000 58
182.752000 182.912000 57
183.392000 183.520000 57
183.776000 184.000000 62
184.000000 184.576000 66
184.576000 184.864000 62
185.184000 185.632000 59
186.880000 187.136000 66
188.000000 188.256000 71
188.480000 188.672000 68
188.768000 190.400000 69
190.400000 191.776000 67
193.472000 193.632000 57
194.080000 194.176000 57
199.904000 200.160000 62
200.160000 202.048000 69
203.552000 203.744000 62
203.936000 205.664000 64
207.104000 207.232000 62
207.392000 210.304000 69
210.624000 210.912000 67
211.104000 213.344000 67
214.368000 214.688000 65
214.688000 217.920000 69
218.016000 218.112000 62
218.112000 220.896000 67
221.536000 221.792000 62
221.888000 222.048000 68
222.048000 225.408000 74
225.408000 228.288000 67
228.736000 229.152000 63
229.152000 232.256000 69
232.544000 234.112000 64
236.128000 236.288000 63
236.288000 236.448000 67
236.448000 236.576000 67
236.576000 240.000000 71
240.000000 242.720000 67
243.616000 246.816000 70
246.944000 249.728000 67
250.432000 250.752000 72
250.912000 250.976000 68
250.976000 254.144000 70
254.144000 257.120000 68
257.568000 257.760000 57
257.856000 260.032000 68
260.224000 262.048000 65
263.424000 263.584000 61
263.584000 263.840000 62
263.840000 264.192000 67
264.288000 264.640000 67
264.800000 265.120000 62
265.248000 265.856000 63
267.040000 267.392000 60
267.488000 267.648000 62
267.744000 267.840000 65
267.936000 268.320000 65
268.320000 268.512000 59
268.640000 268.768000 60
268.896000 269.664000 62
270.688000 270.784000 59
270.880000 271.264000 63
271.360000 271.968000 67
271.968000 272.160000 64
272.288000 272.416000 62
272.544000 273.280000 63
274.272000 274.464000 58
274.464000 274.720000 60
274.720000 275.136000 65
275.264000 275.552000 65
275.712000 276.192000 60
276.352000 277.152000 62
278.432000 280.160000 63
281.984000 282.496000 62
282.496000 283.392000 60
285.664000 286.048000 63
