24.800000 25.088000 62
25.184000 25.472000 62
25.568000 25.856000 62
26.304000 27.584000 62
27.648000 27.712000 63
27.744000 28.096000 64
28.192000 28.448000 59
28.576000 28.896000 60
30.016000 30.336000 59
30.560000 30.784000 60
30.944000 31.264000 60
31.936000 32.160000 60
32.704000 33.088000 60
33.248000 34.400000 59
36.960000 37.376000 57
37.600000 38.080000 60
38.816000 39.040000 57
39.136000 39.264000 56
39.840000 40.416000 55
40.608000 40.896000 59
40.896000 41.248000 59
41.248000 41.568000 62
41.696000 42.432000 67
42.784000 43.008000 54
43.168000 43.840000 64
44.064000 44.256000 62
44.256000 44.480000 56
44.672000 45.664000 59
48.768000 49.760000 62
49.920000 50.624000 62
51.040000 51.648000 62
51.776000 52.448000 67
52.576000 52.640000 56
52.640000 52.832000 59
52.928000 53.184000 60
53.792000 54.304000 59
54.528000 54.784000 60
54.880000 55.168000 60
55.584000 56.192000 61
56.320000 57.024000 67
57.184000 57.344000 56
57.344000 58.240000 60
60.896000 61.376000 57
61.504000 62.080000 60
62.656000 62.848000 55
63.072000 63.264000 55
63.744000 64.384000 57
64.544000 65.248000 59
65.248000 65.504000 62
65.664000 66.464000 69
66.816000 67.008000 55
67.168000 67.552000 64
67.648000 67.968000 64
68.192000 68.416000 63
68.672000 68.864000 57
68.864000 69.344000 59
69.728000 70.240000 65
70.464000 71.168000 64
71.296000 71.968000 67
71.968000 72.256000 65
72.448000 72.800000 69
73.152000 73.440000 69
73.440000 73.920000 68
73.920000 74.304000 69
74.304000 74.976000 72
74.976000 76.096000 67
76.512000 76.928000 67
76.928000 77.184000 66
77.184000 77.472000 64
77.664000 77.952000 64
78.048000 78.560000 65
78.752000 78.848000 64
79.040000 80.256000 65
80.384000 82.176000 62
82.528000 83.232000 63
83.232000 83.680000 68
83.680000 84.288000 72
84.288000 84.864000 69
85.152000 85.408000 69
85.536000 85.920000 67
85.920000 86.880000 71
87.008000 87.872000 67
88.512000 89.408000 70
89.408000 89.568000 71
89.696000 89.952000 71
89.952000 90.912000 68
91.168000 91.520000 64
91.520000 91.936000 66
91.936000 92.256000 68
92.256000 92.544000 74
92.640000 93.760000 72
93.760000 94.208000 69
94.496000 95.168000 64
95.296000 95.936000 67
95.936000 96.256000 65
96.448000 96.800000 69
97.184000 97.824000 69
97.952000 98.432000 70
98.432000 98.912000 71
99.040000 100.096000 67
100.544000 100.832000 67
100.960000 101.248000 66
101.248000 101.536000 62
101.664000 102.592000 65
102.816000 102.912000 64
103.136000 103.424000 65
103.520000 104.320000 64
104.416000 104.992000 59
105.056000 105.280000 57
105.440000 106.432000 59
106.528000 107.168000 64
107.296000 107.648000 67
107.648000 107.968000 72
108.064000 108.928000 72
109.184000 109.408000 69
109.536000 109.888000 67
109.888000 110.336000 69
110.336000 111.040000 72
111.040000 112.000000 67
112.384000 113.248000 67
113.248000 113.536000 71
113.664000 113.952000 72
113.952000 114.848000 68
115.168000 115.232000 62
115.232000 115.328000 63
115.328000 115.520000 64
115.520000 115.904000 67
115.904000 116.672000 72
116.672000 117.856000 69
118.816000 118.880000 64
118.880000 119.104000 66
119.104000 120.032000 67
120.800000 120.960000 61
121.152000 121.728000 62
121.920000 122.176000 62
122.304000 122.560000 62
123.040000 123.648000 62
123.744000 123.808000 64
123.808000 124.448000 67
124.576000 124.800000 59
124.896000 125.248000 60
126.048000 126.176000 59
126.464000 127.200000 60
127.520000 127.872000 59
127.872000 128.256000 60
128.256000 129.024000 67
129.120000 129.440000 56
129.440000 130.816000 60
132.736000 132.896000 55
132.896000 133.088000 57
133.440000 134.720000 60
135.040000 135.328000 55
135.840000 136.128000 55
136.544000 136.736000 59
136.736000 137.536000 62
137.664000 138.400000 69
138.624000 139.008000 56
139.104000 139.456000 64
139.552000 139.936000 64
140.160000 140.512000 67
140.672000 140.992000 64
140.992000 142.208000 69
142.400000 143.200000 64
143.296000 143.552000 67
143.648000 143.872000 67
143.872000 144.224000 66
144.416000 144.768000 69
145.184000 145.440000 69
145.440000 145.920000 68
145.920000 146.144000 69
146.144000 147.232000 71
147.232000 148.064000 67
148.512000 149.280000 67
149.376000 149.472000 62
149.696000 149.920000 64
150.048000 150.656000 64
151.040000 151.488000 64
151.488000 152.352000 64
152.352000 153.184000 60
153.344000 154.048000 59
154.560000 154.752000 62
154.944000 155.008000 62
155.008000 155.328000 63
155.328000 155.648000 67
155.648000 156.896000 72
157.152000 157.376000 69
157.568000 157.888000 67
157.888000 158.880000 71
159.040000 160.128000 67
160.512000 160.832000 67
160.832000 161.376000 70
161.376000 161.536000 71
161.664000 161.952000 71
161.952000 162.816000 69
163.168000 163.584000 65
163.584000 164.256000 68
164.256000 164.736000 74
164.736000 166.176000 72
166.464000 166.976000 62
166.976000 167.264000 64
167.264000 167.552000 67
167.648000 167.872000 67
167.872000 168.224000 66
168.416000 168.768000 69
169.184000 169.792000 69
169.952000 170.400000 70
170.400000 170.944000 71
171.104000 172.096000 67
172.544000 173.216000 67
173.312000 174.528000 64
175.136000 175.424000 64
175.552000 176.000000 62
176.000000 176.288000 64
176.288000 176.992000 59
177.344000 178.080000 59
178.496000 178.784000 62
178.880000 179.008000 62
179.008000 179.136000 64
179.296000 179.616000 67
179.616000 180.224000 72
180.224000 180.928000 70
181.152000 181.376000 69
181.536000 181.952000 69
181.952000 182.208000 69
182.304000 183.008000 72
183.008000 184.096000 67
184.480000 185.344000 69
185.344000 185.536000 71
185.664000 185.952000 72
186.048000 186.784000 66
187.168000 187.520000 63
187.520000 187.872000 68
187.872000 188.640000 72
188.640000 189.408000 69
189.760000 190.112000 67
190.176000 194.848000 70
195.968000 196.096000 67
196.224000 196.448000 67
199.232000 199.616000 56
199.616000 200.224000 64
200.352000 200.896000 67
200.896000 201.312000 66
201.440000 201.984000 69
202.816000 204.000000 71
204.096000 204.832000 67
205.600000 205.824000 67
205.952000 206.208000 66
206.336000 206.528000 62
206.720000 206.944000 64
207.136000 207.424000 64
208.224000 208.480000 64
208.608000 208.800000 62
208.928000 209.216000 64
209.344000 209.632000 59
209.728000 209.952000 59
210.272000 210.400000 57
210.560000 210.848000 59
211.616000 211.808000 62
211.936000 212.096000 62
212.096000 212.352000 64
212.352000 212.736000 69
212.736000 213.792000 72
214.176000 214.432000 69
214.592000 214.880000 67
214.880000 215.168000 69
215.264000 215.456000 69
215.648000 215.904000 71
216.096000 216.256000 66
216.384000 216.800000 67
217.536000 217.856000 67
217.856000 218.336000 67
218.336000 218.560000 71
218.688000 218.976000 71
218.976000 219.840000 67
220.128000 220.192000 62
220.192000 220.288000 63
220.288000 220.608000 65
220.608000 221.184000 68
221.184000 223.296000 74
223.488000 224.000000 62
224.000000 224.256000 65
224.256000 225.248000 67
225.440000 225.760000 69
226.176000 226.784000 69
226.944000 227.392000 70
227.392000 227.904000 71
228.032000 229.088000 67
229.568000 230.016000 67
230.016000 230.240000 66
230.240000 230.528000 63
230.656000 230.944000 65
231.072000 231.584000 64
232.192000 233.248000 64
233.408000 233.920000 59
234.080000 234.240000 57
234.432000 234.528000 60
234.528000 235.296000 60
235.296000 236.192000 63
236.320000 236.512000 67
236.512000 237.344000 72
237.344000 237.920000 69
238.144000 238.400000 69
238.560000 238.912000 67
238.912000 239.232000 69
239.328000 240.000000 72
240.000000 241.056000 67
241.536000 242.496000 71
242.496000 242.560000 71
242.656000 242.976000 72
242.976000 243.936000 68
244.192000 244.288000 62
244.288000 244.544000 64
244.544000 244.896000 68
244.896000 247.552000 72
248.832000 249.184000 67
249.408000 249.696000 67
