18.272000 19.264000 62
19.424000 19.776000 58
20.704000 21.600000 55
21.728000 21.920000 54
22.048000 22.176000 54
22.336000 22.560000 54
22.688000 23.808000 56
26.240000 27.104000 59
27.200000 27.936000 62
28.480000 28.736000 55
28.864000 29.696000 55
29.792000 29.952000 53
30.144000 30.688000 54
30.784000 30.880000 56
31.136000 31.712000 58
34.016000 35.232000 62
35.392000 35.616000 59
35.616000 36.864000 65
36.992000 37.472000 65
37.952000 39.200000 61
39.200000 39.584000 58
39.584000 39.872000 62
39.872000 40.416000 67
40.544000 41.088000 66
41.280000 42.080000 66
42.080000 42.816000 63
43.200000 43.712000 66
43.808000 44.032000 65
44.160000 45.120000 62
45.888000 47.008000 66
47.104000 47.648000 67
47.744000 50.496000 66
53.632000 53.856000 66
54.240000 54.816000 66
54.912000 55.136000 71
55.136000 56.448000 67
56.576000 57.088000 64
57.568000 57.760000 60
57.856000 58.048000 57
58.048000 58.720000 61
58.848000 59.104000 69
59.104000 59.488000 65
59.488000 60.000000 67
60.128000 60.384000 67
60.384000 60.672000 66
60.672000 61.088000 64
61.440000 61.632000 59
61.632000 61.760000 59
61.760000 62.016000 61
62.016000 63.392000 62
63.392000 64.384000 69
64.704000 65.856000 66
65.984000 66.496000 66
66.656000 68.800000 67
69.248000 69.440000 66
69.440000 69.792000 59
69.888000 70.464000 66
70.560000 70.816000 71
70.816000 72.128000 67
72.224000 72.736000 64
73.152000 73.472000 61
73.856000 74.400000 61
74.496000 74.656000 69
74.816000 75.136000 64
75.136000 76.480000 67
76.480000 76.768000 62
77.088000 77.184000 57
77.184000 77.600000 61
77.728000 78.336000 62
78.336000 80.224000 67
80.672000 83.072000 64
83.776000 84.288000 58
84.576000 84.736000 62
84.960000 85.760000 66
86.720000 88.000000 66
88.160000 88.736000 59
89.760000 92.448000 64
95.136000 95.232000 62
100.576000 101.760000 62
101.888000 102.112000 59
102.208000 102.496000 62
102.496000 102.976000 65
103.200000 104.032000 64
104.480000 105.152000 61
105.152000 105.600000 61
105.600000 106.304000 61
106.400000 107.648000 67
107.776000 108.544000 66
108.544000 108.928000 63
109.056000 109.344000 62
109.696000 110.240000 66
110.368000 110.912000 64
111.008000 111.648000 62
112.480000 114.112000 67
114.272000 117.248000 66
118.176000 118.400000 66
118.496000 118.752000 59
118.848000 119.328000 67
119.328000 119.744000 71
119.744000 121.024000 67
121.120000 121.696000 64
122.112000 122.304000 61
122.688000 123.264000 61
123.392000 123.584000 69
123.584000 123.648000 68
123.648000 124.288000 67
124.288000 124.576000 67
124.704000 124.928000 67
124.928000 125.344000 66
125.344000 125.632000 63
126.080000 126.336000 59
126.336000 126.880000 62
126.976000 127.936000 62
127.936000 128.064000 64
128.064000 128.992000 69
129.248000 130.464000 66
130.592000 130.976000 66
131.200000 133.440000 67
133.824000 134.016000 66
134.016000 134.368000 63
134.464000 135.040000 67
135.136000 135.360000 71
135.360000 136.640000 67
136.768000 137.312000 64
137.696000 138.144000 60
138.144000 138.208000 58
138.400000 139.008000 61
139.008000 139.200000 69
139.360000 139.712000 64
139.712000 140.544000 67
140.672000 140.992000 65
140.992000 141.280000 63
141.632000 141.792000 59
141.792000 142.176000 61
142.304000 142.848000 62
142.848000 144.768000 67
145.248000 145.440000 61
145.664000 146.976000 64
153.408000 153.600000 66
153.600000 153.920000 63
154.048000 154.624000 67
154.624000 154.688000 68
154.688000 154.944000 71
154.944000 156.224000 68
156.352000 156.864000 64
157.280000 157.664000 61
157.664000 157.824000 58
157.984000 158.592000 62
158.592000 158.784000 69
158.944000 159.296000 64
159.296000 159.808000 67
159.904000 160.160000 67
160.256000 160.576000 65
160.576000 160.864000 63
161.824000 162.368000 62
162.528000 163.072000 62
163.200000 163.648000 66
163.840000 164.160000 69
164.480000 164.960000 66
165.184000 165.632000 66
165.792000 165.952000 66
166.144000 166.624000 66
166.752000 168.608000 67
169.024000 169.280000 66
169.376000 169.536000 61
169.664000 169.888000 66
170.016000 170.240000 66
170.336000 170.496000 71
170.496000 170.816000 69
170.976000 171.840000 67
171.968000 172.512000 64
172.896000 173.184000 61
173.600000 173.824000 61
173.952000 174.112000 61
174.240000 174.432000 69
174.592000 174.816000 64
174.944000 175.104000 65
175.104000 175.776000 67
175.776000 176.480000 65
176.832000 176.992000 56
176.992000 177.376000 61
177.536000 178.144000 62
178.144000 179.968000 67
180.512000 180.704000 61
180.896000 182.752000 64
