1.920000 2.176000 68
2.208000 2.272000 68
2.400000 2.528000 69
2.656000 3.072000 69
3.200000 3.328000 69
6.048000 7.072000 63
7.424000 8.224000 63
8.384000 8.512000 62
8.928000 9.472000 67
9.856000 10.048000 67
11.488000 12.256000 66
12.384000 12.800000 65
12.800000 13.088000 64
13.280000 13.696000 64
13.792000 14.496000 64
16.416000 16.832000 66
16.992000 17.408000 66
17.408000 18.464000 64
20.992000 21.504000 66
21.600000 22.112000 66
22.560000 22.720000 66
22.816000 22.912000 65
23.072000 23.936000 65
25.600000 26.112000 66
26.208000 26.720000 66
26.720000 26.944000 64
27.072000 27.840000 62
28.768000 29.216000 57
29.216000 30.656000 62
31.072000 32.512000 66
32.832000 32.992000 62
33.440000 33.728000 64
33.760000 33.824000 63
33.888000 34.432000 63
34.528000 35.680000 62
35.808000 35.904000 62
39.200000 39.616000 66
39.744000 40.512000 66
40.608000 40.800000 62
40.928000 41.344000 63
41.504000 42.240000 65
43.872000 45.312000 66
45.312000 46.272000 62
48.416000 48.576000 65
48.672000 49.728000 66
49.856000 50.016000 62
50.176000 50.592000 67
50.720000 51.744000 64
53.312000 54.016000 66
54.176000 54.304000 69
54.624000 55.328000 65
55.328000 55.872000 63
56.448000 56.832000 56
56.832000 56.960000 57
56.960000 58.432000 62
58.784000 60.672000 66
61.088000 63.136000 64
63.296000 63.488000 61
66.304000 66.560000 64
66.560000 67.072000 69
67.072000 68.448000 66
68.576000 68.736000 66
68.736000 68.896000 71
68.896000 69.152000 66
69.248000 69.632000 61
69.760000 70.528000 58
70.880000 71.072000 58
71.072000 71.168000 60
71.168000 71.232000 63
71.232000 71.904000 69
72.128000 72.512000 64
72.640000 72.928000 62
72.928000 73.632000 66
73.792000 73.984000 69
73.984000 74.208000 70
74.208000 74.368000 73
74.624000 75.008000 62
75.616000 76.384000 61
76.704000 76.992000 62
77.248000 77.632000 65
77.632000 78.784000 69
79.040000 79.552000 62
79.808000 80.032000 62
80.160000 80.480000 63
80.480000 81.184000 69
81.184000 81.504000 64
81.920000 82.112000 62
82.272000 82.560000 60
82.688000 83.200000 69
83.424000 84.160000 66
84.576000 84.928000 62
84.928000 85.632000 69
85.664000 86.112000 66
86.240000 86.464000 64
86.464000 86.912000 64
87.040000 87.296000 66
87.392000 87.584000 66
87.584000 88.128000 64
88.352000 88.928000 58
89.472000 89.856000 69
89.952000 90.400000 68
90.528000 91.392000 64
91.456000 91.584000 64
91.776000 92.096000 67
92.224000 92.672000 73
92.800000 93.408000 69
93.760000 94.528000 66
94.656000 94.848000 62
94.976000 95.424000 59
95.424000 95.552000 60
95.552000 95.776000 63
95.776000 96.096000 65
96.096000 97.280000 69
97.504000 97.984000 62
98.336000 98.432000 60
98.624000 98.912000 63
98.912000 99.744000 69
99.744000 100.000000 63
100.384000 100.608000 62
100.736000 101.184000 61
101.184000 101.664000 69
101.760000 101.888000 65
101.888000 102.112000 68
102.112000 102.368000 71
102.368000 102.848000 66
102.944000 104.032000 62
104.128000 104.576000 63
105.824000 105.920000 65
106.048000 106.176000 67
106.304000 106.752000 67
106.880000 107.008000 67
107.168000 107.232000 67
107.264000 107.456000 66
107.616000 107.680000 67
107.680000 107.840000 70
108.256000 108.352000 64
108.480000 109.344000 62
109.632000 109.824000 62
113.024000 113.088000 63
113.088000 113.504000 66
113.600000 113.824000 66
113.920000 114.368000 66
114.368000 114.592000 64
114.784000 116.032000 65
117.728000 118.048000 66
118.208000 118.976000 66
118.976000 119.264000 64
119.392000 120.032000 62
122.272000 122.720000 69
122.816000 123.808000 66
124.000000 124.544000 67
124.640000 125.408000 65
126.880000 126.976000 67
126.976000 127.392000 69
127.392000 127.776000 67
127.776000 129.344000 66
130.336000 130.624000 56
130.624000 130.848000 57
130.848000 132.512000 62
132.640000 134.560000 66
134.976000 137.056000 64
137.248000 139.200000 57
140.096000 140.320000 62
140.320000 140.384000 63
140.384000 141.024000 69
141.056000 141.536000 66
141.664000 141.856000 64
141.856000 142.304000 64
142.432000 142.592000 66
142.592000 142.752000 71
142.848000 143.040000 66
143.040000 143.520000 63
143.648000 144.384000 58
144.736000 145.024000 59
145.088000 145.152000 67
145.152000 145.760000 69
145.920000 146.368000 65
146.496000 146.784000 62
146.784000 147.488000 66
147.616000 147.776000 68
147.776000 148.064000 69
148.064000 148.256000 73
148.448000 148.864000 62
149.536000 150.208000 61
150.528000 150.592000 60
150.592000 150.976000 63
151.104000 151.456000 64
151.456000 151.488000 65
151.488000 152.640000 69
152.960000 153.408000 62
153.664000 153.856000 62
153.952000 154.304000 62
154.400000 154.624000 69
154.624000 154.880000 68
154.880000 155.040000 66
155.040000 155.360000 65
155.744000 156.000000 62
156.096000 156.448000 60
156.576000 157.056000 69
157.216000 158.016000 66
158.432000 158.784000 62
158.784000 158.848000 64
158.848000 159.968000 69
160.096000 160.736000 64
160.928000 161.120000 66
161.312000 161.408000 64
161.504000 161.984000 61
162.304000 162.784000 58
163.264000 163.712000 69
163.808000 164.000000 68
164.000000 164.288000 67
164.320000 165.408000 64
165.600000 165.984000 67
166.080000 166.528000 73
166.656000 167.264000 69
167.552000 168.352000 66
168.512000 168.672000 62
168.832000 169.184000 59
169.184000 169.408000 60
169.408000 169.600000 63
169.600000 169.920000 65
169.920000 171.136000 70
171.360000 171.840000 62
172.160000 172.320000 61
172.512000 172.672000 62
172.672000 172.736000 63
172.736000 172.864000 67
172.864000 173.056000 69
173.056000 173.344000 68
173.344000 173.824000 66
174.208000 174.432000 62
174.688000 174.912000 60
175.040000 175.520000 69
175.616000 175.840000 66
175.936000 176.064000 69
176.064000 176.192000 71
176.192000 176.640000 66
176.640000 177.120000 65
177.120000 178.272000 66
178.560000 178.624000 67
178.816000 180.640000 67
181.088000 182.848000 67
182.848000 183.872000 63
184.096000 184.864000 60
185.728000 186.336000 64
186.336000 186.784000 69
186.880000 187.360000 62
187.488000 187.744000 67
187.744000 188.064000 69
188.640000 188.864000 63
188.864000 188.928000 65
188.928000 189.440000 70
189.760000 192.416000 71
195.488000 195.648000 62
195.648000 195.776000 65
195.776000 196.320000 69
196.416000 196.896000 66
196.992000 197.696000 64
197.856000 198.400000 68
198.400000 198.624000 65
198.624000 199.168000 61
199.168000 199.840000 58
200.128000 200.288000 58
200.288000 200.448000 63
200.448000 201.184000 69
201.376000 201.792000 65
201.920000 202.080000 62
202.080000 202.656000 66
202.752000 202.880000 66
203.040000 203.520000 69
203.904000 204.192000 61
204.448000 205.536000 62
205.920000 206.368000 62
206.496000 206.880000 65
206.880000 207.680000 69
207.808000 208.064000 69
208.320000 208.736000 62
209.088000 209.216000 59
209.664000 210.432000 69
210.432000 210.752000 65
211.136000 211.360000 62
211.520000 211.712000 61
211.936000 212.448000 69
212.544000 213.408000 66
213.792000 214.240000 63
214.240000 215.360000 69
215.456000 216.544000 66
216.672000 216.800000 66
216.800000 217.312000 63
217.376000 217.408000 57
217.472000 218.272000 58
218.880000 219.200000 69
219.200000 219.424000 67
219.520000 220.224000 66
220.352000 220.800000 64
220.896000 221.376000 67
221.472000 222.080000 74
222.080000 222.656000 69
222.944000 223.104000 64
223.232000 223.744000 65
223.872000 224.096000 62
224.224000 224.672000 59
224.672000 224.768000 60
224.768000 224.928000 62
224.928000 225.344000 65
225.344000 226.528000 69
226.688000 227.232000 62
227.424000 227.712000 61
227.872000 228.064000 60
228.192000 228.736000 69
228.736000 228.928000 66
228.928000 229.216000 65
229.600000 229.824000 62
230.080000 230.272000 59
230.400000 231.488000 69
231.584000 231.744000 66
231.744000 234.560000 69
235.072000 235.200000 68
236.192000 237.472000 67
237.472000 238.976000 65
239.616000 240.512000 62
240.640000 241.120000 61
241.120000 244.160000 59
244.224000 244.256000 55
244.288000 244.352000 55
