3.744000 4.288000 65
4.384000 4.640000 65
4.736000 5.472000 65
5.472000 5.760000 65
6.368000 6.784000 63
6.976000 7.552000 65
7.648000 7.872000 61
7.968000 8.480000 61
9.248000 9.472000 61
9.600000 9.760000 60
9.760000 10.016000 61
10.208000 10.464000 68
10.560000 10.784000 61
10.880000 11.072000 63
11.232000 11.616000 65
11.712000 11.936000 66
12.192000 13.056000 65
13.184000 13.792000 63
14.176000 14.336000 64
14.464000 15.680000 66
15.776000 16.000000 61
16.096000 16.416000 62
16.416000 16.448000 66
16.448000 16.992000 72
16.992000 17.120000 68
17.408000 17.984000 65
17.984000 18.336000 62
18.432000 18.496000 56
18.496000 18.720000 59
18.720000 19.008000 61
19.488000 19.584000 58
19.712000 19.936000 61
20.224000 20.640000 63
20.640000 20.928000 68
20.928000 21.536000 63
21.664000 22.848000 66
22.848000 23.296000 63
24.576000 24.800000 63
24.896000 25.056000 63
25.056000 26.848000 68
27.232000 27.808000 60
27.936000 28.128000 58
28.128000 29.056000 60
29.056000 29.472000 68
29.760000 30.112000 69
30.112000 30.656000 73
30.688000 31.552000 68
31.776000 32.320000 70
32.416000 33.440000 68
34.400000 34.464000 63
34.464000 34.720000 66
34.720000 35.200000 69
35.200000 35.936000 73
36.032000 36.480000 70
36.480000 37.184000 67
37.312000 37.440000 68
37.440000 37.632000 70
37.888000 38.144000 67
38.144000 39.232000 65
39.328000 39.616000 61
39.904000 40.160000 61
40.256000 40.672000 63
40.672000 41.280000 66
41.280000 42.400000 65
42.528000 43.744000 64
45.184000 45.248000 60
45.248000 45.664000 63
45.792000 47.008000 65
47.136000 47.360000 65
47.360000 47.712000 68
48.064000 48.672000 60
48.864000 50.048000 64
50.048000 50.336000 68
50.656000 50.944000 68
50.944000 51.552000 73
51.680000 52.192000 65
52.320000 52.512000 63
52.640000 54.240000 70
55.200000 55.328000 62
55.328000 55.552000 65
55.552000 55.936000 68
55.936000 56.416000 73
56.576000 56.672000 67
56.960000 57.184000 72
57.184000 58.528000 70
58.816000 58.976000 68
58.976000 59.040000 67
59.040000 59.136000 66
59.136000 59.776000 64
59.776000 60.000000 67
60.160000 60.448000 65
60.736000 61.024000 61
61.120000 61.824000 65
61.952000 62.304000 58
62.400000 62.592000 58
62.752000 62.880000 59
63.040000 63.584000 65
63.712000 64.544000 63
65.024000 65.184000 67
65.344000 65.888000 65
66.016000 67.552000 63
69.568000 70.144000 65
70.272000 70.464000 64
70.560000 70.784000 63
70.880000 70.976000 61
71.072000 71.616000 65
72.256000 72.640000 63
72.864000 73.408000 65
73.504000 73.728000 61
73.856000 74.240000 61
74.880000 75.008000 57
75.136000 75.360000 61
75.360000 75.648000 60
75.648000 75.936000 62
76.096000 76.256000 68
76.256000 76.320000 67
76.320000 76.640000 63
76.800000 77.216000 63
77.216000 77.792000 66
78.080000 78.944000 65
79.040000 79.328000 62
79.424000 79.744000 63
80.096000 80.800000 65
80.896000 81.600000 65
81.600000 81.856000 61
81.984000 82.208000 60
82.208000 82.272000 62
82.272000 82.304000 65
82.304000 82.688000 72
82.816000 83.040000 68
83.296000 83.808000 65
83.808000 84.160000 63
84.320000 84.608000 61
84.608000 84.768000 61
85.216000 85.376000 56
85.376000 85.568000 59
85.568000 85.824000 61
86.112000 86.400000 61
86.560000 86.784000 68
86.784000 87.392000 63
87.520000 87.648000 63
87.648000 88.192000 66
88.192000 89.184000 65
89.792000 89.984000 62
89.984000 91.136000 65
91.136000 91.680000 71
91.776000 92.288000 64
92.416000 92.640000 66
92.768000 92.896000 66
92.896000 93.472000 68
93.472000 94.496000 66
95.136000 96.160000 64
96.320000 96.480000 69
96.480000 96.832000 71
96.832000 97.536000 68
97.632000 97.824000 66
97.952000 98.464000 68
98.624000 98.848000 66
98.944000 99.776000 64
100.224000 100.384000 59
100.384000 100.544000 62
100.544000 100.800000 64
101.024000 101.088000 61
101.088000 101.280000 64
101.536000 101.760000 64
101.856000 102.400000 73
102.400000 102.912000 69
103.136000 103.392000 64
103.392000 103.968000 64
104.064000 104.416000 65
104.416000 105.056000 73
105.056000 105.376000 65
105.472000 105.952000 67
105.952000 106.944000 69
107.040000 108.384000 71
108.384000 111.008000 71
111.136000 111.584000 65
111.680000 112.928000 68
113.120000 113.216000 61
113.312000 113.664000 60
113.760000 114.784000 60
114.912000 115.200000 61
115.200000 115.584000 68
115.840000 116.224000 70
116.224000 116.800000 73
116.800000 117.632000 67
117.856000 119.808000 70
119.808000 120.416000 65
120.544000 120.768000 66
120.768000 121.248000 68
121.248000 122.432000 73
122.432000 123.296000 68
123.392000 123.456000 68
123.456000 123.712000 70
123.968000 124.224000 68
124.224000 125.152000 65
125.408000 125.664000 61
126.016000 126.208000 60
126.368000 126.752000 63
126.752000 127.296000 66
127.296000 128.512000 64
128.608000 128.864000 65
128.960000 129.920000 63
131.264000 131.488000 62
131.488000 131.744000 63
131.872000 133.824000 68
134.144000 136.192000 65
136.192000 136.448000 68
136.736000 137.056000 68
137.056000 137.632000 73
137.760000 138.304000 65
138.400000 138.720000 65
138.720000 140.320000 70
141.312000 141.376000 61
141.376000 141.440000 63
141.440000 141.632000 65
141.632000 141.952000 68
142.080000 142.528000 73
143.040000 143.264000 72
143.264000 144.608000 70
144.928000 145.056000 68
145.056000 145.088000 67
145.088000 145.280000 66
145.280000 146.080000 67
146.240000 146.560000 65
146.880000 147.136000 62
147.136000 147.904000 65
148.000000 148.384000 59
148.480000 148.608000 58
149.120000 150.560000 65
151.424000 151.968000 65
152.096000 153.312000 65
153.408000 154.688000 68
155.040000 156.992000 64
156.992000 157.312000 68
157.312000 157.600000 75
157.600000 157.984000 71
157.984000 158.592000 73
158.592000 159.392000 67
159.520000 161.536000 68
161.536000 162.016000 66
162.176000 162.240000 60
162.240000 162.432000 65
162.560000 162.944000 68
162.944000 163.520000 72
163.520000 163.744000 73
163.744000 164.352000 70
164.352000 165.024000 65
165.184000 165.472000 70
165.728000 165.984000 67
165.984000 166.144000 65
166.144000 167.392000 64
167.776000 167.840000 60
167.840000 168.064000 62
168.064000 168.512000 63
168.512000 169.280000 66
169.280000 170.240000 62
170.400000 170.592000 65
170.688000 171.584000 65
171.680000 171.904000 64
172.032000 172.160000 63
172.992000 173.056000 60
173.056000 173.504000 63
173.632000 173.728000 63
173.728000 175.584000 68
175.904000 177.760000 60
177.856000 179.008000 72
179.008000 179.392000 73
179.520000 180.032000 66
180.128000 180.352000 63
180.480000 181.920000 70
181.920000 182.464000 75
182.560000 183.040000 76
183.040000 184.256000 75
184.384000 184.576000 63
184.736000 185.248000 72
185.248000 185.312000 68
185.408000 186.336000 70
186.624000 186.912000 68
186.912000 187.072000 65
187.072000 187.584000 64
187.584000 187.840000 67
187.968000 188.288000 65
188.640000 188.864000 61
188.960000 189.728000 65
189.728000 189.888000 59
189.984000 190.112000 58
190.208000 190.464000 58
190.880000 192.384000 65
193.152000 193.632000 65
194.272000 194.976000 61
