3.584000 3.872000 59
4.096000 4.384000 59
4.640000 4.832000 59
4.832000 5.184000 65
5.184000 5.312000 66
5.440000 6.240000 66
6.816000 7.456000 58
7.648000 8.064000 62
8.064000 8.384000 61
8.736000 9.056000 57
9.248000 9.632000 58
9.824000 10.272000 62
10.272000 10.624000 61
12.256000 12.576000 59
12.800000 13.120000 60
13.632000 14.016000 65
14.176000 15.008000 66
15.552000 16.128000 58
16.352000 16.832000 62
16.832000 17.120000 61
17.440000 17.856000 57
17.984000 18.304000 58
18.560000 19.072000 62
19.904000 20.032000 60
20.032000 20.224000 63
20.224000 20.576000 65
20.576000 21.856000 67
22.080000 22.208000 64
22.368000 22.528000 67
22.912000 23.488000 64
23.744000 23.968000 65
23.968000 24.384000 67
24.544000 24.768000 67
25.056000 25.792000 62
25.984000 26.080000 64
26.208000 26.592000 67
26.720000 27.136000 69
27.296000 27.872000 69
28.608000 28.704000 60
28.704000 29.024000 64
29.184000 29.280000 64
29.280000 30.240000 67
30.240000 30.912000 67
31.104000 31.360000 67
31.648000 33.088000 66
33.280000 33.472000 67
33.760000 34.432000 63
34.912000 35.296000 67
35.424000 36.640000 69
37.344000 37.632000 68
37.632000 37.888000 70
37.888000 38.400000 74
38.752000 39.168000 72
39.264000 40.224000 72
40.384000 41.376000 71
41.728000 42.144000 69
42.272000 42.784000 74
43.104000 43.840000 72
43.936000 44.800000 72
44.800000 45.728000 70
46.112000 46.464000 68
46.624000 47.200000 74
47.456000 47.968000 67
48.288000 48.416000 67
48.416000 48.576000 67
48.576000 48.832000 70
48.832000 49.632000 74
50.464000 50.688000 67
50.688000 51.104000 70
51.264000 51.744000 74
51.744000 52.256000 72
52.640000 52.928000 69
52.928000 53.344000 69
53.472000 53.984000 69
54.784000 55.200000 69
55.360000 55.904000 74
56.160000 57.696000 72
57.824000 58.816000 71
59.200000 59.584000 69
59.712000 60.256000 74
60.544000 60.672000 72
60.832000 62.016000 72
62.176000 62.304000 70
62.304000 62.656000 69
62.656000 63.072000 68
63.552000 63.744000 67
63.840000 64.192000 71
64.384000 64.800000 74
64.928000 65.408000 67
65.728000 66.016000 67
66.016000 66.400000 72
66.528000 67.072000 74
67.904000 68.224000 67
68.448000 68.608000 72
68.768000 69.184000 74
69.280000 69.760000 67
70.112000 71.456000 71
73.344000 73.664000 59
73.888000 74.208000 59
74.464000 74.624000 59
74.624000 74.720000 62
74.720000 75.104000 66
75.264000 76.096000 66
76.800000 77.312000 59
77.440000 77.984000 62
77.984000 78.240000 61
78.624000 79.392000 58
79.648000 80.192000 62
80.192000 80.480000 61
82.080000 82.400000 59
82.560000 82.816000 59
82.816000 83.072000 63
83.264000 83.520000 62
83.520000 83.808000 65
84.000000 84.256000 64
84.256000 84.800000 66
85.376000 86.016000 58
86.176000 86.592000 62
86.720000 86.912000 59
87.296000 87.552000 57
87.776000 87.904000 57
88.064000 88.928000 62
89.696000 89.824000 61
89.824000 90.016000 62
90.016000 90.336000 64
90.336000 91.200000 67
91.328000 92.032000 65
92.192000 92.384000 67
92.704000 93.312000 64
93.536000 93.760000 64
94.080000 94.336000 65
94.336000 94.560000 67
94.880000 95.520000 64
95.616000 96.000000 63
96.000000 96.800000 67
96.800000 97.728000 70
98.400000 98.688000 62
98.688000 98.816000 64
98.976000 99.136000 65
99.264000 99.936000 67
100.064000 100.416000 64
100.608000 100.928000 65
100.928000 101.120000 67
101.440000 102.048000 64
102.240000 102.432000 64
102.528000 102.784000 67
102.784000 102.944000 66
103.072000 103.296000 67
103.616000 104.128000 62
104.128000 104.320000 66
104.416000 104.736000 63
104.736000 105.120000 67
105.248000 106.880000 69
107.168000 107.424000 67
107.424000 107.680000 70
107.680000 108.320000 74
108.512000 110.048000 72
110.176000 111.264000 71
111.360000 111.392000 67
111.456000 111.648000 67
111.648000 111.968000 69
112.064000 112.640000 74
112.896000 113.664000 72
113.760000 114.624000 72
114.624000 115.520000 70
115.936000 116.000000 65
116.000000 116.288000 69
116.448000 116.992000 74
117.344000 117.792000 67
118.048000 118.208000 66
118.208000 118.368000 67
118.368000 118.688000 69
118.688000 120.000000 74
120.288000 120.416000 67
120.416000 120.544000 67
120.544000 120.960000 72
121.088000 121.632000 74
121.728000 122.240000 67
122.464000 124.064000 72
124.256000 124.640000 65
124.640000 125.088000 69
125.184000 125.728000 74
125.984000 127.616000 72
127.616000 128.672000 71
128.992000 129.216000 67
129.216000 129.440000 69
129.568000 130.144000 74
130.368000 130.496000 72
130.656000 131.776000 72
131.776000 132.960000 71
133.376000 133.664000 67
133.664000 134.016000 74
134.176000 134.624000 74
134.752000 135.232000 67
135.552000 135.616000 66
135.616000 135.776000 67
135.776000 136.064000 70
136.064000 136.224000 72
136.352000 137.312000 74
137.728000 137.856000 66
137.856000 138.112000 69
138.272000 138.464000 74
138.560000 139.040000 74
139.136000 139.616000 67
139.904000 140.192000 68
140.192000 141.600000 71
141.888000 145.920000 74
146.016000 146.144000 71
146.144000 150.272000 70
150.816000 150.912000 65
150.912000 151.424000 69
151.648000 152.192000 74
152.288000 152.704000 67
152.800000 152.896000 67
152.992000 153.376000 69
153.376000 153.664000 72
153.664000 154.432000 74
155.168000 155.488000 67
155.712000 156.576000 74
156.576000 157.216000 67
157.376000 158.976000 71
159.264000 159.392000 62
159.520000 163.104000 72
163.264000 163.392000 71
163.584000 165.504000 72
165.504000 167.712000 67
168.224000 168.288000 65
168.288000 168.608000 69
168.608000 168.928000 72
169.056000 169.536000 74
169.664000 170.336000 67
170.464000 170.688000 67
170.688000 171.008000 70
171.008000 171.168000 74
171.264000 172.032000 74
172.384000 172.896000 67
172.896000 173.184000 70
173.184000 173.984000 74
174.048000 174.528000 67
174.848000 174.912000 65
174.912000 176.320000 71
176.704000 176.928000 74
177.024000 180.256000 72
