25.760000 26.176000 57
26.304000 27.904000 55
29.408000 29.632000 52
29.728000 30.016000 54
30.016000 30.432000 57
31.232000 31.456000 45
31.616000 32.032000 47
36.512000 37.248000 54
37.344000 39.168000 53
40.416000 40.672000 53
40.672000 40.960000 54
41.056000 41.472000 57
42.048000 42.304000 50
42.496000 43.616000 52
47.360000 48.128000 59
48.224000 50.208000 57
51.360000 51.520000 53
51.648000 51.936000 54
52.096000 52.768000 57
53.024000 53.952000 59
54.208000 55.040000 47
58.304000 60.416000 54
62.208000 62.368000 52
62.528000 62.848000 54
62.848000 63.424000 57
64.384000 64.640000 47
64.864000 65.888000 52
69.280000 72.416000 57
73.216000 73.408000 53
73.408000 73.728000 54
73.728000 74.336000 57
75.168000 75.232000 45
75.232000 75.424000 47
75.584000 76.064000 54
80.128000 82.048000 51
83.968000 84.032000 54
84.032000 84.480000 57
84.736000 85.504000 59
85.600000 86.336000 52
86.336000 88.064000 59
90.976000 91.904000 57
92.000000 94.176000 49
94.816000 94.880000 54
94.880000 95.200000 56
95.200000 95.552000 57
95.552000 96.064000 59
96.192000 97.216000 48
97.664000 98.560000 54
99.232000 100.000000 50
100.000000 100.288000 54
102.080000 102.752000 52
102.912000 104.320000 50
105.728000 105.792000 53
105.792000 106.112000 55
106.112000 106.432000 57
106.432000 107.008000 52
107.648000 110.144000 46
113.056000 113.216000 56
113.216000 115.136000 52
115.296000 115.584000 51
115.584000 115.840000 52
115.968000 116.864000 59
116.992000 118.304000 59
118.624000 118.688000 62
118.688000 119.296000 59
119.296000 120.320000 57
120.416000 120.640000 56
120.640000 121.280000 54
121.408000 121.472000 57
121.472000 121.824000 54
121.952000 123.008000 50
123.424000 123.488000 52
123.488000 123.776000 54
123.776000 124.064000 59
124.064000 124.576000 57
124.672000 125.024000 52
125.248000 126.272000 53
126.848000 126.912000 57
126.912000 127.232000 54
127.232000 127.424000 52
127.584000 127.808000 52
127.936000 128.128000 50
128.352000 128.512000 47
128.672000 129.376000 45
129.952000 130.176000 47
130.304000 130.560000 52
130.656000 131.232000 54
131.328000 131.648000 57
131.648000 132.320000 50
132.736000 132.864000 54
132.992000 134.400000 56
134.848000 136.928000 52
137.088000 137.632000 52
137.760000 138.624000 59
138.784000 140.064000 62
140.480000 141.056000 59
141.216000 141.472000 57
141.472000 141.792000 59
141.888000 142.496000 55
142.496000 143.104000 57
143.328000 143.680000 54
143.840000 144.864000 51
145.248000 145.312000 52
145.312000 145.632000 55
145.632000 145.952000 58
145.952000 146.368000 59
146.368000 146.784000 55
146.784000 147.232000 52
147.392000 148.224000 54
148.704000 148.768000 57
148.768000 148.992000 54
148.992000 149.600000 54
149.760000 150.112000 49
150.112000 150.400000 47
150.592000 151.328000 47
153.152000 153.728000 50
153.824000 154.016000 54
154.112000 154.688000 57
154.880000 155.136000 48
155.328000 155.520000 52
155.744000 156.064000 50
156.320000 157.120000 57
157.920000 161.184000 53
161.856000 162.048000 55
162.048000 162.368000 57
162.368000 163.104000 56
163.840000 164.064000 59
164.256000 164.352000 51
165.248000 165.376000 54
168.768000 170.688000 50
172.608000 172.672000 54
172.672000 173.120000 57
173.376000 174.144000 59
174.272000 174.976000 52
174.976000 176.704000 59
179.616000 180.512000 57
180.672000 182.816000 48
183.456000 183.520000 50
183.520000 183.552000 53
183.552000 183.808000 54
183.808000 184.160000 57
184.160000 184.704000 59
184.800000 185.888000 47
186.368000 187.104000 54
187.872000 188.640000 50
188.640000 188.928000 54
190.720000 191.392000 55
191.552000 193.184000 50
194.368000 194.432000 52
194.432000 194.752000 55
194.752000 195.040000 57
195.040000 195.648000 52
196.288000 196.352000 47
196.352000 198.304000 48
201.792000 201.856000 56
201.856000 201.888000 54
201.888000 203.168000 52
203.264000 203.776000 51
203.936000 204.224000 52
204.224000 204.480000 59
204.608000 205.504000 58
205.632000 207.008000 62
207.232000 207.296000 58
207.296000 208.256000 57
208.256000 208.960000 56
209.056000 209.280000 54
209.280000 209.952000 57
210.048000 210.112000 54
210.112000 210.464000 50
210.592000 211.648000 52
212.032000 212.096000 59
212.096000 212.416000 52
212.416000 213.696000 53
213.888000 214.912000 57
215.296000 215.552000 52
215.552000 216.064000 50
216.192000 216.768000 47
216.992000 217.120000 45
217.312000 218.048000 47
218.592000 218.784000 50
218.944000 219.168000 52
219.264000 219.552000 54
219.552000 219.840000 57
219.936000 220.256000 50
220.256000 220.928000 54
221.312000 221.472000 52
221.632000 221.920000 56
222.016000 222.944000 52
223.488000 225.600000 52
225.728000 226.272000 59
226.432000 227.232000 62
227.424000 228.704000 59
229.088000 229.696000 57
229.824000 230.112000 59
230.112000 230.368000 54
230.496000 231.136000 57
231.136000 231.744000 54
231.968000 232.320000 55
232.480000 233.504000 59
233.888000 234.592000 52
234.592000 235.456000 57
235.456000 236.832000 54
237.376000 237.664000 54
237.664000 238.208000 48
238.368000 238.656000 47
238.752000 238.976000 47
239.200000 240.416000 50
241.792000 242.336000 54
242.464000 242.688000 57
242.816000 243.424000 47
243.648000 245.152000 52
246.176000 246.464000 50
246.752000 247.104000 47
247.264000 248.672000 50
252.768000 253.344000 54
253.504000 253.728000 57
253.952000 254.656000 47
254.944000 256.192000 48
257.824000 258.048000 52
258.048000 258.304000 52
258.304000 258.752000 50
258.912000 260.416000 53
261.568000 261.856000 59
261.856000 262.080000 62
262.880000 264.128000 61
264.480000 264.960000 59
264.960000 265.248000 59
265.248000 265.600000 57
265.600000 266.592000 52
266.592000 268.512000 54
269.344000 269.696000 59
269.696000 270.048000 52
270.048000 271.040000 55
271.200000 272.224000 57
272.736000 272.896000 54
272.896000 273.120000 55
273.120000 273.472000 60
273.472000 274.336000 47
274.368000 276.640000 50
277.280000 277.888000 54
277.984000 278.240000 57
278.336000 279.008000 47
279.232000 280.320000 52
281.312000 281.600000 50
281.760000 282.272000 54
282.432000 284.640000 50
287.584000 288.224000 50
288.224000 289.344000 52
289.568000 289.696000 50
