13.504000 13.696000 49
13.696000 14.048000 52
14.144000 15.008000 54
15.680000 15.776000 50
15.776000 15.968000 53
15.968000 17.152000 55
17.728000 18.656000 57
18.784000 19.168000 57
19.232000 19.712000 50
20.064000 20.640000 50
20.800000 21.152000 50
21.280000 21.696000 52
21.792000 21.952000 50
22.048000 22.720000 54
22.816000 23.136000 54
23.840000 24.736000 55
24.864000 25.312000 55
25.888000 26.208000 55
26.208000 27.296000 57
27.424000 27.936000 62
27.936000 28.704000 59
28.864000 29.728000 61
29.856000 30.528000 62
30.848000 31.776000 62
31.872000 32.256000 61
32.384000 32.800000 66
32.896000 34.304000 61
34.432000 35.328000 64
35.456000 35.808000 58
35.808000 36.896000 57
37.952000 38.912000 55
39.040000 39.808000 57
40.000000 41.472000 60
41.568000 42.848000 62
43.104000 44.032000 58
44.192000 45.184000 57
45.664000 46.528000 57
46.688000 46.880000 53
46.880000 47.104000 54
47.200000 47.648000 57
47.744000 48.160000 62
48.256000 48.416000 65
48.416000 49.216000 67
49.216000 49.408000 65
49.408000 49.728000 63
49.728000 50.976000 66
51.232000 51.488000 61
51.488000 52.608000 63
52.704000 53.632000 60
53.728000 54.080000 62
54.272000 54.688000 61
54.784000 55.296000 59
55.776000 55.840000 57
55.840000 56.672000 62
56.768000 57.216000 67
57.312000 57.696000 66
57.792000 57.952000 65
57.952000 58.272000 63
58.816000 59.040000 55
59.040000 59.552000 59
59.552000 60.608000 62
60.896000 62.144000 64
62.144000 62.848000 57
62.976000 63.104000 53
63.104000 63.392000 55
63.392000 63.680000 57
63.936000 64.608000 65
64.608000 65.120000 67
65.216000 66.784000 69
66.784000 67.232000 65
67.520000 68.704000 64
68.800000 69.408000 60
69.536000 70.400000 71
70.400000 70.528000 68
70.528000 70.976000 65
70.976000 71.520000 64
71.520000 71.936000 71
72.032000 72.480000 69
73.120000 73.344000 59
73.344000 73.568000 61
73.568000 73.824000 62
73.824000 74.464000 66
74.624000 75.040000 62
75.264000 78.176000 62
80.832000 81.184000 66
81.312000 81.600000 64
82.080000 82.720000 64
82.880000 83.008000 64
85.312000 85.568000 50
85.792000 86.432000 61
86.432000 87.136000 58
91.456000 91.584000 50
91.584000 91.840000 52
91.968000 92.352000 54
92.448000 92.896000 54
93.472000 93.536000 50
93.536000 93.888000 54
93.984000 94.336000 55
94.464000 94.752000 55
95.488000 95.552000 53
95.552000 95.840000 55
95.840000 96.416000 57
96.512000 96.864000 57
97.024000 97.344000 51
97.632000 98.208000 50
98.528000 99.168000 50
99.168000 100.448000 54
100.544000 100.896000 54
101.632000 101.696000 51
101.696000 102.976000 55
103.584000 103.872000 55
103.872000 104.256000 55
104.256000 105.088000 58
105.088000 105.504000 62
105.600000 106.368000 59
106.624000 107.488000 61
107.680000 108.224000 62
108.608000 110.080000 62
110.176000 110.592000 66
110.688000 112.128000 61
112.224000 113.152000 64
113.248000 113.568000 58
113.568000 113.920000 57
113.920000 114.720000 56
115.648000 116.704000 55
116.800000 117.568000 57
117.728000 119.232000 60
119.328000 120.608000 62
120.832000 121.088000 58
121.088000 121.792000 57
121.952000 124.256000 57
125.184000 125.952000 57
125.952000 126.400000 54
126.496000 126.976000 57
126.976000 127.648000 65
127.648000 128.704000 67
128.800000 128.960000 62
129.056000 129.216000 66
129.216000 129.792000 67
129.792000 130.272000 65
130.528000 130.752000 61
130.752000 131.968000 63
132.096000 132.256000 59
132.384000 132.928000 60
133.056000 133.472000 62
133.600000 134.592000 61
135.168000 135.232000 58
135.232000 136.000000 62
136.128000 136.608000 67
136.704000 137.344000 66
137.344000 137.792000 64
138.176000 138.400000 55
138.400000 138.848000 58
138.848000 139.936000 62
140.192000 141.216000 63
141.216000 141.408000 64
141.408000 141.440000 62
141.440000 142.976000 57
143.264000 143.680000 62
143.776000 144.448000 67
144.576000 146.080000 69
146.080000 146.592000 65
146.752000 147.104000 62
147.104000 147.840000 63
147.840000 148.704000 61
148.864000 149.792000 71
149.792000 149.888000 67
149.888000 150.848000 66
150.848000 151.232000 71
151.360000 151.776000 69
152.416000 152.640000 59
152.640000 153.504000 64
153.504000 153.760000 66
153.920000 154.336000 62
154.464000 156.832000 62
157.504000 157.696000 62
157.792000 158.240000 65
158.240000 158.400000 62
158.496000 159.808000 69
160.000000 160.768000 69
160.768000 161.664000 67
161.824000 164.640000 65
165.568000 165.632000 61
165.632000 166.016000 64
166.112000 166.240000 65
166.240000 166.496000 63
166.624000 167.648000 69
168.160000 168.416000 69
168.416000 169.312000 73
169.408000 169.632000 69
169.952000 170.304000 70
170.432000 172.736000 69
172.864000 173.024000 67
173.760000 173.952000 65
174.048000 174.240000 64
174.240000 174.304000 63
174.304000 174.464000 62
174.464000 174.752000 61
174.752000 175.200000 59
175.200000 175.680000 66
175.808000 176.256000 62
176.256000 177.184000 60
177.408000 177.472000 62
177.472000 178.496000 66
178.496000 178.784000 62
178.880000 179.360000 60
179.360000 179.744000 66
179.904000 180.576000 62
180.864000 181.504000 69
181.632000 181.856000 69
181.856000 182.496000 68
182.656000 183.296000 68
183.296000 185.472000 65
185.888000 186.560000 62
186.656000 186.848000 59
186.944000 188.800000 66
189.024000 190.112000 71
190.112000 190.880000 68
191.200000 191.264000 57
192.096000 192.224000 49
192.224000 192.448000 51
192.576000 192.832000 54
193.088000 193.408000 59
193.568000 194.784000 64
194.784000 195.008000 59
195.104000 196.032000 63
196.032000 196.320000 59
196.576000 196.832000 58
196.832000 197.760000 61
197.760000 198.560000 58
198.656000 199.040000 59
199.168000 199.520000 59
199.776000 200.608000 58
201.184000 201.248000 53
201.248000 201.472000 56
201.472000 202.112000 59
202.240000 203.168000 64
203.264000 203.936000 61
204.320000 204.384000 51
204.384000 204.512000 52
204.512000 204.800000 54
204.800000 206.048000 59
206.304000 207.488000 61
207.584000 208.256000 54
208.384000 208.608000 51
208.608000 209.056000 54
209.312000 209.504000 57
209.504000 209.856000 59
209.856000 210.560000 63
210.656000 211.008000 64
211.104000 211.392000 66
211.520000 212.192000 63
212.192000 212.672000 61
212.928000 212.992000 57
212.992000 213.184000 58
213.184000 213.952000 61
213.952000 214.816000 58
214.944000 215.104000 67
215.104000 215.648000 68
215.904000 216.032000 62
216.032000 216.704000 61
216.928000 217.408000 69
217.568000 217.952000 66
218.496000 218.560000 54
218.560000 218.688000 56
218.784000 219.008000 58
219.008000 219.264000 59
219.264000 219.904000 63
220.032000 220.448000 59
220.608000 222.720000 59
223.616000 223.840000 61
223.936000 224.096000 61
224.096000 224.320000 60
224.320000 225.088000 58
225.248000 225.696000 68
225.824000 226.144000 66
227.104000 227.168000 53
227.168000 227.392000 56
227.488000 227.936000 59
228.032000 228.704000 63
229.344000 230.048000 59
230.688000 235.264000 62
