17.920000 18.080000 62
32.992000 33.184000 57
33.312000 33.856000 58
33.952000 34.112000 52
34.240000 35.008000 50
36.640000 37.216000 57
37.216000 37.536000 54
37.632000 37.856000 50
37.856000 38.208000 53
38.336000 38.528000 57
38.528000 38.912000 55
39.040000 39.584000 53
40.320000 40.960000 53
40.960000 41.152000 47
41.248000 41.408000 46
41.536000 42.240000 46
43.936000 44.128000 53
44.224000 44.544000 53
44.672000 44.832000 51
44.960000 45.376000 51
45.568000 45.696000 47
45.824000 46.848000 53
47.616000 47.776000 57
47.872000 48.416000 58
48.512000 48.672000 51
48.800000 49.504000 50
51.200000 51.744000 60
51.840000 52.032000 57
52.128000 52.288000 53
52.384000 52.736000 53
52.832000 53.024000 60
53.152000 53.472000 57
53.568000 54.176000 53
54.880000 55.008000 62
55.104000 55.680000 62
55.808000 56.000000 58
56.000000 56.512000 56
56.928000 57.472000 62
57.472000 57.760000 59
57.760000 59.520000 56
59.648000 60.032000 55
60.384000 60.896000 55
60.992000 61.600000 57
61.696000 62.272000 62
62.368000 63.680000 58
64.032000 64.384000 58
64.384000 64.736000 56
64.864000 65.856000 60
65.856000 66.336000 57
66.464000 67.072000 53
67.392000 67.552000 51
67.552000 67.936000 55
68.128000 68.768000 57
69.088000 69.344000 54
69.344000 69.792000 60
69.792000 70.208000 57
70.304000 70.848000 55
71.232000 71.360000 53
71.456000 72.320000 58
72.320000 72.800000 55
73.056000 73.280000 55
73.280000 73.440000 58
73.440000 74.432000 60
74.432000 74.816000 63
74.912000 75.584000 62
75.808000 76.256000 58
76.256000 76.768000 60
76.928000 77.568000 58
77.568000 78.144000 56
78.432000 78.848000 56
78.848000 79.072000 58
79.168000 79.392000 55
79.392000 80.224000 60
80.352000 80.896000 57
80.992000 81.600000 53
81.920000 82.048000 50
82.144000 82.496000 55
82.592000 83.232000 57
83.552000 83.872000 54
83.872000 84.064000 60
84.160000 85.376000 59
85.728000 86.208000 58
86.208000 86.368000 56
86.464000 87.008000 55
87.104000 87.328000 65
87.328000 89.664000 63
90.592000 90.752000 53
90.752000 90.944000 56
90.944000 91.776000 60
91.904000 94.240000 62
94.240000 94.432000 62
94.848000 95.424000 57
95.520000 95.872000 57
95.968000 96.160000 57
96.160000 97.024000 58
97.280000 97.664000 58
97.792000 97.984000 57
97.984000 99.616000 55
100.800000 100.896000 57
100.896000 101.600000 62
101.600000 102.112000 57
102.208000 102.272000 59
102.272000 102.912000 62
103.008000 103.456000 57
103.456000 104.576000 62
105.120000 105.280000 54
105.280000 105.472000 55
105.472000 106.272000 60
106.400000 108.864000 62
108.864000 109.024000 62
109.344000 109.920000 65
109.920000 110.688000 64
110.688000 111.104000 59
111.200000 111.360000 65
111.360000 112.192000 63
112.320000 112.864000 60
113.184000 113.344000 62
113.344000 113.664000 63
113.664000 113.856000 65
113.952000 114.528000 65
114.784000 114.976000 54
115.072000 115.136000 58
115.136000 116.128000 62
116.416000 117.312000 53
117.760000 118.400000 62
118.400000 119.072000 60
119.456000 122.912000 60
147.808000 148.160000 53
149.312000 149.472000 57
149.600000 150.144000 58
150.240000 150.432000 52
150.528000 151.168000 50
152.928000 153.120000 60
153.120000 153.728000 60
153.824000 154.016000 53
154.112000 154.432000 53
154.528000 154.720000 60
154.848000 155.168000 57
155.264000 155.904000 53
156.608000 156.736000 62
156.832000 157.376000 62
157.504000 157.664000 58
157.664000 158.176000 57
158.624000 159.040000 62
159.040000 159.552000 60
159.552000 161.280000 55
161.376000 161.760000 55
162.112000 162.560000 55
162.688000 162.944000 55
162.944000 163.360000 57
163.360000 164.000000 62
164.000000 165.376000 59
165.728000 166.112000 58
166.112000 166.464000 56
166.560000 167.584000 60
167.584000 168.064000 57
168.192000 168.800000 53
169.088000 169.216000 50
169.216000 169.280000 51
169.280000 169.632000 55
169.792000 170.400000 57
170.848000 171.072000 55
171.072000 171.520000 60
171.520000 171.936000 56
172.032000 172.544000 55
172.864000 173.152000 54
173.152000 174.048000 58
174.048000 174.496000 54
174.752000 174.976000 54
174.976000 175.072000 58
175.072000 176.288000 62
176.288000 177.568000 63
177.696000 178.432000 58
178.624000 179.264000 58
179.264000 179.904000 57
180.128000 180.480000 56
180.480000 181.280000 58
181.280000 181.920000 60
182.016000 182.240000 56
182.240000 182.624000 57
182.624000 183.328000 54
183.616000 183.840000 51
183.840000 184.960000 57
185.344000 185.568000 54
185.568000 185.760000 60
185.888000 187.072000 58
187.392000 187.840000 59
187.840000 188.032000 57
188.160000 188.704000 55
188.800000 189.024000 65
189.024000 191.392000 64
192.288000 192.352000 52
192.352000 192.512000 54
192.512000 192.672000 55
192.672000 193.504000 60
193.600000 195.968000 62
195.968000 196.192000 62
196.544000 197.120000 58
197.248000 197.568000 57
197.696000 197.856000 57
197.856000 198.368000 56
198.368000 198.752000 58
199.008000 199.392000 58
199.520000 199.680000 57
199.680000 201.472000 55
202.464000 202.624000 56
202.624000 203.296000 62
203.296000 203.776000 57
203.968000 204.032000 60
204.032000 204.608000 62
204.736000 205.152000 57
205.152000 206.304000 62
206.784000 206.912000 52
206.912000 207.040000 54
207.040000 207.232000 56
207.232000 208.032000 60
208.128000 209.408000 60
209.504000 209.760000 60
209.760000 210.176000 59
210.176000 210.752000 62
211.072000 211.712000 65
211.712000 212.448000 63
212.448000 212.800000 59
212.928000 213.088000 65
213.088000 213.792000 64
213.792000 213.952000 58
214.048000 214.560000 60
214.880000 214.912000 62
214.944000 215.360000 63
215.360000 215.552000 65
215.680000 216.224000 65
216.544000 216.672000 53
216.768000 216.832000 58
216.832000 217.824000 62
217.952000 218.080000 57
218.080000 218.976000 56
219.488000 219.552000 60
219.552000 220.512000 62
220.512000 220.864000 60
221.024000 224.032000 60
224.992000 225.184000 54
225.184000 225.344000 55
225.344000 226.208000 60
226.304000 228.928000 62
229.280000 231.424000 58
231.744000 232.096000 58
232.192000 232.384000 57
232.384000 234.368000 55
235.136000 236.000000 62
236.000000 236.448000 56
236.736000 237.344000 67
237.344000 237.472000 62
237.472000 238.944000 63
238.944000 239.008000 54
239.488000 239.680000 54
239.680000 240.352000 58
240.480000 240.704000 60
240.800000 242.112000 60
242.240000 242.368000 60
242.368000 242.912000 58
242.912000 243.584000 62
243.776000 244.448000 65
244.448000 246.624000 66
246.720000 247.488000 61
247.584000 248.064000 62
248.064000 248.288000 65
248.384000 248.896000 65
249.216000 249.376000 62
249.440000 249.536000 58
249.536000 249.888000 60
249.888000 250.720000 62
250.848000 251.712000 53
252.160000 253.216000 62
253.216000 253.504000 60
253.856000 256.992000 60
258.304000 258.432000 60
258.560000 258.624000 60
258.624000 258.880000 62
258.880000 259.168000 65
259.264000 259.744000 65
260.128000 260.256000 53
260.384000 260.736000 60
260.832000 261.408000 62
261.760000 262.592000 54
263.008000 263.872000 62
264.032000 264.736000 60
266.656000 267.328000 55
267.808000 270.336000 58
