18.208000 18.816000 65
18.944000 19.136000 60
19.232000 19.968000 57
20.192000 20.672000 55
21.120000 21.280000 56
21.824000 21.984000 64
22.112000 22.368000 65
22.464000 22.656000 64
22.656000 22.880000 62
23.040000 23.616000 57
24.064000 24.480000 55
24.992000 25.280000 57
25.664000 25.824000 57
26.304000 26.816000 60
26.912000 27.136000 60
27.616000 27.776000 56
27.872000 28.064000 57
28.256000 28.416000 58
28.544000 29.088000 60
29.504000 29.664000 57
29.824000 30.272000 58
30.432000 30.592000 60
30.688000 31.552000 60
31.680000 32.320000 59
32.480000 32.832000 57
32.960000 33.120000 57
33.600000 34.240000 65
34.240000 34.496000 61
34.656000 35.232000 57
35.712000 35.872000 56
37.280000 37.408000 63
37.536000 38.080000 65
38.240000 38.464000 61
38.464000 39.360000 67
39.456000 40.352000 67
40.448000 40.832000 65
41.120000 41.248000 59
41.440000 41.952000 62
42.080000 42.592000 65
43.104000 43.200000 59
43.360000 43.904000 62
44.000000 44.480000 65
45.056000 45.920000 62
45.920000 46.080000 65
46.240000 46.496000 65
46.496000 46.784000 63
46.976000 47.264000 62
47.264000 48.704000 69
49.152000 50.400000 70
50.560000 50.752000 60
51.200000 51.392000 61
51.552000 51.840000 65
51.840000 52.352000 69
52.864000 53.280000 69
53.376000 53.664000 67
53.664000 53.888000 70
53.984000 54.240000 68
54.368000 55.072000 62
55.168000 55.360000 65
55.360000 55.680000 65
55.680000 56.128000 69
56.608000 56.704000 60
56.832000 57.088000 62
57.088000 57.344000 65
57.344000 57.696000 66
57.696000 58.176000 72
58.560000 58.656000 61
58.752000 59.008000 62
59.008000 59.520000 65
59.648000 60.064000 72
60.672000 60.896000 62
60.896000 61.376000 65
61.472000 62.272000 70
62.272000 62.656000 67
62.656000 62.944000 70
63.040000 63.232000 72
63.328000 63.520000 67
63.520000 63.744000 69
63.872000 64.160000 67
64.576000 64.704000 67
64.704000 64.832000 69
64.992000 65.824000 70
65.920000 66.912000 62
67.040000 67.360000 65
67.360000 67.872000 69
68.480000 68.768000 69
68.864000 69.056000 67
69.184000 69.664000 70
69.856000 70.272000 62
70.400000 70.784000 64
70.912000 71.520000 64
72.096000 72.160000 59
72.160000 72.640000 63
72.640000 73.120000 67
73.120000 73.376000 71
73.568000 74.080000 65
74.304000 74.368000 60
74.368000 74.560000 62
74.560000 74.944000 65
75.040000 75.392000 71
75.392000 75.456000 70
75.456000 76.160000 68
76.160000 76.512000 62
76.608000 77.088000 66
77.184000 77.504000 70
77.600000 77.824000 69
77.824000 78.016000 67
78.208000 78.528000 70
78.752000 78.880000 72
79.008000 80.032000 69
80.608000 82.720000 65
83.648000 83.904000 65
85.248000 85.408000 60
103.296000 103.936000 65
104.064000 104.256000 60
104.384000 104.864000 57
105.408000 105.856000 55
106.944000 107.104000 63
107.200000 107.456000 65
107.552000 107.776000 64
107.776000 108.032000 62
108.192000 108.736000 57
109.216000 109.536000 55
110.080000 110.496000 57
110.784000 110.976000 57
111.104000 111.648000 58
111.744000 112.256000 60
112.768000 113.280000 57
113.440000 113.632000 58
113.728000 114.336000 60
114.688000 115.200000 57
115.296000 115.552000 58
115.648000 115.840000 60
115.904000 116.800000 60
116.928000 117.120000 58
117.120000 117.568000 60
117.664000 118.016000 56
118.144000 118.400000 56
118.816000 119.488000 65
119.488000 119.776000 61
119.904000 120.448000 57
122.432000 122.496000 62
122.496000 122.624000 65
122.720000 123.296000 65
123.424000 123.616000 60
123.616000 123.680000 62
123.680000 123.840000 65
123.840000 124.576000 68
124.576000 125.536000 67
125.632000 125.984000 64
126.336000 126.432000 58
126.624000 126.880000 60
126.880000 127.136000 62
127.264000 127.840000 65
128.224000 128.352000 60
128.480000 128.800000 61
128.800000 129.088000 62
129.184000 129.792000 65
130.176000 130.784000 61
130.784000 130.880000 62
130.880000 131.104000 64
131.104000 131.936000 66
132.128000 132.384000 62
132.384000 132.608000 66
132.704000 133.856000 69
134.272000 135.520000 70
135.648000 135.872000 60
136.032000 136.576000 62
136.704000 137.056000 65
137.056000 137.664000 69
138.080000 138.432000 67
138.528000 138.816000 67
138.816000 139.040000 70
139.136000 139.360000 69
139.360000 140.256000 66
140.352000 141.024000 68
141.024000 141.408000 70
141.792000 141.888000 61
142.048000 142.400000 64
142.496000 142.880000 67
142.880000 143.392000 72
143.744000 143.808000 62
143.968000 144.352000 64
144.448000 144.672000 65
144.768000 145.280000 72
145.888000 146.176000 62
146.176000 146.560000 65
146.656000 146.720000 67
146.720000 147.488000 70
147.488000 147.840000 65
147.840000 148.960000 72
149.088000 149.472000 67
149.792000 150.048000 69
150.176000 151.008000 70
151.104000 151.616000 61
151.712000 152.064000 61
152.192000 152.544000 65
152.544000 153.152000 69
153.632000 154.240000 69
154.368000 154.784000 70
154.944000 155.232000 63
155.360000 155.488000 61
155.584000 155.648000 61
155.648000 155.968000 64
156.064000 156.832000 64
157.280000 157.344000 61
157.344000 157.504000 63
157.504000 157.952000 64
157.952000 158.208000 65
158.208000 158.528000 71
158.752000 159.232000 65
159.520000 159.744000 62
159.744000 160.128000 65
160.192000 160.608000 72
160.608000 161.120000 65
161.376000 161.440000 59
161.440000 161.824000 63
161.824000 162.240000 65
162.336000 162.624000 70
162.752000 162.944000 69
162.944000 163.232000 68
163.360000 163.616000 70
163.776000 163.968000 72
163.968000 165.408000 69
166.016000 168.576000 65
170.560000 171.392000 65
171.584000 172.224000 65
172.480000 174.176000 66
174.432000 174.528000 62
174.528000 175.616000 67
175.616000 176.288000 69
176.384000 177.120000 62
178.304000 178.368000 59
178.368000 178.656000 62
178.912000 179.040000 62
179.168000 180.032000 65
180.032000 180.096000 59
180.256000 181.120000 67
181.536000 181.984000 69
182.080000 182.816000 67
182.912000 183.136000 63
183.136000 183.456000 66
183.456000 184.256000 72
184.576000 185.280000 69
185.504000 185.888000 69
186.016000 186.240000 60
186.528000 186.912000 61
187.040000 187.392000 65
187.392000 187.968000 69
188.448000 189.632000 70
189.632000 189.856000 67
190.240000 190.784000 64
190.880000 191.232000 65
191.232000 191.616000 69
192.128000 192.608000 62
192.608000 193.056000 65
193.152000 193.632000 72
194.016000 194.144000 62
194.240000 194.624000 64
194.720000 194.944000 65
195.040000 195.648000 74
195.968000 196.096000 61
196.256000 196.672000 62
196.672000 197.216000 65
197.216000 198.080000 70
198.176000 198.496000 70
198.592000 198.816000 72
198.944000 199.072000 67
199.072000 199.264000 69
199.392000 199.776000 67
200.096000 200.928000 69
201.088000 201.312000 68
201.408000 201.664000 60
201.792000 202.368000 61
202.496000 202.848000 65
202.848000 203.520000 69
203.840000 205.216000 70
205.216000 205.408000 63
205.728000 206.272000 64
206.368000 206.592000 65
206.592000 207.104000 64
207.552000 208.000000 62
208.000000 208.576000 67
208.576000 208.928000 72
209.056000 209.472000 65
209.792000 209.856000 61
209.856000 210.048000 62
210.048000 210.432000 65
210.560000 210.944000 72
210.944000 211.456000 67
211.680000 211.936000 62
212.096000 212.576000 65
212.704000 213.408000 70
213.408000 213.504000 67
213.632000 213.760000 68
213.760000 213.984000 70
213.984000 214.304000 72
214.304000 214.720000 69
214.880000 215.936000 69
216.192000 218.464000 65
