1.824000 2.080000 76
2.976000 3.072000 70
3.072000 3.136000 71
3.136000 3.424000 74
3.424000 3.936000 76
3.936000 5.216000 74
5.568000 6.976000 64
8.160000 9.184000 74
9.248000 9.376000 65
9.536000 9.696000 69
9.696000 9.920000 68
10.080000 11.616000 66
12.608000 13.408000 73
13.632000 13.728000 66
14.016000 14.816000 72
14.944000 16.224000 66
17.152000 17.216000 63
17.216000 17.664000 67
17.664000 17.856000 69
17.984000 19.328000 73
19.552000 21.088000 64
22.208000 22.368000 71
22.368000 23.680000 76
23.680000 24.512000 73
24.768000 26.208000 64
26.720000 29.120000 73
29.216000 29.408000 64
29.728000 31.264000 66
32.096000 32.160000 60
32.160000 32.256000 64
32.256000 32.576000 67
32.576000 33.280000 69
33.280000 34.176000 73
34.176000 35.296000 67
35.392000 35.488000 66
36.000000 36.256000 64
36.384000 36.640000 67
36.768000 37.856000 71
38.016000 40.928000 69
41.152000 42.240000 57
43.808000 44.448000 57
59.360000 59.424000 58
59.424000 59.488000 59
59.488000 59.680000 62
59.680000 60.128000 66
60.288000 60.448000 69
60.544000 60.960000 66
61.120000 61.728000 65
61.728000 63.008000 61
64.128000 66.496000 66
66.656000 67.328000 57
68.896000 69.056000 60
69.344000 69.952000 59
70.144000 70.304000 57
71.264000 71.488000 64
71.488000 72.032000 63
72.256000 72.672000 64
72.864000 74.656000 66
74.752000 75.168000 64
75.168000 75.744000 63
75.872000 77.024000 59
78.528000 78.592000 60
78.592000 78.816000 63
78.816000 79.264000 66
79.392000 79.616000 69
79.712000 80.224000 66
80.224000 81.184000 65
81.184000 82.144000 62
83.264000 85.408000 66
85.504000 85.728000 64
85.888000 86.848000 57
87.744000 87.840000 60
88.064000 88.352000 60
88.480000 88.928000 61
89.024000 89.120000 63
89.344000 89.568000 61
89.568000 89.984000 59
90.528000 90.752000 65
90.944000 91.264000 61
91.424000 91.584000 67
91.744000 92.160000 66
92.416000 92.576000 61
92.704000 95.104000 64
97.664000 97.824000 59
97.824000 97.888000 60
97.888000 98.208000 64
98.304000 98.496000 64
98.496000 99.040000 63
99.040000 99.296000 64
99.456000 99.680000 66
99.840000 101.984000 69
102.464000 104.512000 66
104.512000 105.184000 62
105.184000 106.368000 64
107.648000 107.680000 64
107.872000 108.032000 64
108.160000 108.640000 61
108.640000 108.992000 64
109.056000 109.920000 65
110.112000 111.104000 57
111.968000 112.320000 66
112.448000 112.832000 69
112.832000 113.280000 68
113.376000 117.536000 73
118.112000 118.304000 72
118.304000 118.496000 74
118.496000 118.912000 76
118.912000 119.232000 75
119.232000 120.544000 74
120.704000 121.664000 64
121.760000 121.984000 64
122.720000 123.648000 74
123.648000 124.096000 67
124.192000 126.720000 69
127.680000 128.352000 74
128.352000 128.704000 69
128.864000 129.600000 72
129.696000 131.520000 66
132.352000 132.480000 68
132.480000 132.704000 67
132.832000 133.056000 66
133.056000 133.376000 69
133.408000 134.720000 73
134.720000 135.296000 67
135.392000 136.256000 64
137.312000 137.472000 71
137.472000 137.792000 74
137.792000 138.208000 76
138.208000 138.336000 75
138.336000 139.648000 74
139.648000 141.184000 65
141.728000 142.592000 74
142.752000 143.328000 73
143.424000 144.160000 72
144.160000 144.352000 67
144.608000 144.896000 66
144.992000 146.080000 66
146.976000 147.040000 65
147.040000 147.264000 66
147.264000 147.936000 69
147.936000 149.152000 73
149.152000 150.304000 66
150.976000 151.328000 64
151.456000 151.648000 66
151.776000 152.736000 70
152.736000 153.440000 69
153.568000 155.648000 69
156.448000 156.704000 72
156.704000 156.896000 74
156.896000 157.760000 77
157.760000 158.912000 73
158.976000 159.008000 65
159.040000 160.576000 64
161.184000 162.080000 74
162.080000 162.496000 67
162.624000 165.152000 69
166.016000 166.816000 73
166.816000 167.168000 69
167.424000 168.256000 72
168.384000 169.696000 67
170.816000 170.880000 59
170.880000 170.912000 60
170.912000 170.944000 61
170.944000 171.008000 63
171.008000 171.360000 66
171.360000 171.840000 69
171.904000 172.992000 73
173.120000 174.816000 65
175.712000 175.872000 72
175.872000 176.288000 74
176.288000 176.928000 76
176.928000 178.240000 74
178.400000 179.712000 65
180.288000 181.120000 74
181.248000 181.440000 73
181.440000 182.400000 72
182.400000 182.656000 65
182.880000 184.512000 66
185.440000 185.792000 67
185.792000 185.984000 69
185.984000 186.272000 67
186.272000 186.400000 68
186.400000 187.296000 74
187.296000 188.640000 67
189.344000 189.664000 64
189.760000 190.016000 66
190.144000 191.040000 71
191.520000 195.744000 69
202.208000 202.848000 57
