16.704000 16.768000 53
16.768000 16.832000 56
16.832000 18.272000 60
18.432000 18.816000 60
18.816000 19.296000 59
19.392000 19.808000 55
20.640000 20.800000 53
20.896000 21.184000 51
21.568000 21.760000 53
21.888000 22.080000 55
22.080000 22.656000 54
22.848000 23.008000 53
23.936000 24.160000 55
24.256000 24.384000 53
24.512000 24.672000 55
24.768000 25.152000 53
27.616000 27.712000 53
27.808000 27.904000 55
28.096000 28.192000 54
28.288000 28.448000 55
28.640000 28.896000 53
32.000000 32.096000 52
32.192000 32.352000 58
32.448000 33.792000 60
33.920000 34.912000 63
34.912000 35.040000 63
36.096000 36.256000 60
36.352000 36.704000 58
36.832000 37.184000 58
37.536000 38.400000 56
39.040000 39.424000 56
39.520000 40.480000 55
40.672000 41.216000 53
43.168000 43.744000 55
43.744000 44.416000 53
44.576000 44.800000 55
44.896000 45.280000 53
48.608000 48.800000 51
48.896000 49.280000 60
49.376000 49.536000 58
49.536000 49.984000 57
49.984000 51.040000 60
51.040000 51.712000 52
52.032000 52.224000 56
52.224000 52.928000 56
53.024000 53.408000 65
53.536000 53.696000 56
53.792000 54.624000 60
54.944000 55.616000 60
55.744000 56.992000 61
57.504000 58.208000 58
58.304000 61.280000 61
62.144000 62.592000 58
62.688000 63.264000 63
63.264000 63.328000 59
63.424000 64.000000 60
64.096000 64.608000 60
64.608000 64.800000 61
64.800000 65.344000 65
65.344000 65.824000 59
66.048000 67.264000 61
67.264000 67.744000 56
68.000000 68.224000 48
68.224000 68.448000 48
68.448000 68.544000 54
68.544000 69.376000 57
69.376000 70.112000 54
70.368000 70.464000 53
70.464000 71.552000 56
71.552000 71.776000 61
71.872000 72.064000 60
72.064000 73.888000 58
74.240000 74.464000 56
74.464000 74.752000 59
74.752000 75.040000 62
75.040000 75.616000 65
75.712000 76.128000 60
76.128000 76.640000 63
76.736000 77.120000 60
77.120000 77.472000 58
77.696000 77.920000 57
77.920000 78.144000 58
78.240000 78.592000 63
78.592000 80.352000 62
80.352000 80.768000 64
80.768000 81.312000 59
81.600000 82.816000 61
82.816000 83.200000 56
83.552000 83.712000 47
84.000000 84.928000 57
84.928000 85.600000 53
85.888000 86.304000 55
86.304000 86.592000 53
86.592000 87.072000 56
87.072000 87.584000 61
87.584000 89.536000 59
89.792000 89.984000 56
89.984000 90.208000 58
90.208000 90.496000 60
90.496000 91.584000 65
91.584000 92.320000 60
92.320000 93.376000 58
93.888000 97.024000 56
116.864000 117.088000 64
118.304000 118.496000 51
118.592000 120.704000 60
120.704000 121.344000 51
121.696000 121.856000 55
121.952000 122.560000 55
122.656000 122.720000 62
122.720000 123.072000 65
123.200000 123.456000 56
123.456000 124.352000 60
124.608000 124.800000 60
124.800000 125.024000 58
125.120000 125.376000 60
125.536000 126.848000 61
127.264000 131.456000 61
131.904000 132.096000 56
132.096000 132.320000 58
132.480000 133.632000 63
133.856000 134.304000 60
134.304000 134.528000 62
134.528000 135.040000 65
135.040000 136.352000 61
136.480000 136.704000 59
136.704000 137.472000 58
137.664000 137.952000 47
138.080000 138.176000 53
138.176000 138.560000 57
138.656000 139.072000 56
139.072000 139.808000 54
140.032000 140.128000 53
140.128000 141.248000 56
141.248000 141.472000 61
141.568000 141.728000 60
141.728000 143.648000 59
143.904000 144.192000 57
144.192000 144.416000 58
144.416000 144.704000 61
144.704000 144.928000 64
144.928000 145.376000 65
145.376000 147.072000 63
147.360000 147.584000 56
147.584000 147.936000 58
147.936000 149.088000 63
149.248000 150.016000 61
150.016000 150.464000 65
150.464000 150.976000 58
151.264000 151.328000 57
151.328000 151.456000 58
151.456000 152.320000 60
152.320000 152.896000 58
153.216000 153.344000 46
153.632000 154.592000 58
154.592000 155.296000 53
155.584000 155.648000 53
155.648000 156.224000 55
156.320000 156.768000 56
156.768000 156.992000 61
156.992000 157.248000 60
157.248000 159.136000 60
159.616000 159.904000 58
159.904000 160.192000 61
160.192000 161.120000 65
161.120000 163.072000 60
163.552000 165.472000 56
169.440000 169.600000 56
169.600000 170.016000 59
170.016000 170.784000 60
170.784000 171.264000 58
171.264000 172.960000 62
173.472000 174.880000 59
174.880000 175.872000 57
176.704000 176.896000 56
176.896000 177.344000 55
177.568000 178.400000 54
180.224000 180.384000 67
180.384000 180.448000 64
180.544000 183.808000 59
183.904000 184.000000 56
