1.408000 1.504000 68
7.904000 7.968000 57
7.968000 8.352000 61
8.512000 9.152000 61
9.248000 9.792000 57
10.400000 10.976000 58
11.136000 11.296000 58
11.296000 11.488000 60
11.680000 11.968000 60
12.096000 12.320000 61
12.480000 12.704000 58
12.704000 12.896000 56
12.992000 13.888000 55
15.424000 15.872000 61
15.968000 17.120000 61
17.120000 17.632000 58
18.016000 18.176000 58
18.272000 18.624000 57
18.752000 18.944000 58
18.944000 19.200000 60
19.200000 20.544000 63
20.640000 21.280000 65
21.280000 22.080000 62
22.912000 22.976000 54
22.976000 23.328000 61
23.520000 23.904000 61
23.904000 24.768000 60
25.472000 26.080000 57
26.240000 26.592000 60
26.688000 27.328000 60
27.488000 27.808000 57
27.904000 29.024000 56
30.464000 31.776000 62
31.904000 32.192000 59
32.352000 32.768000 58
33.056000 33.184000 58
33.312000 33.632000 58
33.792000 33.920000 58
33.920000 34.176000 61
34.176000 34.912000 63
34.912000 35.552000 62
35.680000 36.288000 65
36.448000 37.056000 60
37.728000 37.792000 64
37.792000 37.888000 65
37.984000 41.248000 67
41.568000 41.856000 62
41.952000 42.112000 60
42.208000 42.848000 63
42.848000 43.008000 60
43.104000 44.832000 68
45.376000 45.824000 61
45.984000 46.112000 61
46.240000 46.976000 68
47.136000 47.200000 63
47.200000 47.520000 67
47.616000 48.064000 67
48.064000 48.768000 66
48.768000 51.168000 65
52.800000 53.376000 65
53.504000 53.824000 65
53.952000 54.976000 65
55.104000 56.064000 67
56.480000 56.544000 59
56.544000 56.864000 62
56.960000 57.632000 63
57.632000 57.824000 63
57.920000 58.144000 60
58.144000 59.936000 68
60.256000 62.240000 61
62.368000 63.680000 65
64.256000 64.608000 61
64.768000 65.152000 63
65.248000 66.080000 64
66.080000 70.784000 70
71.232000 71.552000 70
71.552000 72.704000 71
72.704000 74.688000 69
74.720000 75.040000 67
75.040000 76.896000 73
76.896000 78.368000 67
78.688000 79.680000 68
79.776000 80.128000 71
80.288000 80.576000 68
80.576000 81.536000 67
81.632000 81.952000 66
82.112000 82.304000 66
82.304000 82.496000 65
82.624000 82.880000 61
82.976000 83.840000 63
83.968000 84.320000 61
84.320000 84.416000 60
84.416000 84.800000 59
84.896000 85.120000 55
85.120000 85.280000 58
85.376000 85.664000 56
86.368000 86.656000 68
86.784000 87.168000 68
87.296000 87.584000 64
87.744000 88.096000 67
88.096000 88.512000 66
88.672000 88.864000 61
88.864000 89.600000 65
90.080000 90.400000 59
90.528000 90.656000 58
90.656000 90.752000 59
90.752000 91.008000 62
91.008000 91.456000 63
91.456000 91.840000 66
91.968000 92.640000 67
92.640000 93.312000 65
93.824000 94.016000 67
94.016000 95.616000 71
95.616000 96.128000 66
96.128000 96.640000 64
96.640000 97.344000 66
97.344000 98.400000 63
98.592000 99.264000 61
99.264000 99.456000 60
99.456000 100.288000 58
100.384000 100.672000 56
101.344000 101.696000 68
101.792000 102.144000 68
102.304000 102.720000 63
102.720000 103.136000 68
103.200000 103.424000 65
103.424000 103.584000 64
103.584000 103.904000 62
103.904000 104.768000 65
105.056000 105.280000 59
105.408000 105.952000 61
106.048000 106.496000 63
106.496000 107.552000 68
107.648000 107.840000 65
107.840000 108.352000 64
108.736000 109.664000 68
109.792000 110.144000 71
110.272000 110.656000 68
110.656000 111.296000 66
111.392000 111.552000 63
111.648000 112.032000 66
112.128000 112.480000 66
112.640000 112.864000 61
112.960000 114.464000 63
114.464000 115.328000 58
115.424000 115.648000 56
116.320000 116.512000 69
116.512000 118.080000 71
118.080000 119.648000 68
120.096000 121.920000 72
122.016000 123.392000 66
123.808000 124.128000 67
124.128000 125.760000 71
125.760000 126.304000 66
126.432000 126.624000 63
126.624000 127.040000 66
127.168000 127.392000 66
127.392000 127.488000 64
127.648000 127.904000 61
128.000000 128.640000 63
128.640000 128.896000 60
128.992000 129.376000 61
129.376000 129.728000 60
129.728000 130.016000 56
130.144000 130.368000 58
130.496000 130.560000 53
130.624000 130.656000 53
131.360000 132.736000 71
132.864000 133.216000 68
133.312000 135.008000 66
135.168000 136.864000 72
136.864000 138.432000 67
138.912000 138.944000 66
139.040000 139.840000 68
139.840000 140.224000 71
140.224000 142.048000 70
142.208000 142.432000 66
142.432000 142.560000 63
142.752000 143.104000 60
143.200000 143.296000 61
143.488000 143.584000 59
143.680000 143.744000 59
143.744000 143.968000 61
143.968000 144.736000 63
144.736000 145.248000 66
145.344000 150.144000 67
151.328000 151.616000 59
151.776000 151.872000 62
153.024000 153.088000 70
153.088000 153.216000 72
153.216000 153.664000 77
