38.784000 39.424000 55
39.680000 40.160000 51
40.256000 41.408000 56
41.600000 41.824000 53
42.272000 43.264000 58
44.128000 44.256000 53
44.736000 45.184000 55
45.312000 45.952000 52
46.080000 47.104000 56
47.584000 47.872000 51
48.096000 48.384000 55
48.640000 49.440000 56
49.600000 49.984000 53
50.272000 50.432000 55
50.592000 51.232000 58
51.232000 51.872000 55
52.032000 52.448000 58
52.544000 52.992000 63
53.088000 53.568000 59
53.568000 55.136000 66
55.712000 55.872000 58
56.064000 56.416000 63
56.576000 56.800000 63
56.800000 57.280000 65
57.280000 57.952000 62
58.240000 58.400000 65
58.560000 59.200000 66
59.296000 59.872000 65
60.032000 60.256000 63
60.608000 60.736000 60
60.736000 60.768000 62
60.768000 61.472000 66
61.472000 61.856000 63
62.048000 62.528000 65
62.688000 63.360000 63
63.712000 63.968000 60
64.064000 64.448000 63
64.608000 64.800000 63
64.800000 65.312000 65
65.312000 65.920000 62
66.272000 67.200000 66
67.296000 67.456000 65
67.552000 68.256000 63
68.480000 68.672000 58
68.768000 69.792000 66
70.048000 71.360000 65
71.776000 72.384000 58
72.512000 75.360000 62
75.776000 76.000000 60
76.000000 76.384000 63
76.512000 77.952000 66
78.112000 79.392000 59
79.648000 80.032000 56
80.032000 80.288000 58
80.544000 82.432000 62
82.592000 83.072000 60
83.776000 84.128000 62
84.288000 84.448000 60
84.544000 86.624000 66
86.784000 91.552000 63
101.312000 101.664000 63
102.176000 102.720000 63
102.912000 103.360000 55
104.256000 104.416000 55
104.544000 104.768000 55
104.928000 105.120000 60
106.464000 107.232000 58
107.328000 107.904000 51
108.064000 108.320000 51
108.768000 109.184000 56
109.280000 109.888000 52
110.048000 110.272000 55
110.528000 110.752000 55
111.008000 111.168000 55
111.520000 111.808000 51
112.064000 112.352000 55
112.576000 113.408000 58
114.272000 114.432000 56
114.592000 115.264000 58
115.264000 115.456000 54
115.584000 115.904000 54
116.032000 116.576000 59
116.576000 117.088000 63
117.088000 117.504000 59
117.504000 117.888000 63
118.048000 118.464000 66
118.464000 119.168000 64
119.552000 119.968000 58
120.064000 120.448000 63
120.576000 121.472000 65
121.472000 121.824000 62
122.272000 123.456000 66
123.584000 124.224000 63
124.480000 124.608000 70
124.736000 125.632000 66
125.632000 127.328000 65
127.776000 128.064000 61
128.064000 128.448000 63
128.576000 129.504000 65
129.504000 129.920000 61
130.240000 131.424000 66
131.584000 132.352000 63
132.480000 132.576000 58
132.736000 133.920000 66
134.016000 134.432000 65
134.528000 134.912000 65
134.912000 135.296000 64
135.904000 136.384000 58
136.512000 137.184000 62
137.280000 139.296000 60
139.424000 140.352000 63
140.480000 141.888000 66
142.048000 142.400000 58
142.528000 143.392000 59
143.840000 144.032000 56
144.032000 144.288000 58
144.512000 146.368000 62
146.560000 147.264000 60
147.776000 147.936000 60
148.064000 148.160000 62
148.288000 148.448000 60
148.544000 150.368000 66
150.560000 151.904000 63
152.032000 152.224000 58
152.224000 152.384000 56
152.512000 154.336000 62
154.560000 155.264000 60
155.744000 155.904000 60
156.000000 156.256000 63
156.512000 157.792000 66
158.080000 158.496000 59
158.592000 159.232000 58
159.680000 160.032000 63
160.032000 160.192000 58
160.288000 160.384000 56
160.544000 163.552000 62
163.776000 163.904000 60
164.032000 164.224000 63
164.224000 164.416000 62
164.448000 164.512000 61
164.512000 165.504000 66
165.504000 166.048000 63
166.272000 169.184000 66
169.184000 170.272000 63
170.528000 172.928000 63
173.152000 173.280000 70
173.280000 174.624000 66
174.624000 177.120000 68
177.216000 179.040000 69
179.040000 186.112000 70
186.304000 186.592000 70
186.944000 187.232000 75
190.240000 190.816000 68
199.776000 199.872000 56
200.064000 200.384000 58
200.576000 201.856000 62
202.080000 203.168000 60
203.776000 203.904000 60
204.064000 204.256000 63
204.256000 204.416000 61
204.544000 205.792000 66
206.144000 207.328000 59
207.776000 208.064000 56
208.064000 208.352000 58
208.512000 209.152000 62
209.312000 211.232000 60
211.776000 211.968000 60
211.968000 212.416000 63
212.512000 213.504000 66
213.504000 215.200000 65
215.456000 215.616000 56
215.776000 215.936000 55
216.032000 216.224000 58
216.224000 216.416000 56
216.544000 218.368000 62
218.528000 219.456000 60
219.584000 219.872000 60
220.000000 220.192000 63
220.192000 220.352000 61
220.512000 221.792000 66
222.016000 223.168000 65
223.264000 223.584000 63
223.744000 224.192000 63
224.288000 224.576000 63
224.736000 226.464000 65
226.560000 227.360000 65
227.552000 227.648000 61
227.744000 228.000000 61
228.000000 228.288000 63
228.512000 231.456000 66
231.456000 232.000000 63
232.096000 232.480000 63
232.480000 232.576000 65
232.576000 233.248000 70
233.248000 235.936000 66
237.216000 238.240000 63
