8.544000 8.992000 51
9.344000 9.920000 61
10.848000 11.040000 53
11.136000 11.552000 53
11.552000 11.936000 57
13.632000 14.144000 55
14.688000 14.976000 53
15.072000 15.680000 53
15.808000 16.416000 51
17.920000 17.984000 50
17.984000 18.464000 54
18.624000 18.976000 53
18.976000 19.616000 52
20.000000 20.192000 54
20.352000 20.480000 53
21.440000 22.784000 53
25.696000 26.144000 50
26.144000 26.304000 57
26.496000 27.328000 60
27.904000 29.280000 58
30.784000 31.136000 55
31.776000 32.096000 53
32.192000 32.448000 57
32.448000 32.832000 50
32.928000 33.312000 50
35.072000 35.904000 53
36.448000 36.768000 50
37.088000 37.248000 54
38.528000 40.320000 53
42.944000 43.008000 47
43.008000 43.104000 49
43.104000 43.712000 50
43.712000 44.256000 53
44.352000 44.544000 53
45.216000 45.280000 51
45.280000 45.504000 53
45.504000 46.752000 56
47.232000 47.872000 56
48.000000 48.704000 57
49.600000 49.696000 51
50.080000 50.368000 53
50.368000 50.880000 50
51.968000 52.096000 52
52.320000 52.576000 54
52.736000 53.056000 51
53.760000 53.984000 53
54.112000 55.008000 55
55.584000 58.304000 57
60.704000 60.960000 50
61.056000 61.376000 50
61.376000 61.568000 53
62.816000 62.976000 52
62.976000 64.128000 56
64.928000 66.176000 58
66.752000 67.360000 52
67.488000 67.712000 53
67.712000 68.384000 51
69.376000 69.696000 50
69.824000 69.888000 50
69.888000 70.048000 52
70.464000 71.072000 54
71.168000 72.672000 55
73.344000 73.920000 48
74.016000 74.304000 53
74.304000 75.328000 52
77.728000 78.368000 51
78.560000 81.408000 61
82.272000 82.528000 59
82.656000 85.504000 59
86.368000 86.528000 49
86.528000 87.168000 51
87.168000 87.264000 52
87.264000 89.728000 56
90.752000 91.392000 50
91.488000 91.712000 49
92.032000 92.416000 50
95.104000 95.712000 50
95.840000 98.848000 60
99.776000 100.096000 59
100.192000 103.296000 59
103.904000 104.768000 51
104.768000 107.328000 55
108.320000 108.928000 50
109.056000 109.824000 50
147.840000 147.904000 47
147.904000 148.480000 50
148.608000 148.928000 53
148.928000 149.088000 53
150.016000 150.080000 51
150.080000 150.592000 54
150.592000 151.616000 56
152.096000 152.800000 55
152.896000 153.728000 58
154.400000 154.496000 55
155.040000 155.392000 53
155.392000 155.840000 51
156.928000 157.248000 53
157.376000 157.792000 50
158.880000 159.040000 52
159.136000 160.224000 55
160.512000 163.424000 57
165.344000 165.472000 48
165.472000 165.600000 51
165.760000 166.432000 50
167.808000 168.640000 55
168.640000 168.928000 50
170.016000 170.400000 55
170.496000 170.752000 57
170.752000 171.200000 53
171.968000 172.032000 45
172.032000 172.160000 47
172.320000 172.480000 51
172.672000 172.896000 50
172.896000 173.280000 51
174.560000 174.848000 50
174.944000 175.168000 53
175.264000 175.488000 53
175.648000 175.936000 55
176.320000 176.704000 54
177.088000 177.248000 50
177.248000 177.600000 50
178.560000 179.200000 50
179.360000 179.680000 51
180.160000 180.480000 61
182.976000 183.584000 56
183.680000 184.288000 58
185.504000 185.760000 55
185.856000 186.432000 54
188.032000 188.608000 57
189.056000 189.344000 50
189.440000 189.728000 49
189.824000 190.080000 49
190.176000 190.368000 51
192.320000 192.384000 53
192.384000 192.480000 51
192.480000 192.928000 53
192.928000 193.280000 53
193.280000 193.632000 55
193.760000 194.336000 53
194.464000 194.912000 49
195.904000 197.856000 51
200.992000 201.056000 54
201.056000 201.120000 52
201.120000 202.400000 59
202.400000 203.072000 52
203.072000 203.616000 57
204.512000 206.336000 47
218.784000 218.976000 49
221.088000 221.152000 52
221.152000 221.472000 57
221.472000 221.568000 52
221.696000 221.792000 52
221.920000 222.112000 47
222.816000 222.976000 56
223.424000 223.520000 52
224.256000 224.512000 55
224.704000 225.120000 65
225.120000 225.216000 57
226.400000 226.496000 62
227.264000 227.904000 65
