6.592000 6.688000 76
8.768000 8.864000 76
15.776000 15.840000 66
15.840000 15.968000 68
16.128000 17.248000 69
17.344000 17.632000 66
17.728000 18.048000 66
18.144000 19.616000 66
19.616000 20.864000 64
21.344000 21.696000 58
21.696000 23.168000 66
23.424000 24.096000 65
24.096000 24.544000 69
24.640000 25.600000 61
25.728000 26.432000 59
26.528000 26.976000 59
27.424000 27.616000 60
27.744000 28.000000 59
28.000000 28.928000 58
29.088000 29.248000 57
29.248000 29.312000 58
29.312000 29.632000 64
29.760000 30.080000 64
30.496000 30.816000 64
30.944000 31.232000 57
31.232000 31.328000 59
31.328000 31.648000 66
31.744000 33.280000 64
33.824000 35.232000 69
35.360000 35.616000 69
35.776000 36.000000 64
36.160000 36.800000 62
36.800000 37.600000 60
37.728000 38.976000 57
39.296000 39.392000 60
40.576000 40.736000 57
41.312000 41.376000 66
41.376000 41.472000 67
41.472000 42.496000 69
42.496000 43.616000 68
43.712000 44.736000 66
44.928000 45.248000 64
45.344000 46.112000 62
46.112000 46.464000 64
46.976000 47.264000 58
47.264000 48.800000 66
48.960000 49.760000 67
49.760000 50.048000 69
50.240000 51.232000 61
51.328000 51.712000 60
51.712000 52.000000 57
52.128000 52.288000 57
52.288000 52.512000 59
52.928000 53.536000 61
53.792000 54.016000 57
54.144000 54.592000 56
54.592000 54.848000 57
54.848000 55.648000 64
56.096000 56.384000 64
56.384000 56.800000 62
56.928000 57.568000 66
57.728000 58.464000 64
58.560000 58.880000 64
59.424000 59.616000 66
59.744000 60.416000 69
60.544000 61.248000 69
61.440000 61.984000 64
62.144000 62.784000 62
62.944000 64.704000 62
66.624000 67.168000 61
67.328000 67.680000 62
67.680000 68.032000 64
68.160000 68.224000 68
68.224000 68.288000 70
68.288000 68.768000 73
68.960000 69.248000 64
69.344000 69.440000 66
69.440000 69.632000 68
69.728000 69.920000 67
69.920000 72.160000 69
72.928000 73.664000 62
73.760000 74.016000 62
74.144000 74.528000 69
74.528000 75.232000 76
75.232000 75.968000 69
76.128000 77.632000 71
77.760000 78.784000 68
79.360000 79.936000 64
80.128000 80.416000 64
80.416000 80.832000 62
80.928000 81.568000 71
81.728000 83.296000 73
83.296000 83.968000 70
84.128000 84.864000 62
85.728000 85.856000 67
85.856000 86.144000 69
86.144000 86.240000 68
86.240000 86.912000 66
86.912000 88.064000 69
88.160000 88.480000 65
88.480000 88.544000 67
88.544000 88.800000 73
88.928000 89.984000 73
90.080000 91.456000 74
92.256000 93.568000 64
93.760000 94.496000 74
94.496000 94.944000 66
94.944000 95.232000 68
95.328000 96.864000 69
96.960000 97.696000 66
98.464000 99.648000 62
99.744000 100.000000 66
100.096000 100.800000 76
100.928000 101.248000 67
101.248000 101.536000 69
101.728000 103.200000 71
103.360000 104.288000 71
104.288000 104.480000 71
104.928000 105.536000 64
105.728000 105.984000 64
106.144000 106.464000 62
106.560000 107.328000 71
107.328000 108.928000 73
108.928000 110.496000 69
110.848000 111.232000 66
111.360000 111.648000 69
111.744000 112.608000 76
112.608000 112.832000 74
112.928000 116.320000 71
130.816000 130.944000 57
130.944000 130.976000 59
130.976000 131.200000 68
131.200000 132.160000 69
132.160000 134.304000 68
134.560000 134.848000 64
134.944000 135.232000 62
135.232000 135.744000 62
135.744000 136.032000 64
136.608000 136.896000 57
136.896000 138.432000 66
138.592000 139.296000 64
139.296000 139.648000 69
139.840000 140.800000 61
140.992000 141.216000 59
141.216000 141.568000 58
141.760000 142.144000 59
142.528000 143.168000 61
143.328000 143.616000 56
143.744000 144.224000 57
144.224000 144.480000 57
144.480000 145.376000 64
145.760000 145.984000 64
145.984000 146.432000 60
146.560000 147.168000 66
147.360000 148.064000 64
148.160000 148.864000 64
148.992000 149.184000 66
149.344000 149.984000 69
150.144000 150.816000 69
151.008000 151.616000 65
151.808000 152.384000 62
152.512000 154.496000 62
155.616000 155.712000 60
156.192000 156.448000 60
156.448000 156.800000 61
156.928000 157.280000 62
157.280000 157.600000 64
157.728000 157.792000 70
157.792000 158.144000 72
158.144000 158.400000 73
158.624000 158.944000 64
158.944000 159.040000 66
159.040000 161.856000 69
162.528000 163.264000 62
163.360000 163.616000 62
163.744000 164.032000 66
164.128000 164.864000 76
164.864000 165.344000 69
165.344000 165.568000 69
165.728000 167.232000 71
167.328000 167.488000 67
167.488000 168.512000 71
168.928000 168.992000 61
168.992000 169.568000 64
169.728000 170.016000 64
170.016000 170.400000 62
170.528000 170.624000 69
170.624000 171.168000 71
171.328000 172.928000 73
172.928000 173.600000 69
173.760000 174.464000 61
175.328000 175.456000 67
175.456000 175.840000 69
175.840000 176.512000 65
176.512000 177.664000 69
177.760000 178.112000 65
178.112000 178.432000 73
178.560000 179.616000 73
179.712000 180.064000 74
180.160000 181.152000 71
181.888000 183.168000 64
183.296000 184.096000 73
184.096000 184.480000 65
184.480000 184.896000 68
184.960000 186.464000 69
186.560000 187.296000 66
188.256000 188.864000 62
188.960000 189.216000 62
189.344000 189.632000 66
189.728000 190.400000 76
190.496000 190.880000 67
190.880000 191.136000 69
191.328000 192.832000 71
192.960000 194.016000 68
194.528000 195.168000 64
195.328000 195.584000 64
195.744000 196.000000 61
196.128000 196.928000 71
196.928000 198.560000 73
198.560000 200.096000 69
200.416000 200.832000 66
200.960000 201.248000 69
201.344000 201.472000 74
201.472000 201.760000 76
201.760000 202.560000 75
202.560000 205.568000 71
205.664000 205.792000 69
205.920000 206.432000 62
207.520000 208.032000 61
208.128000 208.512000 62
208.512000 208.800000 64
208.928000 209.056000 70
209.056000 209.760000 73
209.760000 212.096000 69
212.224000 213.120000 67
213.888000 214.464000 62
214.592000 214.848000 62
214.976000 215.232000 66
215.360000 215.808000 76
215.808000 216.096000 74
216.096000 216.736000 68
216.960000 217.920000 69
218.080000 218.464000 71
218.560000 219.488000 68
220.096000 220.160000 61
220.160000 220.736000 64
220.928000 221.248000 64
221.408000 221.600000 61
221.760000 222.560000 71
222.560000 224.448000 73
224.544000 225.696000 69
226.048000 226.400000 66
226.560000 226.880000 69
226.976000 227.680000 76
227.680000 229.376000 74
229.376000 231.424000 69
238.240000 238.368000 55
243.616000 244.096000 56
244.640000 244.896000 56
