8.384000 9.152000 62
9.504000 10.720000 62
10.720000 11.392000 66
12.128000 12.480000 54
15.264000 15.648000 61
16.320000 17.376000 61
17.472000 18.144000 62
18.272000 18.528000 64
18.944000 19.552000 57
22.208000 22.848000 62
23.136000 23.232000 61
23.680000 24.000000 62
24.096000 24.352000 62
24.352000 24.736000 62
24.736000 25.344000 66
25.696000 26.528000 67
27.424000 27.616000 59
27.776000 28.320000 67
28.320000 28.544000 62
28.896000 29.344000 64
30.016000 30.176000 64
30.304000 30.464000 64
31.104000 31.232000 66
31.328000 31.968000 62
31.968000 33.024000 59
34.368000 34.528000 61
34.656000 35.648000 61
36.256000 36.896000 59
37.056000 37.280000 61
37.952000 38.048000 58
38.048000 39.072000 62
39.232000 39.392000 62
39.776000 40.032000 59
40.128000 40.320000 62
40.416000 40.928000 66
40.960000 41.248000 64
41.440000 41.696000 60
41.696000 42.080000 65
42.240000 43.520000 64
44.864000 45.056000 65
45.056000 46.048000 67
46.176000 46.752000 65
46.944000 47.552000 62
47.648000 47.776000 62
47.872000 48.512000 66
48.608000 50.336000 71
50.656000 50.752000 63
50.752000 50.880000 66
50.944000 50.976000 62
51.008000 51.520000 64
51.552000 51.616000 64
51.616000 52.096000 69
52.096000 53.024000 66
53.248000 53.312000 66
54.048000 54.464000 62
54.560000 55.008000 63
55.136000 55.232000 64
55.232000 55.456000 66
55.456000 55.648000 69
55.776000 57.312000 71
57.408000 57.568000 62
57.664000 57.760000 63
57.760000 58.272000 61
58.272000 58.496000 62
58.560000 58.784000 61
59.040000 60.224000 62
60.864000 61.536000 62
61.536000 61.920000 65
61.920000 62.272000 67
62.272000 64.224000 71
64.352000 64.800000 71
64.800000 65.728000 73
65.728000 66.784000 72
67.456000 67.680000 67
68.288000 68.352000 62
68.352000 68.576000 66
68.736000 68.928000 64
69.120000 69.408000 61
69.600000 69.792000 62
69.792000 70.240000 60
70.976000 71.104000 57
71.104000 71.328000 60
71.424000 71.552000 64
71.936000 72.096000 64
72.192000 73.024000 64
73.216000 73.760000 62
78.240000 78.400000 62
78.752000 79.104000 59
81.952000 82.432000 59
82.784000 83.264000 53
83.808000 84.480000 62
84.896000 85.024000 61
85.120000 86.176000 62
86.336000 86.560000 66
86.784000 87.200000 64
87.456000 88.032000 55
90.656000 91.104000 61
91.200000 91.488000 61
91.776000 91.840000 59
91.968000 92.160000 61
92.256000 92.416000 59
92.416000 93.408000 64
93.504000 93.888000 64
94.080000 95.200000 66
95.200000 95.808000 62
97.536000 98.336000 62
98.912000 100.128000 63
100.128000 100.320000 66
100.448000 100.896000 66
100.960000 101.920000 67
102.016000 102.112000 67
102.880000 103.072000 59
103.168000 103.744000 67
103.744000 103.968000 62
104.096000 104.512000 64
105.312000 105.472000 69
105.472000 106.016000 66
106.560000 106.848000 61
106.976000 107.168000 62
107.392000 108.128000 59
110.016000 111.104000 61
111.680000 112.000000 59
112.096000 112.416000 59
112.416000 112.736000 61
113.408000 113.760000 61
113.856000 114.752000 62
115.232000 115.392000 58
115.392000 115.712000 62
115.872000 116.320000 66
116.416000 116.576000 64
116.576000 116.736000 62
116.864000 116.960000 61
117.056000 117.184000 62
117.280000 117.504000 65
117.600000 118.272000 64
118.272000 118.496000 63
118.624000 119.264000 62
120.320000 120.384000 64
120.384000 120.864000 68
120.864000 120.960000 71
120.960000 122.176000 66
122.400000 122.944000 62
123.040000 123.904000 66
124.000000 124.672000 70
124.672000 125.728000 71
126.112000 126.272000 62
126.432000 126.656000 64
126.720000 126.976000 62
127.200000 127.392000 59
127.616000 128.768000 66
129.504000 129.888000 62
129.984000 130.144000 62
130.144000 130.656000 65
130.656000 130.816000 66
130.816000 132.416000 71
132.800000 133.024000 62
133.216000 133.472000 60
133.504000 134.304000 61
134.496000 135.040000 62
135.136000 135.232000 62
136.320000 136.960000 62
136.960000 137.440000 64
137.440000 139.648000 71
139.808000 140.256000 72
140.256000 141.120000 73
141.120000 142.304000 72
142.592000 142.688000 66
142.912000 143.072000 66
143.712000 144.000000 66
144.128000 144.320000 64
144.544000 144.960000 62
144.992000 145.760000 62
146.432000 146.528000 59
146.528000 146.624000 60
146.624000 146.848000 62
146.848000 147.200000 65
147.296000 147.488000 64
147.552000 148.832000 66
148.832000 150.432000 62
152.352000 152.544000 62
152.544000 152.864000 60
152.864000 153.120000 62
153.472000 153.600000 71
153.728000 154.400000 71
154.400000 155.296000 67
155.808000 156.672000 61
156.832000 156.992000 67
157.120000 157.888000 67
157.888000 158.048000 64
158.144000 158.304000 64
158.304000 158.592000 66
158.592000 159.072000 67
159.072000 161.120000 72
161.376000 161.568000 62
161.568000 162.528000 65
162.720000 163.744000 62
164.800000 164.960000 66
164.960000 165.056000 63
165.088000 165.248000 62
165.248000 166.112000 66
166.112000 166.464000 62
166.592000 166.912000 62
166.912000 168.448000 62
168.768000 168.928000 59
169.088000 169.152000 69
169.152000 169.696000 71
169.696000 170.688000 69
170.688000 172.256000 71
174.304000 174.464000 62
174.560000 174.688000 62
174.784000 174.944000 64
175.136000 175.360000 66
175.520000 176.672000 71
177.504000 178.304000 64
178.304000 178.432000 59
178.560000 178.816000 59
179.040000 180.064000 66
180.928000 181.024000 62
181.120000 181.280000 62
181.376000 181.600000 62
181.600000 181.824000 64
181.952000 182.272000 66
182.368000 182.528000 69
182.624000 183.680000 71
184.320000 184.448000 62
184.672000 185.696000 61
185.888000 186.400000 62
186.560000 188.960000 66
189.088000 189.888000 71
189.888000 191.072000 67
191.168000 191.552000 69
191.552000 192.416000 67
192.416000 192.928000 67
192.928000 194.592000 73
194.624000 195.488000 73
195.616000 196.160000 66
196.288000 196.512000 60
196.992000 197.280000 59
197.888000 198.112000 60
198.304000 198.464000 64
198.560000 198.656000 62
198.752000 199.360000 64
199.552000 199.840000 66
199.936000 201.152000 66
202.304000 202.464000 70
202.528000 203.072000 66
203.232000 203.456000 61
203.904000 204.192000 59
204.768000 204.832000 59
204.832000 204.992000 62
205.184000 205.376000 64
205.440000 205.664000 62
205.888000 206.176000 63
206.464000 206.656000 62
206.848000 206.944000 61
206.944000 207.648000 64
207.744000 207.872000 64
207.968000 208.064000 64
209.920000 210.048000 68
210.048000 210.240000 64
210.816000 211.552000 62
