23.392000 23.712000 59
23.872000 24.032000 61
24.288000 24.640000 63
25.184000 25.472000 59
25.632000 25.856000 58
26.016000 26.240000 56
26.400000 26.688000 58
26.688000 27.232000 59
27.232000 27.552000 63
27.712000 27.968000 61
28.544000 28.736000 58
28.928000 29.152000 56
29.152000 29.568000 55
29.696000 29.888000 56
29.984000 30.336000 58
30.528000 31.392000 61
32.192000 32.512000 59
32.704000 33.120000 59
33.728000 34.272000 58
34.368000 35.072000 59
35.072000 35.840000 57
36.800000 37.056000 59
37.184000 37.376000 61
37.568000 37.920000 62
38.464000 38.720000 59
38.880000 39.104000 58
39.104000 40.064000 58
40.064000 40.320000 59
40.576000 40.864000 63
41.024000 41.344000 61
41.792000 43.008000 58
43.008000 43.712000 64
43.904000 44.128000 58
44.288000 45.120000 59
47.232000 47.360000 55
47.456000 47.552000 59
47.680000 48.224000 64
48.320000 48.544000 60
48.544000 49.152000 64
49.152000 49.952000 59
50.560000 50.784000 56
50.784000 51.584000 61
51.712000 52.096000 61
52.256000 52.512000 63
52.672000 53.792000 64
53.888000 54.112000 59
54.208000 55.296000 61
59.712000 59.968000 66
60.128000 60.192000 66
60.192000 60.576000 69
60.576000 60.832000 70
60.992000 61.280000 73
61.600000 61.728000 66
62.112000 62.400000 66
62.496000 62.784000 67
63.104000 63.488000 68
63.488000 63.616000 64
63.968000 64.192000 59
64.800000 64.896000 59
65.024000 65.440000 62
65.440000 65.600000 66
65.728000 66.016000 63
66.432000 66.656000 66
66.816000 66.880000 65
66.880000 67.360000 70
67.680000 67.968000 73
68.064000 68.256000 71
68.384000 68.800000 63
68.800000 69.024000 66
69.120000 69.376000 66
69.728000 70.048000 68
70.144000 70.496000 62
70.496000 70.912000 59
70.976000 71.296000 61
71.424000 71.552000 59
71.712000 71.968000 58
72.128000 72.768000 59
73.088000 73.152000 59
73.152000 73.184000 62
73.184000 73.216000 64
73.216000 73.696000 67
73.696000 73.920000 68
73.920000 74.912000 72
75.072000 75.360000 63
75.360000 76.224000 66
76.416000 76.800000 68
76.800000 77.216000 65
77.216000 77.920000 61
78.080000 78.592000 61
78.784000 78.912000 65
78.912000 79.104000 66
79.104000 79.424000 65
79.744000 79.808000 63
79.808000 80.640000 70
80.640000 80.928000 70
81.024000 81.664000 73
81.824000 81.984000 63
82.144000 83.008000 66
83.488000 83.904000 65
83.904000 85.536000 66
85.568000 85.664000 61
85.920000 85.984000 61
85.984000 86.112000 64
86.336000 86.432000 63
86.720000 86.976000 61
87.296000 88.096000 59
100.160000 100.416000 59
100.544000 100.736000 61
100.928000 101.408000 63
101.600000 101.792000 53
101.792000 102.080000 58
102.272000 102.464000 57
102.656000 103.072000 57
103.072000 104.128000 62
104.288000 104.576000 61
105.120000 105.472000 58
105.600000 106.080000 55
106.336000 106.944000 58
107.136000 107.488000 61
107.584000 108.160000 59
108.832000 109.760000 59
110.592000 111.968000 59
112.224000 112.640000 54
113.440000 113.536000 56
113.536000 113.632000 58
113.760000 114.720000 63
115.136000 115.872000 59
115.872000 116.192000 56
116.416000 116.928000 58
117.088000 117.952000 63
118.432000 119.744000 59
119.744000 120.448000 64
120.544000 121.568000 59
121.664000 121.760000 59
123.808000 123.968000 56
124.096000 124.320000 60
124.320000 124.480000 64
124.640000 124.864000 63
124.864000 125.120000 60
125.120000 125.696000 64
125.824000 126.624000 59
127.232000 127.424000 56
127.424000 128.224000 61
128.320000 128.800000 62
128.896000 129.760000 64
129.920000 130.368000 63
130.592000 132.288000 61
132.640000 132.736000 66
132.960000 133.536000 66
133.536000 134.144000 70
134.272000 134.944000 73
134.944000 135.136000 65
135.360000 135.488000 64
135.488000 135.648000 66
135.744000 136.064000 66
136.384000 136.800000 68
136.800000 137.056000 62
137.056000 137.472000 61
137.632000 137.920000 61
138.048000 138.208000 59
138.208000 138.720000 62
138.720000 139.296000 66
139.680000 140.032000 66
140.128000 140.192000 66
140.192000 140.608000 69
140.608000 141.280000 73
141.376000 141.568000 59
141.696000 141.888000 62
141.888000 142.688000 66
142.784000 143.072000 64
143.072000 143.424000 68
143.424000 143.808000 63
143.808000 144.544000 61
144.736000 144.864000 59
144.960000 145.248000 58
145.376000 145.984000 59
146.336000 146.400000 59
146.400000 146.464000 63
146.464000 146.912000 67
146.912000 147.232000 68
147.232000 148.320000 73
148.320000 148.608000 63
148.736000 149.440000 67
149.696000 150.112000 68
150.112000 150.496000 62
150.624000 150.912000 59
151.008000 151.264000 61
151.392000 151.680000 59
151.680000 151.904000 61
152.064000 153.504000 66
153.504000 153.632000 68
153.632000 154.208000 70
154.336000 155.040000 73
155.040000 155.200000 65
155.392000 155.552000 65
155.552000 155.712000 68
155.808000 156.480000 68
156.832000 158.720000 66
159.360000 159.872000 65
160.064000 160.192000 59
160.544000 160.704000 59
160.832000 161.760000 59
166.560000 167.456000 55
167.840000 167.936000 55
169.792000 169.952000 62
170.176000 170.560000 66
170.560000 171.008000 65
171.008000 171.424000 70
181.888000 182.112000 62
182.112000 182.336000 60
183.648000 184.000000 64
186.048000 186.592000 67
186.752000 186.848000 67
186.848000 187.232000 70
187.232000 187.520000 72
187.648000 187.840000 72
188.096000 188.384000 72
188.384000 188.672000 67
188.832000 189.088000 56
189.088000 189.216000 59
189.216000 189.472000 55
189.824000 190.048000 58
190.048000 190.368000 62
190.496000 190.688000 54
190.688000 190.848000 59
191.040000 191.296000 62
191.392000 191.520000 54
191.616000 191.808000 56
191.808000 192.128000 59
192.128000 192.448000 67
192.448000 192.608000 64
192.608000 193.184000 61
193.248000 193.664000 56
193.664000 193.824000 57
193.824000 194.272000 56
194.272000 194.560000 61
195.456000 196.128000 67
196.416000 196.672000 69
196.864000 197.056000 63
197.056000 197.504000 62
198.336000 198.528000 58
198.752000 199.552000 60
199.808000 199.904000 63
199.904000 199.968000 66
199.968000 200.288000 67
200.288000 200.576000 69
200.576000 201.568000 74
201.696000 201.984000 64
202.080000 202.368000 67
202.464000 202.720000 67
202.848000 203.456000 69
203.456000 204.608000 63
204.704000 204.960000 60
204.960000 205.248000 62
205.376000 205.920000 67
205.920000 206.336000 64
206.624000 206.688000 65
206.688000 206.816000 67
206.816000 207.456000 71
207.616000 207.936000 74
208.032000 208.320000 72
208.320000 208.576000 66
208.672000 209.728000 67
210.112000 212.096000 67
212.928000 213.088000 65
213.280000 213.440000 64
213.664000 213.920000 62
214.176000 214.624000 60
