49.856000 50.592000 65
50.848000 51.040000 65
51.040000 51.520000 65
51.520000 51.808000 61
52.768000 52.960000 57
53.088000 53.248000 60
53.696000 54.112000 63
54.208000 54.848000 63
55.136000 56.064000 63
56.544000 56.992000 62
57.504000 58.848000 62
58.944000 59.904000 62
60.192000 60.320000 60
60.576000 60.736000 60
60.864000 61.088000 60
61.088000 61.856000 65
62.560000 62.912000 60
63.008000 63.904000 67
65.120000 66.112000 65
66.272000 66.816000 65
66.816000 67.808000 61
67.808000 68.448000 60
68.960000 69.344000 63
69.440000 69.568000 63
69.664000 70.336000 63
70.592000 70.720000 62
70.848000 71.328000 62
71.808000 72.000000 60
72.128000 72.352000 62
72.736000 73.120000 62
73.248000 73.568000 62
73.696000 74.752000 62
74.912000 75.264000 60
75.392000 75.616000 62
75.776000 76.000000 62
76.000000 76.320000 61
76.320000 76.672000 65
77.056000 77.664000 65
77.760000 77.920000 65
78.016000 78.176000 67
78.304000 78.816000 67
79.488000 80.128000 67
80.128000 81.120000 72
81.152000 81.440000 67
81.568000 81.984000 66
82.272000 82.976000 72
83.104000 83.328000 67
83.488000 83.904000 65
84.096000 84.160000 68
84.160000 84.832000 72
84.992000 85.216000 68
85.376000 85.792000 65
86.080000 86.272000 67
86.272000 86.720000 67
86.816000 87.680000 67
87.968000 88.192000 68
88.192000 88.416000 69
88.416000 90.240000 69
90.240000 90.528000 65
90.848000 91.424000 60
91.552000 91.776000 66
91.776000 92.352000 73
92.512000 93.760000 67
94.624000 94.784000 67
94.880000 95.360000 67
95.360000 96.256000 72
96.416000 96.672000 67
96.800000 97.024000 65
97.280000 98.240000 72
98.336000 98.592000 67
98.688000 99.040000 65
99.424000 100.064000 72
100.160000 100.896000 67
101.088000 101.952000 67
102.080000 102.848000 67
103.200000 103.616000 69
103.712000 104.128000 67
104.128000 104.672000 66
104.672000 105.280000 69
105.408000 105.664000 67
106.080000 107.616000 65
108.192000 108.352000 60
108.448000 109.408000 69
109.408000 109.920000 65
110.112000 111.584000 65
125.984000 126.048000 60
126.048000 126.816000 65
127.040000 127.232000 65
127.232000 127.712000 65
127.712000 128.352000 61
128.448000 128.576000 61
128.928000 129.152000 57
129.280000 129.472000 60
129.856000 131.072000 63
131.296000 132.576000 63
132.736000 133.280000 62
133.696000 136.256000 62
136.352000 136.512000 60
136.800000 136.896000 59
137.024000 137.280000 60
137.280000 138.016000 65
138.720000 139.168000 60
139.168000 140.096000 67
141.312000 142.304000 65
142.464000 142.528000 62
142.528000 142.752000 64
142.752000 142.976000 65
142.976000 144.672000 61
145.120000 145.504000 63
145.600000 145.760000 63
145.856000 146.528000 63
146.784000 146.912000 62
147.040000 147.584000 62
147.744000 147.840000 62
147.968000 148.160000 60
148.256000 148.480000 62
148.928000 149.312000 62
149.408000 149.760000 62
149.856000 150.880000 62
151.104000 151.456000 60
151.584000 151.744000 62
152.000000 152.128000 62
152.128000 152.288000 60
152.288000 152.512000 60
152.512000 152.928000 65
153.216000 154.112000 65
154.208000 154.368000 66
154.464000 155.008000 67
155.584000 155.776000 67
155.776000 156.320000 66
156.320000 156.384000 69
156.384000 157.248000 72
157.248000 157.600000 68
157.760000 158.208000 67
158.208000 158.336000 72
158.464000 159.200000 72
159.264000 159.520000 67
159.648000 160.096000 65
160.256000 161.056000 72
161.184000 161.408000 67
161.536000 161.984000 65
162.272000 162.432000 67
162.432000 162.912000 67
163.008000 163.872000 67
164.192000 164.384000 69
164.384000 164.544000 69
164.544000 166.496000 69
167.136000 167.616000 60
167.776000 168.480000 67
168.704000 170.016000 68
170.880000 170.912000 67
171.072000 171.520000 65
171.520000 172.480000 72
172.608000 172.864000 67
172.992000 173.184000 65
173.504000 174.432000 72
174.528000 174.784000 67
174.912000 175.232000 65
175.584000 175.776000 71
175.872000 176.256000 72
176.256000 177.056000 67
177.280000 178.176000 67
178.272000 179.040000 67
179.424000 179.808000 69
179.936000 180.320000 67
180.320000 181.472000 69
181.600000 181.824000 67
182.240000 183.584000 65
184.416000 184.544000 59
184.640000 185.248000 69
185.248000 186.112000 67
186.336000 187.872000 67
188.160000 188.672000 65
188.672000 189.920000 69
190.336000 191.776000 65
192.032000 193.568000 65
194.176000 194.816000 69
194.912000 195.616000 67
195.808000 196.192000 67
196.288000 197.344000 69
197.920000 197.984000 72
197.984000 198.528000 74
198.528000 198.816000 69
198.976000 199.520000 69
199.616000 200.512000 68
200.608000 200.960000 65
201.088000 201.536000 60
201.536000 202.240000 65
202.496000 202.624000 60
202.752000 202.976000 62
202.976000 204.256000 67
204.416000 205.344000 67
205.952000 206.176000 60
206.368000 207.136000 67
207.232000 207.712000 65
207.712000 207.808000 70
207.808000 208.672000 72
208.672000 209.056000 70
209.216000 209.600000 66
209.888000 210.592000 72
210.592000 210.976000 68
211.104000 211.520000 67
211.776000 212.480000 72
212.608000 212.896000 67
213.024000 213.408000 65
213.664000 214.336000 67
214.432000 215.296000 67
215.616000 217.920000 69
217.920000 218.048000 65
218.496000 219.040000 60
219.200000 219.904000 67
220.128000 221.504000 67
222.080000 222.400000 67
222.528000 222.944000 66
222.944000 223.936000 72
224.064000 224.320000 67
224.448000 224.672000 65
224.832000 225.888000 72
225.984000 226.240000 67
226.368000 226.720000 66
227.040000 227.712000 72
227.712000 228.480000 67
228.736000 229.568000 67
229.696000 230.496000 67
230.848000 231.232000 69
231.328000 231.744000 68
231.744000 232.512000 67
232.512000 232.864000 69
233.024000 233.280000 67
233.664000 235.136000 65
235.872000 236.000000 59
236.096000 236.736000 69
236.832000 237.536000 67
237.792000 240.320000 67
