0.960000 1.120000 57
1.216000 1.408000 53
1.536000 1.664000 50
1.760000 1.952000 53
1.952000 2.272000 51
3.328000 3.808000 52
31.328000 31.392000 60
31.392000 32.128000 61
32.128000 33.312000 59
34.816000 36.992000 59
38.400000 38.464000 60
38.464000 39.968000 61
40.128000 40.864000 57
40.992000 42.464000 54
44.064000 44.544000 67
44.544000 44.992000 68
45.408000 45.472000 59
45.472000 47.488000 61
47.584000 48.736000 69
48.992000 49.280000 55
49.280000 49.792000 56
49.792000 51.328000 61
51.328000 51.712000 61
52.512000 52.640000 61
52.736000 53.376000 62
53.376000 54.528000 66
54.528000 55.040000 61
55.168000 57.504000 62
58.656000 59.104000 64
59.520000 59.648000 58
59.776000 60.576000 61
60.672000 61.664000 59
62.720000 63.104000 53
63.104000 63.200000 57
63.296000 63.872000 59
64.000000 64.128000 58
64.224000 65.184000 57
66.560000 67.648000 62
67.744000 68.512000 59
68.608000 69.184000 57
69.184000 71.072000 55
73.632000 75.648000 61
75.904000 76.736000 68
77.248000 77.568000 55
77.664000 77.952000 56
78.048000 79.648000 61
79.648000 80.000000 61
80.672000 81.600000 66
81.600000 81.760000 66
81.856000 82.304000 66
82.464000 83.072000 65
83.168000 85.536000 60
87.712000 87.776000 58
87.776000 88.448000 61
88.448000 91.776000 67
91.776000 92.064000 64
92.160000 92.320000 61
92.416000 93.248000 61
94.784000 95.488000 59
95.488000 96.672000 64
96.800000 97.696000 66
97.696000 99.904000 62
100.960000 101.024000 57
101.024000 101.152000 58
101.152000 102.432000 62
102.560000 106.720000 68
106.720000 107.712000 61
108.928000 109.728000 59
109.824000 111.328000 59
111.328000 116.064000 66
117.376000 118.528000 61
118.624000 119.808000 61
120.064000 120.288000 59
120.384000 120.800000 57
121.088000 121.184000 58
121.280000 121.376000 55
121.472000 121.792000 54
121.792000 122.080000 57
122.080000 123.936000 61
124.768000 125.568000 61
125.664000 125.888000 66
125.984000 126.464000 66
126.560000 127.200000 64
127.200000 129.568000 61
138.688000 138.784000 63
144.704000 145.024000 64
145.024000 145.344000 71
145.440000 146.720000 70
148.128000 148.512000 59
148.608000 150.624000 68
159.136000 159.776000 65
160.064000 160.192000 59
160.320000 161.120000 61
161.216000 162.016000 59
162.272000 162.400000 56
163.328000 163.616000 53
163.616000 163.744000 58
163.808000 164.416000 59
164.576000 164.640000 59
164.768000 165.728000 57
167.136000 168.160000 62
168.288000 168.832000 59
168.832000 169.728000 58
169.728000 171.680000 55
174.176000 175.200000 61
175.296000 176.160000 59
177.792000 178.112000 55
178.208000 178.272000 54
178.272000 178.592000 57
178.592000 180.192000 61
180.192000 180.544000 61
181.216000 182.112000 64
182.112000 182.304000 66
182.400000 182.848000 66
182.976000 183.616000 65
183.616000 186.048000 60
188.224000 188.288000 57
188.288000 188.896000 61
188.992000 189.056000 65
189.056000 190.720000 67
190.720000 192.160000 64
192.256000 192.416000 64
192.416000 192.864000 61
192.960000 193.760000 61
195.264000 196.032000 59
196.032000 197.216000 64
197.312000 198.272000 66
198.272000 200.416000 62
201.504000 201.568000 57
201.568000 201.696000 58
201.696000 202.976000 61
203.104000 207.264000 68
207.264000 208.128000 61
209.472000 209.856000 59
209.952000 210.240000 59
210.368000 211.776000 59
211.872000 216.576000 66
217.952000 220.800000 61
220.928000 221.504000 58
221.600000 221.696000 58
221.792000 222.592000 57
222.592000 222.784000 59
222.880000 224.192000 61
224.192000 224.480000 61
225.312000 226.112000 61
226.208000 227.008000 66
227.104000 227.744000 64
227.744000 230.080000 61
231.616000 232.320000 59
232.448000 234.432000 61
235.936000 236.768000 60
236.896000 237.824000 57
239.456000 239.808000 61
239.904000 240.224000 61
240.352000 244.064000 59
