0.224000 0.704000 58
1.120000 1.216000 58
3.168000 3.360000 59
3.616000 3.872000 54
5.536000 5.664000 51
6.560000 7.008000 57
7.296000 8.128000 58
8.192000 8.448000 55
10.112000 10.336000 58
10.496000 10.848000 56
11.328000 11.744000 57
13.344000 13.504000 53
13.536000 13.856000 53
14.496000 14.624000 58
17.888000 18.048000 53
20.768000 20.960000 57
22.464000 22.688000 59
22.816000 22.944000 59
24.128000 24.320000 58
24.480000 24.576000 55
24.736000 24.896000 58
25.152000 25.600000 59
25.888000 25.952000 58
25.952000 26.336000 62
26.624000 26.688000 58
26.688000 26.912000 64
27.424000 27.648000 65
27.904000 28.000000 62
28.192000 28.416000 60
28.544000 28.896000 59
32.000000 32.096000 57
40.768000 40.864000 54
41.120000 41.216000 56
42.272000 42.496000 58
42.944000 43.968000 65
46.304000 46.496000 63
46.720000 46.912000 60
48.192000 48.352000 59
48.800000 48.992000 63
49.632000 49.728000 62
49.952000 50.080000 60
50.176000 50.528000 60
52.992000 53.120000 59
53.440000 53.664000 58
54.688000 54.944000 60
55.136000 55.456000 59
56.000000 56.096000 60
56.832000 56.992000 59
57.440000 57.760000 58
58.496000 58.848000 60
59.200000 59.328000 56
59.648000 60.000000 58
60.416000 60.608000 55
61.600000 62.048000 59
62.496000 62.592000 58
65.056000 65.376000 57
65.920000 66.208000 57
67.328000 67.424000 53
68.032000 68.192000 57
88.832000 89.024000 53
89.184000 90.048000 62
90.528000 91.232000 65
91.232000 91.616000 58
92.224000 92.416000 55
92.512000 93.248000 62
93.440000 94.240000 60
94.528000 95.072000 60
95.616000 95.744000 55
95.744000 96.704000 62
97.216000 97.504000 62
97.504000 97.952000 65
98.080000 98.496000 58
98.912000 99.040000 55
99.040000 99.104000 57
99.104000 100.384000 62
100.384000 100.736000 65
100.736000 101.696000 62
102.208000 102.368000 61
102.368000 102.592000 62
102.592000 103.968000 67
104.288000 104.416000 63
104.512000 105.824000 70
105.824000 106.112000 65
106.112000 106.496000 62
106.496000 107.392000 65
107.488000 108.416000 62
108.864000 110.592000 62
110.976000 111.680000 60
111.840000 111.968000 58
112.032000 112.384000 60
112.672000 112.768000 58
112.864000 113.344000 67
113.440000 113.792000 67
113.888000 114.112000 67
114.112000 114.400000 65
114.560000 115.104000 65
115.520000 115.808000 59
116.192000 117.216000 65
117.888000 118.816000 67
118.944000 119.072000 62
119.072000 119.296000 60
119.296000 119.488000 59
119.744000 120.096000 56
120.096000 120.672000 58
120.768000 121.088000 59
121.216000 121.664000 58
122.240000 122.400000 60
122.400000 122.752000 63
122.848000 123.904000 67
124.320000 124.416000 63
124.544000 125.440000 70
125.536000 125.696000 67
125.696000 125.920000 65
125.920000 127.104000 63
127.200000 127.360000 65
127.456000 128.352000 62
128.800000 129.184000 60
129.280000 130.624000 65
130.976000 131.072000 62
131.200000 131.712000 67
131.808000 132.160000 65
132.160000 132.768000 63
133.088000 133.440000 56
133.440000 133.984000 62
134.112000 134.304000 58
134.304000 134.464000 56
134.528000 135.008000 58
135.552000 138.368000 62
138.880000 139.072000 60
139.072000 139.424000 63
139.552000 140.576000 67
140.704000 143.040000 67
143.904000 144.096000 55
144.096000 145.056000 62
145.376000 145.952000 65
146.176000 146.592000 58
147.456000 147.744000 62
147.904000 148.384000 60
148.480000 149.056000 60
149.056000 149.696000 60
149.696000 150.080000 60
150.752000 151.648000 62
152.000000 152.384000 62
152.480000 152.928000 65
153.088000 153.472000 58
154.144000 155.360000 62
155.360000 155.712000 65
155.840000 156.704000 62
157.248000 157.760000 63
157.856000 158.976000 67
159.232000 159.424000 63
159.520000 160.448000 70
160.544000 160.704000 67
160.704000 160.896000 66
160.896000 161.088000 62
161.184000 161.280000 60
161.376000 162.048000 63
162.208000 162.368000 65
162.368000 162.432000 63
162.432000 163.456000 62
163.840000 165.568000 62
165.984000 166.496000 60
166.848000 166.944000 58
167.072000 167.200000 58
167.200000 167.744000 60
167.872000 168.352000 67
168.448000 168.768000 67
168.864000 169.216000 66
169.312000 169.440000 62
169.536000 170.240000 65
170.560000 170.720000 58
170.720000 171.040000 62
171.232000 172.320000 65
172.864000 173.792000 67
173.920000 174.112000 61
174.112000 174.272000 60
174.272000 174.432000 59
174.432000 175.136000 56
175.136000 175.712000 58
175.808000 176.096000 59
176.224000 176.704000 58
177.216000 177.376000 60
177.376000 177.760000 63
177.856000 178.816000 67
179.296000 179.488000 64
179.488000 180.704000 70
180.704000 181.024000 65
181.024000 181.376000 62
181.376000 182.368000 65
182.464000 183.360000 62
183.840000 184.032000 58
184.032000 184.224000 61
184.352000 185.664000 65
185.952000 186.112000 63
186.208000 186.688000 67
186.784000 187.168000 65
187.168000 187.776000 63
188.064000 188.448000 57
188.448000 189.024000 62
189.152000 189.280000 58
189.280000 189.536000 56
189.536000 189.984000 58
190.112000 190.272000 60
190.368000 191.104000 61
191.200000 193.216000 60
193.856000 194.048000 60
194.048000 194.400000 63
194.528000 195.680000 67
195.840000 197.792000 67
225.440000 225.728000 58
225.728000 226.176000 62
226.400000 226.976000 65
227.584000 227.680000 62
227.872000 228.768000 67
228.864000 228.992000 61
229.088000 229.216000 60
229.216000 229.280000 59
229.280000 229.344000 58
229.344000 229.600000 57
229.696000 230.176000 58
230.176000 230.656000 58
230.784000 231.232000 60
231.360000 231.744000 58
232.320000 232.480000 61
232.480000 232.832000 63
232.960000 234.048000 67
234.336000 234.432000 63
234.528000 235.648000 70
235.648000 236.032000 65
236.032000 236.288000 62
236.288000 237.248000 65
237.408000 238.496000 62
238.816000 239.072000 59
239.072000 239.200000 60
239.328000 240.608000 65
240.928000 241.088000 62
241.184000 241.696000 67
241.792000 242.176000 65
242.176000 242.752000 63
242.752000 242.944000 56
243.072000 243.456000 57
243.456000 244.000000 62
244.128000 244.256000 58
244.256000 244.416000 57
244.576000 245.056000 58
245.536000 245.856000 61
245.856000 246.112000 59
246.240000 246.400000 58
246.400000 247.904000 60
247.904000 248.448000 58
248.928000 249.088000 61
249.088000 249.472000 63
249.568000 252.896000 67
255.520000 255.648000 55
255.744000 256.192000 62
256.320000 256.736000 62
257.024000 257.216000 62
257.312000 257.792000 65
257.888000 258.272000 58
258.976000 259.872000 62
259.968000 260.768000 60
261.088000 261.600000 60
262.048000 262.272000 56
262.272000 263.264000 62
263.680000 263.840000 62
264.000000 264.448000 65
264.608000 264.992000 58
265.376000 265.536000 55
265.536000 266.976000 62
267.104000 267.264000 65
267.264000 268.256000 62
268.992000 269.952000 62
270.400000 270.624000 62
270.624000 271.136000 65
271.296000 271.520000 58
272.096000 272.320000 57
272.320000 272.672000 62
272.768000 273.536000 60
273.536000 274.880000 65
275.328000 278.112000 60
278.848000 278.944000 60
294.912000 295.008000 68
295.296000 295.392000 72
