15.712000 15.872000 50
15.872000 16.224000 55
16.384000 16.864000 56
16.960000 17.920000 54
18.016000 18.304000 53
18.592000 19.168000 49
20.640000 20.704000 51
20.704000 20.800000 53
20.800000 21.056000 55
21.216000 22.368000 56
22.368000 22.880000 60
22.880000 23.488000 56
24.192000 24.672000 56
24.800000 25.120000 58
25.344000 25.600000 61
25.760000 26.080000 56
26.368000 26.784000 61
26.784000 27.232000 56
27.488000 27.648000 60
27.648000 27.840000 61
28.160000 28.576000 55
29.344000 30.016000 54
30.208000 30.464000 54
30.656000 31.168000 53
31.360000 31.616000 49
31.744000 31.968000 51
31.968000 32.576000 53
35.008000 35.072000 50
35.072000 35.168000 52
35.168000 35.456000 56
35.584000 36.000000 56
36.192000 36.992000 54
37.376000 37.696000 53
38.016000 38.496000 50
39.872000 39.936000 51
39.936000 40.032000 53
40.032000 40.768000 56
40.960000 41.504000 54
41.600000 42.080000 60
42.080000 42.656000 56
43.360000 43.840000 56
43.968000 44.064000 55
44.064000 44.128000 56
44.128000 44.896000 61
45.024000 45.504000 56
45.504000 45.984000 61
46.112000 46.304000 54
46.752000 47.072000 61
47.328000 47.904000 54
48.448000 49.184000 54
49.344000 50.112000 61
50.336000 51.776000 65
52.352000 53.408000 63
53.536000 53.952000 60
54.048000 54.208000 61
54.208000 54.656000 60
54.752000 54.912000 59
54.912000 55.520000 61
55.520000 55.808000 57
55.968000 56.576000 61
56.928000 57.120000 57
57.120000 58.240000 63
58.368000 58.464000 58
58.464000 59.072000 61
59.072000 59.328000 58
59.616000 60.224000 61
60.224000 60.736000 57
60.736000 61.472000 61
61.696000 61.856000 67
61.984000 62.880000 66
62.976000 63.744000 65
63.744000 64.928000 61
66.784000 67.168000 61
67.168000 67.872000 57
67.968000 68.224000 54
68.448000 69.408000 61
69.504000 69.952000 63
70.112000 70.944000 65
71.520000 71.936000 65
72.160000 72.448000 60
72.608000 74.720000 63
78.144000 78.240000 50
78.240000 78.368000 53
78.368000 78.688000 55
78.816000 79.264000 56
79.360000 81.024000 54
81.184000 81.632000 50
83.008000 83.072000 51
83.072000 83.264000 53
83.392000 84.000000 56
84.160000 84.800000 54
84.800000 85.120000 60
85.216000 85.856000 57
86.624000 87.040000 56
87.200000 87.584000 58
87.776000 88.000000 61
88.192000 88.480000 56
88.736000 89.184000 61
89.184000 89.760000 56
89.760000 90.272000 61
90.528000 90.976000 55
91.712000 92.128000 54
92.128000 92.544000 55
92.544000 92.864000 61
93.024000 93.440000 61
93.536000 94.880000 58
97.440000 97.760000 54
97.984000 98.432000 56
98.560000 99.456000 54
99.648000 99.968000 56
100.160000 100.704000 49
101.792000 102.016000 53
102.240000 102.496000 54
102.496000 103.168000 56
103.360000 103.872000 54
103.968000 104.256000 60
104.512000 105.056000 56
105.792000 106.240000 56
106.400000 106.784000 58
107.008000 107.200000 61
107.200000 107.616000 60
107.936000 108.096000 59
108.096000 108.384000 61
108.512000 108.832000 54
109.120000 109.504000 61
109.760000 110.368000 55
110.912000 111.040000 53
111.136000 111.648000 54
111.808000 112.672000 62
112.768000 113.216000 63
113.312000 114.176000 65
114.752000 115.392000 63
115.392000 115.872000 61
116.000000 116.384000 60
116.480000 116.704000 62
116.704000 117.088000 59
117.248000 117.888000 61
117.888000 118.080000 57
118.336000 119.008000 62
119.328000 119.456000 56
119.552000 120.640000 63
120.800000 120.896000 59
120.896000 121.536000 61
121.536000 121.696000 57
121.952000 122.112000 61
122.112000 122.656000 61
122.656000 123.040000 57
123.136000 123.808000 62
124.096000 124.224000 56
124.384000 124.864000 65
124.960000 125.280000 66
125.408000 126.144000 65
126.144000 128.000000 63
128.096000 128.448000 58
129.184000 129.568000 61
129.568000 130.048000 56
130.144000 130.272000 53
130.368000 130.624000 54
130.880000 132.384000 63
132.512000 133.312000 65
133.984000 134.656000 63
134.656000 135.072000 60
135.200000 135.520000 61
135.680000 135.872000 61
135.872000 136.192000 60
136.384000 136.512000 59
136.512000 137.056000 61
137.056000 137.440000 57
137.600000 137.888000 60
138.016000 138.208000 61
138.496000 138.656000 56
138.752000 138.816000 61
138.816000 138.912000 62
138.912000 139.520000 64
139.520000 140.000000 61
140.096000 140.800000 62
140.800000 140.992000 57
141.248000 141.920000 61
141.920000 142.464000 58
142.592000 142.688000 60
142.816000 142.976000 61
143.328000 143.424000 67
143.552000 144.064000 65
144.128000 144.544000 66
144.544000 145.344000 65
145.344000 146.016000 61
146.432000 146.944000 63
147.040000 147.168000 60
148.352000 148.480000 59
148.480000 148.736000 61
148.832000 149.856000 56
150.016000 150.144000 59
150.144000 150.336000 61
150.560000 151.680000 63
151.776000 151.872000 61
151.872000 152.608000 65
154.400000 155.168000 61
155.552000 155.712000 58
155.712000 157.184000 61
157.184000 157.888000 57
159.200000 160.192000 61
160.416000 161.184000 60
161.344000 162.752000 63
165.184000 165.376000 58
165.760000 165.920000 61
166.336000 166.528000 58
166.912000 167.200000 59
167.552000 167.936000 60
168.128000 168.448000 56
168.736000 168.800000 57
168.800000 168.896000 58
168.896000 169.376000 62
169.376000 170.240000 65
170.336000 171.328000 63
171.552000 172.032000 65
172.160000 172.288000 65
172.288000 173.472000 68
173.664000 174.272000 62
174.272000 174.784000 68
174.880000 175.040000 60
175.136000 175.424000 61
175.904000 176.128000 62
176.224000 176.608000 62
176.928000 177.120000 57
177.120000 177.152000 58
177.152000 177.280000 61
177.280000 177.920000 65
177.920000 178.240000 60
178.400000 179.232000 61
179.232000 179.328000 56
179.648000 180.256000 61
180.256000 180.640000 57
180.768000 181.408000 61
181.696000 181.824000 56
181.952000 182.464000 65
182.560000 182.880000 66
183.040000 185.696000 65
185.792000 185.888000 60
186.752000 187.104000 61
187.136000 187.616000 57
187.744000 187.872000 53
187.968000 188.192000 55
188.448000 189.312000 61
189.536000 189.984000 63
190.144000 190.240000 61
190.240000 190.976000 65
191.552000 192.096000 63
192.096000 192.672000 61
192.800000 192.896000 58
192.896000 193.152000 61
193.280000 193.440000 61
193.440000 193.792000 60
193.984000 194.720000 61
194.720000 194.912000 56
195.232000 195.456000 61
195.616000 195.776000 61
196.128000 196.224000 56
196.352000 196.512000 62
196.512000 197.248000 65
197.248000 197.472000 60
197.568000 197.600000 62
197.632000 197.824000 60
197.920000 198.272000 62
198.272000 198.560000 58
198.880000 199.168000 60
199.264000 199.392000 61
199.392000 200.096000 60
200.160000 200.288000 60
200.416000 200.608000 61
200.896000 201.024000 57
201.120000 201.600000 65
201.760000 202.944000 68
202.944000 204.800000 65
205.920000 206.112000 60
206.112000 206.304000 61
206.432000 207.456000 56
207.648000 207.776000 58
207.776000 207.968000 61
208.192000 208.576000 61
208.736000 209.216000 63
209.408000 209.472000 61
209.472000 210.144000 65
210.528000 210.624000 66
210.784000 211.328000 65
211.872000 212.288000 60
212.640000 214.272000 63
