59.744000 59.968000 62
59.968000 60.064000 62
60.064000 61.024000 64
61.248000 61.632000 59
61.856000 62.144000 61
62.304000 62.848000 64
65.216000 65.280000 61
65.280000 65.760000 64
65.984000 66.144000 64
66.144000 67.104000 62
67.264000 67.456000 62
67.456000 67.776000 66
67.936000 68.384000 66
70.656000 71.200000 68
71.360000 71.584000 64
71.584000 71.840000 63
72.000000 72.480000 68
72.672000 73.600000 65
73.600000 74.592000 66
76.128000 76.576000 69
76.768000 76.992000 69
76.992000 77.184000 68
77.440000 77.632000 62
77.792000 78.816000 65
78.816000 79.104000 66
81.408000 81.504000 59
81.504000 82.432000 64
82.560000 82.816000 62
82.976000 83.264000 59
83.392000 83.584000 59
83.584000 83.936000 61
83.936000 84.128000 64
84.288000 84.576000 64
86.944000 87.040000 61
87.200000 87.520000 64
87.648000 87.904000 64
88.032000 89.216000 62
89.344000 90.176000 68
90.656000 90.816000 62
92.384000 93.024000 68
93.152000 93.344000 64
93.344000 93.664000 62
93.760000 94.272000 68
94.464000 94.688000 64
94.688000 94.816000 61
95.136000 96.192000 66
97.920000 99.040000 70
99.040000 99.520000 66
99.744000 101.280000 66
103.232000 103.776000 66
104.064000 104.544000 64
104.736000 105.280000 63
105.280000 105.600000 61
105.760000 106.880000 66
107.488000 107.872000 64
111.424000 113.408000 68
113.536000 113.792000 64
113.856000 113.920000 64
114.144000 116.128000 71
116.128000 117.440000 66
118.208000 118.368000 71
118.912000 119.488000 74
119.584000 121.280000 66
122.304000 124.256000 69
124.384000 124.864000 64
125.024000 125.504000 69
125.728000 125.920000 71
126.016000 126.272000 69
126.432000 126.752000 69
126.848000 128.160000 66
129.600000 130.432000 73
130.432000 132.672000 66
135.808000 136.128000 62
136.128000 137.184000 64
137.312000 138.016000 60
138.016000 138.496000 67
138.752000 139.040000 63
141.312000 142.624000 64
142.816000 143.424000 60
143.424000 143.712000 62
143.712000 144.000000 67
144.160000 144.608000 66
146.848000 147.296000 68
147.488000 147.648000 65
147.648000 148.000000 63
148.160000 148.384000 67
148.384000 148.736000 68
148.736000 149.344000 66
149.504000 150.752000 66
152.224000 153.280000 69
153.376000 153.952000 62
153.952000 154.560000 65
154.688000 155.648000 66
157.760000 158.080000 66
158.080000 158.912000 60
159.040000 159.328000 62
159.456000 159.520000 59
159.520000 159.968000 62
159.968000 160.256000 63
160.352000 161.248000 66
161.312000 162.720000 64
163.712000 164.320000 56
164.416000 165.216000 57
176.352000 176.448000 54
183.776000 183.904000 56
188.960000 189.408000 56
190.240000 190.336000 56
195.680000 196.000000 62
196.000000 196.608000 64
196.800000 197.056000 61
197.152000 197.792000 59
197.792000 198.336000 63
198.528000 199.168000 65
201.120000 201.248000 61
201.408000 201.728000 66
201.856000 202.112000 64
202.272000 202.464000 62
202.464000 203.264000 60
203.520000 204.672000 69
206.112000 206.208000 64
206.656000 207.232000 68
207.328000 207.552000 64
207.552000 207.872000 63
208.000000 208.160000 66
208.160000 208.480000 68
208.672000 208.864000 64
208.864000 209.216000 62
209.408000 210.304000 66
210.432000 210.784000 67
212.128000 213.152000 69
213.152000 213.728000 66
213.920000 215.456000 66
217.696000 217.952000 59
218.240000 218.304000 60
218.304000 218.720000 64
219.008000 219.072000 62
219.136000 219.360000 65
219.360000 219.808000 63
219.904000 220.672000 66
220.832000 221.280000 56
221.280000 221.376000 61
225.632000 226.240000 68
226.368000 227.744000 68
227.744000 228.256000 64
228.416000 229.952000 71
229.952000 231.808000 68
232.800000 233.632000 72
233.632000 235.872000 70
236.512000 238.464000 68
238.560000 238.976000 64
239.264000 239.744000 69
239.936000 240.512000 71
240.640000 240.864000 68
240.864000 241.280000 67
241.280000 242.208000 66
243.712000 244.576000 73
244.576000 248.704000 66
249.472000 256.480000 68
258.368000 259.552000 64
259.744000 260.320000 59
260.320000 260.896000 67
261.056000 261.184000 66
261.184000 261.472000 63
264.320000 264.352000 63
264.384000 264.672000 64
264.672000 265.024000 63
265.184000 265.792000 60
265.792000 266.080000 61
266.080000 266.368000 66
266.528000 267.040000 66
269.216000 269.696000 68
269.888000 270.048000 64
270.048000 270.400000 63
270.528000 270.784000 67
270.784000 271.136000 68
271.136000 271.552000 66
271.552000 271.712000 61
271.872000 273.184000 66
274.592000 274.816000 67
274.816000 275.712000 69
275.712000 276.288000 67
276.448000 276.960000 64
277.120000 278.016000 66
279.712000 279.840000 64
280.096000 280.416000 66
280.416000 281.312000 63
281.408000 281.728000 63
281.920000 282.336000 62
282.336000 282.656000 63
282.784000 282.944000 67
282.944000 283.296000 64
283.456000 283.552000 64
283.712000 284.352000 64
284.416000 285.376000 64
291.328000 292.192000 73
292.768000 292.896000 71
