7.264000 7.360000 55
7.456000 7.552000 55
7.840000 8.096000 56
8.224000 8.352000 56
8.544000 8.864000 56
9.248000 9.344000 62
9.888000 9.984000 63
10.144000 10.336000 63
10.560000 11.040000 63
11.200000 11.360000 58
11.744000 12.608000 59
12.896000 13.184000 55
13.568000 13.664000 67
13.664000 13.792000 66
13.792000 13.888000 63
13.888000 13.984000 62
13.984000 14.144000 56
14.240000 16.192000 58
16.192000 16.704000 65
16.704000 17.472000 59
17.792000 18.912000 62
19.072000 19.936000 63
20.192000 20.832000 61
21.056000 22.496000 58
22.624000 23.232000 58
23.232000 23.328000 62
23.328000 23.744000 65
23.744000 24.512000 58
24.800000 26.048000 62
26.336000 26.560000 60
26.560000 27.168000 59
27.712000 28.288000 60
28.576000 29.696000 62
29.888000 30.304000 70
30.304000 31.392000 66
31.680000 32.032000 70
32.032000 33.024000 66
33.184000 34.016000 63
34.304000 34.976000 60
35.200000 36.544000 58
36.736000 37.024000 58
37.152000 37.376000 59
37.376000 37.856000 65
37.856000 38.656000 60
39.136000 39.328000 60
39.328000 40.000000 62
40.000000 40.512000 62
40.512000 41.792000 60
43.552000 47.520000 71
47.520000 48.032000 66
48.128000 48.288000 63
48.352000 48.928000 65
50.656000 50.944000 70
51.072000 51.264000 67
51.264000 54.528000 70
54.528000 55.136000 67
55.456000 56.032000 65
57.696000 57.824000 70
57.920000 58.752000 69
58.752000 62.112000 74
62.112000 63.584000 74
63.584000 63.872000 70
64.192000 64.288000 75
64.288000 64.384000 74
64.512000 65.984000 70
66.080000 66.560000 70
66.944000 67.424000 70
67.808000 68.384000 69
68.704000 69.184000 65
69.568000 70.144000 65
70.464000 70.976000 65
71.584000 72.256000 65
72.256000 72.704000 62
72.704000 73.120000 59
73.536000 74.624000 70
75.072000 75.680000 66
75.680000 76.096000 63
76.096000 76.736000 60
77.088000 77.184000 56
77.504000 78.144000 62
78.144000 78.400000 59
78.656000 79.520000 65
79.520000 79.776000 60
79.776000 80.160000 59
80.608000 81.696000 70
82.144000 82.784000 65
82.784000 83.360000 63
83.360000 83.808000 58
84.608000 85.248000 62
85.248000 85.504000 58
86.816000 88.192000 58
88.320000 88.544000 58
88.544000 89.024000 65
89.024000 89.792000 59
90.336000 91.104000 62
91.264000 92.224000 63
92.480000 93.152000 61
93.376000 93.984000 58
94.304000 95.328000 58
95.424000 95.584000 58
95.584000 95.648000 60
95.648000 96.064000 65
96.064000 96.768000 58
97.120000 97.216000 60
97.408000 98.624000 62
98.752000 99.552000 60
100.064000 100.192000 56
100.192000 100.384000 58
100.512000 100.608000 60
100.992000 101.696000 62
101.792000 101.984000 62
102.272000 102.656000 70
102.656000 103.680000 66
104.032000 104.480000 70
104.480000 105.216000 65
105.344000 106.400000 65
106.656000 107.264000 60
107.520000 108.960000 58
109.088000 109.728000 58
109.728000 110.208000 65
110.208000 110.816000 58
111.264000 112.640000 63
112.832000 113.056000 60
113.056000 113.632000 59
114.112000 116.288000 70
116.416000 118.080000 69
118.080000 118.624000 65
119.008000 119.520000 65
121.248000 121.536000 70
121.664000 123.328000 70
123.424000 125.120000 69
125.120000 125.600000 66
126.048000 126.624000 65
128.288000 128.416000 70
128.512000 129.344000 69
129.344000 132.608000 72
132.608000 133.760000 74
133.760000 134.496000 73
134.848000 134.976000 74
135.104000 135.200000 69
135.392000 136.480000 70
136.672000 137.152000 70
137.536000 137.952000 70
137.952000 138.080000 74
138.400000 138.880000 69
139.296000 139.744000 65
140.160000 140.672000 65
141.056000 141.632000 69
142.144000 142.368000 65
142.368000 142.624000 66
142.624000 142.848000 63
142.848000 143.040000 62
143.040000 143.808000 68
143.808000 145.216000 70
145.664000 146.240000 66
146.240000 146.624000 63
146.624000 147.168000 60
147.200000 147.328000 61
147.328000 147.840000 65
148.128000 148.704000 62
148.704000 148.992000 59
149.216000 150.080000 65
150.080000 150.304000 60
150.304000 150.688000 59
150.816000 150.944000 67
151.104000 152.288000 70
152.736000 153.376000 65
153.376000 153.952000 63
153.952000 154.656000 58
155.168000 155.808000 61
155.808000 156.096000 59
157.792000 158.624000 67
158.944000 160.256000 70
160.480000 160.576000 69
160.704000 161.056000 69
161.152000 161.728000 70
161.824000 162.016000 70
162.272000 162.368000 69
162.496000 162.912000 70
163.040000 163.392000 65
163.520000 163.776000 65
163.776000 164.448000 64
164.704000 166.400000 69
166.400000 167.328000 70
167.680000 168.224000 69
168.448000 168.768000 70
168.864000 171.680000 72
172.608000 173.920000 70
174.592000 175.104000 69
176.416000 176.832000 65
177.248000 177.760000 65
179.584000 181.056000 70
181.664000 182.240000 69
183.424000 183.872000 65
184.224000 184.800000 66
185.184000 185.600000 65
186.272000 186.400000 69
186.496000 190.496000 72
190.496000 190.976000 66
191.328000 191.968000 68
193.408000 193.600000 66
193.600000 193.920000 69
194.016000 194.208000 67
194.208000 197.568000 70
197.568000 198.176000 67
198.304000 199.328000 65
200.576000 201.760000 70
201.760000 205.024000 72
205.024000 206.240000 74
206.240000 206.848000 72
207.168000 207.328000 74
207.488000 208.864000 72
209.024000 209.504000 70
209.856000 210.400000 70
210.784000 211.264000 69
211.680000 212.096000 65
212.256000 212.416000 62
212.512000 213.152000 68
213.472000 213.984000 69
214.528000 215.200000 65
215.200000 215.616000 62
215.616000 215.872000 59
216.672000 217.728000 74
218.048000 218.240000 65
218.304000 218.496000 65
218.496000 218.688000 63
218.688000 218.880000 62
218.880000 219.424000 60
220.032000 220.128000 62
220.672000 221.280000 61
221.632000 222.240000 65
222.240000 222.720000 62
222.720000 222.912000 58
223.136000 223.392000 63
223.392000 223.552000 67
223.712000 224.768000 73
225.120000 225.824000 65
225.824000 226.240000 62
226.240000 226.432000 58
227.680000 227.840000 61
227.904000 228.128000 60
228.288000 228.384000 60
228.672000 229.312000 65
229.312000 229.696000 62
230.784000 231.840000 73
232.192000 232.832000 65
232.832000 233.216000 62
233.216000 233.536000 58
234.816000 235.200000 60
235.712000 235.904000 65
236.032000 236.160000 65
236.160000 236.352000 63
236.352000 236.832000 62
236.992000 237.056000 58
237.856000 238.880000 74
239.232000 239.872000 65
239.872000 240.256000 62
240.256000 240.576000 58
241.248000 241.280000 62
241.984000 242.208000 60
