20.992000 23.488000 70
23.584000 23.680000 70
23.840000 24.960000 68
26.912000 27.552000 63
28.448000 28.576000 61
31.392000 31.840000 61
32.064000 33.088000 62
33.376000 33.728000 55
34.336000 34.656000 60
35.008000 35.264000 61
35.424000 36.000000 62
37.344000 38.208000 62
38.336000 40.768000 64
40.960000 41.376000 58
41.568000 42.304000 59
43.168000 44.160000 63
44.288000 44.928000 66
45.248000 45.408000 60
46.112000 47.904000 66
48.064000 48.544000 58
49.088000 50.496000 66
50.592000 52.256000 66
52.416000 53.568000 63
54.176000 54.528000 55
55.072000 55.616000 61
55.776000 55.968000 61
56.128000 56.832000 63
58.048000 58.976000 61
59.104000 59.712000 62
61.056000 61.568000 61
61.664000 61.856000 61
62.112000 62.784000 64
62.816000 63.424000 64
63.552000 64.064000 63
64.064000 64.864000 61
64.864000 65.120000 58
65.408000 66.208000 61
66.848000 68.320000 65
68.416000 68.640000 66
68.640000 69.312000 64
69.856000 70.816000 65
70.976000 71.232000 66
71.360000 71.776000 66
72.064000 73.600000 69
73.696000 73.824000 68
73.952000 76.448000 68
78.368000 78.592000 61
78.720000 78.912000 65
79.104000 80.736000 66
81.408000 81.568000 62
81.664000 83.776000 66
84.416000 84.544000 61
84.672000 84.864000 65
85.024000 85.600000 66
85.760000 85.856000 65
85.856000 86.112000 66
86.112000 87.168000 70
87.264000 87.488000 66
87.648000 88.288000 73
88.288000 89.696000 68
90.176000 91.968000 68
92.096000 92.672000 66
93.152000 93.760000 66
93.856000 93.984000 65
93.984000 94.528000 68
94.624000 94.976000 70
95.072000 95.648000 66
96.096000 96.736000 66
96.896000 96.992000 65
96.992000 97.472000 68
97.632000 97.888000 70
97.984000 98.240000 66
98.336000 99.360000 71
99.488000 99.584000 71
99.584000 100.384000 73
100.384000 100.800000 71
100.800000 101.600000 68
102.176000 102.304000 62
102.464000 102.688000 65
102.816000 104.512000 66
105.120000 105.280000 62
105.376000 105.888000 65
105.888000 106.080000 67
106.080000 107.584000 69
108.064000 108.224000 61
108.352000 109.792000 66
109.792000 110.528000 70
110.624000 111.168000 67
111.328000 112.128000 74
112.128000 112.320000 66
112.448000 113.440000 68
113.920000 114.208000 66
114.304000 115.264000 66
115.424000 116.480000 68
116.832000 117.504000 66
117.632000 117.728000 65
117.728000 117.920000 67
117.920000 118.880000 70
118.880000 119.488000 66
119.840000 120.096000 66
120.224000 121.184000 68
121.312000 121.600000 70
121.696000 121.952000 66
122.080000 123.648000 73
123.648000 124.032000 68
124.256000 126.496000 68
131.712000 132.320000 64
132.448000 132.544000 62
132.544000 133.504000 66
133.504000 134.208000 66
134.624000 134.880000 63
135.008000 135.488000 62
135.488000 135.968000 65
136.096000 136.384000 66
136.512000 136.960000 66
137.504000 137.824000 60
137.952000 138.656000 61
139.104000 139.200000 65
139.200000 140.192000 68
140.192000 140.320000 63
140.320000 140.608000 62
140.608000 141.120000 70
141.120000 141.344000 68
141.344000 142.368000 73
142.528000 143.264000 67
143.520000 144.960000 64
145.088000 146.016000 66
146.496000 147.136000 63
147.264000 147.520000 63
147.648000 148.736000 67
149.088000 150.080000 63
150.304000 150.464000 63
150.592000 151.328000 66
151.328000 151.680000 61
151.968000 152.096000 66
152.096000 152.160000 70
152.160000 153.120000 73
153.216000 153.984000 70
154.144000 154.688000 67
154.688000 154.752000 72
154.752000 154.880000 74
154.880000 157.952000 75
157.952000 160.736000 73
160.832000 161.024000 68
161.376000 161.568000 64
161.696000 161.888000 67
162.080000 163.776000 68
164.352000 164.544000 63
164.640000 165.120000 67
165.120000 166.816000 71
167.360000 167.488000 63
167.616000 167.808000 67
167.968000 168.544000 68
168.672000 168.832000 67
168.832000 169.088000 68
169.088000 170.112000 72
170.208000 170.432000 68
170.592000 171.200000 75
171.328000 172.672000 70
173.152000 173.440000 68
173.536000 174.944000 70
175.040000 175.648000 68
176.128000 176.992000 68
176.992000 177.472000 70
177.600000 177.920000 72
178.016000 178.624000 69
179.072000 179.712000 68
179.840000 179.968000 67
179.968000 180.480000 70
180.576000 180.864000 72
180.864000 181.344000 70
181.344000 181.504000 72
181.504000 182.560000 74
182.560000 183.200000 75
183.200000 184.736000 73
185.088000 185.248000 65
185.408000 185.632000 67
185.760000 186.400000 68
186.496000 187.488000 68
188.096000 188.320000 65
188.320000 188.832000 67
188.832000 190.528000 71
191.104000 191.200000 64
191.328000 192.384000 68
192.384000 193.536000 72
193.632000 194.080000 68
194.304000 194.816000 75
194.816000 195.264000 68
195.360000 196.480000 70
196.896000 198.240000 69
198.368000 199.392000 70
199.808000 200.448000 68
200.608000 200.960000 69
200.960000 201.824000 72
201.824000 202.432000 68
202.784000 203.072000 68
203.168000 203.968000 70
203.968000 204.160000 70
204.288000 204.416000 71
204.416000 204.576000 72
204.672000 204.928000 68
205.088000 206.624000 75
206.624000 208.448000 70
210.240000 211.616000 70
