23.872000 24.384000 56
24.832000 25.568000 53
25.792000 26.496000 53
29.024000 29.792000 55
29.952000 30.144000 53
30.304000 30.560000 51
30.880000 31.264000 53
34.016000 34.080000 49
34.080000 34.112000 51
34.112000 34.752000 56
35.200000 35.424000 48
35.648000 36.000000 46
36.288000 37.312000 51
39.264000 39.616000 46
39.840000 40.128000 48
40.160000 40.960000 49
41.248000 42.496000 51
44.416000 44.576000 48
44.576000 44.768000 49
44.992000 45.472000 51
45.920000 46.720000 53
49.344000 49.408000 52
49.408000 49.856000 56
49.952000 50.304000 58
50.304000 51.648000 63
51.776000 53.408000 61
54.048000 54.272000 61
54.560000 55.104000 61
55.424000 55.776000 46
56.000000 57.536000 51
59.712000 59.968000 46
60.288000 62.144000 51
64.608000 65.696000 61
65.952000 66.144000 61
66.240000 67.072000 61
67.232000 67.552000 56
67.680000 67.968000 51
68.128000 68.384000 54
68.544000 69.632000 56
70.080000 70.272000 61
70.432000 70.880000 61
71.040000 71.232000 61
71.360000 71.872000 61
71.968000 72.192000 60
72.288000 72.512000 56
72.640000 72.896000 51
72.896000 73.152000 53
73.344000 74.720000 56
75.200000 75.392000 56
75.488000 75.712000 58
75.808000 76.000000 56
76.128000 76.384000 57
76.384000 76.544000 58
76.672000 76.960000 56
77.152000 77.568000 65
77.728000 78.272000 57
78.400000 78.592000 56
78.720000 78.912000 58
78.912000 79.104000 57
79.264000 79.488000 56
79.680000 80.128000 63
80.128000 80.480000 65
80.864000 80.928000 62
80.928000 81.792000 66
81.792000 82.112000 63
82.112000 83.360000 61
83.584000 84.864000 63
85.344000 85.728000 57
85.728000 85.920000 60
86.048000 86.592000 61
86.688000 87.200000 61
87.360000 87.584000 61
87.584000 87.968000 56
87.968000 88.224000 52
88.384000 88.768000 53
88.992000 90.080000 56
90.496000 91.328000 61
91.424000 92.640000 61
92.736000 92.928000 56
93.088000 93.568000 51
93.792000 95.168000 53
95.616000 95.776000 56
95.936000 96.160000 57
96.256000 96.416000 56
96.576000 96.960000 58
97.056000 97.472000 57
97.472000 97.888000 65
98.144000 98.912000 56
99.136000 99.488000 58
99.584000 99.936000 56
99.936000 100.064000 60
100.064000 100.928000 65
101.280000 101.344000 63
101.344000 101.920000 66
101.920000 102.848000 65
102.944000 103.648000 61
103.648000 104.288000 62
104.288000 104.800000 63
105.472000 105.728000 60
105.728000 106.304000 57
106.464000 106.720000 62
106.720000 106.976000 63
107.168000 108.832000 61
125.984000 126.336000 56
126.624000 126.880000 53
126.880000 127.392000 52
127.584000 128.512000 53
129.440000 129.600000 50
131.040000 131.104000 50
131.104000 131.136000 51
131.136000 131.328000 55
131.328000 131.552000 56
131.552000 132.192000 54
132.288000 132.704000 51
132.992000 133.632000 53
136.160000 136.224000 48
136.224000 136.288000 50
136.288000 136.416000 52
136.416000 136.736000 54
136.736000 136.800000 56
136.800000 136.928000 56
136.928000 137.248000 57
137.248000 139.648000 61
141.344000 141.888000 58
141.984000 142.368000 56
142.592000 142.848000 49
143.072000 143.648000 53
143.808000 144.608000 51
146.496000 146.688000 46
147.136000 147.584000 51
147.872000 149.600000 53
151.488000 151.872000 56
151.968000 152.288000 58
152.384000 152.640000 61
152.800000 153.152000 62
153.152000 153.696000 63
153.888000 155.584000 61
156.256000 156.512000 61
156.672000 157.024000 61
157.152000 157.440000 61
157.696000 158.272000 53
158.528000 159.040000 51
159.264000 160.352000 50
161.856000 162.784000 58
163.072000 163.520000 49
163.744000 164.960000 53
166.784000 167.872000 61
168.064000 168.288000 61
168.384000 169.152000 61
169.280000 169.504000 56
169.632000 169.792000 51
169.952000 170.176000 53
170.304000 171.680000 56
172.160000 172.352000 61
172.544000 172.992000 61
173.184000 173.408000 61
173.504000 174.016000 60
174.112000 174.336000 60
174.336000 174.624000 58
174.752000 175.008000 51
175.008000 175.264000 53
175.424000 176.896000 56
177.312000 177.504000 56
177.600000 177.824000 58
177.920000 178.112000 56
178.272000 178.656000 58
178.784000 179.104000 56
179.264000 179.712000 65
179.872000 180.384000 57
180.480000 180.736000 56
180.864000 181.280000 58
181.376000 181.632000 56
181.824000 182.592000 65
182.944000 183.008000 55
183.008000 184.160000 66
184.288000 184.512000 61
184.512000 184.608000 57
184.608000 184.832000 61
184.832000 185.312000 61
185.312000 185.568000 61
185.760000 186.336000 62
186.336000 187.008000 63
187.072000 187.136000 63
187.520000 187.872000 57
187.872000 188.064000 60
188.160000 188.320000 61
188.320000 188.736000 61
188.832000 189.344000 61
189.440000 189.664000 61
189.664000 190.144000 57
190.144000 190.336000 53
190.496000 190.912000 54
191.104000 192.064000 56
192.064000 192.256000 54
192.640000 194.720000 61
194.816000 195.040000 57
195.168000 195.744000 53
195.872000 197.248000 54
197.728000 197.920000 56
198.080000 198.272000 56
198.368000 198.560000 56
198.720000 198.912000 58
198.912000 199.168000 56
199.264000 199.616000 56
199.712000 200.192000 65
200.352000 201.120000 56
201.312000 201.728000 58
201.824000 202.176000 56
202.176000 203.040000 65
203.488000 203.712000 65
203.808000 204.064000 66
204.064000 204.704000 63
204.704000 206.560000 62
206.560000 207.072000 63
207.648000 208.000000 60
208.064000 208.448000 56
208.576000 209.120000 63
209.280000 213.312000 65
220.480000 220.832000 58
221.056000 221.536000 63
221.728000 221.952000 62
222.048000 222.880000 63
222.880000 223.328000 59
223.520000 223.872000 53
223.968000 224.224000 55
224.384000 225.376000 58
225.824000 226.048000 58
226.144000 226.368000 61
226.464000 226.688000 62
226.816000 227.264000 63
227.456000 227.904000 63
228.064000 228.320000 57
228.416000 228.608000 53
228.768000 229.600000 58
229.760000 230.496000 56
230.880000 231.136000 58
231.264000 231.392000 58
231.584000 232.160000 60
232.320000 232.736000 58
232.832000 233.376000 67
233.536000 233.984000 59
234.080000 234.304000 58
234.400000 235.168000 60
235.360000 235.712000 66
235.712000 236.224000 67
236.672000 236.832000 67
236.960000 237.824000 68
237.952000 238.496000 63
238.496000 239.104000 63
239.328000 240.704000 65
241.120000 241.376000 63
241.504000 242.304000 63
242.464000 243.296000 63
243.296000 243.744000 59
243.872000 244.160000 53
244.352000 245.856000 55
246.272000 246.464000 63
246.592000 247.392000 63
247.520000 247.712000 62
247.808000 248.288000 63
248.288000 248.704000 62
248.832000 249.440000 55
249.536000 250.912000 58
251.232000 251.808000 58
251.872000 252.192000 58
252.320000 252.480000 58
252.480000 252.672000 60
252.800000 253.312000 59
253.312000 253.728000 67
253.920000 254.112000 58
254.240000 254.368000 58
254.560000 255.136000 60
255.360000 256.736000 68
256.992000 257.056000 59
257.056000 258.272000 68
258.368000 258.688000 63
258.688000 259.648000 70
259.648000 262.496000 66
263.744000 264.128000 63
264.128000 264.608000 58
264.736000 264.800000 63
264.800000 265.280000 65
265.472000 267.008000 63
274.016000 274.368000 63
274.368000 274.880000 59
275.104000 275.744000 65
276.032000 276.288000 65
276.288000 277.536000 67
277.536000 278.144000 66
279.168000 279.488000 63
279.488000 280.000000 61
280.224000 280.864000 65
281.888000 283.008000 63
