19.264000 19.360000 48
19.520000 19.680000 48
20.128000 20.288000 48
21.248000 21.472000 48
21.600000 21.824000 50
26.304000 26.496000 48
26.656000 26.848000 48
27.328000 27.424000 48
28.064000 28.160000 48
28.800000 28.960000 50
29.184000 29.312000 50
30.560000 30.944000 52
33.440000 33.536000 48
33.952000 34.048000 48
35.584000 35.904000 50
36.352000 36.608000 57
36.800000 37.120000 55
37.248000 37.408000 55
37.856000 37.952000 51
39.232000 39.808000 52
39.936000 40.576000 53
40.672000 40.896000 53
41.856000 42.048000 48
42.208000 42.496000 51
43.712000 43.840000 48
45.440000 45.664000 48
45.760000 46.112000 50
46.208000 46.368000 52
46.688000 47.008000 48
47.104000 47.872000 57
48.000000 48.352000 57
48.736000 49.184000 52
49.344000 49.536000 57
49.632000 49.952000 57
50.208000 50.880000 59
51.040000 51.168000 54
51.616000 51.872000 54
52.096000 52.480000 52
53.440000 53.568000 55
53.792000 53.984000 55
54.112000 54.240000 57
54.240000 54.592000 60
54.816000 54.944000 57
55.040000 55.296000 57
55.616000 56.384000 55
56.480000 56.672000 52
56.768000 57.056000 50
57.856000 59.392000 57
60.832000 61.024000 53
61.152000 61.344000 55
61.440000 61.952000 57
62.304000 62.656000 57
62.752000 64.160000 57
64.480000 64.576000 62
64.800000 65.248000 64
65.440000 66.176000 62
66.336000 67.328000 60
68.352000 68.736000 60
68.736000 68.864000 60
69.024000 69.440000 58
69.440000 69.632000 60
69.920000 70.368000 58
70.368000 70.944000 60
71.072000 71.200000 57
71.200000 71.360000 60
71.552000 71.648000 55
71.744000 71.840000 57
71.936000 72.160000 62
72.160000 72.736000 64
72.864000 73.856000 65
73.856000 74.304000 62
75.008000 75.232000 55
75.328000 75.648000 57
75.776000 75.840000 61
75.840000 76.096000 64
76.672000 77.216000 64
77.344000 77.664000 62
77.792000 78.080000 60
78.560000 78.848000 55
78.848000 79.200000 57
79.328000 80.000000 64
80.192000 80.544000 64
80.640000 80.832000 62
80.928000 81.152000 62
81.312000 81.440000 60
81.568000 81.856000 60
81.856000 81.920000 59
81.920000 81.952000 57
81.952000 82.464000 56
82.464000 82.688000 57
82.880000 83.200000 64
83.616000 83.808000 63
83.808000 84.224000 64
84.224000 84.832000 67
84.960000 85.280000 64
85.376000 85.824000 62
85.824000 86.112000 60
86.432000 86.496000 60
86.496000 86.816000 62
86.816000 86.976000 59
86.976000 87.456000 62
87.648000 87.872000 60
88.064000 88.864000 64
89.504000 89.728000 58
89.728000 89.952000 60
90.112000 90.176000 62
90.176000 90.496000 64
90.976000 91.168000 64
91.392000 91.488000 62
91.680000 92.032000 62
92.032000 92.416000 60
92.736000 93.088000 60
93.184000 93.344000 60
93.504000 94.048000 69
94.048000 94.464000 67
94.560000 94.880000 67
95.008000 95.296000 64
95.424000 95.616000 62
95.616000 95.968000 60
96.352000 96.480000 59
96.480000 96.704000 60
96.704000 97.568000 65
97.664000 98.272000 65
98.528000 98.688000 65
98.784000 99.328000 67
99.552000 103.744000 64
117.088000 117.536000 50
117.856000 118.080000 52
118.080000 118.528000 51
118.752000 119.328000 57
119.616000 120.064000 57
120.352000 120.448000 50
120.608000 120.800000 52
120.960000 121.152000 57
121.280000 121.408000 55
121.408000 121.920000 59
122.144000 122.464000 59
122.464000 123.008000 57
123.200000 123.360000 55
123.360000 123.744000 54
123.936000 124.288000 55
125.088000 125.376000 56
125.472000 125.600000 55
125.728000 126.240000 60
126.368000 126.976000 57
127.072000 127.200000 55
127.712000 128.032000 55
129.024000 129.216000 48
129.504000 129.568000 55
129.568000 130.240000 59
130.240000 130.816000 55
131.072000 131.168000 53
131.296000 131.392000 55
131.392000 132.064000 57
132.256000 132.384000 52
132.512000 132.928000 55
133.088000 133.152000 54
133.152000 133.440000 57
134.016000 134.240000 57
134.400000 135.936000 57
136.096000 136.256000 51
136.480000 137.536000 64
137.824000 139.168000 60
140.064000 140.320000 58
140.320000 140.544000 60
140.544000 140.800000 57
140.928000 141.120000 59
141.824000 142.368000 60
142.368000 142.624000 56
142.720000 142.912000 60
143.168000 143.328000 55
143.328000 143.584000 58
143.584000 143.776000 61
143.776000 144.128000 64
144.224000 145.216000 65
145.216000 146.112000 62
146.592000 146.816000 55
146.912000 147.200000 57
147.360000 147.712000 64
148.256000 148.416000 63
148.416000 148.832000 64
148.960000 149.344000 62
149.344000 149.792000 60
149.920000 150.144000 52
150.144000 150.784000 57
150.912000 151.584000 64
151.840000 152.448000 64
152.544000 152.800000 62
152.960000 153.088000 60
153.184000 153.568000 60
153.568000 154.080000 57
154.080000 154.336000 57
154.560000 154.624000 62
154.624000 154.944000 64
155.360000 155.424000 55
155.424000 155.456000 56
155.456000 155.488000 59
155.488000 155.584000 62
155.584000 155.904000 64
155.904000 156.480000 68
156.640000 156.928000 64
156.928000 157.952000 62
158.144000 158.208000 61
158.208000 158.496000 62
158.496000 158.656000 59
158.656000 159.072000 62
159.264000 159.456000 60
159.680000 160.800000 64
161.152000 161.344000 58
161.344000 161.568000 60
161.696000 161.760000 62
161.760000 162.048000 64
162.592000 162.912000 64
163.008000 163.136000 62
163.296000 164.032000 62
164.288000 164.480000 57
164.480000 164.992000 60
165.120000 165.728000 69
165.760000 166.560000 67
166.560000 166.944000 64
167.072000 167.296000 62
167.296000 167.616000 60
167.968000 168.064000 56
168.064000 168.096000 58
168.096000 168.352000 61
168.352000 169.056000 65
169.152000 169.888000 65
170.176000 170.336000 65
170.432000 171.040000 67
171.040000 174.592000 63
175.360000 176.032000 60
176.032000 177.856000 63
177.984000 178.400000 56
178.464000 179.040000 56
179.648000 179.968000 55
180.064000 180.192000 62
180.192000 180.416000 64
180.544000 180.928000 64
181.056000 181.792000 60
182.176000 182.272000 53
182.368000 182.528000 60
182.528000 182.624000 58
182.624000 183.104000 64
183.104000 183.520000 60
183.616000 183.712000 59
183.904000 184.416000 60
184.576000 185.120000 60
185.216000 185.984000 69
186.048000 186.432000 69
186.720000 186.816000 65
186.816000 187.008000 67
187.008000 188.704000 66
188.704000 189.856000 67
190.016000 190.496000 67
193.152000 193.440000 55
193.568000 193.888000 57
193.984000 194.368000 64
194.848000 195.392000 64
195.552000 195.840000 62
196.000000 196.224000 60
196.608000 196.768000 54
196.768000 197.408000 57
197.504000 197.792000 64
197.952000 198.272000 64
198.400000 198.720000 64
198.816000 199.680000 62
199.776000 200.000000 60
200.320000 200.544000 55
200.672000 200.992000 57
201.120000 201.184000 61
201.184000 201.536000 64
201.888000 202.112000 62
202.112000 202.272000 64
202.432000 202.592000 67
202.688000 202.976000 67
203.104000 203.392000 64
203.520000 203.712000 62
203.712000 204.544000 60
204.640000 204.800000 62
205.024000 205.344000 60
205.344000 205.568000 57
205.568000 206.144000 62
206.336000 207.296000 65
207.296000 207.840000 64
207.840000 208.192000 60
208.320000 208.768000 64
209.184000 209.728000 64
209.856000 210.240000 62
210.240000 210.720000 60
210.880000 211.104000 59
211.104000 211.616000 60
211.616000 213.120000 70
213.120000 213.536000 66
213.664000 213.856000 61
214.016000 214.176000 60
214.592000 214.656000 59
214.656000 214.752000 60
214.752000 215.296000 64
215.392000 216.608000 67
216.768000 216.832000 63
216.832000 217.088000 65
217.088000 217.472000 68
217.472000 218.176000 64
218.464000 218.496000 61
218.528000 218.688000 62
218.688000 218.944000 60
219.104000 221.120000 60
221.600000 221.856000 53
221.856000 222.432000 57
222.592000 223.104000 64
223.488000 223.840000 65
223.936000 224.032000 62
224.224000 224.896000 62
225.344000 225.408000 54
225.408000 225.888000 57
225.984000 226.304000 69
226.432000 226.784000 67
226.816000 227.296000 67
227.392000 228.160000 60
228.288000 229.184000 61
229.312000 229.760000 60
229.760000 229.952000 65
230.112000 230.336000 63
230.336000 230.464000 60
230.656000 230.848000 60
230.848000 231.104000 57
231.648000 231.904000 57
231.904000 232.160000 60
232.288000 232.384000 64
232.384000 232.544000 60
232.672000 232.928000 62
233.184000 233.248000 62
233.248000 234.560000 64
234.560000 234.816000 67
234.816000 235.040000 69
235.040000 235.296000 63
235.296000 235.712000 60
235.712000 236.320000 58
236.480000 236.832000 57
236.928000 237.120000 63
237.120000 237.312000 67
237.792000 237.920000 62
237.920000 238.368000 67
238.528000 238.816000 62
238.912000 239.296000 60
239.488000 239.616000 52
239.616000 240.160000 57
240.352000 240.864000 70
240.960000 241.472000 67
241.600000 241.856000 59
241.952000 242.912000 60
243.808000 243.968000 60
244.064000 244.704000 65
244.832000 245.152000 64
245.248000 245.312000 63
245.312000 246.080000 67
246.336000 246.400000 57
246.400000 246.528000 59
246.656000 246.880000 60
247.072000 249.248000 60
249.728000 249.824000 55
251.168000 251.328000 55
251.520000 251.744000 53
251.936000 252.608000 60
253.248000 253.344000 53
254.912000 255.040000 55
260.032000 260.256000 60
260.512000 261.408000 60
261.632000 261.760000 60
