15.648000 16.544000 62
16.544000 17.536000 65
17.664000 19.776000 60
19.776000 20.896000 57
21.440000 21.536000 56
21.664000 22.592000 58
22.944000 23.200000 53
23.392000 24.384000 60
24.704000 25.248000 56
25.376000 27.840000 60
29.824000 30.496000 61
30.496000 31.616000 65
31.808000 32.736000 60
32.832000 33.920000 60
33.920000 34.304000 57
34.304000 35.264000 55
35.488000 35.616000 56
35.712000 36.672000 58
36.800000 36.896000 53
37.024000 37.312000 52
37.472000 39.328000 60
39.456000 41.600000 58
42.528000 43.200000 56
43.200000 43.776000 53
44.000000 44.416000 54
44.512000 45.856000 63
45.952000 46.784000 60
46.784000 47.392000 56
47.584000 47.744000 54
47.744000 47.904000 56
48.064000 49.536000 61
50.016000 50.176000 60
50.176000 50.720000 59
50.880000 51.648000 56
51.776000 52.096000 56
52.224000 52.352000 65
52.352000 52.832000 68
52.832000 53.440000 63
53.536000 53.856000 60
53.984000 54.560000 65
54.816000 56.032000 65
56.224000 56.992000 68
56.992000 57.600000 63
57.600000 58.496000 65
58.784000 59.136000 61
59.296000 59.808000 63
60.224000 60.544000 61
60.544000 61.280000 63
61.472000 61.856000 68
61.952000 62.368000 67
62.368000 63.264000 63
63.712000 64.256000 58
64.384000 65.600000 60
65.888000 66.112000 57
66.112000 67.488000 60
67.488000 67.616000 62
67.616000 69.856000 65
70.272000 70.688000 56
70.688000 70.816000 58
70.816000 71.136000 61
71.136000 73.184000 65
73.376000 73.952000 67
74.048000 74.720000 62
75.136000 75.328000 67
75.328000 76.800000 70
76.896000 77.600000 65
77.824000 79.712000 59
80.160000 80.288000 53
80.384000 80.704000 56
80.800000 81.088000 60
81.248000 85.632000 65
86.336000 87.552000 59
87.712000 89.824000 57
89.920000 90.784000 56
108.800000 109.760000 63
110.272000 110.400000 62
111.552000 111.680000 59
112.192000 112.960000 56
118.752000 118.848000 58
118.848000 119.552000 61
119.552000 120.640000 65
120.736000 121.312000 60
121.408000 122.400000 60
122.560000 122.912000 58
122.912000 123.392000 57
123.392000 124.096000 54
124.480000 125.600000 58
125.856000 125.952000 52
126.048000 126.304000 51
126.496000 127.552000 60
127.840000 128.352000 56
128.448000 131.168000 60
131.328000 131.552000 60
131.552000 132.384000 63
132.928000 133.664000 61
133.664000 134.752000 65
134.752000 137.664000 60
137.760000 138.304000 53
138.624000 138.720000 56
138.816000 139.776000 58
139.936000 140.512000 52
140.608000 141.632000 60
141.920000 145.152000 58
145.696000 145.792000 54
145.888000 146.304000 55
146.304000 146.912000 54
147.392000 147.520000 59
147.648000 147.808000 61
147.808000 148.032000 63
148.032000 148.160000 60
148.288000 148.896000 60
149.152000 149.344000 59
149.344000 149.632000 60
149.632000 150.848000 59
150.944000 151.136000 56
151.136000 151.680000 61
151.776000 152.864000 62
153.056000 153.312000 60
153.312000 153.472000 58
153.568000 153.984000 56
154.080000 154.592000 56
154.912000 155.232000 68
155.360000 155.904000 67
156.032000 156.544000 63
156.544000 157.280000 64
157.280000 157.632000 65
157.984000 158.176000 66
158.176000 159.136000 70
159.296000 160.128000 68
160.224000 160.608000 60
160.608000 161.632000 65
161.856000 162.240000 61
162.400000 162.944000 63
163.296000 163.680000 60
163.680000 164.352000 63
164.544000 165.408000 68
165.408000 166.496000 65
166.752000 167.360000 58
167.520000 168.704000 60
168.800000 169.216000 57
169.216000 170.752000 62
170.752000 170.912000 64
170.912000 171.136000 67
171.136000 172.992000 67
173.312000 173.728000 56
173.952000 174.176000 60
174.272000 176.320000 65
176.416000 176.640000 65
176.640000 177.088000 67
177.088000 177.824000 62
178.240000 178.592000 68
178.752000 179.104000 70
179.104000 179.968000 68
180.064000 180.704000 65
180.960000 181.280000 60
181.440000 183.072000 58
183.488000 183.936000 57
183.936000 184.288000 60
184.416000 186.560000 65
186.560000 187.104000 70
187.488000 187.872000 68
188.000000 188.384000 67
188.384000 188.736000 61
188.864000 189.824000 65
190.112000 190.432000 61
190.592000 191.200000 63
191.488000 192.192000 61
192.320000 192.640000 63
192.800000 193.120000 68
193.280000 193.696000 67
193.696000 194.592000 63
195.040000 195.584000 58
195.680000 196.864000 60
197.184000 197.408000 57
197.408000 197.760000 58
197.760000 197.984000 60
197.984000 198.496000 58
198.496000 198.656000 59
198.656000 199.328000 65
199.392000 201.120000 65
201.504000 201.600000 68
201.696000 202.144000 67
202.144000 202.624000 63
202.720000 204.480000 66
204.736000 205.280000 67
205.408000 206.016000 62
206.336000 208.256000 72
208.256000 211.328000 72
211.328000 211.872000 71
212.704000 213.056000 60
213.216000 214.432000 58
215.072000 215.232000 54
215.232000 215.296000 54
215.296000 215.552000 56
215.552000 216.000000 60
216.160000 220.000000 65
223.712000 223.840000 57
223.936000 224.736000 60
224.864000 224.992000 58
224.992000 225.408000 61
225.408000 225.600000 65
225.760000 226.144000 65
226.304000 226.592000 63
227.200000 227.328000 60
227.328000 227.904000 59
228.320000 228.448000 55
228.544000 228.768000 56
228.768000 228.992000 60
228.992000 229.664000 61
229.856000 230.176000 60
230.720000 230.880000 60
230.880000 231.584000 59
232.480000 233.728000 56
233.856000 234.144000 56
234.272000 234.592000 60
234.688000 237.024000 60
240.384000 241.888000 59
242.112000 244.416000 56
