14.176000 14.368000 54
14.592000 14.784000 57
14.944000 15.424000 57
15.616000 15.872000 57
16.032000 16.352000 58
18.272000 18.400000 57
18.976000 19.200000 57
21.152000 21.856000 57
22.240000 22.400000 57
22.560000 22.688000 57
22.976000 23.296000 58
23.392000 23.584000 61
23.584000 25.088000 60
26.560000 26.624000 62
26.624000 27.136000 66
27.136000 27.936000 66
27.936000 28.000000 62
28.128000 28.320000 62
28.544000 28.960000 59
29.760000 29.920000 62
29.920000 30.816000 66
30.976000 31.648000 61
31.808000 32.256000 57
33.280000 34.496000 57
34.688000 35.232000 55
35.328000 35.648000 55
35.648000 35.712000 56
35.712000 36.224000 62
36.992000 37.472000 57
37.728000 37.888000 55
37.984000 38.304000 55
38.400000 39.008000 55
40.512000 40.672000 55
40.864000 42.720000 59
43.680000 43.936000 54
44.128000 44.416000 57
44.544000 44.896000 57
45.216000 45.312000 57
47.104000 47.392000 55
47.392000 48.672000 57
48.864000 49.120000 59
49.248000 49.472000 58
49.472000 49.824000 61
50.272000 52.000000 59
52.928000 53.344000 64
53.344000 53.792000 66
53.984000 54.624000 62
54.816000 55.264000 60
56.032000 56.192000 62
56.192000 57.056000 66
57.280000 57.568000 61
57.664000 57.920000 61
58.112000 58.464000 57
59.520000 60.000000 56
60.192000 61.920000 57
62.048000 62.592000 62
63.456000 64.800000 67
64.960000 65.344000 64
66.688000 67.424000 64
67.520000 68.800000 64
68.800000 69.216000 66
69.216000 69.632000 69
69.856000 71.104000 66
72.992000 73.952000 64
74.144000 74.592000 64
74.720000 75.552000 67
75.744000 76.160000 69
76.416000 77.696000 67
79.008000 79.232000 67
79.232000 79.552000 69
79.712000 81.632000 71
82.336000 83.680000 69
83.840000 84.800000 70
85.728000 85.792000 62
85.792000 86.912000 66
87.040000 87.616000 62
88.064000 88.736000 66
88.896000 89.056000 62
89.280000 89.760000 64
90.944000 91.328000 62
91.328000 91.712000 66
92.064000 92.960000 62
93.088000 93.184000 62
106.592000 106.880000 57
106.976000 108.288000 58
108.480000 108.576000 56
109.216000 109.344000 52
109.440000 109.536000 53
109.824000 110.528000 57
110.880000 111.264000 57
113.088000 114.400000 57
114.528000 115.008000 59
115.136000 115.808000 62
116.000000 116.704000 59
116.896000 117.312000 57
117.440000 117.728000 57
118.496000 118.528000 60
118.560000 118.784000 64
118.880000 119.200000 66
119.200000 119.744000 66
119.744000 120.608000 62
120.768000 121.024000 59
121.696000 121.920000 63
121.920000 122.784000 66
122.976000 123.104000 69
123.104000 123.680000 62
123.776000 124.224000 57
124.992000 125.600000 56
125.696000 127.520000 57
127.680000 128.224000 62
129.088000 129.152000 64
129.152000 129.280000 65
129.280000 131.104000 67
132.352000 134.016000 64
134.016000 134.496000 65
134.496000 135.392000 69
135.488000 137.344000 67
138.528000 139.328000 64
139.424000 140.288000 64
140.384000 140.448000 61
140.448000 140.608000 62
140.608000 141.280000 66
141.440000 141.600000 67
141.600000 141.888000 69
142.016000 143.584000 67
144.928000 145.248000 69
145.344000 147.296000 71
147.936000 148.192000 65
148.192000 148.960000 67
149.120000 149.344000 69
149.472000 150.272000 69
151.232000 151.360000 72
151.456000 151.840000 66
151.936000 152.672000 66
152.672000 153.088000 63
153.184000 153.344000 59
153.728000 154.560000 66
154.560000 154.784000 62
154.944000 155.968000 65
158.624000 160.448000 64
160.448000 161.088000 66
161.088000 161.600000 69
161.696000 163.680000 66
164.992000 166.144000 64
166.144000 167.552000 66
167.680000 170.208000 71
170.368000 170.624000 69
170.688000 170.720000 69
171.104000 172.128000 69
172.224000 173.952000 71
174.496000 175.616000 69
175.776000 176.960000 69
177.568000 177.632000 62
177.664000 178.912000 66
179.008000 179.584000 62
180.032000 180.672000 66
180.672000 182.048000 64
182.880000 183.040000 62
183.040000 185.664000 68
186.176000 186.368000 62
186.368000 186.944000 66
187.200000 188.640000 62
189.408000 189.632000 62
189.632000 190.208000 66
190.464000 191.648000 67
191.872000 192.096000 62
192.096000 192.640000 66
192.736000 192.864000 62
192.864000 192.992000 63
192.992000 193.312000 65
193.312000 194.208000 69
194.400000 194.560000 62
194.560000 195.008000 62
195.008000 195.424000 61
195.872000 196.032000 62
196.032000 196.192000 62
196.192000 196.960000 66
197.056000 198.688000 67
199.104000 199.232000 62
199.296000 199.616000 62
199.744000 199.808000 69
199.808000 199.936000 70
199.936000 201.120000 73
201.120000 202.144000 70
202.400000 202.944000 62
202.944000 203.520000 69
203.648000 203.712000 69
203.712000 204.096000 71
204.256000 204.704000 67
205.248000 206.016000 67
206.112000 206.304000 66
206.304000 206.944000 69
207.104000 210.816000 71
211.168000 211.296000 67
211.424000 211.552000 64
211.552000 212.864000 64
212.864000 214.048000 69
214.368000 215.520000 67
217.600000 218.176000 64
218.272000 218.400000 62
218.624000 219.552000 64
219.552000 220.096000 67
220.256000 220.672000 69
220.896000 222.016000 70
223.648000 224.096000 69
224.224000 224.928000 72
225.024000 226.240000 72
226.592000 226.784000 67
226.784000 227.264000 74
227.264000 227.968000 71
228.064000 229.568000 70
229.856000 230.272000 62
230.272000 231.840000 66
231.936000 232.096000 60
232.576000 233.024000 69
233.024000 233.312000 66
233.312000 233.568000 62
233.760000 236.672000 67
237.504000 239.584000 65
239.584000 243.200000 69
243.616000 245.632000 64
245.632000 246.304000 66
246.496000 249.728000 73
249.792000 250.016000 67
250.016000 250.208000 67
250.208000 252.896000 73
253.056000 253.824000 74
253.824000 254.528000 71
254.656000 255.936000 71
256.192000 256.288000 62
256.576000 257.696000 66
257.824000 258.432000 62
258.880000 259.584000 66
259.584000 259.904000 63
260.064000 261.184000 67
261.664000 261.920000 62
262.112000 262.528000 66
262.752000 263.232000 61
263.360000 265.440000 62
269.504000 269.568000 61
269.568000 273.216000 65
