1.376000 1.536000 58
2.080000 2.528000 56
4.096000 4.736000 56
4.992000 5.344000 55
5.440000 5.984000 57
6.688000 6.976000 57
7.072000 7.360000 55
9.056000 9.216000 55
10.016000 10.176000 56
10.528000 10.656000 57
11.808000 12.128000 57
23.680000 24.480000 54
24.608000 24.768000 54
24.896000 25.696000 53
25.824000 26.048000 52
26.208000 26.592000 52
26.720000 26.976000 50
27.232000 27.808000 54
33.440000 33.568000 46
33.568000 33.632000 49
33.632000 33.792000 53
33.920000 34.464000 54
34.560000 34.784000 54
34.880000 35.104000 53
35.232000 35.392000 52
35.552000 35.744000 52
35.872000 36.576000 52
37.088000 37.984000 54
41.120000 41.184000 46
41.184000 41.344000 49
41.440000 41.632000 50
41.760000 41.920000 59
42.784000 43.392000 47
43.936000 44.128000 49
44.256000 44.480000 49
44.704000 45.216000 47
45.856000 45.920000 50
45.920000 46.464000 52
46.464000 46.944000 61
47.104000 47.648000 57
47.744000 48.448000 57
48.704000 49.120000 50
49.280000 49.472000 52
49.632000 50.144000 50
50.304000 50.880000 54
51.840000 52.320000 55
52.480000 52.864000 55
52.960000 53.248000 55
53.344000 53.760000 54
54.016000 54.432000 52
54.560000 55.040000 46
55.808000 56.032000 47
56.032000 56.096000 47
56.096000 56.128000 49
56.128000 56.192000 54
56.192000 56.960000 55
57.056000 57.664000 54
57.824000 59.008000 54
63.296000 63.328000 53
63.328000 63.360000 50
63.360000 63.392000 54
63.392000 63.424000 45
63.424000 63.456000 53
63.648000 64.736000 54
64.896000 66.464000 54
66.624000 66.816000 52
67.136000 67.872000 47
73.280000 73.472000 55
73.600000 73.824000 54
74.016000 74.496000 45
74.592000 75.424000 49
75.520000 76.064000 50
76.064000 76.480000 48
76.576000 77.088000 49
77.216000 78.048000 59
81.184000 81.248000 46
81.248000 81.664000 49
81.760000 81.952000 52
82.144000 82.272000 61
82.400000 82.592000 57
82.816000 83.520000 57
84.000000 84.128000 57
84.384000 85.216000 49
85.504000 86.944000 50
87.040000 87.552000 52
87.680000 88.160000 50
88.256000 88.480000 55
88.736000 89.120000 54
89.280000 89.440000 48
89.664000 89.888000 50
89.888000 90.144000 49
90.368000 90.976000 45
91.744000 92.928000 53
93.024000 93.376000 54
93.472000 93.824000 50
93.952000 94.496000 49
94.592000 95.104000 62
95.840000 96.000000 62
96.128000 96.416000 66
96.512000 97.632000 59
97.856000 98.592000 64
100.736000 100.960000 66
101.120000 101.184000 60
101.184000 101.408000 64
101.408000 102.016000 64
102.176000 102.688000 64
102.688000 103.456000 64
103.872000 104.480000 57
104.640000 105.184000 64
105.184000 105.504000 62
105.760000 105.984000 62
106.112000 107.776000 56
107.936000 109.120000 62
109.216000 109.472000 61
109.600000 110.080000 59
110.208000 110.464000 57
110.784000 112.256000 57
112.384000 112.704000 64
112.704000 114.400000 57
114.528000 114.720000 64
114.880000 115.680000 67
116.064000 116.320000 66
116.480000 116.864000 62
117.344000 117.824000 66
117.952000 118.208000 59
118.304000 118.784000 64
118.912000 119.424000 65
119.520000 120.448000 66
121.024000 121.280000 60
121.408000 121.952000 64
122.112000 122.688000 64
122.688000 123.424000 63
123.840000 124.160000 61
124.160000 124.384000 64
124.576000 125.152000 64
125.152000 125.504000 64
125.760000 125.984000 57
126.112000 126.624000 64
126.752000 126.912000 62
127.040000 127.840000 62
127.936000 128.160000 62
128.320000 129.120000 59
129.280000 129.536000 56
129.536000 130.080000 62
130.208000 130.464000 61
130.752000 131.040000 64
131.168000 132.256000 62
132.416000 132.864000 62
133.152000 133.824000 62
134.880000 135.392000 59
135.552000 136.256000 54
136.480000 139.328000 45
154.592000 154.784000 46
156.928000 157.024000 54
157.120000 157.248000 53
159.232000 159.488000 52
159.584000 159.712000 52
161.728000 162.240000 52
163.296000 163.584000 50
163.584000 164.768000 54
164.864000 165.088000 45
165.184000 165.408000 52
165.504000 165.984000 54
166.144000 166.496000 54
166.624000 166.880000 54
167.104000 167.904000 52
173.280000 173.472000 53
173.632000 173.824000 55
173.984000 174.144000 54
174.272000 174.752000 50
174.912000 175.232000 47
175.424000 175.680000 58
175.840000 176.064000 59
176.480000 176.960000 47
177.120000 178.144000 50
181.216000 181.952000 50
182.112000 182.528000 52
182.688000 183.040000 61
183.040000 183.264000 57
183.648000 184.000000 57
184.192000 185.664000 49
186.048000 186.656000 52
186.752000 186.944000 51
187.072000 187.776000 52
187.776000 188.128000 54
188.256000 189.088000 55
189.280000 189.792000 57
189.792000 190.080000 55
190.208000 190.912000 54
191.488000 191.808000 52
192.064000 192.224000 45
192.384000 192.800000 46
192.992000 193.824000 49
193.888000 194.752000 50
194.880000 195.328000 54
195.456000 195.744000 51
195.904000 196.320000 52
196.320000 196.352000 54
196.352000 196.416000 60
196.416000 196.448000 62
196.448000 197.312000 66
197.312000 199.104000 60
199.232000 199.840000 64
200.800000 200.992000 64
201.088000 201.152000 64
201.152000 201.408000 66
201.408000 201.984000 60
202.112000 202.688000 64
202.688000 203.584000 65
203.648000 203.712000 63
203.776000 203.808000 64
203.872000 204.448000 64
204.544000 205.152000 57
205.152000 205.536000 64
205.728000 205.952000 62
206.112000 207.232000 62
207.392000 208.128000 62
208.256000 209.152000 59
209.248000 209.408000 55
209.600000 210.112000 62
210.208000 210.560000 57
210.688000 211.040000 57
211.136000 212.064000 64
212.064000 212.608000 61
212.704000 212.864000 64
213.056000 213.856000 66
214.528000 214.688000 64
214.880000 215.328000 58
215.552000 216.160000 64
216.384000 216.448000 67
216.448000 217.184000 66
217.344000 217.440000 54
217.440000 217.856000 57
217.856000 218.176000 65
218.272000 218.720000 59
218.880000 219.392000 66
219.520000 220.448000 60
220.640000 220.800000 66
220.800000 221.088000 63
221.088000 221.984000 62
222.112000 222.688000 61
222.688000 224.416000 62
224.576000 225.184000 64
225.184000 225.984000 64
226.112000 226.624000 60
226.720000 227.264000 64
227.264000 227.392000 62
227.392000 227.648000 59
227.648000 228.256000 58
228.256000 228.800000 62
228.800000 229.568000 62
229.568000 230.560000 64
231.072000 232.160000 63
232.384000 232.544000 66
232.544000 233.824000 62
234.528000 234.784000 54
234.816000 235.136000 54
235.136000 235.744000 54
235.840000 235.904000 52
235.904000 236.576000 51
237.120000 240.960000 55
243.008000 244.032000 54
244.160000 244.352000 54
244.576000 245.024000 54
245.184000 245.568000 54
245.760000 245.952000 54
246.592000 247.008000 46
247.200000 247.776000 55
253.344000 254.144000 54
254.272000 254.496000 46
254.592000 254.816000 49
254.912000 255.840000 50
255.968000 256.160000 56
256.480000 256.960000 59
257.184000 257.728000 49
261.184000 261.248000 49
261.248000 261.632000 49
261.920000 262.560000 50
262.784000 262.848000 52
262.848000 263.360000 61
263.968000 264.576000 58
264.768000 265.312000 57
266.144000 266.336000 57
266.432000 266.656000 52
266.784000 266.976000 55
267.168000 267.648000 55
267.744000 268.224000 54
268.352000 268.576000 54
268.672000 269.152000 54
269.408000 270.720000 52
272.480000 272.864000 50
273.152000 274.016000 55
274.272000 275.488000 55
276.352000 276.928000 54
277.184000 277.600000 45
277.952000 278.464000 46
278.720000 279.616000 54
282.400000 283.040000 54
283.360000 283.968000 52
