25.824000 25.920000 48
25.920000 25.984000 52
25.984000 27.040000 58
27.040000 27.232000 54
27.392000 27.648000 54
27.776000 27.968000 49
28.128000 28.352000 55
28.544000 28.704000 54
28.928000 29.120000 53
29.376000 29.792000 54
30.816000 31.008000 51
31.200000 32.160000 58
32.288000 32.864000 58
32.992000 33.312000 54
33.792000 33.856000 51
33.856000 34.368000 54
34.528000 34.784000 56
34.912000 35.680000 58
36.512000 36.896000 52
36.896000 37.440000 50
38.304000 38.432000 59
38.432000 38.912000 61
38.912000 39.328000 59
39.392000 39.616000 57
39.744000 40.064000 56
40.160000 40.384000 55
40.512000 40.768000 54
40.864000 41.600000 54
42.496000 42.560000 55
42.560000 42.976000 58
43.136000 44.096000 59
44.256000 44.544000 54
45.056000 45.344000 51
45.824000 46.240000 58
46.624000 47.104000 56
49.888000 49.952000 49
49.952000 50.496000 58
50.688000 50.944000 57
51.040000 51.232000 54
51.392000 51.648000 54
51.744000 52.000000 49
52.128000 53.824000 56
54.752000 54.816000 47
54.816000 55.008000 51
55.168000 55.776000 58
55.872000 56.160000 59
56.256000 56.864000 58
56.864000 57.248000 54
57.792000 57.888000 51
57.888000 57.920000 52
57.920000 58.464000 55
58.464000 59.584000 58
60.384000 60.448000 47
60.448000 60.640000 51
60.736000 60.928000 51
61.184000 61.664000 50
62.272000 63.296000 61
63.296000 63.936000 58
64.192000 64.320000 55
64.480000 64.736000 54
64.896000 65.088000 53
65.280000 65.696000 54
66.464000 66.656000 56
66.752000 67.008000 58
67.136000 67.680000 59
67.872000 68.128000 57
68.256000 68.576000 54
69.024000 69.088000 50
69.088000 69.120000 52
69.120000 69.152000 54
69.152000 69.632000 58
69.824000 71.072000 59
71.072000 71.584000 56
72.064000 72.128000 52
72.128000 72.608000 56
72.768000 74.720000 56
75.392000 77.024000 58
77.696000 78.016000 55
78.016000 78.272000 56
78.400000 78.592000 58
78.752000 79.008000 63
79.104000 79.488000 63
79.712000 80.064000 61
80.224000 80.512000 56
81.024000 81.248000 50
81.376000 81.568000 56
81.760000 82.016000 58
82.112000 83.040000 58
83.648000 83.712000 52
83.712000 83.808000 53
83.808000 84.000000 55
84.000000 84.352000 56
84.352000 84.736000 59
84.736000 85.024000 66
85.184000 85.760000 65
85.856000 86.112000 66
86.240000 86.912000 65
86.912000 87.392000 61
87.648000 87.808000 52
87.808000 88.000000 54
88.160000 88.832000 63
89.248000 89.504000 54
89.600000 90.048000 54
90.048000 90.304000 54
90.304000 90.688000 57
90.688000 91.008000 62
91.104000 91.584000 61
91.936000 92.096000 57
92.096000 92.384000 58
92.640000 92.832000 54
93.408000 93.728000 52
93.728000 94.656000 59
95.328000 95.424000 62
95.648000 96.576000 61
96.768000 97.696000 59
97.888000 97.984000 56
97.984000 98.144000 58
98.304000 98.560000 56
99.008000 99.200000 54
99.392000 99.680000 55
99.680000 101.088000 58
101.632000 102.240000 56
102.368000 102.624000 58
102.720000 103.552000 63
103.744000 104.160000 61
104.256000 104.544000 56
104.992000 105.216000 50
105.216000 105.632000 56
105.728000 105.920000 58
106.176000 106.976000 58
107.616000 107.680000 52
107.680000 107.808000 54
107.808000 108.256000 56
108.352000 108.704000 59
108.704000 108.928000 66
109.120000 110.112000 66
110.272000 110.752000 65
110.752000 111.488000 62
111.744000 112.096000 56
112.096000 112.768000 63
113.280000 113.856000 54
113.984000 114.272000 54
114.400000 114.656000 56
114.656000 114.720000 58
114.720000 115.008000 63
115.136000 115.488000 61
115.488000 115.776000 60
115.904000 116.128000 58
116.288000 116.704000 66
117.024000 117.216000 54
117.408000 117.792000 56
117.792000 118.944000 59
119.936000 120.032000 58
120.032000 120.384000 61
120.448000 121.024000 59
121.216000 122.496000 58
122.784000 122.944000 58
122.944000 123.488000 56
123.808000 126.368000 58
126.624000 126.720000 57
131.456000 131.584000 67
132.576000 132.736000 68
133.376000 133.920000 63
134.240000 134.368000 63
147.040000 147.808000 62
147.808000 148.384000 63
148.704000 148.832000 46
148.832000 148.928000 50
148.928000 149.472000 58
149.664000 149.824000 57
149.984000 150.208000 54
150.400000 150.624000 54
150.752000 150.976000 49
151.200000 152.800000 56
152.832000 152.928000 52
153.728000 153.952000 51
154.112000 154.752000 58
154.880000 155.136000 59
155.264000 155.424000 56
155.424000 155.776000 58
155.776000 156.288000 57
156.736000 156.864000 51
156.864000 157.728000 56
157.920000 158.752000 58
159.360000 159.424000 48
159.424000 159.872000 53
160.096000 160.640000 50
161.248000 161.344000 58
161.344000 161.440000 59
161.440000 161.952000 62
161.952000 162.944000 59
163.168000 163.776000 56
163.872000 164.064000 53
164.256000 164.736000 54
165.408000 165.472000 52
165.472000 165.632000 56
165.728000 166.656000 59
166.848000 167.104000 58
167.104000 167.584000 56
167.968000 168.032000 52
168.032000 168.064000 54
168.064000 168.544000 58
168.736000 168.800000 57
168.800000 169.472000 59
169.472000 170.816000 58
170.944000 171.264000 55
171.264000 173.664000 61
174.368000 175.904000 58
176.672000 176.992000 55
176.992000 177.248000 56
177.376000 177.600000 58
177.696000 178.496000 63
178.656000 179.008000 61
179.168000 179.520000 56
180.064000 180.192000 49
180.384000 180.576000 56
180.768000 181.888000 58
182.560000 182.688000 54
182.688000 182.976000 54
182.976000 183.264000 56
183.264000 183.680000 59
183.680000 183.936000 66
184.096000 185.120000 66
185.248000 185.792000 65
185.792000 186.400000 61
186.528000 186.976000 54
187.104000 187.808000 63
188.256000 188.512000 54
188.608000 188.960000 54
188.960000 189.312000 54
189.312000 189.696000 57
189.696000 190.624000 63
190.912000 191.360000 58
191.616000 191.968000 54
192.416000 192.704000 52
192.704000 193.792000 59
194.272000 194.400000 50
194.592000 195.520000 61
195.712000 196.704000 59
196.768000 196.800000 56
196.864000 197.120000 58
197.248000 197.472000 56
197.984000 198.112000 54
198.336000 198.688000 54
198.688000 200.064000 58
200.640000 200.928000 55
200.928000 201.280000 56
201.376000 201.600000 58
201.728000 202.496000 63
202.656000 203.104000 61
203.232000 203.488000 56
204.000000 204.288000 50
204.288000 204.896000 58
205.120000 205.600000 58
205.600000 206.048000 56
206.656000 206.720000 53
206.720000 207.232000 56
207.328000 207.552000 58
207.680000 207.904000 66
208.128000 209.120000 66
209.216000 209.280000 66
209.280000 209.760000 68
209.760000 210.368000 65
210.368000 211.200000 65
211.200000 211.840000 66
212.288000 213.248000 54
213.408000 213.728000 57
213.728000 213.984000 62
214.080000 214.400000 61
214.400000 214.720000 60
214.848000 215.168000 57
215.296000 215.584000 54
215.904000 216.032000 48
216.032000 216.224000 51
216.384000 216.480000 55
216.480000 218.080000 59
218.944000 219.392000 61
219.488000 220.000000 59
220.160000 221.440000 58
221.888000 221.952000 49
221.952000 221.984000 51
221.984000 222.304000 54
222.304000 222.560000 56
222.784000 224.608000 58
225.024000 225.184000 55
225.408000 225.696000 56
225.696000 226.912000 60
227.680000 227.968000 56
227.968000 228.576000 60
228.736000 229.024000 65
229.120000 229.536000 65
229.696000 230.080000 63
230.240000 230.432000 58
231.072000 231.200000 51
231.328000 231.552000 57
231.712000 233.024000 60
233.568000 234.720000 61
234.720000 234.784000 68
234.784000 234.848000 68
234.848000 234.944000 68
235.104000 236.096000 68
236.192000 236.448000 66
236.448000 236.832000 67
236.832000 237.376000 64
237.664000 237.952000 56
238.080000 238.848000 65
239.264000 240.384000 56
240.384000 240.704000 58
240.704000 240.992000 65
241.120000 241.600000 63
241.920000 242.368000 60
242.624000 242.848000 55
243.392000 243.680000 54
243.680000 244.640000 61
245.280000 245.440000 54
245.600000 246.112000 63
246.112000 246.592000 61
246.688000 247.712000 61
247.840000 248.000000 58
248.000000 248.128000 60
248.256000 248.576000 58
248.896000 248.960000 50
248.960000 249.120000 56
249.376000 249.600000 56
249.696000 250.976000 60
251.648000 251.904000 56
251.904000 252.576000 60
252.736000 253.472000 65
253.632000 254.080000 63
254.176000 254.496000 58
254.976000 255.200000 51
255.200000 255.264000 53
255.264000 255.872000 60
256.096000 256.672000 60
256.672000 257.056000 56
257.632000 257.696000 54
257.696000 258.240000 58
258.368000 258.656000 60
258.752000 258.976000 68
259.104000 260.128000 68
260.192000 260.320000 68
260.320000 260.640000 70
260.640000 261.280000 67
261.280000 261.536000 65
261.664000 262.080000 64
262.080000 262.752000 68
263.232000 263.328000 52
263.328000 263.392000 55
263.392000 264.352000 56
264.352000 264.672000 59
264.672000 265.728000 65
265.824000 266.112000 60
266.240000 269.280000 68
269.920000 270.016000 56
270.144000 270.336000 55
270.432000 271.840000 61
273.184000 273.376000 62
273.376000 273.600000 63
273.728000 273.984000 61
274.080000 274.336000 60
274.592000 275.744000 60
277.440000 277.504000 52
277.504000 277.600000 53
277.888000 278.112000 56
278.432000 281.120000 56
