20.768000 21.472000 61
21.472000 22.144000 60
23.136000 24.288000 60
24.544000 24.736000 60
24.928000 25.120000 62
25.120000 25.376000 62
25.376000 25.856000 65
25.856000 26.496000 62
27.424000 28.096000 62
28.096000 28.640000 60
29.696000 30.176000 60
30.272000 30.432000 60
30.528000 31.328000 60
31.328000 31.616000 62
31.712000 32.032000 65
32.128000 32.352000 61
32.544000 32.800000 62
32.960000 33.408000 67
34.016000 34.080000 67
34.080000 34.880000 70
35.008000 35.360000 65
35.360000 36.128000 64
36.256000 36.768000 60
38.112000 38.176000 57
38.912000 39.008000 60
40.800000 41.440000 70
41.568000 41.856000 65
41.984000 42.688000 61
42.848000 43.264000 61
43.264000 44.640000 67
44.800000 44.928000 62
45.120000 45.248000 60
45.440000 45.888000 62
46.784000 47.488000 62
47.584000 47.680000 62
47.904000 49.152000 65
49.568000 50.208000 68
50.432000 51.136000 64
51.264000 51.520000 60
51.648000 52.128000 62
52.128000 52.384000 59
52.544000 52.960000 59
53.376000 54.016000 62
54.144000 54.816000 65
54.912000 55.232000 63
55.232000 55.680000 65
56.160000 56.672000 67
56.800000 57.088000 67
57.216000 57.536000 69
57.632000 58.304000 70
58.464000 58.688000 67
58.848000 59.456000 69
61.056000 61.408000 74
61.504000 61.856000 67
61.856000 62.240000 66
62.240000 62.528000 69
62.528000 62.880000 74
62.880000 63.872000 69
63.968000 64.352000 67
64.352000 66.368000 74
66.880000 66.944000 69
66.944000 67.264000 71
67.264000 68.064000 74
68.064000 69.152000 72
69.152000 69.472000 74
69.472000 70.656000 67
70.912000 71.232000 72
71.328000 71.744000 71
71.744000 72.768000 74
72.992000 73.280000 70
73.376000 73.728000 69
73.728000 74.944000 67
75.072000 75.744000 74
75.872000 76.608000 67
76.704000 77.152000 74
77.504000 79.040000 75
79.168000 79.968000 70
80.704000 81.600000 67
81.600000 82.304000 74
82.432000 82.784000 67
82.784000 83.200000 66
83.200000 83.712000 74
84.096000 87.360000 75
101.312000 102.592000 62
103.840000 104.160000 60
104.256000 104.544000 60
104.672000 105.248000 60
105.472000 105.664000 62
105.664000 106.208000 65
106.336000 106.848000 61
107.968000 109.056000 62
109.056000 109.504000 58
110.368000 110.624000 60
110.752000 111.104000 60
111.232000 111.712000 60
111.872000 111.936000 60
111.936000 112.384000 63
112.384000 112.544000 65
112.704000 112.960000 60
113.088000 113.504000 63
113.504000 114.048000 67
114.528000 114.784000 68
114.880000 115.008000 70
115.136000 115.488000 69
115.616000 115.840000 65
115.968000 116.096000 62
116.096000 116.960000 61
117.056000 117.344000 60
120.000000 120.224000 60
121.056000 121.120000 65
121.120000 121.312000 68
121.312000 121.600000 70
121.728000 121.856000 67
121.856000 122.176000 69
122.176000 122.464000 65
122.560000 123.168000 62
123.360000 123.808000 61
123.808000 124.992000 67
125.120000 125.280000 67
125.408000 125.472000 68
125.632000 126.016000 70
126.144000 126.368000 71
127.296000 128.224000 62
128.512000 128.640000 63
128.640000 129.728000 65
130.144000 130.880000 69
130.976000 131.616000 64
131.840000 132.352000 61
132.800000 133.504000 59
133.952000 134.400000 62
135.104000 135.360000 65
135.520000 135.776000 62
135.776000 136.192000 66
136.768000 137.024000 67
137.120000 137.216000 65
137.344000 137.600000 67
137.760000 139.264000 70
139.424000 141.216000 57
141.600000 142.624000 74
142.624000 143.008000 69
143.008000 143.264000 67
143.584000 144.736000 69
144.736000 145.056000 74
145.056000 146.048000 70
146.144000 146.560000 67
146.560000 147.296000 72
147.392000 148.544000 74
148.640000 148.832000 69
149.120000 149.376000 70
149.472000 149.952000 72
149.952000 150.176000 74
150.176000 151.296000 68
151.296000 151.616000 74
151.616000 152.896000 68
153.056000 153.440000 72
153.536000 153.888000 70
153.888000 154.944000 74
155.200000 155.488000 70
155.584000 155.904000 69
155.904000 157.152000 67
157.280000 157.696000 74
158.016000 158.432000 67
158.432000 158.784000 66
158.880000 158.944000 72
158.944000 159.328000 74
159.712000 160.032000 75
160.128000 161.248000 74
161.344000 161.888000 70
161.888000 162.112000 75
162.112000 162.496000 74
162.496000 162.560000 73
162.560000 162.848000 71
162.848000 163.776000 68
163.776000 164.384000 74
164.480000 164.960000 67
164.960000 165.376000 66
165.376000 165.920000 74
166.304000 169.632000 75
195.936000 196.224000 67
196.352000 196.640000 67
196.736000 197.056000 65
197.056000 197.344000 67
197.344000 197.792000 74
197.792000 198.656000 67
198.752000 199.168000 67
199.168000 199.872000 72
200.000000 201.216000 74
201.600000 201.760000 68
201.760000 201.952000 70
202.080000 202.624000 72
202.816000 203.232000 67
203.232000 203.680000 66
203.680000 203.872000 67
203.872000 204.256000 74
204.352000 204.640000 67
204.768000 205.056000 65
205.184000 205.440000 67
205.696000 206.400000 72
206.560000 206.784000 72
206.944000 207.424000 74
207.776000 208.192000 70
208.576000 209.728000 67
209.856000 210.464000 74
210.624000 210.976000 67
210.976000 211.520000 66
211.520000 212.128000 74
212.256000 213.856000 75
213.856000 213.984000 68
214.112000 214.528000 69
214.688000 214.752000 75
214.912000 215.008000 69
215.104000 215.488000 70
215.488000 216.448000 67
216.448000 216.896000 74
217.216000 217.952000 67
218.080000 218.336000 73
218.368000 218.880000 71
218.880000 219.584000 75
219.680000 220.000000 74
220.096000 220.672000 72
220.672000 222.176000 74
222.176000 224.640000 70
