16.640000 16.832000 59
16.864000 17.280000 57
21.792000 21.920000 58
22.016000 22.144000 57
22.304000 22.720000 57
50.688000 50.880000 53
51.040000 51.232000 54
51.328000 51.552000 58
51.680000 52.576000 60
52.704000 52.960000 62
53.184000 53.312000 61
53.408000 54.048000 62
54.176000 54.592000 67
54.848000 55.264000 62
55.264000 56.320000 60
56.672000 57.152000 58
57.696000 57.888000 55
57.984000 58.176000 58
58.368000 58.816000 67
59.040000 59.680000 62
61.952000 61.984000 57
62.464000 62.784000 58
62.944000 63.392000 60
63.520000 63.744000 60
63.872000 64.096000 62
64.352000 65.472000 67
65.664000 66.016000 70
66.208000 66.976000 66
67.456000 68.864000 67
71.168000 71.712000 67
71.904000 73.120000 70
73.280000 73.472000 67
73.568000 74.144000 68
74.336000 74.656000 70
74.656000 74.816000 67
75.072000 75.872000 65
77.088000 77.216000 61
77.440000 78.368000 65
78.496000 79.424000 65
79.584000 79.776000 65
79.936000 80.192000 62
80.608000 80.768000 61
80.928000 81.056000 64
81.056000 82.144000 65
82.144000 82.656000 67
83.392000 83.584000 60
83.744000 84.864000 68
84.864000 85.312000 66
85.472000 86.464000 63
86.848000 87.392000 67
87.552000 88.096000 65
88.288000 88.384000 59
88.608000 88.736000 59
88.736000 88.768000 61
88.768000 90.208000 65
90.400000 91.776000 63
93.504000 94.080000 63
94.208000 94.752000 65
94.848000 95.136000 67
95.264000 95.872000 67
95.968000 96.096000 65
96.256000 96.608000 67
96.608000 96.960000 63
97.344000 98.304000 67
98.304000 99.104000 70
99.424000 100.000000 62
100.128000 100.352000 63
100.480000 101.728000 65
101.824000 102.208000 65
102.336000 102.560000 58
102.880000 103.456000 65
103.584000 103.840000 67
103.936000 104.160000 66
104.320000 105.152000 64
105.632000 105.920000 61
106.016000 106.560000 68
106.720000 106.912000 65
107.104000 108.288000 65
108.416000 109.056000 63
109.184000 109.696000 67
109.888000 109.984000 66
109.984000 110.400000 65
110.592000 111.008000 63
111.520000 112.160000 68
112.288000 113.184000 67
113.312000 114.048000 63
114.048000 114.880000 67
115.744000 116.320000 63
116.480000 116.672000 64
116.672000 116.960000 65
116.960000 117.088000 69
117.184000 117.504000 67
117.600000 118.176000 67
118.304000 118.432000 65
118.592000 118.944000 67
118.944000 119.296000 62
119.584000 120.224000 67
120.352000 120.576000 65
120.672000 120.928000 67
121.056000 121.408000 70
121.824000 121.920000 63
122.112000 122.304000 62
122.400000 122.624000 63
122.784000 124.160000 65
124.608000 126.528000 75
126.976000 127.520000 67
127.680000 128.192000 68
128.384000 128.896000 70
129.632000 130.016000 63
130.016000 130.656000 62
130.912000 131.136000 56
131.136000 131.456000 58
132.288000 132.864000 63
132.864000 133.536000 62
133.824000 136.256000 63
139.840000 140.064000 53
140.160000 140.384000 53
140.384000 140.448000 54
140.448000 140.512000 56
140.512000 142.176000 62
142.272000 143.136000 62
143.328000 143.680000 67
144.032000 144.448000 62
144.672000 144.928000 58
145.024000 145.568000 60
145.856000 146.368000 58
146.816000 146.944000 55
147.168000 147.328000 58
147.520000 147.680000 65
147.680000 147.968000 67
148.224000 149.792000 62
150.944000 151.264000 54
151.264000 152.000000 58
152.032000 153.568000 64
153.568000 154.464000 65
154.464000 155.264000 70
155.360000 156.288000 66
156.640000 156.896000 65
157.088000 158.560000 67
158.752000 158.912000 64
159.360000 159.584000 65
160.352000 161.568000 68
161.760000 163.712000 70
163.712000 163.872000 70
163.872000 164.064000 67
164.224000 165.600000 65
166.656000 166.976000 62
166.976000 167.872000 66
168.000000 168.992000 65
169.088000 169.472000 74
169.792000 170.112000 62
170.112000 170.720000 65
170.848000 171.040000 66
171.200000 172.160000 67
172.544000 172.864000 60
172.864000 172.928000 62
172.928000 173.376000 68
173.600000 174.560000 66
174.688000 175.776000 63
176.064000 176.640000 67
176.768000 177.216000 65
177.216000 178.304000 63
178.464000 181.856000 70
182.560000 182.656000 59
182.656000 183.200000 63
183.328000 183.840000 70
183.840000 183.936000 71
184.032000 184.320000 67
184.416000 184.608000 65
184.768000 184.992000 67
185.280000 185.664000 67
185.664000 186.144000 62
186.496000 187.424000 67
187.520000 188.256000 69
188.640000 189.184000 62
189.280000 189.536000 63
189.664000 191.232000 65
191.392000 191.680000 58
192.032000 192.672000 65
192.768000 193.344000 67
193.504000 194.400000 65
194.848000 195.232000 62
195.232000 195.840000 68
195.936000 196.128000 65
196.288000 198.208000 67
198.336000 198.848000 67
199.072000 199.168000 66
199.168000 199.392000 65
199.392000 199.616000 63
199.744000 200.096000 63
200.416000 201.376000 68
201.504000 202.432000 67
202.528000 203.104000 63
203.104000 204.384000 69
204.960000 205.568000 63
205.664000 206.112000 65
206.112000 206.368000 72
206.368000 206.656000 67
206.752000 206.912000 65
207.104000 207.392000 67
207.616000 207.936000 67
207.936000 208.384000 63
208.736000 208.960000 66
208.960000 209.376000 67
209.504000 209.728000 65
209.824000 210.112000 68
210.208000 210.368000 68
210.368000 210.656000 70
211.232000 211.808000 63
211.936000 213.376000 65
213.696000 215.712000 75
215.712000 215.808000 70
216.128000 216.736000 67
216.832000 217.440000 68
217.536000 217.696000 68
217.696000 218.208000 70
218.912000 219.264000 63
219.264000 219.872000 61
220.000000 220.672000 70
221.376000 222.016000 63
222.016000 222.560000 60
222.784000 225.792000 63
229.248000 230.592000 67
230.720000 231.328000 67
231.424000 231.872000 67
231.872000 232.032000 62
232.128000 232.352000 62
232.512000 233.056000 62
233.472000 233.952000 58
233.952000 235.840000 61
235.936000 237.824000 68
238.400000 238.880000 67
239.136000 239.616000 70
239.808000 240.384000 68
240.384000 240.832000 64
240.832000 240.928000 67
241.024000 241.280000 68
241.280000 241.440000 64
241.568000 241.952000 61
242.528000 243.200000 68
243.328000 243.616000 61
243.616000 243.712000 63
243.872000 244.224000 67
244.384000 244.640000 61
244.640000 248.160000 72
249.408000 249.568000 58
249.568000 249.632000 59
249.632000 250.240000 63
250.368000 250.880000 65
251.040000 251.328000 67
251.424000 252.000000 67
252.096000 252.192000 65
252.384000 252.736000 67
252.736000 252.992000 64
253.440000 253.888000 67
254.112000 254.400000 65
254.400000 254.752000 67
254.880000 254.944000 68
254.944000 255.168000 70
255.616000 255.712000 59
255.872000 257.824000 65
257.984000 258.304000 65
258.432000 258.560000 58
259.104000 259.936000 67
260.032000 260.448000 65
260.576000 262.560000 64
263.456000 263.712000 62
263.712000 264.224000 64
264.224000 264.704000 71
264.704000 264.832000 74
264.928000 265.152000 68
265.248000 265.408000 66
265.568000 265.920000 68
266.112000 266.496000 68
266.496000 266.912000 64
267.360000 268.544000 68
268.544000 269.152000 71
269.440000 269.984000 63
270.144000 270.336000 64
270.496000 270.720000 66
270.816000 272.064000 66
272.224000 272.544000 59
272.928000 273.504000 66
273.632000 274.144000 68
274.336000 275.232000 65
275.712000 276.064000 62
276.064000 276.704000 69
276.800000 276.992000 66
277.152000 277.248000 68
277.248000 278.400000 66
278.496000 279.072000 64
279.168000 279.680000 68
279.872000 279.968000 69
279.968000 280.384000 67
280.608000 280.960000 64
281.248000 282.112000 69
282.304000 282.912000 71
283.008000 283.104000 68
283.104000 283.936000 67
284.096000 285.024000 68
285.760000 285.824000 60
285.824000 286.368000 65
286.496000 286.624000 65
286.624000 286.912000 66
286.912000 287.104000 71
287.200000 287.328000 66
287.328000 287.488000 68
287.584000 287.776000 66
287.904000 288.224000 68
288.416000 288.800000 68
288.800000 289.184000 64
289.376000 289.472000 63
289.568000 290.208000 68
290.336000 290.592000 66
290.688000 290.944000 68
291.072000 291.424000 71
292.128000 292.640000 64
292.800000 294.240000 67
294.912000 296.672000 76
297.024000 297.568000 68
297.696000 297.760000 68
297.760000 297.856000 69
297.856000 299.008000 71
299.648000 299.776000 65
299.776000 300.064000 64
300.064000 300.704000 62
300.864000 301.696000 59
302.240000 302.880000 64
302.880000 303.424000 62
303.712000 307.424000 64
308.160000 308.736000 68
308.896000 309.376000 69
309.568000 310.080000 71
310.976000 311.328000 64
311.328000 311.968000 62
312.224000 312.416000 70
312.512000 312.672000 71
313.760000 314.080000 64
314.528000 314.880000 61
315.168000 316.448000 64
