19.360000 19.520000 58
20.608000 20.704000 57
20.800000 20.928000 56
25.152000 25.344000 54
36.160000 36.288000 51
36.384000 36.512000 50
36.768000 36.928000 55
36.928000 37.376000 54
37.472000 37.696000 52
37.696000 37.760000 48
37.824000 37.888000 48
38.144000 38.336000 48
38.464000 39.776000 57
39.904000 40.448000 56
40.576000 40.928000 53
41.312000 41.536000 52
41.632000 42.240000 60
42.656000 42.912000 52
43.040000 43.744000 59
44.096000 44.448000 52
44.576000 46.144000 55
47.200000 47.648000 55
47.648000 48.096000 57
48.256000 48.832000 48
48.832000 49.920000 52
50.048000 50.240000 53
50.240000 50.848000 55
50.848000 52.032000 53
52.128000 52.736000 52
53.472000 54.016000 54
54.016000 54.848000 52
55.200000 55.456000 50
55.808000 57.312000 50
58.400000 58.944000 51
59.040000 59.232000 55
59.232000 59.648000 54
59.744000 59.968000 52
60.064000 60.256000 48
60.448000 60.704000 48
60.704000 60.768000 49
60.768000 60.832000 52
60.832000 61.024000 57
61.120000 62.112000 57
62.240000 62.688000 56
62.848000 63.200000 52
63.648000 63.936000 54
63.936000 64.608000 60
64.928000 65.184000 53
65.312000 66.080000 59
66.368000 66.816000 60
66.816000 68.704000 57
69.472000 69.568000 50
69.568000 69.600000 52
69.600000 69.760000 57
69.856000 70.880000 62
70.880000 73.280000 57
73.376000 73.632000 64
73.728000 74.048000 63
74.048000 75.168000 62
75.776000 75.840000 60
75.840000 76.032000 62
76.128000 76.320000 60
76.480000 76.992000 57
76.992000 77.760000 60
78.208000 79.136000 62
79.232000 80.128000 57
80.128000 85.056000 62
86.080000 86.208000 55
86.272000 86.336000 58
86.336000 86.368000 60
86.368000 86.624000 63
86.624000 87.392000 67
87.392000 88.640000 65
88.768000 89.280000 60
89.408000 89.888000 60
89.888000 90.336000 56
90.432000 91.264000 56
91.808000 92.416000 63
92.544000 92.896000 62
92.896000 93.152000 61
93.280000 96.288000 62
96.288000 97.056000 64
97.440000 97.504000 61
97.504000 97.696000 64
97.792000 98.048000 62
98.144000 98.336000 62
98.336000 98.784000 61
98.784000 99.584000 57
99.776000 100.128000 55
100.224000 100.992000 63
101.088000 101.472000 60
101.472000 102.400000 59
102.944000 104.128000 66
104.128000 104.736000 61
104.736000 105.632000 64
105.824000 107.968000 64
108.320000 108.512000 55
108.672000 108.736000 59
108.736000 108.928000 62
108.928000 109.344000 65
109.344000 109.568000 67
109.568000 111.584000 64
111.712000 112.192000 60
112.192000 112.672000 56
112.768000 113.632000 55
114.080000 117.888000 64
117.984000 118.400000 67
118.400000 118.720000 64
118.720000 119.232000 60
119.712000 120.672000 64
120.672000 121.120000 61
121.120000 122.528000 57
122.528000 122.784000 63
122.880000 123.712000 63
123.712000 124.832000 58
125.312000 125.568000 64
125.664000 126.176000 62
126.176000 127.040000 62
127.232000 132.320000 60
139.072000 139.264000 60
154.752000 155.136000 51
155.328000 155.520000 55
156.064000 156.288000 52
156.416000 156.992000 48
156.992000 157.056000 50
157.056000 157.344000 57
157.440000 158.336000 57
158.528000 159.040000 56
159.136000 159.552000 53
159.904000 160.192000 54
160.192000 160.896000 60
161.152000 161.472000 52
161.632000 162.240000 59
162.720000 162.816000 48
162.816000 163.232000 52
163.392000 165.056000 55
165.856000 165.920000 54
165.920000 166.048000 57
166.144000 166.688000 62
166.816000 167.104000 61
167.104000 167.584000 58
167.584000 169.600000 57
169.600000 169.888000 64
169.984000 170.528000 63
170.528000 171.360000 60
172.032000 172.160000 60
172.160000 172.320000 62
172.416000 172.640000 60
172.736000 173.472000 59
173.472000 174.080000 60
174.432000 174.592000 60
174.592000 175.200000 62
175.200000 176.480000 61
176.576000 181.248000 64
182.368000 182.464000 55
182.624000 182.688000 60
182.688000 182.816000 62
182.912000 183.584000 66
183.584000 184.192000 64
184.256000 184.960000 63
185.056000 185.568000 60
185.728000 186.176000 60
186.176000 186.208000 58
186.208000 186.240000 56
186.240000 187.520000 55
188.000000 189.440000 64
189.568000 191.840000 63
191.936000 192.320000 67
192.320000 192.736000 64
192.736000 193.184000 60
193.664000 194.592000 64
194.592000 195.072000 61
195.072000 195.744000 58
196.096000 196.448000 57
196.448000 196.736000 64
196.832000 197.664000 63
197.664000 198.560000 59
199.232000 199.520000 63
199.616000 200.288000 63
200.288000 200.544000 67
200.544000 200.960000 64
201.056000 201.504000 60
201.504000 202.080000 62
202.080000 202.560000 59
202.912000 207.296000 60
215.840000 216.160000 59
216.160000 216.768000 64
216.768000 217.056000 67
217.056000 217.664000 64
217.760000 218.048000 63
218.144000 218.464000 63
218.624000 219.040000 60
219.168000 219.616000 60
219.616000 220.096000 58
220.224000 221.056000 55
221.568000 222.176000 64
222.304000 222.912000 62
223.008000 223.136000 60
223.136000 223.904000 62
223.904000 225.760000 62
225.856000 226.560000 64
227.168000 227.424000 64
227.520000 227.776000 62
227.872000 228.032000 62
228.032000 228.544000 61
228.544000 230.112000 63
230.112000 230.784000 64
230.912000 231.360000 61
231.360000 232.128000 57
232.448000 233.088000 64
233.088000 233.344000 63
233.344000 233.472000 67
233.472000 235.168000 64
235.168000 235.360000 65
235.552000 237.888000 64
238.176000 238.304000 55
238.432000 238.592000 61
238.720000 238.944000 64
239.040000 239.392000 67
239.392000 239.648000 62
239.744000 240.000000 64
240.000000 240.992000 63
241.120000 241.984000 60
242.144000 242.432000 52
242.528000 243.360000 55
243.872000 244.544000 64
244.640000 244.928000 62
244.928000 245.600000 62
245.696000 246.592000 63
246.688000 246.848000 60
246.848000 247.616000 62
247.616000 248.384000 67
248.384000 249.056000 62
249.376000 250.080000 64
250.208000 250.368000 62
250.368000 250.848000 62
250.848000 251.616000 58
251.936000 252.096000 55
252.288000 253.504000 64
253.504000 254.528000 57
255.040000 255.200000 62
255.200000 255.328000 64
255.488000 255.968000 63
255.968000 256.800000 62
256.928000 259.904000 60
260.736000 260.960000 64
261.056000 261.632000 62
261.792000 262.048000 67
262.144000 262.464000 64
262.624000 263.264000 60
263.264000 264.640000 62
266.176000 266.944000 58
267.136000 271.072000 60
319.552000 319.744000 67
319.872000 320.000000 62
320.000000 320.096000 66
322.528000 322.688000 62
326.048000 326.208000 65
332.640000 332.768000 60
333.568000 333.728000 66
333.888000 334.176000 66
353.024000 353.184000 63
353.536000 353.728000 59
354.112000 354.272000 59
354.368000 354.592000 61
358.144000 358.464000 62
362.976000 363.232000 50
365.088000 365.312000 48
365.440000 365.536000 48
370.304000 370.496000 62
