12.576000 12.832000 67
12.960000 14.144000 68
14.272000 15.200000 64
15.328000 16.160000 64
16.704000 17.216000 59
17.376000 17.920000 60
18.080000 18.880000 68
19.552000 19.968000 59
20.128000 20.640000 60
20.800000 21.696000 66
23.520000 24.160000 68
24.192000 25.088000 66
25.216000 26.080000 64
26.240000 27.136000 64
27.936000 28.832000 60
29.024000 29.760000 68
30.464000 31.488000 59
31.488000 32.480000 66
34.048000 34.208000 62
34.208000 35.008000 64
35.136000 35.392000 66
35.488000 36.032000 69
36.608000 37.056000 62
37.152000 37.344000 62
37.472000 37.952000 65
37.952000 38.784000 69
39.552000 40.224000 69
40.576000 40.832000 66
40.928000 41.728000 69
41.888000 43.168000 67
44.960000 45.088000 62
45.088000 46.496000 66
46.656000 47.424000 69
47.520000 47.648000 71
47.744000 49.248000 74
50.400000 50.464000 62
50.464000 50.592000 63
50.592000 50.720000 64
50.720000 52.128000 68
52.128000 52.832000 71
53.024000 53.344000 67
53.504000 54.528000 67
56.224000 57.024000 65
57.024000 58.240000 68
58.464000 58.848000 71
58.944000 60.128000 74
61.344000 61.408000 61
61.408000 61.504000 62
61.504000 61.920000 66
62.016000 62.912000 68
63.040000 63.744000 71
63.744000 63.840000 65
63.968000 64.192000 65
64.416000 65.056000 66
65.248000 65.344000 70
65.472000 65.984000 69
66.112000 66.240000 66
66.336000 66.976000 65
66.976000 67.360000 71
67.456000 68.000000 71
68.160000 68.480000 64
68.672000 69.120000 64
69.120000 69.664000 63
69.856000 70.016000 65
70.880000 71.232000 69
71.296000 71.584000 70
71.584000 71.776000 66
71.904000 72.448000 64
72.448000 72.800000 71
72.896000 73.472000 71
73.472000 73.824000 69
74.144000 75.168000 66
76.128000 76.288000 72
76.288000 76.992000 69
76.992000 77.312000 66
77.312000 77.888000 65
77.888000 78.272000 71
78.400000 78.560000 71
78.720000 78.912000 71
79.040000 79.424000 64
79.616000 79.904000 64
79.904000 80.384000 63
81.792000 82.368000 69
82.592000 82.624000 66
82.688000 83.328000 64
83.328000 83.712000 71
83.808000 84.352000 71
84.352000 84.672000 70
85.056000 85.888000 64
88.928000 88.992000 65
88.992000 89.216000 68
89.312000 89.856000 68
89.952000 90.464000 66
90.656000 92.640000 64
93.024000 93.600000 59
93.696000 94.272000 60
94.400000 95.232000 68
95.744000 96.000000 59
96.128000 96.992000 59
97.088000 97.152000 63
97.152000 98.144000 66
99.840000 100.416000 68
100.544000 101.120000 66
101.216000 103.488000 64
104.096000 104.544000 59
104.640000 105.312000 59
105.408000 106.208000 68
106.784000 107.200000 59
107.360000 107.968000 59
108.096000 109.216000 66
110.400000 110.944000 62
110.944000 111.776000 68
111.776000 112.384000 69
112.960000 113.728000 62
113.824000 114.080000 64
114.176000 114.400000 65
114.528000 115.168000 69
115.520000 115.680000 65
115.680000 116.544000 69
116.896000 117.152000 66
117.248000 117.824000 69
117.824000 118.080000 67
118.272000 119.744000 66
121.312000 121.536000 62
121.664000 122.240000 65
122.240000 122.368000 68
122.464000 122.880000 66
123.008000 123.968000 71
124.064000 126.016000 74
126.912000 127.104000 65
127.104000 127.936000 67
127.936000 129.184000 71
129.472000 129.664000 66
129.856000 131.168000 66
132.576000 133.376000 65
133.376000 134.112000 67
134.112000 135.200000 71
135.296000 136.864000 74
137.728000 137.856000 63
137.856000 138.240000 66
138.400000 138.624000 66
138.752000 139.264000 68
139.392000 140.064000 71
140.224000 140.576000 66
140.736000 141.376000 66
141.600000 141.696000 72
141.696000 142.368000 69
142.496000 142.592000 66
142.720000 143.328000 65
143.328000 143.552000 71
143.840000 144.384000 71
144.512000 144.736000 63
145.056000 145.376000 64
145.536000 145.824000 61
146.144000 146.336000 67
147.232000 147.840000 69
148.288000 148.672000 64
148.800000 149.088000 71
149.280000 149.888000 71
149.984000 150.112000 64
150.528000 150.784000 64
150.880000 151.328000 64
152.512000 152.640000 70
152.640000 153.440000 68
153.440000 153.536000 66
153.536000 154.144000 65
154.304000 154.592000 71
154.752000 154.944000 71
155.104000 155.296000 71
155.424000 155.616000 64
155.968000 156.224000 64
156.352000 156.736000 61
156.992000 157.056000 61
158.176000 158.720000 68
158.976000 159.104000 66
159.104000 159.712000 65
159.712000 160.064000 71
160.192000 160.736000 71
160.736000 161.056000 70
161.440000 161.664000 64
161.760000 162.208000 63
163.936000 164.480000 64
164.640000 164.896000 62
165.664000 166.720000 64
166.720000 167.552000 62
167.552000 168.224000 64
170.176000 170.816000 63
170.816000 171.200000 60
171.648000 172.032000 55
172.032000 173.664000 58
174.912000 175.744000 68
176.576000 176.704000 67
176.960000 177.568000 63
177.568000 178.464000 64
178.464000 179.232000 66
180.672000 180.864000 64
181.024000 182.528000 64
183.040000 183.680000 64
183.712000 184.864000 68
185.248000 185.312000 64
185.312000 185.472000 66
185.472000 186.016000 68
186.144000 186.272000 67
186.400000 186.976000 65
186.976000 188.032000 71
188.160000 188.384000 64
188.736000 188.960000 64
189.056000 189.536000 61
189.632000 189.856000 61
190.880000 191.520000 69
191.648000 191.808000 67
191.936000 192.416000 64
192.512000 192.768000 71
192.928000 193.472000 71
193.472000 193.760000 70
194.144000 194.400000 64
194.496000 194.688000 65
194.688000 195.168000 67
196.288000 196.352000 66
196.352000 197.184000 69
197.280000 197.408000 62
197.408000 197.824000 63
197.984000 198.240000 71
198.400000 198.592000 71
198.720000 198.848000 71
199.072000 199.232000 64
199.584000 199.840000 64
200.000000 200.416000 61
201.792000 202.368000 69
202.560000 202.624000 68
202.624000 202.720000 67
202.720000 203.392000 66
203.392000 203.680000 71
203.840000 204.512000 71
204.704000 204.832000 67
205.088000 205.344000 64
205.440000 206.080000 67
207.232000 207.296000 66
207.296000 207.520000 68
207.936000 208.032000 65
208.288000 208.416000 69
208.480000 210.240000 71
210.464000 211.008000 68
211.008000 212.224000 72
212.352000 212.512000 72
213.088000 213.728000 64
213.728000 215.904000 71
216.128000 217.664000 68
217.856000 218.176000 66
218.496000 218.560000 60
218.560000 219.104000 64
219.200000 219.264000 70
219.264000 222.912000 72
223.232000 223.456000 72
224.000000 224.192000 64
224.288000 224.640000 64
224.640000 226.848000 71
227.200000 228.288000 68
228.384000 228.672000 64
228.896000 229.120000 66
229.120000 229.632000 69
229.760000 229.920000 66
229.984000 230.496000 67
