30.656000 31.840000 51
34.176000 34.336000 47
34.496000 34.912000 50
35.040000 35.104000 51
35.104000 35.360000 53
35.520000 35.712000 47
35.840000 36.096000 47
36.512000 36.768000 47
37.152000 37.312000 47
39.424000 39.648000 51
39.744000 40.256000 51
40.416000 40.608000 52
40.736000 40.896000 51
41.056000 41.248000 52
42.048000 42.368000 49
42.688000 42.912000 51
43.008000 43.200000 52
43.328000 43.904000 52
44.704000 45.024000 49
45.344000 45.472000 47
45.664000 45.888000 49
45.984000 46.528000 48
46.688000 46.784000 47
47.008000 47.424000 49
47.520000 47.616000 49
51.104000 51.456000 54
51.552000 51.808000 52
51.936000 53.312000 52
55.264000 55.392000 47
55.520000 55.712000 49
55.808000 55.936000 51
56.064000 56.352000 53
56.480000 57.024000 47
57.120000 57.408000 47
57.696000 57.920000 47
60.704000 61.856000 52
62.016000 62.240000 52
63.008000 63.360000 49
63.648000 63.872000 51
64.000000 64.192000 52
64.320000 64.864000 52
65.632000 65.952000 49
66.592000 67.488000 50
67.584000 68.992000 50
71.392000 72.704000 66
72.800000 73.600000 66
73.696000 74.336000 56
74.464000 75.360000 58
75.456000 76.288000 58
76.704000 78.624000 66
78.624000 79.872000 59
80.032000 81.536000 60
82.016000 82.240000 63
82.336000 83.520000 64
83.616000 83.968000 64
84.160000 84.480000 56
84.608000 84.832000 56
84.960000 85.152000 56
85.152000 85.472000 55
85.568000 85.824000 59
85.952000 86.688000 58
87.200000 87.456000 59
87.552000 89.088000 60
89.184000 89.728000 60
89.824000 90.048000 59
90.144000 91.040000 61
91.168000 92.320000 64
92.480000 92.704000 66
92.800000 94.400000 65
94.400000 95.584000 57
95.744000 95.904000 58
96.064000 96.320000 59
96.416000 97.216000 58
97.664000 98.240000 66
98.336000 98.560000 64
98.656000 99.584000 65
99.680000 99.840000 58
100.000000 100.864000 58
100.960000 101.312000 55
101.312000 102.336000 60
102.912000 103.808000 64
103.904000 104.800000 64
104.800000 105.792000 60
105.888000 106.048000 56
106.240000 106.464000 53
106.464000 106.560000 56
106.560000 106.752000 58
106.880000 107.488000 58
108.480000 108.672000 58
108.832000 108.960000 54
109.152000 110.784000 60
111.168000 111.360000 59
114.368000 114.592000 52
114.752000 115.872000 51
117.952000 118.048000 47
118.240000 118.592000 50
118.592000 119.232000 53
119.232000 119.744000 47
120.320000 120.512000 47
123.872000 124.416000 52
124.512000 125.088000 52
125.824000 126.176000 50
126.432000 126.688000 51
126.784000 127.296000 52
127.424000 127.648000 52
127.968000 128.064000 54
128.160000 128.256000 54
128.448000 128.768000 49
129.440000 129.664000 51
129.760000 129.984000 49
130.080000 130.688000 50
131.168000 131.456000 47
134.336000 134.592000 66
134.592000 135.520000 66
135.648000 136.320000 66
136.480000 137.120000 56
137.280000 139.104000 59
139.200000 139.328000 56
139.520000 141.472000 66
141.632000 142.656000 58
142.848000 144.384000 61
144.832000 145.024000 63
145.120000 146.336000 64
146.432000 146.752000 64
146.976000 148.000000 56
148.000000 148.384000 54
148.384000 148.640000 58
148.768000 149.504000 58
150.048000 151.232000 61
151.328000 153.152000 61
153.312000 153.824000 61
153.952000 154.624000 59
154.624000 155.008000 63
155.168000 157.184000 66
157.280000 158.400000 56
158.560000 158.688000 58
158.880000 160.128000 59
160.512000 161.056000 66
161.184000 161.376000 64
161.472000 162.432000 65
162.528000 162.656000 58
162.784000 163.360000 58
163.456000 163.648000 57
163.776000 163.936000 54
164.128000 165.216000 60
165.696000 166.592000 64
166.688000 166.912000 64
167.008000 167.584000 63
167.584000 168.864000 59
168.992000 169.312000 56
169.312000 169.536000 59
169.664000 170.272000 58
170.976000 171.168000 58
171.168000 171.808000 57
171.968000 172.160000 59
172.320000 173.472000 59
176.864000 176.960000 59
177.184000 177.728000 62
177.824000 178.144000 62
178.144000 178.368000 58
178.464000 178.816000 59
178.816000 179.424000 62
179.424000 179.680000 57
179.776000 180.032000 62
180.128000 181.504000 62
182.080000 182.208000 58
182.368000 183.328000 61
183.424000 183.616000 55
183.712000 184.032000 58
184.032000 184.640000 61
184.640000 184.928000 56
184.992000 185.248000 60
185.376000 186.688000 60
187.360000 187.648000 59
187.648000 188.160000 63
188.320000 188.544000 62
188.640000 188.928000 56
188.928000 189.280000 60
189.280000 189.856000 62
189.952000 190.240000 57
190.240000 190.496000 62
190.624000 191.520000 61
191.936000 192.096000 54
192.224000 192.448000 62
192.544000 192.800000 62
192.800000 193.024000 59
193.216000 196.480000 63
197.792000 197.920000 58
198.112000 198.336000 61
198.432000 198.656000 63
198.752000 199.072000 62
199.072000 199.232000 56
199.392000 199.712000 59
199.712000 200.320000 63
200.736000 202.400000 63
203.008000 203.168000 58
203.360000 203.904000 59
204.000000 204.288000 60
204.288000 204.512000 54
204.640000 205.536000 61
205.664000 205.792000 54
205.952000 207.648000 61
208.224000 208.576000 59
208.576000 209.120000 63
209.248000 209.504000 62
209.600000 209.792000 56
209.920000 210.240000 60
210.240000 210.464000 63
210.560000 210.816000 62
211.232000 212.640000 63
213.184000 213.376000 62
213.504000 213.696000 61
213.856000 214.016000 55
214.176000 214.656000 61
214.816000 216.960000 60
218.080000 218.336000 66
218.336000 219.296000 66
219.392000 220.192000 66
220.192000 220.640000 56
220.736000 221.248000 56
221.344000 221.568000 58
221.664000 222.848000 58
223.296000 223.552000 66
223.648000 225.216000 65
225.216000 225.472000 62
225.600000 225.856000 58
225.952000 226.560000 59
226.560000 226.848000 55
226.944000 227.200000 60
227.328000 228.128000 59
228.512000 230.624000 64
230.624000 231.104000 57
231.200000 231.712000 57
231.712000 232.160000 55
232.160000 233.344000 59
233.824000 235.008000 60
235.136000 235.328000 59
235.424000 235.680000 61
235.776000 236.608000 61
236.672000 236.960000 61
237.056000 237.280000 59
237.408000 237.568000 61
237.696000 237.952000 59
237.952000 238.528000 62
238.528000 239.296000 66
239.296000 240.576000 66
240.672000 240.928000 66
240.928000 241.024000 62
241.088000 242.208000 56
242.304000 242.432000 58
242.624000 243.840000 59
244.224000 246.112000 66
246.336000 246.784000 58
246.880000 247.072000 59
247.392000 247.808000 56
247.808000 249.376000 60
250.176000 251.392000 63
251.392000 252.288000 56
252.448000 252.704000 55
252.704000 253.024000 53
253.120000 254.016000 59
255.072000 255.296000 57
255.392000 255.584000 54
255.744000 256.096000 61
256.224000 258.048000 59
