35.616000 38.016000 68
40.064000 42.272000 68
45.120000 45.248000 66
45.440000 45.696000 66
45.792000 47.104000 68
49.472000 51.488000 68
52.896000 53.408000 59
53.536000 54.048000 56
54.048000 55.360000 58
55.744000 56.576000 59
56.736000 57.600000 56
58.432000 58.720000 56
58.720000 58.816000 56
58.816000 58.912000 57
58.912000 58.976000 59
58.976000 59.520000 63
59.520000 60.320000 59
60.416000 61.600000 56
62.176000 62.624000 59
62.752000 63.168000 55
63.360000 64.576000 58
64.992000 65.792000 59
65.888000 67.040000 56
67.616000 67.840000 55
67.840000 68.160000 57
68.160000 68.192000 58
68.192000 70.016000 63
70.208000 71.584000 63
71.904000 72.128000 66
72.256000 72.416000 63
72.512000 73.696000 61
74.208000 75.008000 64
75.104000 75.904000 59
79.712000 80.160000 59
80.288000 81.088000 55
81.088000 82.432000 59
82.560000 83.264000 55
83.488000 84.896000 58
88.928000 89.664000 59
89.664000 90.272000 55
90.368000 91.648000 59
91.840000 92.512000 54
92.736000 95.872000 59
98.720000 98.784000 58
98.784000 99.040000 59
99.040000 99.264000 61
99.264000 99.552000 63
99.552000 100.352000 63
100.512000 100.896000 64
101.024000 102.592000 63
103.360000 103.424000 57
103.424000 103.648000 60
103.648000 103.872000 61
103.872000 104.160000 63
104.160000 104.384000 61
104.512000 104.736000 63
104.736000 104.960000 62
105.088000 105.408000 64
105.504000 105.856000 63
105.984000 106.400000 59
106.400000 106.464000 60
106.464000 107.040000 66
107.136000 108.512000 59
108.864000 109.120000 65
109.120000 109.376000 66
109.504000 111.424000 61
112.544000 112.672000 59
112.672000 112.864000 60
112.864000 113.120000 61
113.120000 113.408000 63
113.408000 113.952000 63
114.080000 114.336000 60
114.336000 114.688000 64
114.816000 115.072000 63
116.000000 116.320000 63
117.472000 117.536000 59
117.536000 118.080000 63
118.144000 118.400000 60
118.400000 118.592000 63
118.688000 118.880000 59
118.976000 119.360000 64
119.456000 119.744000 63
119.840000 120.256000 59
120.256000 120.416000 62
120.416000 120.864000 66
121.088000 121.408000 59
121.504000 122.528000 59
123.264000 123.552000 61
123.552000 124.384000 64
124.480000 125.568000 59
125.664000 126.144000 59
126.144000 126.752000 57
127.872000 128.128000 61
128.128000 128.928000 64
129.120000 129.376000 58
129.376000 130.816000 59
130.816000 131.968000 61
132.480000 132.704000 59
132.704000 133.600000 64
133.728000 134.784000 59
134.880000 137.984000 59
154.464000 154.688000 57
154.688000 154.912000 59
154.976000 155.552000 55
155.552000 156.928000 58
157.280000 158.144000 59
158.144000 159.552000 56
159.904000 160.320000 56
160.512000 160.576000 61
160.576000 160.960000 63
161.056000 161.824000 59
161.984000 163.328000 56
163.648000 164.320000 59
164.320000 164.672000 55
164.896000 166.272000 58
166.528000 166.752000 58
166.848000 167.360000 59
167.488000 169.632000 56
169.728000 169.952000 63
170.048000 170.240000 61
170.240000 170.496000 60
170.592000 171.008000 59
171.136000 171.616000 61
171.712000 173.056000 63
173.376000 173.824000 66
173.824000 173.920000 63
174.048000 175.456000 61
175.712000 176.640000 64
176.640000 179.136000 60
179.264000 179.616000 58
180.160000 180.352000 58
181.248000 181.408000 57
181.408000 181.632000 59
181.856000 182.656000 55
182.656000 183.200000 59
183.296000 184.000000 58
184.192000 184.864000 55
184.864000 184.960000 56
184.960000 185.248000 63
185.376000 185.632000 63
185.632000 185.792000 62
185.792000 186.752000 59
186.752000 186.976000 61
186.976000 189.984000 68
190.144000 190.848000 67
191.008000 191.264000 59
191.264000 191.552000 61
191.552000 191.840000 63
191.840000 192.128000 59
192.224000 192.416000 63
192.512000 192.608000 59
192.800000 192.960000 62
192.960000 193.120000 64
193.280000 193.408000 63
193.696000 195.168000 59
195.712000 195.936000 60
195.936000 196.608000 63
196.608000 196.704000 59
196.800000 197.056000 63
197.408000 198.144000 65
198.336000 198.624000 59
198.816000 198.880000 61
198.880000 199.328000 66
199.456000 200.832000 59
201.152000 201.216000 62
201.216000 201.696000 66
201.824000 202.528000 59
202.528000 204.352000 64
204.928000 205.184000 59
205.184000 205.696000 63
205.792000 205.984000 59
205.984000 206.240000 63
206.688000 207.264000 66
207.264000 207.328000 59
207.360000 207.456000 59
207.488000 208.992000 59
209.600000 209.792000 59
209.792000 209.984000 61
210.080000 210.336000 63
210.336000 210.592000 59
210.688000 210.848000 63
210.944000 211.136000 59
211.232000 211.424000 62
211.424000 211.584000 64
211.776000 212.000000 63
212.128000 212.512000 59
212.704000 212.960000 65
212.960000 213.152000 66
213.280000 215.136000 59
215.552000 215.840000 60
215.840000 216.640000 64
216.640000 218.432000 61
218.432000 219.808000 57
220.160000 220.448000 60
220.448000 221.280000 64
221.280000 222.400000 59
222.496000 224.384000 61
224.864000 225.824000 64
225.920000 227.008000 59
227.136000 228.576000 59
228.704000 229.600000 66
229.600000 231.360000 61
231.680000 231.936000 59
231.936000 232.000000 61
232.000000 232.992000 64
232.992000 233.920000 61
234.016000 236.192000 59
236.608000 236.832000 61
236.832000 237.088000 63
237.248000 238.080000 59
238.080000 238.528000 63
238.656000 239.488000 62
239.488000 240.128000 66
240.352000 245.952000 66
248.768000 249.056000 59
249.056000 249.312000 61
249.312000 249.536000 63
249.536000 250.368000 63
250.496000 250.688000 62
250.688000 250.912000 65
251.072000 251.232000 63
251.232000 251.392000 62
251.488000 252.768000 59
253.408000 253.696000 61
253.696000 254.336000 63
254.336000 254.400000 59
254.528000 254.752000 63
254.752000 254.976000 62
255.104000 255.456000 64
255.552000 255.904000 63
256.032000 256.576000 59
256.576000 257.216000 66
257.216000 257.472000 59
257.696000 258.496000 56
258.880000 259.392000 66
259.488000 260.288000 60
260.288000 261.152000 62
261.152000 262.208000 66
262.592000 263.392000 63
263.488000 263.648000 59
263.648000 263.904000 63
264.032000 264.192000 59
264.224000 264.288000 59
264.288000 265.120000 66
265.248000 265.664000 63
265.696000 266.720000 59
267.264000 267.392000 59
267.488000 267.648000 61
267.744000 267.968000 63
267.968000 268.160000 61
268.352000 268.544000 63
268.544000 268.768000 59
268.896000 268.960000 62
268.960000 269.440000 66
269.536000 269.632000 66
269.792000 270.112000 59
270.368000 271.648000 66
271.744000 272.896000 52
273.248000 273.536000 59
273.536000 274.304000 64
274.304000 275.456000 62
275.584000 276.000000 59
276.000000 277.184000 58
277.472000 278.144000 60
278.144000 278.720000 64
279.040000 279.968000 59
280.192000 280.704000 59
280.704000 281.184000 64
281.184000 282.336000 66
282.464000 282.720000 60
282.720000 283.200000 64
283.872000 284.608000 59
284.736000 289.472000 59
