6.432000 6.592000 50
7.872000 8.000000 53
8.640000 8.832000 49
11.264000 11.424000 53
11.776000 12.000000 49
13.088000 13.568000 51
13.728000 13.888000 50
17.856000 18.144000 51
18.752000 18.880000 50
19.936000 20.192000 50
20.992000 21.184000 50
21.344000 21.504000 49
21.696000 21.888000 49
22.464000 22.656000 52
24.512000 24.640000 49
24.640000 24.896000 52
24.896000 25.152000 49
25.248000 25.504000 49
28.512000 28.608000 51
48.576000 48.640000 61
48.640000 49.376000 63
49.376000 49.760000 61
49.856000 52.096000 59
52.576000 55.520000 63
56.576000 57.408000 63
57.408000 58.016000 59
58.560000 58.976000 63
59.072000 60.032000 62
60.544000 60.768000 59
60.896000 61.472000 59
61.568000 61.856000 57
61.856000 62.752000 61
62.944000 63.552000 57
64.544000 65.504000 63
65.504000 65.760000 61
65.856000 67.840000 59
68.608000 68.960000 63
69.056000 71.296000 63
72.576000 72.800000 62
72.800000 72.960000 60
73.088000 73.952000 62
74.048000 75.264000 63
75.552000 76.096000 59
76.544000 76.992000 57
76.992000 77.056000 59
77.056000 77.088000 61
77.088000 77.920000 66
78.080000 78.432000 62
78.560000 78.688000 59
78.816000 79.680000 62
80.512000 80.576000 62
80.576000 80.864000 66
81.056000 81.600000 66
81.600000 82.016000 63
82.560000 83.712000 60
84.544000 84.928000 66
85.056000 85.536000 66
85.536000 86.080000 65
86.496000 86.784000 59
87.072000 87.744000 59
88.544000 89.376000 63
89.376000 89.472000 59
89.568000 90.016000 59
90.528000 91.296000 63
91.296000 92.064000 60
92.576000 92.896000 57
93.056000 94.272000 68
94.368000 94.720000 63
94.816000 94.880000 65
94.880000 95.616000 68
95.968000 96.224000 54
96.384000 96.512000 56
96.512000 96.864000 59
97.088000 97.632000 63
97.696000 98.016000 63
98.016000 99.040000 66
99.072000 99.456000 63
99.680000 99.776000 61
100.064000 100.288000 63
100.384000 100.896000 62
101.088000 101.280000 60
101.280000 102.720000 63
102.816000 103.232000 61
103.360000 103.520000 60
104.096000 104.928000 62
105.120000 105.536000 59
105.824000 106.240000 55
106.336000 107.776000 62
108.576000 108.768000 59
108.864000 109.472000 59
109.568000 109.728000 57
109.824000 110.432000 59
110.560000 110.784000 61
110.784000 110.848000 60
110.848000 110.912000 59
110.912000 111.552000 57
112.064000 112.224000 54
112.384000 112.544000 57
112.544000 112.864000 59
113.056000 113.920000 63
114.048000 114.272000 66
114.272000 115.008000 66
115.008000 115.456000 65
116.000000 117.120000 63
117.120000 117.888000 66
118.048000 119.136000 68
119.136000 119.360000 65
120.064000 120.320000 66
120.320000 120.896000 63
121.024000 121.472000 60
121.792000 122.240000 66
122.336000 122.752000 63
122.880000 123.136000 59
123.232000 123.776000 59
124.512000 124.896000 59
124.896000 125.024000 62
125.024000 125.472000 68
125.568000 126.496000 66
126.496000 127.232000 66
127.232000 128.064000 62
128.320000 132.000000 61
132.736000 134.816000 73
136.544000 136.672000 60
136.672000 136.928000 59
136.992000 137.152000 57
137.344000 137.536000 59
138.560000 138.848000 59
138.848000 139.232000 58
140.608000 140.832000 59
140.832000 141.056000 58
142.560000 143.264000 63
143.360000 143.552000 62
143.552000 143.840000 63
143.840000 144.288000 62
144.288000 144.800000 63
144.800000 148.352000 66
148.352000 150.816000 63
154.336000 154.592000 67
160.544000 164.096000 63
164.576000 164.928000 63
165.088000 167.584000 62
168.512000 168.576000 59
168.576000 168.960000 63
169.056000 169.152000 63
169.152000 169.952000 62
170.560000 171.232000 63
171.232000 172.000000 61
172.544000 174.400000 60
174.528000 174.912000 61
174.912000 174.976000 58
174.976000 175.552000 56
176.544000 180.032000 63
180.576000 180.960000 63
181.056000 183.392000 63
183.616000 183.808000 62
183.936000 184.032000 62
184.544000 184.960000 62
185.056000 185.760000 61
186.016000 187.264000 64
187.552000 188.096000 59
188.544000 188.992000 57
189.088000 189.472000 66
189.600000 189.952000 63
190.048000 190.176000 62
190.176000 191.456000 63
191.456000 191.584000 63
192.544000 193.568000 66
193.568000 193.984000 63
194.432000 194.592000 55
194.592000 194.944000 59
195.072000 195.168000 59
195.264000 195.616000 59
196.544000 196.608000 63
196.608000 196.960000 66
197.056000 197.536000 66
197.536000 197.984000 65
198.528000 198.848000 59
198.848000 199.072000 57
199.296000 199.360000 58
199.360000 199.648000 63
200.544000 201.376000 63
201.376000 202.080000 60
202.528000 203.264000 63
203.264000 203.456000 59
203.552000 204.064000 59
204.544000 204.896000 59
205.056000 205.952000 68
206.048000 206.336000 67
206.336000 206.592000 64
206.784000 207.392000 68
208.000000 208.224000 54
208.384000 208.480000 56
208.480000 208.896000 61
209.024000 209.920000 63
210.016000 210.272000 66
210.272000 210.976000 66
210.976000 211.456000 64
212.000000 212.256000 63
212.384000 212.896000 62
213.056000 213.920000 61
214.016000 214.720000 63
214.816000 215.232000 61
216.096000 216.864000 62
217.024000 217.504000 59
217.824000 218.080000 58
218.080000 218.368000 62
218.368000 219.776000 62
220.512000 220.768000 59
220.864000 221.024000 57
221.024000 221.696000 59
221.824000 222.432000 59
222.528000 222.784000 61
222.784000 222.880000 60
222.880000 223.584000 58
224.064000 224.256000 54
224.384000 224.576000 56
224.576000 224.864000 59
225.056000 225.120000 61
225.120000 225.280000 62
225.280000 226.016000 64
226.016000 226.976000 66
227.072000 227.488000 63
228.000000 228.064000 60
228.064000 228.576000 63
228.576000 229.024000 61
229.120000 229.920000 66
230.048000 230.784000 69
230.816000 231.424000 67
232.064000 232.320000 66
232.320000 233.536000 63
233.824000 234.272000 66
234.272000 234.720000 63
234.880000 235.712000 59
236.512000 236.960000 59
236.960000 238.688000 68
238.816000 239.040000 66
239.040000 239.872000 65
240.224000 242.880000 61
244.512000 246.496000 63
246.496000 247.072000 63
247.072000 247.872000 67
250.464000 250.656000 61
250.656000 250.912000 59
252.352000 255.040000 64
255.040000 256.352000 60
256.352000 258.944000 56
259.040000 259.136000 54
