21.856000 21.920000 51
21.920000 22.208000 55
22.336000 22.560000 55
22.560000 23.712000 54
23.712000 24.640000 52
24.736000 26.016000 50
26.016000 27.424000 50
29.504000 29.888000 55
29.984000 30.208000 55
30.208000 31.360000 54
31.360000 32.288000 52
32.384000 33.248000 48
33.344000 35.456000 59
36.096000 36.352000 56
36.352000 36.992000 59
37.088000 38.432000 59
38.528000 38.880000 59
39.008000 39.872000 59
39.968000 42.240000 59
42.368000 43.040000 52
43.776000 45.120000 57
45.216000 46.176000 58
46.176000 46.752000 52
47.136000 48.768000 51
52.352000 52.416000 50
52.416000 52.704000 55
52.832000 53.664000 55
53.760000 53.856000 50
53.856000 54.112000 53
54.240000 54.656000 51
54.656000 55.680000 50
55.808000 58.016000 50
59.936000 60.000000 51
60.000000 61.344000 55
61.344000 62.560000 53
62.560000 63.616000 48
63.776000 66.016000 59
66.560000 66.752000 55
66.848000 67.936000 59
68.032000 68.864000 59
69.024000 69.952000 59
69.952000 70.336000 58
70.336000 70.944000 57
70.944000 72.768000 59
72.768000 73.664000 54
74.208000 74.400000 57
74.496000 75.104000 57
75.200000 76.576000 58
76.576000 77.184000 51
77.568000 80.448000 57
80.896000 81.056000 53
81.056000 81.408000 55
81.408000 82.304000 59
82.304000 83.232000 54
83.296000 84.160000 60
84.736000 85.120000 55
85.216000 85.344000 55
85.344000 86.112000 59
86.208000 87.008000 50
87.136000 88.064000 59
88.544000 88.608000 53
88.608000 89.120000 56
89.120000 89.888000 59
89.984000 90.816000 51
90.912000 91.328000 60
91.616000 91.840000 60
91.840000 92.288000 59
92.288000 92.384000 58
92.384000 93.120000 57
93.120000 93.696000 55
93.792000 94.624000 50
94.720000 95.648000 62
96.128000 96.192000 57
96.192000 97.440000 62
97.568000 98.368000 55
98.496000 99.456000 63
99.936000 100.000000 58
100.000000 100.800000 62
100.928000 101.312000 63
101.408000 103.008000 67
103.008000 104.160000 63
104.480000 105.568000 62
105.664000 106.336000 58
106.624000 107.488000 62
107.584000 111.040000 59
126.656000 126.720000 53
126.720000 128.000000 55
128.096000 128.480000 53
128.576000 129.024000 51
129.024000 129.888000 50
130.080000 131.744000 50
134.240000 134.592000 55
134.720000 136.032000 55
136.160000 136.608000 51
136.608000 137.920000 50
138.080000 140.224000 59
140.864000 141.056000 55
141.152000 142.240000 59
142.336000 142.688000 59
142.816000 144.608000 59
144.608000 145.088000 57
145.184000 147.040000 59
147.104000 147.936000 52
148.512000 149.344000 57
149.472000 150.304000 57
150.400000 150.784000 58
150.912000 151.424000 51
151.872000 154.720000 57
155.232000 155.328000 52
155.328000 155.392000 53
155.392000 155.712000 55
155.712000 156.768000 59
156.768000 157.472000 51
157.600000 158.400000 60
159.008000 159.072000 53
159.072000 159.168000 55
159.168000 159.552000 56
159.552000 160.512000 59
160.512000 161.280000 50
161.408000 162.304000 59
162.816000 162.880000 53
162.880000 163.264000 55
163.264000 163.808000 57
163.808000 164.192000 59
164.192000 165.184000 53
165.184000 165.600000 60
165.888000 166.112000 60
166.112000 166.752000 59
166.752000 167.520000 57
167.520000 168.896000 54
169.024000 169.920000 62
170.432000 170.496000 57
170.496000 171.776000 62
171.904000 172.704000 55
172.832000 173.728000 63
174.208000 174.272000 58
174.272000 175.072000 62
175.200000 175.744000 63
175.744000 177.472000 67
177.472000 178.464000 63
178.784000 179.840000 62
179.936000 180.608000 58
180.896000 181.408000 62
181.408000 181.760000 60
181.856000 185.920000 59
189.920000 190.080000 59
190.080000 190.240000 57
210.944000 211.776000 58
211.872000 213.216000 62
213.664000 214.592000 55
214.720000 215.520000 63
216.160000 216.576000 65
216.576000 217.248000 62
217.248000 217.504000 58
217.504000 218.496000 56
218.496000 219.456000 62
220.000000 220.064000 57
220.064000 220.448000 59
220.448000 221.312000 62
221.440000 222.272000 54
222.368000 222.752000 63
223.008000 223.200000 63
223.296000 223.904000 62
223.904000 224.416000 60
224.480000 224.672000 58
224.672000 226.048000 57
226.176000 227.136000 65
227.584000 227.648000 61
227.648000 228.896000 65
229.024000 229.824000 58
229.920000 230.816000 66
231.392000 231.520000 62
231.520000 232.256000 65
232.352000 232.896000 67
232.896000 234.432000 69
234.432000 235.584000 66
235.936000 236.576000 65
236.576000 236.992000 63
237.120000 237.792000 61
238.048000 238.432000 65
238.432000 239.552000 63
239.552000 244.000000 61
