16.256000 16.544000 55
16.800000 17.984000 64
18.112000 19.488000 64
19.872000 20.288000 56
20.512000 21.696000 64
22.016000 23.936000 64
25.216000 25.504000 60
25.504000 26.016000 62
26.112000 26.368000 64
26.368000 27.744000 62
27.968000 28.224000 64
28.224000 28.608000 63
28.896000 30.560000 65
31.168000 31.296000 57
31.552000 32.832000 65
32.928000 34.240000 64
35.200000 37.152000 64
37.472000 38.688000 60
39.808000 40.128000 60
40.256000 41.344000 64
41.344000 42.432000 62
42.624000 42.976000 64
42.976000 43.360000 61
43.488000 43.616000 59
43.616000 43.872000 62
43.968000 44.416000 60
44.864000 45.696000 60
45.792000 46.112000 60
46.272000 46.624000 56
46.816000 47.072000 60
47.168000 47.552000 59
48.576000 49.824000 60
49.920000 50.208000 56
50.400000 50.720000 60
50.816000 51.168000 59
51.168000 51.616000 58
52.288000 53.504000 60
53.600000 53.952000 56
54.048000 54.368000 60
54.496000 55.296000 60
55.616000 56.320000 62
56.544000 58.080000 62
58.240000 59.168000 64
59.552000 60.416000 65
60.544000 62.400000 67
62.400000 62.784000 62
63.296000 64.064000 64
64.192000 65.024000 64
65.120000 65.472000 62
65.632000 66.080000 59
66.080000 66.464000 60
66.848000 69.120000 65
69.280000 69.952000 62
70.112000 70.272000 60
70.272000 70.528000 62
70.624000 72.576000 62
72.736000 73.152000 69
73.152000 73.504000 67
73.696000 73.792000 61
73.888000 75.424000 67
75.520000 76.288000 64
76.480000 77.216000 65
77.536000 78.624000 67
78.752000 79.072000 64
79.200000 80.064000 64
80.064000 80.864000 62
81.184000 81.984000 65
82.016000 82.752000 67
82.848000 83.232000 67
83.360000 84.416000 65
84.832000 85.536000 68
85.664000 88.192000 70
88.544000 90.144000 67
90.208000 91.072000 64
91.136000 91.936000 65
92.192000 93.536000 67
93.536000 94.752000 64
94.848000 95.616000 62
95.840000 96.480000 65
96.672000 97.056000 65
97.184000 97.504000 67
97.600000 99.104000 67
99.296000 100.256000 65
100.352000 100.608000 66
100.832000 101.280000 67
101.504000 101.856000 65
101.856000 102.720000 62
103.008000 104.256000 62
104.352000 104.512000 60
119.296000 119.392000 56
119.488000 119.712000 56
119.904000 119.968000 61
119.968000 120.224000 64
120.384000 122.016000 64
122.144000 122.624000 62
123.008000 123.296000 55
123.296000 123.520000 58
123.520000 124.896000 64
125.120000 127.168000 64
128.288000 128.576000 60
128.576000 129.856000 64
130.176000 130.400000 60
130.496000 130.816000 62
131.008000 131.296000 64
131.296000 131.712000 60
131.840000 133.504000 65
134.112000 134.368000 70
134.656000 135.840000 64
136.096000 137.472000 64
137.728000 138.112000 55
138.400000 139.488000 64
139.712000 139.840000 70
139.840000 141.856000 65
142.816000 143.008000 59
143.008000 143.616000 62
143.840000 144.128000 64
144.288000 144.608000 60
144.800000 145.184000 61
145.184000 145.536000 62
145.696000 146.080000 64
146.080000 146.400000 60
146.592000 147.488000 62
148.064000 149.152000 60
149.312000 149.728000 56
149.824000 150.048000 60
150.208000 150.528000 59
150.528000 151.008000 58
151.744000 152.800000 60
153.184000 153.280000 56
153.376000 153.440000 57
153.440000 153.760000 60
153.888000 154.208000 59
154.208000 154.592000 58
155.424000 155.648000 60
155.744000 156.096000 60
156.192000 156.480000 60
156.480000 156.960000 59
157.184000 158.432000 60
158.592000 158.880000 62
158.976000 159.424000 62
159.552000 160.288000 62
160.384000 160.960000 62
160.960000 161.312000 60
161.440000 162.240000 64
162.656000 164.832000 67
165.024000 165.856000 64
166.368000 166.432000 62
166.432000 167.552000 64
167.680000 167.776000 67
167.776000 168.032000 64
168.160000 168.448000 62
168.704000 169.280000 60
169.280000 169.536000 60
169.984000 170.816000 65
170.912000 171.264000 64
171.392000 171.776000 65
171.904000 171.968000 62
171.968000 172.256000 64
172.256000 173.056000 63
173.152000 174.496000 62
174.592000 175.008000 62
175.136000 175.680000 62
175.840000 176.576000 69
176.928000 177.536000 67
177.632000 179.296000 65
179.520000 180.256000 65
180.640000 181.216000 67
181.216000 181.696000 65
181.856000 182.112000 64
182.240000 183.104000 64
183.104000 183.968000 62
184.352000 184.960000 65
185.088000 185.152000 64
185.152000 186.272000 67
186.400000 186.720000 65
186.816000 187.488000 65
187.904000 188.576000 68
188.704000 188.768000 66
188.768000 189.984000 70
190.080000 191.360000 68
191.616000 192.864000 67
192.864000 194.976000 65
195.264000 196.416000 67
196.544000 196.896000 64
197.024000 197.824000 64
197.952000 198.752000 62
198.912000 199.520000 65
199.744000 200.128000 65
200.256000 200.576000 67
200.640000 202.112000 67
202.400000 203.360000 65
203.456000 203.744000 65
203.904000 204.384000 67
204.608000 204.960000 65
204.960000 205.792000 62
206.016000 208.160000 62
210.080000 211.552000 68
211.616000 212.064000 65
212.160000 212.576000 63
212.576000 213.408000 66
213.760000 214.816000 68
214.912000 215.776000 65
215.776000 217.120000 63
217.408000 218.976000 68
219.072000 219.392000 68
219.520000 220.512000 66
221.024000 221.664000 69
221.792000 221.920000 67
221.920000 223.104000 71
223.200000 224.480000 69
224.832000 225.440000 68
225.536000 226.304000 66
226.304000 227.200000 65
227.296000 228.128000 66
228.352000 229.536000 68
229.632000 230.496000 65
230.496000 230.976000 64
231.040000 231.264000 63
231.488000 231.808000 61
232.000000 232.672000 66
232.864000 233.216000 66
233.312000 233.632000 68
233.728000 234.592000 68
234.688000 235.264000 66
235.520000 236.448000 66
236.576000 236.832000 66
237.024000 237.568000 68
237.664000 238.080000 66
238.208000 238.944000 63
239.232000 242.112000 63
