22.368000 22.464000 66
22.464000 22.656000 65
23.616000 24.256000 59
24.544000 25.344000 59
25.728000 26.240000 61
26.336000 26.912000 58
27.168000 27.872000 58
28.320000 28.704000 59
29.408000 29.472000 55
29.472000 29.696000 56
29.696000 29.888000 59
30.016000 30.464000 63
30.464000 30.752000 61
31.008000 31.936000 63
32.992000 33.888000 64
33.888000 34.208000 59
34.240000 34.944000 59
35.200000 35.552000 59
35.616000 36.000000 59
36.352000 36.864000 61
36.992000 37.216000 58
37.376000 37.504000 58
37.824000 38.592000 58
39.008000 39.456000 59
40.064000 40.224000 56
40.352000 40.576000 59
40.672000 41.152000 62
41.376000 42.368000 59
44.064000 44.160000 56
44.352000 46.016000 59
46.048000 46.240000 58
46.784000 47.008000 56
47.008000 47.552000 59
47.648000 48.224000 59
48.352000 48.864000 61
49.248000 49.344000 50
49.344000 49.408000 52
49.408000 49.440000 52
49.440000 50.144000 58
50.304000 50.560000 58
50.656000 51.392000 58
52.032000 52.096000 53
52.096000 52.512000 56
52.736000 54.208000 59
54.560000 54.944000 59
55.104000 55.968000 63
56.192000 56.256000 55
56.256000 56.896000 59
57.184000 57.344000 54
57.344000 57.376000 55
57.376000 57.856000 61
57.984000 58.624000 63
58.720000 58.880000 68
59.008000 59.168000 59
59.328000 59.520000 59
60.000000 60.064000 56
60.064000 60.320000 59
60.320000 61.856000 63
62.336000 62.560000 59
62.656000 62.848000 61
63.008000 64.064000 63
65.120000 65.344000 60
65.344000 66.400000 64
66.560000 66.848000 63
66.976000 67.328000 63
67.328000 67.904000 62
68.320000 68.384000 55
68.384000 68.544000 58
68.544000 69.248000 60
69.248000 70.208000 64
70.368000 70.624000 60
71.328000 71.520000 55
71.520000 71.936000 56
71.936000 72.320000 60
72.320000 72.704000 66
72.960000 73.216000 62
73.312000 74.400000 65
75.808000 77.056000 64
77.152000 77.344000 57
77.344000 78.208000 64
78.368000 78.592000 61
78.912000 78.976000 51
78.976000 79.008000 53
79.008000 79.200000 58
79.200000 79.776000 61
80.000000 80.064000 60
80.064000 80.384000 61
80.384000 80.992000 64
80.992000 81.504000 68
81.952000 82.304000 63
82.304000 82.368000 59
82.656000 83.008000 56
83.008000 83.776000 61
83.776000 84.576000 63
84.832000 85.056000 59
108.864000 109.504000 59
109.824000 110.624000 59
110.976000 111.392000 61
111.744000 112.128000 58
112.416000 113.184000 58
113.504000 113.536000 55
113.760000 113.888000 59
114.560000 114.720000 51
114.720000 114.880000 56
114.976000 115.104000 59
115.264000 116.000000 63
116.224000 117.248000 63
118.176000 118.304000 67
118.304000 118.976000 64
118.976000 119.520000 62
119.552000 119.968000 59
120.000000 120.032000 59
120.096000 120.480000 62
120.704000 120.768000 64
120.768000 120.832000 64
120.960000 121.120000 59
121.280000 121.856000 68
122.272000 122.464000 58
122.624000 122.720000 58
122.816000 123.104000 61
123.104000 123.168000 57
123.200000 123.360000 58
123.552000 123.712000 58
123.904000 124.512000 68
125.280000 125.344000 52
125.344000 125.536000 56
125.664000 125.792000 59
125.920000 126.400000 63
126.656000 127.648000 61
129.024000 129.056000 50
129.120000 129.248000 52
129.248000 129.408000 56
129.600000 131.488000 59
132.032000 132.256000 56
132.256000 132.800000 58
132.896000 133.472000 59
133.600000 134.112000 61
134.528000 134.592000 50
134.592000 135.296000 56
135.296000 135.392000 58
135.552000 135.808000 58
135.904000 136.672000 58
137.184000 137.280000 51
137.280000 137.760000 56
137.984000 139.456000 59
139.808000 140.256000 58
140.320000 141.216000 63
141.440000 141.504000 55
141.504000 142.144000 59
142.432000 142.592000 54
142.592000 142.656000 56
142.656000 143.072000 61
143.200000 143.872000 63
144.000000 144.096000 68
144.256000 144.352000 59
144.576000 144.832000 59
145.248000 145.312000 57
145.312000 145.568000 59
145.568000 147.104000 63
147.584000 147.808000 59
147.936000 148.096000 61
148.224000 149.248000 63
150.336000 150.592000 60
150.592000 151.648000 64
151.776000 152.096000 63
152.224000 152.576000 63
152.576000 153.216000 62
153.568000 153.632000 55
153.632000 153.824000 58
153.824000 154.176000 59
154.176000 154.496000 60
154.496000 155.456000 64
155.616000 155.840000 60
156.576000 156.768000 55
156.768000 157.184000 56
157.184000 157.568000 60
157.568000 158.016000 67
158.176000 158.464000 62
158.560000 159.712000 65
161.056000 162.240000 64
162.368000 162.592000 56
162.592000 163.456000 64
163.616000 163.840000 61
164.192000 164.288000 51
164.320000 164.384000 57
164.384000 165.312000 60
165.312000 165.664000 62
165.664000 166.208000 64
166.208000 166.752000 68
167.200000 167.552000 63
167.552000 167.648000 59
167.904000 168.256000 56
168.256000 169.856000 62
170.048000 170.304000 59
171.872000 173.056000 65
173.216000 173.440000 63
173.536000 174.560000 63
174.880000 175.648000 59
175.872000 176.672000 63
176.864000 177.376000 59
177.856000 178.368000 56
178.528000 178.752000 59
178.848000 179.328000 66
179.424000 179.840000 59
179.840000 180.992000 63
182.208000 182.432000 54
182.592000 182.816000 64
182.816000 185.120000 64
185.120000 185.216000 60
185.536000 185.600000 57
185.600000 186.528000 60
186.528000 186.976000 61
186.976000 187.552000 63
187.552000 188.096000 68
188.320000 188.544000 56
188.544000 188.896000 63
189.024000 189.664000 57
189.664000 190.080000 59
190.080000 192.096000 64
192.896000 193.056000 55
193.184000 193.376000 63
193.536000 195.424000 63
195.552000 195.872000 61
196.256000 196.320000 57
196.320000 196.448000 58
196.448000 197.152000 59
197.152000 197.600000 62
197.600000 198.368000 67
198.368000 199.648000 68
200.992000 201.152000 55
201.152000 201.536000 63
201.984000 202.208000 56
202.208000 206.272000 62
