14.816000 14.976000 52
15.392000 16.352000 53
16.576000 16.928000 53
17.248000 17.408000 52
22.144000 22.624000 53
22.816000 22.944000 55
23.264000 23.616000 57
23.936000 24.192000 55
27.808000 28.384000 58
28.896000 29.312000 55
29.536000 30.560000 55
30.688000 31.072000 56
31.200000 31.744000 54
32.608000 32.864000 50
34.848000 36.096000 52
36.224000 36.672000 54
36.800000 37.312000 58
38.048000 39.584000 55
41.856000 42.240000 51
42.400000 42.784000 52
42.880000 43.648000 53
44.128000 44.416000 50
44.576000 45.504000 49
48.032000 48.128000 49
48.320000 48.768000 50
48.896000 49.280000 52
49.408000 49.888000 56
49.888000 50.336000 58
50.624000 50.912000 54
51.040000 52.384000 56
54.464000 54.848000 53
54.848000 55.808000 57
56.736000 57.312000 58
58.304000 58.432000 53
58.592000 58.816000 55
59.136000 59.744000 59
60.704000 61.696000 60
61.792000 61.920000 57
61.920000 63.040000 58
63.040000 63.200000 58
63.392000 63.680000 55
63.936000 64.992000 56
65.120000 65.248000 55
67.136000 67.360000 57
67.360000 67.456000 58
67.456000 67.520000 59
67.520000 68.224000 63
68.224000 68.480000 59
68.576000 69.824000 60
70.400000 70.496000 61
70.688000 71.136000 61
71.136000 71.616000 59
71.712000 72.352000 58
72.480000 72.992000 62
73.600000 73.792000 62
73.792000 74.336000 64
74.336000 75.072000 62
75.168000 75.616000 58
75.712000 77.664000 66
77.824000 79.296000 64
79.872000 80.064000 55
80.064000 81.280000 59
81.408000 82.080000 68
82.208000 82.848000 66
82.976000 83.392000 64
83.488000 84.352000 66
84.512000 85.312000 57
86.048000 86.400000 54
86.400000 87.488000 58
87.616000 87.808000 65
87.808000 88.032000 66
88.320000 88.896000 64
88.992000 90.016000 63
90.144000 90.400000 62
90.720000 91.392000 56
91.904000 92.128000 54
92.320000 92.448000 51
92.448000 92.640000 52
92.640000 93.568000 56
93.696000 94.624000 63
95.072000 95.680000 60
95.776000 96.160000 61
96.256000 96.672000 63
96.768000 97.632000 64
98.016000 98.208000 59
98.208000 98.720000 58
98.848000 99.744000 57
99.904000 100.800000 68
100.896000 101.280000 64
101.408000 101.600000 62
101.600000 102.816000 63
102.816000 103.872000 62
104.480000 104.704000 54
104.704000 105.376000 57
105.536000 105.920000 59
106.048000 106.624000 68
107.040000 107.456000 66
107.584000 107.968000 64
108.096000 108.512000 63
108.640000 108.960000 66
108.960000 109.024000 62
109.152000 109.984000 57
110.656000 111.040000 54
111.168000 112.032000 58
112.160000 112.416000 65
112.416000 112.736000 66
113.216000 114.112000 64
114.240000 114.496000 62
114.720000 115.200000 64
115.296000 116.224000 56
116.800000 117.664000 61
117.856000 118.240000 67
118.368000 118.848000 66
119.168000 119.744000 59
119.872000 120.256000 59
120.352000 120.416000 67
120.416000 120.768000 71
120.960000 121.280000 63
121.440000 122.368000 64
122.944000 123.168000 55
123.168000 123.840000 59
124.032000 124.416000 68
124.512000 124.768000 66
125.184000 125.952000 63
126.048000 128.160000 64
128.800000 128.864000 68
129.024000 129.248000 62
129.248000 129.536000 66
129.536000 129.760000 71
130.048000 130.464000 67
130.624000 130.784000 62
130.880000 130.976000 65
130.976000 131.136000 64
131.136000 131.584000 61
133.408000 133.728000 61
133.728000 133.984000 65
133.984000 134.112000 61
135.520000 135.648000 52
136.064000 136.128000 56
137.312000 137.376000 67
138.048000 138.144000 67
139.808000 140.224000 62
140.224000 141.216000 59
143.456000 143.616000 60
143.776000 143.840000 58
144.160000 144.352000 56
144.864000 145.024000 67
145.184000 145.408000 65
145.920000 146.016000 68
146.144000 146.368000 67
146.368000 146.624000 62
147.200000 147.456000 71
147.488000 147.872000 71
148.000000 148.160000 66
148.896000 149.024000 62
149.184000 149.504000 69
149.664000 150.080000 65
150.528000 150.816000 60
150.912000 151.104000 56
151.296000 151.744000 61
151.840000 152.000000 62
152.032000 152.544000 62
152.704000 152.800000 61
153.568000 153.728000 67
153.888000 154.112000 60
157.152000 157.728000 50
157.856000 158.208000 52
158.368000 159.328000 55
159.584000 160.992000 50
163.552000 163.904000 50
164.000000 164.480000 52
164.576000 164.928000 54
165.088000 165.504000 58
165.632000 165.952000 55
166.144000 167.104000 56
168.992000 169.856000 53
170.048000 170.208000 58
170.336000 170.624000 57
170.752000 171.328000 52
171.680000 172.064000 58
172.608000 173.280000 52
173.376000 173.600000 56
173.600000 173.792000 59
173.952000 174.752000 59
175.392000 176.128000 60
176.256000 176.448000 59
176.448000 176.960000 58
177.056000 177.248000 55
177.440000 177.792000 56
178.048000 178.464000 54
178.592000 180.000000 55
181.408000 181.760000 56
181.856000 181.920000 61
181.920000 182.336000 63
182.336000 183.104000 61
183.200000 184.160000 59
184.992000 185.664000 60
185.760000 185.952000 57
186.048000 186.208000 56
186.304000 186.624000 58
186.752000 187.360000 62
187.872000 188.896000 64
188.896000 189.312000 60
189.408000 189.728000 58
189.888000 189.952000 63
189.952000 190.240000 66
190.400000 191.680000 64
191.936000 192.416000 64
192.512000 193.504000 66
194.016000 194.976000 57
195.072000 195.424000 59
195.552000 196.032000 68
196.352000 196.928000 66
197.088000 197.536000 64
197.632000 198.080000 63
198.080000 198.528000 66
198.624000 199.392000 57
200.224000 200.480000 54
200.480000 201.568000 57
201.696000 201.760000 63
201.760000 202.144000 66
202.368000 202.944000 64
203.072000 204.096000 63
204.224000 204.480000 62
204.768000 205.440000 56
205.952000 206.176000 54
206.272000 206.624000 52
206.624000 207.648000 56
207.808000 208.672000 64
209.024000 209.152000 61
209.248000 209.696000 60
209.824000 210.176000 61
210.304000 211.680000 64
212.096000 212.736000 59
212.896000 213.760000 57
213.920000 214.848000 68
214.848000 215.328000 65
215.328000 215.648000 62
215.648000 216.704000 63
216.704000 217.728000 62
218.336000 218.624000 55
218.624000 219.296000 57
219.488000 219.872000 59
219.936000 220.000000 64
220.000000 220.512000 68
220.960000 221.344000 66
221.504000 221.888000 64
222.048000 222.400000 63
222.528000 222.912000 66
223.040000 223.776000 57
224.576000 224.832000 54
224.832000 225.952000 57
226.080000 226.336000 65
226.336000 226.720000 66
227.104000 227.840000 69
227.840000 227.968000 66
228.096000 228.832000 68
228.832000 229.984000 68
230.624000 231.520000 61
231.680000 232.064000 68
232.224000 232.672000 66
232.992000 233.536000 59
233.632000 234.080000 59
234.176000 234.240000 68
234.240000 234.528000 71
234.720000 235.104000 63
235.232000 236.128000 64
236.704000 236.960000 56
236.960000 237.568000 59
237.792000 238.176000 68
238.272000 238.688000 66
238.848000 239.584000 62
239.584000 240.320000 63
241.056000 241.312000 61
241.312000 241.568000 67
245.024000 245.152000 66
245.280000 245.440000 65
245.536000 245.696000 62
245.920000 246.016000 61
246.112000 246.304000 60
246.400000 246.656000 60
249.280000 249.344000 61
249.344000 249.504000 62
249.504000 250.720000 66
250.720000 251.712000 68
252.576000 253.184000 57
253.184000 253.632000 61
253.888000 254.848000 68
254.848000 255.936000 65
258.112000 258.784000 66
259.488000 261.664000 66
261.760000 262.016000 64
