2.336000 2.368000 55
2.912000 3.040000 50
12.096000 12.224000 60
14.688000 14.816000 52
14.816000 15.136000 55
15.136000 16.192000 58
16.832000 17.184000 59
17.280000 17.568000 59
17.728000 18.016000 58
18.144000 18.880000 56
19.008000 19.296000 54
19.488000 20.960000 61
21.568000 21.888000 54
22.016000 22.656000 57
22.656000 23.168000 58
23.296000 23.648000 63
23.744000 24.544000 66
24.672000 25.376000 65
25.472000 26.208000 65
26.400000 28.256000 62
29.376000 29.440000 60
29.440000 30.112000 63
30.304000 31.008000 59
31.168000 31.680000 56
32.032000 32.192000 57
32.192000 32.448000 58
32.448000 33.504000 61
33.728000 35.680000 66
36.320000 36.704000 63
36.864000 37.216000 61
37.216000 37.696000 55
37.696000 38.848000 58
39.008000 39.840000 56
39.904000 42.560000 54
45.888000 45.984000 52
45.984000 46.112000 54
46.112000 46.624000 56
46.816000 47.488000 58
48.096000 49.536000 59
49.536000 50.720000 58
50.720000 52.352000 61
52.832000 53.632000 54
53.760000 54.240000 58
54.592000 54.784000 62
54.784000 56.192000 66
56.352000 57.472000 65
57.472000 59.872000 63
60.704000 61.376000 63
61.568000 62.368000 59
62.496000 63.104000 56
63.360000 64.096000 59
64.256000 64.800000 61
65.056000 65.824000 66
65.920000 67.136000 66
67.456000 68.480000 63
68.608000 68.896000 54
68.992000 70.144000 58
70.304000 70.528000 54
70.528000 71.040000 56
71.168000 73.312000 54
73.312000 74.528000 61
74.656000 76.544000 63
77.376000 78.400000 58
78.560000 79.808000 67
80.224000 81.088000 67
81.088000 82.368000 63
82.464000 83.328000 63
83.744000 84.096000 63
84.224000 84.544000 63
84.544000 85.344000 61
85.504000 86.624000 67
86.816000 87.552000 65
87.680000 88.416000 63
88.576000 89.312000 63
89.408000 92.032000 65
92.480000 93.120000 58
93.280000 94.560000 62
94.656000 94.880000 62
95.072000 95.328000 67
95.520000 96.704000 65
96.832000 98.240000 63
98.752000 98.912000 62
99.008000 101.056000 63
101.152000 102.752000 63
102.880000 103.200000 65
103.360000 104.640000 61
105.312000 106.240000 58
106.400000 107.744000 67
108.128000 108.992000 67
108.992000 111.104000 64
111.616000 112.384000 63
112.480000 113.248000 60
113.344000 114.464000 67
114.624000 115.392000 65
115.488000 116.448000 63
116.576000 117.152000 63
117.248000 117.888000 63
117.888000 119.744000 68
120.256000 120.480000 57
120.480000 121.184000 59
121.184000 122.752000 62
122.784000 123.264000 57
123.264000 124.032000 65
124.192000 125.952000 63
126.336000 126.624000 59
126.816000 127.008000 60
127.200000 127.808000 67
127.808000 128.352000 63
128.544000 129.312000 63
129.408000 130.080000 62
130.272000 135.008000 63
143.296000 143.360000 52
143.360000 143.456000 53
143.456000 144.000000 56
144.192000 144.832000 58
145.088000 145.312000 50
145.504000 146.880000 59
146.880000 148.192000 58
148.192000 149.792000 63
150.272000 150.336000 52
150.336000 150.976000 56
151.168000 151.584000 58
152.032000 152.096000 61
152.096000 153.600000 66
153.728000 155.296000 65
155.296000 157.312000 61
158.112000 158.880000 63
159.008000 160.256000 58
160.384000 160.576000 56
160.768000 160.928000 56
160.928000 161.472000 59
161.632000 162.304000 61
162.464000 164.480000 66
165.056000 165.248000 62
165.248000 165.536000 64
165.536000 166.240000 66
166.336000 166.624000 61
166.624000 167.584000 57
167.680000 168.416000 57
168.576000 171.424000 54
172.000000 173.920000 75
174.624000 175.808000 58
175.936000 177.312000 67
177.664000 178.400000 67
178.400000 180.736000 63
181.088000 181.152000 58
181.152000 181.472000 63
181.600000 181.920000 62
182.048000 182.688000 60
182.880000 184.032000 68
184.192000 184.928000 65
184.928000 185.792000 63
185.920000 186.752000 63
186.848000 186.944000 63
187.168000 189.280000 66
189.856000 190.016000 57
190.016000 191.648000 60
191.744000 192.192000 62
192.192000 192.352000 61
192.512000 192.704000 55
192.928000 194.112000 65
194.208000 195.072000 63
195.072000 195.744000 62
196.128000 198.432000 63
198.560000 200.192000 63
200.288000 200.576000 65
200.704000 202.016000 67
202.656000 203.648000 58
203.776000 203.904000 63
203.904000 205.312000 67
205.504000 206.080000 70
206.080000 206.688000 65
206.784000 206.912000 63
206.912000 208.608000 67
208.896000 208.960000 66
208.960000 209.504000 70
209.504000 210.432000 65
210.432000 211.488000 67
212.000000 212.352000 70
212.352000 212.800000 69
212.896000 213.248000 65
213.248000 213.856000 63
213.856000 214.528000 67
214.624000 214.880000 67
214.880000 215.296000 70
215.328000 216.992000 67
217.600000 217.760000 55
217.760000 217.856000 56
217.856000 218.592000 58
218.592000 219.552000 60
219.552000 220.096000 62
220.096000 220.736000 61
220.736000 221.472000 67
221.600000 223.296000 65
223.776000 224.064000 60
224.224000 224.480000 60
224.640000 225.440000 67
225.440000 225.792000 63
225.952000 226.688000 63
226.816000 226.976000 64
226.976000 227.360000 67
227.488000 229.824000 67
229.824000 230.624000 61
234.144000 234.240000 56
234.240000 234.464000 59
234.656000 234.880000 60
235.104000 235.872000 67
235.904000 236.192000 63
236.384000 237.216000 63
237.312000 237.888000 62
238.112000 241.472000 63
247.168000 247.232000 52
251.072000 251.200000 50
