6.880000 7.328000 65
11.904000 12.000000 65
13.088000 13.184000 63
23.808000 24.192000 57
24.192000 24.416000 59
24.512000 25.312000 58
25.472000 25.696000 58
25.696000 25.856000 55
25.952000 27.200000 60
27.328000 30.432000 70
30.592000 30.848000 65
31.296000 32.832000 67
32.960000 33.184000 65
33.184000 33.408000 70
33.408000 33.664000 67
33.760000 34.016000 65
34.112000 34.688000 65
34.848000 34.912000 54
34.912000 35.200000 57
35.296000 35.936000 58
36.064000 37.504000 60
37.696000 37.760000 61
38.144000 38.272000 75
38.816000 38.976000 70
39.104000 42.272000 72
42.400000 42.784000 75
42.784000 43.616000 74
43.616000 45.344000 75
45.728000 45.920000 68
46.176000 46.560000 67
46.656000 46.912000 67
46.912000 47.296000 67
47.296000 47.456000 70
47.584000 48.416000 67
48.544000 48.896000 67
48.896000 49.376000 65
49.472000 50.560000 67
53.888000 54.016000 65
54.144000 54.496000 67
54.592000 54.816000 63
54.816000 54.976000 65
55.104000 55.712000 67
55.808000 56.000000 67
56.000000 56.256000 65
56.256000 56.448000 63
56.448000 57.056000 60
57.728000 58.016000 55
58.016000 58.784000 59
58.944000 59.744000 60
59.904000 60.320000 63
60.320000 60.576000 66
61.280000 62.656000 69
62.656000 64.288000 72
64.992000 65.824000 72
65.920000 66.176000 70
66.176000 66.336000 72
66.432000 66.816000 70
67.104000 67.296000 67
67.296000 67.520000 65
67.520000 67.680000 64
67.680000 70.880000 63
73.408000 73.824000 58
92.000000 92.192000 58
95.168000 95.328000 55
95.456000 95.744000 58
95.904000 96.704000 58
96.800000 97.056000 58
97.056000 97.184000 56
97.280000 98.528000 60
98.688000 98.912000 65
98.912000 100.064000 70
100.096000 101.664000 68
102.112000 102.208000 65
102.688000 103.136000 65
103.296000 105.248000 70
105.248000 105.760000 66
105.760000 106.144000 63
106.144000 106.656000 58
106.752000 107.616000 60
107.776000 108.928000 58
109.536000 109.664000 75
110.208000 110.432000 70
110.528000 114.176000 75
114.272000 115.040000 74
115.040000 115.136000 70
115.264000 116.640000 70
117.568000 117.952000 67
118.048000 118.336000 67
118.336000 118.688000 66
118.688000 118.848000 70
118.976000 119.808000 67
119.936000 120.736000 67
120.896000 122.368000 67
125.376000 125.952000 67
126.048000 126.400000 65
126.496000 127.136000 67
127.232000 127.392000 67
127.392000 127.712000 66
127.712000 127.904000 63
127.904000 128.512000 60
129.184000 129.408000 55
129.408000 130.112000 60
130.112000 130.208000 55
130.336000 131.008000 58
131.008000 131.296000 61
131.296000 132.096000 66
132.704000 134.080000 69
134.080000 135.808000 73
136.416000 137.728000 72
137.888000 138.240000 70
138.784000 139.008000 65
139.008000 139.200000 63
139.200000 139.616000 61
139.712000 141.760000 63
166.528000 168.032000 58
168.160000 169.248000 58
169.248000 170.016000 60
170.016000 170.208000 63
170.208000 170.400000 70
170.528000 171.328000 67
171.456000 173.536000 67
173.984000 175.520000 67
175.616000 175.840000 66
175.840000 176.448000 70
176.576000 177.024000 66
177.024000 177.344000 64
177.504000 177.696000 55
177.696000 177.888000 58
177.984000 178.816000 60
178.976000 180.288000 59
181.472000 184.896000 72
184.992000 185.440000 75
185.440000 186.336000 74
186.432000 186.656000 70
188.768000 189.152000 68
189.248000 189.984000 70
189.984000 190.048000 70
190.144000 190.976000 67
191.136000 192.320000 66
192.320000 194.080000 67
196.512000 196.640000 65
196.768000 197.120000 66
197.120000 197.504000 65
197.632000 198.496000 67
198.592000 198.816000 65
198.816000 198.976000 64
198.976000 199.552000 62
200.288000 200.384000 55
200.512000 200.576000 56
200.576000 201.216000 59
201.216000 201.344000 56
201.440000 202.304000 60
202.432000 203.232000 65
203.840000 205.184000 70
205.184000 206.880000 72
207.520000 208.864000 72
209.024000 209.120000 70
209.696000 209.856000 67
209.856000 210.080000 65
210.080000 210.304000 63
210.304000 210.624000 60
210.624000 213.120000 63
