6.976000 7.136000 64
7.296000 7.584000 66
8.064000 8.288000 62
8.384000 8.672000 64
8.800000 9.088000 65
9.728000 9.888000 68
9.888000 10.240000 67
10.336000 10.528000 62
10.688000 10.944000 59
11.232000 11.456000 67
11.456000 11.936000 66
12.096000 12.416000 58
12.512000 12.704000 59
13.184000 13.504000 59
13.952000 14.208000 59
14.656000 14.976000 58
31.616000 32.384000 59
32.608000 32.992000 59
33.696000 34.656000 62
34.656000 34.976000 63
35.456000 35.648000 61
35.648000 35.840000 60
35.936000 36.736000 62
36.896000 37.824000 63
39.296000 39.616000 56
39.776000 40.064000 56
40.224000 40.576000 64
40.736000 41.088000 64
41.184000 41.600000 61
41.696000 42.336000 61
43.392000 43.520000 59
43.648000 45.792000 62
47.008000 47.072000 64
47.072000 47.872000 66
47.872000 48.608000 63
48.928000 49.056000 57
49.056000 49.728000 61
49.824000 50.272000 63
50.816000 51.840000 61
52.000000 52.352000 66
52.480000 52.960000 66
54.656000 55.456000 56
55.616000 56.928000 64
57.024000 57.504000 66
57.504000 58.048000 61
58.688000 58.880000 59
58.976000 59.136000 61
59.136000 60.416000 62
60.416000 61.280000 65
61.280000 62.016000 62
62.112000 63.584000 66
64.288000 64.480000 58
64.480000 65.088000 61
65.248000 66.016000 64
66.176000 66.816000 66
66.912000 68.000000 62
68.128000 68.512000 58
68.608000 68.896000 61
69.056000 69.536000 63
69.536000 70.976000 66
71.904000 72.032000 66
72.160000 72.384000 68
72.384000 72.736000 67
72.896000 73.056000 62
73.056000 73.344000 63
73.344000 73.568000 61
73.824000 73.920000 65
74.080000 74.304000 68
74.304000 74.656000 67
74.816000 75.232000 62
75.712000 76.608000 61
76.960000 77.120000 56
77.216000 77.344000 59
77.440000 77.664000 61
77.664000 78.080000 64
78.176000 78.592000 63
78.592000 79.392000 61
79.744000 80.032000 59
80.096000 80.928000 63
81.056000 81.888000 66
82.016000 82.208000 64
82.208000 83.328000 63
83.328000 83.776000 59
83.776000 84.448000 63
84.672000 84.832000 65
84.832000 85.856000 70
85.856000 86.432000 66
87.264000 87.360000 66
87.744000 88.032000 66
88.256000 88.416000 62
88.416000 88.704000 62
88.704000 88.928000 61
89.696000 89.888000 65
89.888000 89.952000 64
89.952000 90.848000 63
91.104000 91.840000 61
92.544000 92.800000 60
92.800000 92.928000 61
93.088000 93.472000 62
93.472000 94.112000 62
94.816000 95.488000 62
95.488000 96.608000 60
112.256000 113.120000 59
113.216000 113.664000 59
114.112000 114.272000 56
114.272000 114.304000 57
114.304000 114.624000 59
114.624000 115.584000 63
116.064000 116.704000 61
116.832000 117.344000 61
117.472000 117.824000 63
117.984000 118.368000 63
119.936000 120.704000 56
120.896000 121.728000 64
121.824000 122.400000 62
122.400000 123.072000 61
124.256000 124.640000 61
124.736000 124.992000 61
125.184000 125.504000 63
125.696000 126.144000 61
127.648000 127.712000 63
127.712000 127.808000 64
127.808000 128.512000 66
128.512000 129.408000 63
129.600000 129.664000 57
129.664000 130.432000 61
130.528000 130.944000 63
131.424000 132.704000 62
132.704000 133.024000 66
133.120000 133.984000 67
135.168000 135.360000 54
135.360000 135.680000 56
135.776000 136.192000 56
136.192000 137.024000 65
137.216000 137.568000 63
137.696000 137.984000 66
138.144000 138.912000 59
139.392000 140.896000 61
141.056000 141.888000 66
142.016000 142.304000 62
142.304000 142.656000 61
142.752000 144.224000 66
144.928000 145.024000 56
145.024000 145.056000 57
145.056000 145.120000 58
145.120000 145.728000 61
145.888000 146.656000 64
146.816000 147.456000 66
147.552000 148.320000 62
148.320000 148.640000 61
148.768000 148.896000 57
148.896000 149.536000 61
149.696000 150.144000 63
150.144000 151.616000 66
152.512000 152.672000 66
152.800000 153.056000 68
153.056000 153.376000 67
153.504000 153.632000 61
153.632000 153.984000 63
153.984000 154.208000 62
154.464000 154.560000 65
154.720000 154.976000 68
154.976000 155.296000 67
155.456000 156.032000 62
156.480000 157.216000 61
157.600000 157.728000 55
157.728000 157.984000 59
158.080000 158.240000 61
158.336000 158.720000 64
158.816000 159.232000 63
159.232000 159.936000 61
160.224000 160.320000 57
160.416000 160.736000 59
160.736000 161.120000 61
161.216000 161.536000 63
161.696000 162.496000 66
162.656000 162.848000 64
162.848000 165.184000 63
165.504000 165.568000 67
165.568000 166.400000 70
166.400000 167.488000 67
167.904000 168.032000 66
168.384000 168.736000 66
168.896000 169.568000 62
169.824000 169.952000 66
170.304000 170.528000 66
170.528000 170.720000 65
170.720000 172.448000 63
173.216000 173.536000 61
173.728000 174.016000 63
174.016000 174.272000 67
174.272000 174.432000 62
174.432000 174.752000 61
175.392000 177.056000 62
177.504000 177.920000 55
178.272000 178.368000 55
192.896000 193.024000 58
193.024000 193.664000 62
193.856000 194.656000 65
194.816000 195.072000 67
195.072000 195.232000 65
195.552000 196.064000 69
196.128000 198.368000 68
198.720000 199.072000 67
199.840000 200.576000 67
200.576000 200.672000 67
200.800000 201.056000 69
201.056000 201.408000 68
201.536000 202.080000 64
202.080000 202.336000 61
202.336000 202.560000 68
202.688000 202.976000 69
202.976000 203.328000 68
203.456000 203.968000 64
203.968000 205.120000 62
205.600000 205.824000 57
205.824000 205.984000 59
206.112000 206.240000 62
206.336000 206.976000 65
206.976000 207.840000 63
207.840000 208.000000 61
208.256000 208.416000 59
208.416000 208.736000 60
208.736000 209.536000 64
209.696000 210.496000 67
210.656000 210.912000 65
210.912000 211.840000 69
212.064000 212.128000 67
212.128000 212.256000 70
212.256000 213.920000 74
213.920000 214.688000 71
214.688000 215.104000 67
215.936000 216.032000 68
216.160000 216.256000 69
216.384000 216.704000 67
216.896000 217.312000 64
217.312000 217.536000 63
217.824000 217.952000 66
218.304000 218.528000 67
218.528000 218.784000 65
218.784000 219.648000 69
219.776000 219.968000 60
220.096000 220.192000 59
220.320000 220.480000 63
220.960000 221.056000 57
221.184000 221.536000 62
221.664000 222.080000 65
222.176000 222.528000 64
222.528000 223.200000 62
223.360000 226.432000 67
226.784000 227.520000 65
227.520000 228.896000 63
229.120000 229.152000 60
229.440000 230.624000 67
230.624000 231.136000 65
231.264000 231.392000 66
231.520000 231.616000 69
231.744000 232.096000 67
232.256000 232.736000 64
232.736000 232.928000 61
233.440000 233.664000 69
233.664000 234.048000 68
234.176000 234.560000 64
234.560000 234.880000 61
235.168000 235.936000 62
236.288000 236.544000 57
236.544000 236.704000 60
236.800000 238.016000 65
238.016000 238.720000 62
238.976000 239.136000 58
239.136000 239.392000 60
239.488000 239.840000 62
239.936000 240.288000 64
240.416000 241.216000 67
241.376000 241.536000 65
241.536000 242.016000 63
242.016000 244.224000 62
244.448000 244.608000 57
244.736000 244.896000 57
245.216000 246.656000 64
246.656000 246.848000 67
246.848000 249.856000 69
249.856000 250.112000 63
250.304000 250.592000 59
250.592000 251.168000 62
251.936000 252.256000 61
252.448000 252.800000 65
252.928000 253.216000 63
253.216000 253.952000 62
255.488000 256.352000 59
256.672000 258.304000 60
