33.472000 34.656000 67
34.656000 35.104000 62
35.200000 36.832000 64
37.344000 37.504000 59
37.600000 38.496000 60
38.816000 38.976000 62
39.168000 39.488000 64
39.584000 39.776000 63
39.776000 40.800000 67
41.152000 41.984000 67
42.176000 42.400000 67
42.400000 44.288000 64
44.544000 45.120000 60
45.120000 46.016000 58
46.496000 48.352000 64
48.352000 49.824000 60
52.800000 52.992000 66
53.088000 53.984000 67
54.272000 54.464000 62
54.560000 54.976000 64
55.072000 56.256000 64
56.672000 56.832000 59
56.928000 58.304000 62
58.496000 58.816000 64
58.912000 59.104000 63
59.104000 60.128000 67
60.512000 61.344000 67
61.472000 61.664000 69
61.664000 63.616000 66
63.904000 65.376000 60
65.824000 66.976000 64
67.104000 69.312000 64
71.232000 72.576000 64
73.152000 73.472000 63
73.472000 74.368000 58
74.816000 74.944000 58
75.072000 75.712000 59
75.808000 76.416000 60
76.512000 77.120000 60
77.248000 77.408000 57
77.408000 77.504000 58
77.504000 77.536000 59
77.536000 79.552000 64
79.904000 80.992000 64
81.856000 82.112000 62
82.112000 82.464000 61
82.624000 82.752000 58
82.880000 83.424000 58
83.552000 83.680000 60
83.776000 84.128000 60
84.288000 84.832000 60
84.960000 85.152000 57
85.152000 85.216000 58
85.216000 87.296000 64
87.648000 88.832000 67
88.832000 89.280000 62
89.376000 91.072000 64
91.552000 91.712000 60
91.808000 92.704000 60
92.800000 92.832000 58
92.928000 93.152000 62
93.312000 93.632000 64
93.760000 93.952000 63
93.952000 95.040000 67
95.328000 96.192000 67
96.352000 96.512000 69
96.512000 98.464000 67
98.720000 100.320000 60
100.704000 101.856000 64
101.952000 104.544000 64
106.048000 107.328000 64
108.000000 108.288000 62
108.384000 109.248000 57
109.664000 109.760000 58
109.952000 110.528000 58
110.624000 110.784000 59
110.880000 111.232000 60
111.360000 111.968000 60
112.064000 112.320000 58
112.320000 114.464000 64
114.720000 115.872000 64
116.672000 116.896000 62
116.896000 117.536000 61
117.664000 117.792000 59
117.792000 118.272000 58
118.272000 118.496000 60
118.624000 119.008000 60
119.104000 119.296000 60
119.392000 119.712000 60
119.808000 120.064000 57
120.064000 120.096000 59
120.096000 121.792000 64
121.792000 122.176000 64
122.464000 122.880000 64
122.880000 123.520000 65
123.520000 124.416000 69
124.768000 125.312000 58
125.408000 125.600000 59
125.600000 125.856000 58
125.952000 126.240000 60
126.336000 126.944000 60
127.104000 127.488000 62
127.648000 127.840000 58
127.840000 129.024000 65
129.152000 129.376000 69
129.504000 129.792000 65
130.208000 131.392000 64
132.160000 132.416000 62
132.480000 132.800000 57
133.120000 135.200000 61
135.296000 135.456000 58
135.616000 135.904000 62
136.064000 137.120000 62
137.216000 137.632000 65
137.920000 138.176000 67
138.176000 138.688000 69
138.688000 141.568000 64
141.888000 142.080000 67
142.080000 142.592000 69
142.688000 143.072000 62
143.072000 144.512000 64
144.512000 145.632000 65
145.664000 145.728000 63
145.728000 146.304000 69
146.432000 146.656000 72
146.656000 146.880000 71
146.880000 149.216000 70
149.568000 149.632000 65
149.632000 149.824000 67
149.824000 150.272000 69
150.272000 150.752000 72
150.752000 152.992000 65
171.872000 172.096000 70
173.696000 173.824000 69
174.144000 174.240000 69
175.008000 175.264000 69
175.392000 175.680000 69
176.704000 176.928000 69
177.824000 178.144000 69
178.240000 178.336000 69
190.240000 191.072000 62
198.944000 200.256000 64
200.864000 201.184000 63
201.184000 202.112000 61
202.528000 202.656000 58
202.816000 203.456000 59
203.552000 204.128000 60
204.288000 204.864000 60
204.960000 205.184000 57
205.184000 205.248000 58
205.248000 207.360000 65
207.648000 208.832000 65
209.664000 209.856000 64
210.336000 210.464000 59
210.592000 210.784000 59
210.784000 211.424000 60
211.552000 211.904000 60
212.032000 212.608000 60
212.736000 212.992000 58
212.992000 215.040000 64
215.360000 215.584000 67
215.584000 216.064000 69
216.064000 219.008000 64
219.232000 219.968000 69
219.968000 220.480000 62
220.480000 221.920000 64
221.920000 222.464000 64
222.464000 223.136000 62
223.136000 226.624000 72
226.976000 227.040000 65
227.040000 227.296000 68
227.296000 228.480000 72
228.480000 230.144000 64
230.880000 232.256000 67
232.352000 232.480000 62
232.576000 232.800000 62
232.896000 233.344000 63
233.472000 234.752000 64
235.392000 235.520000 60
235.616000 236.576000 60
236.704000 236.832000 60
236.960000 237.120000 62
237.312000 237.696000 65
237.792000 237.984000 63
237.984000 239.168000 67
239.616000 240.512000 67
240.672000 240.832000 69
240.832000 240.928000 68
240.928000 241.984000 64
242.112000 242.912000 64
243.456000 245.024000 60
245.696000 246.912000 64
247.072000 247.232000 62
247.232000 247.488000 64
247.488000 247.712000 62
247.808000 249.472000 61
252.704000 253.600000 67
253.792000 253.952000 69
253.952000 253.984000 67
253.984000 255.040000 65
255.136000 256.288000 64
256.832000 258.336000 64
258.944000 259.136000 62
259.232000 260.000000 59
260.544000 262.016000 60
262.496000 265.760000 64
265.888000 266.048000 62
267.808000 268.768000 57
268.768000 271.104000 60
