16.512000 16.896000 63
16.992000 17.568000 63
17.728000 17.984000 65
19.808000 21.440000 59
21.696000 21.856000 55
21.856000 21.920000 56
21.920000 21.952000 57
21.952000 22.400000 62
24.000000 24.384000 68
24.384000 25.664000 66
25.984000 26.080000 64
26.336000 26.816000 59
27.712000 28.032000 59
28.224000 28.384000 61
28.512000 29.696000 63
31.264000 31.392000 55
31.520000 32.416000 63
32.896000 34.080000 68
35.296000 35.552000 59
35.712000 36.416000 59
36.416000 37.056000 64
37.184000 37.344000 63
38.720000 38.912000 61
38.912000 39.360000 68
39.456000 40.320000 65
40.320000 40.992000 66
41.184000 41.504000 70
41.664000 42.048000 71
42.816000 43.136000 59
43.264000 43.424000 61
43.552000 44.192000 63
44.288000 45.440000 61
47.616000 47.744000 59
47.904000 48.160000 65
48.160000 49.920000 68
50.048000 51.264000 66
51.712000 54.240000 64
55.872000 56.512000 65
56.864000 57.184000 64
57.312000 58.112000 64
58.208000 58.624000 62
58.624000 59.008000 63
59.008000 59.392000 62
59.552000 60.736000 61
63.328000 63.456000 57
63.456000 63.648000 58
63.648000 64.096000 61
64.352000 64.448000 61
64.448000 65.664000 66
65.664000 66.464000 59
66.880000 66.976000 59
67.136000 67.232000 66
67.232000 67.520000 69
67.520000 68.544000 71
68.544000 70.080000 68
70.848000 71.232000 65
71.328000 71.712000 66
71.776000 72.160000 68
72.288000 72.416000 61
72.512000 73.024000 61
73.216000 73.632000 61
73.632000 73.824000 64
73.824000 76.608000 68
76.928000 77.728000 68
77.856000 78.752000 71
78.752000 79.456000 64
79.616000 79.840000 63
80.000000 80.800000 62
81.088000 81.152000 64
81.152000 81.280000 65
81.280000 81.504000 67
81.504000 82.432000 71
82.592000 83.616000 66
83.776000 84.416000 63
84.928000 84.992000 64
84.992000 85.216000 67
85.216000 85.504000 68
85.632000 86.208000 71
86.304000 86.624000 64
86.784000 87.360000 64
87.520000 87.776000 61
88.192000 88.640000 62
88.640000 89.312000 70
89.312000 90.816000 65
90.816000 91.360000 69
91.520000 92.128000 66
92.416000 92.480000 64
92.480000 92.800000 68
92.800000 92.960000 68
93.120000 93.728000 71
93.824000 94.464000 64
94.624000 94.848000 63
95.008000 95.712000 61
96.000000 96.224000 63
96.224000 96.384000 66
96.544000 96.800000 68
96.800000 97.440000 71
97.536000 98.208000 66
98.368000 98.592000 64
98.784000 99.680000 63
100.352000 100.544000 66
100.544000 100.736000 65
100.832000 101.248000 63
101.344000 101.952000 59
102.176000 102.464000 57
102.464000 102.624000 60
102.720000 103.424000 67
103.424000 103.872000 60
104.448000 104.608000 61
104.800000 106.016000 59
121.472000 122.720000 63
122.944000 123.104000 66
123.104000 123.904000 64
124.736000 126.304000 59
126.400000 128.000000 64
128.960000 129.504000 68
129.504000 129.568000 64
129.664000 130.304000 64
130.304000 131.040000 66
131.136000 131.296000 68
131.296000 131.456000 70
131.648000 132.096000 71
132.896000 133.088000 59
133.184000 133.728000 63
133.920000 135.616000 62
137.536000 137.728000 59
137.856000 138.048000 63
138.048000 139.872000 68
140.064000 140.576000 66
140.576000 141.344000 64
141.728000 141.920000 61
142.048000 144.384000 64
145.856000 146.624000 64
146.784000 147.104000 64
147.296000 148.032000 64
148.192000 149.248000 63
149.248000 149.376000 58
149.600000 150.720000 61
153.248000 153.376000 56
153.376000 153.440000 57
153.440000 154.112000 61
154.304000 154.368000 61
154.368000 155.424000 66
155.424000 156.576000 60
156.864000 156.960000 59
157.088000 157.152000 66
157.152000 157.248000 67
157.248000 157.760000 70
157.824000 158.528000 71
158.528000 160.320000 69
160.864000 161.696000 66
161.792000 162.144000 68
162.272000 163.008000 61
163.168000 163.648000 62
163.648000 163.808000 65
163.808000 166.528000 68
166.848000 166.912000 63
166.912000 167.712000 68
167.872000 168.736000 71
168.736000 169.472000 64
169.632000 169.856000 63
170.016000 170.688000 61
171.104000 171.328000 66
171.328000 171.520000 67
171.520000 172.416000 71
172.576000 172.640000 64
172.640000 173.600000 67
173.760000 174.528000 63
174.912000 174.976000 65
174.976000 175.200000 66
175.200000 175.456000 68
175.616000 176.224000 71
176.320000 176.640000 64
176.832000 177.408000 64
177.536000 177.856000 61
178.208000 178.592000 61
178.592000 178.656000 63
178.656000 179.360000 70
179.456000 180.672000 64
180.832000 181.152000 68
181.312000 181.984000 66
182.400000 182.560000 66
182.560000 182.944000 68
183.104000 183.712000 71
183.904000 184.416000 64
184.608000 184.800000 63
184.992000 185.728000 62
185.984000 186.400000 66
186.560000 186.784000 68
186.784000 188.672000 73
188.832000 190.080000 73
190.368000 190.560000 66
190.656000 190.784000 64
190.880000 191.264000 63
191.360000 191.936000 59
192.160000 192.448000 57
192.448000 192.640000 59
192.736000 193.440000 66
193.440000 193.824000 60
194.336000 194.528000 61
194.656000 196.416000 59
196.608000 197.120000 69
197.408000 197.568000 66
197.984000 198.048000 59
198.336000 198.720000 58
198.720000 198.816000 58
198.816000 199.008000 59
199.008000 199.264000 62
199.264000 201.504000 69
201.632000 201.792000 75
201.792000 201.856000 72
201.856000 202.048000 69
202.336000 203.392000 69
203.488000 203.680000 69
203.776000 203.872000 67
204.000000 204.448000 64
205.472000 205.632000 62
206.176000 206.272000 68
209.376000 211.904000 71
212.384000 215.616000 74
215.712000 216.352000 75
216.352000 216.480000 71
216.608000 217.472000 72
217.696000 218.144000 64
218.336000 218.560000 64
218.752000 219.392000 61
219.840000 220.128000 66
220.128000 220.320000 67
220.320000 221.152000 71
221.344000 221.408000 64
221.408000 222.336000 67
222.560000 223.296000 63
223.648000 223.712000 65
223.712000 224.192000 68
224.352000 224.992000 71
224.992000 225.376000 64
225.536000 225.728000 64
225.728000 226.624000 63
226.912000 227.360000 61
227.520000 228.000000 70
228.000000 228.192000 68
228.608000 229.056000 63
229.120000 229.376000 64
229.632000 229.792000 68
229.792000 229.888000 65
230.016000 230.112000 64
230.112000 230.624000 66
230.656000 230.816000 63
231.168000 231.296000 66
231.296000 231.712000 68
231.872000 232.480000 71
232.640000 233.152000 64
233.376000 233.568000 63
233.728000 234.304000 62
234.432000 234.784000 75
234.912000 235.712000 74
235.808000 236.224000 71
236.224000 236.832000 66
237.088000 237.344000 73
237.568000 238.720000 72
239.136000 239.328000 66
239.424000 239.520000 63
239.616000 240.000000 63
240.096000 240.704000 59
240.960000 241.152000 57
241.152000 241.344000 59
241.504000 241.856000 66
241.984000 242.144000 68
242.144000 242.208000 66
242.336000 242.816000 59
243.712000 243.872000 61
244.064000 245.184000 59
261.632000 261.792000 64
