16.288000 16.384000 68
20.448000 20.960000 69
23.264000 23.456000 69
23.936000 24.128000 69
24.224000 24.320000 69
24.416000 26.304000 69
26.400000 26.624000 69
27.488000 27.744000 64
27.872000 28.512000 64
28.640000 30.176000 59
30.656000 30.912000 64
31.040000 31.168000 64
31.264000 31.872000 64
31.872000 32.352000 59
32.544000 32.896000 60
32.896000 33.344000 57
33.920000 34.112000 57
34.496000 35.168000 57
35.840000 36.000000 63
36.288000 36.576000 62
36.672000 36.896000 62
37.024000 37.312000 60
37.504000 37.888000 59
38.304000 38.400000 57
38.624000 39.680000 59
40.256000 40.320000 62
40.320000 41.248000 64
41.248000 42.336000 60
42.528000 42.848000 57
43.424000 44.480000 64
44.480000 44.832000 59
44.928000 45.216000 59
45.344000 45.568000 61
45.760000 46.048000 57
46.880000 46.976000 53
46.976000 48.032000 57
49.056000 50.144000 62
50.304000 50.720000 59
51.488000 52.800000 59
52.992000 53.312000 56
53.440000 53.792000 56
53.920000 54.464000 54
54.656000 55.168000 56
55.456000 56.192000 61
56.288000 56.640000 61
56.736000 57.408000 57
57.568000 58.592000 57
59.552000 59.680000 57
60.064000 60.512000 57
61.152000 61.760000 54
61.920000 62.656000 60
62.656000 62.944000 65
63.072000 65.824000 64
66.784000 66.880000 56
67.040000 68.352000 64
68.352000 69.632000 57
69.888000 70.944000 68
71.040000 71.520000 69
71.840000 72.224000 63
72.224000 72.960000 60
73.504000 73.952000 61
74.112000 74.368000 61
74.496000 74.784000 61
75.296000 75.776000 57
76.192000 76.896000 62
77.184000 78.176000 59
78.336000 78.656000 61
78.656000 79.616000 59
79.872000 80.992000 64
80.992000 82.464000 57
82.656000 84.416000 69
84.672000 84.960000 63
85.056000 85.728000 59
85.920000 87.360000 61
87.488000 87.648000 61
87.744000 87.968000 54
88.128000 88.576000 57
88.960000 89.024000 55
89.024000 89.120000 58
89.120000 90.080000 62
90.272000 90.496000 59
90.688000 90.976000 59
91.072000 91.360000 61
91.520000 91.680000 55
91.872000 93.568000 57
106.464000 106.560000 69
106.816000 107.168000 69
108.864000 108.992000 68
108.992000 110.112000 64
110.112000 110.176000 59
110.272000 110.400000 59
110.528000 110.816000 59
110.912000 111.168000 57
111.328000 111.808000 57
112.256000 112.768000 64
112.864000 113.088000 64
113.088000 114.784000 62
114.912000 115.360000 57
115.488000 115.744000 57
116.096000 117.056000 57
117.504000 117.600000 60
117.888000 118.144000 62
118.272000 118.560000 62
118.560000 119.520000 61
120.384000 120.512000 59
120.672000 121.024000 57
121.472000 121.760000 54
121.888000 122.144000 57
122.272000 123.008000 57
123.008000 123.168000 54
123.488000 123.968000 56
124.256000 124.960000 61
125.120000 125.408000 61
125.408000 126.912000 59
127.072000 127.232000 57
128.096000 128.288000 56
128.288000 128.544000 57
128.832000 129.344000 57
129.856000 130.080000 57
130.208000 130.496000 54
130.784000 131.456000 57
131.456000 131.776000 66
131.872000 135.168000 64
135.872000 136.256000 61
136.256000 136.544000 64
136.544000 138.432000 62
138.656000 140.384000 69
140.608000 141.056000 63
141.056000 141.728000 59
142.016000 142.048000 58
142.240000 142.752000 61
142.912000 143.168000 61
143.264000 143.680000 61
144.096000 144.448000 57
144.992000 145.728000 62
146.016000 146.912000 59
147.072000 147.488000 61
147.488000 148.480000 59
148.672000 149.792000 64
149.792000 151.200000 57
151.456000 152.576000 68
152.672000 153.120000 69
153.440000 153.760000 64
153.856000 154.560000 59
154.688000 156.192000 61
156.288000 156.448000 61
156.608000 156.736000 54
156.928000 157.376000 57
157.728000 157.792000 54
157.792000 157.824000 55
157.824000 157.920000 59
157.920000 158.304000 62
158.304000 158.912000 61
159.072000 159.328000 59
159.488000 160.192000 61
160.288000 160.512000 55
160.672000 162.816000 57
164.320000 164.480000 56
164.640000 165.952000 64
165.952000 167.264000 57
167.488000 169.120000 69
169.440000 169.824000 63
169.824000 170.560000 60
170.656000 170.752000 57
171.072000 171.552000 61
171.680000 171.936000 61
172.064000 172.384000 61
172.384000 172.544000 59
172.576000 172.768000 55
172.896000 173.408000 57
173.856000 174.176000 62
174.272000 174.560000 61
174.720000 175.712000 59
175.872000 176.224000 64
176.224000 176.992000 61
177.120000 177.280000 57
177.472000 177.792000 59
177.792000 178.144000 64
178.240000 178.528000 59
178.528000 178.912000 58
179.008000 180.032000 57
180.256000 181.952000 71
182.240000 182.560000 64
182.560000 183.392000 61
183.488000 185.280000 61
185.728000 186.176000 57
186.560000 186.624000 55
186.624000 186.688000 57
186.688000 187.712000 62
187.872000 188.128000 59
188.288000 188.576000 59
188.672000 188.928000 61
188.928000 189.376000 60
189.472000 191.232000 57
191.488000 191.616000 57
193.056000 194.080000 62
194.240000 194.496000 59
194.656000 194.912000 59
195.072000 195.360000 53
195.360000 195.424000 54
195.424000 195.744000 61
195.968000 197.088000 59
198.656000 198.848000 54
199.104000 201.056000 57
