3.296000 4.160000 53
4.704000 5.024000 53
5.184000 6.752000 56
6.912000 7.104000 56
9.088000 9.216000 65
9.696000 9.760000 61
11.488000 11.584000 65
12.160000 12.768000 63
12.960000 13.056000 63
24.096000 24.448000 64
28.672000 28.736000 48
28.736000 28.896000 49
28.896000 29.376000 52
29.376000 30.688000 53
30.880000 31.424000 53
32.032000 32.384000 56
32.544000 33.248000 58
33.440000 34.688000 54
35.072000 35.200000 46
35.360000 36.032000 53
36.032000 36.448000 50
36.736000 36.864000 46
36.864000 37.088000 51
37.184000 37.344000 53
37.600000 38.528000 56
39.040000 39.104000 48
39.104000 39.296000 53
39.488000 39.744000 56
39.744000 40.320000 58
40.320000 40.608000 53
40.608000 41.088000 52
41.216000 41.888000 51
42.432000 42.496000 48
42.496000 42.624000 49
42.624000 44.448000 53
44.640000 45.472000 53
46.080000 46.144000 53
46.144000 46.720000 58
46.944000 47.072000 61
47.200000 48.000000 58
48.000000 48.544000 54
48.832000 48.960000 47
49.088000 49.376000 52
49.376000 49.568000 53
49.568000 50.848000 51
50.848000 51.008000 53
51.168000 51.456000 58
51.456000 52.032000 57
52.672000 52.768000 46
52.896000 53.024000 49
53.152000 53.248000 48
53.248000 54.336000 53
54.336000 54.720000 49
55.072000 57.120000 49
57.920000 58.176000 56
58.176000 58.912000 65
59.104000 60.000000 65
60.000000 60.512000 61
61.216000 61.280000 55
61.280000 61.376000 57
61.504000 62.496000 63
62.656000 62.816000 58
62.816000 62.976000 57
62.976000 63.392000 56
63.488000 63.776000 54
63.776000 64.288000 56
64.864000 64.928000 52
64.928000 65.632000 58
65.728000 66.304000 59
66.496000 66.720000 56
66.848000 67.776000 59
68.640000 69.952000 65
69.952000 70.176000 61
70.368000 71.040000 63
71.296000 71.488000 61
71.648000 71.904000 58
71.904000 72.608000 65
72.800000 73.664000 65
73.664000 74.656000 62
74.912000 75.168000 59
75.168000 75.776000 62
76.000000 76.192000 61
76.192000 76.672000 60
76.672000 77.856000 56
78.336000 78.528000 49
78.624000 78.720000 51
78.912000 79.072000 53
79.232000 79.520000 56
79.712000 80.160000 57
80.256000 80.448000 53
80.640000 80.832000 58
80.832000 81.184000 57
82.016000 82.144000 56
82.368000 82.464000 58
82.592000 82.912000 61
83.040000 83.456000 61
83.456000 83.840000 59
84.000000 84.768000 63
85.184000 85.536000 65
85.664000 87.744000 65
88.256000 93.312000 63
95.104000 95.552000 66
95.616000 95.968000 65
96.064000 98.496000 70
99.584000 99.680000 70
105.152000 105.376000 68
105.568000 105.696000 68
105.856000 106.336000 63
106.336000 107.008000 65
107.104000 107.488000 63
107.584000 107.712000 63
110.496000 110.944000 66
110.944000 111.776000 70
111.968000 112.416000 70
119.168000 119.360000 46
119.488000 119.616000 48
119.616000 119.776000 49
119.776000 121.184000 53
121.280000 121.536000 51
121.728000 122.240000 54
122.880000 123.264000 56
123.392000 124.160000 58
124.256000 124.352000 55
124.352000 125.536000 54
125.920000 126.080000 46
126.208000 126.912000 53
126.912000 127.328000 50
127.648000 127.712000 46
127.712000 127.936000 51
128.032000 128.192000 53
128.480000 129.376000 56
129.920000 129.984000 50
129.984000 130.144000 53
130.336000 130.592000 56
130.592000 131.008000 58
131.008000 131.104000 56
131.104000 131.584000 55
131.584000 131.936000 51
132.064000 132.736000 51
133.280000 133.344000 47
133.344000 133.504000 50
133.504000 135.296000 53
135.488000 136.288000 53
136.928000 136.992000 52
136.992000 137.600000 58
137.824000 137.920000 61
138.048000 138.880000 58
138.880000 139.392000 53
139.680000 139.808000 47
139.936000 140.224000 52
140.224000 140.480000 53
140.480000 140.736000 48
140.736000 141.888000 53
142.016000 142.336000 58
142.336000 142.976000 55
143.552000 143.648000 46
143.776000 143.872000 49
144.032000 145.312000 53
145.312000 145.600000 47
145.920000 147.904000 49
148.160000 148.416000 56
148.768000 149.056000 57
149.056000 149.760000 65
149.952000 150.848000 65
150.848000 151.456000 61
152.032000 152.096000 53
152.096000 152.224000 58
152.352000 153.376000 63
153.376000 153.920000 60
154.016000 154.304000 53
154.400000 154.688000 54
154.688000 155.136000 55
155.744000 155.808000 53
155.808000 156.288000 57
156.288000 157.184000 59
157.376000 157.568000 56
157.728000 158.688000 58
159.488000 161.056000 65
161.248000 161.920000 63
162.496000 162.752000 58
162.752000 163.456000 65
163.680000 164.512000 65
164.512000 165.536000 62
165.824000 166.016000 59
166.016000 166.624000 63
166.848000 167.072000 61
167.072000 167.424000 59
167.424000 168.704000 56
169.216000 169.376000 49
169.472000 169.568000 50
169.728000 169.792000 50
169.792000 169.920000 53
170.080000 170.368000 56
170.560000 171.008000 57
171.104000 171.296000 53
171.520000 171.680000 58
171.680000 172.064000 57
172.640000 172.704000 51
172.704000 172.800000 53
172.896000 173.024000 56
173.152000 173.216000 57
173.216000 173.312000 58
173.440000 173.760000 61
173.888000 174.304000 62
174.304000 174.432000 59
174.528000 174.688000 58
174.848000 175.168000 63
175.168000 175.648000 61
176.096000 176.416000 65
176.576000 178.624000 65
179.168000 184.192000 63
186.016000 186.048000 69
186.560000 186.816000 58
186.816000 187.488000 65
187.712000 188.544000 65
188.544000 189.216000 61
189.728000 189.920000 58
190.080000 191.072000 63
191.168000 191.392000 58
191.392000 191.680000 57
191.680000 192.000000 53
192.096000 192.352000 53
192.352000 192.832000 56
193.440000 193.504000 52
193.504000 194.176000 58
194.272000 194.816000 59
195.008000 195.168000 56
195.328000 196.384000 58
197.216000 198.496000 65
198.496000 198.752000 61
198.944000 199.584000 63
200.192000 200.448000 57
200.448000 201.152000 65
201.376000 202.208000 65
202.208000 203.232000 62
203.520000 203.712000 58
203.712000 204.352000 62
204.576000 204.800000 61
204.800000 205.280000 59
205.280000 206.400000 56
206.912000 207.264000 51
207.488000 207.616000 52
207.776000 208.032000 56
208.288000 208.736000 57
208.832000 209.024000 53
209.216000 209.408000 58
209.408000 209.792000 56
210.336000 210.496000 53
210.592000 210.720000 56
210.912000 211.040000 58
211.200000 211.424000 61
211.648000 212.096000 62
212.192000 212.384000 58
212.544000 212.896000 63
212.896000 213.376000 62
213.856000 213.920000 62
213.920000 214.176000 65
214.304000 216.352000 65
216.864000 222.464000 63
