23.808000 24.064000 56
35.232000 35.904000 63
36.064000 36.320000 59
36.768000 36.992000 61
36.992000 37.152000 63
37.152000 37.600000 62
38.016000 38.080000 62
38.080000 38.496000 67
38.496000 38.720000 68
38.720000 39.072000 65
39.392000 39.488000 55
39.488000 39.808000 58
40.000000 40.032000 60
40.192000 40.320000 65
44.448000 44.576000 76
44.576000 44.768000 75
44.768000 44.992000 74
44.992000 45.184000 71
45.184000 46.560000 75
47.264000 47.904000 61
47.904000 47.968000 56
50.048000 50.176000 74
50.176000 50.464000 75
50.464000 50.976000 73
51.712000 51.776000 59
51.776000 51.936000 63
59.136000 59.232000 75
59.232000 59.424000 74
59.424000 59.680000 71
59.680000 59.808000 67
60.576000 60.800000 75
60.800000 61.152000 72
61.376000 61.696000 77
61.696000 61.888000 72
62.016000 62.336000 72
62.720000 62.784000 72
62.784000 63.296000 75
63.296000 63.456000 72
63.616000 64.064000 72
64.352000 64.960000 75
64.960000 65.088000 68
65.088000 65.376000 72
65.376000 65.696000 70
66.144000 66.272000 66
66.368000 66.752000 64
66.752000 66.880000 68
71.328000 71.520000 70
71.616000 71.776000 72
72.704000 73.216000 78
73.312000 73.472000 76
73.472000 74.016000 75
74.016000 74.624000 69
76.704000 76.832000 74
79.072000 79.200000 73
79.328000 79.680000 73
79.968000 80.192000 75
80.384000 80.896000 72
82.944000 83.520000 62
83.776000 84.064000 60
84.256000 84.512000 59
84.640000 85.696000 59
87.904000 88.224000 57
88.352000 88.800000 59
89.504000 90.592000 62
90.720000 91.424000 59
91.616000 92.064000 59
93.216000 93.472000 54
93.632000 94.272000 55
94.464000 94.784000 57
94.880000 95.200000 57
95.680000 96.384000 67
96.512000 97.568000 66
97.728000 98.016000 64
98.112000 98.528000 60
98.944000 99.264000 67
99.360000 101.728000 69
102.016000 104.704000 64
104.832000 105.088000 64
106.848000 107.360000 55
107.616000 108.384000 59
109.216000 109.472000 62
109.632000 109.920000 62
109.920000 111.104000 61
111.328000 111.872000 59
113.088000 114.496000 57
114.720000 115.168000 59
115.872000 116.064000 61
116.224000 116.928000 62
117.056000 117.376000 59
117.472000 118.560000 59
119.968000 120.544000 55
120.704000 120.960000 56
121.184000 121.472000 56
121.952000 124.320000 67
124.480000 124.832000 59
125.280000 125.888000 67
126.048000 126.976000 67
126.976000 127.808000 68
127.808000 128.352000 64
128.576000 130.272000 64
131.008000 131.360000 64
131.360000 132.608000 72
132.704000 133.120000 71
133.120000 134.176000 69
134.368000 134.784000 67
135.136000 135.456000 59
135.456000 135.520000 62
135.520000 137.312000 67
137.568000 137.824000 66
137.824000 138.848000 69
139.008000 139.648000 67
139.648000 140.416000 71
140.416000 141.312000 70
141.696000 142.080000 59
142.080000 142.112000 60
142.112000 142.272000 62
142.272000 143.232000 66
143.360000 143.840000 67
144.096000 144.384000 67
144.384000 144.512000 67
144.512000 144.736000 68
144.736000 145.600000 70
145.600000 146.240000 74
146.240000 147.712000 71
147.712000 147.968000 66
148.448000 148.672000 60
148.672000 149.472000 66
149.568000 150.368000 55
150.784000 151.008000 54
151.040000 151.712000 57
151.840000 153.280000 71
153.280000 154.144000 67
154.240000 154.336000 65
154.496000 154.784000 65
155.072000 156.480000 64
157.120000 157.760000 66
157.760000 159.648000 72
159.776000 161.632000 69
161.760000 161.856000 65
161.952000 162.144000 67
162.176000 162.400000 67
162.464000 162.784000 66
162.976000 163.360000 67
163.488000 166.528000 67
166.656000 167.072000 62
167.168000 169.728000 64
170.080000 170.656000 64
170.752000 173.152000 72
173.248000 174.368000 69
174.464000 175.360000 67
176.064000 177.248000 68
177.312000 178.368000 67
179.296000 184.480000 76
184.608000 184.704000 74
187.392000 187.488000 61
187.744000 188.288000 65
188.288000 189.600000 67
189.824000 191.040000 69
191.232000 191.424000 62
191.808000 192.992000 71
192.992000 193.600000 68
193.888000 194.208000 60
194.304000 194.400000 62
194.400000 194.944000 66
194.944000 195.296000 66
195.488000 195.936000 67
196.224000 196.512000 67
196.512000 196.832000 67
196.832000 197.696000 70
197.696000 198.272000 74
198.272000 199.968000 71
200.928000 201.344000 65
201.344000 201.792000 66
201.984000 202.336000 67
202.720000 202.944000 67
202.944000 203.712000 69
203.840000 204.128000 69
204.224000 204.832000 71
204.832000 205.920000 69
206.048000 206.240000 65
206.240000 207.136000 67
207.136000 208.896000 64
209.088000 209.664000 66
209.664000 210.784000 72
210.912000 211.488000 71
211.744000 212.032000 69
212.192000 212.832000 67
213.504000 213.632000 61
213.728000 215.392000 67
215.744000 216.608000 69
216.608000 217.088000 69
217.216000 217.664000 63
217.760000 218.528000 71
218.592000 219.360000 69
220.288000 220.800000 64
220.800000 221.824000 67
222.208000 222.560000 67
222.656000 223.168000 69
223.296000 223.584000 69
223.680000 223.840000 72
223.840000 224.288000 74
224.288000 225.312000 71
225.536000 225.888000 67
226.272000 226.560000 59
226.656000 226.848000 64
226.848000 228.448000 69
228.736000 229.472000 69
229.472000 229.664000 69
229.760000 231.296000 71
231.392000 231.808000 67
232.064000 233.024000 67
233.248000 234.624000 64
234.784000 234.976000 63
235.168000 235.616000 66
235.616000 237.888000 72
237.888000 238.400000 68
238.560000 241.664000 67
242.208000 244.256000 67
245.248000 249.216000 64
256.640000 256.896000 62
257.120000 258.144000 60
259.008000 261.056000 59
264.160000 265.728000 62
267.104000 268.000000 60
268.000000 271.072000 57
279.232000 279.584000 68
279.776000 279.936000 68
286.592000 286.816000 73
288.864000 288.992000 65
289.376000 289.472000 63
290.496000 290.720000 72
291.776000 292.128000 65
292.256000 292.512000 62
293.472000 294.272000 71
296.256000 296.384000 70
296.512000 296.896000 70
