60.608000 61.312000 62
61.440000 61.760000 60
62.016000 62.400000 56
63.424000 63.520000 55
63.680000 63.872000 55
64.160000 64.352000 56
64.448000 65.152000 59
65.248000 65.376000 57
65.568000 66.528000 57
68.800000 69.568000 62
69.696000 70.336000 62
70.464000 71.264000 60
72.704000 72.896000 57
72.896000 73.664000 62
73.824000 74.688000 64
74.848000 75.360000 62
76.864000 76.992000 55
77.152000 77.504000 54
77.664000 78.048000 55
78.432000 78.848000 64
78.976000 79.936000 64
81.216000 81.376000 58
81.376000 81.696000 59
81.696000 82.368000 62
82.624000 83.200000 65
83.360000 84.032000 64
85.088000 85.216000 55
85.408000 86.016000 54
86.720000 87.648000 64
87.936000 88.192000 62
88.352000 88.576000 62
89.504000 90.752000 60
93.344000 94.080000 59
94.176000 94.368000 62
94.368000 94.560000 67
94.560000 94.624000 65
94.624000 95.072000 60
95.200000 95.328000 59
95.456000 95.648000 67
95.648000 95.712000 64
95.712000 96.128000 60
96.256000 96.416000 59
96.416000 97.024000 67
97.504000 98.240000 67
98.240000 98.368000 66
98.368000 99.072000 65
99.072000 99.616000 62
99.712000 100.160000 60
101.088000 101.440000 58
101.632000 102.336000 59
102.432000 102.624000 59
102.624000 102.848000 56
102.976000 103.648000 59
103.744000 103.904000 55
104.000000 104.160000 59
104.256000 104.672000 59
104.864000 105.184000 67
105.760000 106.816000 67
106.912000 107.552000 65
107.552000 107.808000 61
107.808000 108.544000 59
108.640000 108.864000 60
108.960000 109.888000 65
109.984000 112.000000 64
114.208000 114.464000 67
114.560000 115.936000 67
116.384000 116.704000 69
116.704000 116.832000 67
116.832000 117.440000 66
117.440000 117.888000 68
117.984000 118.400000 64
118.496000 118.816000 69
118.816000 120.160000 67
120.544000 120.768000 69
120.768000 120.960000 67
120.960000 121.632000 67
121.632000 122.016000 68
122.112000 122.592000 65
122.592000 123.040000 69
123.040000 123.840000 65
124.224000 124.608000 69
124.608000 125.312000 67
125.440000 126.144000 69
126.240000 126.464000 64
126.720000 127.680000 64
127.808000 128.320000 60
128.800000 129.760000 68
129.888000 130.048000 59
130.048000 130.560000 62
130.816000 131.520000 67
131.520000 132.512000 64
132.928000 133.376000 69
133.376000 133.856000 65
133.984000 134.272000 69
134.272000 134.464000 67
134.464000 136.640000 69
137.056000 137.504000 69
137.504000 138.048000 64
138.048000 139.232000 68
139.232000 139.648000 69
139.648000 140.288000 61
140.672000 141.152000 76
141.152000 141.344000 68
141.440000 142.080000 69
142.240000 142.624000 72
142.624000 143.168000 69
143.712000 144.192000 65
144.320000 144.704000 65
144.864000 145.216000 67
145.344000 145.952000 63
147.424000 148.928000 65
149.024000 149.440000 67
149.440000 150.240000 64
151.648000 153.024000 65
153.120000 153.664000 67
153.664000 154.336000 62
154.976000 155.584000 63
155.584000 156.192000 60
156.352000 157.440000 60
160.032000 161.216000 61
161.472000 161.728000 55
162.880000 163.040000 55
163.200000 163.552000 56
163.680000 163.872000 56
163.968000 164.800000 59
165.024000 166.016000 57
168.320000 170.752000 62
172.256000 172.416000 57
172.416000 173.120000 62
173.280000 174.176000 64
174.336000 174.944000 61
176.352000 176.480000 55
176.640000 176.992000 54
177.280000 177.760000 55
177.856000 177.920000 59
177.920000 179.360000 64
180.480000 180.608000 60
180.736000 180.896000 58
180.896000 181.216000 59
181.216000 181.888000 62
182.048000 183.680000 65
185.088000 185.568000 54
186.208000 187.296000 64
187.424000 187.712000 64
187.840000 188.352000 62
189.024000 190.240000 60
192.864000 193.536000 59
193.632000 193.760000 59
193.888000 194.112000 67
194.112000 194.560000 60
194.656000 194.816000 60
194.912000 195.104000 67
195.104000 195.200000 65
195.200000 195.616000 59
195.712000 195.904000 59
195.904000 196.448000 67
196.960000 197.664000 67
197.760000 198.016000 65
198.016000 198.688000 64
198.688000 199.040000 62
199.168000 199.712000 60
201.184000 201.856000 59
201.952000 202.112000 58
202.112000 202.432000 55
202.432000 203.136000 59
203.232000 203.392000 55
203.488000 204.128000 59
204.288000 204.768000 67
205.280000 207.008000 67
207.104000 207.616000 59
207.616000 208.448000 61
208.448000 209.696000 65
209.696000 210.912000 69
210.912000 211.808000 62
212.032000 212.128000 62
213.504000 213.728000 67
213.824000 215.136000 67
215.584000 216.032000 69
216.032000 216.800000 68
216.896000 217.088000 67
217.184000 217.600000 64
217.600000 218.496000 69
218.496000 219.328000 64
219.744000 219.968000 69
219.968000 220.192000 67
220.192000 220.960000 68
221.056000 221.216000 67
221.312000 221.792000 65
221.792000 222.272000 69
222.272000 223.008000 64
223.424000 223.840000 69
223.840000 224.512000 67
224.640000 224.800000 69
224.800000 225.376000 68
225.376000 225.664000 65
225.952000 226.880000 64
227.008000 227.840000 60
228.000000 228.928000 68
229.088000 229.760000 62
230.080000 230.272000 67
230.368000 231.648000 67
232.160000 232.576000 69
232.576000 233.056000 65
233.184000 233.472000 69
233.472000 233.632000 67
233.632000 235.840000 69
236.256000 236.704000 69
236.704000 236.800000 66
236.800000 237.312000 65
237.312000 237.760000 68
237.760000 238.368000 65
238.368000 238.816000 69
238.816000 239.424000 63
239.904000 240.352000 75
240.352000 240.544000 72
240.672000 241.280000 69
241.440000 241.856000 72
241.984000 242.400000 69
242.912000 243.424000 65
243.520000 243.904000 65
244.096000 244.448000 67
244.576000 245.152000 63
246.720000 248.096000 65
248.192000 248.704000 67
248.704000 249.536000 64
250.816000 252.224000 65
252.320000 252.864000 67
252.864000 253.600000 62
254.112000 254.944000 63
254.976000 257.152000 63
261.664000 261.728000 69
261.728000 262.496000 71
262.496000 263.136000 72
263.520000 263.552000 65
263.584000 267.744000 67
267.936000 268.320000 67
268.320000 270.880000 66
271.040000 273.728000 73
273.792000 274.656000 75
274.656000 274.752000 76
274.848000 276.032000 69
276.608000 276.768000 72
276.896000 277.792000 69
277.888000 279.296000 67
279.648000 280.096000 69
280.096000 280.352000 65
280.448000 280.672000 65
280.672000 280.864000 68
280.960000 281.120000 67
281.216000 281.664000 64
281.760000 281.984000 69
281.984000 283.360000 67
283.776000 284.000000 69
284.096000 284.288000 67
284.288000 284.832000 65
284.832000 285.376000 69
285.376000 285.760000 65
285.856000 286.208000 69
286.208000 287.200000 67
287.392000 287.520000 63
287.520000 288.064000 67
288.160000 288.800000 69
288.960000 289.312000 72
289.440000 289.952000 69
290.304000 291.456000 65
291.584000 291.968000 67
292.128000 292.704000 64
294.272000 295.616000 65
295.776000 296.224000 67
296.224000 297.024000 63
298.368000 299.744000 65
299.872000 300.384000 67
300.384000 301.184000 63
301.664000 304.448000 63
310.688000 310.944000 65
