35.968000 36.800000 64
36.960000 37.152000 59
37.312000 38.560000 64
39.040000 40.000000 64
40.128000 40.288000 63
40.640000 41.184000 56
43.008000 43.840000 63
43.936000 44.288000 59
44.288000 45.536000 64
45.696000 45.984000 59
46.144000 46.880000 64
46.976000 47.616000 62
47.840000 48.672000 56
50.112000 50.880000 63
51.040000 51.232000 59
51.392000 52.320000 64
52.480000 52.640000 63
52.832000 53.056000 59
53.152000 53.472000 64
53.568000 53.728000 63
53.824000 54.560000 64
54.784000 55.968000 57
57.120000 57.952000 64
58.112000 58.144000 59
58.208000 58.432000 60
58.432000 59.776000 64
59.776000 60.288000 62
60.288000 61.728000 64
62.368000 62.848000 62
62.848000 63.296000 64
63.296000 64.096000 69
64.192000 65.440000 64
65.920000 66.368000 62
66.368000 67.008000 67
67.136000 67.488000 69
67.488000 67.616000 65
67.744000 68.992000 64
69.472000 69.856000 62
69.856000 70.560000 67
70.688000 71.040000 69
71.040000 71.072000 62
71.296000 72.224000 60
72.544000 72.704000 57
72.704000 72.768000 58
72.768000 73.632000 64
73.728000 73.920000 67
73.920000 74.496000 66
74.624000 76.032000 64
76.544000 76.928000 62
77.024000 77.408000 65
77.408000 78.208000 69
78.304000 79.648000 64
79.968000 80.672000 65
80.768000 80.960000 67
80.960000 81.120000 66
81.216000 81.632000 64
81.632000 82.208000 71
82.304000 82.560000 67
82.560000 82.944000 65
82.944000 83.776000 71
83.776000 84.320000 67
84.320000 84.672000 64
84.928000 85.056000 58
85.216000 86.112000 60
86.944000 87.168000 64
87.168000 87.904000 64
88.032000 88.416000 67
88.512000 88.896000 63
89.056000 91.296000 62
91.392000 91.520000 60
91.776000 94.464000 65
95.296000 96.832000 64
96.832000 98.592000 61
99.296000 99.520000 59
99.520000 99.712000 65
99.712000 101.504000 67
102.912000 103.168000 62
103.168000 103.840000 64
103.840000 104.352000 61
104.352000 104.672000 64
104.768000 105.504000 64
106.080000 106.432000 64
106.528000 106.688000 62
106.784000 107.392000 63
107.776000 108.640000 55
110.048000 110.976000 64
110.976000 111.392000 59
111.392000 111.744000 64
111.872000 112.384000 64
112.480000 112.640000 63
112.800000 113.120000 58
113.216000 114.272000 63
114.528000 115.264000 56
115.712000 115.872000 57
115.872000 116.832000 60
117.120000 117.888000 64
118.048000 118.304000 58
118.432000 118.656000 64
118.656000 119.040000 64
119.136000 119.680000 63
119.872000 120.160000 57
120.160000 121.024000 64
121.120000 121.312000 62
121.408000 121.632000 63
121.984000 122.528000 55
122.848000 122.944000 58
123.104000 123.456000 60
123.456000 123.936000 59
124.160000 124.992000 64
125.120000 125.376000 58
125.504000 126.080000 64
126.176000 126.624000 63
126.624000 127.712000 67
127.712000 128.896000 63
129.344000 129.920000 62
129.920000 132.512000 69
132.992000 133.440000 62
133.440000 134.144000 67
134.304000 134.656000 69
134.848000 136.000000 64
136.512000 136.960000 62
136.960000 137.632000 67
137.728000 138.112000 69
138.112000 139.232000 62
139.552000 139.744000 57
139.744000 139.840000 59
139.840000 140.640000 64
140.768000 140.960000 67
140.960000 141.472000 65
141.632000 143.008000 65
143.008000 143.360000 63
143.584000 144.064000 62
144.064000 144.480000 64
144.480000 145.280000 69
145.376000 146.656000 65
147.008000 147.552000 63
147.552000 148.160000 67
148.256000 148.704000 64
148.704000 149.248000 71
149.344000 149.536000 67
149.536000 150.208000 67
150.208000 150.368000 67
150.464000 151.328000 69
151.328000 151.840000 66
152.288000 152.320000 60
152.352000 153.152000 60
153.952000 154.176000 64
154.176000 154.784000 64
154.880000 155.264000 67
155.424000 155.744000 64
156.000000 156.192000 62
156.192000 157.824000 61
157.824000 158.944000 64
159.328000 160.288000 60
160.480000 160.736000 54
160.736000 162.400000 64
163.040000 163.808000 60
163.968000 164.032000 62
164.384000 165.664000 64
166.528000 167.552000 64
167.680000 168.288000 59
168.288000 168.352000 67
168.352000 169.632000 69
169.632000 171.552000 67
171.776000 172.288000 62
172.288000 172.736000 65
172.736000 173.568000 69
173.664000 174.784000 64
175.392000 175.712000 63
175.840000 176.192000 65
176.192000 176.448000 67
176.608000 176.896000 69
176.896000 177.024000 67
177.184000 178.368000 64
179.008000 179.072000 62
179.072000 179.168000 63
179.168000 179.424000 64
179.424000 179.840000 67
180.000000 180.288000 68
180.512000 181.696000 61
182.432000 182.496000 60
182.496000 182.592000 61
182.592000 182.912000 63
182.912000 183.648000 67
183.744000 183.904000 63
184.064000 184.192000 62
184.192000 185.280000 64
185.280000 185.792000 63
186.016000 186.368000 62
186.496000 186.880000 65
186.880000 187.520000 69
188.256000 188.288000 64
188.320000 189.088000 64
189.536000 189.696000 60
189.696000 189.952000 62
189.952000 190.304000 65
190.304000 190.624000 67
190.624000 191.072000 65
191.072000 191.488000 71
191.488000 192.256000 68
192.384000 193.408000 71
193.472000 193.792000 67
193.888000 194.272000 64
194.528000 194.592000 59
194.816000 195.136000 60
195.264000 195.584000 59
196.320000 196.640000 64
196.736000 197.056000 62
197.056000 197.504000 64
199.104000 199.456000 67
199.584000 199.936000 64
200.128000 203.296000 62
204.800000 207.040000 62
208.320000 208.608000 60
208.608000 209.600000 62
210.272000 213.408000 62
