3.648000 3.744000 76
6.496000 7.328000 55
10.528000 11.072000 58
16.736000 16.928000 57
17.120000 17.792000 59
17.952000 18.304000 59
18.400000 19.104000 58
19.264000 19.488000 57
19.680000 19.936000 59
20.128000 20.352000 56
20.480000 21.312000 63
21.600000 21.792000 56
21.792000 21.856000 58
21.856000 22.624000 63
23.424000 24.704000 64
24.704000 25.024000 60
25.024000 25.376000 57
25.504000 25.664000 59
25.888000 26.336000 61
26.720000 26.912000 57
27.104000 27.936000 59
29.280000 29.632000 59
29.760000 30.272000 61
30.272000 30.944000 66
31.104000 31.840000 61
32.832000 33.056000 55
33.056000 33.664000 58
33.664000 33.920000 59
33.952000 34.368000 61
34.368000 35.072000 58
36.416000 36.512000 57
36.512000 36.768000 58
36.768000 37.248000 57
37.248000 37.952000 54
38.048000 38.208000 58
38.208000 38.368000 59
38.368000 38.848000 58
38.976000 39.264000 53
39.360000 39.776000 55
40.224000 40.576000 61
40.704000 41.632000 55
43.808000 44.224000 57
44.224000 45.216000 59
45.312000 45.600000 56
45.600000 46.272000 59
46.560000 46.976000 59
46.976000 47.296000 58
47.456000 47.712000 63
47.808000 48.288000 63
48.576000 48.736000 57
48.736000 49.792000 63
50.272000 50.976000 64
51.136000 51.456000 62
51.456000 51.840000 60
52.032000 52.288000 56
52.288000 53.120000 61
53.344000 54.432000 62
54.432000 55.008000 59
56.192000 56.320000 59
56.480000 56.640000 61
56.864000 57.280000 68
57.376000 57.760000 66
58.112000 58.336000 61
58.496000 59.392000 68
59.680000 60.064000 68
60.192000 60.544000 66
60.544000 60.992000 65
61.440000 61.632000 59
61.632000 61.696000 60
61.696000 61.760000 61
61.760000 62.368000 67
62.592000 63.424000 64
63.968000 64.256000 61
64.256000 64.640000 65
64.640000 65.664000 69
65.760000 66.368000 61
66.752000 67.456000 69
67.456000 67.872000 61
68.000000 69.216000 66
69.952000 70.304000 71
70.464000 70.784000 68
70.784000 71.072000 64
71.168000 71.328000 64
71.328000 71.648000 66
71.648000 71.936000 71
72.128000 72.448000 68
72.448000 73.440000 66
73.856000 74.176000 61
74.176000 75.872000 68
76.544000 76.672000 68
76.672000 76.896000 71
76.896000 77.312000 69
77.440000 77.856000 64
77.856000 78.176000 67
78.176000 78.880000 71
79.136000 79.616000 65
79.616000 80.000000 66
80.416000 80.608000 61
80.896000 82.336000 68
83.392000 83.712000 60
83.712000 84.192000 63
84.352000 84.672000 66
84.768000 84.864000 68
84.864000 85.568000 71
85.568000 86.048000 67
86.816000 86.912000 58
87.040000 87.584000 61
87.584000 88.160000 68
88.160000 88.320000 70
88.480000 88.832000 66
88.832000 89.376000 64
89.888000 90.112000 65
90.112000 90.464000 68
90.560000 90.656000 66
90.656000 92.128000 66
92.128000 92.704000 62
93.216000 93.728000 67
93.824000 93.984000 66
93.984000 94.816000 65
94.816000 95.296000 71
95.296000 95.968000 68
96.256000 96.384000 69
96.384000 96.608000 71
96.608000 96.672000 69
96.672000 97.056000 68
97.056000 97.696000 66
97.696000 98.176000 71
98.400000 98.688000 68
98.784000 99.744000 66
100.064000 100.480000 62
100.480000 102.336000 68
102.784000 103.136000 71
103.296000 103.424000 67
103.424000 103.616000 68
103.616000 104.128000 64
104.128000 104.384000 67
104.384000 104.736000 73
104.928000 105.216000 68
105.472000 105.888000 65
105.888000 106.272000 66
106.592000 106.848000 61
107.136000 108.512000 68
108.896000 109.056000 59
109.184000 109.376000 57
109.696000 109.760000 58
109.760000 110.176000 61
110.304000 110.496000 64
110.720000 111.200000 67
111.200000 111.840000 71
111.840000 112.480000 68
113.280000 113.376000 58
113.568000 113.856000 62
113.856000 114.304000 64
114.304000 114.912000 71
114.912000 115.808000 67
116.192000 116.544000 66
116.544000 116.800000 68
116.800000 117.568000 67
117.664000 118.080000 65
118.176000 118.944000 64
119.456000 120.000000 67
120.000000 120.480000 67
120.576000 120.864000 65
121.120000 122.336000 66
123.968000 124.384000 66
124.544000 125.344000 68
131.456000 131.584000 52
132.480000 132.736000 57
132.992000 133.408000 56
134.208000 134.368000 57
134.656000 134.816000 57
136.128000 136.320000 56
136.480000 136.864000 59
136.864000 137.920000 59
138.112000 138.336000 59
138.336000 138.816000 58
139.008000 139.392000 59
139.392000 139.680000 57
139.776000 140.800000 63
140.928000 141.184000 64
141.312000 142.432000 66
142.784000 143.072000 64
143.168000 143.392000 63
143.520000 144.224000 61
144.320000 144.480000 54
144.480000 144.768000 57
144.768000 145.056000 59
145.184000 146.240000 62
146.400000 146.752000 62
146.752000 147.456000 62
148.416000 148.672000 58
148.864000 149.120000 61
149.312000 149.728000 68
149.856000 150.176000 66
150.912000 151.712000 68
152.160000 152.448000 68
152.448000 152.928000 67
152.928000 153.472000 65
153.920000 154.080000 59
154.176000 155.840000 67
156.288000 156.352000 58
156.352000 156.800000 62
156.800000 157.088000 65
157.088000 157.856000 68
157.952000 158.080000 69
158.208000 158.688000 70
159.136000 159.872000 69
159.872000 160.288000 60
160.384000 160.800000 63
160.800000 161.696000 68
161.952000 162.368000 71
162.496000 162.848000 68
162.848000 163.136000 64
163.232000 163.808000 70
163.808000 163.936000 71
164.064000 164.352000 68
164.352000 165.280000 66
165.408000 165.472000 57
165.472000 166.112000 61
166.112000 167.936000 68
168.576000 168.640000 68
168.640000 169.056000 71
169.056000 169.312000 68
169.440000 169.888000 64
169.888000 170.208000 66
170.208000 170.912000 71
171.072000 171.552000 65
171.552000 171.936000 67
172.352000 172.608000 62
172.864000 174.464000 68
175.296000 175.552000 59
175.712000 175.776000 60
175.776000 175.904000 61
175.904000 176.224000 64
176.384000 176.704000 66
176.800000 176.864000 68
176.864000 177.504000 71
177.504000 178.368000 68
178.848000 179.008000 58
179.008000 179.296000 60
179.296000 180.000000 63
180.096000 180.384000 71
180.608000 181.600000 67
181.920000 184.544000 68
185.120000 185.792000 67
185.888000 186.048000 67
186.048000 186.848000 65
186.848000 187.104000 71
187.200000 188.256000 71
188.256000 188.672000 71
188.672000 189.216000 68
189.504000 189.632000 65
189.632000 189.920000 66
189.920000 190.240000 71
190.400000 190.720000 68
190.720000 191.680000 66
191.680000 192.512000 67
192.512000 194.432000 69
194.816000 195.136000 71
195.328000 195.680000 68
195.776000 196.192000 64
196.192000 196.448000 67
196.448000 196.864000 74
197.120000 197.376000 68
197.536000 197.600000 63
197.600000 197.952000 64
197.952000 198.208000 66
198.656000 198.912000 62
199.168000 200.608000 68
201.696000 201.984000 59
201.984000 202.176000 62
202.272000 202.528000 64
202.688000 202.784000 64
202.784000 203.104000 66
203.104000 204.096000 71
204.096000 204.832000 66
205.248000 205.440000 59
205.536000 206.240000 63
206.336000 206.752000 71
206.752000 207.104000 67
207.104000 207.712000 64
208.224000 209.184000 68
209.184000 211.008000 65
211.392000 211.616000 66
211.712000 212.384000 67
212.640000 212.768000 63
213.056000 214.400000 67
214.496000 214.880000 67
215.744000 215.968000 67
216.096000 216.736000 68
216.928000 217.088000 67
217.216000 217.472000 67
217.472000 217.696000 65
217.888000 219.104000 68
225.472000 225.600000 66
227.520000 227.616000 59
227.616000 228.000000 57
