32.288000 32.960000 52
33.120000 33.440000 49
33.568000 34.048000 52
35.296000 35.360000 47
35.520000 35.648000 48
35.776000 36.544000 50
37.312000 37.472000 52
37.600000 37.920000 49
39.040000 39.136000 47
39.296000 39.744000 47
39.968000 40.160000 47
40.704000 41.920000 48
42.464000 42.784000 46
43.296000 43.392000 46
46.176000 46.464000 53
46.688000 47.648000 51
47.840000 48.096000 50
48.192000 48.576000 51
49.248000 49.888000 52
50.112000 50.368000 49
50.528000 50.912000 48
51.008000 51.424000 50
52.256000 52.608000 48
52.704000 53.728000 51
53.824000 54.368000 51
54.816000 55.456000 53
55.680000 55.904000 50
56.640000 56.768000 46
56.992000 57.376000 48
60.032000 60.096000 49
60.096000 60.736000 52
60.928000 61.120000 48
61.440000 61.760000 53
63.072000 63.168000 48
63.328000 63.840000 50
63.968000 64.576000 51
65.120000 65.280000 53
65.376000 65.888000 50
66.720000 66.976000 49
67.136000 67.296000 48
67.488000 67.616000 46
67.712000 68.032000 46
68.576000 69.088000 49
69.184000 69.344000 46
69.536000 69.824000 46
70.016000 70.432000 46
70.816000 72.256000 55
73.728000 74.272000 58
74.368000 75.104000 51
75.296000 76.192000 62
76.992000 77.120000 60
77.216000 77.312000 58
77.472000 77.536000 54
77.536000 77.824000 57
77.824000 78.240000 53
78.368000 78.592000 50
78.752000 79.200000 58
79.616000 80.320000 50
80.480000 80.800000 53
80.896000 81.184000 53
81.344000 81.920000 51
82.080000 82.272000 50
82.688000 82.976000 47
83.072000 83.200000 46
83.584000 84.000000 46
84.544000 85.408000 46
87.008000 87.808000 63
87.904000 88.800000 62
89.600000 90.368000 60
90.496000 91.232000 62
91.360000 92.224000 60
92.704000 92.960000 54
93.088000 93.440000 60
93.536000 93.856000 58
93.984000 94.528000 58
94.624000 94.848000 58
94.848000 95.168000 57
95.264000 96.000000 58
96.192000 96.480000 55
96.672000 96.960000 58
97.376000 97.728000 65
97.856000 100.032000 62
100.928000 101.728000 65
101.728000 102.624000 58
103.072000 103.360000 55
103.520000 104.256000 62
104.256000 104.800000 62
104.800000 105.152000 60
105.312000 105.984000 53
106.560000 106.688000 53
106.816000 106.976000 53
106.976000 108.064000 60
108.192000 108.544000 62
108.896000 109.056000 53
109.152000 109.856000 62
110.016000 110.464000 63
110.464000 111.200000 62
111.392000 111.648000 58
111.776000 111.872000 60
111.872000 112.928000 63
112.928000 114.048000 60
114.848000 114.912000 62
114.912000 115.264000 64
115.264000 115.552000 65
115.712000 116.608000 62
117.184000 117.216000 62
117.472000 118.144000 60
118.304000 118.528000 60
118.528000 118.944000 65
118.944000 120.000000 62
120.288000 120.640000 53
120.736000 120.928000 55
120.928000 121.216000 60
121.344000 122.144000 58
122.208000 122.272000 57
122.272000 122.752000 58
122.752000 123.456000 56
123.552000 123.680000 58
123.680000 123.744000 57
123.744000 124.608000 58
125.248000 125.600000 65
125.696000 126.368000 67
126.368000 127.840000 62
128.736000 129.568000 67
129.568000 129.600000 61
129.600000 129.792000 60
129.792000 130.528000 57
130.880000 131.008000 54
131.136000 131.232000 55
131.328000 131.680000 62
131.776000 132.000000 59
132.000000 132.576000 62
132.704000 132.832000 60
132.832000 133.024000 59
133.152000 134.048000 53
134.400000 134.816000 55
134.816000 136.384000 62
136.672000 136.896000 53
136.992000 137.056000 59
137.056000 139.808000 63
140.512000 141.632000 63
141.824000 142.400000 60
142.400000 143.008000 56
143.680000 143.872000 57
144.224000 146.016000 58
156.672000 156.896000 47
157.952000 158.272000 50
158.368000 158.560000 48
158.688000 159.168000 52
159.712000 159.840000 47
159.840000 160.416000 48
160.416000 161.184000 51
161.408000 161.984000 53
162.304000 162.656000 50
163.968000 164.032000 47
164.032000 164.288000 50
164.416000 164.928000 48
165.120000 165.472000 47
165.664000 167.008000 49
168.288000 169.760000 55
170.912000 171.040000 55
171.136000 171.680000 58
171.840000 172.032000 51
172.704000 172.928000 61
172.928000 173.280000 62
174.400000 174.528000 60
174.624000 174.720000 58
174.848000 174.912000 57
174.912000 175.232000 60
175.232000 175.488000 57
175.776000 175.968000 53
176.160000 176.992000 60
177.408000 177.568000 50
177.696000 177.952000 50
178.112000 179.680000 53
180.096000 181.056000 49
181.088000 181.632000 50
181.824000 182.272000 48
184.128000 184.256000 56
184.384000 184.448000 59
184.448000 185.184000 63
185.280000 186.592000 62
187.008000 187.744000 60
187.904000 188.608000 62
188.704000 189.856000 60
190.496000 191.232000 60
191.360000 191.904000 58
192.032000 192.224000 58
192.224000 192.576000 57
192.672000 193.024000 55
193.120000 193.312000 58
193.312000 193.408000 56
193.568000 193.888000 55
194.016000 194.368000 58
194.720000 195.136000 65
195.264000 197.472000 62
198.336000 199.072000 65
199.264000 199.808000 56
200.032000 200.160000 51
200.256000 200.352000 52
200.448000 200.768000 55
200.928000 201.664000 62
201.664000 202.240000 62
202.240000 202.560000 60
202.688000 203.360000 53
203.968000 204.096000 53
204.192000 204.352000 54
204.352000 204.384000 56
204.384000 205.920000 62
206.560000 207.264000 62
207.392000 207.840000 63
207.840000 208.576000 62
208.800000 209.056000 58
209.184000 209.248000 60
209.248000 210.304000 63
210.304000 211.424000 60
212.256000 212.640000 63
212.640000 213.024000 65
213.024000 213.984000 62
213.984000 214.752000 54
214.880000 215.584000 60
215.680000 215.936000 61
215.936000 216.352000 65
216.352000 217.408000 62
217.760000 217.856000 56
217.856000 218.048000 54
218.144000 218.304000 53
218.304000 219.520000 60
219.520000 220.800000 58
220.928000 221.056000 58
221.056000 221.152000 57
221.152000 221.728000 56
221.728000 222.112000 58
222.656000 223.776000 67
223.776000 225.216000 62
225.344000 225.856000 67
225.952000 226.976000 67
226.976000 227.136000 61
227.136000 227.712000 58
228.288000 228.416000 54
228.512000 228.704000 55
228.704000 229.056000 62
229.152000 229.344000 59
229.344000 229.984000 62
230.080000 230.368000 60
230.560000 231.456000 53
231.776000 232.096000 53
232.288000 233.760000 62
234.368000 237.344000 63
237.856000 239.040000 63
239.200000 239.840000 60
239.840000 240.448000 55
241.216000 241.408000 57
241.696000 244.096000 58
244.480000 244.576000 58
247.104000 247.840000 67
248.000000 248.064000 65
248.096000 248.352000 63
248.480000 248.960000 62
249.216000 249.344000 62
249.536000 249.696000 62
249.728000 249.888000 63
249.984000 250.144000 61
250.240000 251.040000 63
251.104000 251.136000 62
251.392000 251.648000 67
252.608000 252.992000 62
258.016000 258.240000 50
258.336000 258.944000 51
259.136000 259.296000 51
259.904000 260.032000 53
260.160000 260.544000 50
261.696000 261.728000 47
261.888000 262.400000 47
262.592000 262.816000 46
263.488000 263.648000 49
263.744000 263.968000 47
264.096000 264.640000 46
264.896000 265.184000 46
267.264000 267.936000 63
268.096000 268.160000 65
268.384000 268.672000 67
268.992000 269.024000 65
269.568000 269.600000 61
269.664000 269.824000 63
270.080000 270.208000 64
270.848000 270.976000 65
271.488000 271.552000 64
271.680000 272.544000 65
