6.272000 6.848000 60
27.552000 27.680000 53
27.680000 27.936000 62
28.064000 28.416000 63
28.416000 29.856000 60
30.656000 30.752000 55
30.848000 31.008000 53
31.136000 31.328000 50
31.488000 31.904000 54
31.904000 33.376000 58
34.528000 35.232000 55
35.328000 35.616000 57
35.744000 35.872000 55
35.872000 36.064000 54
36.192000 36.672000 53
37.504000 37.856000 59
37.952000 38.240000 58
38.368000 38.912000 60
38.912000 39.104000 62
39.104000 39.168000 61
39.168000 39.840000 58
39.840000 40.608000 56
41.344000 42.144000 62
42.144000 43.808000 61
44.352000 44.704000 53
44.800000 45.184000 51
45.184000 45.568000 53
45.568000 47.200000 58
47.776000 47.904000 49
48.000000 48.160000 53
48.256000 48.896000 55
49.024000 49.888000 57
49.888000 50.304000 54
50.816000 50.880000 48
50.880000 51.040000 50
51.168000 51.520000 50
51.616000 51.776000 51
51.776000 52.896000 50
52.960000 53.120000 47
55.072000 55.200000 60
55.200000 55.808000 63
55.808000 57.824000 61
58.048000 58.400000 55
58.560000 58.752000 50
58.784000 59.552000 56
59.552000 60.480000 57
60.576000 60.704000 55
61.920000 62.624000 55
62.784000 63.680000 57
63.680000 64.064000 54
64.160000 64.256000 53
64.864000 64.928000 54
64.928000 65.664000 59
65.792000 66.496000 62
66.592000 67.168000 58
67.168000 68.192000 55
68.672000 68.736000 56
68.736000 68.896000 60
68.896000 69.088000 63
69.216000 69.504000 62
69.696000 71.488000 60
71.744000 71.904000 51
71.968000 72.128000 52
72.288000 72.736000 51
72.736000 72.960000 53
72.960000 73.376000 58
73.504000 74.336000 55
75.136000 75.328000 49
75.424000 75.808000 54
75.808000 76.768000 58
76.928000 77.312000 55
77.440000 77.504000 52
77.536000 78.016000 53
78.144000 78.304000 55
78.688000 81.312000 61
82.880000 83.072000 58
83.072000 83.776000 60
83.776000 84.320000 63
84.320000 85.376000 67
85.504000 85.888000 63
86.336000 87.104000 60
87.200000 87.520000 62
87.648000 88.448000 60
88.448000 89.280000 59
89.824000 91.168000 64
91.168000 91.552000 65
91.552000 92.192000 67
92.288000 92.768000 63
93.184000 93.920000 60
94.016000 94.304000 62
94.496000 95.296000 61
95.296000 95.936000 59
96.608000 96.672000 58
96.672000 97.920000 65
97.920000 98.688000 62
98.784000 99.008000 58
99.008000 99.136000 54
99.232000 99.648000 55
100.064000 100.768000 65
100.928000 101.216000 65
101.216000 101.632000 64
101.760000 102.080000 60
102.208000 102.464000 58
102.656000 105.920000 61
123.328000 123.520000 69
130.528000 131.328000 63
131.328000 132.992000 60
133.248000 133.888000 55
133.984000 134.272000 51
134.368000 134.816000 53
134.816000 136.128000 57
137.376000 138.080000 55
138.208000 138.944000 58
138.944000 140.064000 55
140.416000 140.736000 59
140.832000 141.120000 58
141.248000 141.952000 62
142.080000 142.656000 58
142.656000 143.584000 55
144.096000 144.192000 58
144.192000 144.320000 60
144.320000 144.512000 63
144.640000 144.960000 62
145.088000 145.376000 59
145.376000 145.664000 58
145.664000 147.072000 60
147.072000 147.392000 56
147.488000 147.616000 54
147.744000 148.128000 52
148.128000 148.672000 55
148.864000 149.792000 57
150.560000 150.784000 49
150.880000 151.200000 53
151.200000 151.424000 55
151.520000 151.904000 55
151.904000 152.288000 59
152.416000 153.536000 55
153.728000 153.792000 61
153.792000 153.856000 61
154.080000 156.800000 60
158.336000 159.232000 61
159.232000 159.776000 63
159.776000 160.832000 67
160.928000 161.408000 63
161.792000 162.944000 61
163.104000 163.424000 60
163.520000 163.904000 62
163.904000 164.032000 59
164.032000 164.256000 58
164.288000 164.704000 54
165.248000 165.984000 60
166.080000 166.624000 63
166.624000 167.680000 67
167.776000 168.224000 63
168.640000 169.792000 62
169.952000 170.752000 62
170.752000 171.424000 59
172.032000 172.096000 59
172.096000 172.160000 62
172.160000 173.280000 65
173.280000 174.112000 63
174.240000 174.432000 58
174.432000 174.560000 54
174.656000 175.072000 56
175.520000 176.192000 65
176.352000 176.672000 65
176.672000 177.056000 63
177.184000 177.568000 60
177.568000 177.920000 59
178.112000 178.240000 55
178.432000 180.960000 60
182.304000 182.816000 60
182.848000 183.200000 60
183.200000 183.776000 64
183.776000 184.832000 67
184.960000 185.408000 63
185.792000 186.560000 60
186.656000 186.976000 62
187.104000 187.936000 62
187.936000 188.768000 58
189.280000 189.952000 60
190.080000 190.624000 63
190.624000 191.040000 66
191.040000 191.712000 67
191.712000 192.256000 63
192.672000 192.992000 60
193.088000 193.856000 62
193.984000 194.752000 62
194.752000 195.008000 59
195.296000 195.488000 54
196.032000 196.832000 65
196.928000 197.312000 65
197.312000 198.080000 62
198.208000 198.464000 57
198.688000 199.136000 57
199.136000 199.360000 65
199.488000 200.256000 65
200.352000 200.672000 65
200.672000 201.056000 64
201.184000 201.568000 60
201.568000 201.920000 59
202.208000 205.440000 60
209.344000 209.408000 54
209.408000 209.440000 56
209.440000 209.664000 62
209.824000 210.112000 62
210.112000 211.648000 60
212.416000 212.512000 54
212.608000 212.768000 53
212.864000 213.120000 51
213.280000 213.664000 54
213.664000 215.328000 58
216.256000 216.960000 55
217.056000 217.216000 56
217.216000 217.344000 58
217.504000 217.824000 55
217.952000 218.496000 53
219.232000 219.328000 57
219.328000 219.680000 60
219.744000 220.000000 58
220.128000 220.672000 60
220.672000 220.896000 62
220.896000 221.600000 60
221.600000 222.304000 55
223.072000 223.936000 63
223.936000 225.696000 60
226.080000 226.464000 54
226.592000 226.976000 52
226.976000 227.360000 53
227.360000 228.736000 58
229.504000 229.568000 48
229.568000 229.760000 50
229.760000 229.920000 53
230.016000 230.464000 56
230.720000 231.552000 58
231.552000 232.000000 54
232.576000 233.760000 51
233.760000 234.816000 48
