14.112000 15.552000 61
15.680000 16.320000 59
17.600000 18.208000 59
18.336000 19.136000 61
19.488000 20.096000 56
20.288000 20.672000 58
21.120000 21.760000 57
26.304000 27.360000 59
27.520000 27.904000 61
27.904000 28.544000 64
28.704000 29.120000 63
29.120000 29.536000 60
30.176000 31.616000 61
31.776000 32.160000 56
32.576000 32.736000 57
32.736000 33.632000 61
34.048000 34.784000 62
34.912000 35.552000 58
35.712000 36.320000 58
36.512000 37.152000 58
38.752000 40.672000 61
42.208000 42.496000 59
42.592000 43.968000 61
44.192000 44.800000 56
44.896000 45.408000 58
45.664000 45.952000 57
45.952000 46.784000 56
46.912000 47.584000 53
47.712000 47.840000 51
48.256000 48.704000 54
51.040000 51.136000 57
51.136000 52.192000 61
52.192000 53.184000 64
53.344000 53.792000 63
53.920000 54.016000 60
54.112000 54.496000 59
54.880000 55.136000 59
55.264000 55.520000 61
55.648000 56.288000 59
56.416000 56.768000 56
56.960000 57.056000 56
57.184000 57.824000 59
57.952000 58.336000 61
58.752000 59.584000 63
59.584000 60.800000 58
61.024000 61.664000 61
61.792000 62.944000 59
63.200000 63.584000 59
63.680000 63.968000 66
64.096000 64.480000 63
64.480000 65.696000 59
66.304000 66.656000 58
66.752000 67.040000 66
67.168000 67.616000 63
67.616000 68.512000 59
70.240000 71.232000 56
71.360000 71.584000 55
71.584000 71.968000 56
71.968000 72.544000 58
72.544000 73.280000 59
73.280000 73.952000 64
74.048000 75.232000 63
75.520000 76.736000 66
76.736000 78.112000 62
78.656000 78.944000 58
79.040000 79.296000 66
79.424000 79.488000 61
79.488000 79.776000 65
79.776000 80.096000 66
80.096000 81.696000 63
81.792000 82.176000 53
84.032000 84.800000 64
84.800000 85.056000 59
85.248000 86.400000 64
86.400000 90.368000 68
91.008000 91.456000 62
92.480000 92.960000 63
100.320000 100.608000 59
100.704000 100.864000 59
101.056000 101.408000 59
101.472000 101.792000 61
101.952000 102.400000 59
102.592000 102.912000 56
103.744000 104.000000 59
104.192000 104.480000 59
104.608000 104.768000 61
105.024000 105.216000 59
105.216000 105.440000 58
105.664000 106.560000 57
106.688000 106.912000 58
107.136000 107.520000 58
107.616000 108.416000 54
108.416000 109.056000 53
112.512000 113.312000 59
113.568000 113.600000 59
113.664000 113.952000 61
114.048000 114.688000 65
114.816000 115.232000 63
115.360000 115.584000 59
115.776000 116.000000 59
116.768000 117.024000 61
117.184000 117.536000 59
117.536000 117.760000 58
117.920000 118.560000 56
118.752000 118.880000 57
119.488000 119.872000 61
120.224000 120.416000 61
120.576000 120.960000 63
121.088000 121.760000 59
122.048000 122.368000 63
122.784000 123.168000 61
123.328000 124.352000 59
124.896000 125.472000 66
125.664000 126.112000 63
126.208000 127.456000 58
127.744000 128.160000 58
128.288000 128.576000 54
128.864000 130.912000 56
131.744000 132.672000 56
132.896000 133.312000 56
133.376000 134.080000 58
134.240000 134.752000 59
134.752000 135.520000 64
135.552000 137.408000 63
137.568000 137.760000 66
137.760000 137.824000 65
137.824000 138.272000 63
138.272000 139.424000 60
139.552000 139.776000 56
140.000000 140.480000 58
140.608000 140.832000 66
141.056000 141.344000 63
141.344000 141.600000 66
141.664000 142.272000 58
142.272000 143.456000 58
143.456000 144.032000 59
144.512000 144.768000 59
145.568000 146.336000 64
146.336000 146.656000 61
146.752000 147.456000 64
147.552000 147.840000 64
147.968000 148.480000 63
148.672000 149.440000 59
149.792000 149.952000 58
149.952000 150.080000 59
150.208000 150.848000 61
151.040000 151.584000 63
151.584000 152.416000 58
152.960000 153.184000 58
153.312000 153.632000 59
153.632000 154.592000 63
154.848000 155.104000 59
155.200000 155.936000 59
155.936000 157.024000 68
157.120000 157.824000 59
157.824000 158.368000 58
158.400000 158.848000 56
159.072000 159.136000 57
159.136000 159.424000 59
159.424000 160.512000 63
160.512000 160.704000 63
160.896000 161.184000 59
161.312000 161.472000 59
161.600000 162.720000 59
162.880000 163.808000 59
163.808000 164.800000 61
165.152000 165.472000 59
165.568000 166.176000 61
166.336000 166.496000 61
166.496000 166.816000 63
166.816000 167.296000 59
167.488000 167.872000 59
168.096000 168.224000 59
168.768000 168.896000 61
169.024000 169.216000 63
169.376000 169.536000 63
169.760000 169.856000 64
170.080000 170.144000 67
170.624000 171.744000 64
172.128000 172.480000 63
172.480000 172.864000 64
172.864000 178.432000 70
178.432000 180.832000 64
180.928000 181.600000 68
181.632000 181.728000 67
181.888000 182.016000 66
182.176000 182.624000 64
182.720000 183.840000 64
184.000000 184.064000 64
184.192000 184.480000 66
184.480000 184.704000 63
184.832000 186.080000 66
186.240000 186.592000 63
186.720000 187.072000 67
187.232000 187.456000 63
187.456000 189.024000 62
189.344000 189.696000 58
189.792000 189.984000 67
190.304000 190.592000 63
190.592000 190.816000 66
191.072000 191.328000 58
191.680000 192.576000 56
192.576000 193.312000 59
193.504000 193.952000 59
194.848000 195.584000 64
195.584000 195.872000 61
196.000000 199.104000 64
202.144000 202.528000 58
202.720000 203.296000 59
203.424000 203.680000 59
203.680000 204.160000 58
204.352000 204.960000 56
