35.616000 36.736000 60
37.088000 37.280000 59
37.280000 37.728000 62
37.856000 38.272000 60
39.072000 40.256000 60
40.352000 40.960000 60
41.056000 41.216000 62
41.408000 41.856000 64
42.528000 42.720000 58
42.720000 43.104000 64
43.232000 43.648000 65
44.032000 45.664000 67
45.824000 46.112000 56
46.272000 47.296000 65
47.392000 47.904000 64
48.000000 48.288000 62
48.384000 48.800000 60
49.952000 50.496000 60
50.592000 50.816000 61
50.944000 51.296000 62
51.680000 52.256000 65
52.352000 52.480000 67
52.640000 53.056000 67
53.664000 53.984000 60
53.984000 54.272000 57
54.368000 54.912000 60
54.912000 55.200000 67
55.328000 55.936000 65
56.896000 58.624000 60
58.720000 59.072000 62
59.712000 60.064000 64
60.160000 62.848000 65
63.424000 64.000000 58
64.096000 66.112000 62
66.912000 67.488000 58
67.584000 67.744000 58
67.744000 69.024000 62
69.152000 69.632000 64
70.368000 70.464000 56
70.560000 70.688000 62
70.784000 71.520000 65
71.936000 73.472000 67
73.632000 73.952000 57
74.080000 74.432000 65
74.528000 76.128000 66
76.128000 76.800000 60
77.760000 79.104000 62
79.456000 80.320000 67
80.480000 80.864000 67
81.216000 81.760000 62
81.888000 82.240000 70
82.336000 83.136000 69
83.136000 83.936000 66
84.736000 85.664000 62
85.792000 85.920000 60
85.920000 86.176000 62
86.176000 87.392000 65
87.520000 88.192000 67
88.384000 89.568000 69
89.696000 89.984000 70
90.112000 91.648000 67
92.960000 93.184000 62
93.184000 93.376000 65
93.376000 94.016000 69
94.272000 94.816000 69
94.944000 95.072000 67
95.168000 96.128000 70
96.416000 96.672000 60
96.672000 96.864000 67
96.864000 97.536000 69
97.760000 98.336000 67
98.432000 98.560000 63
98.720000 99.008000 69
99.136000 99.680000 67
99.936000 100.096000 58
100.096000 100.992000 65
101.216000 101.856000 65
102.176000 103.136000 67
103.360000 103.712000 68
103.712000 104.416000 66
104.736000 105.888000 65
106.016000 106.624000 60
106.880000 107.008000 60
107.136000 107.520000 61
107.520000 107.968000 70
108.128000 108.992000 70
108.992000 110.080000 69
110.368000 110.496000 60
110.592000 111.008000 62
111.008000 111.424000 69
111.584000 112.224000 69
112.320000 112.864000 69
112.960000 113.600000 65
113.824000 113.984000 60
114.080000 114.496000 60
114.496000 114.976000 67
115.040000 115.264000 67
115.392000 116.544000 67
116.928000 117.536000 62
117.632000 117.824000 64
117.952000 120.416000 65
131.232000 131.552000 57
131.648000 132.576000 60
132.736000 134.016000 62
134.720000 136.000000 60
136.224000 136.576000 60
136.672000 136.896000 62
137.024000 137.376000 64
138.176000 138.304000 57
138.400000 139.200000 65
139.712000 140.896000 67
141.056000 141.408000 65
141.920000 142.656000 65
142.752000 142.976000 65
142.976000 143.936000 66
143.936000 144.384000 60
145.568000 145.664000 59
145.792000 146.304000 60
146.304000 146.912000 62
147.264000 148.032000 65
148.032000 148.800000 68
149.024000 149.152000 62
149.280000 149.600000 61
149.600000 150.048000 60
150.048000 150.432000 61
150.592000 150.688000 65
150.688000 150.848000 67
150.944000 151.584000 65
152.288000 152.608000 60
152.768000 153.536000 62
153.632000 153.920000 62
154.272000 154.688000 65
154.688000 155.264000 62
155.360000 155.488000 64
155.488000 155.776000 65
155.776000 156.544000 69
156.672000 157.696000 72
157.792000 158.752000 67
159.040000 159.200000 60
159.200000 159.232000 62
159.232000 159.424000 66
159.424000 160.064000 69
160.320000 161.120000 69
161.216000 162.240000 70
162.464000 162.688000 60
162.688000 162.944000 67
162.944000 163.552000 69
163.808000 164.288000 67
164.288000 164.576000 66
164.736000 165.728000 69
166.016000 166.144000 57
166.144000 166.208000 59
166.208000 167.104000 65
167.232000 167.936000 65
167.936000 168.192000 59
168.192000 170.080000 69
170.176000 170.496000 64
170.784000 171.328000 64
171.424000 172.000000 65
172.128000 172.704000 61
172.960000 173.088000 60
173.216000 173.600000 63
173.600000 174.368000 70
174.496000 175.488000 70
175.488000 176.192000 67
176.384000 177.056000 61
177.056000 177.536000 69
177.664000 179.040000 69
179.040000 179.648000 65
179.872000 180.032000 60
180.160000 180.512000 60
180.608000 181.056000 67
181.216000 182.624000 67
182.976000 187.712000 65
211.200000 211.456000 61
211.456000 211.840000 67
211.936000 212.416000 69
212.512000 213.088000 69
213.216000 213.344000 67
213.440000 214.432000 70
214.720000 214.944000 61
214.944000 215.200000 69
215.200000 215.328000 69
215.456000 215.744000 67
216.032000 216.608000 67
216.704000 216.800000 64
216.960000 217.248000 69
217.376000 217.856000 67
218.208000 218.336000 57
218.432000 218.528000 62
218.656000 219.200000 65
219.520000 220.064000 65
220.448000 221.280000 67
221.664000 221.984000 69
221.984000 222.656000 66
222.944000 224.192000 65
224.288000 224.800000 60
225.184000 225.312000 60
225.408000 225.536000 60
225.632000 225.824000 62
225.824000 226.240000 70
226.432000 226.592000 70
226.688000 227.232000 70
227.328000 228.320000 69
228.640000 228.736000 60
228.864000 228.960000 59
229.056000 229.280000 62
229.280000 229.696000 69
229.856000 231.136000 69
231.136000 231.808000 65
232.096000 232.224000 60
232.320000 232.480000 59
232.480000 232.736000 60
232.736000 233.152000 67
233.376000 233.824000 67
233.824000 234.208000 65
234.304000 234.528000 67
234.720000 234.848000 60
234.944000 235.680000 62
235.680000 236.224000 65
236.224000 236.544000 69
236.672000 237.952000 70
237.952000 238.592000 67
239.072000 239.200000 59
239.200000 239.264000 61
239.264000 239.296000 63
239.296000 239.424000 65
239.424000 240.096000 69
240.352000 241.120000 69
241.280000 242.208000 70
242.400000 242.528000 57
242.528000 242.688000 60
242.688000 242.944000 67
242.944000 243.072000 69
243.072000 243.584000 67
243.680000 244.576000 67
244.736000 245.792000 69
245.920000 246.176000 59
246.176000 247.072000 65
247.232000 247.904000 65
247.904000 248.160000 61
248.160000 249.216000 67
249.408000 249.856000 69
249.856000 250.496000 66
250.752000 251.360000 64
251.456000 252.000000 65
252.128000 252.704000 60
252.832000 253.120000 60
253.216000 253.600000 62
253.600000 254.048000 70
254.240000 254.400000 70
254.528000 255.520000 70
255.520000 256.224000 68
256.448000 257.056000 61
257.056000 257.536000 69
257.696000 257.984000 69
257.984000 258.464000 69
258.464000 259.648000 69
259.904000 260.032000 60
260.160000 260.576000 60
260.576000 260.960000 67
261.216000 262.304000 67
262.528000 263.456000 62
263.552000 264.000000 65
264.128000 264.192000 67
264.192000 265.152000 69
265.152000 266.592000 72
266.848000 267.040000 61
267.040000 267.072000 62
267.072000 267.904000 69
268.192000 268.960000 69
269.088000 270.112000 70
270.208000 270.720000 70
270.720000 270.944000 67
271.040000 271.424000 67
271.648000 272.416000 68
272.608000 272.736000 68
272.736000 272.928000 69
272.928000 274.272000 69
274.272000 274.880000 65
275.040000 275.744000 65
275.744000 276.000000 58
276.000000 277.088000 67
277.216000 277.280000 65
277.280000 277.664000 69
277.664000 278.336000 66
278.560000 279.168000 64
279.264000 279.488000 64
279.488000 279.840000 72
279.968000 280.512000 65
280.768000 280.896000 62
281.056000 281.888000 70
282.048000 282.208000 70
282.336000 284.000000 72
284.256000 284.544000 71
284.544000 285.728000 69
285.728000 285.824000 72
285.824000 286.176000 74
286.176000 286.240000 70
286.240000 287.520000 69
287.744000 287.872000 60
288.000000 288.448000 61
288.448000 288.800000 67
289.056000 293.440000 71
293.664000 294.848000 70
294.976000 295.296000 65
295.424000 298.624000 65
