12.608000 12.704000 60
13.504000 13.600000 61
14.656000 14.784000 74
16.160000 16.288000 72
18.688000 18.848000 62
19.200000 19.328000 66
19.552000 19.648000 65
19.648000 20.032000 64
22.496000 23.328000 61
23.456000 23.744000 58
24.384000 24.640000 57
24.672000 24.832000 56
24.928000 25.312000 56
28.608000 28.800000 60
47.712000 48.704000 62
55.136000 55.296000 56
55.456000 55.680000 64
55.680000 56.576000 67
56.672000 58.208000 69
59.456000 59.520000 58
59.520000 59.680000 59
59.680000 59.904000 62
59.904000 60.224000 64
60.384000 60.640000 65
60.736000 61.184000 64
61.312000 61.984000 64
63.328000 63.680000 57
63.808000 64.000000 59
64.096000 64.448000 62
64.608000 65.152000 64
65.280000 65.344000 65
65.344000 65.920000 69
66.080000 67.616000 63
68.128000 70.144000 64
71.200000 71.392000 56
71.392000 71.520000 57
71.520000 72.576000 62
72.672000 73.952000 60
74.368000 74.944000 57
75.072000 75.648000 64
75.808000 76.416000 62
76.544000 77.920000 65
78.368000 78.432000 59
78.432000 78.784000 61
78.784000 79.168000 62
79.168000 79.744000 67
79.840000 81.504000 69
81.984000 82.112000 62
82.112000 82.432000 64
82.432000 82.688000 67
82.688000 83.168000 66
83.296000 84.320000 62
86.656000 86.848000 56
86.944000 89.824000 69
90.848000 90.976000 58
90.976000 91.328000 62
91.328000 91.648000 64
91.776000 92.640000 65
92.800000 93.568000 64
94.656000 95.136000 57
95.264000 95.424000 60
95.552000 95.936000 62
96.032000 96.544000 64
96.736000 96.832000 65
96.832000 97.376000 69
97.536000 99.200000 63
99.680000 100.032000 59
100.032000 100.288000 64
100.288000 100.608000 62
100.704000 101.664000 62
102.592000 102.912000 57
102.912000 105.440000 62
105.856000 106.496000 57
106.592000 108.096000 64
108.096000 108.416000 65
108.544000 109.344000 64
109.824000 110.144000 60
110.304000 110.688000 62
110.688000 111.904000 67
111.904000 112.256000 67
112.448000 112.896000 64
112.896000 113.728000 62
113.728000 114.304000 60
114.432000 116.416000 60
117.408000 117.632000 63
117.728000 118.592000 67
118.816000 119.008000 68
119.008000 119.744000 70
119.840000 120.000000 62
120.000000 120.256000 64
120.256000 120.800000 67
121.088000 121.152000 68
121.152000 121.472000 69
121.472000 121.696000 67
121.696000 121.920000 64
122.016000 122.144000 62
122.240000 122.400000 64
122.496000 122.720000 67
122.720000 122.912000 71
122.912000 123.616000 72
123.744000 124.544000 69
124.704000 124.768000 60
124.768000 125.792000 64
126.208000 126.272000 67
126.464000 126.592000 62
126.720000 127.072000 64
127.200000 127.584000 64
127.744000 127.904000 65
127.904000 129.536000 64
129.888000 130.304000 64
130.304000 130.528000 61
130.528000 131.008000 59
131.136000 131.264000 60
131.264000 131.520000 59
131.616000 132.320000 69
132.448000 134.016000 64
134.304000 134.496000 67
134.592000 134.720000 67
134.720000 135.456000 70
135.552000 135.680000 62
135.680000 136.032000 65
136.032000 136.544000 67
136.896000 137.184000 69
137.312000 137.440000 67
137.440000 137.664000 66
137.760000 137.920000 62
138.016000 138.272000 65
138.272000 138.496000 67
138.496000 139.392000 72
139.552000 140.096000 69
140.320000 140.416000 60
140.416000 141.568000 64
141.952000 142.080000 59
142.208000 143.360000 64
143.456000 143.744000 65
143.744000 144.096000 64
144.256000 145.280000 60
145.696000 145.952000 64
145.952000 146.080000 62
146.080000 146.784000 60
146.880000 147.040000 60
147.360000 147.872000 67
147.872000 148.064000 64
148.192000 150.528000 61
159.872000 160.064000 56
160.160000 163.168000 69
164.064000 164.224000 58
164.224000 164.448000 60
164.576000 164.928000 64
165.056000 165.376000 65
165.376000 165.888000 64
166.048000 167.008000 64
168.160000 168.384000 58
168.480000 168.672000 60
168.768000 169.120000 62
169.248000 169.792000 64
169.984000 170.176000 65
170.176000 170.688000 69
170.816000 172.416000 63
172.896000 173.280000 59
173.280000 175.072000 64
175.744000 176.064000 56
176.064000 178.784000 62
179.072000 179.840000 60
179.840000 180.480000 64
180.576000 181.696000 65
181.792000 182.688000 64
183.104000 183.392000 60
183.488000 184.672000 64
184.672000 184.960000 64
184.960000 185.440000 67
185.728000 185.792000 62
185.792000 186.112000 64
186.112000 187.008000 63
187.008000 187.616000 61
187.712000 189.248000 60
189.568000 189.664000 61
189.824000 190.144000 61
190.240000 190.592000 61
191.104000 191.232000 65
191.232000 191.520000 67
191.616000 191.744000 67
191.744000 192.320000 70
192.320000 192.544000 67
192.544000 193.056000 65
193.056000 193.536000 67
193.888000 193.984000 69
194.080000 194.240000 69
194.240000 194.496000 68
194.496000 194.720000 64
194.816000 194.976000 62
195.072000 195.296000 64
195.296000 195.520000 67
195.520000 197.344000 72
197.344000 197.472000 63
197.472000 198.752000 64
199.136000 199.200000 59
199.200000 199.392000 62
199.520000 199.872000 64
200.000000 200.928000 65
200.928000 202.176000 62
202.624000 203.264000 64
203.264000 203.520000 60
203.520000 203.808000 57
203.968000 204.096000 60
204.096000 204.288000 59
204.416000 205.088000 69
205.216000 206.720000 65
207.104000 207.520000 67
207.520000 208.224000 69
208.352000 208.512000 62
208.512000 208.832000 65
208.832000 209.280000 67
209.568000 210.272000 69
210.272000 210.464000 65
210.464000 210.784000 62
210.784000 211.200000 67
211.296000 212.160000 72
212.288000 212.896000 69
213.088000 214.336000 64
214.720000 214.880000 60
214.976000 216.832000 65
216.928000 218.016000 60
218.400000 218.944000 64
218.944000 219.104000 60
219.104000 219.552000 59
219.680000 219.808000 60
220.128000 220.608000 67
220.608000 220.832000 64
220.928000 221.088000 62
221.088000 223.360000 64
225.536000 225.952000 65
226.048000 226.656000 65
226.752000 227.072000 69
227.072000 227.200000 67
227.200000 227.488000 65
227.488000 228.096000 63
228.096000 228.928000 63
229.024000 229.344000 62
229.536000 229.760000 65
229.760000 230.272000 64
230.368000 231.968000 65
232.128000 232.576000 64
232.672000 233.696000 62
233.824000 233.920000 60
234.112000 234.336000 60
234.464000 234.624000 62
234.624000 235.616000 71
235.616000 236.064000 68
236.480000 236.992000 67
236.992000 237.760000 71
237.856000 238.272000 72
238.272000 241.024000 71
244.384000 244.608000 68
244.736000 244.864000 68
244.864000 245.632000 71
245.760000 245.888000 64
245.888000 246.144000 65
246.144000 246.624000 68
246.976000 247.360000 70
247.360000 247.840000 68
247.936000 248.064000 63
248.160000 248.320000 65
248.416000 248.608000 68
248.608000 249.536000 73
249.632000 250.048000 70
250.080000 250.400000 69
250.656000 251.840000 65
252.032000 252.224000 59
252.320000 252.928000 65
253.088000 254.016000 65
254.016000 255.424000 63
255.712000 256.192000 65
256.320000 256.896000 60
257.024000 257.216000 61
257.216000 257.376000 59
257.504000 258.400000 70
258.496000 259.232000 65
259.424000 260.288000 68
260.448000 260.608000 68
260.608000 261.344000 71
261.504000 261.888000 66
261.888000 262.432000 68
262.752000 263.328000 70
263.328000 263.840000 67
263.936000 264.096000 65
264.096000 264.320000 68
264.416000 265.248000 73
265.440000 265.632000 70
265.632000 265.984000 69
266.176000 267.328000 65
267.776000 268.000000 60
268.096000 269.184000 65
269.312000 269.952000 66
270.144000 271.200000 61
271.520000 271.968000 65
271.968000 272.256000 62
272.256000 272.928000 61
273.056000 273.152000 59
273.280000 273.664000 68
273.664000 274.144000 65
274.144000 276.320000 62
291.200000 291.584000 58
293.536000 294.304000 58
294.912000 295.040000 62
298.272000 299.264000 74
299.264000 300.000000 75
