38.368000 39.200000 57
39.776000 40.096000 59
40.288000 40.640000 59
41.632000 41.792000 48
41.792000 42.624000 52
42.624000 42.752000 52
42.848000 43.168000 55
43.296000 44.160000 59
44.160000 44.512000 55
44.672000 44.896000 54
45.408000 45.760000 55
45.984000 46.912000 55
47.232000 47.584000 57
47.744000 48.352000 57
49.088000 49.920000 48
50.016000 50.336000 53
50.336000 50.656000 54
50.720000 51.616000 57
51.744000 52.032000 54
52.320000 52.608000 53
52.608000 52.960000 54
53.088000 54.176000 55
55.456000 55.872000 52
56.000000 57.312000 55
60.160000 60.288000 50
60.416000 60.512000 50
60.672000 61.792000 48
61.792000 61.952000 50
61.952000 62.336000 55
62.432000 62.720000 55
62.912000 63.360000 55
63.904000 64.224000 59
64.384000 65.408000 59
65.824000 66.016000 57
66.240000 67.200000 57
68.000000 69.696000 59
69.920000 70.496000 59
71.200000 71.264000 46
71.264000 71.520000 50
72.160000 72.352000 52
72.352000 73.056000 58
73.056000 73.664000 59
73.824000 74.112000 55
74.272000 74.528000 54
74.976000 75.136000 53
75.136000 75.360000 55
75.552000 77.952000 57
78.592000 78.944000 47
79.104000 79.392000 47
79.392000 79.680000 51
79.840000 80.192000 54
80.320000 80.960000 57
80.960000 81.472000 55
81.696000 82.016000 52
82.336000 83.968000 55
85.088000 85.184000 49
85.184000 85.216000 50
85.216000 85.920000 54
86.016000 87.168000 55
89.824000 90.016000 50
90.080000 90.496000 48
90.592000 90.752000 47
90.912000 91.296000 49
91.456000 91.776000 55
91.936000 92.256000 55
92.448000 92.672000 54
92.800000 93.120000 55
93.280000 93.632000 57
93.888000 95.552000 57
96.608000 96.672000 49
96.672000 100.032000 59
100.320000 100.544000 57
100.544000 100.736000 53
100.896000 101.408000 52
103.104000 103.232000 50
103.232000 104.352000 55
104.608000 105.152000 59
105.248000 107.360000 59
107.840000 110.560000 60
112.320000 112.896000 66
112.992000 113.184000 62
113.280000 114.048000 62
114.144000 114.592000 59
114.784000 115.008000 55
115.104000 115.584000 59
115.584000 115.904000 62
116.224000 116.384000 65
116.384000 116.640000 66
116.640000 117.056000 64
117.152000 117.376000 62
117.376000 117.504000 59
117.664000 118.432000 59
119.296000 119.424000 59
119.520000 119.712000 61
119.712000 120.064000 62
120.064000 120.960000 64
120.960000 121.568000 62
121.568000 122.560000 67
122.656000 122.944000 62
123.104000 124.032000 59
124.224000 125.056000 55
125.280000 125.696000 53
125.696000 126.112000 55
127.040000 128.128000 57
128.320000 128.736000 57
128.928000 129.216000 55
129.440000 130.240000 62
130.336000 130.816000 60
131.264000 131.392000 57
131.392000 132.512000 62
132.640000 133.888000 64
134.016000 134.528000 59
134.528000 135.264000 55
135.424000 135.680000 52
135.808000 136.288000 52
137.312000 137.440000 50
137.440000 137.664000 52
137.792000 137.856000 51
137.856000 139.392000 57
139.488000 140.096000 57
140.608000 141.056000 58
141.152000 142.080000 60
142.400000 142.592000 64
142.592000 142.848000 66
142.848000 143.104000 62
143.232000 143.424000 62
143.424000 144.000000 60
144.192000 144.608000 59
144.800000 144.960000 55
145.120000 145.888000 62
146.240000 146.720000 66
146.720000 147.072000 62
147.168000 147.360000 62
147.360000 147.744000 61
147.936000 148.448000 59
149.248000 149.408000 59
149.504000 149.696000 60
149.696000 151.072000 64
151.168000 151.584000 62
151.584000 151.680000 65
151.680000 152.320000 67
152.320000 152.992000 64
152.992000 154.048000 61
154.240000 155.040000 55
155.200000 155.744000 53
155.744000 156.096000 55
157.024000 157.856000 55
157.952000 158.176000 57
158.368000 158.752000 57
158.880000 159.232000 55
159.392000 159.584000 61
159.584000 160.192000 62
160.320000 160.704000 60
161.248000 161.600000 59
161.728000 162.048000 62
162.176000 163.488000 64
163.584000 163.936000 62
164.032000 164.384000 59
164.512000 165.152000 55
165.152000 165.600000 54
165.728000 166.144000 52
167.840000 167.936000 49
167.936000 168.000000 50
168.000000 168.544000 54
168.704000 169.536000 57
171.744000 171.872000 57
171.872000 172.064000 59
172.288000 173.280000 58
178.848000 179.040000 67
179.680000 179.808000 67
180.128000 180.736000 69
184.704000 184.800000 69
185.344000 185.728000 62
187.424000 187.616000 62
188.768000 188.864000 66
189.120000 189.280000 67
189.504000 189.824000 67
190.080000 190.688000 67
191.552000 191.648000 66
197.664000 198.272000 69
198.304000 198.464000 69
203.456000 203.936000 55
204.128000 206.272000 59
207.200000 207.360000 57
207.360000 207.584000 56
207.776000 208.352000 52
209.888000 210.240000 52
210.240000 210.848000 54
210.976000 214.528000 59
214.688000 215.104000 60
215.232000 217.472000 60
219.168000 219.456000 65
219.456000 219.744000 66
219.744000 220.000000 64
220.096000 220.896000 62
220.992000 221.440000 59
221.440000 222.080000 57
222.080000 222.752000 62
223.104000 223.520000 66
223.520000 223.904000 63
224.032000 224.256000 62
224.256000 224.384000 59
224.512000 225.472000 59
226.144000 226.304000 59
226.400000 226.560000 60
226.560000 226.976000 62
226.976000 227.808000 64
227.808000 228.544000 63
228.544000 229.792000 67
229.952000 230.240000 59
230.400000 230.784000 59
231.008000 231.840000 55
232.096000 232.384000 52
232.384000 232.896000 55
233.888000 234.752000 55
234.848000 235.008000 57
235.168000 235.328000 56
235.328000 235.488000 57
235.648000 236.096000 56
236.256000 237.088000 62
237.184000 237.440000 60
238.112000 238.304000 57
238.304000 239.392000 62
239.520000 240.800000 64
240.960000 241.088000 57
241.088000 241.312000 59
241.312000 242.176000 55
242.336000 242.560000 52
242.656000 243.200000 52
244.160000 244.320000 50
244.320000 244.512000 52
244.672000 244.832000 53
244.832000 245.952000 55
246.048000 246.240000 57
246.368000 246.880000 57
247.488000 247.776000 58
247.776000 248.800000 60
249.184000 249.312000 63
249.312000 249.696000 66
249.792000 250.304000 62
250.304000 250.976000 59
251.072000 251.232000 57
251.232000 251.456000 59
251.456000 251.840000 55
251.968000 252.832000 62
253.088000 253.152000 64
253.152000 253.536000 66
253.536000 254.624000 62
254.784000 255.264000 59
256.128000 256.352000 59
256.352000 256.576000 60
256.576000 258.432000 64
258.528000 259.072000 67
259.168000 259.712000 64
259.712000 259.904000 62
259.904000 260.288000 59
260.416000 260.864000 59
260.864000 260.992000 55
261.088000 261.920000 55
262.048000 262.528000 52
262.528000 263.136000 55
263.904000 265.056000 57
265.216000 266.112000 57
266.272000 267.104000 62
267.200000 267.552000 60
268.096000 268.288000 58
268.288000 269.760000 62
269.856000 270.336000 64
270.496000 270.912000 62
270.912000 271.296000 59
271.392000 272.224000 55
272.320000 272.576000 52
272.672000 273.248000 52
274.240000 274.368000 50
274.368000 274.400000 51
274.400000 276.000000 55
276.096000 276.320000 57
276.416000 276.960000 57
277.504000 278.208000 58
278.304000 278.848000 60
279.328000 279.392000 63
279.392000 279.712000 67
279.808000 280.000000 62
280.096000 280.288000 62
280.288000 280.736000 59
280.992000 281.088000 56
281.088000 281.376000 59
281.504000 281.792000 55
281.984000 282.112000 58
282.112000 282.400000 59
282.400000 282.720000 62
283.136000 283.520000 66
283.520000 283.904000 62
284.064000 284.352000 62
284.352000 285.760000 61
286.176000 286.496000 60
286.496000 286.624000 60
286.624000 288.384000 64
288.544000 288.736000 67
288.736000 289.120000 69
289.120000 289.856000 64
289.984000 290.816000 59
290.816000 291.424000 55
291.456000 291.744000 55
291.744000 292.192000 54
292.320000 293.280000 57
293.920000 294.784000 55
294.880000 296.096000 57
296.288000 297.600000 62
297.952000 298.080000 55
298.080000 298.240000 57
298.240000 298.592000 59
298.592000 299.712000 64
299.840000 300.320000 64
300.448000 300.736000 62
300.928000 301.312000 59
301.312000 301.696000 55
301.824000 303.264000 55
304.672000 305.152000 52
305.248000 305.888000 55
305.984000 307.328000 57
307.488000 307.808000 54
308.032000 308.192000 54
308.800000 308.864000 57
308.864000 309.248000 59
309.440000 311.008000 58
