6.240000 6.688000 75
10.144000 11.680000 71
11.936000 12.096000 70
19.808000 20.224000 58
20.704000 20.992000 59
20.992000 21.376000 65
21.568000 21.856000 63
22.368000 22.624000 61
22.752000 23.008000 60
23.200000 23.392000 58
23.584000 24.160000 61
24.384000 25.024000 56
25.632000 25.888000 54
26.080000 26.432000 57
26.432000 26.880000 58
27.680000 28.000000 61
28.096000 28.832000 65
28.832000 29.184000 62
29.344000 32.128000 65
33.024000 33.472000 58
33.984000 34.240000 59
34.240000 34.592000 65
34.752000 35.008000 63
35.584000 35.840000 61
35.936000 36.064000 60
36.064000 36.736000 58
36.736000 37.440000 63
37.600000 37.856000 60
38.048000 38.336000 56
38.784000 39.072000 54
39.168000 39.744000 57
39.744000 40.224000 58
40.864000 41.152000 61
41.344000 41.536000 60
41.696000 41.824000 61
41.920000 42.368000 60
42.528000 44.000000 58
44.896000 45.120000 58
45.344000 45.568000 61
45.760000 46.752000 66
47.360000 47.456000 63
47.584000 48.096000 66
48.192000 48.896000 70
48.896000 50.176000 66
50.656000 50.880000 62
50.880000 51.008000 62
51.008000 52.160000 68
52.352000 52.640000 65
52.768000 53.440000 63
53.984000 54.304000 61
54.432000 54.656000 63
54.816000 54.944000 64
54.944000 55.392000 66
55.392000 55.744000 63
55.904000 58.016000 65
58.496000 58.624000 64
58.624000 58.784000 65
58.912000 59.616000 70
59.616000 60.192000 65
60.352000 60.704000 68
60.704000 60.832000 63
61.024000 61.376000 63
61.728000 62.208000 62
62.208000 62.528000 65
62.656000 63.040000 67
63.040000 63.328000 65
63.328000 64.032000 65
64.032000 64.672000 61
65.056000 65.472000 66
65.472000 65.760000 68
65.920000 66.336000 70
66.336000 66.880000 67
66.944000 67.008000 71
67.008000 67.872000 74
67.968000 68.352000 68
68.352000 69.088000 63
69.216000 69.344000 65
69.344000 69.728000 64
69.888000 70.112000 61
70.240000 70.528000 64
70.656000 71.328000 65
71.424000 72.064000 66
72.064000 72.352000 68
72.480000 72.832000 70
72.832000 74.048000 68
74.176000 74.528000 63
74.912000 75.232000 63
75.328000 75.744000 67
75.744000 76.000000 68
76.160000 77.184000 73
77.184000 77.856000 70
78.240000 78.496000 70
78.656000 79.616000 68
79.712000 80.128000 70
80.128000 80.640000 73
80.736000 81.440000 73
81.536000 82.016000 72
82.176000 84.128000 70
100.768000 101.184000 75
101.344000 102.016000 72
107.008000 107.264000 68
107.264000 107.328000 67
107.328000 108.320000 65
108.320000 111.712000 67
112.352000 112.768000 69
112.864000 113.024000 68
125.184000 125.568000 58
125.952000 126.176000 58
126.336000 126.560000 65
126.784000 127.040000 63
127.584000 127.808000 61
127.968000 128.224000 60
128.352000 128.640000 58
128.768000 128.864000 59
128.864000 129.664000 63
129.664000 129.920000 60
130.080000 130.336000 56
130.944000 131.104000 54
131.296000 131.488000 56
131.712000 132.256000 58
132.928000 133.632000 61
133.760000 134.336000 61
134.560000 134.880000 56
135.008000 135.904000 58
136.928000 137.184000 58
137.408000 137.632000 61
137.792000 138.944000 66
139.392000 139.552000 63
139.680000 139.840000 65
139.840000 140.224000 66
140.224000 140.864000 70
141.088000 141.344000 66
141.504000 142.080000 65
142.688000 142.848000 61
142.976000 143.168000 63
143.168000 144.320000 68
144.416000 145.504000 65
145.984000 146.208000 59
146.208000 146.400000 61
146.400000 146.880000 64
146.880000 147.840000 66
148.032000 148.352000 63
148.512000 150.144000 65
150.528000 150.816000 65
150.944000 151.552000 70
151.648000 152.256000 65
152.384000 152.672000 68
152.672000 152.800000 67
153.024000 153.440000 63
153.856000 154.240000 63
154.240000 154.528000 66
154.528000 155.008000 70
155.264000 156.096000 64
156.096000 156.736000 59
157.120000 157.536000 65
157.536000 157.824000 68
157.952000 158.368000 70
158.368000 158.912000 66
159.008000 159.968000 73
160.096000 160.416000 68
160.416000 161.184000 63
161.216000 161.760000 63
161.856000 162.144000 61
162.240000 163.392000 65
163.488000 164.096000 66
164.096000 164.384000 68
164.512000 164.928000 70
164.928000 165.440000 65
165.536000 165.760000 67
165.760000 165.920000 68
165.920000 166.112000 65
166.208000 166.592000 63
166.976000 167.040000 62
167.040000 167.360000 63
167.360000 168.000000 68
168.192000 169.952000 73
170.272000 170.560000 70
170.720000 170.848000 68
170.848000 171.488000 67
171.488000 171.744000 68
171.744000 172.672000 73
172.800000 173.472000 73
173.600000 174.112000 72
174.240000 176.384000 70
176.896000 177.184000 65
177.280000 179.040000 68
179.168000 179.456000 65
179.872000 180.064000 56
180.160000 180.544000 61
180.544000 181.952000 68
182.048000 182.304000 65
182.464000 183.328000 61
183.616000 184.128000 67
184.128000 184.640000 66
184.640000 186.176000 64
186.304000 186.560000 61
186.720000 187.232000 63
187.424000 189.152000 63
189.312000 189.408000 62
190.016000 190.112000 60
190.272000 190.464000 63
190.656000 192.448000 65
193.312000 193.504000 65
193.728000 193.952000 68
194.112000 194.464000 70
194.464000 194.656000 65
194.784000 194.976000 65
195.168000 195.456000 68
195.744000 196.064000 63
196.704000 196.832000 63
197.024000 197.248000 65
197.440000 197.568000 67
197.568000 197.760000 68
197.760000 197.984000 66
198.112000 198.304000 63
198.560000 198.752000 65
198.752000 198.880000 63
199.136000 199.392000 58
199.936000 200.192000 65
200.320000 200.608000 68
200.736000 201.056000 69
201.056000 201.632000 66
201.728000 202.176000 73
202.336000 202.656000 72
202.752000 203.040000 68
203.168000 203.392000 65
203.392000 204.256000 63
204.384000 204.544000 61
204.640000 204.800000 61
204.832000 204.896000 64
204.928000 205.216000 64
205.376000 205.856000 67
205.856000 206.112000 72
206.208000 206.336000 69
206.464000 206.784000 65
206.880000 207.680000 70
207.680000 208.768000 68
208.928000 209.536000 64
209.696000 209.856000 62
209.856000 210.464000 65
210.560000 210.944000 68
210.944000 212.768000 73
212.992000 213.696000 70
213.824000 214.208000 67
214.208000 219.936000 73
