17.248000 17.664000 57
18.016000 18.400000 57
19.040000 21.408000 60
24.480000 24.640000 65
24.640000 24.928000 67
24.928000 25.216000 66
25.216000 26.272000 69
26.400000 28.320000 70
30.272000 30.848000 65
30.848000 31.456000 69
31.616000 32.064000 69
33.088000 34.080000 71
34.080000 34.784000 72
35.104000 36.256000 72
38.208000 38.688000 62
38.784000 39.424000 65
39.552000 40.096000 67
40.192000 40.800000 69
41.472000 41.760000 69
41.760000 42.912000 72
43.648000 44.160000 68
45.376000 46.016000 65
46.240000 47.360000 74
48.000000 48.160000 74
48.288000 48.672000 74
49.696000 50.976000 74
52.992000 53.472000 72
53.472000 54.816000 70
55.424000 56.064000 65
56.256000 59.040000 70
59.712000 60.352000 65
60.608000 62.176000 77
62.400000 62.560000 76
62.656000 65.408000 77
67.776000 68.448000 74
68.608000 69.312000 71
69.312000 70.016000 68
70.176000 70.368000 67
70.912000 71.104000 64
71.488000 73.024000 62
73.760000 74.912000 70
75.008000 76.192000 69
77.248000 78.464000 70
78.560000 80.128000 69
81.088000 81.920000 65
82.208000 83.840000 74
84.064000 84.160000 74
84.448000 84.800000 70
84.800000 86.688000 69
87.968000 89.216000 70
89.312000 90.688000 69
91.520000 94.880000 70
95.360000 96.224000 65
96.480000 97.504000 74
98.080000 98.432000 70
98.432000 99.296000 69
99.712000 99.840000 65
99.840000 101.760000 65
101.760000 101.952000 63
101.952000 103.744000 60
103.840000 104.256000 57
107.200000 107.648000 57
107.744000 109.568000 62
110.656000 113.632000 67
114.016000 115.872000 62
116.928000 117.248000 65
117.376000 118.720000 69
119.520000 119.744000 65
119.840000 121.760000 73
122.048000 122.272000 72
122.464000 123.264000 69
124.416000 124.704000 62
124.704000 125.344000 65
125.440000 125.760000 65
125.760000 126.880000 69
127.232000 127.424000 68
127.520000 127.680000 69
127.680000 128.128000 71
128.128000 128.928000 72
128.928000 129.312000 69
129.440000 129.856000 68
130.016000 130.368000 67
130.848000 131.200000 65
131.392000 133.024000 69
133.504000 133.696000 65
133.792000 134.656000 65
134.880000 136.352000 74
136.448000 137.216000 65
137.408000 137.568000 64
138.144000 138.592000 62
138.688000 139.008000 65
139.008000 139.680000 65
139.680000 140.736000 69
141.184000 141.728000 70
141.920000 142.848000 72
143.040000 143.328000 72
143.328000 144.544000 69
144.896000 145.120000 65
145.344000 145.472000 72
145.472000 146.592000 74
146.592000 147.040000 72
147.296000 147.360000 70
147.424000 148.064000 74
148.064000 148.608000 69
148.608000 151.648000 75
151.872000 152.608000 72
152.608000 153.824000 70
153.824000 154.464000 65
154.976000 155.104000 65
155.264000 155.552000 65
155.648000 156.448000 70
156.544000 158.624000 68
158.848000 159.712000 67
159.712000 160.608000 77
162.048000 162.144000 77
163.264000 165.568000 77
166.816000 167.584000 74
167.584000 168.480000 70
168.640000 168.864000 70
168.864000 169.248000 68
169.440000 169.696000 67
169.888000 170.432000 65
170.528000 172.000000 62
172.384000 174.944000 70
175.456000 175.552000 70
175.904000 179.136000 69
179.552000 180.704000 65
180.704000 182.016000 74
182.432000 186.112000 70
186.400000 189.728000 70
189.888000 192.704000 70
192.704000 193.280000 68
193.664000 194.528000 65
194.784000 197.344000 74
197.344000 198.944000 68
199.296000 199.968000 64
199.968000 200.288000 65
200.288000 201.152000 70
201.248000 203.328000 72
221.408000 224.640000 70
224.800000 228.160000 70
228.576000 229.440000 65
229.728000 232.256000 74
232.256000 234.752000 69
235.360000 238.400000 70
238.816000 241.728000 70
241.728000 242.240000 67
242.624000 243.424000 65
243.680000 244.896000 74
245.280000 245.632000 70
245.632000 246.432000 67
246.688000 247.232000 65
247.232000 248.576000 67
248.576000 252.000000 74
252.864000 256.320000 73
256.608000 257.664000 65
257.664000 259.296000 74
259.424000 259.616000 70
259.616000 263.136000 70
263.328000 266.560000 70
266.848000 271.040000 70
271.328000 271.840000 65
272.064000 272.224000 72
272.224000 273.216000 74
273.216000 273.568000 71
273.568000 274.304000 67
274.560000 282.592000 75
