17.696000 20.096000 60
24.544000 26.720000 56
30.336000 30.432000 54
30.592000 30.944000 55
30.944000 31.424000 58
31.712000 31.904000 60
31.904000 32.416000 60
32.416000 33.312000 56
37.408000 38.336000 58
38.336000 38.592000 58
38.752000 38.944000 60
38.944000 39.328000 60
39.328000 40.320000 58
42.368000 42.880000 62
42.880000 43.360000 63
43.488000 43.968000 63
44.064000 44.384000 56
44.384000 45.728000 62
45.888000 47.616000 58
49.472000 49.536000 58
49.536000 49.600000 60
49.600000 49.824000 62
49.824000 49.984000 60
49.984000 51.904000 65
52.096000 52.736000 60
52.960000 54.304000 58
56.512000 56.800000 55
56.960000 57.952000 55
59.616000 60.224000 67
60.320000 60.800000 63
60.960000 61.152000 65
61.280000 62.240000 65
63.136000 63.776000 67
63.776000 64.064000 63
64.064000 64.352000 60
64.512000 65.248000 65
65.440000 66.400000 63
67.200000 67.392000 63
67.392000 67.776000 65
67.776000 68.224000 68
68.352000 68.544000 68
68.544000 68.576000 65
68.576000 70.464000 63
70.560000 70.912000 62
70.912000 72.480000 60
73.728000 74.560000 67
74.752000 74.880000 63
75.072000 75.616000 62
75.616000 76.224000 67
76.224000 77.088000 64
77.408000 78.080000 67
78.080000 78.624000 63
78.752000 79.008000 59
79.008000 80.544000 65
81.440000 82.432000 61
82.432000 82.944000 63
83.232000 84.000000 63
84.128000 84.416000 62
84.416000 86.688000 65
88.064000 88.672000 67
88.672000 88.800000 63
88.800000 89.376000 63
89.376000 91.392000 65
91.584000 92.224000 67
92.320000 92.480000 63
92.480000 93.024000 61
93.024000 93.600000 65
93.728000 94.848000 63
95.712000 95.872000 63
95.872000 97.024000 68
97.280000 97.728000 61
97.888000 98.496000 63
98.592000 100.000000 62
100.000000 101.280000 58
101.984000 102.272000 58
102.272000 102.912000 67
102.912000 103.328000 63
103.520000 104.064000 61
104.064000 104.736000 67
104.736000 105.600000 63
105.824000 106.688000 67
106.784000 106.944000 63
106.944000 107.392000 60
107.488000 107.552000 66
107.552000 107.936000 70
108.128000 108.288000 62
108.512000 109.120000 63
109.792000 110.720000 57
110.720000 111.328000 63
111.616000 112.064000 68
112.192000 112.800000 67
112.800000 113.312000 63
113.600000 114.976000 63
119.168000 119.776000 55
119.936000 120.288000 58
120.544000 121.216000 60
121.216000 121.952000 58
126.240000 126.912000 55
127.072000 127.424000 58
127.680000 127.968000 52
127.968000 129.152000 59
131.232000 131.424000 61
131.424000 132.576000 63
132.800000 133.120000 55
133.120000 133.728000 62
133.824000 134.304000 60
134.304000 136.352000 58
138.304000 138.496000 60
138.496000 140.384000 65
140.480000 140.832000 62
140.928000 141.120000 60
141.216000 142.336000 66
142.336000 143.840000 67
145.024000 145.184000 59
145.280000 145.472000 62
145.600000 147.392000 65
148.544000 149.120000 67
149.120000 149.344000 64
149.344000 149.664000 62
149.856000 150.144000 65
150.240000 151.328000 65
152.064000 152.704000 67
152.704000 152.960000 63
152.960000 153.216000 60
153.376000 154.176000 65
154.272000 155.392000 63
155.808000 156.096000 57
156.096000 156.288000 64
156.288000 157.088000 68
157.216000 157.376000 68
157.376000 157.408000 66
157.408000 160.288000 65
160.288000 161.440000 59
162.688000 162.752000 64
162.752000 163.456000 67
163.616000 163.776000 63
163.936000 164.480000 62
164.480000 165.088000 67
165.088000 165.984000 63
166.304000 166.944000 67
166.944000 167.424000 65
167.616000 167.904000 59
167.904000 169.600000 65
169.888000 170.112000 57
170.272000 171.168000 57
171.168000 171.808000 63
172.064000 172.896000 63
172.992000 173.184000 62
173.184000 173.696000 64
173.696000 175.936000 67
176.928000 177.568000 67
177.664000 178.688000 65
178.688000 179.840000 65
180.480000 181.120000 67
181.216000 181.376000 63
181.376000 181.856000 59
181.856000 182.496000 65
182.592000 183.808000 63
184.352000 184.544000 68
184.544000 184.736000 63
184.736000 185.952000 68
186.176000 186.624000 61
186.784000 187.392000 63
187.392000 187.648000 60
187.648000 188.768000 65
188.768000 189.856000 58
190.464000 190.720000 56
191.200000 191.808000 67
191.808000 192.256000 64
192.448000 192.960000 62
192.960000 193.536000 67
193.536000 194.432000 63
194.720000 195.392000 67
195.392000 195.840000 64
195.840000 196.288000 62
196.384000 196.448000 64
196.448000 196.544000 68
196.544000 196.800000 70
196.992000 197.152000 62
197.344000 198.080000 63
198.496000 198.624000 58
198.624000 199.104000 57
199.200000 199.584000 57
199.584000 199.648000 57
199.648000 200.192000 63
200.384000 200.928000 68
201.024000 201.632000 67
201.632000 202.240000 63
202.336000 204.768000 65
205.152000 208.352000 68
208.480000 208.704000 67
215.808000 215.968000 62
216.128000 216.224000 62
216.896000 217.216000 61
217.376000 217.984000 63
217.984000 219.072000 63
219.168000 220.064000 65
220.512000 220.736000 65
220.928000 223.008000 67
223.008000 223.584000 67
223.712000 224.000000 65
224.000000 224.704000 68
224.704000 225.376000 64
225.376000 226.016000 68
226.016000 226.624000 64
226.720000 227.104000 68
227.168000 227.552000 67
227.680000 230.912000 69
231.200000 231.328000 68
232.064000 232.768000 68
232.768000 233.792000 66
233.792000 235.104000 66
235.488000 236.192000 68
236.288000 236.416000 64
236.416000 236.992000 62
236.992000 237.568000 66
237.696000 239.136000 66
239.264000 239.552000 59
239.648000 239.808000 64
239.808000 240.096000 67
240.096000 241.056000 69
241.280000 241.696000 61
241.856000 242.432000 63
242.528000 243.040000 61
243.040000 243.360000 66
243.456000 243.872000 62
243.872000 244.672000 59
244.704000 245.696000 61
246.080000 246.176000 61
246.272000 246.880000 68
246.880000 247.296000 65
247.488000 247.968000 61
248.064000 248.256000 67
248.256000 248.512000 69
248.512000 248.672000 67
248.672000 249.184000 65
249.184000 249.568000 62
249.760000 250.496000 68
250.496000 250.912000 67
251.104000 251.328000 59
251.488000 251.552000 69
251.552000 251.968000 71
252.416000 253.184000 64
253.600000 254.688000 58
254.688000 255.296000 64
255.584000 256.000000 69
256.096000 256.608000 68
256.608000 257.344000 66
257.568000 259.552000 66
260.256000 260.480000 60
260.480000 260.512000 63
260.512000 261.184000 68
261.184000 261.536000 65
261.760000 262.208000 61
262.272000 262.336000 65
262.336000 262.496000 66
262.496000 262.752000 68
262.752000 262.912000 66
262.912000 263.840000 65
264.064000 264.704000 68
264.704000 265.184000 65
265.184000 265.632000 62
265.664000 265.728000 63
265.728000 265.760000 67
265.760000 266.144000 71
266.336000 266.496000 63
266.688000 267.392000 66
268.128000 268.480000 57
268.576000 268.864000 57
268.864000 268.992000 59
268.992000 269.632000 64
270.016000 270.528000 69
270.688000 271.200000 68
271.200000 271.808000 65
273.856000 275.520000 64
281.536000 281.664000 57
281.792000 282.112000 56
291.520000 291.840000 55
325.632000 326.176000 67
326.304000 326.784000 63
326.976000 328.320000 65
329.184000 329.760000 67
329.856000 329.984000 63
330.080000 330.432000 59
330.432000 330.496000 60
330.496000 330.816000 65
330.912000 331.104000 65
331.232000 331.520000 62
331.616000 332.384000 63
333.216000 333.376000 63
333.376000 333.760000 65
333.760000 334.592000 68
334.848000 335.264000 61
335.424000 336.032000 63
336.032000 336.416000 61
336.480000 336.544000 61
336.544000 336.768000 64
336.960000 337.280000 62
337.280000 338.464000 60
339.840000 340.224000 67
340.320000 340.864000 65
341.088000 341.376000 60
341.408000 341.632000 62
341.632000 342.240000 67
342.240000 342.976000 63
343.392000 344.032000 67
344.032000 344.512000 64
344.512000 344.896000 60
345.120000 345.440000 58
345.632000 345.792000 62
345.984000 346.624000 63
347.360000 347.488000 57
347.616000 347.744000 56
347.872000 348.096000 56
348.096000 348.224000 57
348.224000 348.320000 58
348.320000 348.832000 63
349.152000 349.568000 68
349.664000 350.272000 67
350.272000 350.848000 64
350.976000 353.184000 65
