19.488000 19.584000 70
19.712000 20.032000 72
20.032000 20.256000 71
23.936000 24.224000 73
24.224000 24.384000 70
24.480000 24.768000 58
24.768000 25.056000 61
25.056000 25.248000 63
25.344000 26.208000 66
26.208000 27.456000 64
27.584000 28.416000 59
28.416000 28.832000 56
29.088000 29.280000 61
29.280000 29.312000 61
29.312000 29.344000 62
29.344000 29.632000 65
29.632000 32.800000 67
33.056000 33.280000 63
33.280000 33.760000 67
33.856000 34.080000 70
34.240000 34.432000 70
34.432000 34.912000 69
35.136000 35.840000 67
35.936000 36.960000 61
37.280000 37.600000 63
37.600000 37.952000 61
38.112000 38.400000 56
38.400000 41.088000 61
41.760000 41.952000 68
42.560000 43.008000 67
43.872000 44.064000 68
44.704000 44.832000 66
44.960000 45.056000 67
45.792000 46.080000 68
46.080000 46.336000 71
46.336000 46.912000 71
46.912000 49.184000 74
49.184000 49.824000 68
50.048000 50.112000 64
50.112000 50.720000 66
50.720000 51.488000 68
51.488000 51.904000 71
52.032000 53.344000 72
53.600000 54.240000 65
54.240000 55.360000 66
55.360000 55.936000 66
55.936000 57.312000 65
57.696000 57.984000 65
57.984000 58.144000 62
58.144000 58.464000 59
58.592000 58.880000 56
58.880000 59.488000 60
59.584000 59.936000 63
59.936000 60.064000 64
60.064000 60.576000 65
60.576000 61.696000 69
61.920000 62.368000 68
62.368000 63.104000 67
63.104000 63.808000 65
63.936000 64.128000 61
64.128000 64.448000 60
64.512000 64.800000 57
64.800000 64.960000 60
64.960000 65.664000 65
65.760000 68.352000 60
68.832000 68.928000 55
69.056000 69.184000 59
69.280000 69.696000 60
78.272000 79.424000 55
83.232000 83.488000 63
86.624000 86.752000 59
86.944000 87.200000 59
87.200000 87.424000 60
87.424000 87.456000 61
87.456000 88.800000 67
88.928000 90.880000 61
91.360000 91.456000 59
91.584000 91.840000 61
91.840000 92.096000 64
92.096000 93.344000 67
93.344000 95.168000 68
95.552000 95.872000 64
95.872000 96.032000 65
96.032000 97.600000 71
97.632000 98.208000 67
98.208000 99.488000 66
99.584000 100.544000 63
100.544000 101.184000 56
101.184000 103.744000 60
107.264000 107.680000 67
107.808000 107.904000 65
108.320000 108.576000 68
108.576000 111.680000 74
111.776000 112.288000 67
112.640000 113.312000 66
113.312000 113.952000 67
113.952000 115.936000 73
116.064000 116.608000 63
116.704000 117.120000 66
117.184000 117.632000 66
117.728000 118.560000 67
118.560000 118.816000 63
118.880000 119.872000 61
120.192000 120.512000 64
120.512000 120.640000 61
120.640000 120.960000 59
121.088000 121.248000 55
121.376000 121.536000 58
121.536000 121.888000 62
121.888000 122.464000 64
122.464000 122.976000 66
122.976000 123.008000 66
123.008000 123.744000 71
123.744000 125.568000 68
125.568000 126.080000 65
126.080000 127.360000 64
127.520000 130.176000 61
130.240000 130.304000 59
130.336000 131.552000 60
135.168000 135.424000 67
135.424000 135.584000 70
135.680000 136.128000 72
136.128000 136.320000 71
139.392000 139.648000 67
139.648000 139.840000 71
139.936000 140.576000 72
140.736000 141.024000 61
141.024000 142.624000 66
142.624000 143.392000 60
143.488000 143.584000 60
143.712000 143.904000 61
143.936000 143.968000 61
144.032000 144.288000 61
144.832000 145.056000 59
145.056000 145.344000 60
145.344000 145.504000 63
145.632000 146.688000 66
146.784000 148.736000 67
149.120000 149.312000 63
149.312000 149.888000 68
149.888000 150.304000 71
150.400000 151.040000 67
151.200000 151.360000 65
151.552000 151.744000 67
151.744000 151.904000 66
152.032000 153.056000 62
153.280000 153.728000 63
153.728000 153.952000 61
154.208000 154.560000 56
154.560000 156.864000 63
158.656000 158.752000 66
161.824000 162.240000 70
162.240000 163.936000 72
164.000000 164.224000 71
164.224000 165.280000 74
165.280000 165.344000 69
165.344000 165.952000 69
165.952000 166.528000 66
166.592000 166.880000 67
166.880000 167.520000 68
167.520000 169.696000 73
169.792000 170.336000 64
170.336000 172.064000 66
172.064000 173.312000 63
173.888000 174.048000 65
174.048000 174.208000 62
174.208000 174.464000 59
174.688000 174.944000 56
174.944000 175.072000 58
175.072000 175.232000 59
175.232000 175.456000 60
175.456000 175.520000 61
175.520000 176.064000 64
176.064000 176.704000 67
176.704000 177.696000 70
177.824000 178.784000 67
179.104000 179.904000 66
179.968000 180.000000 65
180.032000 185.056000 62
