48.064000 48.160000 61
48.448000 48.768000 60
55.648000 55.744000 54
55.744000 57.376000 61
57.568000 58.016000 59
58.176000 58.432000 58
58.432000 58.880000 57
58.976000 59.392000 56
59.392000 60.032000 66
60.224000 60.672000 68
60.672000 61.664000 63
62.432000 62.592000 55
62.592000 64.256000 61
64.416000 65.312000 59
65.312000 66.560000 57
66.688000 68.352000 56
69.280000 69.440000 55
69.440000 70.752000 58
70.976000 71.168000 61
71.168000 71.872000 60
71.872000 72.928000 58
73.088000 73.856000 66
73.952000 74.304000 68
74.400000 75.328000 63
76.320000 77.184000 58
77.344000 77.696000 58
78.112000 79.040000 59
79.136000 80.256000 56
80.448000 81.312000 56
81.472000 82.048000 56
82.944000 83.744000 65
83.840000 84.064000 61
84.224000 84.448000 61
84.640000 84.864000 60
84.864000 85.472000 66
85.568000 85.952000 66
86.368000 87.136000 65
87.328000 87.872000 61
87.872000 88.192000 60
88.352000 89.376000 66
89.824000 90.944000 59
91.168000 91.968000 63
91.968000 92.256000 66
92.384000 92.640000 66
92.800000 93.056000 61
93.216000 95.360000 68
95.744000 95.808000 69
95.936000 96.096000 66
96.256000 96.672000 66
96.672000 98.240000 70
98.368000 99.584000 72
99.712000 100.864000 68
100.960000 101.248000 68
101.376000 101.664000 66
101.824000 101.984000 68
101.984000 102.656000 70
103.136000 103.200000 65
103.200000 103.584000 67
103.584000 104.288000 70
104.416000 105.088000 70
105.248000 105.376000 73
105.536000 106.496000 71
106.496000 108.544000 68
108.672000 109.056000 66
109.536000 109.664000 65
109.664000 109.952000 67
109.952000 110.080000 68
110.080000 110.368000 71
110.368000 111.072000 75
111.072000 112.192000 72
112.384000 113.344000 71
113.568000 113.728000 70
113.728000 115.296000 68
115.552000 116.032000 68
116.032000 117.376000 70
117.504000 117.696000 66
117.696000 117.824000 65
118.112000 118.816000 63
118.976000 119.136000 72
119.136000 119.296000 73
119.392000 120.128000 73
120.128000 120.544000 70
120.832000 122.272000 68
122.464000 124.960000 66
136.128000 136.416000 55
136.576000 137.248000 58
137.408000 138.464000 60
138.656000 139.008000 58
139.008000 139.424000 57
139.552000 139.840000 55
139.968000 140.608000 66
140.768000 141.120000 68
141.280000 142.304000 63
142.976000 143.712000 58
143.840000 144.544000 58
144.672000 144.768000 61
144.992000 145.376000 59
145.536000 145.888000 58
145.888000 146.336000 57
146.432000 147.136000 56
147.232000 148.192000 56
148.320000 148.928000 56
149.696000 150.112000 56
150.336000 151.808000 60
152.000000 152.288000 59
152.448000 152.768000 58
152.768000 153.120000 57
153.280000 153.664000 56
153.664000 154.976000 68
155.200000 156.192000 63
156.672000 156.800000 54
156.896000 156.992000 56
157.120000 157.472000 58
157.568000 158.176000 58
158.400000 159.584000 61
159.680000 159.936000 56
160.160000 160.832000 56
160.960000 162.208000 56
162.688000 163.008000 57
163.552000 163.808000 65
164.000000 164.384000 65
164.384000 165.088000 61
165.472000 166.496000 66
166.976000 167.136000 67
167.136000 167.296000 68
167.296000 167.808000 66
167.808000 168.064000 61
168.320000 168.576000 61
168.896000 169.440000 66
169.600000 169.920000 66
170.368000 171.456000 59
171.648000 172.480000 62
172.480000 173.184000 66
173.376000 173.856000 63
173.856000 174.400000 68
174.400000 176.384000 73
176.512000 176.672000 66
176.800000 177.248000 67
177.248000 178.816000 70
178.944000 180.192000 73
180.256000 181.440000 67
181.536000 181.792000 68
181.952000 182.240000 66
182.400000 182.592000 68
182.592000 183.200000 70
183.584000 183.744000 64
183.744000 184.064000 66
184.064000 185.536000 70
185.792000 185.952000 73
186.048000 186.432000 71
186.432000 187.104000 70
187.104000 189.152000 69
189.248000 189.664000 66
190.016000 190.112000 64
190.112000 190.688000 70
190.688000 191.040000 72
191.232000 191.648000 63
191.776000 191.840000 67
191.840000 192.864000 73
192.960000 193.408000 71
193.568000 193.952000 70
194.272000 194.560000 69
194.560000 194.688000 66
194.848000 196.032000 68
196.128000 197.952000 70
198.048000 198.368000 67
198.688000 199.008000 63
199.136000 199.392000 63
199.520000 199.648000 71
199.648000 200.416000 73
200.416000 201.184000 71
201.440000 202.816000 68
203.072000 204.640000 66
204.736000 204.832000 66
207.264000 208.096000 67
208.096000 208.928000 73
208.928000 209.248000 69
209.376000 209.696000 66
209.792000 209.984000 62
209.984000 210.464000 68
210.656000 212.992000 70
213.952000 214.368000 67
214.528000 214.784000 67
214.944000 215.776000 73
215.776000 216.064000 70
216.256000 216.544000 66
216.672000 216.896000 62
216.896000 218.752000 68
218.752000 219.808000 70
219.808000 220.768000 68
220.992000 221.120000 64
221.120000 221.280000 66
221.376000 221.632000 66
221.824000 222.592000 73
222.720000 223.328000 67
223.328000 223.648000 63
223.936000 224.000000 67
224.000000 224.096000 69
224.096000 224.352000 71
224.352000 225.184000 75
225.312000 226.464000 70
226.816000 227.072000 61
227.200000 229.792000 68
229.984000 230.720000 71
230.848000 231.552000 73
231.552000 232.320000 75
232.320000 232.992000 76
233.248000 233.408000 73
233.632000 233.888000 66
233.888000 235.392000 70
235.520000 236.672000 73
236.864000 238.400000 68
238.528000 238.784000 67
238.976000 239.776000 70
239.776000 239.840000 66
240.192000 240.352000 65
240.352000 241.024000 68
241.152000 242.528000 73
242.656000 243.616000 71
243.936000 244.288000 69
244.288000 244.448000 66
244.544000 246.304000 68
246.560000 246.752000 65
246.752000 247.072000 66
247.072000 247.712000 73
247.840000 248.000000 73
248.096000 249.408000 74
249.504000 250.016000 71
250.112000 250.496000 70
250.720000 251.232000 68
251.392000 251.520000 72
251.520000 252.288000 74
252.288000 253.856000 72
253.952000 254.080000 67
254.080000 254.720000 70
254.720000 254.912000 66
255.264000 255.584000 63
255.680000 255.968000 63
256.128000 257.344000 73
257.344000 257.760000 70
257.984000 259.360000 68
259.552000 259.744000 65
259.744000 260.736000 66
260.736000 261.984000 66
262.144000 262.432000 63
262.528000 262.752000 63
262.944000 264.128000 73
264.128000 264.608000 70
264.864000 266.496000 68
266.752000 268.896000 66
