15.456000 15.776000 64
15.904000 16.128000 66
18.176000 18.656000 59
18.784000 18.912000 62
19.040000 19.360000 59
19.584000 19.808000 62
19.936000 20.096000 62
20.224000 20.448000 62
20.608000 20.832000 59
20.832000 20.896000 61
20.896000 21.632000 64
22.976000 23.648000 67
23.648000 23.808000 61
25.824000 26.144000 61
26.272000 26.400000 62
26.400000 26.880000 62
27.104000 27.264000 62
27.520000 28.000000 62
28.000000 28.704000 61
30.400000 30.656000 64
30.880000 31.072000 66
31.072000 31.584000 64
33.312000 33.504000 57
33.504000 34.208000 62
34.208000 34.528000 69
34.656000 35.712000 66
35.872000 36.512000 64
36.800000 36.864000 59
36.864000 37.440000 62
37.440000 37.664000 60
37.792000 38.304000 59
38.784000 39.520000 62
39.648000 40.192000 59
40.768000 41.248000 62
41.408000 42.048000 62
42.208000 43.104000 64
45.440000 45.760000 64
45.888000 46.080000 66
46.208000 46.592000 57
48.096000 48.384000 57
48.384000 49.088000 62
49.248000 49.472000 62
49.728000 50.048000 62
50.176000 50.496000 62
50.496000 50.752000 61
50.848000 51.488000 64
51.584000 51.872000 59
52.992000 53.248000 66
53.408000 53.568000 67
53.696000 54.208000 59
55.616000 55.872000 59
56.000000 56.128000 61
56.224000 56.352000 62
56.352000 56.576000 61
56.672000 56.896000 61
57.088000 57.504000 62
57.728000 58.176000 62
58.304000 58.656000 59
58.816000 59.392000 57
60.960000 61.984000 61
62.112000 62.464000 61
62.624000 63.584000 57
63.584000 64.032000 64
64.192000 65.024000 64
65.184000 65.632000 64
65.856000 66.464000 66
67.520000 68.192000 59
68.384000 69.248000 66
69.792000 70.176000 57
70.816000 71.776000 64
72.512000 74.272000 62
75.840000 75.904000 62
75.904000 75.936000 65
75.936000 76.960000 69
76.960000 77.664000 66
77.792000 78.976000 68
78.976000 79.328000 69
79.616000 79.680000 62
79.680000 80.000000 69
80.128000 80.448000 69
80.576000 81.408000 67
81.504000 82.496000 66
82.688000 83.008000 71
83.360000 84.192000 70
84.288000 85.920000 71
86.176000 86.400000 62
86.400000 89.376000 69
90.816000 90.912000 63
90.912000 91.008000 67
91.008000 91.584000 69
91.584000 92.576000 67
92.704000 92.896000 67
92.896000 93.536000 65
93.536000 94.272000 69
94.656000 94.752000 66
94.912000 95.296000 69
95.296000 95.808000 68
95.808000 96.128000 73
96.288000 96.608000 74
96.736000 96.992000 69
97.216000 97.440000 66
97.920000 98.240000 71
98.368000 98.528000 69
98.720000 98.912000 62
99.296000 99.488000 59
99.488000 99.744000 64
99.744000 100.064000 71
100.256000 100.448000 69
100.544000 100.768000 63
101.600000 101.888000 61
102.144000 103.392000 62
120.224000 120.640000 64
120.768000 120.960000 66
121.120000 121.408000 57
123.008000 123.360000 57
123.360000 123.968000 62
124.160000 124.384000 62
124.576000 125.440000 62
125.536000 125.664000 59
125.824000 126.240000 64
126.240000 126.944000 62
127.680000 128.544000 67
128.544000 129.216000 61
130.432000 130.528000 57
130.528000 130.976000 61
130.976000 131.264000 62
131.360000 131.456000 59
131.616000 131.840000 62
132.000000 132.256000 62
132.384000 132.768000 62
132.960000 133.120000 61
133.312000 134.176000 59
135.872000 136.896000 61
137.024000 137.376000 61
137.472000 138.400000 57
138.624000 139.360000 64
139.552000 140.160000 62
140.256000 140.576000 64
140.736000 141.760000 66
142.432000 142.752000 59
142.848000 143.168000 59
143.360000 144.192000 66
144.192000 144.512000 62
144.736000 145.056000 57
145.536000 146.496000 64
146.592000 150.208000 62
150.464000 150.528000 62
150.784000 150.848000 63
150.848000 150.880000 66
150.880000 151.552000 69
151.552000 152.544000 66
152.704000 153.408000 66
153.504000 153.856000 67
153.856000 154.240000 69
154.592000 154.656000 60
154.784000 155.200000 69
155.200000 155.392000 67
155.488000 157.504000 66
157.664000 158.016000 71
158.272000 158.336000 65
158.336000 158.432000 69
158.528000 159.104000 69
159.200000 159.456000 67
159.456000 160.288000 71
160.384000 160.928000 69
160.928000 162.208000 66
162.336000 162.752000 66
162.752000 163.136000 69
163.232000 165.184000 66
165.696000 165.792000 62
165.792000 165.824000 65
165.824000 166.432000 69
166.432000 167.520000 67
167.680000 168.384000 66
168.480000 168.832000 66
168.832000 169.184000 69
169.568000 169.696000 65
169.824000 170.240000 69
170.240000 170.720000 66
170.720000 171.104000 73
171.200000 171.424000 74
171.648000 171.968000 69
172.128000 172.448000 67
172.800000 172.864000 68
172.864000 173.120000 71
173.216000 173.408000 69
173.600000 173.760000 62
174.240000 174.432000 60
174.432000 174.688000 63
174.688000 175.328000 71
175.328000 176.256000 66
176.384000 179.328000 64
180.768000 180.832000 64
180.832000 180.928000 66
181.024000 181.472000 69
181.728000 182.496000 66
182.688000 182.816000 66
182.912000 183.360000 64
183.520000 183.808000 67
183.808000 184.192000 69
184.576000 184.672000 69
184.800000 185.216000 69
185.216000 185.728000 68
185.728000 186.080000 73
186.208000 186.432000 74
186.656000 186.880000 69
187.104000 187.232000 66
187.808000 187.904000 68
187.904000 188.064000 71
188.256000 188.416000 69
189.312000 189.568000 59
189.568000 189.728000 62
189.888000 190.208000 71
190.400000 190.656000 69
190.656000 191.040000 64
192.672000 193.248000 61
193.920000 195.520000 62
195.776000 195.904000 62
