41.056000 41.184000 66
41.440000 41.504000 62
41.664000 41.792000 61
107.648000 107.872000 65
108.128000 108.352000 65
108.576000 108.768000 66
109.280000 109.504000 64
109.760000 109.856000 65
110.592000 110.816000 64
111.008000 111.680000 63
111.936000 112.544000 59
114.432000 114.624000 59
114.624000 116.160000 65
116.160000 117.824000 70
117.952000 120.576000 67
122.304000 122.944000 61
122.944000 125.056000 67
125.152000 125.440000 66
125.632000 125.984000 63
126.080000 126.304000 64
126.464000 126.752000 62
126.944000 127.232000 62
127.456000 128.064000 59
130.336000 130.912000 60
131.232000 131.936000 61
132.096000 132.448000 62
132.544000 132.832000 65
132.928000 133.632000 67
133.888000 134.336000 64
159.008000 159.488000 63
159.488000 161.376000 71
161.504000 161.728000 70
161.728000 162.560000 69
162.560000 163.040000 66
163.200000 163.904000 63
164.000000 164.128000 63
164.544000 164.864000 65
164.864000 165.632000 67
165.632000 166.048000 70
166.048000 167.808000 75
167.808000 169.920000 70
170.272000 170.784000 63
170.784000 170.880000 65
170.880000 172.992000 70
172.992000 173.600000 68
173.696000 174.368000 67
174.368000 175.072000 65
175.808000 176.352000 63
176.544000 176.896000 63
176.896000 177.408000 66
177.408000 179.168000 70
179.264000 179.904000 63
180.032000 180.896000 63
181.344000 182.016000 67
182.080000 182.464000 67
182.464000 182.848000 69
182.848000 182.880000 70
182.880000 183.040000 71
183.040000 185.024000 75
185.024000 185.568000 70
185.664000 185.888000 70
185.888000 186.144000 68
186.272000 186.784000 63
187.040000 187.552000 65
187.680000 188.416000 66
188.416000 192.128000 71
192.576000 193.664000 67
193.664000 194.016000 69
194.016000 194.208000 71
194.208000 195.520000 75
195.520000 196.512000 71
196.512000 197.376000 70
197.376000 199.744000 68
199.744000 199.808000 70
199.808000 200.032000 70
200.032000 202.528000 68
202.528000 203.168000 63
203.840000 204.480000 63
204.480000 205.824000 71
206.016000 207.392000 70
207.392000 207.936000 67
207.936000 210.752000 65
210.848000 211.488000 66
211.584000 212.160000 68
212.288000 214.464000 71
214.464000 214.784000 64
214.976000 215.776000 65
215.776000 216.384000 70
216.512000 217.088000 70
217.248000 217.824000 70
217.984000 219.328000 69
219.520000 219.552000 70
220.864000 221.312000 63
221.376000 221.408000 63
221.440000 221.632000 63
221.920000 222.048000 65
222.144000 223.968000 70
224.000000 224.096000 67
224.608000 224.960000 61
225.888000 226.272000 70
227.072000 227.360000 68
227.360000 229.952000 71
230.080000 232.480000 69
232.768000 233.792000 68
233.824000 234.752000 70
234.752000 235.200000 67
235.296000 236.416000 66
236.576000 239.520000 63
244.864000 245.760000 63
245.760000 246.048000 59
246.112000 246.720000 58
247.008000 248.000000 61
248.096000 250.048000 58
250.560000 251.136000 56
251.584000 252.896000 54
253.184000 253.376000 57
253.440000 254.080000 57
254.624000 254.848000 59
255.232000 255.296000 57
255.360000 255.904000 57
256.096000 256.256000 56
256.320000 256.576000 56
256.768000 256.800000 57
256.832000 256.864000 57
258.752000 259.520000 61
259.648000 262.112000 63
262.112000 263.200000 71
263.200000 265.184000 70
265.312000 265.504000 58
265.824000 266.592000 64
266.592000 267.840000 68
267.936000 269.760000 71
269.888000 270.432000 64
270.560000 271.488000 71
271.584000 271.808000 68
271.808000 272.096000 70
272.096000 272.736000 68
272.736000 273.248000 66
273.248000 273.824000 63
274.240000 274.944000 63
274.944000 275.296000 66
275.296000 276.704000 70
276.832000 277.984000 63
278.336000 278.496000 67
278.592000 280.000000 70
280.224000 280.320000 68
280.352000 280.416000 63
280.704000 281.152000 56
281.184000 282.016000 56
282.272000 282.368000 61
282.656000 283.456000 70
283.776000 283.872000 55
283.968000 284.640000 54
284.832000 287.968000 63
