11.392000 11.488000 66
12.320000 12.416000 57
15.552000 15.584000 59
16.288000 16.384000 60
17.120000 17.312000 60
18.176000 18.688000 55
19.200000 19.232000 63
19.968000 20.096000 59
20.192000 20.352000 65
20.896000 21.024000 62
21.248000 21.312000 64
21.376000 21.760000 68
21.920000 21.952000 56
22.016000 22.144000 56
22.144000 22.336000 58
37.056000 37.504000 53
37.760000 37.984000 53
38.944000 39.392000 53
41.024000 41.216000 53
41.504000 41.952000 65
42.688000 43.104000 65
43.424000 43.872000 65
44.128000 44.704000 65
45.248000 45.632000 65
46.432000 47.008000 66
47.136000 47.424000 65
47.872000 48.480000 56
48.512000 48.736000 53
49.344000 49.472000 53
49.696000 49.792000 50
49.984000 50.080000 52
50.208000 50.624000 53
50.912000 51.136000 53
51.680000 51.776000 53
52.544000 52.736000 54
52.736000 52.896000 56
53.024000 53.312000 53
53.504000 53.792000 53
53.888000 54.368000 54
54.656000 55.104000 56
55.232000 56.896000 56
57.312000 57.472000 54
57.536000 58.624000 56
58.976000 59.104000 53
59.200000 59.488000 54
59.648000 60.160000 53
60.160000 60.576000 56
60.864000 61.056000 53
61.184000 61.440000 57
61.568000 63.968000 56
64.064000 64.320000 56
64.416000 64.512000 54
64.864000 65.408000 56
65.408000 65.824000 53
65.920000 66.176000 56
66.176000 66.400000 55
66.496000 66.688000 53
66.784000 67.168000 56
67.168000 67.552000 54
67.584000 67.680000 53
67.712000 68.320000 56
68.768000 69.088000 57
69.888000 70.272000 60
70.368000 70.496000 58
70.624000 70.944000 56
71.072000 71.552000 58
72.064000 72.128000 59
72.256000 72.512000 59
72.512000 72.864000 58
73.024000 73.760000 53
73.824000 73.984000 55
74.080000 74.240000 59
74.400000 74.688000 58
75.072000 75.232000 58
75.520000 75.808000 56
76.000000 76.096000 58
76.096000 76.352000 57
76.352000 76.608000 56
76.608000 77.120000 55
77.280000 78.080000 60
78.080000 79.168000 58
79.328000 79.392000 58
79.456000 79.808000 59
79.904000 80.000000 59
80.000000 80.320000 58
80.544000 80.576000 53
80.640000 81.216000 54
81.568000 81.760000 58
81.792000 81.824000 58
82.112000 82.528000 65
82.752000 82.944000 67
82.976000 83.264000 68
84.000000 84.096000 67
84.128000 84.352000 65
84.864000 85.024000 68
85.920000 85.952000 66
86.016000 86.304000 65
86.496000 86.880000 65
87.008000 87.136000 61
87.680000 88.096000 65
88.416000 88.960000 65
89.472000 89.568000 59
90.240000 90.656000 53
91.712000 91.904000 65
92.128000 92.288000 64
92.288000 92.512000 68
93.216000 93.504000 57
94.368000 94.400000 54
95.264000 95.712000 65
96.352000 96.480000 63
96.672000 96.768000 64
97.184000 97.376000 62
97.888000 98.048000 63
98.720000 98.784000 62
101.792000 101.888000 65
102.464000 102.560000 61
103.488000 103.712000 60
103.872000 103.968000 60
104.640000 104.704000 55
105.088000 105.792000 56
105.792000 106.016000 56
106.016000 106.464000 55
106.752000 106.912000 53
107.136000 107.424000 56
107.424000 108.224000 54
108.320000 108.576000 53
108.736000 108.928000 53
109.024000 109.280000 56
109.280000 109.504000 55
109.600000 110.400000 54
110.464000 110.784000 53
110.912000 111.168000 56
111.168000 111.424000 55
111.488000 111.552000 52
111.776000 112.480000 53
112.480000 113.216000 56
113.408000 113.696000 53
113.728000 113.824000 52
113.952000 114.112000 53
114.208000 114.560000 53
114.656000 114.944000 56
114.944000 115.104000 53
115.200000 116.448000 53
116.544000 116.800000 56
116.800000 117.152000 55
117.248000 119.328000 56
119.328000 119.552000 56
119.552000 119.968000 56
120.064000 120.288000 54
120.288000 120.704000 56
121.280000 121.600000 56
121.920000 122.016000 61
122.432000 122.752000 60
123.232000 123.456000 56
123.552000 123.648000 56
123.744000 124.096000 58
124.480000 124.608000 58
124.736000 124.896000 59
124.960000 125.120000 58
125.216000 126.112000 56
126.336000 126.624000 55
126.624000 127.136000 59
127.296000 127.552000 56
127.552000 127.808000 58
128.000000 128.288000 56
128.288000 128.800000 59
128.800000 129.440000 57
129.664000 130.048000 60
130.144000 130.528000 61
130.688000 130.720000 56
131.264000 131.392000 63
131.456000 131.616000 63
132.288000 132.576000 59
132.576000 132.832000 57
132.832000 133.728000 55
133.888000 134.624000 58
134.624000 134.976000 53
135.072000 135.168000 52
135.296000 135.744000 53
136.032000 136.448000 56
136.672000 136.896000 53
138.560000 138.816000 53
139.008000 139.488000 53
140.224000 140.416000 53
140.512000 140.608000 52
140.928000 141.472000 52
141.856000 141.952000 52
142.752000 143.104000 53
144.000000 144.512000 65
144.608000 144.800000 65
144.800000 145.024000 68
145.728000 145.888000 67
146.080000 146.176000 65
146.496000 146.624000 65
146.816000 147.104000 65
147.744000 148.160000 54
148.256000 148.704000 53
149.952000 150.048000 54
150.528000 151.392000 58
151.424000 151.456000 57
151.680000 152.032000 65
152.256000 152.960000 66
153.056000 153.312000 60
153.472000 153.888000 54
154.368000 154.464000 52
154.560000 154.592000 53
155.264000 155.552000 56
156.032000 156.064000 63
156.256000 156.512000 65
156.800000 157.632000 60
157.888000 158.112000 66
158.144000 158.496000 65
158.784000 159.552000 66
159.776000 159.936000 67
160.000000 160.448000 65
160.832000 161.056000 68
161.056000 161.408000 65
161.536000 161.664000 63
161.824000 162.048000 65
162.048000 162.336000 63
162.432000 162.560000 65
162.784000 163.040000 65
163.040000 163.200000 63
163.424000 163.712000 64
163.712000 164.032000 65
164.128000 164.224000 60
164.320000 164.800000 60
164.896000 165.056000 61
165.056000 165.184000 64
165.184000 165.440000 68
165.472000 166.016000 65
166.464000 166.976000 68
167.104000 167.200000 67
167.328000 167.872000 67
168.288000 168.800000 68
169.056000 169.760000 65
170.176000 170.304000 67
170.304000 170.496000 65
170.496000 170.688000 63
170.912000 171.008000 63
171.008000 171.104000 62
171.232000 171.584000 58
171.872000 172.608000 60
172.608000 172.960000 68
173.152000 173.248000 68
173.248000 173.472000 65
173.952000 174.272000 68
174.272000 174.464000 65
174.784000 175.360000 67
175.840000 176.352000 68
176.672000 177.248000 65
177.664000 177.792000 67
177.792000 178.112000 66
178.656000 178.912000 65
178.912000 179.168000 63
179.296000 180.128000 60
