7.456000 10.368000 65
10.368000 10.464000 66
10.464000 10.784000 67
10.784000 10.944000 68
10.944000 11.136000 69
11.136000 11.360000 70
11.360000 16.384000 72
16.384000 20.288000 69
20.416000 21.216000 74
21.216000 24.352000 72
24.352000 25.984000 70
25.984000 29.120000 65
30.464000 30.656000 59
30.656000 30.784000 60
30.944000 31.264000 57
31.392000 32.480000 57
32.576000 34.560000 60
35.200000 35.328000 58
35.328000 35.552000 60
35.616000 36.000000 57
36.000000 37.344000 60
37.600000 38.592000 53
39.936000 40.000000 55
40.000000 40.288000 60
40.352000 40.512000 60
40.512000 40.736000 62
40.896000 41.632000 53
42.016000 42.208000 54
42.336000 43.136000 62
43.232000 43.808000 53
44.416000 44.992000 55
45.120000 48.064000 57
49.344000 49.472000 57
49.472000 49.664000 60
49.792000 50.176000 57
50.176000 50.720000 55
50.816000 51.296000 57
51.392000 53.184000 60
54.048000 54.176000 57
54.176000 54.400000 60
54.496000 55.424000 57
55.520000 56.320000 60
56.320000 57.536000 53
58.784000 59.584000 62
59.584000 60.416000 54
61.088000 61.856000 62
62.016000 62.752000 53
63.136000 63.808000 55
63.904000 66.752000 57
68.992000 69.056000 59
69.056000 69.216000 63
69.312000 70.144000 64
70.240000 71.328000 65
71.328000 72.480000 63
72.864000 73.024000 56
73.024000 73.280000 58
73.440000 73.696000 57
73.792000 74.368000 58
74.400000 74.464000 57
74.464000 74.816000 60
75.392000 76.928000 57
78.496000 78.944000 64
79.104000 79.328000 62
79.328000 80.768000 65
80.768000 81.856000 63
82.336000 83.040000 57
83.200000 83.616000 57
83.776000 85.600000 57
86.144000 89.568000 68
90.112000 90.240000 57
90.240000 90.368000 60
90.528000 90.784000 65
90.784000 93.312000 69
93.472000 95.136000 69
95.488000 95.680000 68
95.776000 96.000000 67
96.096000 99.520000 65
99.616000 99.840000 59
99.936000 100.416000 67
100.512000 102.176000 69
102.560000 104.576000 69
104.896000 105.408000 68
105.504000 109.376000 65
109.568000 110.144000 68
110.240000 116.032000 65
116.128000 116.256000 65
119.328000 119.584000 65
119.584000 119.648000 66
119.648000 120.160000 70
123.744000 124.032000 70
124.032000 124.288000 69
124.288000 125.760000 68
125.920000 126.016000 65
129.312000 129.760000 60
129.760000 130.048000 57
130.240000 131.168000 57
131.392000 132.928000 60
133.024000 133.120000 58
134.016000 134.528000 60
134.528000 135.648000 57
135.808000 136.064000 60
136.160000 137.056000 53
137.408000 137.600000 53
138.752000 139.520000 62
139.616000 140.160000 53
140.800000 140.928000 60
141.088000 141.312000 60
141.472000 141.792000 62
141.952000 142.496000 53
143.072000 143.744000 55
143.872000 144.160000 57
144.320000 144.480000 56
144.480000 146.496000 57
146.496000 147.328000 56
148.160000 148.224000 57
148.224000 148.544000 60
148.544000 148.928000 57
149.056000 149.536000 55
149.664000 152.256000 60
152.864000 153.344000 60
153.344000 154.336000 60
154.336000 154.784000 64
155.008000 157.216000 62
157.568000 157.632000 58
157.632000 158.208000 62
158.528000 159.200000 53
159.584000 159.648000 57
159.648000 160.704000 62
160.800000 161.664000 53
161.920000 162.112000 55
162.304000 164.768000 60
165.024000 165.120000 61
165.344000 165.440000 60
165.664000 166.048000 61
166.240000 166.560000 57
166.688000 167.008000 57
167.456000 167.488000 67
167.520000 167.680000 67
167.872000 167.904000 67
167.936000 168.096000 67
168.096000 168.160000 64
168.192000 168.384000 63
168.672000 168.832000 67
168.832000 169.024000 63
169.056000 169.824000 65
169.920000 170.144000 64
170.144000 170.464000 63
170.496000 170.848000 60
172.416000 172.576000 57
172.704000 173.184000 58
173.312000 173.568000 60
173.728000 175.520000 60
177.280000 177.728000 64
177.920000 178.080000 62
178.176000 179.584000 65
179.584000 180.768000 62
181.152000 181.888000 57
182.048000 182.464000 57
182.624000 184.480000 57
184.928000 185.088000 68
185.184000 188.960000 67
189.120000 189.280000 69
189.376000 189.568000 65
189.568000 191.648000 69
192.000000 192.160000 68
192.320000 192.512000 69
192.608000 193.952000 67
194.336000 194.496000 64
194.624000 194.688000 67
194.688000 194.912000 67
194.944000 195.744000 65
195.872000 198.016000 65
198.400000 198.624000 60
198.720000 199.072000 67
199.072000 199.232000 67
199.328000 201.088000 69
201.344000 201.664000 69
201.696000 201.856000 69
201.984000 202.208000 68
202.336000 203.456000 67
203.840000 204.192000 57
204.352000 206.720000 53
206.880000 207.808000 53
208.160000 208.672000 67
208.768000 208.992000 69
209.056000 210.336000 69
210.336000 210.432000 63
210.752000 210.976000 69
211.104000 212.800000 69
213.152000 213.280000 64
213.408000 213.504000 69
213.504000 214.112000 67
214.208000 217.152000 65
217.312000 217.472000 60
217.568000 218.048000 67
218.176000 219.936000 69
220.192000 220.480000 72
220.480000 220.832000 71
220.960000 221.056000 68
221.216000 222.336000 67
222.592000 222.752000 57
222.848000 223.040000 55
223.232000 224.544000 53
224.640000 226.816000 65
227.232000 227.328000 65
227.328000 227.424000 67
227.552000 232.896000 67
233.056000 235.424000 58
235.520000 241.248000 66
241.440000 241.600000 57
241.824000 242.112000 57
242.208000 246.880000 65
246.880000 250.048000 72
250.176000 250.688000 70
250.944000 251.904000 69
252.032000 252.544000 67
252.992000 253.440000 66
