17.472000 23.744000 66
32.960000 33.312000 46
34.112000 34.368000 47
34.592000 34.976000 53
34.976000 35.200000 51
35.424000 35.616000 48
35.744000 35.840000 45
37.920000 38.144000 48
38.240000 38.432000 46
38.432000 38.624000 48
38.880000 39.104000 50
39.168000 40.032000 55
40.128000 40.256000 52
40.352000 40.480000 53
40.576000 40.704000 53
40.800000 40.928000 53
42.880000 43.232000 51
43.232000 43.616000 55
43.744000 44.032000 55
44.032000 45.440000 58
45.440000 46.656000 58
47.040000 47.136000 50
47.840000 48.032000 48
48.032000 48.224000 50
48.992000 49.376000 47
49.600000 49.792000 47
50.176000 50.272000 60
50.464000 50.528000 59
50.560000 50.944000 61
51.104000 51.392000 61
51.712000 51.808000 59
53.440000 53.600000 55
53.600000 54.720000 58
54.720000 56.864000 58
57.472000 58.240000 56
58.336000 59.072000 62
59.072000 59.712000 61
60.000000 60.128000 60
60.128000 60.288000 59
60.288000 60.768000 56
60.864000 60.992000 53
61.088000 61.184000 53
61.312000 61.408000 54
61.536000 61.632000 53
61.728000 62.016000 54
62.144000 62.272000 54
63.936000 63.968000 47
63.968000 64.000000 47
64.000000 64.032000 50
64.032000 64.064000 50
64.064000 64.096000 50
64.096000 64.128000 50
64.128000 64.160000 50
64.160000 64.192000 53
64.192000 64.224000 59
64.960000 65.056000 57
65.920000 66.304000 56
66.560000 67.136000 53
67.232000 67.328000 51
67.456000 67.552000 54
67.680000 67.776000 53
67.904000 68.000000 54
69.344000 69.920000 55
70.112000 70.272000 54
70.272000 70.304000 59
70.304000 70.496000 62
70.496000 71.072000 58
71.072000 71.392000 54
71.488000 72.288000 54
72.672000 72.768000 54
74.144000 74.368000 54
74.368000 74.560000 49
74.560000 75.104000 53
75.104000 76.480000 46
76.480000 77.280000 46
77.280000 78.016000 46
78.144000 78.240000 46
78.336000 78.464000 47
78.560000 78.720000 47
78.816000 78.912000 47
80.064000 80.576000 46
80.992000 81.120000 45
82.144000 82.240000 50
82.368000 82.464000 50
82.848000 83.008000 53
83.040000 83.200000 50
83.328000 83.456000 47
83.584000 83.680000 47
84.096000 84.192000 54
87.840000 88.000000 49
89.632000 89.728000 46
91.552000 91.680000 46
91.808000 91.872000 49
91.872000 91.968000 48
91.968000 92.064000 55
92.320000 92.512000 53
92.928000 93.056000 55
95.104000 95.616000 53
95.616000 95.680000 62
95.904000 96.000000 58
101.120000 101.312000 51
102.080000 102.176000 47
102.336000 102.528000 51
103.680000 103.776000 57
103.776000 103.904000 50
104.000000 104.128000 49
104.128000 104.256000 52
107.424000 107.552000 53
107.552000 107.680000 57
107.680000 107.712000 61
108.064000 108.160000 57
109.760000 109.920000 55
110.208000 110.592000 54
113.920000 114.048000 51
114.336000 114.560000 49
114.720000 114.848000 54
114.976000 115.040000 53
116.672000 116.960000 52
117.216000 117.344000 55
117.472000 117.600000 56
117.696000 117.792000 52
117.792000 118.016000 52
118.432000 118.528000 50
118.720000 118.880000 50
119.808000 120.032000 47
120.160000 120.288000 59
120.288000 120.512000 57
120.512000 120.864000 56
122.336000 122.496000 59
122.592000 122.720000 59
122.880000 122.976000 50
122.976000 123.264000 50
125.184000 125.280000 52
125.600000 125.696000 47
127.328000 127.456000 46
127.456000 127.680000 47
127.808000 127.968000 46
128.160000 128.512000 53
128.672000 128.800000 49
129.024000 129.120000 46
131.296000 131.520000 46
131.744000 131.872000 46
138.848000 139.168000 47
139.296000 139.392000 50
139.520000 139.616000 53
139.936000 140.256000 56
140.544000 140.928000 54
141.056000 141.472000 52
142.016000 142.048000 53
142.144000 142.304000 53
142.432000 142.528000 50
143.872000 144.416000 53
144.640000 145.024000 58
145.152000 145.504000 58
145.504000 146.144000 53
146.240000 146.816000 50
146.912000 147.008000 49
147.200000 147.328000 50
147.456000 147.552000 47
148.928000 149.248000 47
149.248000 149.472000 59
149.472000 151.296000 58
151.424000 152.320000 60
152.320000 152.768000 59
152.960000 153.056000 55
153.952000 154.144000 58
154.144000 154.304000 55
154.592000 154.688000 62
155.040000 155.840000 61
156.064000 156.224000 62
156.256000 156.320000 62
156.608000 156.992000 60
157.728000 157.888000 59
159.424000 159.776000 54
159.776000 162.976000 54
163.520000 164.384000 47
164.480000 165.120000 47
165.120000 165.824000 48
165.888000 165.952000 50
165.952000 166.048000 50
166.176000 166.368000 50
166.368000 168.288000 50
168.416000 168.544000 50
168.640000 168.736000 53
170.080000 170.112000 56
170.112000 170.144000 55
170.144000 170.176000 54
170.176000 170.208000 54
170.208000 170.240000 54
170.240000 170.272000 55
170.272000 170.304000 58
170.304000 170.336000 59
170.688000 170.784000 58
171.168000 171.264000 60
172.192000 172.480000 63
172.800000 173.376000 60
173.504000 173.600000 58
173.728000 173.824000 57
174.432000 174.528000 53
175.424000 175.520000 53
175.616000 176.224000 53
176.320000 176.480000 53
176.480000 176.608000 54
176.608000 177.504000 54
177.664000 178.880000 48
178.976000 179.072000 58
180.160000 181.056000 58
181.056000 181.312000 58
181.408000 181.504000 58
181.632000 182.112000 59
182.208000 182.432000 66
