22.752000 23.584000 62
23.680000 25.408000 59
25.504000 25.952000 52
26.368000 26.784000 55
26.784000 27.552000 54
27.552000 29.280000 57
29.952000 30.016000 59
30.016000 30.112000 60
30.112000 30.784000 62
30.784000 31.264000 59
31.264000 32.352000 58
32.352000 33.152000 55
33.536000 33.888000 56
33.888000 34.656000 53
34.656000 36.448000 57
37.504000 37.696000 53
37.696000 38.752000 59
38.848000 40.160000 63
40.576000 41.664000 64
41.664000 43.520000 61
44.544000 45.312000 63
45.312000 45.760000 61
45.856000 47.584000 59
48.000000 48.224000 57
48.224000 48.480000 59
48.480000 49.216000 62
49.216000 51.136000 61
58.080000 58.176000 59
58.176000 58.272000 60
58.272000 58.880000 62
58.880000 60.608000 60
60.736000 61.216000 52
61.568000 61.952000 55
61.952000 62.720000 54
62.720000 64.512000 57
65.024000 65.184000 61
65.184000 65.824000 62
65.824000 67.392000 59
67.488000 68.096000 52
68.576000 70.368000 57
70.368000 71.648000 57
72.480000 72.672000 53
72.672000 73.792000 60
73.792000 75.168000 64
75.520000 76.672000 65
76.672000 78.688000 61
79.424000 80.320000 63
80.320000 82.400000 60
82.944000 83.136000 57
83.136000 83.328000 59
83.424000 84.192000 62
84.192000 86.016000 56
90.272000 90.400000 55
101.952000 102.016000 58
102.016000 102.080000 60
102.080000 102.752000 62
102.752000 104.544000 59
104.544000 105.088000 52
105.472000 105.856000 55
105.856000 106.912000 55
107.008000 108.128000 57
108.960000 109.024000 59
109.024000 109.792000 62
109.792000 110.272000 59
110.272000 111.552000 59
111.552000 112.096000 53
112.512000 112.800000 55
112.928000 113.600000 53
113.600000 115.552000 57
116.384000 116.608000 53
116.608000 116.864000 56
116.864000 117.472000 57
117.472000 119.040000 64
119.392000 120.480000 64
120.480000 122.336000 61
123.328000 124.160000 63
124.160000 124.512000 60
124.608000 126.208000 59
126.688000 127.200000 59
127.200000 127.968000 62
127.968000 129.856000 59
130.880000 131.168000 55
136.832000 137.568000 62
137.696000 139.392000 59
139.392000 139.936000 52
140.320000 140.704000 55
140.704000 141.472000 54
141.472000 141.792000 55
141.888000 143.264000 57
143.808000 144.000000 61
144.000000 144.608000 62
144.608000 146.240000 60
146.240000 146.944000 53
147.360000 147.712000 55
147.712000 148.096000 54
148.192000 148.352000 52
148.352000 150.592000 57
151.296000 151.456000 53
151.456000 151.520000 54
151.520000 151.776000 55
151.776000 152.448000 57
152.448000 153.952000 64
154.368000 155.584000 65
155.584000 157.600000 59
158.336000 159.168000 63
159.168000 161.440000 60
161.856000 162.048000 57
162.048000 163.040000 62
163.136000 165.056000 55
