10.400000 10.720000 60
10.848000 11.424000 62
11.840000 12.032000 65
12.224000 12.640000 69
12.800000 16.064000 69
16.672000 17.728000 70
17.888000 19.584000 65
19.584000 20.128000 61
20.352000 21.536000 57
21.632000 21.728000 57
21.856000 22.144000 57
22.368000 22.816000 57
22.912000 23.040000 57
25.888000 26.080000 57
26.080000 26.592000 62
26.784000 26.912000 60
26.912000 28.448000 65
28.448000 29.152000 70
29.280000 32.000000 65
32.096000 32.192000 62
33.856000 34.080000 67
34.208000 34.784000 67
34.784000 35.040000 69
35.040000 35.104000 67
35.104000 35.552000 66
35.552000 36.096000 63
36.096000 37.056000 69
37.248000 40.320000 65
41.664000 41.984000 62
42.112000 42.336000 65
42.528000 42.848000 69
43.008000 43.776000 69
43.776000 44.576000 72
44.768000 49.056000 74
50.944000 54.432000 74
55.552000 55.680000 67
55.680000 55.840000 66
56.224000 58.304000 62
60.064000 60.352000 60
60.480000 60.928000 62
60.928000 61.088000 65
61.248000 61.632000 69
61.792000 64.096000 69
64.416000 65.184000 69
65.344000 66.720000 65
66.720000 69.024000 60
70.720000 70.880000 57
70.880000 71.360000 62
71.552000 73.120000 65
73.120000 73.760000 69
73.856000 76.608000 65
77.440000 77.664000 67
77.760000 78.624000 69
78.624000 79.520000 65
79.520000 80.480000 69
80.480000 82.368000 65
83.264000 83.680000 62
83.680000 83.904000 65
84.032000 84.416000 69
84.544000 85.376000 70
85.376000 86.112000 72
86.272000 91.040000 74
92.416000 92.608000 74
92.608000 95.488000 73
96.704000 96.896000 67
96.896000 98.464000 66
98.560000 98.688000 62
98.816000 98.912000 62
116.224000 116.480000 60
116.576000 117.024000 62
117.024000 117.216000 65
117.376000 117.728000 69
117.888000 120.128000 71
120.448000 120.960000 70
121.088000 122.336000 65
122.336000 124.768000 61
126.720000 126.944000 59
126.944000 127.328000 62
127.488000 129.088000 68
129.088000 129.536000 69
129.536000 129.632000 63
129.632000 130.848000 65
130.912000 130.944000 62
130.976000 131.744000 62
133.408000 133.600000 67
133.696000 134.176000 67
134.176000 134.368000 69
134.368000 134.976000 67
134.976000 135.488000 65
135.488000 136.416000 69
136.416000 138.368000 65
139.104000 139.424000 62
139.520000 139.744000 65
139.840000 140.224000 69
140.352000 141.152000 69
141.152000 141.824000 72
141.984000 147.072000 75
148.064000 151.648000 74
152.320000 152.448000 68
152.448000 153.600000 67
154.112000 154.208000 62
154.560000 154.688000 62
169.792000 170.080000 60
170.208000 170.656000 62
170.656000 170.848000 65
171.008000 171.392000 69
171.552000 175.232000 69
