3.840000 4.032000 57
4.192000 4.480000 55
5.696000 5.984000 55
6.240000 6.368000 55
14.496000 14.560000 55
14.752000 15.328000 59
15.328000 16.032000 58
16.320000 16.512000 55
16.672000 16.832000 56
18.112000 18.368000 54
18.400000 18.432000 55
18.528000 19.104000 57
19.232000 19.808000 59
21.408000 21.472000 57
21.472000 21.568000 58
21.568000 22.208000 59
22.208000 22.880000 58
22.912000 23.072000 52
23.264000 23.424000 56
23.552000 23.808000 57
25.248000 25.504000 55
25.536000 25.568000 54
25.664000 26.080000 56
26.112000 26.624000 56
29.408000 29.504000 60
29.504000 30.176000 64
30.336000 31.328000 65
31.328000 31.872000 63
31.904000 32.224000 60
32.544000 32.800000 55
32.800000 33.312000 63
33.408000 34.144000 62
34.304000 35.296000 62
35.360000 35.552000 60
35.552000 35.840000 62
36.352000 36.576000 55
36.672000 36.832000 57
36.832000 38.240000 62
38.336000 38.656000 60
39.936000 41.376000 61
41.536000 41.728000 56
41.888000 42.080000 57
44.160000 45.152000 59
45.216000 45.600000 56
45.600000 45.856000 53
45.984000 46.048000 54
46.048000 46.304000 58
46.464000 46.624000 57
47.616000 48.160000 55
48.320000 48.640000 57
48.736000 49.248000 58
49.344000 49.632000 59
51.136000 51.200000 57
51.200000 51.328000 58
51.328000 51.968000 59
51.968000 52.160000 58
52.160000 52.992000 56
53.120000 53.504000 58
54.624000 55.168000 55
55.264000 55.552000 55
55.680000 56.384000 57
59.264000 59.328000 60
59.328000 59.424000 61
59.424000 61.344000 64
61.568000 62.304000 61
62.848000 63.136000 63
63.136000 63.488000 64
63.584000 63.968000 62
63.968000 65.856000 62
66.400000 66.560000 55
66.560000 66.848000 58
66.848000 68.864000 62
69.856000 69.952000 57
69.952000 70.336000 60
70.336000 71.392000 59
71.488000 71.520000 55
71.552000 72.416000 57
88.704000 88.864000 57
89.056000 89.440000 59
89.440000 89.888000 58
90.016000 90.176000 55
90.176000 90.368000 52
90.528000 90.720000 56
90.880000 91.072000 57
92.256000 92.384000 55
92.512000 92.832000 55
92.896000 93.504000 57
93.632000 94.368000 59
95.872000 95.936000 57
95.936000 97.120000 59
97.120000 97.280000 55
97.376000 97.536000 52
97.792000 97.920000 56
98.048000 98.336000 57
99.328000 99.488000 55
99.616000 100.160000 55
100.256000 100.416000 55
100.448000 101.184000 57
104.032000 104.192000 60
104.192000 104.768000 64
104.896000 106.432000 65
106.592000 106.944000 61
107.424000 107.872000 63
108.064000 108.800000 62
109.088000 109.920000 62
110.080000 110.592000 61
111.072000 111.360000 56
111.360000 111.424000 57
111.424000 111.584000 58
111.584000 112.352000 62
112.448000 112.960000 60
113.120000 113.696000 61
114.496000 114.656000 56
114.656000 116.096000 60
116.224000 116.288000 55
116.288000 116.896000 58
116.928000 116.960000 55
118.976000 119.936000 59
120.032000 120.384000 55
120.384000 120.768000 53
120.768000 121.376000 58
122.432000 123.008000 56
123.136000 123.424000 56
123.520000 124.448000 59
125.952000 126.112000 58
126.112000 126.784000 60
126.784000 127.200000 58
127.200000 127.648000 56
127.872000 128.000000 56
128.128000 128.448000 57
129.408000 131.424000 58
134.048000 134.240000 60
134.240000 135.328000 65
135.392000 135.424000 62
135.680000 135.744000 64
135.744000 135.872000 64
135.872000 136.352000 64
136.352000 137.088000 61
137.088000 137.344000 57
137.632000 137.824000 61
137.824000 138.240000 64
138.336000 138.720000 62
138.720000 139.936000 62
140.064000 140.192000 59
140.352000 140.672000 62
141.184000 141.408000 57
141.408000 143.840000 62
144.608000 144.736000 57
144.736000 145.504000 60
145.600000 145.952000 59
146.080000 146.144000 56
146.272000 146.400000 55
146.400000 147.264000 57
148.256000 148.480000 57
148.480000 150.688000 62
151.776000 151.840000 57
151.840000 152.160000 60
152.160000 152.448000 59
152.928000 153.760000 59
153.952000 154.112000 56
154.592000 154.720000 57
154.816000 155.040000 57
155.200000 156.192000 57
156.224000 156.288000 55
156.352000 156.416000 55
156.416000 157.120000 59
157.216000 157.472000 61
