9.632000 9.920000 55
10.272000 10.560000 57
10.912000 11.168000 59
11.424000 11.584000 57
11.584000 11.840000 60
11.840000 12.384000 64
12.544000 12.800000 64
12.800000 13.056000 66
13.312000 14.176000 62
14.176000 15.584000 57
15.744000 16.128000 62
16.224000 16.928000 62
17.216000 17.408000 59
17.408000 18.048000 59
18.048000 18.432000 58
18.432000 19.008000 64
19.136000 19.936000 64
20.096000 20.576000 64
20.576000 21.216000 66
21.344000 22.048000 66
22.176000 22.624000 66
22.976000 23.136000 66
23.296000 23.520000 64
23.808000 23.936000 67
24.128000 25.952000 66
27.200000 27.488000 52
27.712000 27.904000 54
28.160000 28.320000 55
28.608000 29.248000 55
29.664000 29.760000 54
30.336000 30.656000 55
30.848000 31.008000 56
31.008000 31.488000 55
31.712000 31.904000 55
31.968000 32.000000 56
32.032000 32.096000 56
32.288000 32.352000 58
33.216000 34.080000 59
34.272000 34.304000 55
34.400000 34.432000 55
34.464000 34.528000 55
34.784000 34.976000 54
35.104000 35.264000 55
35.296000 35.392000 55
36.096000 36.288000 55
36.928000 37.152000 55
37.632000 38.016000 57
38.560000 39.040000 62
39.328000 39.520000 61
40.192000 40.320000 59
40.544000 41.376000 59
41.472000 41.600000 59
41.792000 42.080000 55
42.208000 42.688000 52
43.072000 43.232000 56
43.232000 44.448000 60
44.896000 46.112000 56
46.624000 46.720000 55
46.848000 46.944000 55
47.040000 47.168000 57
47.296000 48.032000 59
48.032000 48.608000 57
48.608000 49.792000 55
50.784000 51.520000 52
51.872000 52.032000 52
52.128000 54.688000 54
55.904000 56.224000 54
56.352000 56.896000 52
57.184000 57.536000 57
57.632000 58.560000 59
59.104000 59.296000 55
59.424000 60.256000 56
60.736000 61.088000 55
61.248000 61.408000 56
61.408000 61.728000 59
61.824000 61.984000 59
62.496000 63.264000 55
63.392000 63.872000 52
64.928000 65.600000 52
65.920000 66.240000 52
66.400000 66.560000 52
66.720000 67.680000 54
67.968000 68.192000 55
68.192000 68.352000 58
68.448000 68.576000 57
68.736000 69.856000 55
69.856000 71.392000 59
71.488000 72.000000 59
72.000000 72.064000 60
72.064000 72.160000 61
72.160000 72.352000 62
72.352000 73.984000 63
73.984000 77.504000 66
78.304000 78.592000 55
78.816000 79.264000 57
79.296000 79.392000 59
79.424000 79.744000 59
80.224000 80.288000 59
80.320000 80.384000 60
80.416000 80.800000 64
81.696000 81.824000 62
81.952000 82.048000 62
82.592000 83.232000 57
83.424000 83.552000 55
83.936000 84.128000 62
84.512000 84.672000 75
84.704000 84.864000 74
84.960000 85.056000 75
85.248000 85.888000 73
86.272000 86.496000 62
86.496000 86.752000 64
86.784000 86.880000 64
87.008000 87.264000 62
87.360000 87.648000 64
87.840000 88.160000 64
88.224000 88.448000 66
88.704000 88.992000 64
88.992000 89.280000 66
89.472000 90.176000 66
90.432000 90.592000 66
90.624000 90.944000 66
91.456000 92.320000 66
92.512000 92.800000 64
92.896000 93.184000 66
93.408000 94.208000 67
94.464000 94.624000 67
94.912000 95.520000 67
95.808000 97.824000 69
98.016000 98.208000 67
98.208000 98.432000 66
98.432000 98.688000 65
98.688000 99.392000 62
99.392000 100.224000 59
100.480000 100.960000 52
101.152000 101.312000 54
101.312000 101.472000 55
101.472000 101.792000 59
101.792000 101.920000 60
102.016000 102.656000 59
103.136000 104.544000 56
104.832000 105.056000 55
105.056000 105.216000 55
105.216000 106.048000 59
106.208000 106.624000 57
106.752000 106.944000 56
107.136000 107.424000 54
107.520000 108.000000 52
109.056000 109.728000 52
110.368000 112.992000 54
113.408000 113.696000 60
113.696000 114.400000 67
114.656000 115.040000 64
115.200000 115.392000 59
115.392000 115.616000 66
115.616000 115.808000 69
116.096000 116.928000 71
117.184000 117.504000 67
117.632000 117.760000 69
117.920000 118.560000 66
118.752000 118.880000 59
118.880000 118.944000 62
118.944000 118.976000 63
118.976000 119.200000 67
119.200000 119.968000 71
120.288000 120.672000 69
120.672000 121.312000 67
121.312000 122.112000 66
122.496000 122.720000 59
122.720000 122.912000 60
122.912000 123.712000 64
124.224000 124.768000 64
124.960000 125.952000 66
126.560000 126.656000 58
127.008000 127.136000 54
127.200000 127.648000 54
127.968000 128.128000 54
128.384000 128.576000 57
128.672000 129.568000 59
129.696000 130.080000 63
130.176000 130.336000 61
130.432000 132.480000 66
132.576000 135.648000 66
136.544000 136.800000 55
137.088000 137.600000 58
137.664000 137.920000 59
138.112000 138.336000 57
138.336000 138.592000 60
138.592000 138.912000 64
139.200000 139.552000 65
139.904000 140.096000 62
140.256000 140.320000 62
140.384000 140.416000 62
140.768000 141.024000 56
141.152000 141.728000 57
141.920000 142.016000 57
142.112000 142.368000 62
142.560000 143.264000 75
143.296000 143.328000 74
143.488000 143.680000 73
143.744000 143.904000 74
144.000000 144.032000 71
144.320000 144.448000 66
144.544000 144.896000 64
145.248000 146.624000 66
146.688000 147.616000 66
147.712000 148.352000 66
148.672000 149.248000 66
149.408000 149.824000 67
149.920000 150.432000 66
151.456000 151.552000 57
151.712000 151.808000 59
152.288000 152.576000 58
152.704000 153.248000 64
153.376000 153.632000 64
153.760000 153.824000 65
154.016000 154.784000 62
155.008000 155.904000 57
156.096000 156.704000 62
157.152000 157.344000 62
157.792000 157.920000 59
158.080000 158.240000 59
158.432000 158.528000 55
158.688000 159.232000 64
159.488000 160.352000 65
160.448000 160.768000 66
160.992000 161.248000 66
161.344000 161.856000 66
161.984000 162.208000 65
162.208000 162.464000 66
162.816000 162.976000 66
163.104000 163.360000 64
163.520000 163.648000 67
163.808000 164.512000 66
164.896000 165.120000 67
165.344000 167.424000 66
170.240000 170.336000 63
171.264000 171.360000 62
172.960000 173.216000 62
190.464000 190.784000 55
191.936000 192.032000 54
192.320000 192.416000 54
193.632000 193.760000 54
194.912000 195.584000 54
198.240000 198.368000 53
198.432000 198.496000 55
198.816000 199.264000 57
199.328000 199.680000 59
199.904000 200.064000 58
200.192000 200.384000 61
200.384000 200.640000 64
200.672000 201.440000 66
201.728000 201.824000 62
201.920000 202.016000 62
202.176000 202.240000 61
202.624000 203.456000 57
203.904000 204.160000 62
204.288000 204.608000 62
204.640000 204.896000 62
205.216000 205.696000 59
205.792000 205.888000 58
206.336000 207.104000 64
207.232000 207.744000 64
207.872000 207.936000 63
207.936000 208.896000 66
208.992000 209.856000 66
209.920000 210.176000 66
210.432000 210.496000 65
210.496000 210.976000 66
211.232000 212.288000 67
212.960000 213.280000 57
213.408000 213.600000 59
213.664000 213.696000 59
214.464000 215.232000 64
215.424000 215.584000 66
215.840000 216.512000 62
216.896000 217.408000 58
217.440000 217.504000 57
218.144000 219.072000 62
219.392000 219.424000 57
219.488000 219.552000 58
219.584000 219.680000 59
219.712000 220.192000 59
220.192000 220.992000 64
221.088000 221.248000 62
221.280000 221.824000 64
221.984000 222.112000 64
222.208000 223.008000 66
223.104000 224.256000 66
224.576000 224.736000 66
224.864000 225.184000 65
225.280000 225.472000 67
225.568000 226.304000 66
226.432000 226.528000 59
226.656000 226.880000 67
227.104000 227.264000 66
227.456000 228.864000 65
228.992000 229.280000 64
229.632000 229.952000 67
231.136000 231.200000 67
231.744000 231.808000 67
231.840000 232.032000 69
232.544000 232.704000 75
232.832000 232.928000 73
232.960000 232.992000 72
233.056000 233.248000 71
233.504000 233.632000 71
234.240000 235.264000 60
235.552000 235.584000 56
235.648000 235.680000 56
235.968000 236.096000 54
236.320000 236.608000 55
237.024000 237.120000 54
237.248000 237.472000 55
237.920000 237.984000 54
238.048000 238.400000 55
239.168000 239.392000 67
239.424000 239.584000 66
239.776000 239.968000 67
240.224000 240.320000 71
240.512000 240.832000 72
241.216000 242.976000 72
243.232000 243.360000 66
243.456000 244.224000 64
244.224000 244.928000 60
244.992000 245.184000 59
246.368000 246.464000 58
247.840000 248.096000 55
248.736000 248.864000 55
249.568000 249.792000 55
250.112000 250.752000 55
250.816000 251.104000 55
251.296000 252.320000 55
254.944000 255.168000 55
255.744000 255.872000 55
255.936000 256.000000 55
257.504000 257.792000 55
258.208000 258.304000 54
258.464000 258.720000 55
259.072000 259.168000 54
259.264000 259.584000 55
259.744000 259.904000 55
265.600000 265.696000 73
266.912000 267.008000 75
268.032000 268.160000 75
268.544000 268.576000 75
268.608000 268.960000 75
268.992000 269.024000 75
