14.208000 14.752000 71
14.848000 15.040000 71
15.168000 15.392000 71
15.488000 15.648000 69
15.648000 16.000000 68
16.160000 16.640000 64
16.768000 16.992000 64
17.120000 17.632000 63
17.728000 17.952000 64
18.080000 18.688000 63
18.816000 19.072000 63
19.200000 19.392000 65
19.392000 19.840000 68
20.128000 20.416000 64
20.576000 22.080000 69
23.776000 23.904000 65
24.096000 24.320000 71
24.320000 24.576000 68
24.672000 24.992000 64
24.992000 25.184000 67
25.504000 25.600000 61
25.728000 25.920000 59
25.920000 26.144000 62
26.272000 26.464000 61
26.624000 26.720000 58
26.720000 26.784000 59
26.784000 27.616000 64
27.744000 28.000000 69
28.192000 28.288000 75
28.576000 28.736000 66
28.896000 29.120000 69
29.120000 29.216000 67
29.696000 30.304000 57
30.400000 30.528000 59
30.688000 30.784000 59
33.920000 33.984000 69
33.984000 34.272000 73
34.368000 34.528000 71
34.528000 34.752000 70
34.848000 35.072000 71
35.168000 35.296000 70
35.296000 35.488000 65
35.648000 35.872000 69
35.872000 36.096000 71
36.160000 36.224000 68
36.224000 36.448000 67
36.576000 36.768000 68
36.992000 37.216000 63
37.376000 37.536000 68
37.536000 37.952000 71
37.952000 38.176000 68
38.336000 38.656000 69
38.816000 39.040000 65
39.552000 39.904000 69
40.032000 40.608000 69
40.608000 41.024000 67
41.120000 41.248000 63
41.376000 41.600000 67
41.600000 42.048000 69
42.048000 43.616000 66
45.440000 45.504000 62
45.504000 45.728000 65
45.824000 45.952000 67
45.952000 46.048000 64
46.240000 46.560000 65
46.656000 46.976000 64
47.232000 47.296000 63
47.296000 47.520000 65
47.744000 47.936000 58
48.032000 48.320000 57
48.416000 48.576000 59
48.864000 49.248000 59
49.440000 49.664000 58
49.760000 50.624000 59
51.200000 51.552000 59
52.000000 52.352000 59
52.480000 53.184000 60
53.536000 55.392000 58
56.832000 56.992000 63
57.088000 57.504000 66
57.632000 57.952000 62
58.144000 58.720000 64
58.848000 59.296000 66
59.328000 60.000000 64
60.608000 61.504000 66
61.632000 61.984000 68
62.080000 62.400000 63
62.528000 62.624000 70
62.816000 63.072000 69
63.072000 64.960000 68
66.368000 67.136000 66
67.232000 68.288000 64
68.416000 68.864000 67
68.992000 69.280000 63
69.408000 69.568000 64
69.568000 69.696000 63
70.240000 71.136000 66
71.232000 74.560000 71
74.688000 74.976000 67
75.136000 75.616000 71
75.744000 76.224000 71
76.352000 76.640000 71
76.736000 77.056000 74
77.056000 77.312000 73
77.312000 77.856000 71
77.952000 78.912000 71
78.912000 79.648000 66
79.904000 80.224000 64
80.320000 80.672000 63
80.896000 81.216000 62
81.216000 81.760000 64
81.856000 82.240000 63
82.432000 82.656000 62
82.656000 83.040000 65
83.040000 83.616000 70
83.616000 84.352000 67
84.672000 85.216000 66
86.272000 86.432000 59
86.432000 86.560000 62
86.560000 87.776000 67
87.776000 87.904000 67
87.904000 88.096000 63
88.096000 88.160000 65
88.160000 88.320000 70
88.672000 88.800000 66
88.928000 89.056000 63
89.344000 89.664000 62
89.664000 89.824000 65
89.984000 90.208000 65
90.304000 90.784000 66
90.944000 91.136000 62
91.136000 91.424000 66
91.552000 91.680000 72
91.904000 92.000000 63
92.128000 92.288000 61
92.704000 92.864000 61
92.864000 92.992000 59
93.312000 93.408000 58
93.920000 94.016000 59
96.224000 96.768000 73
96.864000 99.072000 71
99.168000 99.264000 69
99.520000 100.000000 74
100.096000 100.192000 71
100.192000 100.288000 70
100.288000 100.576000 69
100.576000 100.736000 68
100.736000 101.824000 66
101.824000 102.592000 70
102.592000 104.896000 66
105.728000 106.304000 63
106.400000 107.392000 64
107.520000 107.616000 67
107.616000 107.968000 65
107.968000 108.416000 69
108.544000 108.640000 65
108.736000 109.248000 65
109.376000 109.632000 70
109.856000 110.400000 65
110.528000 110.624000 72
110.624000 110.720000 69
110.720000 110.848000 67
110.944000 111.072000 65
111.072000 111.392000 69
111.392000 111.808000 66
111.936000 115.456000 74
117.568000 117.920000 68
139.936000 140.000000 64
140.000000 140.736000 71
141.152000 141.664000 70
141.664000 142.144000 68
142.336000 142.848000 64
142.976000 143.200000 62
143.584000 144.480000 63
144.864000 145.280000 63
145.376000 145.568000 63
145.728000 145.952000 67
145.952000 146.144000 69
146.432000 146.624000 64
146.752000 148.352000 69
150.016000 150.176000 64
150.272000 150.624000 71
150.624000 150.848000 68
151.168000 151.232000 72
151.552000 151.680000 69
151.840000 152.000000 61
152.544000 152.768000 58
153.056000 153.152000 58
153.792000 153.952000 59
154.176000 154.368000 63
154.752000 155.008000 63
155.136000 155.392000 69
155.936000 156.096000 67
156.096000 156.480000 69
156.864000 157.440000 57
157.568000 157.664000 59
157.760000 157.856000 59
158.176000 158.208000 59
159.200000 159.296000 58
159.392000 159.488000 59
160.832000 160.896000 69
160.896000 161.248000 72
161.344000 161.856000 72
162.496000 162.560000 67
162.560000 162.848000 70
162.976000 163.136000 69
163.328000 163.520000 65
164.288000 164.416000 70
164.608000 164.640000 72
164.960000 165.152000 66
165.152000 165.344000 69
166.592000 166.880000 69
166.880000 167.296000 68
167.392000 167.584000 64
167.584000 167.968000 68
168.032000 170.336000 69
171.232000 171.424000 63
171.424000 171.648000 65
171.776000 171.904000 68
171.904000 171.968000 67
171.968000 172.256000 63
172.384000 172.480000 65
172.864000 172.928000 62
172.928000 173.248000 66
173.408000 173.536000 69
173.536000 173.568000 66
173.568000 173.600000 64
173.600000 173.792000 62
174.464000 174.592000 62
174.592000 174.848000 66
174.976000 175.104000 69
175.104000 175.168000 68
175.168000 176.064000 65
176.608000 176.736000 60
177.184000 177.920000 60
178.048000 179.488000 60
179.616000 179.968000 58
180.064000 180.576000 57
181.664000 181.888000 63
181.984000 182.496000 65
182.624000 182.912000 62
182.944000 183.008000 62
183.008000 183.488000 65
183.488000 184.320000 67
184.416000 184.544000 64
184.544000 184.704000 63
185.152000 185.984000 65
185.984000 186.304000 69
186.400000 186.656000 63
186.816000 188.320000 69
188.416000 188.512000 65
190.304000 190.944000 66
190.944000 191.776000 64
191.872000 192.000000 67
192.000000 192.416000 66
192.416000 193.056000 65
193.504000 194.304000 65
194.400000 195.104000 71
195.232000 197.696000 71
197.984000 198.144000 66
198.144000 198.304000 69
198.400000 200.288000 74
200.416000 200.608000 73
200.608000 201.120000 71
201.632000 201.920000 71
202.016000 202.208000 69
202.208000 202.432000 66
202.656000 202.944000 63
203.264000 203.552000 63
203.840000 204.096000 63
204.448000 204.544000 62
204.864000 205.120000 64
205.216000 205.408000 62
205.472000 205.632000 62
205.792000 205.920000 62
206.016000 206.304000 63
206.400000 207.008000 70
207.008000 208.448000 67
209.664000 209.792000 59
209.792000 209.888000 62
209.888000 211.104000 66
211.104000 211.264000 68
211.264000 211.424000 63
211.424000 211.680000 70
211.840000 212.160000 66
212.288000 212.384000 63
212.672000 213.152000 62
213.344000 213.568000 63
213.568000 214.112000 66
214.272000 214.464000 62
214.464000 214.752000 66
214.880000 215.040000 72
215.040000 215.072000 68
215.488000 215.584000 62
216.032000 216.192000 61
216.192000 216.352000 59
216.672000 216.960000 59
217.056000 217.344000 59
217.472000 217.632000 58
219.584000 220.128000 74
220.224000 222.528000 71
222.624000 222.720000 69
222.880000 223.488000 76
223.488000 223.616000 70
223.616000 224.096000 68
224.096000 225.248000 66
225.248000 225.920000 70
225.920000 228.256000 66
228.992000 230.688000 64
230.848000 230.944000 58
231.040000 231.232000 63
231.232000 231.456000 67
231.456000 231.744000 69
231.904000 232.000000 65
232.128000 232.640000 65
232.736000 232.992000 58
233.344000 233.792000 66
233.888000 234.048000 70
234.048000 234.208000 68
234.304000 234.432000 66
234.432000 234.592000 69
234.592000 235.136000 68
235.264000 238.464000 74
238.976000 239.072000 72
239.072000 239.808000 71
239.904000 240.864000 71
240.864000 241.440000 74
241.440000 242.016000 72
242.112000 242.848000 71
242.848000 243.392000 69
243.488000 243.840000 63
244.096000 244.352000 63
244.480000 246.528000 63
246.688000 246.784000 62
246.880000 247.168000 64
247.264000 247.872000 70
247.872000 249.440000 67
250.624000 252.448000 67
252.448000 252.544000 70
252.800000 253.024000 66
253.120000 253.280000 63
253.504000 253.920000 62
254.144000 254.976000 66
255.104000 255.296000 62
255.296000 255.616000 66
255.712000 255.904000 73
256.320000 256.480000 61
256.864000 257.056000 62
257.056000 257.184000 59
257.472000 257.568000 58
257.728000 258.528000 58
260.448000 261.056000 74
261.056000 263.232000 71
263.712000 264.256000 75
264.288000 264.384000 71
264.384000 265.056000 70
265.056000 265.472000 63
265.472000 266.112000 67
266.112000 266.656000 70
266.656000 269.024000 68
269.728000 269.920000 59
269.920000 271.520000 64
271.712000 271.808000 68
271.808000 272.096000 64
272.096000 272.576000 69
272.704000 272.832000 66
272.928000 273.440000 65
273.536000 273.824000 59
274.080000 274.592000 65
274.720000 274.912000 69
274.912000 275.040000 67
275.136000 275.296000 66
275.296000 275.392000 69
275.392000 275.968000 68
276.096000 278.816000 74
