5.408000 5.600000 62
5.600000 5.760000 64
5.856000 6.048000 63
6.304000 6.432000 62
16.352000 16.800000 68
16.800000 16.928000 65
22.848000 22.912000 66
22.912000 23.520000 70
23.520000 23.776000 65
30.560000 30.720000 61
32.832000 33.056000 65
34.400000 34.592000 67
52.672000 53.440000 63
53.568000 54.144000 66
54.272000 54.528000 59
54.720000 55.776000 59
56.416000 56.960000 63
56.960000 57.728000 66
57.952000 59.104000 60
59.552000 61.056000 66
61.216000 61.472000 59
61.664000 62.592000 60
63.072000 63.136000 68
63.136000 63.456000 71
63.552000 64.064000 70
64.224000 64.448000 70
64.640000 64.832000 71
64.832000 65.088000 73
65.312000 66.208000 70
66.848000 67.168000 66
67.328000 67.680000 68
67.872000 68.032000 62
68.224000 68.416000 59
68.608000 69.344000 59
70.272000 70.624000 65
70.624000 71.136000 68
71.232000 72.992000 71
72.992000 73.440000 66
73.888000 75.104000 66
75.264000 76.000000 64
76.192000 76.896000 64
77.408000 77.568000 64
77.568000 78.976000 66
79.168000 79.776000 63
80.480000 81.280000 68
81.376000 81.984000 66
82.080000 82.368000 59
82.560000 83.520000 59
84.128000 84.768000 63
84.864000 85.280000 65
85.280000 85.568000 66
85.760000 85.856000 61
85.984000 86.304000 59
86.304000 87.008000 63
87.392000 87.488000 69
87.488000 88.896000 66
89.056000 89.312000 59
89.536000 90.400000 61
90.912000 91.904000 71
92.064000 92.288000 70
92.480000 92.992000 73
93.152000 94.144000 68
94.912000 95.584000 68
95.680000 95.904000 62
96.096000 96.352000 59
96.480000 96.992000 59
98.048000 98.208000 66
98.336000 98.400000 64
98.400000 98.912000 68
99.040000 99.136000 68
99.136000 100.128000 71
100.128000 101.056000 70
101.792000 102.272000 66
102.496000 104.736000 64
104.928000 105.216000 63
105.216000 105.952000 61
106.176000 106.496000 63
106.656000 107.520000 63
108.768000 110.176000 64
110.336000 110.912000 63
110.912000 111.840000 61
112.096000 112.256000 59
119.488000 119.584000 57
126.176000 126.720000 63
126.816000 127.392000 61
127.616000 128.512000 61
129.664000 130.112000 63
130.304000 130.816000 61
131.392000 131.936000 61
133.088000 133.408000 63
133.600000 134.304000 61
134.816000 135.040000 59
135.296000 135.616000 56
140.064000 141.312000 63
141.600000 141.728000 60
141.856000 142.464000 61
143.296000 143.552000 58
143.552000 144.480000 63
144.672000 144.928000 63
145.120000 145.600000 61
146.752000 147.680000 61
147.776000 147.840000 61
147.840000 147.904000 62
147.904000 149.024000 66
149.536000 149.760000 63
149.760000 150.048000 64
150.464000 150.528000 61
150.528000 150.880000 63
150.880000 151.200000 60
151.360000 151.616000 56
151.712000 153.056000 64
153.504000 156.352000 66
157.408000 157.760000 64
157.888000 158.048000 63
158.176000 159.040000 66
159.232000 159.520000 62
159.520000 160.064000 61
160.672000 160.832000 59
160.992000 161.440000 59
162.240000 162.528000 66
162.720000 163.328000 64
163.648000 163.840000 61
164.000000 165.216000 63
165.952000 166.176000 61
166.336000 166.976000 59
167.424000 167.808000 60
167.904000 168.768000 61
168.896000 169.728000 62
169.728000 170.368000 60
170.624000 170.848000 67
170.848000 172.320000 63
172.416000 173.952000 66
174.048000 174.240000 67
174.368000 175.136000 59
175.264000 175.840000 63
176.032000 176.256000 57
176.352000 176.480000 55
176.736000 177.248000 59
177.568000 177.728000 63
177.888000 177.984000 62
178.112000 180.384000 61
181.440000 182.208000 63
182.304000 183.072000 66
183.072000 184.448000 60
184.800000 185.888000 64
185.984000 186.176000 65
186.176000 186.368000 66
186.368000 186.528000 64
186.560000 187.680000 59
188.256000 188.320000 56
188.320000 189.952000 66
189.952000 190.144000 59
190.304000 191.328000 59
191.776000 192.768000 71
192.896000 193.184000 70
193.280000 193.856000 73
193.952000 195.168000 70
195.552000 196.096000 66
196.096000 196.416000 68
196.416000 196.672000 67
196.864000 197.056000 59
197.248000 198.144000 59
199.008000 199.136000 65
199.136000 199.328000 64
199.328000 199.648000 67
199.648000 200.000000 68
200.000000 201.088000 71
201.088000 202.144000 69
202.592000 203.680000 66
203.680000 203.776000 70
203.936000 205.600000 64
206.048000 206.240000 63
206.240000 206.400000 65
206.400000 206.528000 68
206.528000 207.744000 66
207.840000 208.864000 63
209.216000 209.952000 63
210.048000 210.688000 66
210.688000 211.040000 59
211.168000 212.160000 59
212.384000 212.480000 56
212.576000 212.704000 60
212.704000 212.800000 62
212.896000 213.696000 64
213.792000 213.920000 64
213.920000 214.176000 66
214.336000 214.464000 70
214.464000 214.624000 67
214.624000 215.040000 59
215.040000 215.744000 63
216.128000 217.152000 64
217.216000 217.664000 66
217.664000 217.984000 61
218.112000 219.168000 61
219.360000 219.456000 65
219.552000 220.576000 71
220.704000 220.960000 70
221.152000 221.696000 73
221.792000 222.400000 70
222.400000 223.072000 67
223.552000 223.904000 66
223.904000 224.224000 68
224.224000 224.384000 66
224.704000 226.560000 59
226.784000 227.392000 66
227.392000 227.808000 68
227.808000 229.056000 71
229.056000 229.984000 69
230.176000 230.304000 66
230.496000 230.976000 66
231.136000 231.968000 64
232.064000 233.376000 65
233.536000 233.792000 64
233.792000 234.592000 63
234.912000 235.136000 63
235.296000 236.480000 63
237.440000 237.984000 71
238.112000 244.256000 71
244.800000 246.848000 66
247.104000 247.328000 64
247.456000 247.712000 63
247.872000 248.192000 64
248.352000 248.608000 63
248.736000 249.504000 66
249.504000 250.464000 63
250.592000 250.720000 62
251.200000 251.552000 59
251.712000 251.968000 61
252.096000 252.736000 64
252.864000 253.888000 66
254.624000 255.360000 61
255.552000 255.616000 61
255.616000 256.448000 64
256.448000 257.600000 66
258.048000 258.144000 59
258.304000 258.464000 59
258.624000 258.880000 61
258.976000 259.712000 64
259.840000 260.192000 66
260.192000 260.768000 61
260.896000 262.496000 61
262.720000 262.976000 63
263.104000 268.320000 64
268.448000 269.184000 63
269.280000 269.856000 66
269.984000 270.240000 59
270.432000 270.784000 59
272.032000 272.992000 64
272.992000 273.376000 66
273.472000 274.528000 61
275.296000 276.704000 66
276.832000 277.088000 59
277.280000 277.888000 59
278.720000 279.072000 71
279.168000 279.712000 70
279.872000 280.256000 70
280.256000 281.120000 73
281.120000 281.952000 67
282.496000 283.072000 66
283.072000 283.552000 68
283.808000 284.000000 59
284.256000 285.120000 59
285.344000 285.568000 59
285.952000 286.336000 65
286.336000 286.720000 68
286.816000 288.960000 71
289.568000 289.984000 66
289.984000 290.752000 70
290.912000 292.672000 64
293.024000 293.088000 61
293.088000 294.720000 66
294.816000 295.968000 63
296.160000 296.224000 59
296.224000 297.408000 65
297.408000 297.600000 66
297.600000 297.984000 61
298.080000 299.104000 59
299.552000 301.120000 66
301.408000 301.504000 67
301.504000 301.600000 65
301.600000 302.304000 61
302.304000 302.720000 63
303.072000 304.096000 64
304.224000 304.672000 66
304.672000 304.896000 60
305.088000 306.208000 61
306.368000 307.552000 71
307.680000 307.968000 70
308.096000 308.256000 71
308.256000 308.704000 73
308.704000 309.376000 70
309.376000 310.016000 67
310.240000 310.368000 66
310.496000 310.880000 66
310.880000 311.232000 68
311.232000 311.360000 66
311.616000 313.216000 59
313.632000 313.856000 66
313.984000 314.112000 64
314.112000 314.432000 67
314.432000 314.784000 68
314.784000 316.320000 71
316.320000 317.056000 67
317.408000 317.952000 66
318.080000 318.912000 64
319.008000 320.320000 65
320.608000 320.768000 64
320.768000 321.568000 62
321.888000 322.080000 63
322.240000 323.264000 63
324.512000 325.760000 62
325.760000 325.920000 58
326.144000 328.032000 59
