1.760000 1.856000 60
1.856000 2.272000 58
2.336000 2.496000 53
4.032000 4.128000 56
4.256000 4.608000 54
26.752000 27.008000 67
27.136000 27.360000 65
27.360000 27.648000 61
27.648000 28.544000 67
28.736000 28.896000 60
29.088000 29.824000 67
32.032000 32.096000 62
32.096000 32.576000 65
32.736000 32.896000 58
33.056000 33.920000 65
34.400000 34.912000 65
35.072000 35.392000 67
37.344000 37.984000 67
37.984000 38.368000 61
38.368000 39.232000 67
39.392000 39.488000 69
39.680000 40.512000 67
42.752000 43.232000 65
43.392000 43.616000 65
43.712000 44.128000 63
44.128000 44.384000 65
44.384000 44.896000 70
45.216000 45.760000 67
48.064000 48.288000 67
48.416000 48.640000 65
48.640000 49.056000 62
49.056000 49.600000 67
49.696000 49.952000 65
50.048000 50.208000 60
50.400000 51.136000 67
53.376000 53.504000 64
53.504000 53.920000 65
54.080000 54.208000 58
54.368000 54.816000 65
55.040000 55.200000 63
55.200000 55.552000 62
55.712000 56.256000 65
56.416000 56.832000 67
58.688000 58.944000 67
59.072000 59.264000 65
59.456000 59.584000 60
59.744000 60.608000 67
60.704000 60.928000 70
60.928000 61.952000 67
64.032000 64.544000 65
64.736000 65.600000 65
65.728000 65.952000 67
66.048000 68.032000 70
68.128000 68.160000 67
68.416000 70.304000 67
70.432000 70.656000 60
71.040000 73.440000 70
73.728000 74.336000 65
74.432000 74.624000 63
74.720000 74.944000 61
75.072000 75.360000 58
75.360000 75.968000 57
76.416000 76.672000 65
76.768000 77.280000 65
77.344000 77.472000 64
77.472000 77.664000 65
77.664000 78.784000 70
79.072000 79.616000 67
79.712000 80.576000 68
80.704000 80.960000 65
81.056000 81.344000 60
81.696000 83.296000 67
83.392000 83.712000 67
83.712000 83.968000 70
84.352000 85.216000 65
85.376000 85.664000 62
85.760000 85.984000 58
86.080000 86.784000 67
87.040000 88.192000 65
88.192000 88.832000 67
89.056000 89.344000 70
89.344000 89.888000 67
90.048000 92.128000 64
93.440000 93.728000 65
93.952000 94.272000 67
94.368000 94.592000 69
94.720000 95.232000 67
95.424000 97.536000 62
111.968000 112.032000 63
112.032000 112.288000 67
112.416000 112.640000 65
113.056000 113.568000 67
113.696000 113.952000 65
114.080000 114.176000 60
114.400000 114.528000 66
114.528000 114.944000 67
114.944000 115.328000 65
117.344000 117.952000 65
117.952000 118.144000 58
118.368000 118.976000 65
119.072000 119.296000 63
119.424000 119.552000 60
119.712000 120.896000 67
122.688000 122.976000 67
123.072000 123.296000 65
123.392000 123.616000 60
123.712000 124.704000 67
124.704000 124.896000 70
125.088000 126.400000 67
128.032000 128.544000 65
128.704000 128.928000 65
128.928000 129.504000 64
129.504000 129.696000 65
129.696000 130.272000 70
130.432000 131.936000 67
132.416000 132.928000 67
133.088000 134.304000 67
134.400000 134.720000 60
135.040000 135.648000 67
135.744000 137.312000 70
137.728000 137.856000 64
137.856000 138.592000 65
138.720000 138.944000 62
139.072000 139.360000 58
139.360000 139.968000 57
140.384000 140.448000 62
140.448000 140.672000 65
140.768000 141.280000 65
141.376000 141.440000 63
141.440000 141.664000 66
141.664000 141.952000 67
142.048000 142.272000 70
142.368000 142.720000 67
143.072000 143.584000 67
143.744000 144.960000 67
145.088000 145.440000 61
145.696000 147.264000 67
147.360000 147.744000 67
147.744000 148.064000 70
148.384000 149.280000 65
149.280000 149.632000 62
149.696000 149.952000 58
151.072000 151.136000 62
151.136000 151.232000 65
151.232000 151.936000 65
152.032000 152.160000 64
152.160000 152.800000 67
153.024000 153.312000 70
153.312000 153.920000 67
154.080000 156.192000 62
157.376000 157.440000 63
157.440000 157.632000 65
157.856000 159.168000 70
159.424000 161.952000 62
164.384000 165.216000 67
165.312000 166.304000 67
166.432000 166.752000 60
167.072000 167.904000 67
168.064000 168.352000 67
168.352000 168.992000 65
169.120000 169.280000 58
169.696000 170.016000 58
170.080000 170.336000 58
170.336000 170.560000 57
170.752000 171.616000 58
171.712000 172.128000 65
172.352000 172.640000 65
172.736000 172.960000 65
173.088000 173.504000 63
173.504000 173.728000 65
173.728000 174.272000 70
174.400000 174.752000 67
175.072000 175.648000 67
175.744000 175.968000 67
175.968000 176.992000 67
176.992000 177.504000 62
177.856000 178.272000 67
178.400000 178.656000 67
178.656000 179.040000 67
179.040000 179.520000 65
179.744000 180.032000 58
180.384000 180.640000 58
180.736000 180.928000 58
181.120000 181.440000 56
181.440000 182.272000 60
182.368000 182.624000 65
182.720000 182.816000 62
182.944000 183.552000 63
184.032000 184.160000 64
184.160000 184.448000 65
184.448000 185.280000 70
185.536000 185.888000 67
186.048000 186.240000 65
186.240000 186.336000 64
186.400000 188.352000 60
189.440000 189.504000 64
189.504000 189.792000 65
189.792000 190.272000 67
190.400000 190.656000 70
190.656000 191.136000 67
191.328000 191.616000 65
191.744000 193.408000 58
194.016000 194.496000 65
194.496000 195.328000 63
199.360000 202.208000 67
202.528000 202.688000 64
202.688000 202.848000 58
203.264000 203.456000 62
204.032000 204.608000 54
205.664000 205.824000 53
