1.088000 1.184000 56
27.008000 27.392000 56
27.552000 27.776000 61
27.904000 28.544000 65
29.152000 30.080000 68
30.400000 30.720000 62
30.816000 31.136000 61
31.264000 32.480000 61
32.480000 33.312000 59
33.632000 34.048000 56
34.208000 34.432000 61
34.624000 35.328000 65
35.808000 35.936000 65
35.936000 36.160000 68
36.256000 36.928000 68
37.088000 37.408000 70
37.536000 38.272000 68
38.368000 38.656000 64
38.784000 40.032000 63
40.480000 40.640000 69
40.640000 40.832000 70
40.928000 41.216000 68
41.216000 42.016000 66
42.560000 43.296000 68
43.392000 44.096000 70
44.224000 44.576000 68
44.576000 44.928000 64
45.056000 45.728000 63
45.856000 46.240000 62
46.400000 46.688000 58
47.232000 47.584000 57
47.584000 48.000000 58
48.000000 48.672000 61
49.248000 50.336000 64
50.464000 52.384000 65
53.760000 54.016000 57
54.176000 54.368000 61
54.592000 55.456000 65
55.872000 55.968000 66
55.968000 56.640000 68
57.152000 58.656000 62
58.752000 59.104000 61
59.200000 59.968000 58
60.416000 60.736000 56
60.864000 61.216000 61
61.312000 62.016000 65
62.464000 62.560000 65
62.560000 62.816000 68
62.912000 63.584000 68
63.776000 64.928000 70
65.088000 66.592000 65
67.072000 67.200000 68
67.200000 67.456000 70
67.552000 67.808000 68
67.904000 68.704000 65
69.216000 69.952000 68
70.048000 70.752000 69
70.880000 71.168000 68
71.168000 71.584000 67
71.680000 72.416000 63
72.512000 72.896000 62
73.088000 73.344000 58
73.920000 74.528000 58
74.656000 75.264000 61
75.872000 76.896000 65
77.088000 79.040000 65
80.512000 80.896000 67
80.896000 81.216000 68
81.216000 83.392000 73
83.776000 84.896000 70
85.024000 85.120000 71
85.120000 85.376000 73
85.376000 85.792000 65
85.792000 86.656000 63
87.168000 87.456000 61
87.552000 88.224000 62
88.224000 88.352000 65
88.352000 89.120000 73
89.216000 89.888000 70
90.080000 90.912000 65
91.040000 92.128000 63
93.824000 94.080000 65
94.176000 94.528000 68
94.528000 95.168000 73
95.264000 96.128000 73
96.256000 96.736000 73
97.088000 97.408000 70
97.504000 97.888000 68
97.888000 98.688000 72
98.784000 99.104000 65
99.200000 99.904000 63
100.480000 101.184000 61
101.280000 101.600000 62
101.600000 101.664000 63
101.664000 101.728000 65
101.728000 101.760000 67
101.760000 101.824000 70
101.824000 102.560000 74
102.560000 103.232000 70
103.392000 103.936000 65
103.936000 105.440000 63
107.904000 109.504000 68
109.696000 109.920000 68
110.848000 111.008000 72
118.208000 118.336000 72
118.880000 119.104000 71
130.816000 131.008000 65
131.008000 131.968000 64
132.096000 132.512000 61
133.760000 134.016000 57
134.208000 134.400000 61
134.592000 135.392000 65
135.840000 136.640000 68
137.120000 138.656000 62
138.752000 139.104000 60
139.200000 139.968000 58
140.320000 140.672000 56
140.832000 141.280000 62
141.280000 141.920000 65
142.432000 142.592000 65
142.592000 142.816000 68
142.944000 143.584000 68
143.744000 144.896000 70
145.088000 146.688000 65
147.072000 147.808000 70
147.904000 148.672000 65
149.184000 149.920000 68
150.016000 150.752000 70
150.880000 151.104000 68
151.104000 151.552000 67
151.680000 152.320000 62
152.448000 152.864000 62
153.056000 153.312000 58
153.824000 154.496000 58
154.592000 154.816000 59
154.816000 155.360000 61
155.904000 156.960000 64
157.120000 158.976000 65
160.480000 160.736000 65
160.832000 161.216000 69
161.216000 163.392000 73
163.744000 164.896000 70
165.024000 165.376000 73
165.376000 165.760000 65
165.856000 166.656000 63
167.232000 167.456000 61
167.552000 168.224000 62
168.224000 168.384000 67
168.384000 169.152000 73
169.248000 169.920000 70
170.080000 172.256000 65
173.760000 174.048000 65
174.144000 174.560000 69
174.560000 176.128000 73
176.256000 176.768000 72
177.024000 177.440000 70
177.504000 177.888000 68
177.888000 178.688000 73
178.784000 179.520000 65
179.648000 179.936000 61
180.480000 181.600000 61
181.696000 181.760000 69
181.760000 182.368000 73
182.496000 183.264000 69
183.392000 183.840000 65
183.840000 185.440000 63
187.104000 187.392000 65
187.552000 187.872000 68
187.872000 189.056000 73
189.184000 190.080000 73
190.432000 191.200000 70
191.296000 191.840000 71
191.840000 192.064000 73
192.064000 192.864000 67
192.960000 193.504000 62
193.856000 194.560000 61
194.656000 195.008000 62
195.104000 195.168000 70
195.168000 196.288000 73
196.288000 197.024000 68
197.152000 197.568000 65
197.728000 198.464000 63
200.032000 200.288000 61
200.512000 201.824000 61
