39.904000 41.216000 55
41.216000 41.824000 58
41.920000 42.432000 58
42.432000 43.328000 57
43.584000 44.800000 63
45.440000 46.400000 67
46.400000 47.488000 63
48.736000 49.408000 58
51.136000 51.872000 57
51.872000 52.832000 58
53.056000 53.344000 55
53.696000 53.952000 62
53.952000 54.368000 63
55.904000 56.576000 67
56.704000 57.408000 63
57.504000 58.048000 63
58.176000 58.368000 65
58.560000 59.104000 65
59.200000 59.488000 63
60.544000 61.312000 59
61.312000 62.208000 60
62.400000 62.720000 63
63.072000 63.648000 65
63.744000 64.576000 60
64.768000 65.024000 55
65.024000 65.664000 58
66.304000 66.496000 58
66.656000 67.520000 60
67.616000 67.808000 58
67.936000 68.736000 60
68.736000 69.216000 57
69.376000 69.824000 55
69.920000 70.560000 58
71.008000 71.232000 57
71.232000 72.352000 60
72.544000 72.736000 63
72.864000 73.152000 63
73.504000 73.568000 59
73.568000 74.048000 65
74.176000 74.336000 66
74.336000 74.816000 68
74.816000 75.008000 70
75.200000 75.264000 67
75.264000 75.456000 67
75.456000 76.128000 71
76.128000 76.288000 67
76.736000 76.992000 58
77.088000 77.216000 66
77.216000 77.344000 67
77.344000 77.792000 66
77.792000 78.656000 63
78.656000 79.360000 61
79.552000 79.680000 67
79.680000 80.256000 66
80.256000 81.536000 65
81.536000 83.616000 67
87.616000 89.376000 67
89.504000 89.952000 67
90.112000 90.368000 65
90.464000 91.072000 67
91.072000 91.776000 60
92.736000 94.048000 63
94.048000 94.400000 64
94.400000 94.720000 66
94.720000 95.520000 67
95.520000 96.480000 65
97.984000 98.144000 66
98.144000 99.424000 68
99.424000 100.832000 72
100.832000 102.112000 67
102.208000 102.496000 63
102.880000 103.264000 62
103.264000 104.384000 63
104.384000 104.480000 59
104.608000 104.800000 63
104.800000 105.024000 65
105.120000 105.344000 67
105.472000 105.664000 64
105.664000 106.048000 65
106.048000 106.656000 64
106.656000 106.720000 62
106.720000 107.552000 63
107.552000 107.744000 63
108.288000 110.240000 71
110.368000 110.912000 67
111.008000 111.968000 67
111.968000 112.736000 60
113.600000 113.696000 60
113.696000 114.240000 63
114.240000 114.784000 60
114.912000 115.232000 63
115.232000 115.584000 65
115.584000 116.448000 67
116.448000 117.376000 66
118.944000 119.008000 66
119.008000 120.256000 67
120.256000 121.792000 72
121.792000 122.336000 67
122.432000 122.976000 65
123.104000 123.392000 63
123.712000 124.000000 60
124.096000 124.960000 63
125.056000 125.344000 60
125.408000 125.472000 62
125.472000 125.888000 65
126.016000 126.208000 67
126.368000 126.560000 65
126.560000 126.976000 66
126.976000 127.584000 63
127.584000 128.352000 63
128.352000 129.056000 63
140.224000 140.320000 62
149.504000 150.112000 55
150.240000 151.008000 57
151.008000 151.360000 58
151.456000 152.032000 58
152.128000 152.736000 55
152.736000 152.928000 60
153.120000 154.368000 63
155.040000 155.936000 67
155.936000 157.056000 63
157.440000 157.568000 57
157.856000 158.304000 56
158.304000 158.976000 58
160.672000 161.376000 56
161.376000 161.792000 58
161.888000 162.304000 58
162.528000 163.008000 55
163.264000 163.488000 61
163.488000 163.904000 63
164.160000 164.448000 67
165.440000 166.112000 67
166.272000 166.976000 63
167.104000 167.584000 63
167.712000 167.936000 65
168.128000 169.312000 65
170.208000 170.880000 58
170.880000 171.840000 63
172.000000 172.320000 63
172.608000 173.216000 65
173.312000 174.144000 60
174.336000 174.528000 56
174.624000 175.296000 58
175.840000 176.096000 58
176.224000 177.408000 60
177.504000 178.240000 60
178.240000 179.392000 56
179.488000 179.776000 58
179.776000 180.160000 55
180.480000 180.544000 53
180.544000 180.576000 56
180.576000 180.800000 57
180.800000 181.984000 60
182.112000 182.336000 63
182.400000 182.656000 63
183.104000 183.168000 62
183.168000 183.616000 65
183.744000 183.872000 65
183.872000 184.384000 68
184.384000 184.576000 70
184.800000 185.088000 68
185.088000 185.728000 70
186.304000 186.560000 57
186.656000 187.360000 67
187.360000 188.544000 63
188.640000 188.960000 60
189.120000 189.536000 67
189.632000 189.856000 65
189.952000 190.176000 63
190.272000 190.528000 59
190.624000 193.184000 67
194.560000 196.288000 67
196.416000 196.960000 67
197.088000 198.048000 67
198.048000 198.720000 60
199.712000 201.056000 63
201.056000 201.152000 63
201.152000 201.408000 65
201.408000 202.432000 67
202.432000 203.808000 66
204.896000 205.024000 65
205.024000 206.336000 68
206.336000 207.872000 72
207.872000 209.472000 67
209.792000 210.176000 60
210.176000 211.072000 63
211.072000 211.392000 60
211.488000 211.552000 62
211.552000 211.744000 63
211.744000 212.320000 67
212.480000 213.536000 65
213.728000 214.112000 60
214.144000 214.208000 58
214.208000 214.720000 63
215.392000 217.216000 67
217.312000 217.856000 67
217.984000 218.880000 67
218.880000 219.840000 61
220.576000 220.704000 62
220.704000 221.152000 63
221.152000 221.856000 61
221.856000 222.208000 64
222.208000 224.000000 67
224.000000 224.256000 63
225.760000 225.824000 65
225.824000 227.264000 69
227.264000 228.800000 72
228.800000 229.920000 67
230.048000 230.368000 63
230.688000 230.944000 60
231.040000 231.552000 63
231.680000 231.904000 63
232.000000 232.224000 60
232.352000 232.416000 62
232.416000 232.832000 65
232.960000 233.152000 67
233.312000 233.504000 64
233.504000 233.888000 65
233.888000 234.336000 63
234.336000 234.432000 62
234.432000 235.456000 63
235.456000 235.712000 63
236.288000 238.080000 67
238.208000 238.848000 67
239.232000 239.456000 65
239.552000 239.776000 67
239.872000 240.000000 60
241.504000 242.176000 63
242.176000 242.464000 60
242.752000 242.976000 63
243.104000 243.392000 65
243.392000 244.192000 67
244.192000 245.696000 65
246.688000 246.752000 65
246.752000 248.032000 67
248.032000 248.128000 68
248.128000 249.664000 72
249.664000 250.144000 67
250.240000 250.880000 67
250.880000 251.232000 63
251.552000 251.936000 61
251.936000 252.768000 63
252.768000 253.152000 61
253.184000 253.248000 61
253.248000 253.696000 65
253.824000 253.984000 67
254.176000 254.368000 64
254.368000 254.720000 65
254.720000 255.424000 64
255.424000 256.192000 63
256.192000 256.800000 63
269.504000 269.824000 61
269.824000 270.432000 63
270.432000 271.296000 72
271.520000 273.568000 70
274.720000 276.736000 70
276.928000 278.272000 67
278.464000 279.904000 55
