22.144000 22.496000 58
22.688000 23.008000 56
23.200000 23.456000 51
25.184000 25.856000 58
26.080000 26.400000 60
26.560000 26.752000 58
26.752000 27.392000 58
27.648000 27.968000 56
28.160000 28.544000 54
28.736000 29.152000 50
32.672000 32.800000 54
32.800000 33.728000 57
33.856000 34.272000 50
35.744000 35.936000 57
36.096000 36.960000 60
37.152000 37.984000 58
38.208000 38.560000 56
38.784000 39.200000 55
39.200000 39.712000 53
43.488000 44.224000 58
44.416000 44.864000 55
45.120000 46.432000 62
48.128000 48.576000 57
48.768000 49.248000 57
49.408000 50.080000 53
50.368000 51.712000 60
53.696000 54.848000 58
55.040000 55.552000 56
55.776000 57.120000 62
57.728000 57.888000 58
58.112000 58.304000 58
58.304000 58.848000 57
59.136000 61.856000 62
63.040000 63.296000 62
63.424000 64.224000 62
64.448000 65.696000 67
66.336000 66.848000 67
67.040000 67.552000 62
67.712000 68.000000 61
68.384000 68.576000 60
68.736000 69.504000 60
69.728000 70.656000 65
71.712000 73.376000 62
73.376000 73.920000 62
76.032000 76.096000 58
76.096000 76.288000 62
76.416000 76.672000 55
76.768000 77.120000 57
77.248000 77.600000 58
77.696000 78.080000 60
78.368000 78.592000 53
78.688000 79.328000 54
79.328000 79.808000 60
79.936000 80.352000 63
80.512000 82.592000 62
84.320000 84.608000 62
84.736000 85.536000 62
85.760000 87.264000 67
87.488000 88.224000 67
88.384000 89.344000 62
89.728000 90.464000 60
90.656000 91.040000 61
91.040000 92.128000 65
93.024000 93.248000 61
93.376000 93.600000 62
93.760000 93.984000 61
93.984000 94.272000 59
94.400000 95.232000 62
97.376000 97.632000 62
97.728000 98.016000 54
98.016000 98.784000 58
99.040000 99.392000 61
100.096000 100.288000 54
100.416000 100.608000 54
100.864000 101.344000 62
101.568000 103.136000 60
105.696000 106.816000 62
107.072000 108.320000 67
109.024000 109.504000 67
109.728000 110.688000 62
111.040000 111.200000 60
111.360000 112.128000 60
112.384000 113.312000 65
114.368000 114.976000 62
115.072000 116.416000 61
118.656000 118.912000 61
118.912000 119.232000 55
119.360000 119.712000 57
119.840000 120.192000 58
120.352000 120.800000 60
121.376000 121.536000 53
121.664000 121.824000 53
122.048000 122.464000 60
122.592000 122.880000 62
123.072000 126.432000 62
126.976000 127.264000 62
127.360000 128.160000 62
128.416000 129.888000 67
130.080000 130.464000 67
130.624000 130.848000 65
131.072000 132.000000 62
132.384000 133.120000 60
133.280000 133.632000 60
133.632000 134.848000 65
135.680000 135.904000 61
136.064000 136.256000 62
136.384000 136.480000 61
136.480000 136.928000 60
137.056000 137.888000 62
139.968000 140.224000 62
140.224000 141.440000 59
141.664000 141.984000 60
142.368000 142.496000 53
142.688000 143.360000 54
143.360000 144.000000 62
144.192000 144.384000 60
144.640000 146.752000 60
168.576000 168.640000 55
168.640000 169.536000 58
169.696000 170.208000 50
171.648000 171.712000 55
171.712000 171.840000 57
171.968000 172.384000 57
172.384000 172.864000 60
172.960000 173.120000 58
173.280000 173.792000 58
174.016000 174.400000 57
174.560000 174.880000 54
175.104000 175.584000 50
179.296000 179.648000 57
179.904000 180.256000 56
180.416000 180.864000 50
182.272000 182.848000 57
182.944000 183.072000 58
183.168000 183.328000 58
183.328000 183.488000 60
183.648000 184.128000 58
184.288000 184.448000 58
184.672000 185.024000 56
185.248000 185.696000 55
185.696000 186.272000 52
188.928000 189.056000 55
189.056000 189.440000 58
189.568000 190.784000 58
190.912000 191.392000 55
191.584000 192.160000 62
192.288000 193.184000 60
194.944000 195.104000 57
195.264000 195.712000 57
195.936000 196.640000 54
196.896000 198.496000 60
200.160000 200.480000 58
200.576000 201.408000 58
201.568000 202.048000 55
202.240000 203.680000 62
204.160000 204.448000 58
204.576000 204.896000 58
205.088000 205.504000 56
205.664000 205.952000 62
205.952000 206.208000 60
206.368000 208.800000 60
209.568000 209.824000 62
209.920000 210.752000 62
211.008000 212.512000 67
212.896000 213.376000 67
213.568000 213.856000 63
213.856000 214.144000 60
214.208000 214.624000 61
214.976000 215.104000 60
215.264000 216.064000 60
216.320000 217.088000 65
218.272000 219.232000 62
219.232000 219.520000 58
219.648000 220.512000 62
222.528000 222.592000 60
222.592000 222.784000 62
222.880000 223.360000 56
223.360000 224.096000 58
224.256000 224.672000 60
224.896000 225.120000 53
225.248000 225.888000 54
225.888000 226.272000 60
226.400000 226.816000 63
226.976000 229.664000 63
230.848000 230.912000 57
230.912000 231.136000 61
231.232000 232.064000 62
232.320000 233.792000 67
233.920000 234.752000 67
234.912000 235.904000 62
236.224000 237.024000 60
237.184000 237.536000 60
237.536000 238.784000 65
239.584000 240.480000 62
240.480000 240.800000 59
240.928000 241.824000 62
243.840000 244.096000 61
244.192000 244.512000 55
244.512000 245.280000 58
245.568000 246.048000 60
246.624000 246.784000 53
246.912000 247.040000 54
247.296000 247.744000 62
247.936000 248.160000 60
248.288000 250.752000 59
252.096000 252.160000 53
252.160000 252.192000 56
252.192000 252.416000 61
252.512000 253.344000 62
253.600000 255.008000 67
255.520000 256.000000 67
256.288000 257.248000 62
257.600000 257.728000 60
257.920000 258.688000 60
258.912000 260.032000 65
260.896000 261.504000 61
261.600000 263.360000 60
265.184000 265.472000 62
265.472000 266.208000 57
266.400000 266.720000 58
266.880000 267.552000 60
267.840000 268.064000 52
268.192000 268.384000 53
268.608000 268.768000 58
268.768000 269.344000 62
269.536000 273.152000 62
273.536000 273.792000 62
273.888000 274.656000 62
274.944000 277.024000 67
277.184000 277.408000 65
277.568000 278.528000 62
278.880000 279.616000 61
279.840000 280.192000 60
280.192000 281.504000 65
282.272000 282.464000 61
282.592000 282.784000 62
282.944000 283.136000 60
283.136000 283.360000 59
283.552000 284.480000 59
286.208000 286.688000 62
286.944000 287.328000 55
287.328000 288.000000 58
288.160000 288.800000 60
289.952000 290.528000 62
290.528000 290.912000 54
290.912000 292.928000 60
