2.112000 2.304000 66
3.360000 3.648000 67
4.096000 4.320000 67
4.608000 4.736000 66
6.336000 6.432000 66
8.096000 8.320000 66
9.952000 10.336000 65
10.528000 10.944000 65
13.920000 14.016000 65
15.680000 15.776000 62
16.064000 16.192000 62
18.752000 18.880000 63
30.208000 30.528000 64
30.624000 30.976000 63
31.072000 31.392000 64
31.520000 32.064000 64
32.192000 33.472000 66
35.552000 35.744000 63
35.904000 36.832000 63
37.312000 38.272000 64
38.496000 38.880000 59
40.064000 40.288000 58
40.480000 41.248000 61
41.376000 41.632000 59
41.888000 42.176000 56
44.256000 44.384000 59
44.384000 44.448000 60
44.448000 44.768000 64
44.928000 45.248000 63
45.344000 45.952000 64
46.112000 46.368000 64
46.528000 46.848000 65
46.976000 48.672000 67
49.888000 50.464000 69
50.592000 50.816000 68
50.816000 51.264000 67
51.616000 51.904000 68
52.032000 52.192000 69
52.352000 52.640000 67
52.800000 53.088000 63
53.888000 54.208000 64
54.432000 55.616000 64
58.816000 59.552000 64
59.712000 60.704000 64
60.800000 61.056000 66
61.280000 62.400000 63
64.192000 64.480000 63
64.608000 64.736000 63
64.928000 65.184000 60
65.344000 65.472000 61
65.984000 66.592000 64
66.688000 66.848000 63
66.848000 67.488000 62
68.416000 68.896000 59
69.056000 69.248000 59
69.376000 69.952000 61
70.048000 70.336000 59
72.928000 73.088000 60
73.184000 73.472000 64
73.632000 73.888000 63
74.016000 74.368000 64
74.464000 75.040000 64
75.168000 75.424000 66
75.616000 77.632000 68
78.560000 78.880000 68
78.976000 79.168000 69
79.264000 79.488000 68
79.488000 79.552000 67
79.552000 79.936000 64
80.320000 80.896000 69
81.088000 81.248000 68
81.248000 81.632000 67
82.528000 82.848000 64
83.040000 84.736000 64
85.664000 85.856000 67
85.952000 86.048000 66
86.144000 86.272000 64
86.368000 86.464000 66
86.592000 86.944000 68
87.040000 87.616000 71
87.808000 88.096000 68
88.224000 88.672000 66
89.248000 90.560000 68
90.560000 90.720000 71
90.720000 90.784000 71
90.880000 91.168000 71
91.296000 91.584000 66
91.744000 92.480000 68
93.120000 94.048000 69
94.240000 94.624000 62
95.104000 95.424000 69
95.552000 95.872000 68
96.000000 96.480000 66
96.992000 97.216000 64
97.344000 98.336000 66
98.432000 99.456000 71
99.936000 100.096000 68
100.096000 100.576000 67
100.672000 101.216000 68
101.344000 101.920000 71
102.080000 102.400000 68
102.496000 103.104000 66
103.616000 103.776000 67
103.776000 104.864000 66
104.960000 105.568000 75
105.696000 105.952000 66
106.144000 107.040000 68
107.648000 108.000000 69
108.096000 108.736000 71
108.864000 109.088000 62
109.632000 109.760000 62
109.856000 110.816000 69
111.552000 111.808000 64
112.032000 115.200000 64
116.928000 120.992000 67
126.848000 127.616000 64
127.776000 129.152000 66
129.376000 130.208000 63
132.256000 132.512000 63
132.704000 132.832000 63
133.120000 133.280000 60
133.408000 133.728000 61
134.016000 134.624000 64
134.752000 135.104000 62
135.104000 135.840000 60
136.448000 136.992000 59
137.152000 137.312000 59
137.472000 138.016000 61
138.112000 138.528000 59
138.816000 139.072000 56
140.992000 141.120000 59
141.248000 141.536000 63
141.664000 141.952000 63
142.112000 142.400000 64
142.592000 143.040000 64
143.200000 143.520000 68
143.648000 145.888000 68
146.560000 146.848000 68
147.008000 147.200000 69
147.296000 147.584000 68
147.584000 148.032000 66
148.352000 148.960000 69
149.152000 149.312000 68
149.312000 149.824000 67
150.464000 150.944000 66
151.104000 152.576000 64
153.728000 153.888000 68
153.888000 154.080000 67
154.176000 154.304000 64
154.400000 154.592000 67
154.592000 154.976000 68
154.976000 155.648000 71
155.776000 155.904000 68
155.904000 156.064000 67
156.224000 156.736000 66
157.504000 158.144000 65
158.240000 158.528000 67
158.528000 158.816000 71
158.944000 159.232000 71
159.360000 159.680000 66
159.840000 160.704000 68
161.216000 162.048000 69
162.272000 162.656000 61
162.944000 163.488000 69
163.584000 163.936000 68
164.064000 164.512000 67
165.120000 165.280000 64
165.408000 166.432000 66
166.528000 167.616000 71
168.000000 168.320000 67
168.320000 168.608000 66
168.736000 169.280000 68
169.376000 169.984000 71
170.144000 170.656000 68
170.784000 171.296000 66
171.680000 171.808000 66
171.808000 172.928000 67
173.024000 173.632000 75
173.760000 173.984000 67
174.208000 175.200000 68
175.712000 176.064000 69
176.160000 176.640000 71
176.640000 176.832000 69
176.928000 177.344000 61
177.664000 177.920000 62
177.920000 178.016000 67
178.016000 178.912000 69
179.072000 179.520000 64
179.712000 182.624000 65
183.744000 184.032000 62
184.192000 185.472000 66
185.568000 185.824000 61
185.824000 186.752000 68
187.392000 187.648000 63
187.808000 188.608000 65
188.608000 189.312000 68
189.408000 189.920000 59
190.368000 191.008000 64
191.776000 192.576000 69
192.704000 192.864000 68
192.864000 193.248000 67
193.408000 193.728000 67
193.856000 196.928000 66
198.464000 198.656000 68
198.752000 198.848000 66
198.976000 199.072000 65
199.200000 199.296000 66
199.424000 199.680000 68
199.840000 200.416000 71
200.608000 200.896000 68
201.120000 201.536000 66
202.208000 202.464000 65
202.560000 202.880000 64
203.040000 203.296000 67
203.296000 203.648000 71
203.808000 204.064000 71
204.256000 204.448000 67
204.672000 205.408000 68
205.984000 206.208000 68
206.336000 206.432000 69
206.592000 206.848000 68
207.040000 207.488000 62
207.904000 208.256000 69
208.416000 208.768000 67
208.896000 209.248000 66
209.728000 210.016000 64
210.176000 210.240000 64
210.240000 211.168000 66
211.328000 212.352000 73
212.800000 213.216000 68
213.312000 213.440000 64
213.536000 213.728000 67
213.728000 214.112000 69
214.112000 214.784000 71
214.880000 215.392000 73
215.520000 216.064000 68
216.448000 217.216000 66
217.312000 217.728000 67
217.728000 218.400000 75
218.496000 218.752000 66
218.976000 219.904000 68
220.448000 221.632000 71
221.728000 222.176000 61
222.400000 222.656000 62
222.656000 223.744000 69
224.064000 224.288000 66
224.480000 225.568000 66
225.568000 225.728000 66
225.728000 226.368000 71
226.368000 228.448000 74
229.472000 229.856000 69
229.984000 230.688000 71
231.680000 231.808000 67
231.808000 232.576000 69
232.576000 233.088000 66
234.592000 234.880000 64
235.200000 239.488000 66
