15.136000 15.264000 69
15.424000 15.584000 64
15.840000 16.000000 64
16.320000 16.416000 64
16.576000 16.928000 65
16.928000 16.992000 66
16.992000 17.536000 72
17.728000 18.304000 69
18.432000 18.752000 69
18.880000 19.424000 69
19.424000 19.648000 64
19.904000 20.096000 66
20.096000 20.352000 69
20.544000 20.928000 68
22.656000 22.752000 68
22.912000 23.072000 64
23.360000 23.744000 64
23.840000 23.936000 64
24.064000 24.352000 65
24.544000 24.768000 72
24.768000 24.864000 70
25.472000 25.568000 69
25.696000 25.856000 66
25.984000 26.816000 70
26.816000 27.424000 76
27.616000 27.776000 69
28.032000 28.608000 71
30.176000 30.592000 70
30.592000 31.008000 78
31.008000 31.424000 74
31.552000 31.712000 69
31.712000 32.384000 68
32.480000 32.672000 69
32.672000 32.992000 68
32.992000 33.344000 69
33.440000 33.760000 73
33.888000 34.304000 69
34.304000 34.368000 71
34.368000 34.880000 77
34.880000 35.136000 73
35.296000 35.488000 69
35.488000 35.776000 67
35.776000 36.320000 71
36.480000 36.640000 69
36.640000 37.056000 73
37.184000 37.504000 71
37.632000 38.112000 69
38.112000 38.496000 77
38.592000 38.848000 73
38.976000 39.168000 70
39.296000 39.872000 66
40.224000 40.352000 66
40.448000 40.928000 70
40.928000 41.216000 73
41.408000 41.792000 69
41.888000 42.368000 77
42.368000 42.656000 73
42.784000 42.976000 69
42.976000 43.168000 68
43.264000 44.128000 71
44.224000 44.448000 73
44.672000 45.088000 71
45.408000 45.632000 69
47.584000 47.680000 69
48.608000 48.704000 65
49.408000 50.016000 64
52.576000 52.832000 69
52.832000 54.688000 75
54.848000 55.392000 69
55.456000 55.872000 64
56.032000 56.128000 64
56.512000 58.176000 75
58.304000 59.584000 73
60.160000 60.800000 69
60.896000 61.248000 69
61.440000 62.016000 78
62.016000 62.272000 74
62.400000 63.328000 73
63.456000 63.808000 73
64.192000 65.088000 76
65.088000 66.208000 71
66.720000 67.136000 71
67.136000 67.552000 74
67.648000 69.440000 74
69.536000 69.824000 76
70.080000 70.496000 69
70.656000 71.136000 69
71.136000 71.488000 71
71.584000 72.640000 69
72.800000 73.024000 69
73.024000 73.312000 67
73.312000 73.760000 69
73.888000 74.464000 70
74.464000 74.752000 73
74.912000 75.200000 74
75.200000 76.096000 74
76.096000 77.088000 71
77.280000 78.912000 69
79.040000 79.488000 70
79.552000 80.032000 70
80.032000 80.800000 67
81.344000 81.984000 76
82.048000 82.080000 74
82.432000 82.976000 74
83.200000 83.360000 73
86.560000 87.360000 69
87.584000 88.320000 68
88.320000 88.928000 69
89.472000 89.696000 73
89.952000 91.616000 74
91.712000 91.808000 68
92.064000 92.320000 78
92.320000 92.608000 81
92.704000 93.440000 81
93.440000 93.664000 76
93.664000 94.048000 78
94.048000 95.072000 70
95.072000 96.064000 69
96.736000 96.928000 69
98.368000 98.912000 73
103.264000 103.424000 69
103.424000 103.712000 68
104.000000 104.992000 64
105.152000 105.408000 73
105.408000 105.600000 70
105.856000 105.984000 69
106.080000 106.240000 69
106.240000 106.624000 69
106.624000 106.816000 70
107.008000 107.584000 69
107.584000 108.096000 64
108.256000 109.568000 69
110.784000 110.880000 68
111.040000 111.232000 64
111.520000 111.616000 64
111.744000 112.448000 64
112.640000 112.896000 72
112.896000 113.120000 70
113.376000 115.008000 71
115.008000 115.840000 76
115.840000 117.280000 71
118.272000 118.368000 73
118.368000 118.784000 72
118.976000 119.360000 69
119.584000 119.808000 69
119.904000 120.032000 65
120.160000 120.320000 69
120.320000 120.864000 70
120.864000 121.472000 72
122.048000 122.240000 74
122.400000 122.560000 69
122.720000 122.880000 69
122.976000 123.104000 69
123.328000 123.488000 69
123.488000 123.872000 66
123.872000 124.160000 71
124.256000 124.768000 69
124.864000 125.056000 69
125.056000 125.312000 71
125.760000 126.080000 73
126.080000 126.816000 70
127.008000 127.168000 69
127.168000 127.552000 67
127.648000 128.352000 69
128.352000 128.992000 73
129.536000 129.728000 74
129.888000 130.080000 69
130.208000 130.720000 70
130.720000 131.072000 76
131.168000 131.360000 76
131.360000 131.968000 73
132.096000 132.768000 71
133.248000 133.664000 69
133.760000 134.016000 78
134.016000 134.080000 76
134.080000 134.624000 75
134.624000 135.072000 69
135.200000 135.616000 65
135.616000 136.448000 69
136.576000 137.056000 73
137.056000 137.472000 71
137.472000 137.984000 78
138.016000 138.336000 73
138.432000 138.624000 69
138.624000 138.816000 67
138.912000 139.488000 71
139.616000 139.840000 70
139.840000 140.192000 73
140.192000 141.152000 71
141.248000 141.472000 78
141.472000 141.664000 76
141.664000 142.304000 73
142.432000 143.008000 66
143.360000 143.584000 67
143.584000 144.032000 70
144.032000 144.896000 73
144.992000 145.248000 79
145.248000 145.408000 76
145.408000 145.824000 73
145.824000 146.272000 71
146.432000 146.528000 69
146.528000 147.040000 71
147.040000 147.328000 70
147.328000 147.744000 73
147.744000 149.152000 71
151.552000 152.000000 66
155.840000 157.440000 72
157.440000 157.696000 75
157.888000 158.400000 69
158.400000 158.944000 68
159.264000 159.360000 65
159.552000 161.280000 75
161.440000 162.784000 73
163.296000 164.384000 69
164.576000 165.152000 78
165.152000 166.432000 73
166.592000 167.328000 73
169.184000 169.696000 76
169.824000 170.048000 76
170.048000 171.200000 74
171.744000 173.472000 74
173.632000 174.016000 73
174.112000 174.368000 73
177.120000 177.248000 69
177.856000 178.240000 66
178.336000 178.720000 69
178.976000 179.296000 76
179.456000 180.448000 74
180.640000 181.024000 73
181.024000 181.536000 72
181.536000 182.048000 68
182.304000 183.488000 70
183.488000 184.064000 78
184.160000 184.320000 80
185.248000 185.376000 76
185.472000 185.504000 76
185.536000 185.600000 76
185.664000 185.824000 76
186.240000 186.752000 76
187.552000 187.904000 74
188.128000 188.832000 73
189.152000 189.312000 68
190.048000 190.496000 64
190.592000 191.456000 64
191.648000 191.808000 64
191.904000 192.096000 66
192.096000 192.352000 64
192.576000 192.832000 64
193.056000 193.248000 62
193.312000 194.752000 64
194.912000 195.904000 66
196.000000 197.056000 64
197.184000 197.248000 62
197.408000 197.504000 64
197.728000 198.464000 64
198.656000 199.968000 66
200.064000 200.448000 64
200.992000 201.216000 64
201.408000 201.760000 65
201.760000 201.984000 69
202.144000 202.912000 71
203.168000 203.520000 71
