11.296000 11.808000 69
27.168000 27.264000 50
27.264000 29.216000 56
29.728000 30.528000 64
30.752000 31.008000 62
31.008000 31.264000 61
31.264000 32.576000 57
33.312000 33.376000 54
33.376000 34.432000 60
34.432000 35.840000 61
36.128000 36.320000 55
36.320000 36.576000 57
36.896000 37.120000 55
37.248000 37.504000 51
37.632000 37.728000 50
37.824000 37.952000 50
38.048000 38.144000 51
38.240000 38.400000 51
38.496000 38.592000 50
38.688000 38.784000 50
39.712000 39.872000 58
39.968000 40.576000 50
40.672000 41.248000 53
41.408000 41.664000 54
41.760000 42.176000 52
42.720000 42.784000 49
42.784000 43.040000 50
43.040000 43.552000 53
43.552000 44.352000 55
44.512000 45.760000 57
46.432000 46.944000 57
46.944000 47.584000 60
47.712000 47.872000 57
47.968000 48.576000 55
48.736000 48.896000 51
48.896000 49.056000 52
49.248000 49.408000 50
49.856000 49.888000 58
49.952000 50.016000 59
50.048000 50.080000 59
50.176000 50.208000 59
50.240000 50.336000 59
50.368000 50.656000 61
50.688000 51.168000 60
51.744000 51.808000 53
51.808000 51.840000 54
51.840000 51.872000 56
51.872000 52.192000 60
52.192000 52.448000 62
52.544000 53.728000 64
53.824000 54.368000 60
54.368000 56.832000 67
56.832000 57.280000 61
57.408000 58.112000 57
58.656000 59.840000 60
59.968000 60.128000 62
60.128000 60.704000 60
60.704000 61.632000 60
61.792000 61.984000 58
61.984000 62.240000 56
62.368000 63.584000 56
64.224000 64.288000 58
64.288000 64.736000 62
64.896000 66.048000 65
66.176000 66.656000 60
66.656000 67.360000 65
67.648000 67.808000 67
67.968000 68.640000 65
68.736000 69.024000 64
69.024000 69.152000 63
69.152000 70.272000 61
70.560000 71.040000 62
71.040000 72.416000 60
72.576000 72.960000 55
73.344000 73.568000 51
73.568000 73.760000 52
73.760000 74.016000 50
74.112000 74.272000 50
74.368000 75.104000 60
75.264000 75.584000 59
75.744000 75.840000 59
75.872000 75.936000 58
75.968000 76.064000 58
76.064000 76.320000 50
76.416000 76.512000 48
76.608000 76.704000 49
77.440000 79.104000 55
79.200000 79.456000 52
79.456000 79.904000 55
79.904000 82.400000 60
82.880000 83.200000 64
83.360000 84.736000 62
84.864000 85.280000 62
85.376000 91.776000 64
91.904000 92.128000 60
104.352000 104.544000 60
104.704000 105.632000 63
105.792000 106.144000 62
106.464000 106.848000 71
106.848000 107.168000 68
110.400000 113.056000 61
113.376000 113.440000 51
113.440000 115.520000 56
115.872000 116.704000 64
116.928000 117.184000 62
117.184000 118.752000 61
119.488000 119.552000 56
119.552000 120.000000 60
120.000000 120.576000 58
120.576000 121.984000 61
122.304000 122.496000 56
122.496000 122.720000 57
123.072000 123.296000 55
123.392000 123.680000 51
123.776000 123.904000 50
124.000000 124.096000 50
124.192000 124.320000 50
124.416000 124.544000 50
124.640000 124.928000 50
125.824000 126.016000 59
126.112000 126.752000 50
126.816000 127.392000 53
127.584000 127.808000 54
127.904000 128.256000 52
128.288000 128.384000 52
128.704000 129.152000 50
129.152000 129.696000 52
129.696000 130.528000 55
130.656000 131.936000 57
132.608000 133.120000 58
133.120000 133.728000 60
133.856000 134.720000 57
134.912000 135.040000 50
135.040000 135.232000 52
135.392000 135.584000 50
135.808000 135.904000 54
135.904000 135.968000 56
136.000000 136.032000 57
136.096000 136.224000 59
136.416000 136.448000 58
136.544000 136.576000 59
136.608000 136.704000 60
136.736000 136.768000 58
136.832000 137.056000 59
137.088000 137.344000 60
137.952000 138.016000 55
138.016000 138.368000 59
138.368000 138.592000 62
138.688000 139.872000 64
140.000000 140.544000 61
140.544000 141.184000 64
141.376000 141.664000 67
141.792000 143.200000 64
143.200000 143.488000 58
143.648000 144.288000 57
144.800000 144.928000 54
144.928000 145.984000 60
146.144000 146.272000 62
146.272000 146.848000 60
146.848000 147.808000 60
147.968000 148.160000 57
148.160000 148.416000 55
148.544000 149.760000 56
149.760000 149.824000 52
150.336000 150.400000 56
150.400000 150.432000 57
150.432000 150.912000 62
151.040000 152.224000 64
152.320000 152.832000 61
152.832000 153.984000 67
154.112000 155.392000 64
155.392000 156.416000 60
156.704000 157.088000 62
157.184000 157.888000 60
157.888000 158.560000 60
158.720000 159.168000 56
159.488000 159.552000 50
159.552000 160.064000 52
160.064000 160.160000 50
160.256000 160.448000 51
160.544000 161.280000 59
161.376000 161.632000 59
161.664000 161.760000 58
161.792000 161.856000 58
161.920000 161.952000 58
162.304000 162.464000 48
162.592000 162.688000 48
163.392000 163.712000 51
163.712000 163.840000 52
163.840000 166.368000 57
166.368000 166.592000 60
166.592000 168.512000 60
169.024000 169.376000 65
169.504000 170.912000 63
171.008000 171.456000 62
171.552000 177.376000 64
178.080000 178.144000 57
178.144000 178.432000 60
178.432000 179.936000 65
180.032000 180.544000 60
180.544000 181.664000 67
181.760000 182.432000 64
182.528000 182.784000 64
182.784000 182.976000 63
182.976000 183.200000 62
183.200000 183.456000 58
183.552000 184.288000 57
184.800000 184.960000 54
184.960000 185.984000 60
186.144000 186.272000 62
186.272000 186.848000 61
186.848000 187.840000 60
188.000000 188.448000 56
188.512000 189.856000 56
190.336000 190.400000 56
190.400000 190.432000 57
190.432000 190.720000 60
190.720000 192.192000 64
192.320000 192.832000 61
192.832000 193.568000 65
193.792000 193.984000 67
194.112000 195.488000 65
195.488000 196.416000 58
196.640000 197.088000 62
197.184000 198.560000 60
198.720000 199.104000 56
199.488000 199.552000 50
199.552000 200.448000 53
200.544000 201.184000 60
201.376000 201.984000 60
202.144000 202.208000 58
202.240000 202.464000 49
203.584000 203.712000 51
203.712000 203.840000 52
203.840000 205.280000 55
205.280000 205.824000 55
205.824000 208.512000 60
209.024000 209.376000 65
209.504000 211.456000 63
211.552000 217.312000 64
217.696000 217.824000 60
222.816000 223.360000 67
223.584000 223.776000 59
224.352000 224.832000 60
225.888000 226.848000 60
