1.792000 1.952000 75
1.952000 2.272000 73
2.432000 2.592000 68
2.592000 2.848000 70
3.072000 3.648000 72
4.320000 4.896000 72
5.280000 5.440000 66
5.536000 5.696000 68
5.696000 5.856000 67
5.984000 6.208000 70
6.400000 6.752000 72
8.448000 8.640000 75
8.640000 8.768000 74
9.728000 10.112000 65
11.904000 12.096000 64
12.320000 12.480000 68
12.640000 13.152000 68
13.664000 13.792000 72
13.952000 14.240000 75
14.624000 14.720000 72
15.552000 15.776000 66
15.776000 15.936000 68
16.192000 16.512000 65
16.608000 16.704000 63
16.800000 16.896000 65
17.216000 17.472000 60
17.632000 17.696000 64
17.696000 18.400000 67
18.400000 18.656000 64
18.880000 19.104000 66
19.104000 19.424000 68
19.520000 19.840000 65
19.936000 20.032000 63
20.128000 20.256000 65
20.480000 20.864000 60
20.960000 21.120000 66
21.120000 21.216000 67
21.312000 21.472000 67
21.472000 21.760000 66
21.856000 22.048000 63
22.240000 22.304000 60
22.304000 22.560000 63
22.656000 23.328000 65
23.424000 24.032000 72
24.352000 24.640000 67
24.736000 25.056000 66
25.184000 25.600000 63
25.984000 26.112000 63
26.208000 27.296000 63
27.424000 27.552000 68
27.712000 28.448000 65
28.896000 29.088000 65
29.088000 29.280000 68
29.536000 29.856000 65
31.008000 31.776000 67
31.872000 32.000000 63
32.224000 32.384000 65
32.384000 32.576000 68
32.768000 33.600000 65
33.696000 33.792000 65
34.336000 35.072000 67
35.200000 35.360000 63
35.552000 35.904000 63
36.032000 36.704000 65
36.800000 37.472000 72
37.664000 38.336000 67
38.560000 38.816000 63
39.328000 40.672000 63
40.736000 41.216000 68
41.216000 41.824000 67
42.656000 43.008000 65
43.872000 44.288000 72
44.704000 44.928000 65
45.184000 45.536000 66
45.536000 45.856000 72
46.176000 46.720000 63
46.848000 46.976000 63
47.232000 47.392000 70
47.616000 48.384000 72
48.480000 48.672000 70
48.672000 49.120000 69
49.312000 49.792000 65
49.952000 50.272000 65
50.560000 50.880000 72
51.392000 51.680000 68
51.840000 51.936000 75
52.224000 52.544000 72
53.056000 53.824000 72
54.432000 54.624000 68
54.624000 55.136000 67
55.232000 55.584000 72
55.776000 55.968000 68
55.968000 56.192000 70
56.384000 56.672000 72
56.864000 57.376000 72
58.240000 58.624000 63
58.624000 58.880000 65
58.880000 59.168000 68
59.296000 59.584000 70
59.744000 60.000000 72
61.792000 61.952000 75
61.952000 61.984000 74
61.984000 62.528000 72
62.656000 62.816000 70
62.816000 63.008000 68
63.008000 63.808000 68
65.152000 65.472000 65
65.600000 66.304000 68
66.496000 66.720000 68
66.880000 67.040000 67
68.480000 68.640000 74
68.640000 68.864000 72
68.864000 69.216000 70
69.312000 69.504000 70
69.696000 70.016000 72
70.432000 70.560000 71
71.584000 71.648000 60
71.648000 71.840000 61
71.840000 72.288000 66
72.640000 73.408000 72
73.600000 74.624000 72
75.136000 75.296000 75
75.296000 75.520000 72
75.520000 75.840000 71
75.968000 76.128000 70
76.128000 76.352000 69
76.352000 76.864000 67
76.864000 77.184000 68
77.280000 77.984000 69
78.464000 78.656000 64
78.656000 79.232000 67
79.328000 79.648000 68
79.648000 80.352000 67
80.416000 80.480000 65
80.640000 81.152000 65
84.544000 84.672000 67
84.928000 85.120000 70
85.344000 85.952000 75
86.624000 86.784000 68
86.880000 87.168000 69
87.424000 88.064000 70
88.320000 88.480000 69
88.672000 89.216000 72
89.312000 89.920000 68
97.024000 97.216000 72
103.104000 103.840000 77
104.224000 104.288000 76
104.320000 104.704000 77
104.928000 105.024000 72
105.984000 106.720000 60
107.264000 107.552000 63
109.440000 109.600000 65
109.952000 110.048000 67
110.656000 110.976000 72
111.392000 111.616000 65
111.840000 112.192000 65
112.192000 112.512000 71
112.960000 113.376000 63
113.504000 113.600000 63
113.888000 114.080000 70
114.272000 114.400000 68
114.400000 115.392000 72
115.392000 115.808000 68
115.968000 116.480000 65
116.608000 116.960000 65
117.216000 117.568000 72
117.632000 117.760000 72
118.240000 118.336000 68
118.496000 118.624000 75
118.912000 119.232000 72
119.328000 119.424000 72
119.712000 119.872000 71
119.872000 120.480000 72
120.960000 121.280000 68
121.280000 121.728000 67
121.824000 121.952000 75
121.952000 122.240000 73
122.432000 122.624000 68
122.624000 122.848000 70
123.072000 123.328000 72
123.584000 123.744000 72
123.872000 124.000000 70
124.000000 124.160000 67
124.896000 124.992000 60
124.992000 125.184000 62
125.184000 125.344000 63
125.344000 125.824000 68
125.984000 126.240000 70
126.432000 126.688000 72
127.232000 127.520000 72
128.448000 128.640000 75
128.640000 128.832000 73
128.832000 129.216000 70
129.312000 129.664000 70
129.760000 130.144000 65
130.144000 130.400000 68
130.784000 130.880000 65
131.808000 132.160000 65
132.256000 132.992000 68
133.248000 133.344000 67
135.232000 135.328000 73
135.328000 135.488000 72
135.488000 135.872000 71
136.000000 136.672000 72
137.440000 137.984000 59
138.144000 138.368000 61
138.368000 138.624000 62
138.624000 138.944000 66
139.104000 139.200000 65
139.328000 140.096000 72
140.480000 140.672000 67
140.672000 141.568000 72
141.664000 141.792000 72
141.792000 141.952000 75
141.952000 142.368000 74
142.368000 142.496000 68
142.656000 142.816000 70
142.816000 144.928000 69
145.280000 145.664000 67
145.760000 145.888000 65
146.016000 146.304000 68
146.304000 147.136000 67
147.264000 147.712000 66
149.472000 149.888000 72
149.888000 150.432000 75
150.432000 152.832000 75
152.864000 152.960000 72
153.056000 153.120000 71
153.120000 153.248000 74
153.248000 153.696000 75
153.696000 154.080000 74
154.080000 158.240000 75
158.368000 159.680000 75
159.776000 160.800000 75
160.800000 163.296000 72
163.424000 163.648000 75
163.648000 163.712000 74
163.712000 166.336000 75
166.432000 167.488000 75
167.488000 169.568000 70
169.600000 169.632000 70
169.728000 169.792000 70
169.792000 169.824000 72
169.824000 170.368000 75
170.368000 173.216000 75
173.216000 177.536000 75
177.536000 177.600000 69
177.600000 177.728000 68
177.824000 179.232000 70
