26.368000 26.432000 56
26.432000 27.328000 59
27.328000 27.808000 56
27.968000 28.224000 55
28.416000 29.120000 55
30.016000 30.528000 59
30.880000 31.488000 57
31.680000 31.744000 56
31.744000 31.936000 59
32.320000 32.704000 57
33.280000 33.856000 58
33.856000 34.432000 56
34.432000 35.040000 54
35.264000 35.584000 55
39.296000 39.392000 57
39.392000 40.192000 59
40.288000 41.184000 55
41.376000 41.504000 55
41.504000 41.728000 53
41.728000 42.048000 55
42.944000 44.704000 58
44.832000 45.440000 57
46.176000 46.784000 59
46.784000 47.392000 56
47.392000 48.096000 53
48.224000 48.512000 55
52.192000 53.216000 58
53.216000 53.504000 55
65.984000 66.048000 53
66.048000 66.688000 59
66.752000 66.912000 59
67.040000 67.488000 57
67.584000 67.872000 55
68.416000 69.248000 59
69.344000 70.048000 57
70.144000 70.240000 55
70.368000 70.912000 55
71.552000 71.648000 58
71.776000 71.968000 57
72.128000 72.352000 55
72.704000 72.896000 53
73.088000 73.472000 59
73.664000 74.048000 57
74.304000 74.560000 52
78.624000 79.264000 59
79.392000 79.872000 59
80.000000 80.544000 56
80.896000 81.824000 60
81.920000 82.752000 58
82.976000 83.552000 55
84.128000 84.384000 58
84.512000 84.832000 59
84.928000 85.120000 59
85.504000 85.568000 51
85.568000 85.952000 55
86.048000 86.240000 57
86.240000 86.496000 55
90.240000 90.784000 59
90.784000 91.456000 58
91.552000 91.840000 55
92.032000 92.192000 55
92.192000 92.512000 54
92.512000 92.896000 55
93.568000 93.632000 55
93.632000 94.080000 58
94.464000 95.072000 57
95.264000 95.488000 59
95.904000 96.320000 57
96.832000 97.408000 59
97.408000 97.984000 56
97.984000 98.752000 52
98.880000 99.168000 55
102.848000 102.912000 56
102.912000 103.648000 59
103.648000 103.968000 57
104.064000 105.632000 55
106.432000 108.160000 59
108.288000 108.960000 57
109.600000 110.272000 59
110.272000 110.848000 56
110.848000 111.616000 53
111.712000 112.032000 55
116.896000 116.960000 55
116.960000 117.376000 59
117.728000 117.888000 59
117.888000 118.784000 58
119.296000 120.128000 60
120.288000 120.448000 57
120.672000 120.864000 58
120.864000 121.536000 57
121.632000 121.888000 55
122.656000 122.880000 57
123.040000 123.264000 55
123.648000 123.872000 53
124.032000 124.416000 59
124.608000 125.024000 57
125.216000 125.504000 52
129.184000 129.248000 59
129.248000 129.376000 62
129.568000 130.240000 62
130.400000 130.592000 62
130.592000 130.784000 61
130.976000 131.264000 60
131.712000 131.872000 53
131.968000 132.192000 63
132.544000 132.736000 62
132.960000 133.216000 57
133.472000 133.760000 57
134.112000 134.272000 59
134.464000 134.752000 59
134.880000 135.296000 59
135.520000 136.000000 59
136.288000 136.512000 52
136.640000 137.056000 59
137.280000 137.440000 57
137.440000 137.696000 56
137.856000 138.080000 53
141.024000 141.088000 56
141.088000 141.984000 59
141.984000 142.208000 56
142.368000 142.496000 55
142.624000 142.912000 55
143.040000 143.840000 55
144.672000 144.736000 55
144.736000 145.120000 59
145.472000 146.080000 57
146.304000 146.528000 59
146.912000 147.360000 57
147.840000 148.448000 59
148.448000 148.672000 55
148.736000 149.024000 55
149.024000 149.536000 53
149.632000 149.664000 50
149.888000 150.240000 55
153.888000 153.952000 58
153.952000 154.720000 62
154.720000 155.776000 60
155.872000 156.800000 62
157.472000 158.624000 62
158.688000 159.232000 57
159.360000 160.000000 60
160.704000 161.312000 59
161.312000 161.856000 56
161.856000 162.624000 55
162.752000 163.104000 58
163.104000 163.328000 56
166.720000 166.912000 54
166.912000 168.288000 59
168.416000 168.736000 59
168.928000 169.152000 58
169.152000 169.536000 60
169.536000 170.592000 61
170.592000 171.712000 59
173.120000 175.008000 59
175.328000 175.552000 57
175.552000 177.184000 60
177.184000 177.760000 56
177.760000 178.112000 50
178.496000 178.592000 54
179.392000 179.456000 61
179.456000 180.960000 64
180.960000 183.520000 60
183.744000 183.968000 60
187.168000 187.456000 58
188.544000 188.928000 59
190.112000 190.368000 60
190.368000 191.712000 69
192.608000 192.992000 62
193.088000 193.152000 62
193.152000 193.888000 62
194.016000 194.304000 61
194.464000 194.944000 61
194.944000 195.360000 62
195.456000 195.488000 59
195.520000 195.616000 59
196.032000 196.480000 62
196.864000 197.120000 62
197.120000 197.472000 61
197.664000 197.888000 59
198.272000 198.784000 60
199.168000 199.232000 58
199.232000 199.264000 59
199.264000 200.256000 62
200.256000 201.760000 62
202.112000 204.736000 69
204.736000 204.832000 66
205.248000 206.400000 62
206.496000 207.488000 64
207.488000 207.840000 56
207.840000 208.128000 59
208.384000 208.512000 56
208.832000 208.928000 59
208.928000 209.952000 62
209.952000 210.560000 60
210.688000 211.456000 60
212.128000 212.192000 61
212.192000 213.088000 62
213.088000 214.624000 62
214.752000 215.072000 69
215.200000 216.128000 69
216.224000 216.800000 57
216.864000 217.760000 56
218.336000 218.912000 59
218.912000 219.520000 58
219.712000 219.968000 55
220.160000 220.352000 55
220.352000 220.544000 53
220.544000 220.864000 55
221.824000 221.888000 55
221.888000 222.272000 59
222.688000 223.296000 57
223.488000 223.776000 59
224.160000 224.544000 57
225.184000 225.824000 59
225.824000 226.400000 56
226.400000 227.168000 54
227.264000 227.616000 55
231.904000 231.968000 56
231.968000 232.000000 57
232.000000 232.864000 59
232.992000 233.920000 55
234.112000 234.272000 55
234.272000 234.528000 54
234.528000 234.816000 55
236.000000 236.576000 59
236.576000 237.792000 57
237.952000 238.624000 57
239.744000 240.384000 59
240.384000 240.960000 56
240.960000 241.728000 54
241.888000 242.208000 55
246.784000 247.296000 52
247.296000 247.616000 57
247.712000 247.904000 57
247.904000 248.320000 56
