0.032000 0.064000 66
1.216000 1.248000 66
1.632000 1.760000 64
1.984000 2.112000 64
2.304000 2.464000 65
2.752000 2.848000 63
3.136000 3.232000 63
3.520000 3.616000 64
4.704000 4.864000 65
6.080000 6.304000 65
6.400000 6.496000 65
6.816000 6.912000 64
7.040000 7.200000 64
7.328000 7.744000 64
7.872000 8.352000 64
8.480000 8.608000 64
8.672000 8.832000 64
9.056000 9.184000 64
9.312000 9.472000 63
19.264000 20.768000 59
21.568000 21.824000 57
21.952000 23.168000 56
23.776000 24.384000 55
24.384000 25.184000 54
28.864000 29.568000 59
29.760000 30.400000 58
30.976000 31.808000 57
31.936000 32.448000 56
33.280000 34.048000 55
37.728000 38.240000 64
38.240000 39.072000 67
39.200000 39.680000 67
39.680000 40.224000 65
40.224000 41.248000 63
42.464000 42.944000 63
42.944000 43.264000 65
43.264000 44.448000 67
44.448000 45.088000 65
45.088000 46.112000 62
47.904000 48.288000 58
48.384000 48.768000 59
48.960000 49.856000 58
50.400000 50.496000 55
50.624000 51.584000 56
51.680000 51.808000 56
52.544000 53.696000 55
57.632000 58.848000 58
59.744000 60.576000 56
60.704000 61.536000 57
62.144000 62.560000 55
62.688000 62.976000 55
66.496000 66.944000 62
66.944000 67.840000 67
68.096000 68.416000 66
68.416000 69.152000 65
69.152000 70.208000 62
70.304000 70.464000 60
71.328000 71.744000 62
71.744000 71.968000 64
71.968000 73.920000 67
73.920000 74.688000 62
76.128000 76.544000 62
76.544000 76.864000 64
76.864000 78.656000 67
78.848000 78.880000 62
78.976000 79.008000 62
79.072000 79.104000 62
79.200000 79.424000 61
79.584000 79.776000 61
79.776000 80.128000 60
80.128000 81.920000 62
81.920000 82.944000 60
83.264000 83.936000 64
85.184000 85.696000 59
85.888000 86.080000 55
86.496000 87.072000 71
87.808000 87.936000 59
87.936000 88.416000 58
88.512000 88.864000 53
89.056000 90.464000 59
90.688000 90.912000 55
91.072000 91.392000 54
91.488000 91.712000 53
91.936000 92.192000 55
94.432000 94.720000 52
94.816000 95.264000 59
95.552000 95.712000 65
95.808000 95.968000 64
96.064000 96.672000 59
96.992000 97.152000 60
97.280000 97.472000 59
97.472000 97.696000 58
97.696000 97.984000 56
98.464000 99.360000 59
99.520000 99.712000 55
99.712000 100.384000 55
100.384000 100.896000 54
104.288000 104.352000 56
106.016000 107.296000 59
107.936000 108.992000 56
110.112000 110.848000 55
111.392000 111.584000 59
115.264000 115.744000 59
115.872000 115.968000 58
116.192000 116.736000 58
117.312000 117.408000 57
117.632000 118.720000 56
119.712000 120.256000 55
123.936000 124.224000 59
124.224000 124.384000 62
124.512000 125.056000 66
125.120000 125.504000 67
125.568000 125.600000 66
125.632000 125.696000 66
125.760000 126.080000 66
126.080000 126.720000 64
126.720000 127.712000 63
127.808000 128.416000 59
128.832000 129.056000 58
129.056000 129.184000 60
129.184000 129.344000 63
129.344000 130.080000 67
130.496000 130.848000 66
130.848000 131.488000 65
131.488000 132.416000 63
132.576000 133.024000 61
133.504000 133.600000 62
133.728000 134.144000 62
134.144000 134.304000 64
134.304000 134.496000 65
134.496000 135.616000 67
135.616000 136.352000 65
136.352000 140.640000 62
142.784000 143.296000 59
143.488000 143.872000 55
144.096000 144.640000 59
144.864000 145.216000 56
145.440000 145.536000 59
145.536000 145.984000 58
146.112000 146.464000 53
146.656000 148.096000 59
148.288000 148.512000 55
148.672000 148.928000 54
149.120000 149.344000 52
149.536000 149.760000 55
149.984000 150.208000 58
152.064000 152.352000 52
152.448000 152.864000 59
153.152000 153.312000 65
153.408000 153.568000 64
153.568000 154.304000 60
154.848000 155.008000 59
155.008000 155.136000 58
155.136000 155.456000 57
155.776000 155.904000 52
156.064000 156.256000 59
156.256000 157.056000 58
157.056000 158.496000 55
161.824000 162.016000 56
162.016000 162.496000 59
162.688000 162.944000 55
163.264000 163.968000 71
164.640000 164.704000 71
164.704000 165.056000 70
165.696000 165.792000 59
165.920000 166.688000 59
166.848000 167.264000 58
167.488000 167.712000 55
167.872000 168.896000 55
169.632000 169.984000 55
171.328000 171.552000 64
171.648000 172.032000 59
172.320000 172.832000 67
172.832000 173.472000 71
174.016000 174.400000 71
174.400000 174.528000 69
174.528000 174.784000 68
174.944000 175.040000 65
175.232000 175.808000 71
176.256000 176.320000 64
176.320000 177.632000 67
177.632000 177.824000 64
177.984000 178.176000 66
200.896000 201.440000 65
204.352000 204.928000 64
