9.984000 10.848000 61
11.520000 12.160000 61
23.904000 24.064000 60
24.160000 24.320000 60
27.680000 28.576000 51
28.768000 29.088000 48
29.088000 29.184000 50
29.184000 29.440000 51
29.440000 29.824000 55
29.824000 30.592000 57
30.592000 31.296000 60
31.296000 31.968000 57
32.128000 32.832000 51
33.728000 34.112000 61
34.112000 35.008000 63
35.616000 35.712000 60
35.872000 36.128000 59
36.544000 36.960000 56
37.056000 38.144000 59
38.304000 38.368000 58
38.720000 38.880000 57
39.424000 40.416000 61
40.544000 40.672000 58
40.672000 40.960000 61
40.960000 41.696000 63
41.696000 41.760000 62
41.760000 42.752000 60
42.976000 43.104000 59
43.104000 43.264000 58
43.264000 43.424000 57
43.424000 43.776000 54
44.192000 44.256000 49
44.320000 44.544000 49
46.016000 46.112000 62
46.400000 46.560000 63
46.560000 47.264000 62
47.360000 47.584000 63
47.584000 47.808000 61
47.872000 47.936000 61
47.936000 48.224000 59
48.288000 50.112000 59
50.272000 50.464000 56
51.456000 52.416000 58
52.512000 53.024000 60
53.120000 53.728000 58
54.400000 54.784000 51
54.912000 55.296000 51
55.520000 56.704000 65
57.312000 57.472000 58
57.472000 58.336000 63
58.336000 59.360000 65
59.648000 59.808000 63
59.808000 60.000000 62
60.096000 60.928000 60
60.928000 61.120000 56
61.344000 61.856000 56
62.016000 62.368000 58
62.976000 63.040000 63
63.072000 63.328000 63
63.328000 63.520000 62
63.520000 64.032000 65
64.128000 64.512000 61
64.512000 64.896000 63
65.344000 68.096000 60
68.192000 68.576000 59
68.576000 68.832000 60
68.928000 71.392000 66
71.936000 72.608000 66
72.736000 72.928000 63
73.472000 74.496000 64
74.592000 74.784000 66
74.784000 75.680000 62
75.776000 75.808000 55
75.840000 75.904000 54
75.904000 76.576000 54
77.408000 77.600000 49
77.728000 78.016000 54
78.112000 78.560000 52
78.816000 79.104000 61
79.200000 79.648000 59
79.744000 80.032000 64
80.032000 80.096000 62
80.096000 80.224000 61
80.224000 80.320000 60
80.320000 83.616000 59
83.712000 83.808000 56
95.392000 96.352000 51
96.512000 96.864000 48
96.864000 97.248000 52
97.248000 98.240000 56
98.336000 99.104000 61
99.104000 99.424000 57
99.424000 99.712000 54
99.840000 100.640000 51
101.472000 101.824000 61
101.824000 102.720000 63
103.072000 103.200000 64
103.360000 103.584000 60
103.616000 105.888000 59
106.496000 106.656000 57
107.168000 108.704000 61
108.704000 109.472000 63
109.472000 110.048000 60
110.144000 110.496000 56
110.720000 110.848000 59
110.848000 111.008000 58
111.008000 111.168000 57
111.168000 111.520000 55
111.616000 111.744000 48
111.936000 112.000000 49
112.064000 112.320000 48
112.768000 112.992000 49
113.152000 113.440000 51
113.536000 113.824000 51
114.112000 114.336000 63
114.336000 114.496000 61
114.496000 115.072000 59
115.072000 115.520000 63
115.648000 117.888000 59
118.112000 118.560000 56
118.656000 118.944000 57
119.200000 121.152000 60
121.312000 121.472000 58
122.112000 122.496000 51
122.688000 123.072000 51
123.264000 123.616000 63
123.648000 124.512000 65
124.896000 125.600000 60
125.600000 125.920000 61
125.920000 127.104000 65
127.392000 127.552000 63
127.552000 127.744000 62
127.840000 128.480000 60
128.576000 128.864000 57
129.056000 129.568000 56
129.664000 130.304000 54
130.848000 131.072000 63
131.072000 131.264000 62
131.264000 131.776000 65
131.872000 132.224000 61
132.224000 132.768000 65
133.088000 135.840000 60
135.936000 136.576000 60
136.672000 139.200000 66
139.680000 140.352000 66
140.416000 140.640000 63
141.024000 141.088000 67
141.152000 142.624000 67
142.624000 143.296000 60
143.392000 143.552000 56
143.552000 143.616000 55
143.616000 144.224000 54
144.384000 144.416000 49
144.480000 144.640000 49
145.152000 145.440000 49
145.440000 145.760000 54
145.856000 146.368000 52
146.560000 146.816000 61
146.944000 147.360000 59
147.456000 147.712000 64
147.712000 147.808000 63
147.808000 148.352000 62
148.480000 151.136000 56
151.232000 151.360000 56
151.456000 151.552000 56
175.136000 176.736000 60
176.960000 177.056000 56
177.216000 177.472000 58
178.080000 178.496000 51
178.592000 179.008000 51
179.200000 180.416000 65
180.896000 181.536000 60
181.536000 181.888000 62
181.888000 183.040000 65
183.328000 183.488000 63
183.488000 183.648000 61
183.776000 184.416000 60
184.544000 184.800000 56
185.024000 185.504000 56
185.600000 186.112000 54
186.624000 187.200000 63
187.200000 187.712000 66
187.808000 188.192000 62
188.192000 188.608000 64
189.024000 191.168000 60
191.328000 192.224000 58
192.224000 192.512000 60
192.608000 195.136000 66
195.648000 196.608000 66
197.120000 198.624000 67
198.624000 199.232000 60
199.424000 199.648000 55
199.648000 200.256000 53
200.320000 200.608000 49
201.088000 201.312000 49
201.408000 201.696000 54
201.792000 202.304000 52
202.496000 202.752000 61
202.880000 203.328000 59
203.424000 203.712000 64
203.712000 203.776000 62
203.776000 203.904000 61
203.904000 204.000000 60
204.000000 207.072000 59
207.168000 207.328000 56
