13.280000 13.568000 60
13.568000 14.240000 64
14.240000 15.904000 65
15.904000 16.960000 62
16.960000 18.016000 62
18.368000 18.496000 62
18.496000 19.744000 64
19.744000 20.832000 62
20.896000 21.056000 62
21.376000 21.632000 60
21.632000 22.336000 64
22.336000 24.160000 65
24.160000 25.088000 62
25.088000 26.176000 62
26.432000 26.560000 62
26.560000 27.808000 64
27.808000 28.928000 63
29.056000 29.184000 62
30.368000 31.616000 63
31.712000 32.416000 65
32.704000 33.408000 57
33.408000 34.368000 65
34.496000 35.456000 57
35.456000 36.416000 65
36.736000 37.216000 60
37.216000 37.760000 60
37.856000 38.432000 60
38.528000 39.552000 58
39.552000 40.480000 65
40.800000 41.472000 57
41.536000 41.600000 60
41.600000 42.432000 65
42.592000 43.008000 57
43.104000 43.488000 57
43.616000 44.480000 65
44.800000 45.280000 60
45.280000 45.952000 60
46.080000 46.560000 60
46.848000 47.520000 57
47.616000 48.064000 57
48.128000 49.216000 60
49.376000 50.464000 57
50.912000 51.552000 57
51.648000 52.000000 57
52.160000 52.352000 57
52.576000 52.704000 58
52.704000 53.056000 59
53.408000 53.728000 57
54.112000 54.304000 55
54.400000 55.872000 57
56.704000 57.024000 62
57.024000 57.952000 60
58.432000 58.848000 57
59.744000 59.968000 57
62.944000 63.488000 60
63.680000 64.480000 61
64.704000 64.928000 60
65.024000 65.184000 60
65.184000 65.376000 58
65.504000 65.792000 60
65.888000 66.208000 55
66.560000 66.656000 57
67.008000 67.392000 60
67.488000 67.712000 57
67.712000 68.000000 60
68.288000 68.544000 60
68.768000 68.928000 60
69.056000 69.312000 57
69.504000 69.760000 57
69.760000 70.656000 57
70.656000 71.360000 57
71.520000 71.648000 59
72.800000 73.216000 64
73.312000 73.760000 59
73.760000 74.048000 57
74.368000 74.464000 55
74.560000 75.264000 58
75.392000 75.712000 57
79.136000 79.328000 57
79.360000 79.872000 55
80.224000 80.352000 54
81.120000 81.216000 60
81.408000 81.504000 60
81.888000 82.144000 61
82.688000 82.976000 62
85.088000 85.248000 66
85.408000 85.504000 66
87.136000 87.200000 66
87.200000 87.296000 68
87.296000 88.448000 69
88.448000 89.568000 68
89.696000 90.880000 62
91.168000 91.872000 65
91.968000 92.512000 67
92.512000 92.640000 62
92.768000 92.928000 62
93.024000 93.440000 60
93.504000 93.728000 59
94.144000 94.240000 60
94.240000 94.720000 64
95.072000 95.232000 65
95.232000 95.648000 69
95.744000 96.608000 69
96.608000 97.696000 67
97.696000 98.944000 64
99.072000 100.000000 64
100.000000 100.544000 68
100.544000 101.664000 63
102.080000 102.304000 60
102.304000 102.880000 64
102.912000 103.072000 61
103.072000 103.136000 63
103.136000 104.672000 65
104.672000 105.696000 62
105.696000 106.592000 61
106.592000 109.632000 64
110.112000 110.368000 60
110.368000 111.232000 64
111.232000 112.768000 65
112.768000 115.040000 63
115.168000 115.296000 62
115.296000 116.544000 65
116.544000 117.632000 63
117.760000 117.856000 60
119.168000 120.352000 63
120.448000 121.152000 65
121.440000 122.208000 57
122.464000 123.136000 65
123.200000 123.648000 57
123.776000 124.192000 57
124.288000 125.152000 65
125.472000 127.232000 60
127.488000 127.904000 57
128.032000 128.160000 55
128.256000 128.768000 58
128.992000 129.248000 57
129.248000 129.696000 60
130.016000 130.272000 57
130.272000 130.656000 56
130.880000 131.008000 55
131.232000 131.360000 57
131.520000 131.680000 57
131.776000 132.128000 57
132.288000 132.544000 57
132.736000 133.408000 59
133.408000 133.728000 60
134.048000 134.272000 57
134.272000 134.464000 56
134.592000 134.784000 53
134.816000 136.160000 57
137.312000 137.696000 64
137.920000 138.240000 60
138.400000 138.528000 57
138.848000 138.976000 55
139.136000 139.200000 57
139.360000 139.520000 57
139.840000 140.704000 57
140.992000 141.088000 56
143.616000 144.064000 60
144.352000 144.544000 60
144.640000 145.152000 61
145.376000 145.760000 60
145.888000 145.984000 57
146.208000 146.400000 60
146.400000 146.688000 59
147.232000 147.328000 57
147.648000 148.192000 60
148.384000 148.640000 60
148.640000 149.312000 60
149.408000 149.664000 60
149.664000 149.984000 59
150.272000 150.464000 57
150.688000 150.880000 52
150.880000 152.480000 57
153.472000 153.888000 64
154.016000 154.432000 60
154.432000 154.752000 57
154.944000 155.104000 55
155.232000 155.488000 57
155.552000 155.584000 57
155.616000 155.968000 57
156.096000 156.736000 58
156.832000 157.248000 58
157.600000 157.728000 57
158.016000 158.304000 57
161.024000 161.120000 64
162.048000 162.272000 68
162.496000 162.720000 69
162.912000 163.072000 69
163.456000 163.648000 65
163.680000 163.712000 65
163.872000 163.968000 64
166.080000 166.176000 65
167.840000 167.904000 67
167.904000 169.280000 69
169.280000 170.240000 67
170.368000 170.560000 62
170.592000 171.584000 63
171.616000 171.648000 64
171.680000 171.776000 64
171.808000 172.640000 65
172.640000 173.184000 67
173.184000 174.432000 63
174.688000 174.848000 60
174.848000 175.424000 64
175.808000 175.872000 65
175.872000 178.368000 69
178.368000 179.584000 64
179.680000 179.712000 64
179.744000 180.672000 64
180.672000 181.184000 68
181.184000 182.400000 63
182.720000 182.976000 60
182.976000 183.648000 64
183.648000 185.600000 65
185.600000 186.432000 62
186.432000 187.328000 62
187.328000 187.904000 62
187.904000 189.440000 64
189.440000 190.272000 61
190.816000 191.040000 60
191.040000 191.360000 63
191.360000 191.520000 64
191.520000 191.840000 62
191.840000 193.344000 65
193.344000 195.680000 63
195.840000 195.968000 62
195.968000 197.216000 65
197.216000 197.728000 62
197.824000 198.336000 60
199.840000 200.896000 58
200.896000 201.824000 65
202.144000 202.848000 57
202.912000 203.776000 65
203.936000 204.768000 57
204.992000 205.824000 65
206.144000 206.592000 60
206.688000 206.976000 57
206.976000 207.840000 60
208.000000 208.288000 55
208.416000 208.768000 55
209.216000 210.080000 55
210.464000 210.592000 55
210.720000 210.816000 55
211.776000 211.872000 55
212.064000 212.224000 55
212.448000 212.800000 55
213.344000 213.440000 55
213.664000 213.728000 55
213.792000 213.856000 55
215.264000 215.392000 55
216.000000 216.384000 55
216.480000 216.832000 55
217.760000 217.888000 55
218.784000 218.880000 55
219.360000 219.520000 55
219.968000 220.416000 55
220.512000 220.896000 55
221.344000 221.568000 55
221.632000 221.696000 55
221.856000 221.952000 55
222.656000 222.784000 55
223.040000 223.200000 56
223.680000 223.840000 60
224.576000 225.280000 60
225.280000 225.888000 56
225.888000 226.592000 58
226.592000 227.552000 60
227.552000 228.352000 58
228.544000 228.608000 56
228.608000 228.704000 58
228.704000 229.024000 60
229.024000 229.216000 59
229.216000 230.112000 57
230.112000 230.656000 62
230.656000 231.776000 65
231.904000 232.320000 60
232.672000 233.056000 60
233.056000 233.312000 59
233.312000 234.816000 60
234.912000 235.296000 60
235.392000 235.648000 59
235.648000 235.840000 56
235.936000 236.384000 53
236.704000 237.312000 60
237.312000 238.400000 58
238.688000 239.840000 64
240.000000 240.576000 60
240.640000 241.856000 60
242.016000 242.048000 57
242.784000 243.520000 64
243.648000 243.712000 64
243.712000 243.872000 67
244.000000 244.288000 60
244.320000 244.352000 59
244.384000 244.640000 60
244.736000 245.248000 60
245.440000 245.920000 60
246.720000 247.200000 60
247.392000 247.520000 60
247.616000 247.744000 62
248.032000 248.384000 69
248.384000 248.576000 67
248.736000 250.240000 65
250.752000 250.976000 72
251.040000 251.296000 69
251.296000 251.552000 72
251.680000 252.320000 72
252.448000 252.640000 64
252.864000 253.184000 64
253.568000 254.016000 63
254.816000 254.944000 72
255.040000 255.328000 70
255.328000 256.256000 72
256.576000 256.640000 67
256.640000 257.920000 69
257.920000 258.944000 67
259.264000 259.328000 67
259.328000 259.744000 65
259.840000 260.128000 63
260.320000 260.352000 66
260.576000 260.928000 67
261.408000 262.368000 72
262.368000 262.944000 68
263.936000 264.032000 64
264.416000 264.640000 65
264.640000 264.736000 67
264.736000 266.016000 69
266.016000 267.296000 68
267.328000 268.256000 62
268.416000 269.408000 65
269.408000 269.824000 68
269.824000 270.816000 65
271.456000 271.712000 60
271.712000 272.320000 64
272.512000 274.016000 65
274.144000 274.624000 74
274.752000 275.104000 72
275.104000 275.520000 71
275.520000 276.576000 72
276.704000 277.888000 64
277.888000 278.688000 63
278.720000 278.784000 69
278.784000 279.168000 72
279.168000 279.776000 72
279.968000 280.064000 70
280.096000 280.128000 71
280.192000 280.512000 72
280.608000 282.048000 65
282.048000 282.688000 64
282.848000 283.200000 72
283.200000 283.552000 71
283.552000 284.640000 72
284.736000 285.952000 64
285.952000 287.040000 63
288.480000 289.600000 58
289.600000 289.760000 63
289.856000 290.560000 65
290.784000 291.648000 59
291.648000 292.512000 65
292.608000 293.632000 58
293.632000 294.560000 65
294.848000 295.392000 60
295.392000 295.712000 58
295.712000 296.544000 60
