18.464000 18.624000 75
18.912000 20.064000 76
20.160000 20.256000 76
20.832000 21.152000 76
22.080000 23.008000 76
23.232000 23.936000 75
24.992000 28.960000 76
31.840000 31.936000 56
32.064000 32.608000 58
32.800000 33.312000 56
34.304000 34.528000 56
34.560000 34.592000 56
34.656000 35.392000 56
39.232000 39.328000 56
39.456000 39.552000 56
39.712000 40.288000 58
40.384000 40.672000 56
46.624000 46.944000 56
47.104000 48.032000 58
48.512000 48.896000 56
48.896000 50.368000 60
51.680000 51.840000 58
51.840000 52.064000 60
52.192000 52.832000 63
53.152000 53.856000 58
53.984000 54.464000 56
55.808000 56.032000 56
56.256000 56.960000 59
57.216000 58.016000 62
58.176000 58.912000 63
60.000000 60.288000 63
60.512000 60.768000 61
60.928000 61.216000 60
61.312000 61.600000 62
61.600000 61.888000 63
62.080000 62.944000 68
63.584000 64.032000 63
64.128000 64.928000 61
65.056000 65.312000 61
65.312000 65.888000 68
66.176000 66.432000 70
66.816000 67.072000 68
67.072000 67.520000 71
67.520000 68.000000 72
68.000000 68.576000 68
68.800000 69.952000 68
70.592000 70.784000 68
71.040000 71.392000 71
71.520000 71.616000 70
71.776000 72.000000 68
72.224000 72.512000 70
72.672000 73.568000 70
74.656000 74.752000 60
74.752000 75.104000 63
75.264000 75.936000 61
76.128000 76.384000 61
76.384000 76.704000 63
76.832000 77.152000 68
77.248000 77.696000 68
78.464000 78.848000 63
78.944000 79.264000 61
79.360000 79.808000 60
79.808000 80.384000 63
80.544000 80.896000 70
80.992000 81.184000 70
81.664000 81.888000 69
81.888000 82.272000 70
82.272000 82.752000 72
82.752000 83.328000 66
83.552000 84.736000 68
85.280000 85.504000 68
85.632000 85.728000 70
85.856000 86.048000 70
86.048000 86.848000 71
86.848000 87.520000 73
87.520000 88.416000 71
89.120000 89.408000 68
89.568000 92.032000 68
96.256000 96.416000 68
96.416000 97.600000 72
97.600000 100.352000 72
100.448000 100.576000 68
105.696000 105.792000 56
105.888000 106.464000 58
106.624000 107.072000 56
108.224000 109.664000 56
113.056000 113.376000 56
113.536000 114.560000 58
117.216000 119.328000 58
120.416000 122.144000 58
122.272000 122.624000 56
122.752000 124.384000 60
125.472000 125.664000 58
125.664000 125.856000 60
126.048000 126.656000 63
126.656000 128.480000 61
129.664000 129.856000 56
130.080000 130.784000 59
131.040000 131.168000 59
131.168000 133.184000 63
133.792000 134.144000 63
134.336000 134.656000 61
134.752000 135.072000 60
135.168000 135.424000 61
135.424000 135.808000 63
135.936000 136.192000 68
136.384000 136.960000 68
137.376000 137.472000 59
137.472000 138.784000 63
138.880000 139.136000 61
139.136000 139.616000 64
139.616000 140.384000 70
140.672000 140.928000 68
140.928000 141.376000 71
141.376000 141.856000 72
141.856000 142.432000 65
142.592000 143.776000 68
144.384000 144.576000 68
144.672000 145.248000 71
145.344000 145.472000 70
145.600000 145.856000 68
146.048000 146.400000 70
146.496000 146.688000 68
146.688000 147.904000 72
148.576000 148.928000 63
149.088000 149.824000 61
149.952000 150.560000 63
150.656000 150.784000 66
150.784000 150.976000 68
151.136000 151.744000 68
152.288000 152.384000 61
152.384000 152.672000 63
152.672000 154.240000 63
154.400000 154.688000 70
154.784000 155.168000 70
155.488000 155.680000 68
155.680000 156.640000 72
156.640000 157.184000 65
157.376000 158.464000 68
159.136000 159.328000 68
159.424000 159.904000 71
159.904000 160.736000 72
160.736000 161.376000 73
161.376000 162.240000 71
162.880000 163.232000 68
163.360000 168.736000 68
171.232000 171.360000 63
171.360000 171.552000 65
171.648000 172.224000 65
172.224000 172.768000 67
172.992000 174.144000 68
174.880000 175.264000 64
175.360000 175.680000 64
175.840000 176.640000 67
176.736000 177.824000 70
178.144000 178.272000 69
178.272000 178.304000 65
178.400000 178.432000 62
178.464000 178.528000 62
178.528000 178.720000 68
178.720000 178.880000 63
179.072000 179.584000 70
179.680000 179.904000 72
180.000000 180.448000 68
180.928000 181.088000 68
181.248000 181.440000 70
181.568000 181.728000 72
181.824000 182.912000 72
182.912000 183.328000 67
183.488000 183.968000 68
184.320000 184.480000 63
184.576000 184.768000 68
184.896000 185.376000 72
185.504000 185.984000 72
186.336000 186.400000 64
186.400000 186.944000 73
187.296000 191.616000 75
192.896000 193.184000 63
193.408000 193.696000 61
193.856000 194.176000 60
194.304000 194.528000 61
194.528000 194.848000 63
195.040000 195.904000 68
196.544000 197.984000 63
197.984000 198.752000 67
198.752000 199.040000 70
199.136000 199.392000 70
199.808000 200.000000 68
200.000000 200.448000 70
200.448000 200.960000 72
200.960000 201.472000 67
201.696000 202.816000 68
203.488000 203.712000 68
204.000000 204.352000 71
204.448000 204.608000 70
204.704000 204.992000 68
205.152000 205.472000 70
205.600000 206.784000 72
207.616000 208.000000 63
208.192000 209.312000 62
209.312000 209.632000 63
209.760000 210.080000 68
210.176000 210.848000 68
211.360000 211.936000 63
211.936000 212.160000 60
212.256000 212.704000 60
212.704000 213.248000 63
213.440000 214.240000 70
214.560000 214.816000 68
214.816000 215.104000 70
215.104000 215.712000 72
215.712000 216.256000 65
216.416000 217.568000 70
218.208000 218.400000 68
218.496000 218.624000 70
218.752000 219.552000 71
219.648000 220.448000 73
220.448000 221.504000 68
221.920000 225.344000 73
225.984000 226.688000 71
226.688000 226.784000 64
226.784000 228.032000 70
228.032000 228.768000 65
228.768000 232.960000 70
233.216000 233.248000 68
233.312000 237.792000 75
