3.328000 4.224000 69
4.352000 4.480000 69
5.568000 6.048000 67
6.272000 7.328000 69
7.968000 8.096000 65
8.192000 8.480000 65
8.736000 8.832000 64
9.024000 9.216000 62
9.216000 9.536000 65
9.856000 9.952000 67
10.112000 11.232000 71
11.360000 11.680000 65
12.064000 12.512000 69
12.864000 13.152000 67
13.152000 13.856000 72
13.984000 14.112000 72
14.240000 14.656000 74
15.072000 15.200000 69
15.360000 15.520000 67
15.616000 16.160000 70
16.448000 16.544000 72
16.704000 16.832000 71
17.056000 17.472000 65
18.112000 18.432000 65
19.488000 20.160000 68
20.320000 21.216000 65
21.440000 22.208000 69
23.776000 23.936000 68
24.160000 25.024000 69
38.464000 38.816000 71
39.072000 39.392000 65
39.584000 39.936000 67
40.128000 40.544000 69
40.672000 41.472000 67
41.472000 41.632000 64
41.792000 42.240000 67
42.880000 43.200000 62
43.424000 43.520000 64
43.712000 43.808000 62
43.936000 44.064000 65
44.256000 44.864000 69
45.056000 45.536000 62
45.632000 46.080000 65
46.176000 46.592000 69
46.752000 46.944000 65
47.264000 47.712000 72
47.712000 48.256000 66
48.384000 48.832000 67
48.928000 49.376000 69
49.504000 50.048000 67
50.592000 51.040000 67
51.680000 52.000000 65
52.800000 53.024000 65
53.024000 53.248000 63
53.632000 53.824000 60
53.952000 54.080000 59
54.176000 54.368000 60
54.592000 54.912000 64
55.008000 55.968000 67
56.064000 56.384000 69
56.416000 56.448000 69
56.640000 57.376000 69
57.728000 58.048000 69
58.240000 58.304000 71
58.432000 58.656000 68
58.784000 58.944000 67
59.136000 59.456000 69
59.456000 59.808000 67
59.968000 60.224000 65
60.480000 60.928000 69
61.632000 61.984000 69
62.144000 62.240000 68
62.496000 62.688000 67
62.688000 63.264000 70
63.808000 65.184000 72
65.440000 65.824000 69
65.920000 66.112000 69
66.560000 67.200000 69
67.360000 67.648000 67
67.680000 68.416000 67
68.736000 69.216000 67
69.376000 69.472000 67
70.400000 70.656000 68
70.784000 70.880000 66
71.488000 71.808000 72
72.032000 72.160000 72
72.352000 72.608000 69
72.608000 72.992000 72
73.152000 73.312000 72
73.440000 73.568000 72
73.728000 74.048000 69
75.072000 75.744000 74
76.192000 76.448000 67
76.736000 76.800000 66
76.800000 77.312000 69
77.888000 78.336000 68
78.400000 78.784000 68
78.944000 79.200000 66
79.200000 79.392000 69
79.488000 79.648000 68
79.744000 79.840000 68
80.032000 80.320000 66
80.320000 80.832000 70
80.832000 81.376000 66
81.376000 82.208000 72
82.496000 83.136000 72
83.328000 83.520000 74
83.520000 84.352000 73
84.704000 85.120000 67
85.248000 85.440000 65
85.440000 85.632000 68
85.824000 86.240000 67
87.456000 87.584000 65
87.744000 87.840000 62
88.000000 88.384000 67
88.576000 88.928000 69
89.120000 89.216000 70
89.376000 89.472000 70
89.664000 89.760000 69
90.208000 90.528000 65
90.784000 90.944000 72
91.328000 91.712000 69
92.704000 93.440000 74
93.440000 93.952000 70
94.496000 94.976000 69
95.616000 96.160000 68
96.256000 96.352000 69
96.800000 96.928000 69
97.088000 97.248000 69
97.376000 97.600000 69
97.920000 98.528000 70
98.528000 98.912000 67
99.008000 99.456000 71
99.584000 99.840000 70
100.128000 100.256000 70
100.256000 100.608000 72
100.608000 102.080000 74
102.336000 102.784000 67
102.880000 102.976000 65
103.424000 103.904000 67
104.512000 105.088000 62
105.600000 106.048000 67
106.144000 106.816000 70
107.840000 108.288000 65
109.216000 109.344000 69
109.504000 109.728000 69
109.888000 110.016000 69
110.176000 110.688000 69
110.848000 110.976000 70
111.392000 111.584000 67
111.712000 111.904000 67
112.128000 112.224000 67
112.384000 112.544000 67
112.640000 112.960000 65
113.472000 113.568000 65
113.696000 113.952000 65
114.304000 114.432000 65
114.560000 114.944000 65
115.264000 115.360000 66
115.872000 115.968000 65
116.512000 116.640000 65
116.768000 117.344000 65
117.440000 117.888000 69
118.016000 118.592000 69
118.688000 118.816000 69
118.976000 119.488000 69
119.936000 120.064000 67
120.224000 120.384000 67
120.544000 120.704000 67
120.896000 120.992000 67
121.152000 121.440000 67
122.176000 122.432000 65
122.752000 122.912000 65
123.104000 123.200000 65
123.392000 123.744000 65
124.064000 124.288000 64
124.480000 124.576000 64
124.736000 124.864000 65
124.992000 125.088000 65
125.568000 125.888000 65
125.984000 126.080000 65
126.272000 126.688000 69
126.816000 127.776000 69
127.904000 128.288000 72
128.448000 128.672000 72
129.024000 130.240000 67
130.368000 131.232000 72
131.520000 131.744000 65
132.032000 132.512000 65
132.608000 133.184000 69
133.440000 133.888000 65
134.240000 134.592000 65
134.784000 136.672000 69
136.768000 136.928000 72
137.056000 137.280000 78
137.536000 138.656000 74
138.912000 139.040000 72
139.200000 139.776000 72
140.864000 141.120000 69
141.408000 141.696000 69
141.920000 142.240000 70
142.528000 142.784000 69
142.816000 142.912000 70
143.616000 144.672000 72
144.672000 145.024000 65
145.280000 145.632000 67
145.792000 146.240000 69
146.368000 146.816000 67
146.912000 147.328000 65
147.488000 147.936000 67
148.576000 148.896000 62
149.120000 149.216000 64
149.408000 149.568000 62
149.568000 149.760000 65
149.952000 150.560000 69
150.752000 151.232000 62
151.328000 151.776000 65
151.872000 152.256000 69
152.448000 152.640000 65
152.960000 153.376000 72
153.376000 153.952000 67
154.080000 154.528000 67
154.624000 155.040000 69
155.200000 155.712000 67
156.256000 156.672000 67
157.376000 157.696000 65
158.464000 158.688000 65
158.688000 158.976000 64
159.328000 159.552000 61
159.872000 160.000000 72
160.000000 160.096000 71
160.096000 160.544000 67
160.704000 161.376000 65
161.504000 162.400000 69
162.656000 162.912000 69
163.200000 163.872000 69
164.000000 164.992000 67
165.088000 165.504000 68
170.624000 170.816000 68
171.456000 171.584000 69
172.000000 172.608000 69
172.864000 173.728000 67
173.952000 174.208000 67
178.304000 178.688000 69
179.392000 179.776000 69
179.936000 180.672000 69
180.768000 180.864000 69
181.024000 181.472000 69
181.600000 181.952000 67
182.112000 182.880000 69
182.880000 183.136000 65
183.264000 183.520000 65
183.776000 184.192000 68
184.608000 184.896000 65
184.896000 185.248000 69
185.440000 185.536000 69
185.824000 185.984000 67
185.984000 186.464000 70
187.104000 187.808000 72
187.808000 188.416000 69
188.736000 189.440000 69
189.568000 189.664000 71
189.856000 190.464000 69
191.232000 191.712000 67
192.032000 192.352000 67
192.672000 192.992000 62
193.696000 193.920000 68
193.920000 194.208000 66
194.784000 195.104000 72
195.360000 195.456000 71
195.648000 195.904000 69
195.904000 196.288000 72
196.448000 196.640000 72
196.736000 196.864000 72
197.024000 197.184000 67
197.184000 197.408000 69
198.368000 199.136000 74
199.136000 199.296000 69
199.488000 199.744000 67
200.128000 200.416000 67
200.416000 200.640000 69
201.248000 201.408000 67
201.440000 201.632000 68
201.728000 202.080000 68
202.240000 202.496000 66
202.496000 202.976000 68
203.072000 203.168000 68
203.328000 203.616000 66
203.616000 204.096000 70
204.096000 204.736000 68
204.736000 205.472000 72
205.824000 206.432000 72
206.624000 206.816000 74
206.816000 207.744000 73
208.000000 208.448000 67
208.576000 208.736000 65
208.736000 208.928000 68
209.120000 209.536000 67
210.752000 210.912000 65
211.040000 211.168000 62
211.328000 211.712000 67
211.872000 212.256000 69
212.416000 212.576000 70
212.928000 213.088000 70
213.536000 213.824000 65
214.112000 214.240000 72
214.368000 214.496000 72
214.624000 215.040000 69
215.968000 216.576000 74
216.832000 217.056000 69
217.056000 217.216000 67
217.664000 218.368000 69
218.528000 219.488000 68
219.584000 219.680000 69
220.128000 220.224000 69
220.608000 220.768000 68
220.928000 221.216000 66
221.216000 221.760000 70
221.824000 222.272000 65
222.272000 222.304000 66
222.304000 222.336000 67
222.336000 225.312000 74
225.312000 225.440000 68
225.664000 226.496000 67
226.720000 227.200000 67
227.808000 228.256000 62
228.960000 229.376000 65
229.376000 230.016000 69
230.240000 230.304000 70
230.624000 231.008000 66
231.040000 231.616000 65
234.720000 235.264000 67
238.528000 238.784000 67
239.296000 239.680000 62
240.064000 240.192000 62
240.288000 240.416000 65
240.800000 240.896000 65
241.824000 241.984000 68
242.144000 242.304000 68
242.432000 242.816000 68
242.976000 243.072000 68
243.520000 243.744000 68
243.904000 245.376000 69
245.472000 245.952000 69
246.304000 246.400000 69
246.848000 247.008000 69
247.136000 247.488000 69
247.744000 248.192000 69
248.992000 249.216000 70
249.312000 249.440000 72
249.568000 251.104000 76
251.104000 252.224000 80
252.608000 252.928000 72
252.928000 254.464000 71
254.560000 255.360000 72
255.488000 256.064000 66
256.288000 256.576000 66
256.672000 257.024000 65
257.024000 257.184000 63
257.184000 257.664000 65
257.664000 258.912000 71
258.912000 259.808000 76
259.808000 260.864000 78
260.864000 261.888000 74
261.888000 262.560000 70
262.976000 263.232000 69
263.808000 264.288000 65
264.384000 264.928000 67
264.992000 265.312000 67
265.504000 266.944000 66
266.944000 268.032000 69
268.032000 269.376000 69
