1.248000 1.504000 61
1.728000 1.984000 63
2.176000 2.432000 65
2.656000 2.752000 61
2.976000 3.200000 63
3.424000 3.648000 65
3.904000 4.000000 61
4.128000 4.384000 63
4.576000 4.864000 65
5.056000 5.184000 73
5.568000 5.824000 75
6.048000 6.208000 65
6.464000 6.784000 74
6.784000 7.040000 75
7.232000 8.032000 68
8.128000 8.736000 70
8.864000 8.992000 65
9.152000 10.272000 65
10.272000 10.400000 61
10.528000 11.136000 63
11.232000 11.392000 63
11.520000 11.904000 68
12.192000 12.320000 63
12.480000 12.800000 61
12.800000 13.056000 60
13.152000 13.312000 61
13.408000 13.632000 59
13.632000 13.792000 61
13.952000 14.048000 66
14.048000 14.272000 68
14.368000 14.912000 65
16.256000 16.480000 69
16.480000 16.640000 70
16.928000 17.120000 70
17.216000 17.600000 70
17.888000 18.048000 65
18.144000 18.464000 68
18.624000 18.816000 65
18.816000 19.232000 70
19.328000 19.584000 70
19.808000 20.000000 61
20.096000 20.672000 63
20.800000 20.896000 63
21.088000 21.408000 63
21.536000 21.792000 68
22.048000 22.464000 61
23.648000 23.872000 58
23.968000 24.032000 58
24.032000 24.128000 62
24.128000 24.384000 65
24.864000 25.184000 57
25.312000 25.504000 56
25.536000 26.048000 61
26.048000 26.272000 63
27.232000 27.328000 56
27.424000 27.840000 58
27.936000 29.216000 61
29.376000 29.536000 63
29.728000 30.208000 56
31.072000 31.488000 58
31.584000 31.648000 58
31.648000 31.712000 61
31.712000 32.032000 65
32.448000 32.672000 67
32.672000 33.408000 68
33.408000 33.952000 65
34.368000 34.528000 65
34.816000 35.232000 65
35.232000 38.752000 63
39.168000 40.576000 61
40.736000 42.432000 65
42.656000 42.848000 60
42.976000 44.288000 61
44.416000 44.768000 58
44.864000 44.992000 55
45.088000 45.472000 56
46.720000 46.816000 59
46.976000 50.208000 65
50.336000 51.584000 61
52.192000 52.576000 65
52.672000 53.056000 63
53.408000 53.536000 66
54.080000 54.272000 70
54.784000 55.904000 65
56.032000 56.160000 61
56.256000 56.832000 63
56.992000 57.088000 63
57.440000 57.632000 68
58.176000 58.400000 61
58.400000 58.720000 60
59.104000 59.360000 58
59.360000 59.520000 61
59.680000 59.968000 68
60.064000 60.672000 65
60.864000 60.960000 67
61.952000 62.080000 68
62.176000 62.816000 70
62.912000 63.104000 67
63.104000 63.360000 70
63.584000 63.808000 65
63.808000 64.224000 68
64.320000 64.544000 66
64.544000 64.704000 68
64.832000 64.928000 70
65.024000 65.184000 70
65.536000 65.632000 61
65.760000 66.080000 63
66.080000 66.336000 61
66.464000 66.560000 63
66.688000 67.072000 63
67.168000 67.520000 68
67.616000 68.416000 63
69.088000 69.216000 68
69.312000 69.504000 70
69.824000 69.920000 64
70.016000 71.168000 65
71.296000 71.456000 61
71.456000 72.064000 63
72.512000 72.640000 71
72.640000 72.864000 68
73.152000 73.248000 62
73.472000 73.632000 61
73.632000 74.016000 60
74.112000 74.272000 61
74.368000 74.496000 58
74.592000 74.752000 61
74.880000 75.264000 68
75.328000 75.936000 65
77.184000 77.312000 68
77.440000 77.600000 70
77.696000 77.856000 69
77.856000 78.592000 70
78.816000 78.976000 65
79.072000 79.232000 68
79.552000 79.744000 65
79.744000 80.000000 68
80.032000 80.096000 70
80.224000 80.480000 70
80.736000 80.928000 62
81.024000 81.600000 62
81.696000 81.824000 63
82.016000 82.336000 63
82.432000 82.720000 68
82.912000 83.648000 61
83.936000 84.032000 61
85.056000 85.312000 73
85.536000 85.792000 75
85.984000 86.272000 65
86.464000 86.688000 73
86.784000 87.008000 75
87.232000 87.456000 65
87.712000 88.192000 75
88.384000 88.672000 65
88.864000 89.152000 73
89.344000 89.632000 75
89.856000 90.112000 65
90.304000 90.880000 75
91.040000 91.680000 68
92.032000 92.512000 58
92.672000 92.896000 65
93.568000 93.792000 65
93.920000 94.048000 56
94.048000 94.560000 59
94.560000 94.752000 63
95.456000 95.712000 63
95.712000 95.776000 57
95.968000 96.384000 58
96.480000 97.792000 61
97.920000 98.112000 63
98.208000 98.528000 56
98.816000 99.136000 67
99.776000 100.288000 62
100.288000 100.448000 65
100.608000 100.896000 66
101.024000 101.344000 65
101.440000 101.952000 69
101.952000 102.496000 66
102.720000 102.848000 61
103.040000 103.776000 65
103.872000 104.000000 63
104.000000 105.440000 62
105.440000 106.016000 63
106.016000 106.976000 62
107.712000 108.864000 61
108.992000 109.280000 62
109.280000 110.528000 65
110.560000 110.976000 63
111.200000 111.392000 60
111.552000 111.872000 62
111.872000 112.672000 61
112.672000 112.800000 61
112.992000 113.152000 56
113.152000 113.344000 59
113.664000 113.952000 56
114.304000 114.496000 61
115.296000 115.392000 61
115.520000 116.224000 61
116.608000 116.800000 61
116.864000 117.152000 65
117.152000 117.408000 61
117.472000 117.504000 62
117.568000 118.752000 63
118.912000 119.264000 60
119.264000 120.064000 61
120.064000 120.448000 66
120.736000 121.632000 70
122.208000 122.400000 69
122.656000 122.976000 70
123.232000 123.360000 68
123.360000 124.480000 65
124.608000 124.736000 61
124.832000 125.408000 63
125.536000 125.664000 63
125.792000 125.856000 68
125.856000 125.920000 68
126.016000 126.208000 68
126.464000 126.560000 63
126.752000 126.976000 61
126.976000 127.296000 60
127.456000 127.552000 61
127.680000 127.904000 58
127.904000 128.096000 61
128.256000 128.544000 68
128.640000 129.248000 65
129.472000 129.632000 67
129.664000 129.696000 67
130.048000 130.176000 65
130.176000 130.720000 68
130.720000 131.424000 70
131.616000 131.936000 70
132.160000 132.288000 65
132.384000 132.800000 68
132.896000 133.088000 65
133.088000 133.792000 72
134.048000 134.208000 61
134.336000 134.912000 63
135.008000 135.136000 63
135.264000 135.456000 62
135.456000 135.648000 63
135.744000 136.064000 68
136.192000 136.704000 63
136.800000 136.896000 62
136.896000 137.312000 60
137.696000 137.792000 67
137.888000 138.112000 70
138.592000 139.744000 65
139.776000 140.448000 63
140.544000 140.640000 61
141.216000 141.440000 68
141.728000 141.824000 62
142.016000 142.176000 61
142.208000 142.592000 60
142.688000 142.848000 61
142.944000 143.136000 58
143.136000 143.328000 61
143.456000 143.840000 68
143.904000 144.544000 65
144.672000 144.864000 67
145.280000 145.440000 65
145.472000 145.696000 67
146.016000 146.304000 70
146.368000 146.944000 70
146.944000 147.136000 70
147.392000 147.552000 65
147.680000 147.744000 68
147.904000 148.032000 67
148.128000 148.320000 66
148.320000 148.512000 68
148.672000 148.736000 70
148.736000 148.832000 73
148.832000 149.088000 71
149.312000 149.504000 62
149.600000 150.880000 63
151.008000 151.296000 68
151.488000 151.872000 61
151.904000 151.936000 60
152.000000 152.128000 61
153.152000 153.248000 60
153.600000 153.664000 60
153.728000 154.112000 62
154.112000 154.624000 62
154.624000 155.040000 68
155.296000 155.392000 60
155.488000 156.064000 62
156.064000 156.512000 62
156.512000 156.928000 69
157.376000 157.696000 59
157.856000 158.272000 59
158.496000 158.880000 59
159.104000 159.456000 64
161.376000 162.464000 64
162.912000 163.040000 59
163.040000 164.128000 62
164.128000 164.416000 65
164.992000 165.280000 71
165.312000 165.376000 69
165.504000 165.728000 71
166.048000 166.176000 71
166.400000 166.976000 69
168.384000 168.512000 70
168.640000 168.768000 68
169.088000 169.312000 63
169.376000 170.272000 65
170.272000 170.432000 61
170.656000 171.104000 63
171.712000 171.872000 68
172.032000 172.192000 60
172.192000 172.320000 63
172.480000 172.704000 61
172.704000 173.056000 60
173.152000 173.376000 61
173.376000 173.600000 58
173.600000 173.792000 61
173.920000 174.336000 68
174.336000 175.136000 65
175.200000 175.232000 62
175.264000 175.360000 67
175.936000 176.192000 67
176.192000 176.768000 70
176.960000 177.120000 70
177.120000 177.216000 66
177.216000 177.600000 70
177.856000 178.016000 65
178.144000 178.272000 68
178.368000 178.464000 67
178.592000 178.816000 66
178.816000 178.944000 67
179.040000 179.456000 72
179.808000 179.968000 62
180.064000 180.640000 63
180.736000 181.376000 63
181.472000 181.760000 68
181.984000 182.240000 61
182.496000 182.880000 67
183.392000 183.840000 67
183.840000 184.256000 70
184.416000 184.736000 70
184.832000 185.024000 69
185.024000 185.248000 70
185.472000 185.536000 64
185.536000 185.760000 67
185.760000 186.048000 68
186.240000 186.304000 65
186.432000 186.560000 69
186.560000 186.688000 72
186.944000 187.168000 70
187.168000 187.328000 64
187.328000 187.808000 63
188.096000 188.320000 61
188.384000 188.416000 60
188.672000 188.768000 61
188.992000 189.344000 68
189.664000 190.112000 61
190.272000 191.008000 58
191.296000 191.520000 61
191.584000 191.872000 63
192.000000 192.256000 65
192.416000 192.480000 71
192.480000 192.960000 75
193.120000 193.472000 65
193.856000 193.920000 63
194.528000 194.784000 58
194.912000 195.040000 58
195.328000 195.584000 61
195.776000 196.000000 69
196.000000 196.896000 73
