0.032000 0.640000 74
0.928000 1.088000 68
2.144000 2.656000 68
8.544000 8.960000 73
10.272000 10.400000 74
10.560000 10.656000 75
10.784000 10.912000 75
11.072000 11.200000 72
11.584000 11.712000 67
11.840000 11.936000 66
12.224000 12.480000 66
12.640000 12.768000 59
12.768000 13.248000 63
13.376000 14.048000 68
14.048000 14.144000 64
14.144000 14.432000 59
14.560000 14.880000 68
15.200000 15.328000 70
15.328000 15.392000 67
15.584000 15.712000 64
15.936000 16.096000 65
16.544000 17.088000 68
17.184000 17.664000 65
17.664000 17.984000 68
18.080000 18.752000 66
18.816000 18.976000 59
18.976000 19.520000 63
19.648000 20.224000 68
20.224000 20.448000 64
20.448000 20.640000 59
20.800000 21.120000 68
21.408000 21.600000 71
21.824000 21.952000 64
22.048000 22.208000 66
22.336000 22.560000 66
22.560000 22.688000 67
22.688000 22.784000 68
22.784000 23.104000 71
23.104000 24.672000 68
25.056000 25.248000 59
25.248000 25.696000 63
25.792000 26.528000 68
26.592000 26.944000 59
27.008000 27.264000 68
27.520000 27.808000 71
28.992000 29.120000 67
29.120000 29.632000 68
29.792000 30.080000 66
30.112000 30.272000 67
30.272000 30.528000 68
30.528000 30.880000 66
31.264000 31.456000 59
31.456000 32.000000 63
32.032000 32.096000 64
32.096000 32.800000 68
32.800000 33.088000 62
33.280000 34.112000 73
35.072000 35.296000 69
35.296000 35.424000 71
35.616000 36.352000 73
36.352000 36.704000 68
36.800000 37.280000 73
37.376000 38.368000 68
38.752000 38.880000 60
38.880000 39.424000 64
39.520000 39.680000 63
39.840000 40.192000 61
40.320000 40.480000 59
40.480000 40.704000 57
40.704000 41.472000 61
41.824000 42.784000 56
43.008000 43.744000 59
44.160000 44.416000 54
44.928000 45.056000 59
45.184000 45.472000 64
45.568000 46.656000 64
46.880000 47.360000 64
47.360000 47.584000 62
48.096000 48.640000 66
48.736000 48.864000 64
48.864000 50.272000 67
50.432000 50.688000 64
50.816000 51.680000 64
51.968000 52.032000 59
52.032000 52.224000 61
52.224000 53.472000 68
53.920000 54.048000 68
54.240000 54.304000 64
54.304000 54.464000 68
54.560000 54.720000 64
54.720000 54.848000 67
54.944000 56.000000 68
56.128000 56.384000 64
56.384000 56.576000 66
57.024000 57.184000 64
57.312000 57.440000 61
57.440000 57.600000 64
57.600000 57.984000 64
58.208000 58.752000 64
58.944000 59.392000 64
59.392000 59.776000 70
60.160000 60.320000 68
60.320000 60.544000 67
60.544000 60.704000 68
60.864000 62.048000 68
74.976000 75.104000 59
75.104000 75.648000 63
75.680000 76.416000 68
76.416000 76.768000 62
76.896000 77.216000 68
77.920000 78.048000 64
78.336000 78.432000 64
78.880000 79.424000 68
79.520000 79.872000 64
79.872000 80.320000 68
80.416000 80.832000 66
81.120000 81.312000 59
81.312000 81.856000 63
81.984000 82.592000 68
82.592000 82.720000 64
82.720000 82.976000 62
83.136000 83.488000 68
83.904000 84.160000 66
84.448000 84.544000 66
84.672000 84.768000 66
84.928000 85.120000 68
85.120000 85.408000 71
85.504000 86.176000 64
86.176000 86.976000 68
87.392000 87.584000 59
87.584000 88.032000 63
88.128000 88.864000 68
89.024000 89.280000 59
89.376000 89.664000 68
89.760000 90.144000 71
90.144000 90.272000 67
90.400000 90.496000 64
91.328000 91.456000 67
91.456000 91.968000 68
92.128000 92.288000 64
92.288000 93.216000 68
93.536000 93.664000 63
93.664000 93.824000 61
93.824000 94.336000 63
94.464000 95.072000 68
95.072000 95.168000 64
95.168000 95.424000 61
95.616000 96.640000 73
96.896000 97.408000 66
97.408000 97.760000 71
97.952000 98.752000 73
98.944000 99.008000 66
99.072000 99.136000 70
99.136000 99.648000 73
99.776000 101.568000 68
101.696000 103.360000 66
103.360000 103.392000 66
103.776000 104.608000 66
104.800000 106.432000 66
106.432000 107.008000 66
107.232000 107.552000 66
107.552000 107.808000 64
107.936000 109.472000 66
109.568000 109.920000 68
110.336000 110.432000 68
113.248000 113.344000 66
113.504000 113.760000 66
114.240000 114.400000 64
114.880000 114.976000 63
115.744000 116.160000 61
116.320000 116.416000 61
117.344000 117.664000 60
117.824000 118.464000 59
119.040000 120.032000 59
120.032000 120.288000 64
120.384000 121.600000 64
122.112000 122.208000 62
122.592000 122.688000 63
123.712000 123.808000 62
125.472000 125.728000 59
126.016000 126.304000 62
126.336000 126.880000 64
127.168000 127.488000 61
127.584000 127.840000 59
127.872000 127.936000 57
127.936000 128.672000 61
129.152000 130.144000 56
130.336000 130.528000 58
130.688000 131.136000 60
132.224000 132.288000 58
132.288000 132.384000 61
132.384000 134.432000 64
134.592000 134.912000 61
135.360000 137.120000 67
137.280000 137.600000 64
137.696000 137.952000 64
138.048000 138.656000 68
138.848000 139.168000 71
139.168000 139.424000 68
139.520000 139.616000 69
139.872000 140.256000 68
140.352000 141.056000 76
141.152000 141.824000 68
141.984000 142.720000 72
143.008000 143.424000 73
143.488000 144.096000 78
144.288000 144.960000 68
145.120000 145.440000 71
145.440000 145.728000 69
145.856000 146.176000 71
146.240000 146.816000 72
146.880000 147.296000 74
147.648000 147.712000 73
147.712000 148.128000 76
148.192000 148.640000 71
148.992000 149.760000 64
149.824000 149.888000 64
150.560000 151.104000 64
151.200000 151.360000 64
151.712000 151.776000 59
151.776000 151.968000 62
151.968000 153.184000 68
153.664000 153.792000 68
153.984000 154.048000 64
154.048000 154.208000 68
154.304000 154.464000 64
154.464000 154.560000 67
154.688000 155.712000 68
155.936000 156.352000 66
156.768000 156.896000 64
157.056000 157.184000 62
157.184000 157.344000 64
157.440000 157.536000 61
157.536000 157.728000 64
157.952000 158.144000 64
158.304000 158.496000 64
158.656000 159.136000 64
159.136000 159.488000 70
159.872000 160.064000 68
160.064000 160.288000 67
160.288000 160.448000 68
160.608000 161.792000 68
162.208000 162.368000 59
162.368000 162.880000 63
163.040000 163.616000 68
163.616000 163.680000 64
163.744000 164.032000 59
164.160000 164.416000 68
164.672000 164.992000 59
164.992000 165.312000 58
165.728000 165.984000 59
166.144000 166.624000 68
166.624000 167.456000 67
167.456000 167.584000 68
167.712000 168.032000 66
168.032000 168.928000 62
168.928000 169.088000 63
169.280000 169.824000 68
169.824000 170.048000 64
170.048000 170.240000 59
170.400000 170.752000 68
170.848000 170.944000 60
170.944000 171.808000 59
171.968000 172.256000 59
172.384000 172.512000 69
172.512000 172.704000 71
172.704000 173.376000 66
173.376000 174.272000 68
174.720000 174.848000 59
174.848000 175.296000 63
175.392000 176.192000 68
176.192000 176.640000 62
176.640000 176.928000 68
177.056000 177.664000 59
178.208000 178.400000 59
178.560000 178.624000 64
178.624000 179.200000 68
179.200000 179.264000 64
179.328000 179.584000 65
179.584000 179.872000 66
179.872000 180.096000 68
180.096000 180.512000 66
180.512000 181.600000 63
181.728000 182.368000 68
182.368000 182.464000 63
182.464000 182.688000 60
182.880000 183.904000 73
183.904000 184.000000 75
184.288000 184.672000 78
184.672000 184.704000 73
184.800000 184.896000 68
184.896000 185.024000 71
185.248000 185.952000 73
185.952000 186.368000 69
186.368000 186.976000 73
187.104000 187.328000 59
187.328000 187.552000 61
187.552000 187.840000 63
187.840000 188.640000 68
188.672000 188.960000 60
189.120000 189.376000 68
189.504000 189.632000 71
189.728000 189.856000 71
191.072000 191.552000 68
191.552000 191.648000 66
191.648000 192.512000 68
192.640000 192.992000 66
193.440000 193.568000 60
193.568000 194.048000 63
194.208000 194.464000 68
194.560000 194.752000 67
194.848000 194.944000 62
194.944000 195.200000 60
195.360000 195.680000 68
195.968000 196.064000 71
197.056000 197.088000 67
197.312000 197.600000 71
197.696000 198.400000 65
198.400000 199.008000 68
199.648000 200.000000 61
200.064000 200.192000 63
200.320000 200.672000 68
200.800000 200.960000 67
201.056000 201.152000 62
201.152000 201.440000 59
201.568000 201.952000 68
201.952000 202.336000 71
203.552000 203.648000 66
203.648000 203.872000 68
203.872000 204.256000 67
204.352000 204.480000 64
204.768000 204.992000 68
205.088000 205.376000 66
205.920000 205.984000 59
205.984000 206.304000 62
206.304000 206.496000 63
206.656000 207.200000 68
207.296000 207.392000 62
207.392000 207.616000 59
207.808000 207.936000 71
207.936000 208.608000 73
209.760000 209.824000 68
209.824000 210.016000 71
210.176000 210.880000 73
210.880000 211.232000 68
211.264000 211.328000 68
211.328000 211.840000 73
211.968000 212.064000 68
212.064000 212.832000 68
