14.176000 14.240000 59
14.240000 14.304000 62
14.304000 14.816000 65
15.872000 16.928000 63
17.184000 17.824000 60
17.984000 18.912000 58
20.032000 20.320000 62
20.448000 21.536000 65
22.528000 23.008000 62
23.360000 23.648000 63
23.648000 25.632000 62
26.272000 26.944000 62
27.520000 28.096000 65
28.416000 28.672000 55
29.152000 29.696000 65
30.048000 30.432000 67
30.432000 31.136000 61
31.264000 31.872000 58
31.872000 32.512000 62
33.408000 33.472000 60
33.472000 34.624000 65
35.008000 35.232000 62
35.424000 36.096000 65
36.096000 36.160000 62
36.256000 36.640000 62
36.640000 36.992000 67
37.088000 39.648000 67
42.688000 42.848000 61
44.096000 44.832000 65
44.928000 45.376000 65
45.504000 45.696000 65
45.856000 46.496000 67
46.912000 47.040000 65
47.040000 48.544000 65
48.672000 49.408000 62
49.792000 50.592000 60
50.688000 51.616000 60
51.904000 52.192000 58
52.288000 52.896000 65
52.992000 53.280000 63
53.280000 53.984000 62
53.984000 54.464000 67
54.464000 55.072000 60
55.616000 55.744000 65
55.840000 56.096000 65
56.352000 56.608000 65
56.704000 57.984000 67
58.336000 58.464000 65
58.464000 58.592000 64
58.720000 58.944000 65
58.944000 59.200000 64
59.200000 59.648000 65
59.776000 59.968000 65
60.128000 60.800000 62
61.248000 61.792000 60
62.112000 62.464000 60
62.624000 63.008000 60
63.328000 63.552000 58
63.680000 63.744000 68
63.744000 64.640000 72
64.768000 65.120000 71
65.120000 65.696000 74
65.824000 67.200000 72
67.648000 67.712000 68
67.712000 68.256000 70
68.256000 68.640000 67
68.640000 69.984000 70
70.432000 71.136000 70
71.136000 71.488000 66
71.584000 71.840000 71
71.936000 72.448000 70
72.576000 74.048000 71
74.048000 74.272000 77
74.432000 74.624000 70
74.752000 75.232000 69
75.392000 75.712000 69
75.840000 76.832000 70
76.832000 78.592000 68
79.072000 79.744000 70
79.744000 80.096000 66
80.096000 81.376000 70
81.920000 82.560000 70
82.560000 82.880000 65
82.976000 83.264000 71
83.392000 85.312000 70
85.440000 86.112000 77
86.112000 87.904000 74
88.320000 89.088000 74
89.088000 89.376000 70
89.696000 89.824000 63
89.824000 90.112000 66
90.112000 90.784000 70
91.104000 91.584000 66
91.584000 91.904000 69
92.544000 92.992000 67
92.992000 93.664000 70
93.952000 94.368000 66
94.368000 95.168000 72
95.392000 95.840000 67
95.840000 96.512000 70
96.864000 100.768000 72
101.152000 101.664000 67
101.696000 102.240000 70
102.624000 102.976000 65
102.976000 103.328000 69
103.968000 104.448000 65
104.672000 104.768000 69
104.864000 105.088000 70
105.376000 105.696000 65
105.824000 105.952000 70
106.240000 106.464000 70
106.848000 107.200000 65
107.360000 107.488000 69
107.840000 107.936000 70
108.352000 108.480000 70
108.576000 109.920000 72
110.016000 110.176000 69
110.560000 110.816000 69
111.040000 111.456000 69
112.288000 112.800000 65
113.440000 113.632000 55
113.632000 113.664000 56
113.664000 114.624000 63
114.816000 115.424000 60
115.424000 116.448000 59
117.376000 118.464000 65
119.392000 120.320000 63
120.512000 120.672000 62
120.672000 122.208000 62
122.624000 123.104000 62
123.104000 123.488000 60
123.712000 124.224000 65
125.120000 125.504000 64
125.824000 126.080000 67
126.240000 126.848000 61
126.944000 127.488000 58
127.488000 128.192000 62
128.736000 128.960000 62
129.056000 130.304000 65
130.496000 131.008000 65
131.200000 131.392000 62
131.520000 131.680000 66
131.680000 133.024000 68
133.024000 134.400000 67
135.456000 135.520000 62
135.520000 135.616000 64
135.616000 136.832000 65
136.960000 137.120000 65
137.248000 137.984000 67
138.304000 138.976000 65
139.072000 139.232000 64
139.232000 140.000000 65
140.096000 140.800000 62
141.280000 142.048000 60
142.144000 143.104000 61
143.264000 143.712000 59
143.712000 145.152000 65
145.216000 145.408000 62
145.408000 145.504000 65
145.504000 145.888000 67
145.888000 146.496000 62
147.040000 147.168000 65
147.264000 147.712000 65
147.808000 148.064000 65
148.160000 149.376000 67
149.760000 149.984000 65
150.144000 150.944000 65
150.944000 151.104000 64
151.200000 151.456000 65
151.552000 152.224000 62
152.736000 153.216000 60
153.568000 153.920000 60
154.080000 154.528000 61
155.136000 155.264000 68
155.264000 156.064000 72
156.192000 156.480000 70
156.480000 156.544000 71
156.544000 157.632000 74
157.632000 158.720000 71
159.040000 159.680000 70
159.776000 160.096000 65
160.096000 161.344000 70
161.952000 162.528000 70
162.624000 162.816000 65
162.816000 163.008000 67
163.008000 163.264000 71
163.392000 163.680000 70
163.680000 163.968000 63
164.096000 165.376000 70
165.472000 165.696000 77
165.920000 167.200000 70
167.296000 168.288000 70
168.288000 168.864000 67
169.024000 169.856000 65
169.856000 171.136000 70
171.232000 171.552000 66
171.552000 172.768000 70
172.992000 173.280000 71
173.376000 173.888000 70
174.016000 174.272000 65
174.368000 174.688000 71
174.816000 175.136000 70
175.488000 176.096000 70
176.224000 176.768000 70
176.928000 177.472000 77
177.632000 179.488000 74
179.744000 180.576000 74
180.576000 181.152000 70
181.344000 181.600000 70
181.632000 181.664000 69
181.728000 181.792000 70
182.048000 182.272000 70
182.528000 183.008000 66
183.008000 183.136000 68
183.552000 183.648000 67
184.032000 184.704000 58
184.928000 185.056000 57
185.536000 185.696000 58
185.728000 185.920000 58
186.016000 186.656000 62
186.912000 187.072000 64
187.488000 187.840000 70
188.288000 188.544000 71
188.576000 189.408000 72
189.504000 189.760000 69
189.856000 193.120000 79
193.248000 193.344000 77
193.504000 194.304000 77
194.688000 194.720000 69
195.584000 195.840000 70
195.936000 196.160000 69
196.224000 196.512000 74
196.832000 197.280000 65
197.472000 197.568000 60
197.728000 197.920000 62
198.272000 198.400000 63
198.400000 198.784000 67
199.136000 199.264000 62
199.904000 200.096000 59
200.224000 200.768000 57
200.864000 202.304000 57
202.432000 202.848000 57
204.896000 204.960000 68
204.960000 205.600000 70
205.600000 205.920000 67
206.080000 207.488000 71
207.872000 208.640000 70
208.640000 209.024000 68
209.152000 209.600000 72
209.728000 210.784000 70
211.936000 216.736000 72
217.216000 217.408000 70
217.408000 217.920000 70
217.920000 218.208000 68
218.400000 219.776000 70
220.224000 220.928000 70
220.928000 221.024000 69
221.024000 221.504000 67
221.504000 221.920000 72
222.080000 223.296000 70
224.256000 228.320000 74
