1.248000 1.344000 68
17.280000 17.600000 62
17.760000 18.080000 59
18.208000 18.528000 62
18.688000 19.008000 60
19.136000 19.488000 62
19.616000 20.480000 60
20.928000 21.216000 62
21.408000 21.568000 58
21.568000 22.112000 62
22.304000 22.560000 59
22.560000 22.720000 60
22.720000 23.520000 65
23.520000 24.064000 59
24.608000 24.928000 62
24.928000 25.408000 60
25.536000 25.888000 62
25.888000 26.112000 59
26.240000 26.880000 62
27.168000 27.392000 61
27.520000 27.968000 58
27.968000 28.320000 60
28.416000 29.408000 62
30.656000 30.976000 62
30.976000 31.360000 60
31.776000 32.096000 62
32.256000 32.608000 60
32.704000 32.992000 62
33.216000 33.440000 58
33.440000 34.016000 62
34.144000 34.496000 61
34.592000 34.944000 58
35.424000 35.712000 62
35.904000 36.160000 59
36.160000 36.672000 62
36.832000 37.056000 58
37.056000 37.216000 61
37.216000 38.016000 65
38.016000 38.624000 59
39.104000 39.648000 62
39.648000 39.712000 58
39.808000 40.448000 62
40.992000 41.504000 62
41.664000 41.984000 60
42.080000 44.096000 61
44.928000 45.216000 65
45.216000 45.856000 62
45.984000 46.208000 56
46.208000 46.272000 58
46.272000 46.496000 62
46.624000 48.064000 62
48.608000 48.832000 63
48.832000 49.056000 66
49.056000 49.792000 69
49.792000 50.240000 65
50.464000 51.232000 62
51.232000 51.776000 59
52.224000 52.512000 65
52.512000 53.056000 62
53.600000 54.464000 62
54.656000 55.200000 60
55.712000 56.096000 60
56.192000 56.416000 60
56.416000 56.736000 59
56.832000 57.472000 60
57.760000 58.432000 60
58.688000 59.488000 61
59.616000 60.576000 62
60.672000 60.928000 62
60.928000 61.632000 67
61.856000 62.432000 62
62.560000 63.232000 67
63.552000 64.192000 63
64.512000 65.312000 65
65.472000 66.016000 62
66.176000 66.784000 67
67.104000 67.232000 62
67.392000 67.808000 62
67.808000 68.896000 61
69.120000 69.824000 62
69.920000 70.656000 60
71.168000 71.264000 57
71.456000 71.584000 58
71.680000 72.256000 58
72.352000 72.480000 58
72.480000 72.736000 61
72.736000 72.896000 63
72.896000 72.992000 65
72.992000 73.376000 70
73.504000 73.792000 69
73.792000 74.144000 66
74.144000 74.720000 64
74.816000 76.352000 67
76.352000 77.184000 66
77.184000 77.472000 67
77.568000 77.792000 67
78.016000 78.688000 62
79.040000 79.840000 65
80.000000 80.544000 62
80.704000 81.408000 67
81.600000 81.728000 62
81.856000 82.624000 62
82.624000 82.912000 58
83.008000 83.392000 60
83.680000 84.480000 62
84.736000 85.216000 60
85.664000 85.856000 55
85.952000 86.752000 58
87.072000 87.232000 60
87.232000 87.520000 62
87.520000 87.776000 65
88.000000 88.192000 67
88.192000 88.256000 64
88.416000 89.120000 64
89.120000 89.280000 65
89.440000 89.536000 60
89.536000 89.856000 62
89.856000 93.184000 62
93.600000 93.952000 62
94.112000 94.240000 59
94.336000 94.880000 62
95.104000 95.296000 59
95.296000 95.904000 63
96.000000 96.192000 65
96.192000 96.352000 63
96.512000 96.928000 58
97.312000 97.664000 62
97.664000 98.048000 59
98.048000 98.496000 62
98.688000 99.040000 60
99.168000 99.776000 62
99.776000 99.968000 59
100.096000 100.192000 58
100.416000 101.024000 60
101.152000 102.336000 62
103.008000 104.160000 61
104.544000 104.992000 62
105.312000 105.760000 62
105.952000 106.336000 60
106.432000 106.752000 62
106.912000 107.712000 60
108.160000 108.480000 62
108.672000 108.896000 59
108.896000 109.408000 62
109.632000 110.016000 60
110.016000 110.368000 63
110.464000 110.688000 65
110.688000 111.328000 63
111.872000 112.192000 62
112.288000 112.672000 60
112.800000 113.184000 62
113.184000 113.472000 59
113.472000 114.208000 62
114.528000 114.720000 60
114.816000 115.296000 58
115.296000 115.968000 61
116.064000 117.088000 58
117.696000 117.888000 65
117.888000 118.528000 64
118.720000 118.912000 55
118.912000 119.040000 57
119.040000 119.232000 62
119.360000 119.744000 62
119.840000 120.704000 60
121.344000 121.568000 62
121.568000 122.016000 67
122.240000 122.944000 67
123.200000 123.872000 62
123.872000 124.416000 59
124.928000 125.248000 65
125.248000 125.760000 62
126.016000 126.176000 57
126.336000 127.200000 62
127.392000 128.000000 60
128.448000 128.640000 60
128.736000 129.152000 60
129.152000 129.472000 59
129.568000 130.208000 60
130.432000 130.848000 61
130.944000 131.104000 60
131.360000 132.192000 62
132.352000 133.344000 62
133.664000 133.888000 67
134.208000 134.368000 67
134.560000 134.976000 62
135.136000 135.328000 60
135.488000 136.704000 67
136.736000 138.016000 66
138.176000 138.784000 62
138.912000 139.584000 67
139.840000 139.968000 62
140.096000 140.512000 62
140.512000 141.632000 61
141.888000 143.392000 62
143.808000 144.000000 56
144.128000 145.408000 60
145.408000 145.600000 62
145.600000 146.112000 70
146.208000 146.496000 69
146.592000 146.880000 65
146.880000 147.552000 64
147.552000 150.560000 67
150.688000 151.392000 62
151.776000 152.576000 65
152.736000 153.280000 62
153.440000 154.144000 67
154.304000 154.432000 62
154.592000 155.360000 62
155.360000 155.648000 58
155.712000 156.128000 60
156.416000 156.896000 62
156.896000 157.376000 60
157.440000 157.952000 60
158.336000 158.560000 55
158.688000 159.488000 58
159.808000 160.032000 61
160.032000 160.512000 65
160.704000 160.928000 67
161.152000 161.824000 63
161.824000 162.016000 65
162.176000 164.096000 62
164.736000 165.088000 61
165.088000 165.184000 60
165.184000 165.248000 59
165.248000 165.856000 58
166.368000 166.688000 62
166.816000 167.136000 59
167.232000 167.744000 62
168.448000 169.024000 61
169.152000 169.472000 58
170.016000 170.464000 62
170.464000 170.816000 60
170.944000 171.328000 62
171.328000 171.456000 59
171.584000 171.904000 60
171.904000 172.608000 62
172.768000 173.184000 58
174.112000 174.272000 57
174.272000 175.136000 58
175.136000 176.256000 62
176.448000 177.088000 62
177.248000 177.984000 68
178.272000 178.816000 62
178.880000 179.616000 67
179.808000 180.032000 69
180.544000 180.800000 69
180.896000 181.760000 66
181.760000 182.176000 64
182.368000 183.232000 67
183.328000 183.424000 65
183.424000 183.488000 62
183.712000 184.160000 62
184.160000 184.544000 61
184.640000 184.960000 59
185.056000 186.208000 61
186.336000 187.840000 60
187.872000 188.096000 61
188.192000 188.352000 58
188.512000 188.832000 58
188.832000 189.280000 62
189.376000 189.440000 67
189.440000 189.760000 70
189.856000 190.144000 70
190.272000 190.464000 65
190.560000 191.072000 62
191.200000 193.024000 67
193.408000 193.824000 67
193.920000 194.176000 67
194.304000 195.168000 65
195.424000 196.128000 65
196.128000 196.320000 61
196.544000 196.768000 62
197.056000 197.760000 67
197.952000 198.080000 62
198.208000 198.368000 62
198.368000 198.688000 62
198.688000 199.232000 60
199.392000 202.304000 61
202.432000 202.592000 61
202.688000 203.104000 59
203.456000 203.680000 60
203.680000 204.160000 65
204.352000 204.544000 67
204.544000 204.672000 66
204.800000 205.440000 63
205.440000 205.664000 65
205.792000 207.328000 62
