31.360000 31.744000 56
31.840000 32.064000 60
32.192000 32.480000 60
32.832000 33.184000 55
33.312000 33.632000 55
33.792000 33.920000 56
33.920000 34.272000 54
34.464000 35.040000 60
35.360000 35.520000 56
35.840000 36.032000 56
36.128000 36.384000 53
36.384000 36.928000 56
37.120000 37.472000 56
37.984000 38.240000 56
38.400000 38.496000 56
38.688000 39.072000 56
39.200000 39.584000 56
39.680000 39.936000 55
40.032000 40.224000 56
40.320000 40.416000 56
40.416000 41.184000 56
41.248000 41.440000 56
41.536000 41.792000 56
41.952000 42.048000 56
42.144000 42.944000 57
42.944000 43.712000 60
43.904000 44.544000 60
44.544000 45.440000 58
45.568000 45.792000 56
45.888000 46.400000 60
46.560000 46.752000 60
46.880000 47.136000 60
47.136000 47.584000 58
47.680000 47.904000 56
48.064000 48.320000 56
48.384000 48.672000 56
48.768000 49.312000 56
49.472000 49.568000 56
49.792000 49.952000 56
49.952000 50.176000 54
50.432000 50.560000 56
50.784000 50.944000 56
51.104000 51.904000 56
52.128000 52.224000 56
52.448000 52.640000 56
53.024000 53.504000 56
53.696000 53.984000 56
53.984000 55.200000 56
55.360000 55.840000 51
55.968000 57.728000 58
58.272000 58.432000 56
58.560000 59.072000 56
59.232000 60.096000 56
60.224000 60.448000 53
60.544000 60.736000 51
60.864000 61.088000 51
61.184000 62.144000 61
62.464000 62.720000 58
62.848000 63.200000 56
63.296000 64.032000 56
64.128000 64.672000 56
64.960000 65.280000 56
65.664000 66.176000 56
66.400000 66.528000 56
66.528000 66.880000 53
67.072000 67.616000 56
67.840000 68.256000 56
68.352000 69.408000 56
69.504000 69.600000 56
69.760000 69.952000 53
70.176000 70.496000 56
70.560000 71.776000 58
71.936000 72.096000 59
72.256000 72.800000 56
73.248000 73.504000 56
73.600000 73.920000 63
73.920000 74.848000 61
74.848000 75.584000 58
75.808000 77.024000 58
77.152000 77.504000 60
77.504000 77.792000 58
77.952000 78.240000 56
78.432000 78.656000 56
78.784000 79.008000 63
79.008000 79.488000 61
79.584000 79.840000 63
80.096000 80.352000 63
80.352000 80.416000 56
80.576000 80.800000 56
81.056000 81.280000 56
81.280000 81.344000 59
81.344000 81.600000 63
81.696000 81.952000 61
82.048000 82.112000 58
82.112000 82.400000 61
82.400000 83.520000 63
83.648000 83.904000 69
84.000000 84.192000 60
84.352000 84.544000 56
84.672000 84.896000 63
84.960000 85.216000 56
85.344000 85.632000 58
85.632000 86.016000 63
86.304000 86.464000 56
86.464000 86.816000 58
86.944000 87.168000 55
87.168000 87.232000 58
87.232000 87.488000 63
87.616000 87.808000 55
87.936000 88.096000 56
88.256000 88.640000 58
88.896000 89.056000 57
89.056000 89.440000 60
89.568000 89.760000 56
89.760000 89.824000 58
89.824000 90.080000 63
90.240000 90.400000 56
90.496000 90.656000 57
90.656000 90.816000 58
90.816000 91.008000 61
91.008000 91.328000 63
91.520000 94.048000 60
94.144000 94.432000 56
94.752000 96.128000 60
96.128000 96.352000 63
96.352000 96.512000 63
96.736000 97.024000 60
97.024000 97.312000 67
97.312000 97.952000 64
97.952000 98.592000 60
98.880000 99.136000 56
99.360000 100.576000 60
100.576000 101.376000 60
101.504000 101.856000 58
101.984000 104.000000 56
115.328000 115.552000 51
115.776000 116.416000 51
117.120000 117.376000 51
118.272000 118.368000 56
118.944000 119.104000 51
119.200000 119.552000 51
120.960000 121.024000 51
121.216000 121.440000 51
121.952000 122.080000 56
123.168000 123.328000 56
123.776000 123.936000 56
124.160000 124.352000 51
125.440000 125.568000 51
125.760000 126.080000 56
126.272000 126.784000 51
126.976000 127.200000 51
127.360000 127.424000 48
127.488000 128.160000 51
128.352000 128.608000 51
129.056000 129.248000 51
130.336000 130.528000 51
130.656000 130.848000 51
130.976000 131.296000 56
131.456000 131.744000 51
131.872000 132.000000 51
132.224000 132.416000 51
132.512000 132.704000 49
132.704000 133.248000 53
133.760000 134.016000 51
134.592000 135.584000 58
135.840000 136.128000 56
136.224000 136.512000 63
136.512000 137.408000 61
137.408000 138.144000 59
138.400000 139.616000 58
139.776000 140.192000 60
140.192000 140.864000 58
141.056000 141.248000 56
141.408000 141.632000 63
141.632000 141.792000 60
141.888000 142.112000 56
142.208000 142.464000 63
142.720000 142.880000 63
142.880000 143.424000 62
143.680000 143.904000 56
143.904000 144.192000 63
144.320000 145.440000 62
145.440000 146.176000 63
146.304000 146.464000 57
146.464000 146.784000 60
146.944000 147.136000 56
147.264000 147.488000 63
147.488000 147.552000 61
147.552000 147.872000 56
147.872000 148.224000 58
148.224000 148.608000 63
148.928000 149.184000 57
149.184000 149.408000 58
149.568000 149.760000 55
149.760000 149.824000 57
149.824000 150.112000 63
150.208000 150.432000 55
150.528000 150.720000 56
150.848000 151.264000 58
151.520000 151.680000 57
151.680000 152.064000 60
152.160000 152.384000 56
152.384000 152.448000 58
152.448000 152.672000 63
152.832000 153.056000 56
153.152000 153.248000 57
153.248000 153.440000 58
153.440000 153.952000 63
154.112000 156.288000 58
156.320000 156.864000 59
156.864000 157.024000 56
157.376000 158.848000 60
158.848000 159.136000 63
159.328000 159.648000 60
159.648000 159.904000 67
159.904000 160.576000 65
160.576000 161.376000 60
161.472000 161.728000 56
161.952000 163.200000 60
163.200000 164.000000 60
164.096000 164.448000 58
164.544000 166.304000 56
167.200000 167.520000 57
167.520000 167.712000 63
167.840000 168.384000 63
168.384000 169.696000 61
169.824000 171.040000 58
171.040000 172.000000 60
172.384000 172.544000 58
172.704000 173.664000 62
173.664000 174.880000 65
174.976000 176.032000 61
176.160000 177.056000 56
177.600000 177.824000 56
177.888000 178.624000 59
178.752000 179.008000 59
179.008000 180.448000 58
180.544000 180.928000 63
180.928000 181.280000 62
181.376000 181.536000 58
181.664000 182.176000 56
182.496000 182.720000 56
182.848000 183.072000 56
183.168000 183.392000 63
183.488000 183.680000 61
183.776000 184.032000 61
184.032000 184.704000 60
184.800000 184.992000 56
185.120000 185.408000 58
185.408000 187.904000 65
188.000000 188.128000 64
188.352000 188.608000 62
188.704000 189.024000 62
189.024000 189.152000 59
189.152000 189.696000 58
189.728000 189.952000 57
189.952000 190.208000 56
190.304000 190.464000 58
190.464000 190.720000 55
190.944000 191.584000 62
191.776000 192.032000 58
192.032000 192.096000 57
192.096000 192.288000 56
192.288000 192.800000 58
192.928000 193.504000 58
193.600000 194.016000 58
194.240000 194.368000 59
194.592000 194.816000 58
194.912000 195.008000 56
195.232000 195.584000 58
195.712000 196.096000 58
196.192000 196.448000 58
196.544000 197.568000 58
197.792000 197.920000 58
198.016000 198.240000 58
198.432000 198.528000 58
198.624000 199.456000 59
199.456000 200.320000 62
200.416000 201.088000 62
201.088000 202.560000 62
202.592000 202.656000 58
202.656000 203.136000 61
203.136000 203.232000 62
203.392000 203.936000 58
204.192000 204.800000 58
204.992000 206.144000 58
206.336000 206.464000 58
206.464000 206.560000 57
206.880000 207.040000 58
207.264000 208.480000 58
208.640000 208.768000 58
208.928000 209.024000 60
209.024000 209.152000 59
209.248000 209.472000 58
209.856000 210.144000 60
210.528000 210.720000 62
210.880000 211.072000 58
211.168000 211.392000 65
211.520000 211.744000 58
211.840000 212.064000 60
212.160000 212.224000 62
212.224000 212.544000 65
212.896000 213.120000 58
213.120000 213.344000 60
213.472000 213.728000 59
213.728000 213.952000 65
214.112000 215.200000 60
215.424000 215.584000 59
215.584000 215.968000 62
216.064000 216.288000 58
216.288000 216.352000 60
216.352000 216.608000 65
216.768000 216.992000 58
216.992000 217.376000 61
217.376000 217.792000 65
218.048000 218.176000 57
218.176000 218.688000 60
218.848000 220.096000 60
220.288000 220.576000 62
220.672000 220.960000 58
221.280000 221.824000 62
221.824000 222.272000 59
222.272000 222.560000 61
222.560000 223.040000 65
223.232000 223.488000 62
223.584000 223.840000 69
223.840000 224.512000 67
224.512000 225.120000 62
225.216000 225.696000 58
225.824000 230.592000 62
255.776000 256.032000 58
256.416000 256.672000 60
261.280000 261.600000 60
