7.712000 8.064000 64
8.224000 8.864000 64
9.024000 9.728000 68
10.336000 10.752000 63
10.976000 12.832000 64
13.312000 13.856000 66
14.208000 15.200000 61
16.640000 17.152000 66
17.472000 18.592000 61
20.864000 21.184000 64
21.344000 22.048000 64
22.176000 22.912000 68
23.392000 24.512000 64
24.704000 25.792000 64
26.208000 26.432000 62
26.560000 26.688000 64
26.688000 27.296000 66
27.456000 28.448000 61
29.888000 30.560000 66
30.752000 31.840000 61
34.592000 34.912000 63
34.912000 35.872000 69
36.128000 36.800000 63
37.088000 37.664000 63
37.856000 38.400000 64
38.560000 39.232000 66
39.424000 39.616000 64
39.616000 40.256000 63
41.504000 41.792000 68
41.888000 42.464000 66
42.784000 43.552000 63
43.552000 44.512000 60
44.864000 45.088000 61
45.216000 45.440000 63
45.600000 46.304000 64
46.400000 49.568000 71
49.568000 50.944000 68
51.488000 51.552000 60
51.552000 51.712000 61
51.712000 52.032000 64
52.160000 52.352000 64
52.352000 52.480000 63
52.640000 52.992000 63
52.992000 55.680000 71
55.680000 58.144000 68
59.168000 59.296000 68
59.456000 59.872000 69
60.000000 61.248000 69
61.440000 62.336000 66
62.912000 63.392000 68
63.552000 64.128000 71
64.320000 64.736000 73
64.960000 66.016000 68
66.144000 66.336000 67
66.336000 67.744000 65
68.704000 68.992000 68
69.120000 70.656000 66
70.944000 71.520000 68
71.712000 71.968000 64
71.968000 74.240000 64
75.328000 75.584000 62
75.584000 76.320000 66
76.320000 76.448000 61
76.448000 77.088000 66
77.088000 77.792000 61
80.128000 80.864000 64
80.992000 81.344000 65
81.344000 82.080000 68
82.656000 83.072000 63
83.264000 83.712000 64
83.904000 84.992000 64
85.536000 85.728000 61
85.728000 86.208000 66
86.304000 86.528000 64
86.624000 87.488000 62
88.928000 88.992000 62
88.992000 89.472000 66
89.600000 90.816000 64
93.248000 94.144000 64
94.144000 94.432000 65
94.432000 95.104000 68
95.744000 96.192000 71
96.416000 96.704000 68
96.800000 96.992000 66
97.216000 98.272000 69
98.432000 98.592000 67
98.688000 98.816000 63
99.072000 99.168000 65
99.168000 100.448000 68
101.632000 101.984000 66
102.144000 102.592000 66
102.720000 104.288000 69
104.736000 105.120000 66
105.120000 105.440000 64
106.912000 107.040000 61
107.040000 107.264000 67
107.264000 108.224000 71
108.480000 109.152000 66
109.312000 109.984000 64
110.144000 111.456000 68
111.712000 111.936000 65
111.936000 112.768000 63
113.856000 114.112000 68
114.208000 114.784000 66
115.104000 115.936000 63
115.936000 116.736000 59
117.216000 117.440000 61
117.536000 117.824000 63
117.920000 118.048000 64
118.048000 118.112000 63
118.112000 118.688000 62
118.688000 121.472000 59
121.472000 123.168000 56
123.680000 123.872000 61
123.872000 124.320000 63
124.480000 124.608000 64
124.608000 124.768000 63
124.960000 125.280000 61
125.376000 127.840000 59
127.840000 130.240000 57
131.488000 131.648000 68
131.808000 132.224000 69
132.320000 133.600000 69
133.792000 134.688000 66
135.168000 135.744000 69
135.872000 136.480000 71
136.640000 137.088000 74
137.312000 138.336000 68
138.464000 138.656000 67
138.656000 139.968000 65
140.736000 140.832000 61
141.056000 141.312000 68
141.408000 142.976000 66
143.232000 143.904000 68
144.064000 144.256000 64
144.256000 145.024000 64
145.024000 146.400000 62
146.400000 148.576000 68
149.248000 151.712000 66
152.544000 152.768000 68
152.960000 155.616000 69
155.744000 156.352000 69
156.608000 157.536000 68
157.536000 157.888000 66
157.888000 158.176000 61
159.136000 160.448000 62
160.512000 160.576000 65
160.576000 160.832000 67
160.832000 161.408000 71
161.536000 162.656000 68
163.936000 165.536000 68
165.792000 166.304000 68
167.136000 167.488000 68
167.648000 167.872000 68
168.064000 168.352000 73
168.448000 169.088000 71
169.088000 169.536000 70
169.728000 170.016000 73
170.144000 170.432000 73
170.560000 170.880000 73
170.976000 173.184000 73
173.184000 175.712000 71
175.840000 176.192000 68
176.288000 176.800000 69
176.928000 177.088000 66
177.344000 177.792000 64
177.952000 178.016000 68
178.016000 180.640000 71
180.640000 182.848000 68
184.096000 184.256000 68
184.416000 184.800000 69
184.928000 186.208000 69
186.368000 187.264000 66
187.808000 188.320000 68
188.448000 189.056000 72
189.216000 189.664000 73
189.920000 190.944000 68
191.072000 191.264000 67
191.264000 192.576000 65
193.344000 193.440000 62
193.664000 193.920000 68
194.016000 195.584000 66
195.872000 196.192000 68
196.288000 196.448000 66
196.640000 196.896000 64
196.896000 199.168000 64
200.256000 200.480000 62
200.480000 200.512000 62
200.512000 201.216000 66
201.216000 201.568000 65
201.568000 203.104000 66
204.896000 205.312000 64
205.472000 205.856000 64
205.984000 206.240000 64
206.432000 207.328000 68
208.192000 208.736000 63
209.024000 211.968000 64
