15.040000 15.392000 70
23.520000 23.872000 65
35.424000 35.968000 68
37.280000 37.440000 62
43.776000 43.840000 57
43.840000 44.448000 60
44.448000 44.896000 62
46.336000 46.528000 62
46.528000 46.784000 61
46.784000 47.072000 59
47.072000 47.488000 62
47.616000 48.000000 57
50.144000 50.304000 56
50.400000 51.424000 58
53.952000 54.176000 60
54.176000 54.496000 58
58.080000 58.144000 58
58.144000 58.624000 59
58.624000 58.976000 62
60.704000 60.896000 62
60.896000 61.088000 60
61.088000 61.440000 59
61.440000 61.728000 62
61.728000 62.304000 61
64.352000 64.544000 54
64.640000 66.176000 58
68.288000 68.544000 60
72.416000 72.480000 58
72.480000 73.088000 60
73.088000 73.696000 62
74.816000 75.488000 62
75.488000 75.680000 58
75.776000 76.096000 62
76.096000 76.640000 61
78.528000 78.624000 57
79.008000 79.456000 58
79.552000 79.968000 57
82.656000 82.720000 59
82.720000 83.264000 62
86.112000 86.560000 65
86.688000 88.224000 67
89.568000 89.792000 64
89.792000 90.208000 67
90.304000 91.712000 67
93.376000 93.440000 63
93.440000 93.600000 65
93.600000 94.528000 67
94.528000 97.184000 67
97.472000 98.016000 59
98.176000 98.304000 57
100.416000 100.960000 66
101.088000 102.656000 67
103.904000 104.000000 64
104.128000 104.384000 68
104.384000 104.544000 65
104.640000 104.704000 63
104.704000 105.184000 66
105.280000 105.568000 66
105.568000 106.304000 65
106.304000 106.560000 62
106.720000 107.008000 57
107.744000 108.896000 60
109.024000 109.376000 55
109.568000 109.952000 56
110.912000 111.456000 55
112.320000 112.736000 56
130.784000 130.880000 62
136.320000 136.704000 71
136.960000 138.304000 65
138.624000 138.656000 58
150.880000 151.104000 58
152.320000 152.416000 58
153.920000 154.176000 58
154.464000 154.528000 61
158.752000 159.040000 67
159.168000 161.024000 68
167.072000 167.392000 68
167.520000 167.648000 68
167.744000 168.640000 68
175.392000 175.520000 65
176.064000 176.576000 65
182.080000 182.336000 64
186.368000 186.432000 60
186.432000 186.848000 66
186.976000 189.088000 67
189.856000 190.112000 65
190.112000 190.304000 67
190.304000 191.904000 66
193.664000 193.888000 64
193.920000 194.112000 65
194.112000 194.944000 67
194.944000 197.408000 67
197.696000 198.272000 59
198.368000 198.752000 58
200.800000 201.152000 65
201.312000 202.592000 67
204.192000 204.320000 64
204.416000 204.544000 67
204.544000 204.736000 66
204.864000 205.408000 66
205.536000 205.760000 66
205.760000 206.656000 65
206.944000 207.136000 57
208.000000 208.384000 60
208.480000 209.152000 60
209.152000 210.304000 57
211.136000 211.200000 53
211.200000 211.712000 55
211.712000 212.064000 53
212.064000 212.672000 57
215.200000 216.384000 60
216.480000 216.768000 55
218.720000 219.680000 60
219.776000 219.936000 59
219.936000 220.448000 58
222.368000 222.752000 55
222.848000 224.000000 57
224.640000 225.664000 59
225.952000 226.208000 55
226.304000 227.232000 55
229.536000 230.688000 60
230.848000 231.296000 55
233.088000 233.248000 52
233.344000 233.664000 52
233.664000 234.080000 54
234.240000 234.656000 54
236.672000 237.024000 55
237.184000 237.632000 58
239.360000 239.744000 57
239.840000 240.608000 60
240.736000 241.408000 62
247.392000 247.744000 67
247.872000 249.632000 69
250.784000 251.616000 68
251.616000 252.832000 67
254.560000 254.656000 65
254.656000 257.120000 68
257.120000 258.336000 68
258.624000 259.168000 60
259.296000 259.744000 58
261.760000 263.392000 68
263.552000 265.696000 68
265.824000 267.232000 67
267.232000 267.584000 64
267.872000 268.160000 76
268.768000 268.864000 65
268.864000 269.728000 63
269.824000 270.016000 60
270.016000 270.592000 57
270.880000 271.200000 56
271.648000 272.480000 57
272.640000 272.800000 53
272.928000 273.184000 55
294.912000 295.040000 72
295.232000 295.360000 74
295.872000 296.096000 72
296.288000 296.576000 70
305.568000 305.696000 65
305.792000 308.992000 65
