18.592000 18.656000 59
18.656000 19.296000 63
19.424000 21.632000 61
21.792000 22.112000 63
22.336000 22.528000 63
22.752000 22.880000 58
23.008000 23.264000 58
23.552000 23.680000 58
23.968000 24.064000 56
24.160000 24.832000 59
24.992000 25.184000 62
25.536000 25.728000 63
25.728000 26.048000 62
26.176000 26.464000 59
26.592000 26.976000 56
28.256000 28.608000 54
28.736000 29.056000 52
29.344000 29.600000 64
29.760000 30.688000 63
31.456000 31.680000 63
31.872000 32.000000 62
32.224000 32.352000 66
32.512000 32.672000 66
32.672000 33.152000 59
33.344000 34.560000 61
34.560000 35.200000 63
35.488000 35.680000 58
35.840000 36.384000 58
36.672000 36.736000 55
36.736000 36.992000 58
37.088000 37.536000 59
37.696000 37.888000 61
38.208000 38.432000 63
38.432000 38.784000 59
39.008000 39.488000 59
39.648000 40.000000 56
40.992000 41.824000 54
42.048000 42.400000 56
42.400000 42.944000 55
42.944000 43.648000 64
43.808000 44.992000 63
45.344000 45.792000 59
46.176000 46.560000 54
46.976000 47.168000 61
47.296000 47.680000 63
47.776000 48.160000 61
48.448000 48.576000 55
48.576000 48.960000 58
49.184000 49.568000 54
49.568000 49.760000 53
50.016000 50.080000 53
50.080000 50.144000 56
50.144000 50.240000 59
50.240000 50.880000 62
50.880000 51.360000 59
51.616000 51.776000 57
51.776000 52.000000 59
52.512000 52.640000 54
52.640000 53.376000 57
53.376000 53.920000 59
53.920000 54.432000 53
54.944000 56.160000 64
56.160000 56.704000 62
56.704000 57.120000 58
57.120000 58.656000 59
58.784000 59.072000 59
59.936000 60.832000 64
60.832000 62.528000 68
62.912000 63.008000 61
63.008000 63.744000 59
64.032000 65.024000 56
66.048000 66.144000 62
66.304000 66.624000 62
70.624000 70.720000 57
70.880000 70.976000 56
71.072000 72.128000 59
72.256000 72.416000 59
72.416000 72.704000 63
72.704000 73.056000 64
73.056000 73.376000 67
74.016000 74.176000 66
74.176000 74.720000 66
74.848000 75.168000 66
75.264000 75.392000 68
75.392000 76.128000 66
76.256000 76.544000 63
77.152000 77.920000 65
78.016000 78.368000 62
78.368000 78.944000 61
79.040000 79.616000 60
79.616000 80.832000 64
80.832000 82.048000 61
82.176000 82.272000 54
83.136000 83.808000 61
83.936000 84.672000 59
84.768000 84.992000 59
85.024000 85.632000 61
85.696000 86.016000 63
86.176000 86.496000 66
86.976000 87.392000 66
87.488000 87.616000 64
87.616000 88.096000 68
88.256000 88.352000 64
88.352000 89.216000 63
89.760000 89.824000 58
89.824000 89.888000 60
89.888000 90.016000 63
90.144000 90.400000 66
90.560000 90.848000 62
91.104000 91.680000 63
91.808000 92.320000 59
92.320000 92.640000 64
92.704000 93.056000 64
93.280000 93.568000 62
93.664000 93.952000 59
94.080000 94.400000 59
94.528000 94.784000 54
94.848000 95.232000 54
95.424000 95.488000 56
95.552000 95.776000 58
95.776000 96.064000 61
96.256000 97.376000 61
98.080000 98.816000 63
98.944000 99.040000 59
99.392000 99.712000 59
99.712000 100.000000 58
100.224000 100.800000 54
101.056000 101.696000 63
101.856000 102.240000 63
102.592000 103.072000 58
103.232000 103.840000 54
104.160000 104.224000 53
104.224000 104.384000 59
104.384000 105.056000 62
105.056000 105.472000 59
105.728000 106.048000 59
106.592000 107.680000 59
107.776000 107.968000 59
107.968000 108.768000 54
108.992000 109.568000 52
109.920000 109.984000 62
110.144000 110.368000 63
110.400000 110.432000 59
110.752000 110.944000 61
111.136000 111.360000 60
111.360000 112.000000 63
112.160000 112.512000 59
112.960000 113.728000 55
113.728000 114.432000 63
114.560000 114.912000 61
115.360000 116.032000 58
116.160000 116.576000 54
116.960000 117.568000 62
117.728000 117.920000 59
117.920000 118.112000 58
118.496000 118.816000 59
119.264000 119.616000 56
120.096000 120.736000 59
120.896000 121.184000 52
121.632000 122.464000 56
122.688000 123.072000 63
123.072000 123.424000 59
123.424000 123.712000 56
123.904000 124.256000 59
124.416000 124.640000 61
124.800000 125.056000 63
125.184000 125.408000 66
125.408000 125.568000 63
126.016000 126.208000 68
126.208000 126.368000 67
126.464000 126.656000 61
126.816000 127.488000 63
127.584000 127.808000 66
127.808000 128.256000 64
128.416000 128.608000 59
128.608000 128.832000 58
129.216000 129.344000 63
129.472000 129.696000 66
129.696000 129.920000 65
129.920000 130.400000 62
130.528000 131.392000 58
132.448000 132.928000 59
132.928000 133.536000 62
133.536000 133.664000 63
133.664000 133.952000 63
133.952000 135.136000 59
135.264000 135.424000 63
135.488000 135.840000 63
135.840000 135.968000 67
135.968000 136.672000 63
136.768000 137.280000 59
137.760000 138.016000 69
138.016000 138.624000 67
138.624000 138.816000 65
138.816000 139.072000 63
139.072000 139.584000 62
139.584000 141.056000 66
141.056000 141.376000 61
141.568000 142.784000 66
142.784000 143.168000 59
143.168000 143.744000 57
143.808000 143.872000 54
144.256000 144.352000 54
144.448000 144.544000 51
145.728000 146.080000 62
146.080000 146.496000 60
146.496000 146.848000 57
146.848000 147.712000 59
148.096000 148.224000 58
148.768000 149.152000 61
149.312000 149.792000 61
149.952000 151.104000 59
151.200000 151.872000 59
151.872000 152.384000 63
152.512000 152.960000 63
152.960000 153.376000 58
153.472000 153.600000 58
154.240000 154.304000 55
154.304000 154.560000 58
154.688000 155.168000 58
155.168000 155.808000 61
156.160000 156.416000 63
156.416000 156.928000 60
157.248000 157.568000 56
158.432000 158.528000 54
158.624000 159.008000 55
159.104000 159.552000 52
159.680000 159.840000 55
160.032000 160.384000 54
160.384000 160.416000 57
160.416000 161.376000 64
161.376000 161.632000 60
162.176000 162.304000 63
162.432000 162.784000 59
163.008000 163.168000 59
163.168000 163.232000 58
163.232000 163.552000 58
163.840000 164.032000 59
164.032000 164.096000 56
164.160000 164.224000 58
164.224000 164.352000 59
164.608000 164.768000 61
164.864000 165.568000 63
165.824000 167.104000 58
167.232000 167.488000 57
167.808000 168.608000 61
168.928000 169.216000 63
169.344000 169.568000 59
169.664000 170.368000 59
170.464000 170.784000 56
171.232000 171.488000 54
171.488000 171.776000 56
171.776000 172.512000 56
172.512000 172.608000 56
173.056000 173.152000 59
173.312000 173.984000 64
174.144000 175.104000 63
175.104000 175.328000 59
175.712000 176.032000 59
176.032000 176.192000 57
176.512000 176.864000 54
177.312000 177.472000 61
177.600000 177.984000 63
178.144000 178.496000 61
178.848000 178.912000 55
178.912000 179.296000 58
179.520000 180.064000 54
180.416000 180.480000 55
180.480000 181.504000 62
181.504000 181.664000 56
182.080000 182.368000 59
182.912000 183.008000 54
183.008000 183.744000 57
183.744000 184.288000 59
184.288000 184.768000 54
185.248000 185.888000 52
186.368000 186.432000 49
186.560000 186.656000 48
187.232000 187.488000 47
187.936000 188.000000 47
188.640000 189.632000 59
190.048000 190.208000 61
190.208000 190.656000 63
190.656000 190.880000 66
191.584000 191.776000 66
191.776000 192.352000 66
192.448000 192.512000 63
192.512000 193.024000 68
193.024000 193.504000 64
193.504000 193.760000 65
193.888000 194.112000 63
194.656000 194.720000 59
194.720000 196.000000 66
196.000000 196.512000 61
196.768000 197.280000 59
197.568000 197.728000 59
197.984000 198.304000 68
198.496000 198.720000 66
198.720000 198.976000 64
198.976000 199.456000 63
199.488000 199.808000 59
199.968000 200.032000 62
200.032000 200.640000 63
200.640000 202.624000 67
203.040000 203.200000 63
203.200000 203.392000 66
203.520000 204.000000 56
204.192000 204.224000 51
204.256000 204.960000 51
205.120000 205.408000 61
205.920000 206.400000 66
206.560000 206.720000 68
206.720000 207.104000 63
207.296000 207.488000 63
207.488000 208.000000 62
208.192000 209.184000 61
209.440000 209.472000 58
209.536000 209.760000 61
209.888000 210.240000 59
210.784000 211.456000 64
211.456000 212.160000 63
212.160000 212.544000 59
212.544000 213.216000 59
213.216000 216.000000 63
