28.832000 29.440000 63
29.760000 30.880000 63
31.200000 31.968000 59
35.648000 36.128000 62
36.128000 38.176000 67
38.272000 38.496000 64
42.496000 43.072000 63
43.424000 44.416000 62
44.640000 44.736000 60
44.960000 45.664000 59
47.680000 47.872000 59
48.320000 48.832000 59
48.928000 49.056000 59
49.216000 49.920000 60
50.176000 50.432000 59
50.656000 50.752000 59
50.944000 51.200000 59
51.200000 52.448000 58
56.064000 58.240000 64
58.432000 59.104000 60
62.528000 63.360000 65
63.584000 63.936000 65
63.936000 65.696000 67
65.696000 65.984000 64
69.408000 71.296000 64
71.552000 71.648000 60
71.776000 72.736000 59
74.016000 75.456000 60
75.680000 76.384000 60
76.512000 76.608000 60
76.896000 78.080000 60
78.592000 79.488000 54
80.960000 81.696000 55
81.856000 82.176000 57
82.336000 82.976000 56
83.136000 83.424000 54
83.424000 84.384000 56
84.480000 85.568000 57
85.728000 86.272000 56
86.560000 86.752000 54
86.880000 87.296000 56
88.128000 89.856000 57
90.080000 93.568000 60
94.624000 95.168000 60
95.168000 95.424000 67
95.616000 96.640000 66
96.640000 97.056000 64
97.216000 98.496000 64
98.496000 99.584000 62
101.408000 101.856000 59
101.856000 101.984000 60
101.984000 105.408000 67
105.600000 105.984000 69
105.984000 107.040000 68
108.192000 109.344000 72
109.856000 110.336000 69
110.528000 110.944000 64
111.552000 112.928000 72
112.960000 114.272000 74
114.848000 115.232000 67
115.232000 116.800000 71
116.800000 117.248000 68
117.536000 117.856000 66
118.528000 118.752000 62
118.912000 119.296000 64
120.288000 120.640000 67
120.768000 120.960000 66
121.152000 121.408000 67
121.632000 122.144000 67
122.240000 122.752000 65
130.816000 131.680000 67
131.680000 132.384000 71
132.608000 132.736000 69
132.992000 133.216000 69
133.600000 133.760000 64
136.576000 138.720000 63
138.848000 140.736000 59
143.104000 143.936000 64
143.936000 145.472000 67
145.600000 146.496000 65
146.912000 147.360000 62
147.360000 148.384000 60
149.888000 150.176000 62
150.272000 150.560000 64
150.720000 151.872000 62
151.968000 152.160000 60
152.256000 152.896000 59
152.896000 155.712000 60
155.712000 156.928000 60
158.656000 159.520000 65
159.520000 161.120000 67
161.376000 162.016000 61
162.016000 162.272000 67
162.368000 163.776000 66
163.872000 165.312000 64
165.312000 166.528000 62
168.128000 168.576000 59
168.576000 168.640000 61
168.640000 172.064000 69
172.160000 172.672000 69
172.672000 174.112000 68
174.944000 176.096000 72
176.512000 177.280000 70
177.280000 177.696000 64
178.272000 178.400000 70
178.400000 180.000000 74
180.000000 180.992000 74
181.600000 181.984000 67
181.984000 183.520000 71
183.520000 183.968000 67
184.160000 184.672000 66
185.152000 185.376000 62
185.536000 186.016000 64
186.944000 187.328000 67
187.424000 187.648000 66
187.712000 188.896000 67
188.896000 190.112000 65
190.240000 190.848000 66
191.392000 191.520000 67
194.304000 196.192000 69
196.192000 197.632000 65
198.560000 200.416000 67
200.960000 202.208000 67
202.208000 209.536000 71
209.536000 212.128000 65
212.640000 212.864000 69
212.960000 213.120000 69
214.976000 216.192000 72
216.736000 217.056000 67
218.432000 219.584000 72
219.776000 221.024000 67
221.856000 222.208000 67
222.208000 223.232000 71
223.360000 223.488000 67
223.616000 224.064000 67
224.416000 224.736000 67
226.016000 226.112000 64
227.552000 227.872000 67
228.032000 228.192000 67
228.416000 228.768000 67
228.896000 229.376000 67
229.504000 229.824000 64
