0.320000 0.384000 63
0.576000 0.704000 70
1.952000 2.080000 68
2.368000 2.464000 61
3.456000 3.616000 62
3.616000 4.256000 62
5.472000 5.568000 61
5.888000 6.016000 62
6.464000 6.592000 56
6.592000 7.040000 61
7.040000 7.200000 57
9.664000 9.920000 59
9.920000 10.080000 61
10.272000 10.368000 62
10.592000 11.200000 64
11.488000 11.936000 63
12.480000 12.768000 63
13.344000 13.728000 63
13.728000 14.112000 61
14.336000 15.040000 62
15.200000 15.360000 59
15.552000 15.808000 59
17.120000 17.280000 59
17.408000 17.696000 61
17.696000 18.816000 64
19.008000 19.424000 63
19.936000 20.256000 63
20.864000 21.056000 63
21.280000 21.760000 61
21.856000 22.432000 61
22.656000 22.880000 61
23.040000 23.616000 59
23.712000 23.808000 68
23.808000 24.000000 71
24.160000 24.608000 68
24.608000 25.152000 64
25.344000 25.568000 61
27.168000 27.296000 59
27.520000 27.808000 71
27.968000 28.160000 67
28.160000 28.256000 68
28.256000 28.672000 65
28.672000 29.344000 63
31.200000 31.968000 63
32.096000 32.224000 65
32.224000 32.544000 68
32.736000 32.960000 59
33.088000 33.184000 59
33.184000 33.408000 58
34.784000 34.880000 69
34.976000 35.328000 63
35.424000 35.936000 63
35.936000 36.320000 68
36.544000 36.768000 58
36.896000 37.312000 59
37.760000 38.272000 63
38.272000 38.368000 59
38.368000 38.560000 58
38.688000 39.104000 57
39.584000 39.648000 61
39.648000 39.936000 63
39.936000 40.416000 61
40.608000 40.928000 61
41.472000 41.888000 63
41.984000 42.336000 63
42.464000 42.880000 63
42.880000 43.008000 60
43.328000 43.872000 63
44.064000 44.736000 56
45.216000 45.440000 63
45.440000 45.856000 61
45.856000 46.080000 59
46.240000 46.624000 56
46.976000 47.136000 58
47.136000 47.456000 63
47.456000 48.480000 62
48.960000 49.024000 58
49.024000 49.184000 62
49.344000 49.728000 63
49.824000 50.368000 63
50.880000 51.200000 63
51.392000 51.712000 58
51.840000 52.192000 56
52.768000 52.928000 63
53.056000 53.216000 62
53.216000 53.792000 67
53.792000 54.112000 70
54.624000 54.688000 66
54.688000 54.976000 68
54.976000 55.328000 64
55.328000 55.968000 69
56.576000 57.696000 66
57.696000 57.952000 65
58.112000 58.400000 61
58.400000 58.560000 66
58.720000 59.200000 64
59.200000 59.680000 59
60.288000 60.416000 63
60.736000 61.440000 59
62.112000 62.400000 59
63.072000 63.360000 59
64.032000 64.320000 63
64.480000 64.832000 59
64.960000 65.248000 59
65.952000 66.304000 61
66.528000 68.352000 64
68.640000 68.768000 64
68.768000 69.024000 63
69.696000 70.016000 63
70.016000 70.176000 59
70.304000 70.976000 61
71.072000 71.424000 63
71.552000 71.776000 59
71.872000 72.128000 59
73.376000 73.824000 61
73.984000 74.176000 63
74.336000 74.976000 65
75.232000 75.744000 63
76.192000 76.512000 63
77.056000 77.120000 58
77.120000 77.344000 63
77.472000 77.760000 59
77.760000 77.984000 61
78.144000 78.688000 61
79.008000 79.808000 60
79.968000 80.128000 70
80.128000 80.224000 71
80.384000 80.672000 66
80.832000 81.344000 64
81.632000 81.856000 61
83.744000 84.000000 71
84.192000 84.512000 66
84.704000 84.960000 64
84.960000 85.248000 63
85.312000 85.728000 62
87.520000 88.320000 63
88.416000 88.768000 66
89.056000 89.280000 59
89.408000 89.504000 59
89.504000 89.696000 58
91.232000 91.584000 63
91.712000 91.872000 63
92.192000 92.544000 67
92.768000 92.992000 58
93.120000 93.472000 58
94.016000 94.432000 63
94.432000 95.360000 60
95.840000 96.192000 63
96.192000 96.672000 61
96.864000 97.184000 62
97.760000 98.144000 63
98.240000 98.624000 64
98.720000 99.104000 63
99.104000 99.264000 62
99.616000 100.096000 63
100.352000 100.480000 56
100.576000 101.024000 56
101.472000 102.208000 63
102.208000 102.336000 56
102.496000 102.912000 56
103.392000 103.712000 63
103.712000 104.768000 62
105.280000 105.408000 63
105.600000 105.984000 63
106.080000 106.176000 60
106.176000 106.624000 63
106.752000 106.848000 58
107.040000 107.360000 63
107.648000 107.968000 58
108.064000 108.416000 56
108.896000 109.184000 63
109.312000 109.504000 64
109.504000 110.016000 66
110.016000 110.368000 70
110.880000 111.232000 68
111.232000 111.584000 64
111.584000 112.192000 67
112.800000 113.952000 66
113.952000 114.016000 65
114.016000 114.816000 66
114.976000 115.232000 64
115.232000 115.936000 63
116.512000 116.672000 63
116.992000 117.344000 59
117.440000 117.696000 59
118.368000 118.656000 59
119.328000 119.584000 59
120.160000 120.192000 61
120.224000 120.544000 63
120.736000 121.088000 59
121.216000 121.504000 59
130.816000 131.392000 63
131.520000 131.776000 64
131.872000 132.416000 64
135.264000 135.712000 63
135.712000 135.808000 59
135.808000 136.000000 59
136.160000 136.576000 57
137.088000 137.152000 61
137.152000 137.408000 63
137.408000 137.920000 61
138.112000 138.432000 62
139.008000 139.392000 63
139.488000 140.512000 64
140.864000 141.344000 63
141.600000 141.728000 56
141.824000 142.272000 56
142.688000 142.944000 63
142.944000 143.360000 61
143.360000 143.584000 59
143.744000 144.128000 56
144.640000 144.928000 63
144.928000 145.984000 62
146.528000 146.656000 63
146.848000 147.232000 63
147.328000 147.872000 63
148.288000 148.608000 63
148.704000 148.800000 61
148.896000 149.216000 58
149.344000 149.696000 56
150.208000 150.432000 63
150.560000 150.752000 63
150.752000 151.296000 67
151.296000 151.616000 70
152.128000 152.480000 68
152.480000 152.832000 64
152.832000 153.504000 69
154.080000 154.912000 66
155.008000 155.200000 66
155.200000 155.264000 65
155.264000 155.552000 64
155.680000 155.904000 61
155.904000 156.096000 66
156.256000 156.448000 64
156.448000 156.672000 63
156.672000 157.248000 60
157.792000 157.952000 63
158.112000 158.208000 64
158.208000 158.624000 59
158.720000 159.040000 59
159.680000 159.968000 59
160.608000 160.864000 61
161.472000 161.824000 63
161.984000 162.336000 59
162.464000 162.752000 59
