7.680000 7.872000 55
18.304000 18.656000 62
18.848000 19.200000 60
19.424000 19.552000 62
19.744000 20.032000 62
20.256000 20.608000 62
20.832000 21.728000 62
22.784000 23.136000 62
23.616000 24.000000 62
24.192000 24.896000 62
25.056000 25.408000 62
25.600000 25.728000 60
25.888000 26.336000 57
26.336000 26.688000 60
27.264000 27.648000 65
27.840000 27.936000 60
28.128000 28.224000 65
28.384000 28.544000 65
28.672000 29.056000 62
29.248000 30.048000 69
30.048000 30.784000 67
30.944000 31.008000 64
31.200000 31.680000 64
32.608000 32.832000 65
32.832000 33.056000 62
33.152000 33.504000 60
33.728000 34.048000 69
34.048000 34.528000 65
34.848000 35.104000 61
35.104000 35.232000 64
35.712000 36.768000 65
54.176000 54.304000 62
54.464000 55.104000 62
55.584000 55.840000 72
55.840000 56.000000 66
56.448000 56.800000 60
56.992000 57.568000 65
58.688000 58.784000 62
58.944000 59.168000 62
59.168000 59.520000 61
60.064000 60.320000 72
60.928000 61.536000 74
61.760000 62.848000 69
63.456000 63.872000 72
64.000000 64.384000 74
64.544000 65.504000 69
65.728000 66.080000 62
66.240000 66.752000 65
66.752000 67.168000 61
67.904000 68.416000 72
68.512000 68.832000 74
69.056000 69.440000 69
69.632000 69.856000 67
69.856000 70.592000 66
70.752000 71.680000 65
72.128000 73.056000 62
73.216000 73.760000 72
73.760000 73.984000 67
74.368000 74.752000 61
74.944000 75.744000 65
76.608000 77.120000 62
77.120000 77.472000 61
77.856000 78.272000 53
78.592000 79.040000 60
79.136000 79.520000 62
79.712000 80.832000 69
81.120000 81.248000 60
81.344000 81.408000 72
81.408000 81.920000 72
81.920000 82.528000 74
82.528000 82.976000 71
83.104000 83.328000 67
83.328000 84.032000 65
84.128000 84.640000 65
84.736000 85.280000 60
85.568000 85.760000 62
85.856000 86.784000 74
86.976000 87.968000 69
88.096000 88.544000 62
88.672000 89.664000 65
94.560000 95.200000 75
95.776000 95.936000 76
96.064000 96.192000 74
99.168000 99.680000 74
99.808000 100.032000 74
100.192000 100.768000 76
101.504000 101.856000 72
101.856000 102.400000 76
125.952000 126.208000 62
126.560000 126.816000 60
127.104000 127.200000 62
127.424000 127.680000 62
127.936000 128.320000 62
128.480000 129.472000 62
130.464000 130.752000 62
131.296000 131.680000 62
131.840000 132.384000 62
132.704000 133.088000 62
133.248000 133.440000 60
133.536000 134.048000 58
134.048000 134.368000 60
134.944000 135.264000 65
135.488000 135.616000 61
135.776000 136.160000 65
136.352000 136.704000 62
136.896000 137.696000 69
137.696000 138.464000 67
138.880000 139.392000 64
139.968000 140.064000 64
140.256000 140.512000 65
140.512000 141.216000 62
141.376000 141.664000 69
141.664000 142.208000 66
142.496000 142.752000 60
142.752000 142.880000 64
143.392000 145.600000 65
149.536000 150.336000 65
157.984000 159.040000 65
161.856000 161.952000 62
162.112000 162.784000 62
162.976000 163.072000 72
163.232000 163.488000 72
164.096000 164.480000 60
164.672000 165.184000 65
166.624000 167.232000 62
167.456000 167.552000 70
167.744000 168.000000 72
168.320000 168.448000 72
168.544000 168.768000 72
168.864000 169.216000 74
169.408000 170.432000 69
171.104000 171.648000 72
171.648000 171.968000 74
172.224000 172.640000 69
172.768000 172.992000 67
172.992000 173.216000 66
173.440000 173.792000 62
173.920000 174.432000 65
174.432000 174.752000 62
175.584000 175.968000 72
176.128000 176.512000 74
176.736000 177.152000 69
177.280000 177.504000 67
177.504000 177.760000 66
177.760000 178.208000 63
178.400000 179.296000 65
179.776000 179.936000 62
180.064000 180.704000 62
180.928000 181.088000 71
181.184000 181.408000 72
181.408000 181.600000 70
181.760000 181.856000 60
182.048000 182.432000 60
182.592000 183.168000 65
183.264000 183.424000 67
184.064000 184.224000 67
184.224000 185.184000 62
185.472000 185.536000 72
185.600000 185.888000 72
185.888000 186.208000 68
186.208000 187.136000 62
187.360000 188.544000 69
188.896000 189.056000 74
189.056000 189.600000 73
189.600000 190.208000 74
190.208000 190.496000 69
190.496000 190.976000 68
190.976000 191.712000 66
191.840000 192.320000 65
192.448000 192.832000 61
193.248000 193.376000 60
193.536000 194.080000 72
194.080000 194.560000 74
194.656000 195.648000 69
195.776000 195.904000 62
196.064000 196.224000 62
196.352000 197.280000 65
199.008000 199.136000 58
199.424000 199.616000 58
200.000000 200.128000 58
214.560000 214.784000 60
215.136000 215.616000 62
215.776000 216.000000 62
216.128000 216.608000 62
216.800000 217.120000 58
217.248000 217.568000 58
217.728000 218.272000 65
218.368000 218.464000 65
218.624000 218.784000 65
218.784000 219.392000 61
219.488000 220.000000 60
220.160000 220.512000 62
220.608000 220.864000 62
221.312000 221.632000 58
221.792000 222.048000 58
222.432000 222.624000 53
222.848000 223.232000 53
223.552000 224.352000 60
224.704000 224.960000 62
225.184000 225.376000 62
225.376000 226.080000 61
226.240000 226.592000 58
226.912000 227.776000 53
228.448000 228.896000 60
229.248000 229.408000 62
230.432000 230.560000 58
230.816000 231.040000 58
231.392000 231.648000 53
231.840000 232.192000 53
232.544000 233.472000 60
233.568000 236.032000 62
236.160000 236.480000 61
236.480000 237.216000 65
237.632000 237.824000 60
238.112000 239.712000 62
239.808000 240.416000 68
240.544000 240.640000 65
241.024000 241.120000 65
241.216000 241.504000 65
241.504000 242.624000 68
242.624000 243.104000 74
243.104000 244.000000 74
244.000000 244.960000 69
245.344000 245.440000 72
247.072000 247.200000 74
247.200000 247.360000 70
247.488000 247.616000 69
247.936000 248.160000 74
248.160000 248.512000 72
248.512000 248.832000 70
249.056000 249.088000 68
249.152000 249.408000 68
249.888000 250.016000 68
251.168000 251.264000 67
