14.304000 15.104000 65
15.200000 15.296000 61
15.424000 15.584000 65
15.712000 15.936000 65
16.032000 16.512000 65
16.512000 16.928000 64
17.088000 17.248000 65
17.376000 17.568000 63
17.568000 17.792000 62
17.792000 18.016000 65
18.208000 18.304000 63
18.624000 19.072000 65
19.200000 19.904000 65
20.000000 21.344000 66
21.408000 21.568000 63
22.944000 25.120000 67
25.120000 25.344000 62
25.792000 26.304000 64
26.976000 27.968000 65
27.968000 28.320000 61
28.416000 28.576000 64
28.672000 29.312000 65
29.440000 29.536000 63
29.568000 29.792000 62
29.792000 30.048000 65
30.144000 30.240000 65
30.240000 30.688000 65
30.688000 30.816000 65
30.976000 31.168000 63
31.168000 31.296000 61
31.424000 33.152000 67
33.152000 34.560000 64
35.488000 35.584000 62
35.584000 35.968000 65
36.064000 37.696000 65
38.432000 38.528000 60
38.624000 39.360000 64
39.552000 39.712000 60
39.808000 40.128000 67
40.256000 40.512000 68
40.512000 41.152000 67
41.408000 41.664000 67
41.792000 42.016000 68
42.016000 42.784000 67
43.008000 43.200000 65
43.200000 44.352000 68
44.608000 44.768000 65
44.768000 45.216000 68
45.216000 45.664000 65
45.824000 46.624000 65
47.744000 48.928000 65
49.024000 49.152000 65
49.248000 50.240000 63
50.784000 50.848000 61
50.848000 51.808000 64
51.808000 52.128000 60
52.608000 52.896000 67
53.024000 53.952000 68
54.176000 54.464000 67
54.528000 55.520000 68
55.776000 56.704000 68
56.800000 57.120000 65
57.408000 57.568000 66
57.568000 57.920000 68
57.920000 59.008000 68
59.584000 60.608000 68
60.672000 61.184000 68
61.184000 63.232000 72
63.232000 64.544000 73
64.672000 64.832000 70
64.832000 65.632000 68
65.856000 66.304000 65
66.464000 66.944000 65
67.616000 67.904000 67
67.968000 68.960000 68
68.960000 70.176000 65
70.656000 72.128000 67
72.320000 73.248000 63
73.856000 75.936000 65
76.064000 76.160000 63
76.192000 76.224000 62
76.384000 76.544000 63
76.800000 76.992000 60
77.120000 78.528000 68
78.624000 79.040000 65
79.200000 79.744000 66
80.256000 80.320000 65
80.320000 80.704000 67
80.800000 81.664000 68
81.664000 82.976000 65
83.200000 83.232000 65
83.552000 83.776000 67
83.776000 84.928000 72
85.088000 85.888000 68
86.400000 86.496000 68
86.624000 87.008000 67
87.136000 87.296000 69
87.296000 87.904000 70
88.000000 88.096000 67
88.192000 88.864000 67
88.992000 89.376000 72
89.472000 89.664000 72
89.664000 90.048000 71
90.048000 90.464000 70
90.464000 91.776000 70
92.192000 92.800000 72
92.896000 93.600000 71
93.600000 94.144000 70
94.144000 94.880000 67
95.360000 95.584000 71
95.584000 95.968000 72
95.968000 96.064000 71
96.064000 98.176000 72
98.560000 99.200000 72
99.264000 99.520000 71
100.096000 100.608000 70
100.704000 100.800000 70
100.896000 101.088000 70
101.152000 101.312000 67
101.408000 101.824000 66
101.824000 103.712000 72
103.712000 104.384000 66
104.896000 105.600000 72
105.600000 106.944000 71
106.944000 107.520000 66
108.128000 108.800000 72
108.800000 109.152000 71
109.152000 110.464000 72
110.464000 110.944000 72
111.360000 112.000000 72
112.096000 112.704000 72
112.992000 113.824000 70
114.080000 114.208000 68
114.208000 114.464000 66
114.592000 115.008000 63
115.104000 115.328000 62
116.352000 116.512000 60
116.672000 117.408000 65
117.472000 117.504000 65
117.952000 118.368000 65
118.496000 118.976000 65
119.072000 119.328000 63
119.456000 119.648000 65
119.808000 120.128000 63
120.224000 120.448000 65
120.640000 121.088000 64
121.088000 122.016000 65
122.368000 123.520000 67
123.520000 124.544000 62
125.024000 125.568000 65
125.664000 125.920000 65
126.016000 127.488000 63
128.032000 128.128000 60
128.224000 128.960000 64
129.184000 129.408000 61
129.408000 129.728000 67
129.856000 130.112000 68
130.112000 130.784000 67
131.008000 131.296000 67
131.392000 131.648000 68
131.648000 132.352000 67
132.672000 133.536000 68
133.632000 133.984000 65
134.208000 134.304000 65
134.400000 134.624000 68
134.720000 135.328000 67
135.424000 135.616000 65
135.648000 136.256000 63
137.344000 138.432000 66
138.624000 138.752000 65
138.848000 139.808000 63
140.384000 140.448000 61
140.448000 141.408000 64
141.408000 141.760000 60
142.240000 142.528000 67
142.688000 143.584000 68
143.776000 144.032000 67
144.160000 145.120000 68
145.376000 145.632000 65
145.632000 146.720000 68
147.008000 147.200000 66
147.200000 148.608000 68
149.184000 150.144000 68
150.272000 152.416000 70
152.512000 152.640000 68
152.640000 154.592000 73
154.720000 155.104000 68
155.104000 156.960000 72
157.280000 157.376000 67
157.600000 158.464000 70
158.496000 159.104000 65
159.296000 159.328000 65
159.360000 159.744000 65
159.840000 160.000000 65
160.096000 161.056000 65
161.344000 161.824000 70
162.016000 162.336000 68
163.456000 163.616000 63
163.840000 164.000000 63
164.000000 165.184000 65
165.440000 165.984000 73
166.112000 166.560000 72
166.912000 167.392000 67
167.552000 167.872000 72
168.128000 168.320000 72
168.320000 168.352000 68
168.448000 168.608000 65
168.768000 168.896000 65
169.056000 169.120000 65
169.280000 169.568000 72
169.824000 169.856000 73
169.952000 171.072000 70
171.392000 172.512000 65
172.800000 172.832000 63
173.120000 173.376000 67
173.376000 175.392000 72
175.392000 176.480000 72
176.544000 176.736000 65
176.736000 177.504000 70
177.600000 178.496000 67
178.592000 179.104000 71
179.200000 180.160000 71
180.256000 180.480000 70
180.608000 181.856000 66
181.856000 182.304000 72
182.496000 183.264000 71
183.424000 183.648000 70
183.648000 183.776000 69
184.064000 184.480000 66
184.960000 185.504000 72
185.600000 185.632000 70
185.664000 186.400000 71
186.624000 187.008000 71
187.136000 187.392000 72
187.712000 187.968000 68
187.968000 188.192000 70
188.224000 188.640000 72
188.864000 188.928000 68
189.632000 190.176000 70
190.368000 190.432000 67
190.784000 191.552000 71
191.552000 191.680000 72
191.776000 192.768000 72
192.960000 193.280000 70
193.280000 193.888000 66
194.144000 195.296000 72
195.392000 196.064000 71
196.160000 196.544000 70
196.544000 197.216000 66
197.216000 197.600000 69
197.728000 198.816000 72
198.816000 199.648000 70
199.648000 200.576000 72
200.960000 202.464000 72
202.624000 202.944000 70
203.296000 203.520000 71
203.712000 203.776000 68
203.776000 204.192000 66
204.192000 204.480000 72
204.736000 205.664000 72
205.792000 206.112000 70
206.112000 206.976000 68
207.136000 208.832000 72
208.960000 209.280000 70
209.280000 210.080000 68
210.560000 210.912000 71
210.912000 211.200000 72
211.200000 214.368000 72
214.368000 214.400000 68
214.496000 214.688000 70
214.944000 215.008000 70
215.200000 215.776000 70
215.840000 216.000000 70
216.096000 216.288000 70
216.352000 216.480000 67
216.576000 216.896000 66
216.896000 217.280000 72
217.376000 218.368000 72
218.528000 218.880000 71
219.232000 220.064000 80
220.064000 221.664000 76
221.664000 222.016000 70
222.240000 222.432000 65
222.656000 222.816000 70
222.816000 222.976000 69
222.976000 223.680000 67
223.712000 224.384000 65
224.512000 225.664000 72
225.664000 226.624000 76
226.624000 228.384000 72
228.384000 228.512000 70
228.608000 228.992000 63
229.408000 229.696000 66
229.792000 230.208000 72
230.272000 230.464000 72
230.464000 230.848000 71
230.848000 231.232000 70
231.232000 231.840000 70
231.840000 232.576000 66
233.024000 233.696000 72
233.728000 234.048000 71
234.048000 234.944000 70
234.944000 235.648000 67
236.160000 236.384000 71
236.384000 236.800000 72
236.800000 239.008000 72
239.360000 240.000000 72
240.064000 240.320000 71
240.864000 241.408000 70
241.408000 241.792000 63
241.952000 242.080000 67
242.208000 242.464000 66
242.592000 243.232000 63
