1.600000 1.728000 60
1.824000 2.144000 60
3.584000 3.680000 64
4.992000 5.216000 68
5.216000 5.568000 66
5.792000 6.016000 73
6.624000 6.784000 76
7.392000 7.648000 71
10.496000 10.720000 58
14.944000 15.296000 56
16.640000 16.864000 55
23.232000 23.392000 65
23.648000 24.544000 69
25.728000 25.856000 67
26.400000 26.496000 67
26.720000 27.296000 69
29.376000 29.664000 65
29.760000 30.720000 69
30.880000 30.976000 70
31.648000 31.712000 67
32.832000 33.088000 64
33.216000 33.344000 62
33.344000 33.568000 65
33.568000 34.016000 62
34.304000 34.560000 58
34.720000 35.520000 58
35.712000 35.872000 58
36.224000 36.288000 58
36.288000 36.352000 61
36.352000 36.672000 65
36.672000 37.024000 61
37.440000 38.496000 58
39.392000 39.456000 62
39.456000 39.744000 65
39.744000 40.032000 62
40.448000 40.768000 58
40.896000 41.696000 58
41.696000 42.560000 64
42.656000 43.136000 65
43.456000 44.000000 60
44.224000 44.992000 70
45.568000 45.984000 65
45.984000 46.208000 60
46.592000 47.712000 58
48.576000 48.640000 61
48.640000 49.024000 65
49.024000 49.408000 61
49.728000 50.816000 58
51.712000 52.032000 65
52.032000 52.480000 61
52.832000 53.312000 58
53.408000 53.760000 58
53.760000 54.688000 61
54.688000 55.360000 65
55.904000 56.288000 60
56.512000 57.216000 70
57.440000 57.952000 69
57.952000 58.496000 67
58.752000 58.912000 60
59.040000 59.104000 67
59.104000 59.424000 69
59.424000 59.968000 67
60.320000 60.480000 72
60.480000 60.736000 69
60.928000 61.536000 67
62.016000 62.080000 63
62.080000 62.304000 68
62.400000 62.624000 69
62.720000 63.072000 65
63.616000 63.744000 67
63.744000 64.032000 69
64.032000 64.256000 67
64.384000 64.704000 65
64.960000 65.120000 59
65.120000 65.184000 62
65.184000 65.312000 66
65.408000 65.728000 67
65.920000 67.264000 67
67.264000 67.360000 61
67.360000 68.128000 60
68.608000 70.368000 70
70.432000 71.136000 69
71.296000 71.552000 69
71.840000 72.192000 69
72.256000 72.320000 70
72.320000 72.608000 72
72.768000 73.504000 67
73.664000 73.760000 67
74.432000 74.912000 72
74.912000 76.480000 69
76.864000 77.568000 69
77.824000 78.464000 69
78.944000 79.968000 67
80.544000 80.736000 71
80.864000 81.152000 70
81.216000 81.440000 69
81.568000 81.952000 67
82.368000 82.496000 67
82.688000 82.944000 72
83.072000 83.264000 65
83.424000 83.712000 72
83.808000 83.968000 64
83.968000 84.384000 62
84.576000 84.832000 65
84.928000 85.152000 72
85.312000 85.536000 65
85.696000 85.888000 72
86.144000 86.336000 65
86.464000 87.136000 72
87.232000 87.904000 69
88.224000 88.512000 69
88.608000 89.248000 69
89.376000 89.728000 69
89.952000 90.432000 69
90.528000 90.880000 69
91.296000 92.128000 68
92.736000 92.800000 65
92.800000 94.208000 70
94.208000 95.104000 66
97.760000 97.792000 59
97.824000 97.888000 62
97.888000 98.048000 65
98.240000 98.592000 60
98.976000 99.552000 58
99.648000 100.096000 58
100.896000 100.992000 59
100.992000 101.120000 64
101.312000 101.568000 60
101.984000 102.272000 58
102.656000 103.200000 58
103.904000 103.968000 59
103.968000 104.000000 60
104.000000 104.416000 65
104.416000 104.736000 61
105.152000 106.496000 60
106.656000 106.976000 60
107.328000 107.744000 65
108.000000 108.416000 60
108.576000 109.632000 70
110.144000 110.400000 64
110.528000 110.848000 60
111.136000 111.680000 58
111.904000 112.096000 58
112.288000 112.384000 58
113.312000 113.344000 62
113.600000 113.920000 60
114.432000 115.168000 58
116.256000 116.320000 59
116.320000 116.384000 62
116.384000 116.608000 65
116.608000 117.088000 62
117.344000 117.920000 58
118.080000 118.560000 58
118.560000 119.392000 60
119.392000 119.968000 65
120.320000 120.928000 60
121.120000 121.856000 70
122.080000 122.656000 69
122.656000 123.072000 66
123.616000 123.680000 66
123.680000 124.192000 69
124.192000 124.608000 66
125.024000 125.376000 69
125.536000 125.632000 68
125.632000 126.112000 67
126.688000 126.816000 67
126.816000 126.944000 69
127.040000 127.232000 67
127.328000 127.648000 65
128.224000 128.768000 69
128.768000 128.800000 65
128.960000 129.312000 65
129.760000 130.368000 68
130.528000 130.880000 65
130.880000 131.136000 62
131.136000 131.968000 67
131.968000 132.800000 60
133.216000 135.040000 70
135.072000 135.744000 69
135.936000 136.160000 69
136.448000 136.544000 69
136.640000 136.896000 69
136.896000 137.152000 72
137.344000 138.176000 67
138.976000 139.168000 72
139.168000 139.520000 70
139.520000 140.384000 69
140.544000 140.672000 69
140.768000 141.120000 69
141.312000 142.240000 69
142.464000 143.168000 70
143.168000 143.232000 71
143.520000 144.384000 67
145.088000 145.376000 71
145.472000 145.728000 70
145.856000 146.080000 69
146.208000 146.592000 67
146.976000 147.104000 66
147.264000 147.584000 72
147.680000 147.872000 65
148.032000 148.352000 72
148.800000 149.056000 72
149.216000 149.472000 65
149.632000 149.696000 65
149.920000 150.080000 65
150.368000 150.560000 72
150.752000 151.008000 65
151.072000 151.136000 72
151.136000 151.328000 72
151.328000 152.224000 70
152.320000 152.512000 67
152.800000 153.120000 69
153.216000 153.472000 69
153.600000 153.888000 69
153.984000 155.456000 69
155.552000 155.648000 71
155.776000 156.000000 79
156.000000 156.064000 73
156.096000 156.640000 67
156.768000 156.896000 67
157.376000 157.440000 67
157.440000 158.560000 70
158.560000 159.040000 67
159.232000 159.648000 65
159.776000 160.160000 69
160.160000 160.352000 67
161.024000 161.280000 70
161.280000 161.568000 69
161.792000 161.888000 67
162.336000 162.432000 65
162.528000 162.688000 65
162.848000 163.264000 69
163.520000 163.744000 69
164.032000 164.192000 72
164.192000 164.352000 70
164.768000 164.832000 67
164.864000 164.896000 68
165.056000 165.408000 72
166.016000 166.272000 69
166.592000 166.752000 68
167.072000 167.360000 70
167.360000 168.064000 69
168.224000 168.960000 67
169.248000 169.760000 70
170.528000 171.264000 62
171.712000 172.032000 65
172.032000 172.416000 60
172.800000 173.024000 57
173.248000 173.856000 58
174.720000 174.784000 57
174.784000 174.816000 59
174.816000 175.200000 64
175.200000 175.552000 60
175.904000 176.992000 58
177.920000 178.272000 65
178.272000 178.496000 60
178.976000 179.264000 58
179.360000 180.256000 60
180.256000 181.056000 65
181.184000 181.600000 65
182.016000 182.464000 60
182.720000 183.424000 70
183.648000 184.256000 69
184.256000 184.640000 65
184.928000 185.184000 61
185.184000 185.920000 69
185.920000 186.176000 65
186.560000 186.688000 62
186.688000 186.720000 64
186.720000 186.944000 69
187.136000 187.776000 68
188.256000 188.320000 66
188.320000 188.480000 69
188.576000 188.800000 67
188.800000 189.248000 65
189.760000 190.368000 69
190.368000 190.432000 65
190.560000 190.912000 65
191.360000 191.936000 68
192.096000 192.352000 65
192.480000 193.152000 72
193.152000 193.856000 67
194.752000 195.936000 74
195.936000 196.544000 70
196.704000 197.312000 69
197.440000 197.696000 69
197.952000 198.496000 69
198.592000 198.720000 72
198.848000 199.776000 68
200.544000 200.704000 72
200.704000 201.120000 71
201.120000 201.952000 69
202.208000 202.240000 69
202.400000 202.720000 69
202.912000 203.712000 69
204.000000 204.160000 69
204.224000 204.608000 69
204.736000 204.864000 71
205.152000 205.888000 67
206.784000 206.816000 71
207.040000 207.264000 70
207.360000 207.616000 69
207.840000 208.128000 67
208.512000 208.672000 65
208.864000 209.120000 72
209.248000 209.472000 65
209.600000 209.888000 72
209.984000 210.176000 65
210.336000 210.560000 72
211.136000 211.328000 72
211.424000 211.520000 74
211.904000 212.000000 72
212.288000 212.512000 65
212.640000 213.280000 72
213.440000 213.568000 69
213.568000 213.728000 68
213.824000 214.048000 67
214.464000 214.592000 69
214.784000 215.456000 69
215.584000 216.000000 69
216.032000 217.024000 69
217.120000 217.216000 71
217.344000 217.504000 79
217.760000 218.304000 67
218.976000 219.136000 70
219.136000 220.320000 72
220.320000 220.960000 72
221.024000 221.056000 69
221.280000 221.568000 69
221.696000 221.920000 69
222.112000 222.336000 69
222.592000 222.720000 69
222.880000 223.328000 72
223.424000 223.872000 67
223.936000 223.968000 67
224.032000 224.096000 67
224.096000 224.736000 72
225.184000 225.312000 72
225.312000 225.728000 70
225.728000 226.624000 69
226.752000 226.848000 69
226.944000 227.232000 69
227.584000 228.384000 71
228.608000 229.248000 70
229.344000 229.536000 72
229.824000 230.528000 67
231.232000 231.360000 67
231.456000 231.552000 70
231.680000 231.936000 70
232.032000 232.224000 69
232.352000 232.736000 67
233.472000 233.792000 72
233.792000 234.016000 68
234.240000 234.528000 72
234.624000 234.848000 65
234.944000 235.200000 72
235.296000 235.648000 65
235.744000 235.872000 65
236.064000 236.288000 65
236.512000 236.704000 72
236.960000 237.184000 64
237.312000 237.504000 72
237.504000 238.144000 70
238.144000 238.656000 69
239.008000 239.328000 69
239.424000 242.912000 71
243.648000 245.344000 70
245.344000 246.368000 66
