7.520000 7.648000 67
8.416000 8.544000 67
8.672000 8.992000 68
11.904000 12.320000 57
12.896000 13.184000 56
13.312000 14.624000 56
15.168000 15.424000 59
19.424000 19.808000 64
19.904000 20.608000 64
20.608000 20.992000 63
22.272000 22.464000 59
22.816000 24.256000 63
24.448000 24.864000 61
25.568000 25.984000 61
26.080000 26.208000 66
26.208000 26.432000 68
26.624000 27.680000 68
27.808000 28.224000 64
28.224000 28.992000 63
29.472000 29.760000 61
29.952000 30.080000 67
30.080000 30.272000 68
30.464000 30.752000 66
30.848000 31.040000 68
31.040000 31.136000 67
31.136000 32.000000 66
32.256000 32.512000 59
34.688000 34.848000 64
34.944000 35.488000 64
35.616000 35.776000 64
35.872000 36.032000 63
36.832000 37.088000 56
37.568000 37.856000 59
37.984000 38.528000 63
38.976000 39.520000 63
39.616000 40.224000 61
40.928000 41.248000 61
41.344000 42.144000 68
42.272000 42.464000 68
42.464000 42.880000 67
43.008000 43.328000 64
43.328000 43.936000 63
44.704000 45.056000 61
45.152000 45.408000 64
45.600000 46.912000 71
47.456000 47.680000 68
47.904000 48.320000 59
48.320000 48.864000 66
49.120000 51.264000 66
52.864000 53.792000 64
54.656000 55.040000 68
55.136000 55.712000 68
55.904000 56.256000 71
56.448000 56.768000 68
56.768000 57.792000 64
58.432000 58.848000 68
58.976000 59.552000 68
59.712000 59.904000 66
59.904000 60.480000 65
60.480000 61.312000 62
62.272000 62.656000 68
62.752000 63.072000 66
63.136000 63.456000 68
63.456000 64.384000 72
64.640000 65.344000 69
65.344000 65.952000 66
66.112000 66.304000 61
66.496000 66.848000 68
67.168000 67.424000 63
67.872000 68.064000 64
68.192000 68.480000 66
68.640000 68.896000 68
69.920000 70.240000 68
70.368000 70.976000 68
71.168000 71.488000 71
71.648000 71.936000 68
71.936000 72.832000 64
73.728000 74.592000 68
74.592000 75.200000 71
75.392000 75.904000 69
76.096000 76.480000 75
76.608000 77.312000 71
77.504000 78.752000 73
79.392000 79.552000 68
79.648000 80.256000 69
80.384000 80.576000 68
80.576000 80.608000 67
80.608000 80.800000 66
80.896000 81.184000 61
81.376000 81.632000 63
81.920000 82.240000 68
82.720000 83.264000 63
83.488000 84.256000 64
103.232000 103.584000 64
103.744000 104.640000 64
105.408000 105.984000 56
105.984000 106.432000 59
106.560000 108.128000 63
108.288000 108.608000 61
109.408000 109.792000 61
109.920000 110.272000 68
110.432000 111.488000 68
111.488000 112.128000 65
112.128000 112.800000 62
113.248000 113.568000 61
113.728000 114.048000 68
114.176000 115.168000 68
115.168000 115.840000 65
116.032000 116.832000 60
117.056000 117.152000 59
118.464000 119.584000 64
119.712000 119.840000 63
120.192000 120.224000 59
120.640000 121.184000 57
121.376000 121.696000 59
121.824000 122.464000 63
122.752000 123.360000 63
123.488000 124.160000 64
124.672000 125.088000 62
125.088000 125.984000 68
126.080000 126.720000 68
126.848000 127.104000 64
127.104000 127.808000 63
128.576000 128.832000 61
128.960000 129.216000 64
129.408000 131.200000 71
131.424000 131.648000 68
131.840000 132.256000 59
132.256000 132.288000 60
132.288000 132.800000 66
133.088000 135.808000 66
136.160000 136.256000 67
136.480000 136.704000 68
138.464000 138.848000 68
138.944000 139.520000 68
139.712000 140.032000 71
140.224000 140.576000 68
140.576000 141.632000 63
142.272000 142.656000 67
142.784000 143.168000 67
143.168000 143.616000 70
143.616000 144.352000 66
144.352000 145.632000 62
146.080000 146.464000 68
146.592000 146.880000 66
147.040000 147.360000 69
147.360000 148.480000 72
148.480000 149.152000 69
149.152000 149.760000 67
149.856000 150.176000 62
150.304000 150.592000 68
150.816000 151.264000 63
151.584000 151.744000 64
151.840000 152.448000 67
152.544000 153.216000 57
153.728000 154.080000 68
154.208000 154.784000 68
154.944000 155.296000 71
155.456000 155.776000 68
155.776000 157.056000 64
157.568000 158.400000 68
158.400000 159.072000 71
159.264000 159.712000 68
159.872000 160.448000 75
160.448000 161.152000 71
161.312000 162.880000 73
163.200000 164.480000 69
164.672000 164.960000 61
165.120000 165.408000 63
165.632000 166.400000 68
166.464000 166.624000 65
166.720000 167.008000 63
168.128000 170.176000 64
171.328000 171.584000 63
171.584000 172.640000 68
173.248000 173.696000 65
173.696000 174.048000 66
174.176000 177.792000 68
178.976000 180.000000 66
180.672000 181.216000 66
181.344000 181.600000 65
181.792000 182.240000 69
182.432000 185.472000 69
186.336000 188.032000 64
188.128000 188.480000 63
188.480000 188.832000 65
188.832000 189.568000 68
190.048000 190.208000 64
190.432000 190.848000 66
191.008000 192.160000 67
192.288000 193.536000 69
194.112000 194.848000 71
195.104000 196.288000 65
196.512000 198.688000 67
199.488000 199.808000 68
200.032000 200.512000 68
200.800000 201.056000 71
201.248000 201.440000 67
201.728000 202.144000 61
203.232000 203.584000 68
203.808000 204.384000 68
204.544000 205.280000 66
207.040000 207.392000 68
207.520000 207.776000 66
207.968000 208.160000 68
208.160000 208.608000 73
208.736000 209.120000 71
209.376000 210.176000 69
210.368000 210.624000 61
210.816000 211.008000 62
211.200000 211.456000 68
211.744000 212.096000 63
212.480000 212.672000 64
212.768000 213.280000 67
213.280000 214.080000 68
214.688000 215.008000 68
215.136000 215.712000 68
215.904000 216.224000 71
216.416000 216.832000 68
216.832000 217.856000 62
218.496000 218.880000 68
218.880000 219.808000 70
219.808000 219.872000 71
219.872000 220.064000 71
220.224000 220.672000 68
220.832000 221.472000 75
221.472000 222.080000 70
222.272000 223.616000 73
224.128000 224.288000 68
224.384000 225.024000 69
225.120000 225.408000 68
225.728000 225.856000 62
226.048000 226.368000 63
226.624000 227.264000 68
227.520000 228.096000 63
228.160000 229.984000 64
