23.424000 23.520000 60
23.520000 23.712000 63
23.776000 23.968000 65
24.192000 24.384000 62
24.480000 25.184000 63
25.696000 25.824000 62
25.920000 26.912000 64
27.040000 27.392000 64
27.584000 27.808000 62
27.808000 28.192000 64
28.192000 29.600000 67
29.760000 29.920000 62
30.016000 31.648000 64
32.160000 32.288000 62
32.288000 32.768000 66
32.864000 32.992000 62
33.248000 33.504000 62
33.504000 33.888000 61
34.336000 34.432000 62
34.592000 35.360000 62
35.584000 35.904000 64
36.224000 36.672000 64
36.768000 38.560000 67
38.560000 39.872000 63
39.872000 41.024000 67
41.376000 42.080000 69
42.176000 42.496000 66
42.752000 43.392000 62
43.392000 43.744000 60
44.640000 45.088000 62
45.184000 45.344000 64
45.440000 45.824000 67
45.824000 45.920000 72
45.920000 46.400000 70
46.528000 47.904000 66
48.000000 48.864000 64
49.248000 49.376000 62
49.472000 49.760000 63
49.760000 51.392000 72
51.392000 53.056000 66
53.248000 53.344000 60
53.536000 53.728000 62
53.824000 54.176000 65
54.176000 55.328000 67
55.424000 55.552000 64
55.776000 56.864000 62
56.864000 57.856000 65
58.016000 58.240000 62
58.432000 58.912000 62
59.456000 60.000000 64
60.992000 61.344000 58
62.208000 62.400000 64
62.592000 62.720000 62
62.944000 63.360000 66
63.360000 63.712000 68
64.096000 64.256000 65
64.384000 64.992000 64
65.152000 65.344000 67
65.408000 65.440000 64
66.016000 66.048000 63
66.144000 66.176000 66
66.592000 66.688000 62
66.816000 66.912000 60
66.944000 66.976000 61
67.520000 67.648000 58
68.352000 68.384000 62
68.416000 68.480000 67
68.480000 68.704000 69
68.704000 69.504000 67
69.504000 69.984000 57
70.432000 70.528000 59
70.752000 70.976000 62
71.136000 71.456000 65
71.456000 71.808000 67
72.192000 72.384000 62
72.480000 73.504000 66
73.888000 73.952000 62
74.272000 74.400000 64
75.232000 75.424000 62
75.552000 75.680000 61
76.256000 76.480000 62
76.480000 76.640000 57
77.312000 77.504000 54
78.592000 78.688000 54
79.200000 79.328000 62
79.584000 79.648000 62
79.712000 80.032000 64
80.064000 80.544000 68
80.640000 80.704000 67
80.704000 81.088000 71
81.088000 81.312000 67
81.568000 81.664000 66
82.208000 83.200000 64
83.392000 83.520000 65
83.616000 83.840000 67
84.000000 84.224000 63
85.152000 86.496000 62
87.328000 88.416000 59
88.896000 89.504000 63
89.504000 90.272000 67
90.560000 90.784000 64
91.040000 91.648000 55
92.128000 92.576000 57
92.576000 92.832000 62
92.992000 93.184000 65
93.408000 94.528000 62
94.848000 95.616000 62
95.712000 95.936000 64
96.128000 96.448000 64
96.800000 97.184000 64
97.280000 97.408000 64
97.408000 98.048000 67
98.048000 98.304000 64
98.432000 99.104000 67
99.104000 99.584000 63
99.744000 99.936000 62
100.032000 100.800000 64
101.376000 101.568000 62
102.016000 102.688000 70
102.720000 103.104000 66
103.264000 103.904000 63
104.160000 104.352000 62
104.352000 104.480000 66
105.184000 105.664000 62
105.664000 106.080000 65
106.080000 106.528000 69
106.752000 106.912000 67
107.136000 107.392000 66
107.392000 108.128000 63
108.256000 108.736000 62
108.832000 109.056000 64
109.280000 109.408000 64
109.824000 109.952000 62
110.080000 110.208000 61
110.304000 111.392000 69
111.616000 111.840000 70
111.840000 111.936000 72
112.064000 112.192000 69
112.192000 112.352000 67
112.512000 113.600000 63
114.112000 114.208000 62
114.368000 114.464000 64
114.592000 114.688000 64
114.848000 115.008000 67
115.200000 115.264000 64
115.264000 115.680000 67
115.776000 115.808000 64
115.840000 115.904000 65
115.968000 116.096000 64
116.224000 116.384000 66
116.384000 116.800000 63
117.152000 117.344000 62
117.344000 117.760000 64
117.920000 118.400000 65
118.560000 118.784000 62
118.976000 119.360000 62
120.288000 120.320000 62
120.352000 120.576000 64
120.736000 120.992000 63
121.184000 121.376000 62
121.600000 121.824000 57
121.856000 122.080000 56
122.784000 123.008000 64
123.552000 123.904000 65
124.928000 125.184000 63
125.280000 125.344000 62
125.344000 125.440000 62
125.440000 125.600000 65
125.600000 125.952000 67
125.984000 126.048000 65
126.112000 126.240000 64
126.496000 126.560000 62
126.560000 126.624000 64
126.752000 126.912000 69
127.104000 127.264000 62
127.296000 127.584000 62
128.128000 128.608000 64
128.704000 128.864000 62
128.992000 129.088000 64
129.216000 129.952000 65
130.048000 130.304000 62
130.560000 130.816000 63
131.520000 131.616000 62
131.648000 131.936000 64
132.032000 132.288000 67
132.288000 132.448000 63
132.992000 133.056000 64
133.056000 133.760000 67
133.952000 134.048000 66
134.144000 134.848000 75
134.976000 135.136000 67
135.264000 135.424000 64
135.424000 135.616000 68
135.712000 135.872000 69
135.968000 136.128000 69
136.608000 136.704000 68
136.928000 136.960000 72
138.144000 138.272000 63
138.496000 138.592000 69
138.912000 139.072000 64
139.296000 139.392000 64
139.840000 140.000000 65
140.064000 140.192000 63
140.256000 140.288000 62
140.864000 141.088000 64
141.088000 141.376000 67
141.376000 141.536000 70
141.920000 142.112000 66
142.304000 142.720000 62
142.816000 142.880000 66
142.880000 143.136000 67
143.296000 143.456000 66
143.808000 144.032000 65
144.032000 144.256000 69
144.256000 144.448000 64
144.480000 144.640000 62
144.800000 144.992000 62
145.664000 146.048000 62
146.272000 146.592000 68
146.592000 147.232000 64
147.328000 147.968000 62
148.416000 148.640000 65
148.640000 148.736000 68
148.896000 149.120000 62
149.504000 151.776000 62
151.904000 152.192000 59
153.376000 153.440000 60
153.600000 155.584000 63
155.744000 157.344000 54
157.728000 157.760000 59
157.824000 158.912000 63
159.008000 159.904000 64
160.128000 160.896000 54
160.896000 161.728000 57
161.760000 161.984000 58
162.144000 163.136000 64
163.488000 164.128000 57
164.480000 165.568000 54
165.888000 166.336000 59
166.496000 166.912000 62
167.072000 167.296000 62
167.648000 167.744000 69
167.840000 167.968000 69
168.128000 168.512000 74
168.608000 169.536000 69
169.536000 169.952000 66
170.048000 170.368000 62
170.368000 170.464000 66
170.592000 170.720000 66
170.880000 170.944000 67
170.944000 171.200000 69
171.200000 171.616000 66
171.680000 171.712000 66
171.904000 172.320000 66
172.480000 172.800000 62
172.864000 173.152000 62
173.152000 173.408000 66
173.536000 173.856000 67
174.368000 174.784000 63
174.880000 175.232000 64
175.232000 175.840000 69
175.872000 176.160000 67
176.288000 176.576000 66
176.608000 177.312000 62
177.536000 177.664000 61
178.016000 178.208000 64
178.464000 178.624000 64
179.264000 179.488000 62
179.520000 181.024000 70
181.280000 181.440000 66
181.504000 181.632000 64
181.792000 182.176000 63
182.304000 182.496000 62
182.592000 182.720000 62
183.008000 183.200000 62
183.296000 183.488000 62
183.584000 183.872000 64
184.000000 184.256000 67
184.352000 185.056000 67
185.152000 185.248000 64
185.568000 185.728000 62
185.792000 185.824000 62
185.856000 185.952000 62
186.304000 186.400000 66
186.624000 186.688000 64
186.720000 186.912000 62
186.912000 187.488000 66
187.488000 187.616000 68
187.616000 188.448000 63
189.920000 190.400000 64
190.592000 191.040000 62
191.808000 191.968000 64
192.032000 192.480000 64
192.768000 193.280000 62
193.952000 195.040000 64
195.936000 196.128000 63
196.256000 196.416000 64
196.512000 196.576000 62
196.576000 196.832000 66
196.832000 196.960000 67
197.152000 197.504000 63
198.144000 198.304000 65
198.304000 198.432000 67
198.720000 198.944000 64
199.296000 199.392000 59
199.488000 199.808000 59
199.936000 200.032000 59
200.224000 200.288000 61
200.288000 200.416000 63
200.576000 200.736000 63
200.768000 201.152000 64
201.248000 201.536000 62
201.952000 202.176000 62
202.464000 202.592000 64
202.720000 202.848000 64
202.976000 203.680000 64
204.224000 204.320000 66
204.448000 204.544000 66
205.440000 207.424000 71
207.552000 210.016000 73
210.400000 210.560000 70
210.560000 210.912000 72
211.008000 211.392000 69
211.488000 211.616000 68
211.904000 212.928000 62
213.216000 213.888000 61
