14.336000 15.040000 64
16.864000 17.152000 64
17.248000 17.728000 61
18.144000 18.720000 61
18.848000 18.944000 59
19.136000 19.296000 58
20.256000 21.024000 52
22.880000 23.104000 64
23.296000 23.552000 61
23.648000 23.872000 59
23.968000 24.224000 59
24.416000 24.576000 60
25.184000 25.376000 64
26.272000 26.464000 64
26.656000 28.160000 61
28.320000 28.480000 63
28.896000 29.056000 64
29.440000 29.696000 61
30.048000 30.496000 59
30.720000 30.752000 59
30.848000 30.880000 59
31.200000 31.456000 57
31.616000 31.648000 57
31.904000 32.192000 59
32.288000 32.896000 59
33.056000 33.536000 59
33.536000 33.696000 61
33.696000 34.048000 59
34.176000 34.528000 57
34.592000 34.752000 59
34.880000 35.008000 64
35.008000 35.040000 60
35.328000 35.552000 61
35.584000 35.616000 61
35.904000 35.936000 58
35.968000 36.032000 58
37.184000 37.408000 57
37.632000 37.728000 64
37.728000 37.792000 60
37.856000 38.048000 57
38.048000 38.208000 59
38.400000 38.560000 59
39.008000 39.712000 61
40.096000 40.512000 57
41.280000 41.568000 64
41.664000 42.304000 62
42.432000 42.656000 60
42.752000 42.880000 57
42.976000 43.104000 59
43.200000 43.488000 57
43.744000 43.872000 57
43.872000 44.160000 59
44.256000 44.512000 65
44.672000 45.056000 61
45.056000 46.272000 60
47.296000 47.392000 59
47.392000 47.520000 56
47.616000 47.680000 59
47.680000 47.744000 59
48.032000 48.224000 61
48.416000 48.960000 61
49.632000 50.848000 60
51.040000 51.936000 61
52.160000 52.512000 57
52.640000 52.832000 52
52.960000 53.312000 52
53.312000 53.568000 49
53.728000 53.824000 47
54.208000 54.336000 52
54.432000 54.912000 49
55.168000 55.360000 47
55.584000 55.872000 52
55.872000 56.256000 50
56.448000 56.928000 49
57.024000 57.536000 50
57.792000 58.560000 50
59.136000 59.328000 52
59.328000 59.584000 49
59.680000 59.808000 47
60.192000 60.320000 52
60.512000 60.672000 49
60.832000 60.928000 48
61.216000 61.376000 52
61.632000 62.144000 49
62.336000 62.560000 49
63.104000 63.264000 50
63.424000 63.552000 47
63.872000 64.096000 50
64.320000 64.480000 49
64.960000 65.088000 49
65.184000 65.216000 48
66.048000 66.304000 61
66.400000 66.528000 60
66.624000 67.072000 61
67.264000 67.552000 59
67.744000 68.128000 61
68.320000 68.864000 61
69.056000 69.600000 61
69.792000 70.048000 61
70.144000 70.272000 61
70.272000 71.520000 61
71.680000 71.776000 59
72.192000 72.576000 61
72.928000 73.088000 59
73.120000 73.184000 58
73.216000 73.600000 59
73.600000 73.920000 58
73.920000 74.176000 61
74.304000 75.648000 61
75.840000 76.256000 49
76.320000 76.512000 47
76.928000 77.024000 52
78.048000 78.208000 61
78.208000 78.560000 61
78.560000 78.976000 58
79.072000 79.456000 57
79.552000 79.968000 61
80.064000 80.192000 58
80.288000 80.512000 59
80.512000 80.992000 57
80.992000 81.664000 61
81.824000 82.464000 59
82.656000 83.264000 61
83.616000 83.776000 61
84.032000 84.192000 61
84.320000 84.512000 61
84.512000 84.672000 60
84.800000 86.112000 61
86.112000 86.944000 58
86.944000 87.360000 61
87.488000 88.544000 59
89.248000 89.344000 60
89.440000 89.632000 61
90.016000 90.400000 59
90.656000 90.944000 59
91.264000 91.360000 57
91.904000 92.192000 59
92.320000 92.896000 59
93.024000 93.184000 59
93.184000 93.344000 57
93.504000 93.760000 61
93.888000 94.048000 59
94.144000 94.880000 59
94.976000 95.104000 60
95.328000 95.552000 61
95.616000 96.096000 59
96.864000 96.896000 62
97.184000 97.472000 57
97.856000 98.016000 57
98.016000 98.208000 59
98.304000 98.560000 59
99.008000 99.488000 59
99.584000 99.712000 61
99.776000 99.904000 67
100.160000 100.512000 57
101.344000 101.568000 64
101.664000 101.760000 62
101.760000 102.656000 61
102.880000 103.040000 59
103.168000 103.488000 57
103.872000 104.128000 59
104.288000 104.512000 64
104.640000 105.056000 62
105.056000 106.208000 59
106.304000 106.464000 57
107.296000 107.456000 61
107.616000 107.840000 59
108.000000 108.160000 61
108.480000 108.960000 61
108.960000 109.088000 58
109.632000 110.848000 60
111.040000 111.136000 59
111.232000 111.616000 60
111.744000 111.968000 59
112.192000 112.512000 57
114.048000 115.520000 66
115.616000 116.224000 61
116.288000 116.320000 62
116.480000 116.576000 63
116.800000 117.920000 62
118.464000 118.560000 61
118.560000 119.072000 62
120.000000 120.352000 56
120.448000 120.832000 56
121.120000 122.240000 62
122.688000 122.720000 62
124.288000 124.512000 71
125.408000 125.632000 57
125.728000 126.272000 52
126.400000 126.912000 54
127.168000 127.712000 47
128.000000 128.192000 54
128.320000 128.576000 47
128.672000 129.728000 50
130.240000 130.400000 49
131.680000 132.800000 54
132.800000 132.896000 47
133.120000 133.728000 48
134.048000 134.272000 49
134.688000 136.544000 50
136.576000 136.672000 48
136.928000 136.992000 48
137.760000 138.080000 52
138.368000 138.976000 54
139.360000 139.872000 55
139.968000 140.160000 54
140.320000 141.824000 50
142.592000 142.688000 50
143.232000 143.392000 53
143.648000 144.096000 52
144.416000 145.024000 54
145.280000 145.792000 54
146.304000 147.200000 65
147.360000 148.256000 62
148.352000 148.736000 61
148.832000 149.088000 64
149.440000 149.696000 61
150.016000 150.400000 59
150.656000 150.720000 59
150.848000 150.944000 59
151.200000 151.456000 57
151.840000 152.192000 59
152.352000 153.216000 60
153.248000 153.280000 57
153.376000 153.536000 59
153.536000 153.696000 61
153.760000 153.888000 57
153.984000 154.560000 58
154.720000 154.848000 62
155.008000 155.200000 62
155.296000 155.744000 61
156.224000 156.288000 59
156.320000 156.384000 59
157.184000 157.440000 57
157.920000 158.272000 59
158.336000 158.368000 59
158.432000 158.496000 59
158.816000 158.912000 59
159.008000 159.776000 61
160.160000 160.352000 57
161.280000 161.728000 64
161.824000 162.304000 61
162.464000 162.656000 60
163.200000 163.456000 57
163.776000 163.840000 57
163.840000 164.160000 59
164.288000 164.512000 64
164.640000 165.056000 62
165.056000 166.464000 59
167.264000 167.424000 61
167.456000 167.488000 61
167.584000 167.744000 59
168.096000 168.128000 59
168.224000 168.256000 59
168.480000 168.960000 61
169.632000 170.176000 60
170.240000 170.816000 59
171.232000 171.680000 61
171.744000 171.968000 59
172.160000 172.512000 57
172.672000 172.960000 64
173.152000 173.728000 62
173.824000 174.336000 61
174.464000 174.976000 59
175.168000 175.264000 64
175.424000 175.584000 64
175.744000 177.152000 62
177.888000 178.048000 59
178.208000 178.496000 56
179.520000 179.648000 54
179.904000 180.064000 55
180.480000 180.576000 54
181.280000 181.408000 54
181.568000 181.792000 54
182.464000 182.720000 52
182.848000 183.616000 50
184.000000 184.352000 50
185.024000 185.120000 50
186.272000 186.976000 47
189.664000 190.528000 50
190.688000 190.880000 50
199.104000 199.200000 60
199.904000 200.064000 59
200.480000 201.440000 59
