0.672000 0.800000 57
0.800000 1.664000 57
1.664000 2.240000 59
2.976000 3.200000 54
3.392000 3.616000 57
3.808000 4.032000 65
4.032000 4.352000 67
4.352000 4.736000 63
4.864000 6.528000 65
8.288000 8.576000 62
8.704000 8.896000 62
9.152000 10.080000 59
10.240000 10.464000 57
10.912000 11.424000 56
12.512000 13.024000 62
13.152000 14.144000 59
14.944000 15.712000 59
16.576000 16.704000 57
16.832000 16.960000 57
17.184000 17.344000 55
17.600000 18.368000 59
18.464000 18.560000 58
19.104000 19.360000 54
19.488000 19.744000 57
20.000000 20.960000 66
21.344000 22.240000 64
22.272000 22.976000 63
23.168000 23.200000 62
23.456000 23.552000 62
24.608000 25.088000 62
25.312000 25.728000 59
25.792000 26.048000 58
26.560000 26.912000 57
27.072000 27.936000 59
29.696000 30.016000 55
30.016000 30.272000 57
30.368000 30.752000 57
30.752000 31.328000 59
31.392000 31.424000 58
32.384000 32.672000 60
32.672000 33.280000 64
33.472000 33.984000 64
34.112000 34.720000 58
34.880000 35.072000 65
35.072000 35.232000 66
35.232000 35.456000 64
35.840000 36.192000 59
36.192000 36.256000 60
36.256000 36.640000 63
36.640000 37.152000 66
37.312000 37.536000 64
37.536000 38.240000 66
38.400000 39.488000 64
39.744000 40.544000 69
40.640000 40.864000 69
42.112000 42.784000 66
42.880000 43.456000 66
43.584000 43.776000 64
44.032000 45.024000 64
45.728000 45.920000 62
45.920000 46.624000 65
46.624000 47.424000 69
47.616000 47.872000 66
48.000000 48.672000 65
49.376000 49.760000 62
50.592000 51.232000 66
51.456000 51.488000 64
51.936000 52.000000 74
52.000000 52.672000 76
53.408000 54.240000 66
54.336000 56.128000 66
56.256000 56.416000 65
57.120000 57.408000 64
57.600000 58.272000 65
58.272000 58.528000 69
59.008000 59.136000 66
59.456000 59.648000 62
59.840000 60.192000 62
60.480000 61.376000 62
61.728000 61.792000 63
61.792000 62.464000 66
62.464000 62.752000 62
63.040000 64.032000 64
65.600000 67.008000 61
67.616000 67.712000 55
68.672000 69.504000 55
69.664000 69.760000 55
70.624000 70.720000 56
70.752000 70.976000 56
71.104000 71.360000 54
71.648000 72.064000 58
73.312000 73.632000 69
73.760000 73.920000 64
73.920000 74.208000 66
74.208000 74.432000 65
74.592000 75.424000 64
75.520000 76.352000 64
76.512000 76.640000 63
77.696000 78.336000 62
78.336000 78.656000 58
78.880000 79.456000 57
79.680000 79.872000 55
80.032000 80.544000 57
81.504000 81.920000 62
82.080000 82.400000 59
82.496000 83.360000 57
83.552000 83.968000 66
83.968000 84.288000 64
84.864000 85.408000 65
85.536000 85.632000 63
85.856000 86.528000 62
87.104000 87.264000 62
87.360000 87.616000 64
87.840000 88.288000 62
88.288000 88.544000 67
88.672000 90.368000 69
90.496000 91.360000 66
91.360000 91.520000 62
91.808000 91.968000 63
92.128000 92.288000 61
92.384000 92.800000 64
92.928000 93.344000 64
93.536000 93.600000 68
93.600000 94.400000 71
94.912000 95.136000 68
95.264000 97.344000 71
97.696000 98.176000 67
98.176000 99.008000 67
99.008000 100.064000 65
100.736000 102.144000 66
102.240000 102.464000 65
102.560000 103.776000 64
103.872000 104.960000 64
105.056000 105.824000 69
106.016000 106.304000 66
106.592000 107.008000 62
107.520000 108.192000 62
108.480000 108.576000 64
108.896000 109.088000 65
109.088000 109.696000 66
110.272000 110.976000 64
111.680000 112.512000 66
112.608000 114.400000 66
115.360000 115.680000 64
115.776000 116.512000 65
116.512000 116.960000 69
117.088000 117.440000 66
117.568000 117.728000 63
118.016000 118.368000 62
118.944000 119.360000 62
119.904000 120.064000 65
120.064000 120.480000 66
120.480000 120.992000 64
121.184000 121.920000 64
122.720000 123.680000 62
123.936000 124.320000 64
124.544000 124.928000 62
125.312000 125.408000 64
125.568000 125.760000 63
126.400000 126.464000 63
126.528000 127.424000 64
127.616000 127.872000 62
127.872000 128.160000 65
128.480000 128.800000 71
130.144000 130.272000 62
130.400000 131.328000 62
131.520000 131.904000 65
132.128000 133.184000 65
133.280000 133.472000 62
133.472000 133.920000 61
134.080000 134.176000 60
134.624000 135.648000 61
136.960000 137.088000 65
137.184000 137.728000 65
137.824000 138.912000 65
139.104000 139.232000 74
139.328000 139.520000 76
139.520000 139.808000 75
140.928000 141.088000 67
141.248000 141.504000 64
141.632000 141.792000 66
142.016000 142.272000 66
142.272000 142.464000 69
142.528000 143.328000 69
144.544000 144.672000 64
144.864000 146.176000 67
146.368000 146.912000 64
147.456000 147.680000 60
147.776000 148.032000 62
148.128000 148.608000 64
148.832000 148.992000 64
149.120000 149.184000 62
149.312000 149.920000 64
150.208000 150.816000 69
151.136000 151.616000 69
151.712000 152.384000 69
152.416000 153.184000 69
153.376000 153.952000 62
154.016000 154.976000 62
155.136000 155.200000 62
155.200000 155.712000 66
156.192000 158.176000 67
158.176000 159.648000 64
159.808000 160.032000 62
160.032000 160.640000 65
160.640000 161.376000 69
161.536000 161.824000 66
162.080000 162.624000 63
162.752000 162.848000 60
162.976000 163.136000 61
163.232000 163.616000 62
164.384000 165.088000 66
165.728000 166.464000 76
167.104000 169.696000 66
170.656000 171.008000 64
171.072000 171.712000 65
171.712000 172.192000 69
172.320000 172.384000 64
172.384000 172.864000 67
172.928000 172.960000 62
173.280000 173.568000 62
173.888000 174.560000 62
175.136000 175.840000 66
175.840000 177.504000 64
177.824000 178.368000 69
178.592000 179.072000 69
179.072000 179.328000 67
179.424000 180.096000 71
180.192000 180.320000 69
181.152000 181.408000 66
181.408000 182.016000 69
182.112000 182.880000 69
183.072000 183.616000 66
183.616000 184.064000 62
184.704000 185.120000 62
185.888000 186.560000 66
187.168000 187.872000 64
188.416000 188.672000 62
188.672000 189.536000 69
189.632000 189.760000 74
189.856000 190.368000 74
190.432000 191.424000 74
191.552000 191.616000 73
191.968000 192.096000 69
192.224000 192.544000 74
192.672000 193.344000 68
193.440000 193.664000 65
194.464000 194.784000 62
195.168000 195.200000 62
195.264000 195.744000 63
195.968000 196.224000 62
196.320000 197.856000 69
197.856000 198.304000 66
198.304000 198.752000 74
199.392000 201.504000 69
202.592000 202.944000 69
203.264000 203.616000 70
203.648000 205.632000 75
206.144000 206.272000 69
206.272000 206.496000 68
207.008000 207.104000 62
207.136000 207.200000 63
207.200000 207.584000 66
207.680000 208.064000 62
208.512000 208.640000 61
209.984000 212.544000 62
212.672000 213.184000 63
213.600000 213.632000 64
213.792000 214.208000 64
214.624000 215.104000 64
219.456000 220.160000 62
220.352000 220.512000 62
220.768000 221.120000 62
221.376000 221.984000 61
222.240000 223.008000 62
223.104000 223.680000 64
223.872000 224.736000 64
224.832000 224.928000 64
225.056000 225.216000 64
225.984000 226.400000 71
226.400000 226.688000 69
226.880000 227.104000 69
227.232000 227.456000 70
227.456000 227.680000 69
228.096000 228.160000 69
228.160000 228.384000 71
228.640000 229.216000 68
229.472000 229.632000 66
229.760000 230.144000 66
230.240000 232.672000 76
233.888000 234.112000 67
237.568000 237.824000 67
239.872000 240.160000 67
240.544000 241.152000 66
241.312000 241.568000 66
242.816000 243.264000 66
243.392000 243.552000 66
243.584000 243.776000 66
245.504000 245.696000 67
