18.272000 18.848000 73
18.848000 20.224000 78
21.152000 23.424000 73
23.904000 24.192000 73
24.288000 24.384000 73
36.128000 36.640000 64
36.736000 36.928000 64
37.056000 37.920000 65
38.208000 38.560000 59
39.936000 40.320000 61
40.512000 41.088000 63
41.248000 41.440000 59
41.888000 42.048000 56
43.648000 43.968000 61
44.096000 45.248000 61
45.568000 45.792000 57
45.888000 46.432000 61
47.136000 47.392000 53
47.872000 48.480000 57
48.640000 48.928000 58
49.344000 49.536000 54
51.104000 52.256000 64
52.384000 52.640000 64
53.088000 53.696000 63
54.880000 55.008000 59
55.008000 55.200000 61
55.328000 55.936000 64
56.064000 57.472000 69
58.656000 58.752000 59
58.752000 59.264000 63
59.392000 59.872000 64
60.096000 60.384000 61
60.608000 60.736000 59
61.376000 61.920000 64
62.080000 63.936000 66
65.024000 65.632000 65
65.632000 67.296000 68
67.520000 67.904000 68
68.032000 68.928000 67
68.928000 69.376000 71
69.856000 70.816000 64
71.200000 71.648000 64
71.744000 72.512000 63
72.704000 73.184000 71
73.632000 73.888000 69
74.016000 74.272000 71
74.400000 74.912000 73
75.008000 75.648000 71
75.776000 76.160000 73
76.320000 76.736000 71
77.056000 77.248000 64
77.376000 77.536000 65
77.536000 77.728000 66
77.856000 78.272000 68
78.272000 79.168000 71
79.328000 80.224000 66
81.120000 81.440000 67
81.568000 82.368000 66
82.496000 83.744000 68
83.968000 84.448000 71
84.800000 85.184000 64
85.280000 85.536000 63
85.664000 86.080000 61
86.272000 87.360000 64
87.648000 88.192000 71
88.608000 88.896000 69
88.896000 89.856000 73
89.984000 90.304000 71
90.400000 90.624000 69
90.752000 91.648000 73
92.096000 92.288000 64
92.448000 93.728000 66
94.752000 95.008000 63
95.168000 97.856000 66
107.072000 107.584000 56
108.640000 108.896000 56
111.136000 111.456000 63
111.648000 112.160000 64
112.384000 113.248000 66
113.248000 113.600000 63
114.880000 115.104000 61
115.360000 115.520000 63
115.712000 115.904000 61
116.128000 116.448000 59
116.448000 116.992000 58
117.280000 117.920000 59
118.624000 119.840000 61
120.032000 120.672000 59
120.832000 121.152000 61
121.248000 121.696000 59
122.016000 122.848000 55
122.848000 123.200000 56
123.296000 123.776000 57
123.776000 124.096000 59
124.096000 124.352000 57
126.112000 127.840000 66
128.032000 128.864000 63
129.408000 129.728000 67
129.920000 130.016000 61
130.336000 130.848000 64
131.072000 131.680000 69
131.808000 132.544000 68
133.632000 133.856000 60
133.856000 134.912000 64
135.072000 135.392000 61
135.392000 135.808000 60
136.480000 139.552000 66
140.000000 140.640000 65
140.640000 142.304000 68
142.528000 143.936000 68
143.936000 144.544000 71
144.800000 145.536000 64
145.536000 146.048000 62
146.240000 147.520000 64
147.680000 148.160000 71
148.640000 148.928000 69
149.024000 150.656000 73
150.848000 151.200000 73
151.296000 151.776000 71
152.064000 152.256000 64
152.384000 152.512000 64
152.512000 152.736000 66
152.832000 154.176000 71
154.304000 155.456000 66
156.000000 158.784000 68
158.976000 159.424000 71
159.840000 160.224000 64
160.352000 160.544000 63
160.704000 161.120000 61
161.280000 162.688000 64
162.688000 163.200000 71
163.616000 163.968000 69
163.968000 164.480000 72
164.480000 165.696000 73
165.824000 166.624000 73
166.624000 166.688000 68
166.720000 166.784000 67
167.040000 169.056000 66
169.728000 170.048000 64
170.144000 172.576000 66
172.576000 174.720000 66
174.752000 178.336000 72
183.040000 183.552000 71
183.680000 184.096000 63
185.184000 185.472000 64
185.664000 185.952000 66
186.016000 186.816000 68
186.816000 187.264000 65
187.520000 187.872000 68
188.000000 188.896000 67
188.896000 189.408000 71
189.888000 190.272000 64
190.368000 190.528000 63
190.656000 191.104000 61
191.264000 191.648000 64
191.776000 192.544000 64
192.672000 193.216000 71
193.600000 193.888000 69
194.016000 194.912000 73
195.008000 195.296000 71
195.296000 195.616000 70
195.808000 196.224000 73
196.320000 196.832000 71
197.120000 197.536000 65
197.536000 197.824000 66
197.824000 198.976000 71
199.136000 200.512000 68
201.024000 203.776000 68
203.936000 204.480000 71
204.832000 205.088000 63
205.088000 205.248000 64
205.344000 207.680000 65
207.680000 208.288000 71
208.544000 208.928000 70
209.024000 209.248000 71
209.344000 209.536000 71
209.536000 209.984000 73
209.984000 211.744000 73
212.032000 214.016000 66
215.200000 215.648000 63
215.808000 216.800000 66
217.152000 220.672000 64
