16.992000 17.696000 62
17.856000 18.752000 57
20.064000 20.384000 57
20.480000 20.736000 55
20.864000 21.696000 55
22.112000 22.656000 54
23.168000 23.872000 62
24.128000 24.800000 57
26.336000 26.496000 57
26.624000 27.264000 55
27.456000 27.808000 52
28.224000 29.056000 53
29.248000 30.048000 54
30.656000 30.784000 52
30.880000 31.168000 54
31.296000 31.616000 54
32.192000 32.288000 52
32.416000 32.704000 54
32.832000 33.408000 55
33.632000 34.048000 53
34.400000 34.880000 54
34.880000 35.200000 52
35.392000 36.128000 54
36.832000 37.216000 53
37.376000 37.728000 54
38.592000 39.168000 55
39.360000 39.744000 54
39.904000 40.928000 53
42.432000 43.072000 69
43.072000 43.360000 66
43.616000 44.448000 62
45.824000 46.144000 62
46.240000 46.496000 62
46.624000 47.232000 66
47.392000 47.776000 64
48.128000 48.256000 62
48.480000 49.280000 69
49.280000 49.440000 65
49.792000 50.528000 62
51.968000 52.256000 62
52.352000 52.704000 62
52.832000 53.024000 61
53.184000 54.016000 59
54.400000 54.592000 55
54.688000 55.360000 59
55.840000 56.960000 69
57.376000 57.632000 62
57.792000 58.400000 62
58.912000 59.872000 69
60.064000 60.384000 62
60.480000 60.672000 61
60.832000 61.088000 62
61.248000 61.568000 65
61.568000 65.440000 66
65.536000 65.632000 63
66.240000 66.304000 63
66.304000 66.848000 66
67.072000 68.128000 64
68.224000 71.648000 62
72.320000 72.384000 63
72.384000 72.960000 66
73.056000 77.312000 64
77.536000 77.952000 62
78.112000 78.336000 62
78.432000 78.560000 66
78.560000 80.000000 65
80.000000 80.736000 62
80.896000 81.152000 55
81.152000 81.888000 57
83.136000 83.424000 57
83.520000 83.808000 56
83.904000 84.000000 55
84.000000 84.704000 54
85.056000 85.696000 54
85.888000 85.984000 51
86.240000 87.904000 64
87.904000 88.288000 59
88.288000 88.448000 56
89.344000 89.472000 57
89.472000 89.696000 58
89.696000 90.336000 62
90.432000 91.072000 62
91.168000 92.064000 66
92.192000 92.992000 66
93.472000 93.600000 62
93.696000 93.792000 64
93.888000 94.656000 66
95.008000 95.136000 62
95.232000 95.360000 64
95.424000 96.480000 67
96.608000 97.216000 65
97.344000 98.496000 66
98.496000 99.264000 66
99.680000 99.872000 62
99.872000 100.768000 66
101.184000 101.376000 62
101.376000 101.568000 64
101.568000 101.728000 65
101.728000 102.752000 67
102.752000 102.944000 68
102.944000 104.320000 69
104.320000 104.864000 67
105.056000 105.152000 62
105.376000 105.568000 67
105.568000 106.016000 69
106.016000 106.496000 67
106.592000 108.256000 62
108.864000 109.184000 62
109.280000 109.376000 60
109.376000 109.664000 62
109.664000 110.304000 66
110.432000 110.816000 64
111.136000 111.328000 62
111.552000 112.256000 69
112.256000 112.640000 65
112.736000 114.592000 62
115.040000 115.328000 62
115.424000 116.032000 62
116.224000 116.320000 60
116.320000 116.768000 59
116.864000 117.088000 57
117.376000 117.664000 54
117.664000 118.464000 59
118.848000 119.840000 69
119.840000 120.256000 62
120.416000 120.736000 61
120.832000 121.536000 62
121.952000 122.816000 69
123.072000 123.776000 62
123.904000 124.160000 62
124.288000 128.608000 67
129.248000 129.568000 66
129.664000 130.720000 62
130.976000 131.520000 62
132.128000 133.056000 62
133.504000 133.760000 61
133.888000 134.720000 64
134.848000 135.392000 66
135.392000 136.512000 64
136.608000 137.696000 63
138.048000 139.232000 62
139.392000 139.488000 59
139.648000 139.904000 57
140.096000 140.288000 56
140.416000 140.896000 57
141.024000 141.792000 64
141.920000 142.720000 66
142.720000 143.776000 63
144.288000 145.376000 62
145.760000 145.952000 60
145.952000 146.176000 62
146.176000 148.320000 66
148.320000 149.024000 62
149.120000 150.240000 69
150.240000 151.488000 62
151.968000 152.128000 62
152.128000 155.232000 69
155.232000 155.520000 64
157.824000 158.304000 69
158.528000 158.784000 67
159.136000 159.488000 62
161.184000 161.440000 62
161.600000 161.856000 62
162.016000 162.592000 66
162.784000 163.136000 64
163.968000 164.416000 69
164.608000 164.896000 64
165.184000 165.728000 62
167.296000 167.584000 62
167.712000 168.096000 62
168.128000 168.352000 61
168.480000 169.408000 59
169.984000 170.752000 59
171.168000 171.232000 66
171.232000 172.160000 69
172.160000 172.576000 64
172.736000 173.984000 63
174.304000 175.360000 69
175.360000 176.096000 62
176.224000 176.480000 62
176.672000 180.736000 67
181.568000 182.112000 66
182.528000 183.328000 64
183.616000 184.992000 62
187.712000 188.288000 66
188.672000 189.024000 62
190.752000 190.880000 62
191.232000 191.552000 62
191.808000 191.904000 68
193.920000 194.016000 70
194.464000 194.688000 69
