21.568000 22.560000 68
22.848000 23.200000 65
24.640000 24.928000 56
25.056000 25.536000 65
25.696000 25.856000 63
26.336000 26.624000 61
27.840000 28.960000 61
31.328000 32.448000 61
35.200000 35.552000 56
35.680000 36.544000 56
36.864000 37.696000 56
38.464000 39.936000 56
40.672000 41.312000 58
42.176000 42.496000 56
42.656000 43.456000 61
43.904000 44.928000 60
45.600000 45.984000 56
46.080000 46.208000 59
46.336000 46.912000 60
47.296000 47.968000 56
48.096000 48.256000 58
49.120000 50.368000 56
51.104000 52.224000 58
52.480000 52.800000 56
53.088000 53.184000 55
53.280000 53.888000 56
54.592000 55.296000 56
55.456000 55.776000 61
55.936000 56.096000 60
56.768000 57.504000 61
57.504000 58.240000 58
58.528000 59.200000 58
59.392000 59.648000 58
59.840000 60.640000 60
61.152000 61.888000 60
62.432000 62.720000 65
62.848000 64.096000 68
64.576000 65.344000 68
65.888000 66.240000 65
66.336000 67.648000 65
68.096000 68.384000 65
68.512000 68.928000 65
69.248000 69.312000 56
69.344000 71.872000 61
72.544000 72.800000 57
72.800000 75.200000 60
75.296000 75.424000 57
76.320000 76.448000 63
76.448000 77.728000 68
77.824000 78.016000 68
78.528000 79.296000 68
79.776000 80.992000 65
81.120000 81.568000 65
82.048000 82.304000 65
82.400000 82.848000 65
83.328000 85.792000 61
86.336000 86.400000 72
86.784000 87.072000 60
87.200000 89.472000 60
90.016000 90.560000 56
90.656000 90.816000 56
90.912000 91.296000 56
91.776000 92.992000 58
93.280000 93.600000 56
93.728000 94.048000 56
94.144000 94.688000 56
95.488000 95.712000 56
95.936000 96.160000 56
96.320000 96.512000 59
96.768000 96.992000 56
97.568000 97.920000 56
98.528000 98.816000 60
98.944000 99.392000 60
99.392000 99.840000 60
99.840000 100.032000 62
100.384000 100.960000 60
101.120000 101.408000 58
102.208000 103.104000 60
103.264000 103.616000 60
103.744000 103.968000 58
104.320000 104.800000 58
104.832000 104.928000 58
104.960000 105.472000 60
105.920000 106.336000 60
106.752000 107.008000 59
107.136000 107.616000 58
107.840000 108.288000 58
108.512000 108.928000 60
109.376000 109.824000 60
110.240000 111.072000 60
111.328000 112.192000 59
112.384000 112.800000 58
113.088000 113.248000 58
113.504000 113.664000 56
113.664000 114.528000 60
114.880000 116.064000 60
116.160000 116.320000 58
116.544000 116.736000 58
116.928000 117.824000 59
118.048000 118.368000 65
118.496000 118.848000 68
118.848000 119.872000 72
120.256000 121.088000 68
121.568000 122.752000 65
122.880000 123.296000 65
123.712000 124.096000 65
124.160000 124.576000 65
124.992000 127.392000 61
128.096000 128.256000 51
128.256000 128.416000 55
128.416000 130.880000 60
131.968000 132.352000 67
132.352000 132.768000 70
132.864000 133.792000 71
134.144000 135.072000 68
135.424000 137.216000 65
137.600000 137.984000 65
138.048000 138.496000 64
138.944000 141.440000 61
142.432000 144.992000 60
146.784000 147.776000 68
148.064000 148.384000 65
150.304000 150.784000 65
150.912000 151.392000 63
151.552000 151.936000 61
153.120000 154.208000 61
156.608000 157.632000 61
160.352000 161.056000 67
161.344000 161.536000 67
161.984000 162.496000 65
163.776000 164.224000 57
164.224000 164.480000 64
164.832000 164.960000 62
165.536000 165.856000 61
167.008000 168.160000 61
170.464000 171.584000 61
173.664000 174.016000 65
174.144000 174.528000 67
174.624000 175.456000 68
175.488000 175.520000 72
175.712000 175.872000 72
175.872000 176.768000 68
177.248000 177.536000 65
177.632000 177.952000 65
178.048000 178.400000 65
178.528000 178.944000 65
179.328000 179.712000 65
179.840000 180.224000 65
180.640000 183.104000 61
183.904000 184.032000 55
184.160000 186.560000 60
187.648000 187.744000 63
187.744000 188.000000 66
188.000000 188.352000 70
188.512000 189.440000 72
189.536000 190.688000 68
191.104000 192.320000 65
192.448000 192.896000 64
193.280000 193.600000 65
193.696000 194.080000 65
194.080000 194.272000 62
194.560000 197.184000 61
197.696000 197.728000 62
198.080000 200.736000 60
202.208000 202.272000 63
202.272000 202.720000 67
202.912000 203.360000 67
203.712000 204.000000 66
208.768000 209.856000 61
212.896000 213.376000 61
