18.560000 19.040000 58
19.200000 19.520000 60
19.648000 19.776000 60
19.776000 19.968000 59
20.096000 20.864000 58
20.992000 21.312000 56
21.440000 21.920000 54
25.632000 26.176000 58
26.336000 26.656000 60
26.752000 27.072000 59
27.168000 27.488000 56
27.648000 27.968000 58
28.128000 28.416000 56
28.544000 28.640000 52
32.672000 33.184000 58
33.344000 33.664000 60
33.824000 34.112000 59
34.240000 34.560000 56
34.656000 35.392000 58
35.552000 36.000000 53
39.744000 40.288000 58
40.384000 40.704000 60
40.864000 40.960000 59
40.960000 41.632000 58
41.760000 42.080000 58
42.176000 42.560000 57
42.688000 43.008000 52
46.816000 48.032000 56
48.512000 48.576000 52
48.576000 48.864000 56
48.992000 49.184000 55
49.184000 49.312000 53
49.504000 50.752000 65
52.064000 52.128000 53
52.128000 52.736000 56
53.024000 54.496000 60
56.544000 57.248000 60
57.920000 58.176000 61
58.176000 59.008000 58
60.032000 60.832000 63
61.824000 62.208000 61
62.304000 62.624000 60
62.624000 63.264000 59
63.360000 64.224000 63
65.344000 65.984000 61
66.080000 66.176000 60
66.176000 66.784000 59
66.944000 68.224000 63
70.112000 70.208000 54
70.208000 70.432000 57
70.432000 70.816000 58
70.816000 71.296000 63
71.392000 71.616000 63
71.744000 72.032000 56
72.384000 72.448000 57
72.448000 72.608000 59
72.608000 73.344000 61
73.344000 74.080000 56
74.080000 75.552000 63
75.904000 76.288000 61
76.384000 76.768000 60
76.768000 77.376000 59
77.504000 78.272000 63
79.424000 79.488000 59
79.488000 79.808000 61
79.904000 80.256000 60
80.256000 80.896000 59
81.024000 81.088000 59
81.088000 81.920000 63
82.464000 83.104000 60
83.200000 83.744000 59
84.352000 84.416000 55
84.416000 84.640000 58
84.832000 84.896000 58
84.896000 85.312000 62
85.312000 85.504000 63
85.696000 85.920000 63
86.208000 86.336000 56
86.464000 87.200000 61
87.296000 87.552000 59
87.712000 87.968000 56
88.288000 88.608000 55
96.224000 96.480000 56
96.480000 96.768000 58
96.896000 97.664000 60
97.760000 98.528000 58
98.656000 98.784000 57
98.784000 98.944000 56
98.944000 99.296000 55
103.264000 103.360000 54
103.488000 104.672000 60
104.768000 105.120000 56
105.248000 105.536000 58
105.696000 106.016000 57
110.272000 111.616000 56
112.000000 112.096000 52
112.096000 112.736000 56
112.736000 112.896000 51
112.992000 114.368000 65
115.648000 115.904000 56
116.000000 116.192000 56
116.192000 116.384000 54
116.512000 117.792000 60
120.032000 120.256000 58
120.256000 120.544000 60
120.736000 121.312000 59
121.312000 122.752000 54
123.552000 123.712000 62
123.776000 123.808000 61
123.968000 124.160000 61
124.224000 124.480000 63
125.344000 125.760000 61
125.856000 126.144000 60
126.144000 126.816000 59
126.912000 126.976000 61
126.976000 127.296000 63
127.648000 127.776000 63
128.832000 129.504000 61
129.600000 129.728000 60
129.728000 130.304000 58
130.336000 130.656000 62
130.752000 132.256000 63
133.664000 133.824000 56
133.920000 134.304000 58
134.304000 134.496000 60
134.496000 134.784000 63
134.912000 135.168000 63
135.360000 135.808000 56
136.128000 136.320000 61
136.384000 136.448000 61
136.480000 136.672000 61
136.672000 136.832000 59
136.832000 136.992000 55
136.992000 137.568000 57
137.568000 138.240000 61
138.272000 138.336000 60
138.528000 138.688000 56
139.424000 139.808000 61
139.904000 140.320000 60
140.320000 140.832000 59
140.992000 141.280000 62
141.472000 141.568000 63
141.728000 142.048000 63
142.720000 142.816000 59
142.976000 143.328000 61
143.424000 143.808000 62
143.808000 144.032000 58
144.032000 144.384000 56
144.512000 144.640000 63
144.768000 144.992000 51
145.184000 145.696000 51
145.824000 146.592000 60
146.784000 147.200000 58
147.808000 148.032000 56
148.288000 148.352000 58
148.352000 148.448000 59
148.448000 148.672000 61
148.672000 148.960000 63
149.120000 149.344000 63
149.888000 150.656000 61
150.784000 151.040000 59
151.232000 151.392000 55
151.808000 153.472000 57
154.048000 154.208000 58
154.208000 154.432000 61
154.560000 155.264000 63
155.392000 155.648000 63
156.096000 156.672000 60
156.672000 156.992000 56
157.248000 157.728000 61
157.824000 157.984000 60
158.080000 158.720000 63
169.408000 170.016000 63
171.200000 171.552000 61
171.648000 171.840000 60
171.936000 172.096000 59
172.096000 172.608000 58
172.768000 173.408000 63
174.752000 175.040000 61
175.168000 175.744000 60
175.872000 176.288000 57
176.288000 177.120000 63
179.616000 179.808000 56
179.808000 180.192000 58
180.192000 180.608000 63
180.768000 181.088000 63
181.088000 181.376000 55
181.760000 181.952000 58
181.952000 182.656000 61
182.656000 182.848000 58
182.912000 183.488000 56
183.488000 183.776000 61
183.904000 184.128000 63
184.128000 184.448000 63
185.056000 185.152000 61
185.280000 185.664000 61
185.760000 186.112000 60
186.112000 186.720000 59
186.848000 187.040000 62
187.520000 187.616000 63
187.616000 187.712000 60
187.808000 187.936000 63
188.640000 188.736000 62
188.864000 189.440000 61
189.568000 189.888000 58
189.888000 190.272000 56
190.400000 190.528000 52
190.688000 191.232000 65
191.872000 193.152000 63
193.664000 193.792000 67
193.920000 194.304000 58
194.304000 194.592000 61
194.592000 195.232000 63
195.424000 195.744000 56
195.744000 196.256000 60
196.384000 196.640000 61
196.800000 197.056000 59
197.248000 198.272000 56
199.456000 200.544000 56
