0.608000 0.640000 54
0.832000 2.208000 56
2.336000 2.496000 77
2.656000 3.584000 78
3.744000 3.968000 65
4.064000 4.544000 77
4.736000 5.600000 78
5.664000 5.696000 78
5.728000 6.048000 77
7.200000 7.360000 61
7.360000 10.048000 66
10.048000 10.784000 66
10.784000 10.944000 67
11.104000 11.328000 65
11.552000 11.968000 62
11.968000 12.576000 58
14.016000 14.080000 61
14.080000 16.640000 67
16.864000 17.152000 64
17.696000 17.984000 64
18.112000 18.368000 63
18.496000 18.592000 62
18.944000 19.360000 60
20.608000 20.768000 60
20.768000 21.440000 64
21.440000 21.856000 65
22.432000 22.624000 63
22.752000 22.976000 63
23.104000 24.256000 67
24.416000 24.832000 65
24.832000 25.472000 64
25.600000 25.728000 56
27.328000 27.424000 62
27.424000 28.192000 66
28.192000 31.040000 67
31.168000 31.808000 64
31.840000 32.704000 57
34.208000 35.776000 65
35.840000 36.032000 65
36.032000 36.128000 63
36.128000 36.256000 59
36.352000 36.672000 57
36.672000 36.704000 58
36.704000 36.768000 60
36.768000 36.928000 62
36.928000 38.016000 67
38.592000 38.816000 61
38.816000 39.168000 66
39.168000 39.552000 67
40.864000 41.536000 68
41.632000 44.096000 68
44.096000 44.608000 71
44.928000 45.504000 68
45.504000 45.760000 66
45.760000 46.528000 65
46.656000 47.424000 65
47.424000 47.840000 63
47.936000 48.128000 62
48.128000 48.672000 65
49.376000 49.568000 63
49.728000 49.920000 63
50.048000 51.744000 67
51.872000 52.032000 61
52.128000 52.320000 62
52.320000 52.480000 58
52.608000 52.768000 55
54.400000 56.960000 67
57.152000 57.344000 65
57.568000 58.656000 65
58.784000 58.944000 56
59.264000 59.456000 56
59.840000 60.128000 64
60.128000 60.512000 66
61.088000 63.648000 69
63.776000 64.064000 72
64.160000 64.320000 72
65.344000 65.728000 67
66.272000 66.592000 67
66.880000 67.072000 65
68.096000 68.128000 72
68.160000 68.352000 72
68.352000 68.544000 71
68.800000 68.960000 67
69.760000 69.920000 68
70.048000 70.272000 70
70.272000 70.592000 68
71.360000 71.776000 67
72.832000 73.088000 68
73.920000 74.016000 70
74.912000 75.072000 67
75.264000 75.680000 68
75.840000 75.968000 68
77.696000 77.856000 67
78.144000 79.232000 67
81.056000 81.312000 72
81.472000 83.072000 72
83.616000 83.904000 72
84.096000 84.192000 67
84.288000 84.384000 63
84.896000 84.960000 65
85.120000 85.216000 67
85.216000 85.280000 65
86.368000 86.624000 68
86.688000 86.720000 65
86.976000 87.104000 67
87.200000 87.616000 68
88.192000 89.824000 65
89.824000 91.616000 66
91.616000 91.808000 67
91.808000 91.968000 65
92.640000 92.832000 62
92.832000 93.120000 64
93.120000 93.632000 68
94.880000 97.184000 68
97.280000 97.344000 65
97.344000 97.440000 66
97.440000 97.696000 67
97.696000 98.752000 70
98.944000 99.552000 67
99.552000 99.776000 66
99.776000 100.576000 66
100.672000 101.504000 66
101.504000 101.888000 63
101.984000 102.176000 62
102.176000 102.848000 65
103.360000 103.616000 63
103.744000 103.904000 63
104.032000 105.280000 67
105.344000 105.376000 67
105.408000 105.760000 66
105.920000 106.336000 61
106.336000 106.528000 59
106.624000 106.784000 56
108.384000 111.008000 67
111.392000 112.064000 66
112.672000 113.248000 78
113.536000 115.168000 70
115.168000 121.376000 73
