31.072000 33.088000 52
34.432000 34.784000 52
34.912000 35.392000 52
35.616000 36.224000 50
37.888000 38.016000 51
38.112000 38.336000 54
38.464000 38.784000 54
39.232000 40.096000 48
41.312000 41.536000 51
41.536000 42.144000 54
42.464000 42.720000 47
43.040000 43.232000 47
44.736000 46.848000 52
48.192000 48.320000 51
48.416000 48.544000 54
48.704000 49.344000 58
49.440000 49.664000 54
49.856000 50.560000 59
50.720000 51.040000 58
51.200000 51.360000 56
51.360000 51.520000 55
51.648000 53.216000 56
53.696000 53.824000 49
53.824000 54.336000 52
54.336000 54.688000 54
54.816000 56.864000 51
58.464000 58.816000 52
58.944000 59.296000 52
59.392000 60.512000 51
61.856000 61.920000 49
61.920000 63.008000 52
63.008000 64.128000 49
65.280000 65.504000 52
65.504000 65.632000 54
65.824000 66.176000 54
66.368000 66.656000 48
68.736000 68.928000 52
68.928000 69.056000 53
69.184000 69.568000 54
72.192000 73.024000 52
73.120000 74.240000 51
75.584000 75.744000 51
75.744000 75.808000 52
75.808000 76.096000 55
76.096000 76.864000 58
76.864000 77.024000 54
77.248000 78.656000 59
78.656000 79.136000 56
79.296000 80.576000 56
81.088000 81.600000 56
81.792000 82.368000 59
82.464000 82.688000 57
82.688000 84.224000 62
84.608000 86.496000 63
86.592000 87.072000 63
87.072000 88.960000 63
89.120000 89.568000 63
89.664000 89.728000 68
89.728000 89.856000 68
89.856000 90.848000 70
90.848000 91.872000 69
92.352000 92.608000 63
92.608000 93.504000 66
93.856000 97.696000 61
98.272000 98.624000 59
98.720000 99.520000 63
99.616000 101.088000 57
101.728000 101.856000 58
101.856000 102.144000 59
102.144000 102.976000 63
103.104000 103.616000 55
103.616000 104.960000 61
105.536000 105.696000 58
105.696000 109.216000 63
112.000000 112.768000 63
112.864000 113.856000 63
114.016000 114.464000 63
114.464000 114.752000 61
114.848000 115.296000 63
115.424000 115.648000 61
115.744000 116.928000 63
117.120000 117.216000 68
117.216000 118.432000 70
118.432000 119.392000 67
119.616000 119.872000 63
119.968000 120.448000 66
120.576000 120.960000 66
121.024000 121.600000 58
121.696000 121.824000 57
121.952000 124.768000 61
125.728000 125.792000 57
125.792000 125.888000 58
125.888000 126.432000 61
126.592000 126.944000 63
127.072000 128.512000 56
129.184000 129.344000 59
129.344000 129.760000 61
130.016000 131.488000 63
132.000000 132.096000 63
132.096000 132.512000 63
132.512000 133.184000 59
133.472000 136.160000 61
145.920000 146.336000 62
146.336000 146.848000 61
147.616000 148.000000 54
157.856000 157.920000 48
157.920000 158.240000 52
158.368000 158.688000 52
158.784000 159.904000 51
161.312000 161.376000 49
161.376000 163.296000 52
164.736000 164.800000 50
164.800000 165.056000 54
165.280000 165.600000 54
165.824000 166.400000 48
168.128000 168.192000 50
168.192000 168.416000 53
168.640000 169.504000 58
169.504000 171.008000 55
171.584000 171.936000 52
172.032000 173.696000 52
174.976000 175.168000 51
175.168000 175.296000 54
175.456000 176.128000 58
176.288000 177.248000 61
177.568000 178.272000 59
178.464000 180.096000 56
180.544000 181.024000 56
181.216000 181.760000 59
181.760000 183.712000 63
183.968000 184.736000 63
184.832000 184.896000 61
184.896000 187.264000 63
187.456000 188.384000 63
188.512000 188.992000 63
189.120000 189.312000 69
189.312000 190.176000 70
190.176000 191.328000 69
191.680000 191.904000 63
192.000000 192.896000 66
193.024000 193.120000 58
193.280000 196.960000 61
197.696000 198.016000 59
198.144000 198.912000 63
199.008000 200.608000 57
200.800000 200.928000 59
201.152000 201.216000 57
201.216000 201.312000 58
201.312000 202.336000 63
202.496000 203.008000 54
203.008000 204.384000 62
204.992000 205.120000 57
205.120000 208.480000 63
209.504000 209.632000 66
209.824000 210.784000 68
211.424000 212.160000 65
212.288000 213.280000 63
213.440000 213.888000 63
213.888000 214.208000 61
214.304000 214.720000 63
214.816000 216.096000 63
216.096000 216.384000 63
216.576000 216.640000 68
216.640000 217.856000 70
217.856000 218.784000 66
219.040000 219.168000 62
219.168000 219.360000 63
219.360000 220.384000 66
220.384000 221.024000 58
221.120000 224.480000 61
225.088000 225.248000 57
225.248000 225.824000 61
226.016000 226.368000 63
226.368000 227.968000 57
228.576000 228.768000 59
228.768000 229.216000 61
229.440000 229.760000 63
229.856000 231.104000 62
231.520000 231.936000 63
231.936000 232.704000 61
232.832000 235.840000 61
236.800000 237.536000 59
247.680000 247.808000 64
249.696000 249.984000 61
249.984000 250.400000 60
250.528000 250.944000 64
251.520000 251.776000 64
252.576000 254.496000 63
254.624000 255.904000 63
256.096000 257.056000 63
257.216000 257.632000 63
257.792000 257.920000 68
257.920000 258.848000 70
258.848000 259.776000 68
260.320000 260.480000 63
260.672000 261.600000 66
261.600000 263.680000 62
263.808000 265.376000 61
266.336000 266.496000 58
266.496000 267.072000 61
267.200000 267.584000 63
267.584000 269.088000 57
269.728000 269.856000 57
269.856000 270.208000 60
270.208000 270.944000 63
271.200000 271.712000 56
271.712000 272.832000 61
273.152000 273.472000 59
273.600000 276.224000 63
276.512000 277.600000 66
277.600000 279.456000 68
280.000000 281.920000 63
282.080000 282.528000 63
282.624000 282.816000 61
282.912000 283.328000 63
283.424000 283.648000 61
283.744000 284.064000 63
284.064000 284.928000 63
285.152000 285.280000 69
285.280000 286.176000 70
286.176000 287.328000 69
287.712000 287.936000 63
288.032000 288.864000 66
289.024000 289.792000 58
289.920000 291.008000 59
291.168000 293.280000 61
293.728000 293.792000 57
293.792000 294.208000 61
294.208000 294.944000 63
294.944000 296.448000 57
297.120000 297.248000 57
297.248000 297.760000 61
297.888000 299.648000 63
300.096000 300.320000 62
300.320000 300.544000 63
300.640000 301.280000 59
301.440000 301.536000 57
301.632000 301.984000 58
302.144000 304.352000 61
