12.160000 12.448000 67
14.912000 15.008000 66
17.376000 17.568000 64
28.096000 28.352000 60
28.384000 28.672000 60
28.800000 29.312000 60
30.880000 31.712000 60
31.904000 32.640000 60
33.536000 34.112000 60
34.432000 34.592000 60
34.592000 34.784000 59
34.944000 35.520000 60
35.552000 35.712000 60
36.416000 36.992000 58
37.152000 37.600000 55
38.624000 38.720000 55
39.168000 40.544000 60
42.144000 42.752000 60
43.008000 43.104000 59
43.200000 43.584000 58
43.712000 43.872000 60
45.216000 45.664000 60
45.760000 46.048000 58
46.176000 46.272000 58
46.496000 46.624000 60
47.744000 48.288000 60
48.512000 48.800000 54
48.928000 48.992000 54
50.368000 50.944000 59
51.104000 51.200000 59
51.584000 51.808000 60
51.936000 52.096000 63
52.096000 52.320000 65
52.448000 52.704000 67
52.800000 53.024000 60
53.120000 53.408000 63
53.536000 54.080000 65
54.112000 54.688000 60
54.688000 55.520000 67
55.648000 55.808000 60
55.968000 56.128000 63
56.288000 56.960000 65
57.184000 57.504000 60
57.760000 57.920000 65
58.048000 58.240000 65
58.336000 58.720000 60
58.720000 59.584000 65
59.680000 59.840000 62
60.352000 60.672000 60
60.768000 60.896000 60
61.088000 61.568000 58
61.952000 62.560000 63
62.560000 66.880000 67
67.008000 67.264000 63
67.424000 68.096000 63
68.096000 68.448000 70
68.608000 68.832000 65
68.960000 69.344000 63
69.472000 69.632000 70
69.632000 69.856000 69
70.016000 71.488000 65
71.776000 72.096000 65
72.800000 72.960000 66
73.184000 76.416000 67
76.480000 78.048000 65
78.336000 78.624000 67
78.784000 79.232000 75
79.232000 79.488000 71
79.488000 80.096000 68
80.192000 80.480000 63
80.672000 80.864000 70
80.864000 82.656000 68
82.944000 83.776000 68
83.872000 84.288000 68
84.576000 84.864000 69
95.264000 96.736000 60
98.272000 98.464000 60
98.656000 98.848000 60
99.008000 99.680000 61
100.064000 100.576000 55
101.120000 102.656000 60
102.880000 103.232000 55
103.264000 103.424000 55
103.872000 104.416000 58
104.640000 104.864000 55
106.016000 106.080000 60
106.080000 106.752000 63
106.752000 107.872000 60
108.096000 108.480000 65
108.576000 108.896000 67
108.992000 109.280000 60
109.280000 109.536000 63
109.664000 110.176000 65
110.528000 110.848000 60
110.848000 111.072000 63
111.072000 111.392000 65
111.392000 111.936000 70
112.128000 112.288000 63
112.448000 113.088000 65
113.344000 113.600000 60
113.728000 113.824000 63
113.920000 114.432000 66
114.432000 114.848000 60
114.848000 115.712000 65
115.808000 116.096000 62
116.512000 116.768000 60
116.928000 117.728000 60
118.080000 122.304000 67
122.464000 123.104000 63
123.360000 123.552000 63
123.616000 124.224000 63
124.224000 124.608000 70
124.736000 124.960000 65
125.088000 125.440000 63
125.568000 126.112000 70
126.112000 127.616000 65
128.128000 128.256000 65
128.960000 129.120000 66
129.312000 129.760000 63
129.856000 130.080000 64
130.208000 132.544000 67
132.640000 132.832000 65
132.832000 133.024000 63
133.056000 134.208000 63
134.496000 134.752000 67
134.912000 135.360000 75
135.360000 135.616000 70
135.616000 135.904000 68
135.904000 136.640000 66
136.832000 137.024000 70
137.024000 137.600000 68
137.696000 138.752000 65
140.352000 141.408000 72
141.408000 141.856000 67
141.952000 142.752000 65
143.008000 143.168000 68
143.168000 143.328000 70
143.392000 144.192000 72
144.192000 144.736000 68
144.736000 145.472000 67
145.664000 146.176000 67
146.304000 146.944000 72
147.040000 147.488000 67
147.584000 147.744000 65
147.744000 148.416000 67
148.448000 148.608000 67
148.768000 148.928000 70
149.120000 149.952000 70
149.952000 150.528000 67
150.528000 151.648000 68
151.776000 155.424000 67
155.648000 155.840000 63
155.936000 157.408000 64
157.408000 157.888000 63
157.888000 157.920000 65
157.920000 158.240000 70
158.240000 158.656000 67
158.752000 159.168000 63
159.264000 159.968000 70
159.968000 161.248000 65
161.600000 161.760000 62
161.760000 162.144000 68
162.464000 162.784000 68
163.168000 163.520000 69
172.960000 173.568000 68
173.696000 174.208000 68
174.400000 174.720000 69
176.384000 176.480000 67
179.744000 179.872000 67
180.032000 180.256000 67
185.088000 185.248000 66
185.440000 186.080000 63
186.080000 190.560000 67
191.040000 191.552000 65
191.552000 191.680000 70
191.776000 191.936000 67
192.096000 192.896000 65
192.992000 193.152000 70
193.152000 194.976000 68
