1.824000 2.240000 73
2.528000 2.784000 75
3.104000 3.232000 75
3.360000 3.424000 77
4.320000 5.280000 78
5.536000 5.760000 78
5.824000 5.888000 75
6.048000 7.008000 75
8.384000 8.480000 66
8.704000 9.248000 68
9.408000 10.592000 72
10.624000 10.688000 73
10.816000 10.976000 71
11.232000 11.456000 68
11.552000 12.128000 68
12.320000 12.736000 68
13.408000 13.440000 66
13.536000 13.632000 66
20.608000 20.992000 63
21.536000 22.624000 66
22.752000 22.880000 65
22.880000 23.168000 68
23.264000 23.648000 78
23.648000 24.512000 75
24.512000 26.848000 74
27.008000 27.136000 59
27.232000 27.712000 55
27.712000 27.744000 55
27.744000 28.352000 62
28.480000 30.208000 63
30.304000 30.816000 59
31.072000 31.200000 58
31.200000 31.264000 60
31.264000 31.712000 62
31.712000 32.224000 63
32.224000 34.144000 68
34.208000 34.336000 64
34.592000 34.688000 60
34.688000 34.720000 61
34.720000 34.976000 66
35.072000 35.136000 66
35.136000 35.232000 67
35.232000 35.936000 69
35.936000 36.608000 71
36.768000 37.184000 73
37.184000 38.656000 71
38.656000 41.376000 68
41.472000 41.664000 62
41.664000 41.856000 67
42.016000 42.208000 67
42.208000 42.848000 69
42.848000 43.328000 71
43.488000 43.840000 71
43.840000 44.192000 74
44.192000 44.288000 71
44.288000 46.560000 71
46.624000 47.392000 68
47.392000 47.456000 64
47.456000 48.128000 63
48.416000 48.832000 55
48.832000 49.408000 59
49.600000 50.688000 61
50.784000 51.680000 68
51.680000 52.096000 65
52.288000 55.104000 63
57.152000 57.248000 68
57.344000 58.080000 69
58.176000 59.392000 68
59.488000 59.680000 68
59.680000 59.744000 69
59.744000 60.544000 74
60.640000 60.800000 72
60.928000 61.088000 68
61.088000 61.440000 67
61.440000 61.856000 64
61.856000 62.272000 68
62.336000 63.840000 67
64.096000 64.192000 59
64.192000 66.816000 65
66.816000 67.936000 68
67.936000 70.944000 63
71.392000 71.808000 62
71.904000 72.064000 60
72.064000 72.096000 59
72.096000 73.440000 58
73.600000 73.952000 55
74.048000 74.432000 59
74.880000 75.008000 62
75.008000 75.200000 61
75.328000 75.584000 62
75.584000 76.160000 63
76.160000 77.888000 68
78.080000 78.144000 65
78.144000 78.272000 65
78.272000 78.944000 67
78.944000 79.552000 68
79.552000 81.600000 73
81.632000 84.576000 68
85.184000 85.472000 65
85.472000 85.568000 66
85.728000 85.920000 67
85.920000 86.048000 67
86.048000 86.560000 68
86.560000 87.296000 71
87.488000 87.904000 73
87.904000 89.600000 71
89.600000 90.208000 67
90.368000 91.040000 68
91.040000 91.296000 63
91.456000 91.744000 59
92.096000 92.256000 54
92.384000 92.768000 56
92.928000 94.016000 60
94.432000 94.656000 67
94.656000 94.848000 68
94.944000 95.232000 67
95.232000 96.128000 66
96.128000 96.864000 63
97.024000 99.104000 59
101.120000 101.504000 67
101.504000 102.080000 69
102.112000 103.232000 72
104.576000 105.184000 74
105.184000 106.688000 78
107.232000 109.376000 66
111.488000 111.936000 63
112.832000 113.408000 54
113.408000 113.472000 56
113.472000 114.080000 62
114.208000 115.424000 63
115.424000 116.352000 62
116.736000 116.864000 58
116.864000 116.928000 60
116.928000 117.376000 62
117.376000 117.888000 64
117.888000 119.904000 68
120.256000 120.352000 60
120.352000 120.384000 61
120.384000 120.608000 66
120.736000 120.896000 67
120.896000 121.632000 68
121.632000 122.272000 71
122.400000 122.848000 73
122.848000 124.320000 71
124.320000 126.944000 68
127.136000 127.424000 63
127.424000 127.520000 67
127.680000 127.904000 67
127.904000 128.512000 69
128.512000 129.024000 71
129.184000 129.952000 74
129.952000 131.712000 71
131.712000 132.416000 67
132.512000 132.992000 67
132.992000 133.536000 65
133.536000 133.760000 61
133.984000 134.464000 55
134.464000 135.040000 58
135.232000 135.680000 59
135.680000 136.064000 61
136.480000 137.344000 68
137.344000 137.760000 65
137.920000 138.144000 63
138.144000 140.544000 62
143.008000 143.744000 69
143.840000 144.256000 67
144.256000 145.376000 69
145.376000 146.368000 74
146.560000 146.720000 68
146.720000 147.104000 67
147.104000 147.552000 63
147.552000 147.936000 68
148.032000 149.536000 67
149.760000 152.000000 63
152.128000 152.384000 63
152.384000 153.632000 68
153.632000 156.544000 63
156.960000 157.376000 62
157.472000 157.664000 61
157.664000 159.008000 58
159.168000 159.520000 55
159.584000 160.096000 59
160.480000 160.608000 62
160.608000 160.800000 61
160.928000 161.152000 61
161.152000 161.760000 63
161.760000 163.488000 68
163.712000 163.776000 64
163.776000 164.576000 67
164.576000 165.312000 68
165.312000 167.584000 73
167.584000 170.464000 68
170.880000 171.104000 65
171.104000 171.264000 66
171.392000 171.584000 66
171.584000 172.352000 69
172.352000 172.768000 71
173.152000 173.280000 72
173.280000 173.600000 73
173.600000 175.264000 71
175.264000 175.840000 66
176.096000 176.640000 68
176.640000 176.960000 65
177.120000 177.472000 59
177.760000 177.920000 55
178.048000 178.464000 56
178.560000 179.776000 61
180.160000 180.544000 68
180.672000 180.960000 67
180.960000 182.368000 66
182.368000 182.624000 60
182.752000 184.832000 59
186.240000 186.624000 66
186.720000 187.136000 71
187.136000 189.088000 75
189.216000 190.624000 78
190.848000 192.864000 78
193.312000 195.328000 61
195.872000 197.088000 75
197.088000 199.040000 73
199.136000 199.424000 71
199.520000 201.888000 71
