3.936000 3.968000 67
7.488000 7.680000 67
7.808000 8.096000 67
8.608000 8.704000 67
11.936000 12.032000 67
13.728000 13.920000 71
16.192000 17.344000 64
17.728000 19.360000 62
19.936000 20.704000 63
20.832000 21.280000 57
21.472000 22.432000 59
23.936000 24.160000 59
24.160000 24.416000 63
24.416000 24.992000 66
24.992000 25.120000 62
25.312000 25.600000 62
25.696000 25.888000 62
25.888000 26.176000 61
26.272000 26.848000 62
27.776000 27.936000 62
28.064000 28.544000 64
28.800000 29.152000 57
31.200000 31.296000 56
31.456000 32.416000 58
32.544000 32.800000 57
32.960000 33.152000 57
33.248000 33.792000 57
34.464000 35.296000 63
35.424000 35.872000 58
36.032000 36.288000 59
38.464000 38.752000 60
38.752000 40.544000 66
40.672000 40.800000 59
41.056000 41.184000 61
42.400000 42.592000 62
42.720000 43.168000 64
43.424000 44.096000 57
45.792000 46.272000 57
46.272000 46.592000 58
46.688000 46.976000 57
47.104000 47.328000 59
47.456000 47.680000 58
47.808000 48.480000 59
49.440000 49.728000 57
49.728000 49.792000 58
49.792000 51.104000 64
51.200000 52.000000 64
52.864000 54.656000 64
54.848000 55.808000 59
56.608000 56.896000 57
56.896000 57.504000 60
57.632000 58.688000 62
58.816000 59.200000 62
59.392000 59.744000 60
60.256000 60.416000 59
60.512000 61.920000 62
62.112000 62.464000 64
62.752000 63.232000 59
64.128000 64.352000 57
64.352000 65.696000 65
65.792000 66.016000 66
66.176000 66.784000 67
66.784000 67.040000 65
67.392000 68.640000 64
69.120000 69.280000 59
69.280000 69.536000 62
69.536000 69.824000 59
69.984000 71.616000 55
71.712000 72.672000 60
72.864000 73.152000 60
73.248000 73.536000 62
73.536000 73.920000 64
74.368000 74.944000 64
75.072000 75.648000 67
75.776000 75.936000 66
76.064000 76.576000 67
76.672000 76.928000 69
77.024000 77.376000 69
77.472000 80.416000 62
81.760000 81.952000 61
82.080000 82.560000 62
82.656000 82.816000 70
82.816000 83.776000 71
83.776000 84.192000 69
84.384000 84.800000 69
85.216000 86.144000 67
86.208000 87.424000 69
87.616000 87.840000 62
87.840000 88.800000 67
89.184000 89.600000 64
89.600000 90.240000 67
90.336000 91.040000 69
91.488000 91.744000 67
91.744000 92.224000 71
92.384000 92.800000 69
92.800000 92.992000 66
93.088000 95.584000 64
96.192000 96.256000 68
96.256000 98.432000 74
98.432000 98.656000 67
98.816000 99.808000 69
99.808000 99.840000 64
99.904000 100.704000 67
100.800000 101.824000 69
102.016000 102.528000 71
102.528000 103.232000 69
103.648000 104.096000 65
104.096000 105.472000 74
105.760000 106.144000 66
106.240000 106.944000 67
106.944000 107.392000 64
107.552000 110.336000 67
123.872000 124.544000 64
124.576000 125.568000 64
125.664000 125.920000 63
126.208000 127.168000 62
128.384000 130.016000 71
137.120000 137.312000 62
137.472000 139.392000 59
140.768000 143.264000 64
143.808000 145.440000 64
145.792000 146.944000 59
147.520000 147.808000 57
147.808000 148.384000 60
148.512000 149.408000 60
149.504000 149.728000 62
149.824000 150.176000 62
150.368000 150.688000 60
151.232000 151.392000 59
151.488000 153.408000 63
153.536000 154.432000 59
155.360000 156.480000 65
156.640000 156.832000 66
157.024000 157.632000 67
157.632000 157.920000 64
158.304000 158.368000 61
158.368000 159.584000 64
160.000000 160.224000 59
160.224000 160.896000 65
160.896000 161.408000 66
161.504000 162.080000 67
162.592000 163.584000 60
163.776000 164.032000 60
164.128000 164.864000 64
165.376000 165.856000 64
166.016000 166.656000 67
166.752000 166.880000 66
167.008000 167.072000 65
167.072000 168.288000 69
168.480000 171.424000 64
172.960000 173.440000 62
173.536000 173.600000 68
173.600000 174.720000 71
174.720000 175.104000 65
175.296000 175.776000 69
176.160000 177.056000 67
177.120000 178.272000 69
178.272000 178.400000 63
178.496000 178.688000 62
178.688000 179.648000 67
180.096000 180.512000 64
180.512000 181.152000 67
181.216000 182.112000 69
182.560000 182.688000 67
182.688000 183.168000 71
183.328000 183.712000 69
183.712000 186.560000 64
187.136000 187.200000 69
187.200000 189.408000 74
189.408000 189.632000 67
189.760000 190.272000 69
190.752000 191.328000 66
191.456000 192.352000 69
192.416000 192.800000 69
192.960000 193.504000 71
193.504000 194.304000 69
194.624000 195.008000 64
195.104000 196.448000 74
196.672000 196.864000 64
196.864000 198.336000 67
198.528000 198.848000 66
198.944000 201.984000 69
202.144000 202.304000 65
204.960000 205.024000 65
205.024000 205.120000 67
205.120000 205.664000 71
205.760000 206.400000 72
206.400000 207.072000 69
207.680000 208.032000 69
208.192000 208.736000 67
208.896000 211.008000 67
212.128000 213.152000 70
213.152000 213.792000 71
213.984000 215.616000 67
215.616000 216.800000 65
217.248000 217.632000 67
217.728000 218.112000 69
218.112000 218.560000 71
218.688000 220.416000 72
220.416000 221.280000 67
221.760000 222.080000 64
222.240000 223.872000 74
223.872000 226.816000 70
228.000000 228.320000 62
228.416000 228.960000 62
229.120000 230.464000 71
230.464000 230.816000 65
231.040000 231.456000 69
231.904000 232.032000 72
232.032000 232.736000 67
232.864000 233.792000 69
233.952000 234.272000 71
234.272000 235.424000 69
235.744000 235.904000 64
236.000000 236.160000 64
236.256000 236.896000 67
236.896000 237.120000 69
237.216000 237.792000 67
238.208000 239.296000 71
239.392000 239.808000 74
239.968000 240.096000 69
240.096000 241.408000 75
241.408000 242.336000 75
242.336000 242.496000 75
242.816000 244.416000 72
244.512000 244.928000 74
244.928000 245.312000 68
245.440000 245.920000 69
246.496000 246.624000 67
246.624000 246.816000 69
246.912000 247.936000 69
248.064000 248.544000 74
248.704000 248.928000 75
248.928000 249.472000 71
249.472000 250.816000 70
252.128000 252.512000 64
252.608000 253.280000 74
253.472000 254.464000 72
256.096000 256.160000 61
256.160000 256.416000 66
256.608000 256.928000 67
257.088000 257.600000 66
258.080000 260.576000 70
260.736000 260.832000 67
263.168000 263.680000 67
263.680000 263.904000 74
264.032000 264.384000 74
264.608000 266.272000 76
267.744000 268.192000 66
268.256000 268.576000 67
268.832000 269.376000 66
270.336000 270.752000 67
270.752000 271.200000 69
271.424000 273.472000 67
285.344000 287.936000 72
