31.008000 31.072000 50
31.072000 31.296000 53
31.392000 34.432000 58
34.432000 35.584000 53
37.056000 37.120000 49
37.120000 37.760000 53
37.920000 38.880000 51
38.976000 40.160000 50
40.288000 40.448000 51
40.608000 41.888000 53
43.360000 43.424000 51
43.424000 43.680000 53
43.680000 46.304000 58
46.400000 47.808000 61
47.936000 48.736000 60
49.440000 49.760000 58
49.856000 50.144000 58
50.144000 51.008000 57
51.008000 53.472000 61
55.616000 57.056000 61
57.184000 57.472000 61
57.568000 57.856000 63
57.856000 59.072000 60
59.072000 59.936000 56
60.608000 60.832000 54
60.832000 62.112000 58
62.208000 63.552000 56
63.552000 65.600000 53
66.400000 66.560000 52
66.560000 66.880000 53
66.880000 67.392000 52
67.936000 69.408000 61
69.504000 69.824000 65
69.920000 70.016000 63
70.016000 71.328000 62
71.328000 72.288000 56
72.960000 73.024000 54
73.024000 73.408000 56
73.408000 73.664000 58
73.664000 74.048000 60
74.048000 74.368000 61
74.368000 74.400000 59
74.400000 75.232000 56
75.232000 78.336000 54
82.176000 82.400000 56
82.528000 82.656000 58
82.656000 83.168000 63
83.296000 84.352000 65
84.480000 87.296000 61
88.320000 88.864000 56
88.864000 89.120000 58
89.120000 89.792000 61
89.792000 90.688000 57
90.688000 91.392000 61
91.392000 93.792000 58
94.464000 94.912000 56
94.912000 95.136000 61
95.264000 95.488000 63
95.616000 96.096000 65
96.096000 96.768000 68
96.768000 98.080000 65
98.080000 99.648000 61
100.672000 101.152000 57
101.152000 102.048000 61
102.176000 103.072000 59
103.072000 105.984000 61
108.000000 108.064000 47
108.064000 108.096000 51
108.096000 108.288000 54
108.288000 111.264000 58
111.264000 112.832000 53
114.048000 114.368000 53
114.464000 114.752000 53
114.880000 115.648000 51
115.648000 117.024000 50
117.152000 118.944000 53
120.384000 120.448000 52
120.448000 120.640000 55
120.640000 121.216000 56
121.216000 123.712000 60
123.808000 124.864000 61
124.864000 125.760000 60
126.432000 127.872000 58
127.968000 130.816000 61
132.544000 132.608000 56
132.608000 133.120000 61
133.248000 133.952000 61
134.080000 134.752000 63
134.880000 135.104000 60
135.104000 135.776000 60
135.776000 136.832000 58
137.536000 137.760000 53
137.760000 139.840000 58
139.840000 140.544000 55
140.704000 142.560000 53
143.264000 143.808000 53
143.808000 144.416000 51
144.832000 144.960000 59
144.960000 146.688000 65
146.784000 146.912000 63
146.912000 147.104000 62
147.104000 148.256000 60
148.256000 149.120000 56
149.824000 150.016000 53
150.016000 150.368000 56
150.368000 150.688000 60
150.688000 151.296000 61
151.296000 152.864000 56
152.960000 154.848000 53
156.000000 156.256000 56
156.352000 156.512000 58
156.512000 157.088000 63
157.216000 158.272000 65
158.368000 161.344000 61
162.144000 162.720000 57
162.720000 162.976000 59
162.976000 163.648000 61
163.648000 163.776000 55
163.776000 164.480000 58
164.480000 165.184000 61
165.184000 167.392000 58
168.288000 168.768000 57
168.768000 169.344000 63
169.472000 171.520000 68
171.520000 173.472000 64
174.592000 175.008000 57
175.008000 175.232000 58
175.232000 175.936000 61
175.936000 176.960000 60
176.960000 179.776000 61
181.888000 181.952000 51
181.952000 182.144000 53
182.144000 183.264000 58
183.392000 183.648000 58
183.744000 183.936000 58
183.936000 185.056000 56
185.056000 186.688000 55
187.968000 189.504000 53
189.504000 189.824000 50
189.920000 190.272000 49
191.072000 191.424000 46
194.080000 194.176000 50
194.176000 194.496000 55
194.496000 197.088000 58
197.184000 198.496000 61
199.136000 199.712000 56
199.712000 199.936000 58
199.936000 200.608000 61
200.608000 201.504000 59
201.504000 203.776000 61
205.216000 205.632000 55
205.632000 205.728000 56
205.728000 205.984000 59
205.984000 206.688000 61
206.688000 206.848000 55
206.848000 207.520000 57
207.520000 210.112000 61
211.552000 212.064000 56
212.192000 212.320000 56
212.320000 213.312000 60
213.440000 213.728000 61
213.984000 215.520000 56
216.864000 216.960000 53
216.960000 217.088000 52
217.088000 217.312000 50
217.504000 217.856000 49
218.240000 218.880000 53
