9.088000 9.280000 55
9.280000 9.792000 59
9.920000 10.112000 57
10.240000 10.496000 53
10.624000 10.752000 52
11.040000 11.200000 52
15.168000 15.232000 54
15.232000 15.488000 57
15.584000 15.872000 59
16.000000 16.480000 56
16.608000 16.736000 52
21.280000 21.440000 55
21.440000 21.952000 59
22.080000 22.240000 56
22.240000 22.880000 55
23.168000 23.296000 52
23.424000 23.584000 54
25.376000 25.600000 58
27.328000 27.488000 55
27.488000 28.096000 59
28.256000 28.448000 57
28.608000 29.184000 54
29.312000 29.472000 52
31.424000 31.488000 61
31.488000 31.616000 62
31.616000 32.160000 66
33.312000 33.760000 57
34.208000 34.464000 57
34.464000 34.496000 59
34.496000 35.168000 66
36.416000 37.280000 64
37.504000 37.696000 67
37.696000 37.920000 66
37.920000 38.688000 65
43.392000 43.552000 53
43.552000 43.584000 59
43.584000 44.224000 66
45.504000 45.792000 57
45.888000 45.984000 59
46.624000 46.720000 61
46.816000 47.296000 66
48.512000 49.408000 64
49.632000 49.952000 67
50.048000 50.240000 64
50.240000 51.200000 63
51.200000 51.552000 67
53.856000 54.080000 66
54.208000 54.880000 64
55.360000 55.616000 62
55.616000 56.352000 61
56.480000 57.088000 67
57.216000 57.376000 65
57.376000 57.632000 66
57.632000 57.952000 67
57.952000 58.912000 66
59.136000 60.576000 66
60.672000 61.056000 67
61.056000 61.280000 64
62.560000 62.624000 63
62.624000 63.168000 67
63.328000 63.872000 66
63.872000 63.968000 62
64.096000 64.256000 62
64.448000 65.024000 62
65.216000 66.016000 64
68.512000 68.640000 55
68.640000 69.280000 67
69.376000 70.688000 67
70.688000 71.808000 62
72.064000 72.448000 62
72.448000 72.576000 64
72.576000 73.056000 67
73.056000 73.440000 65
74.720000 75.264000 67
75.456000 75.584000 64
75.584000 76.160000 66
76.256000 77.504000 62
77.504000 78.656000 64
79.520000 79.680000 59
79.680000 79.872000 63
79.872000 80.704000 66
80.704000 80.832000 59
80.832000 81.472000 66
84.832000 84.992000 68
84.992000 85.088000 69
85.184000 85.664000 69
85.664000 87.296000 67
90.912000 91.104000 67
91.200000 92.800000 69
92.960000 93.088000 64
93.088000 93.888000 69
94.112000 94.688000 65
96.960000 98.656000 69
98.656000 99.488000 66
101.600000 101.664000 59
101.664000 101.888000 62
101.888000 102.784000 66
102.784000 103.040000 62
103.232000 103.392000 62
103.392000 103.872000 67
104.256000 104.352000 56
104.352000 104.384000 58
104.384000 104.800000 64
105.088000 105.248000 65
105.248000 105.472000 68
105.888000 106.016000 63
106.016000 106.432000 64
106.432000 106.912000 63
107.360000 107.808000 57
108.160000 109.088000 62
109.280000 109.792000 62
112.384000 112.576000 55
112.576000 113.408000 59
113.536000 114.048000 54
114.336000 114.592000 53
116.512000 116.608000 57
118.464000 118.624000 55
118.624000 118.752000 57
118.816000 118.880000 56
118.880000 119.200000 59
119.360000 119.520000 56
119.520000 120.128000 54
120.608000 120.832000 52
124.352000 124.864000 62
124.960000 125.152000 59
125.152000 125.504000 61
125.504000 125.856000 57
125.920000 126.240000 54
126.368000 126.656000 54
127.072000 127.360000 54
127.648000 128.288000 54
128.704000 128.960000 58
129.056000 129.632000 54
130.624000 130.816000 55
130.816000 131.520000 59
131.648000 132.288000 54
134.752000 134.976000 63
134.976000 135.456000 66
136.672000 137.216000 57
137.600000 137.792000 59
137.792000 138.048000 64
138.144000 138.272000 64
138.272000 138.464000 66
139.680000 140.608000 64
140.832000 141.056000 67
141.184000 141.344000 65
141.344000 141.856000 63
146.688000 146.880000 57
146.880000 147.040000 62
147.040000 147.552000 66
148.736000 149.088000 57
149.728000 149.856000 57
149.952000 150.112000 62
150.112000 150.464000 65
150.464000 151.584000 67
151.584000 153.056000 69
153.152000 153.920000 66
157.152000 157.600000 66
157.696000 158.144000 64
158.656000 158.816000 62
158.816000 158.944000 63
158.944000 159.264000 66
159.808000 160.416000 67
160.544000 160.672000 64
160.672000 160.960000 66
160.960000 161.216000 67
161.216000 162.176000 66
162.432000 163.840000 66
163.936000 164.224000 67
164.224000 164.416000 65
165.696000 165.856000 57
165.856000 166.880000 67
167.008000 167.168000 64
167.168000 167.264000 62
167.360000 168.288000 62
168.480000 168.704000 62
168.704000 170.336000 66
170.336000 170.880000 61
171.968000 172.448000 67
172.672000 172.800000 64
172.800000 173.248000 66
173.248000 173.728000 62
173.856000 174.368000 62
174.624000 175.808000 70
176.096000 176.352000 64
176.352000 177.088000 66
178.016000 178.080000 65
178.080000 179.328000 67
179.328000 180.224000 62
180.640000 182.432000 64
183.360000 183.520000 69
183.648000 184.224000 66
184.224000 184.480000 65
186.592000 186.848000 62
187.008000 187.136000 63
187.776000 187.872000 67
188.128000 189.568000 69
189.568000 190.496000 66
194.208000 194.368000 68
194.432000 196.096000 69
196.256000 197.120000 68
197.376000 197.920000 65
199.552000 199.680000 67
199.776000 199.872000 67
200.288000 201.888000 69
201.888000 201.920000 62
201.984000 202.720000 66
204.576000 204.736000 62
204.736000 205.408000 66
205.408000 206.752000 64
207.584000 207.648000 59
207.648000 207.840000 63
207.840000 208.064000 66
208.352000 208.416000 63
208.416000 208.704000 67
209.120000 210.176000 64
210.656000 211.072000 57
211.456000 212.480000 62
212.576000 213.600000 62
213.920000 214.528000 67
223.072000 223.776000 62
223.872000 224.512000 61
224.672000 225.280000 59
225.376000 226.112000 59
226.272000 226.464000 60
226.656000 226.784000 62
238.016000 238.240000 63
238.240000 239.328000 66
239.328000 239.584000 62
239.584000 239.904000 66
242.816000 243.520000 69
243.648000 244.256000 67
244.256000 245.952000 66
248.832000 248.896000 58
248.896000 248.928000 63
248.928000 249.056000 67
249.216000 249.664000 70
249.760000 250.784000 67
250.944000 251.872000 68
252.064000 252.672000 64
253.024000 253.184000 64
253.408000 253.888000 66
253.888000 254.304000 64
254.944000 255.200000 66
255.296000 255.776000 66
255.776000 256.352000 65
256.352000 256.608000 67
256.608000 256.704000 68
256.704000 257.408000 65
259.328000 259.456000 62
259.456000 260.320000 66
260.320000 261.440000 64
262.208000 262.304000 56
262.304000 262.336000 59
262.336000 262.496000 62
262.496000 262.720000 65
263.072000 263.424000 66
263.808000 263.872000 62
263.872000 264.864000 64
264.864000 264.896000 61
265.376000 265.568000 57
266.144000 267.072000 62
267.296000 267.552000 62
268.384000 268.544000 62
268.544000 268.768000 64
269.120000 269.248000 65
269.248000 269.536000 67
269.856000 269.920000 62
269.920000 270.016000 62
270.016000 270.880000 64
271.360000 271.712000 57
272.160000 272.224000 62
272.224000 273.184000 70
273.344000 274.176000 66
274.176000 275.232000 61
275.232000 275.552000 66
276.032000 276.160000 62
276.160000 277.024000 64
277.536000 277.888000 57
278.368000 278.432000 52
278.432000 278.528000 54
278.528000 279.584000 57
279.584000 282.048000 54
