5.856000 6.176000 65
6.336000 6.528000 65
18.592000 18.688000 69
19.232000 19.424000 67
19.520000 19.616000 68
23.360000 23.872000 67
23.872000 24.448000 70
24.544000 24.736000 65
25.024000 25.152000 65
25.408000 25.536000 65
25.920000 26.048000 65
26.208000 26.368000 65
26.464000 26.560000 65
28.192000 28.320000 65
28.544000 28.640000 67
28.960000 29.056000 65
33.024000 33.440000 60
33.568000 34.208000 60
34.432000 34.560000 60
34.720000 34.912000 60
34.912000 35.072000 59
35.200000 35.328000 59
35.520000 36.320000 60
36.448000 36.992000 62
37.216000 37.664000 57
38.016000 38.112000 60
38.272000 38.688000 60
38.816000 38.944000 60
39.040000 39.840000 60
39.904000 40.064000 60
40.288000 40.512000 60
40.512000 40.736000 58
40.864000 40.992000 60
41.120000 41.408000 62
41.568000 42.112000 57
42.816000 43.488000 58
43.616000 44.384000 57
45.440000 45.696000 57
45.856000 45.952000 57
46.112000 46.656000 57
46.784000 47.584000 57
49.952000 50.752000 62
51.264000 51.936000 60
52.064000 52.736000 60
52.832000 53.024000 59
53.152000 53.312000 60
53.408000 53.568000 58
53.568000 53.696000 60
53.856000 53.984000 60
54.176000 54.912000 62
54.912000 55.232000 57
55.552000 55.712000 61
55.904000 56.160000 60
56.160000 56.352000 59
56.448000 56.576000 60
56.704000 57.056000 60
57.536000 57.760000 60
57.984000 58.176000 60
58.176000 58.368000 58
58.496000 58.880000 60
58.880000 59.104000 62
59.104000 59.328000 58
59.488000 59.744000 57
60.160000 60.544000 58
60.704000 60.896000 58
61.024000 61.120000 58
61.280000 61.376000 58
61.536000 61.696000 57
61.824000 61.984000 60
62.208000 62.432000 53
62.624000 62.752000 53
62.944000 63.232000 55
63.648000 63.904000 57
64.064000 65.472000 57
66.848000 67.328000 60
67.456000 67.520000 64
67.520000 68.096000 67
68.224000 69.280000 69
69.600000 70.304000 69
71.776000 71.840000 61
71.840000 72.448000 67
72.640000 73.632000 69
73.696000 73.728000 65
73.792000 74.656000 67
74.880000 75.712000 65
76.288000 76.416000 65
76.544000 76.832000 65
76.832000 77.568000 69
77.664000 78.656000 68
78.784000 78.944000 67
78.976000 79.200000 67
79.296000 79.680000 70
79.744000 80.416000 70
80.416000 81.344000 67
81.504000 83.296000 65
84.768000 84.928000 59
84.928000 85.056000 60
85.056000 85.408000 65
85.408000 85.664000 67
85.856000 88.224000 69
89.504000 90.048000 67
90.304000 90.720000 69
90.880000 91.232000 67
91.456000 91.840000 65
91.968000 93.440000 69
93.856000 94.464000 66
94.464000 95.200000 69
95.296000 96.320000 67
96.416000 96.640000 67
96.896000 97.312000 70
97.472000 97.792000 70
98.048000 98.976000 67
99.136000 101.344000 65
102.432000 103.488000 69
104.128000 104.768000 60
104.992000 105.600000 60
105.728000 105.888000 59
106.048000 106.176000 59
106.272000 106.464000 58
106.464000 106.656000 60
106.656000 107.136000 60
107.296000 107.648000 62
107.648000 108.160000 60
108.544000 109.216000 60
109.376000 110.048000 60
110.272000 110.432000 58
110.432000 110.592000 61
110.688000 110.848000 58
110.848000 110.976000 60
111.104000 111.392000 58
111.392000 111.520000 60
111.648000 111.968000 62
112.128000 112.224000 57
112.384000 112.672000 57
113.376000 114.016000 58
114.176000 115.008000 57
115.680000 115.840000 57
116.032000 116.256000 57
116.352000 116.480000 57
116.672000 117.408000 60
117.600000 119.072000 57
120.640000 120.704000 63
120.704000 122.400000 66
122.400000 122.816000 63
123.008000 123.328000 60
123.968000 124.320000 60
124.512000 125.184000 53
125.568000 125.696000 65
125.888000 126.080000 65
126.400000 126.560000 65
126.976000 127.136000 62
127.264000 127.392000 60
127.488000 127.744000 60
127.744000 128.160000 58
128.352000 128.640000 58
128.928000 129.696000 53
130.048000 130.368000 60
130.368000 131.424000 60
131.520000 131.680000 57
131.808000 131.936000 60
132.096000 132.256000 57
132.256000 132.480000 60
132.640000 132.896000 60
132.896000 133.056000 62
133.152000 133.376000 65
133.472000 133.792000 67
133.952000 134.016000 64
134.016000 134.080000 67
134.080000 134.528000 72
134.688000 135.712000 69
135.712000 136.992000 69
137.408000 137.824000 60
137.984000 138.112000 65
138.112000 138.592000 67
138.784000 139.808000 69
139.936000 140.064000 69
140.192000 140.800000 69
142.304000 142.368000 61
142.368000 142.912000 67
143.168000 144.160000 69
144.352000 144.736000 65
144.864000 145.184000 67
145.408000 146.240000 66
146.816000 146.944000 65
147.072000 147.360000 65
147.360000 148.096000 69
148.192000 149.184000 68
149.312000 149.728000 67
149.824000 150.208000 70
150.272000 150.880000 69
150.880000 153.344000 67
154.112000 154.336000 65
155.360000 155.424000 58
155.424000 155.584000 60
155.584000 155.648000 62
155.648000 155.904000 65
155.904000 156.192000 67
156.416000 158.784000 70
159.776000 159.840000 60
160.032000 160.576000 67
160.832000 161.248000 69
161.440000 161.760000 67
161.984000 162.368000 65
162.496000 163.904000 67
164.416000 164.992000 65
164.992000 165.728000 69
165.824000 166.816000 67
166.944000 167.040000 67
167.136000 167.232000 67
167.424000 167.840000 70
168.000000 168.416000 70
168.416000 169.536000 67
169.664000 171.008000 65
171.136000 171.552000 65
171.648000 171.872000 65
172.608000 174.080000 67
174.080000 176.576000 72
177.216000 178.496000 67
178.496000 178.560000 70
178.560000 181.248000 72
182.048000 182.272000 64
182.272000 182.624000 65
182.624000 183.360000 69
183.488000 184.384000 67
184.544000 185.088000 67
185.088000 185.440000 70
185.600000 186.144000 69
186.144000 187.136000 67
187.296000 189.216000 65
189.472000 189.568000 65
190.240000 190.720000 60
190.880000 191.200000 65
191.200000 191.584000 72
191.712000 192.992000 69
195.232000 195.296000 63
195.296000 195.840000 67
196.064000 197.152000 69
197.312000 198.112000 67
198.336000 199.200000 65
199.744000 199.872000 65
200.000000 200.256000 65
200.256000 200.992000 69
201.088000 201.856000 67
202.720000 203.072000 70
203.264000 203.840000 69
203.840000 204.768000 67
204.928000 206.272000 65
208.320000 208.512000 60
208.512000 209.088000 67
209.312000 211.040000 70
212.640000 212.736000 75
212.928000 213.216000 65
213.216000 213.504000 67
213.760000 214.208000 69
214.368000 214.656000 67
214.848000 215.264000 70
215.424000 215.872000 69
215.968000 216.768000 66
217.312000 217.888000 65
217.888000 218.592000 69
218.720000 219.232000 67
219.232000 219.552000 65
220.384000 220.768000 70
220.928000 221.536000 69
221.536000 222.496000 67
222.528000 224.064000 65
225.856000 226.912000 69
