11.904000 12.576000 70
12.960000 13.088000 67
13.216000 13.984000 70
13.984000 14.432000 67
14.432000 15.424000 66
15.520000 16.000000 60
16.704000 17.216000 58
17.344000 17.920000 62
18.016000 18.464000 60
19.648000 19.808000 67
19.808000 20.672000 70
20.672000 21.184000 68
21.312000 22.528000 62
23.360000 23.840000 59
23.840000 24.544000 62
24.576000 25.216000 61
26.336000 26.432000 67
26.528000 27.360000 70
27.360000 27.872000 67
28.000000 28.192000 70
28.192000 28.864000 72
28.864000 29.248000 70
29.952000 32.000000 62
32.960000 33.024000 65
33.024000 33.920000 70
34.016000 34.528000 67
34.656000 35.744000 62
35.872000 37.184000 60
39.008000 39.104000 58
39.264000 40.864000 58
41.312000 41.792000 58
41.952000 42.528000 58
43.168000 43.264000 56
43.392000 44.032000 58
44.224000 44.896000 58
45.088000 45.952000 58
46.304000 46.624000 58
46.752000 47.040000 58
47.168000 47.520000 58
47.520000 47.808000 56
48.000000 48.256000 58
48.416000 48.704000 58
48.832000 49.216000 58
49.664000 50.016000 58
50.496000 51.264000 60
51.584000 52.064000 58
52.160000 52.736000 58
52.928000 53.280000 58
53.408000 53.824000 59
53.824000 54.176000 64
54.656000 55.520000 58
55.520000 55.840000 65
56.320000 57.184000 58
57.184000 57.568000 64
57.824000 59.296000 61
59.456000 60.608000 58
60.736000 61.152000 58
61.504000 62.240000 58
62.368000 62.816000 58
63.200000 63.680000 58
63.840000 66.208000 58
66.304000 66.496000 55
66.496000 66.880000 58
67.360000 67.584000 62
67.968000 68.480000 67
69.632000 69.824000 65
69.824000 70.400000 64
71.328000 72.128000 61
72.960000 73.152000 67
73.152000 73.568000 70
74.016000 74.240000 62
74.624000 75.232000 67
75.456000 75.552000 67
76.288000 76.448000 65
76.448000 77.024000 64
77.344000 77.632000 58
77.952000 78.272000 60
78.400000 78.496000 60
79.424000 80.064000 58
80.096000 80.288000 58
80.480000 80.864000 58
81.312000 81.952000 58
82.144000 82.496000 58
82.784000 83.136000 58
83.136000 83.616000 58
83.808000 84.224000 58
84.384000 85.280000 58
85.504000 86.208000 60
86.336000 86.624000 58
86.624000 86.688000 59
86.688000 86.976000 64
87.136000 87.488000 58
87.776000 87.904000 58
88.000000 88.384000 59
88.384000 88.640000 64
88.832000 89.280000 58
89.472000 89.568000 58
89.664000 90.048000 58
90.464000 90.816000 58
90.912000 91.168000 58
91.328000 91.904000 58
92.096000 92.512000 59
92.608000 92.960000 60
93.824000 94.080000 67
94.272000 94.432000 67
94.432000 94.848000 66
94.848000 95.968000 63
96.992000 97.024000 63
97.120000 97.888000 67
98.016000 98.176000 65
98.176000 99.168000 63
99.424000 99.904000 58
100.096000 100.256000 58
100.512000 100.896000 58
101.120000 101.952000 58
102.144000 102.592000 58
102.784000 102.912000 58
103.008000 103.424000 59
103.424000 104.288000 67
104.448000 105.248000 67
105.248000 105.792000 70
106.336000 106.528000 67
106.528000 107.328000 70
107.328000 107.712000 68
107.712000 109.376000 65
110.080000 110.496000 58
110.720000 111.904000 62
112.960000 113.024000 66
113.024000 113.152000 67
113.152000 114.048000 70
114.048000 114.528000 67
114.656000 115.808000 62
115.808000 116.128000 59
116.704000 117.184000 58
117.184000 117.856000 62
118.016000 118.528000 60
119.680000 119.776000 66
119.776000 119.840000 67
119.840000 120.704000 70
120.704000 121.216000 67
121.312000 122.752000 72
123.296000 123.936000 64
124.064000 124.448000 62
124.672000 125.440000 72
126.080000 126.496000 67
126.496000 127.232000 70
127.360000 127.840000 67
127.968000 129.120000 62
129.248000 130.688000 60
132.192000 132.544000 70
132.640000 133.664000 70
134.656000 135.136000 67
136.288000 136.672000 65
136.832000 136.992000 62
137.504000 137.600000 60
138.048000 138.560000 60
139.648000 139.840000 67
140.064000 140.224000 70
140.672000 140.960000 62
141.312000 142.048000 67
142.976000 143.136000 65
143.136000 143.648000 64
144.032000 144.416000 58
144.640000 145.216000 60
145.920000 146.208000 58
146.336000 146.560000 58
146.752000 147.104000 58
147.328000 148.256000 58
148.384000 148.768000 57
149.248000 149.568000 58
149.664000 149.920000 58
150.080000 150.400000 58
150.496000 151.904000 58
152.000000 152.160000 59
152.352000 152.480000 57
152.544000 153.280000 58
153.472000 153.504000 57
153.600000 153.760000 56
154.016000 154.112000 57
154.272000 154.528000 58
154.656000 154.880000 58
155.072000 155.424000 58
155.680000 155.776000 57
155.904000 156.224000 58
156.320000 156.608000 58
156.736000 157.056000 58
157.152000 157.824000 58
157.984000 158.272000 58
158.400000 158.624000 58
158.624000 158.816000 60
159.232000 159.840000 62
160.480000 160.992000 67
161.120000 161.472000 65
161.472000 161.824000 63
161.952000 162.496000 60
163.808000 164.320000 67
164.448000 164.832000 65
164.832000 165.792000 63
166.112000 166.496000 58
166.496000 166.912000 58
167.136000 167.648000 58
167.808000 168.608000 58
168.832000 169.216000 58
169.408000 169.952000 58
169.952000 171.488000 67
171.648000 171.776000 67
172.352000 176.960000 71
177.152000 177.760000 65
178.432000 178.944000 72
179.040000 183.136000 72
183.392000 183.456000 68
183.456000 183.744000 70
183.840000 183.936000 64
184.032000 184.512000 67
184.512000 185.344000 72
185.504000 185.760000 72
185.920000 189.952000 72
190.464000 191.040000 65
191.520000 191.744000 60
191.744000 192.096000 62
192.352000 192.928000 60
193.024000 194.176000 58
194.272000 195.136000 58
195.232000 195.744000 60
195.968000 196.064000 58
196.288000 196.480000 58
196.480000 197.408000 62
197.408000 201.792000 62
201.792000 203.424000 62
203.552000 203.808000 60
204.032000 204.224000 61
204.320000 204.576000 62
204.672000 204.896000 61
205.056000 206.144000 62
206.304000 206.720000 62
206.720000 207.424000 58
207.872000 208.416000 58
208.416000 209.088000 62
209.120000 209.472000 62
209.536000 209.568000 60
209.632000 209.920000 62
210.176000 210.496000 59
210.496000 212.032000 62
212.160000 212.416000 62
212.576000 212.736000 62
212.736000 212.896000 58
212.928000 213.088000 60
213.216000 213.344000 58
213.408000 213.600000 62
213.984000 214.432000 67
215.104000 215.200000 61
215.296000 215.488000 60
215.552000 215.744000 61
215.904000 216.832000 62
216.864000 216.928000 61
217.440000 217.472000 61
218.432000 219.136000 62
219.232000 219.488000 62
219.712000 219.840000 61
219.968000 220.096000 60
220.224000 221.312000 58
221.536000 222.880000 62
222.976000 223.392000 61
223.808000 224.128000 62
224.224000 225.312000 62
225.472000 225.824000 61
225.952000 226.016000 60
226.336000 226.944000 70
228.000000 228.448000 67
229.632000 229.824000 65
229.824000 230.304000 64
230.688000 230.976000 58
231.296000 231.904000 60
232.960000 233.248000 68
233.408000 233.632000 70
234.016000 234.272000 62
234.656000 235.200000 67
236.288000 236.448000 65
236.448000 236.992000 64
237.376000 237.728000 58
237.984000 238.656000 60
239.008000 239.232000 63
