7.968000 9.408000 65
9.760000 11.904000 65
11.904000 13.728000 65
14.272000 14.400000 64
16.320000 16.448000 59
16.800000 18.176000 60
18.368000 18.464000 60
19.072000 19.456000 53
19.648000 20.064000 53
20.160000 20.256000 54
23.296000 23.456000 54
23.456000 24.224000 58
24.416000 25.408000 56
26.368000 26.560000 56
26.656000 27.104000 56
27.264000 27.456000 61
27.648000 29.056000 60
29.184000 29.408000 56
30.656000 31.008000 60
31.104000 31.296000 60
31.392000 31.552000 57
31.648000 34.720000 63
34.816000 34.912000 60
37.376000 37.664000 52
37.664000 37.920000 54
38.016000 38.336000 56
38.496000 39.104000 59
40.128000 40.544000 58
40.640000 42.208000 59
42.496000 43.104000 54
43.872000 46.016000 62
46.240000 46.464000 62
48.032000 48.096000 62
48.096000 48.416000 68
48.512000 49.312000 67
49.408000 49.920000 63
49.920000 50.592000 60
51.328000 53.120000 65
53.248000 53.376000 62
54.752000 56.512000 66
56.608000 56.704000 58
56.832000 57.216000 60
57.216000 57.536000 58
58.240000 58.432000 57
58.432000 59.232000 65
59.328000 60.416000 65
60.544000 61.568000 58
62.656000 62.720000 55
62.720000 63.040000 58
63.168000 63.424000 58
63.904000 65.024000 60
65.504000 65.632000 57
65.632000 67.168000 61
67.168000 67.680000 58
70.464000 70.656000 61
70.656000 71.136000 65
71.296000 72.864000 63
73.536000 75.232000 65
75.232000 76.096000 62
77.024000 77.184000 56
77.184000 77.408000 58
77.856000 77.920000 59
80.160000 80.544000 65
80.544000 80.736000 63
80.928000 81.312000 63
81.440000 81.632000 58
81.760000 81.952000 58
82.144000 83.552000 60
83.840000 84.128000 61
84.608000 85.952000 61
86.048000 86.144000 61
86.272000 86.368000 61
89.120000 89.376000 50
89.376000 89.728000 54
89.824000 90.080000 57
90.176000 91.104000 58
92.128000 92.960000 56
93.088000 93.216000 56
93.216000 93.440000 60
93.568000 94.816000 60
96.160000 96.640000 60
96.768000 97.056000 59
97.568000 97.696000 60
97.824000 99.520000 61
99.712000 100.928000 62
101.088000 101.184000 59
102.816000 103.264000 49
103.392000 104.160000 54
104.320000 104.416000 56
104.544000 104.672000 57
104.800000 105.760000 59
106.720000 108.384000 58
108.480000 108.640000 58
108.640000 110.016000 61
110.016000 110.336000 58
110.464000 112.736000 63
114.624000 114.688000 63
114.688000 115.040000 68
115.136000 115.904000 67
115.904000 117.440000 63
117.920000 119.744000 65
121.280000 123.040000 66
123.136000 123.424000 58
123.424000 123.904000 60
123.904000 124.160000 57
124.704000 124.896000 57
124.896000 125.152000 62
125.152000 126.848000 65
126.976000 128.384000 59
128.992000 129.088000 50
129.088000 129.152000 53
129.152000 129.504000 58
129.632000 129.856000 58
130.272000 130.368000 52
130.560000 131.552000 59
131.968000 133.376000 61
133.376000 134.848000 59
137.376000 137.664000 62
137.824000 140.192000 65
141.280000 141.408000 63
141.536000 142.720000 65
142.848000 142.944000 63
143.072000 143.264000 55
143.392000 143.584000 61
143.744000 143.872000 62
143.872000 144.448000 66
144.576000 144.832000 65
144.832000 145.056000 63
145.216000 145.408000 66
145.408000 146.016000 65
146.016000 147.040000 64
147.328000 148.992000 59
149.568000 149.888000 65
149.984000 150.848000 64
151.040000 151.584000 65
151.584000 153.504000 62
154.816000 154.912000 62
154.912000 155.264000 68
155.392000 156.288000 66
156.288000 156.416000 65
156.416000 156.960000 63
156.960000 157.792000 60
158.368000 160.512000 65
161.728000 163.552000 66
163.648000 163.744000 57
163.872000 164.480000 60
164.480000 164.736000 56
165.248000 165.472000 56
165.472000 166.272000 65
166.368000 167.456000 65
167.552000 169.280000 58
169.568000 169.632000 54
169.632000 169.952000 58
170.112000 170.336000 58
170.592000 171.648000 60
172.448000 172.512000 57
172.512000 174.656000 61
174.656000 175.328000 59
175.424000 175.712000 59
175.904000 176.256000 59
177.664000 177.920000 65
178.112000 178.272000 63
178.560000 178.720000 64
178.816000 179.264000 65
183.648000 184.576000 63
184.832000 184.960000 60
185.280000 185.728000 54
191.488000 191.584000 63
191.680000 192.160000 63
193.728000 195.552000 66
195.616000 197.152000 67
197.248000 198.208000 65
198.848000 199.072000 67
199.072000 199.264000 68
199.264000 199.616000 65
199.712000 201.280000 65
201.280000 202.720000 62
202.720000 203.616000 65
204.672000 204.736000 50
204.736000 204.896000 53
204.896000 205.248000 58
205.376000 205.600000 58
206.176000 207.488000 59
207.616000 207.712000 57
209.600000 210.112000 65
210.112000 211.296000 64
211.296000 213.504000 61
213.600000 213.888000 58
213.984000 214.112000 58
214.304000 214.848000 59
215.360000 215.584000 59
216.160000 217.920000 70
217.920000 220.224000 65
220.544000 224.768000 65
