24.448000 24.576000 69
24.576000 24.832000 74
24.832000 24.928000 70
24.928000 25.120000 66
26.208000 26.304000 75
26.528000 26.656000 70
26.944000 27.040000 70
27.040000 27.168000 68
27.168000 27.264000 66
27.264000 27.616000 62
30.496000 30.592000 55
30.752000 30.912000 52
31.680000 32.000000 55
32.224000 32.320000 58
35.680000 36.288000 67
36.416000 36.576000 66
50.432000 52.288000 76
58.688000 59.552000 69
62.048000 62.336000 62
62.688000 63.072000 52
63.072000 63.328000 55
63.584000 63.936000 59
64.160000 64.512000 57
65.952000 66.624000 55
67.200000 68.128000 54
69.888000 70.016000 61
70.016000 70.208000 62
70.656000 70.752000 53
70.944000 71.328000 55
71.424000 71.648000 59
71.872000 72.288000 61
72.288000 73.120000 57
73.312000 73.408000 55
73.664000 74.080000 59
75.808000 76.448000 61
76.544000 77.600000 64
77.728000 77.920000 61
77.920000 78.944000 62
78.944000 79.392000 66
79.712000 80.384000 61
80.544000 80.704000 61
80.704000 81.312000 59
81.760000 82.176000 60
82.176000 83.040000 64
83.136000 85.248000 67
85.504000 85.632000 64
85.632000 85.792000 61
85.792000 87.328000 66
87.776000 88.288000 61
88.384000 88.544000 61
88.544000 89.856000 61
89.856000 90.816000 62
91.648000 91.712000 61
91.712000 92.288000 62
92.288000 95.168000 66
95.936000 96.640000 62
96.768000 97.376000 64
97.472000 97.824000 66
97.952000 98.176000 64
98.176000 98.496000 63
98.496000 99.072000 60
99.200000 100.224000 64
100.864000 101.024000 66
101.024000 101.280000 65
101.280000 102.016000 62
102.016000 102.336000 61
102.336000 103.008000 55
103.008000 104.160000 61
104.800000 105.216000 62
105.344000 105.696000 59
105.824000 106.848000 64
107.104000 107.552000 58
107.552000 107.872000 66
108.064000 108.672000 67
109.024000 109.952000 67
109.952000 111.584000 65
112.000000 112.192000 61
112.192000 113.504000 66
113.664000 113.888000 64
113.888000 114.144000 63
114.144000 114.752000 61
114.752000 116.000000 65
116.320000 117.056000 66
117.056000 117.504000 62
117.632000 119.840000 64
120.480000 120.736000 62
120.832000 121.088000 63
121.088000 121.440000 59
121.536000 121.792000 58
121.792000 122.720000 62
122.720000 123.008000 57
123.232000 124.032000 64
124.416000 124.896000 66
125.056000 125.472000 67
125.472000 126.208000 67
126.464000 126.880000 64
126.976000 127.584000 65
127.712000 128.000000 62
128.000000 128.480000 65
128.480000 128.576000 62
128.800000 129.216000 57
129.216000 131.104000 62
138.080000 140.032000 76
141.728000 144.512000 71
144.832000 145.344000 69
145.344000 146.720000 62
146.848000 147.200000 57
147.296000 147.648000 60
147.648000 148.448000 66
148.608000 148.768000 62
148.768000 149.760000 62
149.760000 150.304000 67
150.464000 150.560000 65
150.560000 151.168000 61
151.360000 151.520000 62
151.520000 152.096000 59
152.512000 152.576000 57
152.576000 153.184000 61
153.280000 153.920000 64
154.016000 154.240000 64
154.240000 154.880000 67
155.008000 155.680000 65
155.680000 156.000000 69
156.000000 156.256000 65
156.576000 157.760000 65
157.760000 158.176000 67
158.432000 159.424000 61
159.520000 160.064000 57
160.064000 160.192000 61
160.192000 160.320000 58
160.320000 161.376000 62
161.856000 162.592000 62
162.720000 163.200000 66
163.360000 163.968000 67
163.968000 164.416000 62
164.512000 166.368000 67
166.848000 167.104000 62
167.104000 168.192000 65
168.288000 168.640000 66
168.768000 169.248000 64
169.344000 169.536000 64
169.664000 169.824000 65
170.016000 171.200000 64
171.744000 172.160000 66
172.160000 172.704000 63
172.704000 173.184000 61
173.184000 173.792000 57
173.792000 175.168000 62
175.648000 176.064000 62
176.192000 176.544000 59
176.640000 176.896000 61
176.896000 177.696000 63
177.696000 178.400000 60
178.400000 178.688000 66
178.848000 179.296000 66
179.840000 180.768000 67
180.768000 182.560000 68
182.560000 182.656000 70
182.848000 183.040000 61
183.040000 183.904000 65
184.064000 184.352000 66
184.480000 184.704000 65
184.704000 184.992000 63
185.248000 186.080000 69
186.080000 186.944000 65
187.232000 187.936000 66
187.936000 188.352000 62
188.512000 189.152000 61
189.152000 190.912000 64
191.136000 191.904000 62
191.968000 192.288000 59
192.384000 192.992000 59
193.088000 193.344000 62
193.440000 193.856000 57
194.112000 194.880000 64
195.104000 195.552000 66
195.648000 196.096000 67
196.096000 196.928000 64
197.376000 197.536000 62
197.536000 197.696000 64
197.792000 198.400000 65
198.528000 198.752000 62
198.752000 199.136000 65
199.136000 199.488000 62
199.648000 199.904000 58
199.904000 202.144000 64
208.288000 208.352000 56
208.352000 208.544000 59
208.544000 208.672000 62
208.672000 208.864000 68
208.992000 209.344000 74
209.344000 209.664000 68
209.696000 210.944000 67
211.040000 211.872000 67
211.872000 213.312000 64
213.312000 214.464000 63
214.912000 215.424000 64
215.584000 215.904000 61
216.000000 216.768000 63
217.120000 217.760000 61
217.888000 218.016000 64
218.208000 218.624000 68
219.232000 220.128000 69
220.128000 220.672000 65
220.672000 221.920000 68
222.240000 222.400000 63
222.400000 223.008000 67
223.136000 223.232000 64
223.264000 223.296000 64
223.488000 223.680000 68
223.872000 224.032000 66
224.032000 224.096000 63
224.128000 224.640000 64
224.640000 224.736000 69
224.736000 225.120000 71
225.120000 225.504000 69
225.632000 226.336000 67
226.592000 227.328000 68
227.328000 227.744000 64
227.840000 230.400000 66
230.528000 230.592000 65
230.656000 230.944000 64
230.944000 231.200000 63
231.200000 232.864000 65
232.864000 233.216000 59
233.472000 234.112000 66
234.432000 235.040000 68
235.168000 235.616000 69
235.616000 236.160000 67
236.672000 236.800000 63
236.800000 237.088000 66
237.248000 237.760000 67
237.888000 238.176000 65
238.176000 238.784000 67
239.008000 239.392000 59
239.392000 241.728000 66
242.336000 242.784000 71
242.784000 244.704000 69
245.088000 245.696000 67
245.856000 247.520000 67
249.216000 249.376000 57
249.376000 249.952000 59
249.952000 253.760000 66
255.232000 255.392000 73
255.488000 256.992000 74
257.184000 259.552000 73
263.008000 263.488000 68
263.616000 263.808000 76
263.968000 269.280000 76
