2.144000 3.008000 68
3.136000 3.232000 60
3.392000 4.000000 60
4.096000 4.352000 60
4.480000 4.800000 60
5.088000 5.344000 56
5.344000 6.304000 61
6.432000 7.008000 65
7.008000 8.000000 61
9.984000 10.784000 68
10.784000 10.944000 66
11.264000 11.584000 60
11.648000 11.808000 60
11.936000 12.160000 60
12.224000 12.608000 61
12.896000 13.248000 58
13.376000 13.472000 58
13.472000 14.112000 62
14.112000 14.784000 65
14.784000 15.104000 61
15.232000 15.840000 60
16.800000 17.152000 60
17.280000 18.016000 57
18.144000 18.560000 60
18.720000 20.448000 59
20.704000 21.152000 60
21.152000 22.784000 62
22.784000 23.680000 63
24.640000 24.928000 60
24.928000 25.696000 58
25.792000 26.272000 60
26.592000 27.744000 59
27.776000 28.224000 57
28.512000 28.832000 59
28.832000 29.024000 57
29.248000 29.312000 60
29.312000 29.504000 63
30.240000 30.432000 56
30.560000 30.848000 56
30.944000 31.456000 58
31.936000 32.064000 63
32.160000 32.320000 66
32.320000 32.384000 67
32.384000 32.640000 68
32.640000 34.528000 72
34.592000 35.232000 70
35.360000 35.584000 68
35.584000 36.416000 71
36.768000 36.928000 68
36.928000 38.112000 72
38.112000 39.264000 68
39.488000 39.904000 63
40.000000 40.224000 66
40.224000 40.576000 70
40.704000 41.248000 70
41.440000 41.536000 70
41.664000 42.080000 70
42.080000 43.200000 71
43.392000 44.224000 72
44.352000 44.736000 68
44.736000 45.952000 72
45.952000 46.304000 68
46.464000 46.912000 65
47.008000 47.296000 66
47.456000 47.584000 68
47.840000 48.032000 68
48.736000 48.960000 75
48.960000 51.008000 70
51.232000 51.552000 75
51.584000 52.416000 73
52.608000 52.864000 75
52.864000 53.184000 69
53.376000 53.536000 68
53.600000 54.880000 70
55.328000 55.552000 63
55.552000 55.712000 65
55.712000 55.808000 66
55.808000 56.064000 68
56.064000 57.920000 72
58.272000 58.656000 70
58.784000 59.008000 68
59.008000 59.840000 71
60.192000 60.288000 68
60.288000 61.600000 71
61.696000 62.528000 65
62.880000 63.616000 68
64.352000 64.928000 68
65.088000 65.184000 68
65.344000 65.568000 68
65.696000 65.984000 68
66.176000 66.560000 70
66.784000 67.296000 70
67.744000 67.968000 75
68.256000 68.448000 75
68.448000 68.832000 70
68.992000 69.472000 68
69.568000 70.176000 70
70.176000 70.464000 70
71.072000 71.424000 74
71.520000 71.840000 73
72.160000 72.704000 68
72.896000 73.344000 68
73.536000 73.632000 67
73.632000 73.984000 68
73.984000 74.368000 70
74.592000 75.104000 70
75.808000 75.936000 68
75.936000 77.120000 71
77.120000 77.632000 68
77.728000 78.208000 65
78.528000 79.168000 68
80.224000 81.088000 68
81.216000 82.848000 62
83.104000 83.392000 56
83.392000 84.384000 60
84.512000 85.024000 65
85.024000 86.080000 61
86.720000 87.744000 73
87.968000 88.864000 68
89.024000 90.656000 61
91.168000 91.552000 59
91.680000 92.064000 60
92.064000 92.928000 65
92.928000 93.184000 58
93.280000 93.984000 60
94.240000 94.368000 60
94.560000 94.784000 61
94.944000 95.168000 60
95.328000 95.776000 56
96.192000 96.576000 61
96.704000 97.184000 60
97.184000 98.496000 58
98.752000 100.608000 59
100.704000 101.152000 63
101.152000 101.696000 59
102.656000 103.776000 59
103.872000 104.352000 60
104.544000 104.960000 59
104.960000 105.728000 57
105.856000 106.272000 56
106.432000 106.816000 59
106.816000 107.040000 58
107.552000 107.872000 56
108.288000 108.448000 56
108.640000 108.896000 56
108.992000 109.536000 58
109.824000 110.112000 62
110.208000 110.368000 66
110.368000 110.432000 67
110.432000 110.720000 69
110.720000 112.736000 72
112.928000 113.312000 70
113.408000 113.632000 68
113.632000 114.464000 71
114.816000 114.976000 68
114.976000 115.264000 70
115.264000 115.616000 69
115.616000 115.744000 72
115.744000 116.160000 71
116.160000 116.608000 68
116.704000 117.216000 65
117.760000 117.952000 63
118.048000 118.272000 65
118.272000 118.656000 70
118.752000 119.296000 70
119.488000 119.584000 70
119.712000 120.160000 71
120.160000 120.416000 68
120.704000 120.800000 68
120.800000 121.312000 71
121.472000 122.272000 72
122.432000 122.560000 68
122.656000 122.784000 68
122.784000 123.072000 70
123.072000 123.424000 69
123.424000 123.616000 72
123.616000 123.968000 70
123.968000 124.352000 68
124.512000 125.088000 65
125.312000 126.240000 68
126.784000 127.008000 75
127.008000 127.456000 69
127.552000 127.776000 75
127.776000 129.056000 70
129.312000 129.600000 75
129.600000 130.976000 75
130.976000 131.328000 68
131.424000 131.648000 75
131.648000 132.960000 70
133.376000 133.600000 63
133.600000 133.824000 66
133.824000 133.888000 67
133.888000 136.000000 72
136.352000 136.704000 70
136.832000 137.024000 68
137.024000 137.920000 71
138.240000 138.336000 68
138.336000 139.584000 71
139.584000 140.576000 68
140.736000 142.272000 68
142.656000 143.008000 68
143.136000 143.232000 68
143.392000 143.616000 68
143.776000 144.064000 68
144.224000 144.608000 70
144.832000 145.376000 70
145.824000 145.984000 68
146.304000 146.496000 68
146.560000 146.848000 68
147.040000 147.520000 68
147.616000 148.064000 68
148.096000 148.512000 70
149.152000 149.472000 74
149.696000 149.792000 72
150.208000 150.368000 68
150.496000 150.688000 68
150.944000 151.424000 68
151.552000 151.712000 67
151.712000 152.416000 70
152.672000 153.152000 70
153.856000 154.208000 68
154.432000 154.688000 68
154.848000 155.232000 70
155.264000 155.616000 65
157.152000 157.344000 65
157.536000 159.360000 71
159.776000 160.128000 70
160.224000 160.608000 70
160.704000 161.344000 71
161.664000 162.464000 70
162.464000 163.104000 72
163.104000 163.360000 65
163.520000 164.224000 65
164.704000 164.864000 63
164.864000 165.120000 65
165.120000 166.144000 70
166.528000 167.296000 72
167.520000 168.160000 75
168.256000 168.384000 72
168.480000 168.960000 72
168.960000 169.184000 68
169.472000 169.568000 68
169.568000 169.920000 70
169.920000 170.272000 68
170.432000 171.040000 70
171.424000 171.552000 68
171.552000 171.776000 70
171.872000 174.816000 72
174.976000 175.040000 70
175.296000 176.928000 71
177.312000 177.408000 68
177.408000 177.632000 70
177.792000 178.048000 68
178.048000 178.880000 72
179.232000 180.064000 70
180.224000 180.576000 70
180.576000 181.568000 68
181.728000 182.112000 60
182.208000 182.624000 65
182.880000 183.648000 70
183.872000 184.000000 70
184.128000 184.544000 70
184.544000 184.832000 68
185.088000 185.248000 68
185.248000 185.440000 70
186.080000 186.464000 70
186.592000 186.848000 70
187.040000 187.808000 70
187.808000 187.968000 74
187.968000 188.160000 70
188.352000 188.384000 68
188.480000 188.672000 65
188.736000 188.960000 63
188.960000 189.312000 65
189.504000 190.432000 73
190.432000 191.392000 71
191.424000 193.440000 70
193.440000 193.824000 73
193.824000 195.648000 73
195.808000 196.032000 75
196.032000 196.832000 69
196.864000 196.928000 68
196.928000 197.344000 70
197.344000 197.760000 73
198.080000 198.336000 67
198.336000 199.616000 70
199.712000 200.352000 72
200.448000 200.544000 67
200.736000 200.832000 68
200.832000 202.272000 71
202.656000 202.752000 68
202.752000 203.968000 72
203.968000 204.192000 69
204.192000 204.448000 66
204.544000 204.928000 65
