32.288000 32.640000 63
32.736000 33.248000 59
33.248000 33.760000 57
34.336000 34.720000 60
34.720000 35.040000 57
35.136000 35.392000 56
35.520000 35.808000 58
36.192000 36.640000 52
38.752000 39.072000 63
39.168000 39.264000 58
39.424000 39.680000 59
39.808000 40.064000 56
40.384000 40.704000 58
40.800000 41.056000 58
41.184000 41.504000 56
41.632000 41.888000 56
42.048000 42.240000 56
42.240000 42.496000 58
42.656000 43.200000 60
43.296000 43.648000 58
45.280000 45.600000 63
45.824000 46.304000 58
46.304000 46.688000 57
47.200000 47.264000 55
47.264000 47.808000 61
47.808000 48.384000 56
48.512000 48.832000 58
48.992000 49.600000 53
51.744000 52.064000 63
52.192000 52.640000 59
52.800000 53.056000 56
53.344000 53.504000 56
53.504000 53.696000 58
53.792000 54.208000 60
54.208000 54.880000 56
54.976000 55.456000 58
55.616000 55.872000 58
56.000000 56.224000 56
56.704000 56.896000 56
57.056000 57.600000 58
57.600000 58.240000 61
58.240000 59.744000 65
60.032000 60.864000 53
63.136000 63.360000 56
63.488000 63.744000 58
63.904000 64.224000 60
64.352000 64.640000 61
64.736000 65.056000 63
65.184000 65.856000 59
65.952000 66.208000 56
66.368000 66.912000 60
67.136000 67.744000 58
68.480000 68.672000 56
68.800000 68.928000 59
68.928000 69.856000 63
70.048000 71.904000 71
72.000000 72.736000 67
72.832000 73.408000 65
73.536000 74.144000 63
74.944000 75.296000 56
75.296000 75.936000 61
76.096000 76.448000 63
76.544000 77.984000 63
78.144000 78.400000 61
78.400000 79.168000 60
79.168000 79.232000 56
79.392000 79.808000 56
79.968000 80.704000 60
80.832000 80.928000 58
81.408000 81.728000 57
81.728000 82.432000 61
82.592000 82.848000 63
82.848000 84.448000 70
84.608000 85.248000 67
85.344000 85.792000 68
86.208000 87.136000 67
87.136000 88.192000 65
89.024000 90.688000 60
91.136000 91.488000 53
91.488000 92.160000 61
92.288000 92.672000 63
92.672000 93.856000 60
94.400000 94.624000 56
94.752000 95.264000 60
95.264000 97.312000 58
110.112000 110.496000 63
110.496000 110.656000 58
110.816000 111.104000 59
111.104000 111.584000 56
111.840000 111.904000 56
111.904000 112.800000 60
112.800000 113.632000 58
113.792000 114.176000 53
114.656000 114.752000 52
116.640000 116.960000 63
117.056000 117.504000 59
117.504000 118.016000 58
118.304000 118.368000 56
118.368000 118.432000 56
118.432000 119.200000 60
119.200000 119.712000 56
119.840000 119.936000 55
119.936000 120.352000 58
120.512000 120.736000 56
120.928000 121.504000 58
123.040000 123.456000 63
123.456000 123.680000 59
123.776000 124.000000 58
124.160000 124.384000 56
124.736000 124.928000 56
124.928000 125.088000 58
125.184000 125.696000 60
125.696000 126.560000 58
126.976000 127.104000 55
129.600000 129.664000 61
129.664000 129.920000 63
130.016000 130.144000 58
130.240000 130.496000 59
130.656000 130.816000 56
131.200000 131.328000 56
131.328000 132.192000 60
132.192000 134.336000 58
134.464000 134.720000 56
134.848000 135.456000 58
135.456000 136.000000 61
136.000000 136.064000 61
136.064000 136.512000 65
136.512000 137.632000 63
137.856000 139.072000 53
140.928000 141.056000 53
141.056000 141.184000 56
141.344000 141.632000 58
141.696000 141.856000 58
141.856000 142.048000 60
142.176000 143.072000 63
143.072000 143.680000 58
143.776000 144.064000 56
144.160000 144.640000 60
144.768000 145.440000 61
145.440000 145.792000 58
146.304000 146.496000 56
146.592000 146.720000 59
146.720000 147.008000 60
147.008000 147.648000 63
147.840000 149.280000 70
149.408000 149.760000 68
149.856000 150.368000 67
150.368000 152.288000 65
152.800000 153.088000 56
153.088000 153.760000 61
153.888000 154.272000 63
154.368000 155.040000 63
155.168000 156.256000 62
156.256000 157.088000 61
157.184000 157.952000 58
157.952000 158.784000 60
159.168000 159.264000 64
159.264000 159.744000 59
159.744000 160.288000 61
160.416000 160.736000 63
160.736000 162.272000 70
162.432000 163.072000 67
163.200000 163.680000 68
164.032000 164.192000 66
164.192000 164.384000 67
164.384000 166.048000 66
166.848000 168.480000 60
168.832000 168.896000 67
168.896000 169.056000 71
169.344000 170.016000 61
170.144000 170.432000 63
170.560000 171.808000 60
172.192000 172.480000 56
172.576000 176.352000 60
184.384000 184.544000 69
190.592000 190.688000 71
191.360000 191.744000 72
192.224000 192.320000 71
192.832000 192.960000 71
201.376000 201.632000 56
201.760000 201.824000 58
201.824000 201.920000 59
201.920000 202.816000 63
202.976000 204.416000 70
204.544000 204.896000 68
204.992000 205.536000 68
205.536000 207.360000 65
207.360000 207.520000 60
207.808000 207.968000 53
207.968000 208.192000 56
208.288000 208.352000 58
208.352000 208.928000 61
209.088000 209.664000 63
209.664000 209.824000 63
209.824000 211.712000 63
211.712000 212.192000 60
212.384000 212.768000 56
212.768000 213.760000 60
214.112000 214.144000 56
214.304000 214.688000 57
214.688000 215.424000 61
215.552000 215.872000 63
215.872000 217.408000 71
217.536000 218.816000 69
219.136000 220.160000 72
220.160000 221.216000 70
221.568000 221.632000 65
221.632000 221.728000 66
221.728000 222.368000 68
222.368000 223.712000 66
223.968000 225.152000 61
225.280000 225.632000 63
225.632000 226.912000 60
227.008000 227.296000 58
227.296000 227.616000 56
227.776000 228.768000 60
228.768000 230.720000 58
231.936000 236.512000 63
237.120000 237.376000 51
237.472000 237.536000 58
237.536000 238.656000 63
238.752000 239.168000 56
239.552000 239.872000 58
240.288000 240.576000 56
240.704000 241.312000 60
241.568000 242.048000 58
242.336000 242.848000 56
