11.648000 13.472000 59
13.568000 13.760000 60
13.888000 14.080000 59
14.208000 14.688000 59
15.296000 16.288000 59
16.448000 17.184000 56
17.600000 18.720000 64
18.912000 19.296000 59
19.296000 20.032000 56
20.480000 20.736000 55
20.832000 21.824000 57
21.984000 22.464000 59
23.104000 23.680000 58
23.776000 25.088000 60
25.696000 25.856000 59
26.016000 26.272000 64
26.272000 26.464000 62
26.464000 26.752000 59
26.912000 27.104000 55
27.200000 27.616000 55
27.968000 28.864000 64
28.992000 29.440000 67
29.440000 30.368000 62
31.008000 31.136000 54
31.296000 32.512000 57
32.736000 33.056000 61
33.216000 33.888000 61
33.888000 34.528000 62
34.528000 34.880000 66
35.008000 35.552000 67
35.552000 35.808000 65
36.128000 36.192000 53
36.192000 36.992000 57
36.992000 37.280000 57
37.408000 38.112000 54
38.464000 39.008000 59
39.104000 39.648000 62
39.744000 41.536000 69
42.336000 42.528000 60
42.624000 42.816000 59
42.816000 43.872000 58
43.872000 45.504000 62
45.632000 46.144000 59
46.528000 46.784000 60
46.912000 47.360000 64
47.360000 47.456000 59
47.456000 47.680000 58
47.680000 48.032000 56
48.032000 48.544000 59
49.184000 49.248000 59
49.248000 49.408000 61
49.504000 49.888000 64
49.888000 49.952000 62
49.952000 50.208000 61
50.368000 50.496000 55
50.720000 51.296000 59
51.936000 52.064000 57
52.064000 52.096000 61
52.096000 52.704000 67
52.704000 52.960000 64
52.960000 53.184000 61
53.280000 54.944000 58
56.352000 57.024000 60
57.024000 57.248000 56
57.344000 57.824000 55
57.920000 58.080000 55
58.208000 58.304000 57
58.496000 58.944000 62
59.296000 59.776000 62
59.936000 60.160000 60
60.160000 61.184000 59
61.280000 61.664000 56
61.792000 63.328000 57
64.480000 67.072000 62
67.424000 67.680000 61
67.776000 68.192000 64
68.288000 68.480000 57
68.480000 68.800000 55
68.800000 69.408000 59
69.760000 69.952000 59
69.952000 70.112000 61
70.304000 70.368000 59
70.368000 70.816000 64
70.816000 70.944000 61
70.944000 71.360000 58
71.552000 72.128000 59
73.024000 73.536000 67
73.632000 73.856000 64
73.856000 75.264000 61
77.216000 77.856000 60
77.856000 79.040000 57
79.040000 79.488000 57
79.488000 79.904000 62
80.032000 80.672000 66
80.832000 82.080000 69
82.496000 82.784000 64
82.784000 83.392000 67
83.392000 83.808000 62
84.096000 84.800000 59
84.800000 85.760000 55
108.864000 109.024000 58
109.024000 109.440000 59
109.440000 110.176000 63
110.176000 110.560000 67
110.624000 111.296000 67
111.776000 112.416000 56
112.416000 112.960000 57
113.056000 113.792000 54
114.080000 114.304000 58
114.304000 114.720000 59
114.720000 115.264000 62
115.360000 116.928000 69
117.824000 118.016000 57
118.016000 118.176000 60
118.304000 118.464000 59
118.464000 119.520000 58
119.520000 120.736000 60
120.928000 121.184000 62
121.280000 121.824000 59
122.176000 122.464000 61
122.592000 122.944000 64
122.944000 123.008000 61
123.008000 123.168000 59
123.168000 123.328000 57
123.328000 123.712000 56
123.712000 124.352000 59
124.864000 125.024000 60
125.152000 125.504000 64
125.504000 125.568000 62
125.568000 125.888000 61
126.368000 126.944000 59
127.616000 127.712000 57
127.712000 128.608000 66
128.608000 130.688000 60
132.032000 132.704000 60
132.704000 132.896000 56
132.992000 133.440000 55
133.568000 133.760000 55
133.856000 133.984000 57
134.176000 134.592000 62
135.008000 135.456000 62
135.616000 135.872000 60
135.872000 136.768000 59
137.056000 137.344000 54
137.440000 138.656000 57
140.160000 140.320000 57
140.320000 142.720000 62
143.104000 143.328000 60
143.424000 143.840000 64
143.936000 144.224000 58
144.224000 144.544000 56
144.544000 145.024000 59
145.408000 145.600000 60
145.600000 145.792000 62
146.048000 146.496000 64
146.496000 146.560000 60
146.560000 147.008000 59
147.232000 147.680000 59
148.672000 149.184000 67
149.280000 149.504000 64
149.504000 150.624000 61
152.896000 153.504000 60
153.504000 155.008000 57
155.008000 155.520000 62
155.648000 156.320000 67
156.480000 157.760000 69
158.112000 159.072000 67
159.072000 159.584000 56
159.744000 160.352000 59
160.352000 161.728000 55
162.528000 162.592000 65
162.592000 162.816000 67
162.816000 162.880000 65
162.880000 163.232000 63
164.448000 165.856000 71
165.952000 166.272000 67
166.272000 166.560000 66
167.072000 168.704000 71
168.704000 170.016000 68
170.816000 172.544000 64
172.640000 172.896000 62
172.896000 172.960000 68
172.960000 173.856000 71
173.856000 174.624000 69
174.624000 174.976000 62
175.488000 175.936000 63
175.936000 177.120000 62
177.248000 177.312000 62
177.376000 177.440000 66
177.440000 177.568000 66
177.568000 178.368000 70
178.528000 178.816000 63
178.816000 179.552000 59
179.808000 180.032000 60
180.128000 180.384000 59
180.480000 180.704000 59
180.800000 182.432000 60
184.480000 184.640000 57
184.640000 186.368000 62
186.464000 187.040000 59
187.424000 187.680000 61
187.808000 188.160000 64
188.160000 188.224000 62
188.224000 188.256000 59
188.256000 188.352000 59
188.352000 189.184000 59
189.184000 189.440000 59
190.048000 190.272000 60
190.400000 190.784000 64
190.784000 191.104000 62
191.232000 191.424000 55
191.584000 192.000000 59
192.960000 193.024000 63
193.024000 193.792000 67
193.792000 193.952000 63
193.952000 194.016000 57
194.144000 194.784000 57
197.216000 197.920000 60
197.920000 198.336000 56
198.528000 198.656000 56
198.784000 198.944000 56
199.072000 199.264000 57
199.424000 199.808000 62
200.160000 200.640000 62
200.832000 200.992000 60
200.992000 202.048000 59
202.304000 202.656000 55
202.656000 204.352000 57
205.344000 207.936000 62
208.288000 208.512000 60
208.640000 209.056000 64
209.472000 209.760000 55
209.760000 210.176000 59
210.592000 210.656000 58
210.656000 210.848000 59
210.848000 211.136000 62
211.168000 211.232000 59
211.232000 211.680000 64
211.680000 211.744000 61
211.744000 212.192000 59
212.416000 212.896000 59
213.888000 214.496000 67
214.496000 214.784000 64
214.784000 216.128000 58
218.112000 218.336000 60
218.432000 218.720000 60
218.720000 219.776000 56
219.904000 220.384000 57
220.384000 220.768000 62
220.896000 221.536000 67
221.696000 222.912000 69
223.328000 223.424000 62
223.424000 223.648000 65
223.648000 224.224000 67
224.224000 224.672000 62
224.992000 225.440000 59
225.440000 226.816000 56
