38.400000 38.464000 61
38.464000 39.328000 65
39.328000 39.456000 61
39.552000 40.160000 58
40.160000 40.320000 64
40.480000 40.640000 62
40.768000 40.960000 58
40.960000 41.024000 59
41.024000 41.696000 65
42.208000 42.656000 64
42.784000 42.912000 62
43.392000 44.320000 65
44.544000 45.216000 60
47.712000 47.936000 63
47.936000 48.192000 65
48.192000 48.416000 63
48.544000 49.024000 58
49.120000 49.888000 65
49.888000 50.208000 59
50.304000 50.912000 65
51.296000 51.392000 62
51.488000 51.712000 64
51.712000 52.224000 65
52.320000 52.608000 58
52.608000 53.120000 65
53.216000 53.728000 63
53.824000 54.016000 60
54.112000 54.880000 60
55.008000 55.264000 61
55.648000 56.096000 60
56.224000 56.544000 61
56.992000 57.056000 61
57.056000 57.472000 65
57.600000 57.792000 62
57.792000 58.208000 61
58.720000 58.784000 62
58.784000 58.912000 64
59.040000 59.232000 62
59.360000 59.456000 56
59.648000 59.904000 64
59.904000 60.224000 65
61.088000 61.568000 64
61.568000 61.792000 58
61.952000 62.720000 65
62.720000 63.648000 62
66.208000 66.304000 58
66.304000 66.720000 65
66.880000 67.072000 63
67.072000 67.648000 58
67.968000 68.032000 60
68.032000 68.192000 64
68.320000 68.512000 62
68.672000 68.768000 56
68.864000 68.928000 62
68.928000 69.536000 65
69.728000 70.016000 58
70.016000 70.144000 65
70.336000 70.592000 65
70.592000 71.200000 68
71.200000 71.712000 66
71.712000 73.824000 63
74.144000 74.592000 60
74.592000 74.944000 58
75.616000 76.128000 58
76.224000 76.512000 58
76.512000 76.640000 61
76.800000 76.960000 65
77.088000 77.280000 68
77.408000 77.536000 67
77.664000 78.592000 65
78.816000 79.008000 59
79.168000 79.328000 60
79.424000 79.616000 60
79.712000 80.256000 58
80.256000 81.376000 65
81.728000 82.464000 65
82.592000 83.200000 65
83.456000 83.648000 60
83.776000 84.448000 61
84.544000 85.056000 61
85.248000 85.664000 62
85.664000 86.240000 65
86.336000 86.752000 60
87.232000 87.360000 58
87.552000 88.000000 61
88.096000 90.496000 61
91.936000 92.032000 57
92.192000 92.352000 60
92.512000 92.672000 60
92.800000 93.696000 61
93.824000 93.952000 60
98.368000 99.456000 60
99.968000 100.736000 60
102.400000 103.840000 61
107.008000 107.264000 59
140.832000 140.896000 62
140.896000 141.760000 65
141.760000 141.888000 62
142.016000 142.496000 58
142.592000 142.656000 62
142.656000 142.784000 64
142.912000 143.040000 63
143.232000 143.360000 59
143.456000 143.520000 62
143.520000 144.064000 65
144.576000 145.056000 65
145.184000 145.344000 63
145.824000 146.048000 65
146.048000 146.304000 65
146.304000 146.784000 64
146.976000 147.552000 59
150.240000 150.688000 65
150.816000 151.008000 61
151.136000 151.648000 59
151.648000 152.416000 65
152.416000 152.704000 59
152.800000 153.088000 65
153.088000 153.440000 65
153.856000 154.688000 65
154.688000 154.784000 61
155.072000 155.200000 62
155.200000 155.584000 65
155.680000 155.936000 63
155.936000 156.608000 62
157.152000 157.888000 61
158.016000 158.944000 61
159.424000 159.488000 60
159.488000 159.936000 65
160.096000 160.256000 62
160.256000 160.672000 61
161.184000 161.248000 62
161.248000 161.408000 65
161.536000 161.760000 63
161.760000 161.920000 67
162.112000 162.656000 65
163.520000 163.968000 64
163.968000 164.224000 61
164.416000 165.248000 65
165.248000 165.440000 62
165.568000 166.336000 60
168.736000 168.800000 62
168.800000 169.216000 65
169.408000 169.600000 63
169.600000 170.016000 58
170.496000 170.560000 62
170.560000 170.720000 64
170.816000 171.008000 62
171.328000 171.424000 61
171.424000 172.000000 65
172.512000 172.672000 65
172.800000 173.056000 65
173.056000 173.888000 68
173.984000 174.176000 65
174.176000 174.752000 64
174.752000 176.320000 62
176.608000 176.864000 59
176.960000 177.248000 60
177.376000 177.472000 60
177.824000 177.984000 61
178.112000 179.424000 62
179.552000 180.032000 68
180.128000 180.320000 63
180.416000 180.960000 65
181.280000 181.344000 58
181.344000 181.504000 60
181.600000 181.792000 60
181.888000 182.048000 61
182.048000 182.368000 60
182.464000 182.592000 61
182.752000 182.944000 65
183.040000 183.840000 65
184.160000 184.960000 65
185.088000 185.664000 65
185.952000 186.112000 59
186.272000 186.880000 60
187.424000 188.160000 61
188.320000 188.800000 65
188.960000 189.152000 60
189.728000 189.824000 56
190.080000 192.288000 61
194.432000 194.560000 56
194.752000 194.880000 60
195.072000 195.232000 60
195.360000 196.608000 61
204.640000 206.016000 61
206.112000 206.496000 61
206.656000 206.784000 61
207.008000 207.424000 68
207.584000 207.776000 68
207.776000 207.936000 67
208.128000 208.992000 65
209.248000 209.440000 59
209.600000 209.760000 60
209.856000 210.048000 60
210.144000 210.720000 58
210.720000 211.808000 65
212.192000 212.928000 65
213.056000 213.344000 63
213.344000 213.632000 65
213.952000 214.144000 59
214.272000 215.168000 60
215.392000 215.488000 57
215.488000 215.616000 60
215.808000 216.352000 62
216.352000 216.800000 65
216.960000 217.376000 60
217.824000 217.952000 58
218.112000 218.560000 61
218.688000 220.576000 60
222.528000 222.624000 58
222.752000 222.912000 59
223.104000 223.264000 60
223.424000 225.248000 62
234.016000 234.080000 66
234.080000 234.624000 70
234.624000 235.040000 65
235.136000 235.328000 68
235.456000 235.616000 68
235.616000 235.936000 70
236.096000 238.432000 65
243.296000 243.360000 66
243.360000 243.872000 70
243.872000 244.736000 68
244.832000 245.344000 70
245.472000 247.424000 65
252.704000 253.248000 70
253.248000 253.856000 65
253.856000 254.656000 70
254.816000 256.768000 65
