6.016000 6.112000 65
16.224000 16.384000 55
16.576000 17.568000 64
18.720000 18.816000 58
19.008000 20.416000 62
20.576000 20.736000 60
20.832000 21.184000 60
23.392000 23.552000 55
23.648000 24.832000 64
25.856000 25.920000 63
25.920000 27.040000 67
27.136000 27.200000 64
27.200000 27.584000 65
27.584000 27.872000 67
28.000000 28.576000 68
28.576000 28.896000 65
29.920000 30.304000 64
30.400000 31.392000 69
31.392000 32.608000 72
33.120000 33.760000 64
33.920000 34.560000 62
34.816000 35.008000 60
35.104000 35.648000 62
35.648000 36.000000 59
36.640000 36.960000 59
37.088000 38.112000 60
38.272000 38.912000 64
39.104000 39.552000 60
40.672000 41.632000 62
41.824000 42.080000 64
42.272000 43.360000 65
45.216000 45.984000 64
45.984000 46.336000 64
47.584000 48.128000 62
48.288000 49.056000 62
49.184000 49.376000 60
49.504000 49.952000 60
50.656000 50.912000 60
52.064000 52.192000 55
52.320000 52.448000 62
52.448000 52.640000 64
52.768000 53.568000 64
54.560000 54.784000 65
54.784000 56.096000 67
56.288000 56.512000 67
56.640000 57.248000 68
57.248000 57.600000 65
58.208000 58.400000 62
58.400000 58.912000 64
59.104000 59.968000 69
59.968000 60.640000 71
60.832000 61.376000 72
61.696000 62.496000 64
62.592000 63.200000 62
63.456000 64.352000 62
64.352000 64.608000 58
65.088000 66.368000 60
66.528000 66.816000 60
66.912000 67.520000 64
67.520000 68.160000 60
69.280000 69.664000 62
69.792000 70.368000 62
70.496000 72.224000 65
72.864000 73.024000 70
73.024000 73.376000 71
73.376000 73.760000 68
74.176000 74.240000 69
74.240000 74.400000 70
74.400000 74.592000 68
74.688000 75.008000 70
75.104000 75.936000 72
75.936000 76.192000 67
76.288000 77.088000 70
77.568000 77.760000 67
77.760000 78.560000 73
78.656000 79.232000 73
79.360000 79.904000 70
80.000000 81.088000 70
81.088000 82.432000 68
83.136000 83.200000 65
83.200000 84.192000 68
84.352000 84.480000 68
84.480000 84.736000 70
84.736000 85.120000 68
85.216000 86.240000 68
87.200000 87.648000 70
87.648000 88.064000 67
88.448000 88.512000 67
88.512000 88.672000 70
88.768000 88.960000 68
88.960000 90.240000 72
90.368000 90.496000 67
90.624000 91.264000 70
91.872000 92.000000 67
92.128000 92.352000 71
92.352000 93.632000 73
93.632000 94.240000 71
94.240000 96.704000 70
97.952000 98.080000 68
98.080000 98.272000 70
98.400000 100.352000 68
100.352000 101.248000 65
101.472000 103.776000 67
104.736000 104.896000 58
104.896000 105.248000 60
105.248000 106.624000 62
106.720000 107.552000 60
108.256000 108.480000 66
108.480000 108.896000 67
109.056000 110.496000 64
110.656000 111.328000 60
111.744000 111.808000 60
111.808000 112.032000 64
112.032000 113.568000 67
113.696000 114.496000 68
114.496000 114.976000 65
115.648000 115.744000 61
115.872000 116.000000 62
116.000000 116.256000 64
116.256000 116.320000 67
116.320000 117.408000 69
117.408000 118.528000 72
119.008000 119.072000 60
119.072000 119.712000 64
119.872000 120.288000 63
120.288000 120.608000 64
120.736000 120.960000 60
121.056000 121.632000 62
121.632000 122.048000 57
122.528000 122.656000 55
122.656000 122.784000 57
122.784000 124.480000 64
124.640000 125.728000 62
126.592000 127.008000 62
127.136000 128.096000 64
128.192000 129.600000 65
130.208000 130.624000 70
130.624000 131.008000 67
131.200000 131.488000 65
131.488000 131.872000 70
131.968000 132.320000 70
132.416000 133.248000 72
133.248000 133.472000 67
133.568000 134.336000 70
134.816000 134.880000 65
134.880000 135.104000 68
135.104000 136.576000 73
136.704000 137.216000 70
137.376000 139.808000 70
140.448000 140.768000 67
140.768000 141.504000 68
141.600000 141.728000 68
141.728000 142.112000 70
142.112000 142.496000 67
142.592000 143.552000 67
143.712000 143.776000 66
144.480000 145.056000 70
145.056000 145.376000 67
145.856000 147.456000 72
147.456000 147.584000 67
147.680000 147.840000 67
147.936000 148.992000 70
149.216000 149.344000 67
149.472000 149.664000 70
149.664000 151.008000 73
151.008000 152.096000 71
152.096000 154.272000 68
154.560000 154.752000 67
154.912000 155.040000 67
155.264000 155.360000 68
155.360000 155.616000 70
155.712000 156.384000 68
156.384000 157.216000 67
157.216000 158.848000 66
159.168000 159.392000 62
159.392000 160.384000 67
160.384000 160.544000 63
160.640000 160.992000 67
161.120000 161.696000 65
161.824000 162.080000 67
162.080000 162.112000 64
162.272000 162.496000 60
162.496000 163.648000 67
163.808000 164.704000 65
164.704000 165.120000 60
166.144000 166.336000 61
166.464000 166.784000 67
166.880000 167.552000 67
167.776000 167.968000 66
168.064000 168.192000 65
168.192000 168.832000 65
168.928000 169.312000 67
169.312000 169.440000 63
169.504000 169.568000 67
169.568000 169.952000 72
170.048000 170.208000 67
170.336000 171.136000 66
171.360000 171.424000 71
171.424000 171.488000 72
171.488000 172.064000 75
172.160000 173.184000 73
173.536000 173.632000 65
173.632000 175.648000 72
175.648000 175.968000 67
176.128000 176.512000 63
176.768000 176.896000 63
176.896000 177.408000 67
177.536000 177.664000 68
177.664000 178.080000 70
178.080000 178.368000 67
178.368000 179.808000 65
180.416000 180.640000 65
180.736000 180.832000 62
180.832000 181.696000 65
181.696000 182.432000 68
182.656000 183.200000 68
183.264000 185.984000 73
185.984000 186.496000 77
186.496000 187.072000 72
187.520000 187.968000 70
187.968000 188.384000 67
188.544000 188.896000 68
188.896000 189.664000 70
189.760000 190.624000 72
190.624000 190.848000 67
190.944000 191.680000 70
192.192000 192.416000 67
192.416000 193.216000 73
193.344000 193.888000 73
194.016000 194.528000 70
194.656000 195.712000 70
195.808000 197.312000 68
197.824000 198.848000 68
198.976000 199.104000 68
199.104000 199.392000 70
199.392000 199.808000 68
199.904000 200.864000 67
201.856000 202.304000 70
202.304000 202.720000 67
203.136000 203.328000 70
203.424000 203.584000 67
203.584000 204.864000 72
204.992000 205.248000 67
205.248000 205.984000 70
206.048000 206.304000 70
206.496000 206.816000 70
206.816000 208.288000 73
208.288000 209.600000 70
209.696000 210.176000 68
210.176000 210.528000 67
210.624000 211.616000 68
211.840000 211.936000 66
212.608000 212.928000 70
213.056000 214.880000 68
215.264000 215.712000 63
215.712000 215.968000 65
216.256000 218.528000 67
224.096000 224.256000 55
224.448000 225.440000 64
225.536000 225.696000 63
226.560000 226.656000 58
226.816000 228.320000 62
228.544000 228.704000 60
228.832000 229.248000 60
231.584000 231.744000 55
231.904000 232.768000 64
232.768000 233.056000 64
234.176000 234.240000 62
234.240000 235.456000 67
235.616000 235.744000 63
235.744000 236.320000 67
236.544000 238.592000 68
