11.904000 14.016000 70
16.736000 17.088000 65
17.184000 18.496000 63
18.912000 19.104000 58
19.296000 20.480000 60
24.224000 24.800000 65
24.800000 24.960000 61
25.184000 26.336000 60
26.496000 26.592000 58
26.784000 27.680000 60
30.848000 31.648000 61
31.872000 33.088000 61
33.824000 34.304000 60
34.400000 35.104000 64
35.296000 35.744000 65
35.744000 36.800000 67
37.536000 38.048000 59
38.144000 38.848000 61
39.008000 39.488000 61
39.648000 39.968000 61
40.128000 40.608000 60
41.472000 41.568000 59
41.728000 41.984000 63
42.144000 43.168000 65
43.456000 44.640000 67
46.496000 46.656000 64
46.656000 46.880000 65
46.976000 47.168000 63
47.168000 47.296000 61
47.456000 48.672000 60
48.768000 48.928000 58
49.024000 49.920000 60
53.888000 54.528000 65
54.528000 54.624000 60
54.880000 55.328000 60
56.064000 57.152000 63
59.840000 60.224000 60
60.384000 61.056000 61
61.248000 61.728000 61
61.920000 62.688000 61
63.712000 63.968000 60
64.096000 64.832000 64
64.960000 65.568000 66
65.696000 66.464000 67
67.168000 67.424000 59
67.424000 67.520000 60
67.776000 68.800000 61
69.024000 70.080000 61
71.104000 71.360000 60
71.360000 72.896000 65
73.088000 74.496000 67
76.032000 76.096000 62
76.096000 76.192000 63
76.192000 76.640000 66
76.640000 77.568000 68
77.792000 82.240000 65
83.264000 83.328000 62
83.328000 84.000000 67
84.000000 84.704000 68
85.120000 85.664000 63
85.792000 88.384000 65
88.672000 90.048000 73
90.592000 90.784000 72
90.784000 91.872000 71
92.384000 94.080000 70
94.144000 94.368000 68
94.688000 95.456000 68
95.936000 96.128000 58
96.128000 96.384000 61
96.608000 97.472000 73
97.920000 98.080000 72
98.176000 98.560000 70
98.656000 99.296000 70
99.776000 99.936000 70
99.936000 100.480000 69
100.640000 100.960000 68
101.120000 101.440000 68
101.600000 102.336000 70
102.336000 102.880000 67
103.904000 104.672000 65
105.600000 105.888000 65
105.888000 106.432000 68
106.560000 106.816000 65
106.816000 107.296000 68
107.392000 110.368000 70
111.936000 112.544000 60
112.544000 113.344000 72
113.440000 113.696000 68
113.792000 117.664000 70
123.360000 124.096000 65
124.288000 125.568000 60
125.664000 125.792000 58
125.920000 127.616000 60
130.784000 131.648000 65
131.776000 132.448000 60
133.024000 134.848000 63
136.672000 137.024000 59
137.152000 137.248000 59
137.344000 139.552000 61
140.352000 140.800000 60
140.928000 141.152000 63
141.152000 141.280000 64
141.376000 141.632000 64
141.760000 142.208000 65
142.208000 143.360000 67
143.968000 144.128000 57
144.128000 145.728000 61
145.824000 145.920000 60
146.112000 146.976000 61
147.680000 148.128000 60
148.256000 148.480000 63
148.480000 149.504000 65
149.504000 151.520000 67
152.896000 153.024000 70
153.024000 153.312000 66
153.408000 154.336000 68
154.592000 159.136000 65
160.032000 160.096000 62
160.096000 160.192000 64
160.192000 160.576000 65
160.576000 161.376000 68
161.440000 161.728000 68
161.984000 165.312000 64
165.408000 166.880000 73
167.232000 167.424000 72
167.424000 168.576000 71
169.024000 169.216000 70
169.216000 169.856000 69
169.984000 170.624000 68
170.848000 171.008000 68
171.328000 172.064000 68
172.512000 172.704000 61
172.704000 172.736000 64
172.736000 173.120000 73
173.248000 174.112000 73
174.560000 174.752000 72
174.848000 175.936000 70
176.384000 176.544000 70
176.544000 177.088000 69
177.248000 177.536000 68
177.728000 178.080000 68
178.208000 179.520000 70
180.576000 181.248000 65
182.144000 182.496000 65
182.496000 182.976000 68
183.136000 183.392000 65
183.392000 186.656000 70
188.416000 189.056000 62
189.056000 189.920000 72
190.016000 196.096000 69
196.864000 197.152000 60
197.152000 197.920000 72
198.016000 198.272000 68
198.368000 198.688000 69
198.688000 201.216000 66
201.216000 202.944000 63
211.904000 212.416000 60
214.752000 214.944000 61
215.712000 216.736000 73
216.864000 216.960000 70
217.184000 217.632000 69
217.792000 219.200000 67
220.160000 221.568000 73
222.304000 222.464000 72
222.464000 222.912000 70
223.040000 223.616000 70
224.160000 225.024000 70
225.184000 225.760000 68
226.016000 226.176000 68
226.528000 227.296000 68
227.776000 227.968000 61
227.968000 229.472000 73
229.856000 230.016000 72
230.112000 230.208000 71
230.208000 230.496000 70
230.624000 231.264000 70
231.712000 231.904000 70
231.904000 232.416000 69
232.608000 232.928000 68
233.056000 233.440000 68
233.600000 234.848000 70
235.392000 236.864000 73
237.216000 238.560000 72
238.976000 240.992000 69
241.216000 242.048000 68
242.336000 242.624000 66
242.624000 243.904000 73
244.320000 245.728000 72
246.144000 246.368000 70
246.368000 246.976000 69
247.072000 247.424000 68
247.552000 247.936000 68
248.032000 249.344000 70
250.464000 251.232000 65
252.192000 252.576000 66
252.576000 253.024000 68
253.184000 253.504000 65
253.504000 253.920000 68
254.144000 257.376000 70
259.392000 260.704000 66
260.704000 262.496000 72
262.944000 263.296000 70
263.296000 263.616000 66
263.616000 264.160000 62
264.160000 265.408000 56
267.552000 273.184000 65
