0.448000 1.472000 65
1.632000 2.368000 63
2.368000 3.488000 64
3.616000 4.128000 62
4.128000 6.688000 62
6.784000 7.360000 64
7.904000 8.640000 63
8.640000 9.760000 64
9.888000 10.400000 62
10.400000 12.384000 62
12.384000 12.736000 53
12.992000 13.216000 50
14.144000 14.464000 52
15.744000 15.904000 52
15.904000 16.800000 50
16.928000 17.152000 50
17.344000 17.568000 52
17.984000 18.400000 50
18.432000 19.136000 52
19.232000 19.552000 50
19.552000 19.840000 47
21.248000 21.408000 50
21.536000 21.888000 50
22.080000 22.752000 50
23.744000 23.840000 52
24.352000 25.344000 52
25.440000 25.792000 50
26.304000 26.528000 50
26.784000 26.976000 52
27.488000 27.968000 59
28.096000 28.480000 57
28.480000 28.992000 55
29.824000 29.920000 50
30.784000 30.912000 50
31.072000 31.264000 50
31.424000 31.552000 51
31.552000 31.616000 48
31.808000 31.936000 50
31.936000 32.128000 49
32.960000 33.056000 50
33.184000 33.280000 52
33.568000 33.984000 57
34.144000 34.336000 60
34.336000 34.400000 57
34.496000 34.624000 57
34.624000 34.752000 55
34.944000 35.232000 55
36.928000 37.344000 50
37.472000 38.464000 50
39.072000 39.200000 45
39.936000 40.032000 48
40.064000 40.320000 50
40.416000 41.568000 52
43.200000 43.424000 50
43.520000 43.616000 50
43.744000 44.064000 51
44.064000 44.672000 50
45.312000 45.536000 57
45.728000 45.824000 62
46.272000 46.528000 57
47.072000 47.232000 57
47.232000 47.360000 56
47.488000 47.776000 55
49.440000 49.760000 50
49.792000 49.856000 50
50.080000 50.400000 52
50.464000 51.232000 50
52.352000 52.896000 57
52.992000 53.120000 59
53.120000 53.248000 58
53.376000 54.400000 57
54.432000 54.976000 61
54.976000 55.584000 62
55.808000 56.096000 51
56.256000 56.416000 51
56.448000 56.640000 52
56.768000 56.960000 47
57.152000 57.248000 49
58.304000 59.264000 57
59.360000 59.968000 57
60.128000 60.736000 55
60.768000 61.952000 55
62.048000 62.272000 50
62.368000 62.464000 50
62.624000 62.880000 50
63.200000 63.808000 50
64.896000 65.824000 52
66.368000 66.720000 50
66.880000 66.944000 59
66.944000 68.096000 62
68.288000 69.088000 50
69.152000 69.184000 50
69.248000 69.472000 50
69.984000 70.144000 49
70.304000 70.496000 50
70.976000 71.200000 48
71.616000 72.128000 50
72.288000 72.384000 52
72.384000 72.448000 50
72.480000 72.672000 48
72.672000 73.280000 50
73.280000 74.464000 56
74.560000 75.040000 50
75.136000 75.520000 52
75.872000 76.096000 49
76.640000 76.768000 50
77.664000 77.952000 57
78.272000 78.560000 57
78.656000 79.200000 55
79.296000 79.424000 55
80.832000 81.440000 50
81.824000 82.336000 50
83.168000 83.264000 50
83.360000 83.488000 52
83.808000 84.832000 60
84.960000 85.696000 55
87.136000 87.360000 50
87.488000 87.936000 51
88.064000 88.576000 50
89.632000 89.760000 52
90.208000 90.784000 58
90.784000 91.104000 55
91.200000 91.360000 52
91.360000 91.776000 55
93.344000 93.472000 55
93.472000 93.632000 54
93.792000 94.208000 53
94.304000 94.400000 48
94.560000 94.880000 50
95.520000 95.648000 57
95.904000 96.032000 63
96.512000 96.896000 57
97.056000 97.344000 56
97.440000 97.696000 53
97.696000 97.920000 55
99.040000 99.200000 52
99.232000 100.576000 51
100.800000 101.120000 50
101.792000 101.984000 47
101.984000 102.688000 50
102.752000 103.040000 50
103.168000 104.224000 51
105.120000 106.176000 50
106.304000 106.560000 50
106.688000 106.816000 51
106.816000 107.392000 50
108.224000 109.440000 50
109.504000 109.696000 50
109.792000 110.016000 52
110.016000 110.464000 50
110.688000 110.784000 47
111.424000 112.064000 50
112.160000 112.480000 50
112.640000 113.120000 52
113.344000 113.984000 50
114.848000 114.880000 56
115.232000 116.352000 65
116.576000 118.528000 62
118.720000 118.944000 52
119.264000 119.456000 52
119.744000 120.352000 50
120.512000 120.800000 53
120.896000 121.440000 55
121.824000 122.752000 65
122.944000 123.328000 62
123.328000 124.896000 62
125.024000 125.088000 59
125.696000 125.888000 59
126.176000 126.496000 57
126.784000 126.912000 56
127.232000 127.808000 55
127.808000 128.768000 52
129.120000 129.696000 50
129.728000 129.792000 54
129.792000 130.880000 62
131.040000 132.000000 52
132.320000 132.448000 50
132.544000 132.576000 50
132.608000 132.704000 52
132.800000 132.832000 48
132.992000 133.248000 50
133.664000 133.984000 48
134.208000 134.880000 50
134.976000 135.168000 52
135.168000 135.424000 50
135.424000 135.616000 52
135.616000 135.744000 55
135.840000 137.376000 62
137.472000 138.304000 52
138.496000 139.488000 52
139.616000 139.840000 52
139.840000 140.320000 50
140.640000 141.024000 50
150.528000 150.656000 60
162.112000 162.304000 51
162.432000 162.720000 53
162.912000 163.040000 54
163.296000 163.648000 56
163.744000 163.936000 59
163.936000 164.352000 61
171.200000 171.296000 62
171.584000 171.840000 62
171.840000 171.968000 61
171.968000 172.096000 60
172.096000 172.256000 59
172.256000 172.384000 58
172.384000 172.480000 57
172.480000 173.216000 56
