5.440000 6.368000 64
6.720000 6.848000 65
7.808000 8.160000 67
8.160000 8.768000 62
8.960000 9.312000 59
9.632000 10.016000 67
10.016000 10.624000 63
10.816000 11.200000 57
12.032000 12.224000 57
12.320000 12.704000 58
15.264000 15.584000 67
15.712000 15.872000 62
15.968000 16.192000 63
16.352000 16.512000 59
17.152000 17.408000 67
17.408000 17.696000 62
17.856000 17.952000 62
18.304000 18.592000 57
19.552000 20.192000 58
22.528000 22.624000 67
22.784000 23.264000 68
23.264000 23.776000 70
23.936000 24.160000 68
24.160000 24.384000 69
24.800000 25.472000 69
25.568000 25.792000 69
25.952000 26.144000 67
26.144000 26.400000 69
27.040000 27.200000 57
27.296000 27.648000 57
30.240000 30.560000 67
30.784000 31.168000 62
31.424000 31.744000 59
32.192000 32.448000 67
32.576000 33.024000 62
33.248000 33.664000 57
34.560000 35.232000 58
37.600000 38.176000 64
38.176000 39.008000 59
39.680000 39.808000 64
39.904000 40.096000 62
40.096000 40.320000 61
40.416000 41.184000 60
42.016000 42.528000 65
42.528000 43.232000 69
43.232000 43.808000 71
43.904000 44.768000 64
45.152000 45.280000 65
45.280000 45.568000 64
45.568000 46.336000 62
47.200000 47.456000 64
47.456000 48.768000 62
48.960000 49.056000 60
49.536000 49.632000 62
49.984000 50.112000 65
50.112000 50.720000 67
50.720000 51.296000 71
51.392000 51.840000 64
52.064000 52.704000 64
53.216000 53.728000 67
54.176000 54.528000 71
54.656000 55.264000 71
55.392000 55.680000 74
55.840000 56.480000 69
56.512000 57.280000 69
57.472000 57.760000 71
57.952000 58.208000 67
58.208000 58.816000 65
58.912000 59.104000 62
59.392000 59.680000 71
59.808000 60.064000 67
60.064000 60.672000 66
60.768000 60.992000 62
61.696000 62.784000 71
62.880000 63.168000 74
63.360000 64.800000 69
64.992000 65.120000 69
65.120000 65.280000 71
65.440000 65.728000 67
65.728000 66.304000 65
66.400000 66.496000 62
66.848000 67.136000 71
67.296000 67.584000 67
67.584000 68.160000 65
68.256000 68.384000 62
68.736000 68.896000 62
68.896000 69.088000 65
69.088000 69.248000 68
69.248000 70.016000 72
70.144000 72.096000 71
72.320000 72.640000 63
72.640000 72.768000 65
72.768000 72.928000 68
72.928000 73.728000 71
73.728000 73.792000 62
73.920000 74.624000 59
74.944000 75.008000 66
75.008000 75.648000 69
75.744000 76.384000 67
76.704000 76.832000 69
76.832000 77.024000 71
77.120000 77.888000 71
77.888000 78.208000 74
78.304000 79.840000 69
79.968000 80.256000 71
80.480000 80.736000 67
80.736000 81.312000 65
81.408000 81.536000 62
82.016000 82.112000 67
82.336000 82.560000 67
82.784000 83.072000 67
83.072000 83.232000 65
83.328000 83.488000 62
83.584000 83.712000 63
84.000000 84.224000 59
84.672000 85.024000 67
85.024000 85.312000 65
85.440000 85.632000 62
85.888000 86.496000 57
86.656000 87.712000 58
88.896000 89.024000 67
90.336000 90.656000 67
90.656000 91.168000 63
91.264000 91.776000 59
92.128000 92.448000 67
92.544000 92.800000 62
92.896000 92.992000 62
93.216000 93.728000 57
94.496000 95.840000 59
97.600000 98.208000 64
98.208000 99.008000 59
99.680000 99.904000 64
99.904000 100.160000 62
100.160000 100.320000 59
100.416000 101.184000 60
102.016000 102.528000 65
102.528000 103.232000 69
103.232000 103.808000 71
103.904000 104.768000 64
105.120000 105.280000 65
105.280000 105.568000 64
105.568000 106.976000 62
107.168000 107.552000 64
107.552000 108.864000 61
109.504000 109.664000 62
109.984000 110.112000 65
110.112000 110.720000 67
110.720000 111.168000 71
111.392000 111.584000 64
111.680000 111.968000 62
112.320000 112.992000 72
112.992000 113.760000 71
114.208000 115.712000 74
115.840000 117.280000 69
117.504000 117.760000 71
117.952000 118.208000 67
118.208000 119.136000 66
119.392000 119.680000 71
119.808000 120.064000 67
120.064000 120.768000 66
120.768000 121.344000 63
121.472000 121.664000 67
121.664000 122.016000 71
122.144000 122.752000 71
122.880000 123.168000 74
123.424000 123.552000 65
123.552000 124.384000 69
124.480000 124.832000 69
124.992000 125.280000 71
125.440000 125.728000 67
125.728000 126.304000 66
126.400000 126.560000 62
126.880000 127.168000 71
127.296000 127.680000 67
127.680000 128.416000 66
128.544000 128.736000 59
128.736000 128.928000 64
128.928000 129.088000 65
129.088000 129.248000 67
129.248000 130.048000 74
130.144000 130.304000 71
130.304000 132.448000 69
132.448000 132.896000 67
132.896000 133.760000 74
133.920000 134.016000 71
134.016000 134.784000 70
134.784000 137.024000 71
137.120000 137.888000 71
137.888000 138.144000 74
138.368000 138.432000 62
138.432000 138.592000 65
138.592000 139.040000 69
139.200000 139.840000 69
139.968000 140.256000 71
140.480000 140.736000 67
140.736000 141.376000 65
141.408000 141.728000 69
141.856000 142.144000 71
142.304000 143.392000 67
143.712000 144.672000 67
144.672000 144.832000 70
144.832000 146.304000 76
146.528000 147.008000 75
147.008000 148.064000 73
148.416000 148.896000 76
148.896000 149.856000 73
149.888000 152.128000 69
152.128000 153.088000 74
153.248000 153.568000 76
153.568000 153.696000 79
154.080000 154.304000 75
154.304000 154.528000 74
154.528000 155.904000 72
155.936000 156.416000 75
156.416000 156.640000 72
156.640000 156.832000 69
156.832000 157.600000 71
157.600000 159.520000 71
159.648000 160.256000 71
160.448000 160.672000 74
160.832000 161.440000 69
161.536000 162.272000 69
162.464000 162.624000 70
162.624000 162.752000 71
162.944000 163.200000 67
163.200000 163.840000 66
163.936000 164.064000 62
164.384000 164.672000 71
164.800000 165.056000 67
165.056000 165.664000 66
165.920000 166.432000 66
166.592000 167.040000 71
167.136000 167.744000 71
168.000000 168.128000 61
168.320000 169.888000 69
169.984000 170.272000 71
170.432000 170.720000 67
170.720000 171.104000 66
171.360000 171.424000 72
171.424000 171.680000 74
171.680000 171.776000 72
171.840000 172.000000 68
172.384000 172.704000 60
172.704000 173.056000 64
173.120000 173.344000 62
173.920000 174.240000 67
174.240000 175.008000 72
175.136000 177.024000 71
177.024000 177.664000 63
177.664000 178.784000 74
178.912000 179.488000 71
179.648000 180.736000 71
180.800000 181.248000 67
181.344000 181.664000 74
181.664000 182.016000 72
182.144000 182.880000 71
182.880000 183.168000 74
183.392000 183.808000 69
183.872000 184.832000 71
184.992000 185.248000 70
185.472000 185.728000 67
185.728000 186.304000 66
186.400000 186.624000 64
186.880000 187.200000 71
187.360000 187.520000 67
187.520000 187.744000 66
188.032000 188.160000 62
188.288000 188.672000 67
