1.888000 1.984000 62
2.400000 2.560000 62
4.416000 4.640000 62
5.920000 6.048000 62
17.504000 17.856000 62
17.856000 18.368000 59
19.296000 19.552000 62
19.552000 19.616000 61
19.616000 19.936000 59
19.936000 20.512000 64
20.640000 20.992000 62
21.152000 21.824000 62
21.824000 22.144000 59
23.008000 23.360000 57
23.520000 23.680000 59
27.968000 28.128000 62
28.256000 28.864000 59
29.440000 29.664000 55
29.760000 29.824000 59
29.824000 30.048000 62
30.048000 30.464000 60
30.464000 30.944000 64
31.040000 32.512000 62
33.440000 33.856000 57
33.952000 34.336000 59
34.720000 35.136000 52
36.448000 36.960000 59
37.088000 37.696000 62
37.696000 38.240000 64
38.368000 39.040000 64
39.168000 40.544000 64
40.608000 41.696000 64
41.792000 41.984000 62
42.080000 43.008000 62
43.264000 43.424000 64
43.552000 44.416000 65
44.576000 44.768000 64
45.088000 45.792000 64
45.824000 46.080000 64
46.368000 47.008000 64
47.488000 47.936000 69
48.128000 48.512000 71
49.120000 49.728000 71
50.496000 50.656000 69
50.656000 51.072000 67
51.072000 51.776000 66
51.904000 52.192000 58
52.608000 52.928000 57
53.216000 53.600000 67
53.600000 53.856000 66
53.856000 54.208000 65
54.208000 54.496000 63
54.496000 55.200000 61
55.328000 55.552000 66
55.680000 56.096000 66
57.952000 58.560000 69
58.560000 58.976000 71
59.360000 59.680000 73
59.680000 60.224000 69
60.352000 60.672000 64
60.864000 61.024000 68
61.120000 61.536000 67
61.664000 62.112000 64
62.976000 63.264000 64
63.648000 64.032000 67
64.032000 64.288000 66
64.288000 64.960000 65
65.536000 65.888000 65
65.888000 66.720000 66
67.712000 68.352000 59
68.352000 69.216000 64
69.312000 70.368000 64
70.432000 71.040000 64
71.136000 71.840000 64
71.936000 72.128000 64
72.288000 73.280000 64
73.408000 73.888000 67
73.888000 74.400000 64
74.592000 76.192000 64
76.352000 77.024000 64
77.120000 77.856000 67
77.952000 78.176000 64
78.304000 78.528000 62
78.528000 78.624000 65
78.624000 79.104000 67
79.104000 79.392000 65
79.488000 79.840000 71
80.256000 80.544000 74
80.544000 82.432000 70
82.464000 83.072000 64
83.296000 83.424000 64
83.840000 84.224000 64
84.480000 84.576000 68
84.576000 84.864000 67
84.864000 85.152000 66
85.152000 85.472000 65
85.472000 85.888000 63
85.888000 86.464000 60
86.624000 87.616000 66
89.056000 89.728000 64
90.368000 90.528000 58
90.528000 91.296000 61
91.616000 91.776000 64
92.096000 92.192000 64
92.352000 92.480000 62
92.736000 92.864000 57
92.992000 93.824000 64
93.824000 93.952000 61
94.144000 94.272000 59
94.272000 94.752000 62
94.752000 95.104000 59
96.576000 96.736000 59
96.928000 97.376000 54
99.360000 99.456000 63
99.904000 100.128000 65
101.056000 101.792000 66
101.984000 102.080000 65
102.592000 102.752000 62
102.752000 102.912000 65
103.104000 103.872000 66
104.096000 104.416000 61
104.544000 104.736000 59
104.896000 105.216000 62
105.216000 105.696000 60
106.432000 106.912000 57
107.008000 107.200000 59
107.328000 107.552000 54
107.744000 108.032000 52
109.472000 110.016000 59
110.112000 110.592000 62
110.752000 110.944000 64
111.040000 114.752000 64
114.752000 116.096000 63
116.256000 116.320000 61
116.320000 116.480000 64
116.576000 117.472000 64
117.632000 117.792000 64
117.888000 119.296000 64
119.360000 119.936000 64
120.064000 120.224000 62
120.544000 121.120000 69
121.120000 121.568000 71
121.952000 122.080000 59
122.176000 122.816000 59
123.520000 124.032000 69
124.128000 124.288000 66
124.288000 124.832000 65
124.928000 125.312000 58
125.600000 125.952000 57
126.240000 126.944000 67
126.944000 127.264000 64
127.264000 127.520000 62
127.520000 128.288000 61
128.384000 128.608000 66
128.704000 129.120000 66
129.408000 130.016000 62
130.784000 131.008000 66
131.008000 131.616000 70
131.616000 132.032000 71
132.384000 132.704000 73
132.704000 133.280000 69
133.408000 133.696000 65
133.888000 134.592000 69
134.720000 135.200000 64
135.488000 135.584000 64
136.032000 136.320000 64
136.672000 137.088000 67
137.088000 137.344000 66
137.344000 138.016000 65
138.592000 140.672000 66
140.768000 141.376000 59
141.376000 143.424000 64
143.520000 144.416000 64
144.512000 144.896000 64
144.992000 145.184000 64
145.344000 146.336000 64
146.464000 148.896000 67
149.056000 149.248000 64
149.408000 150.048000 64
150.208000 150.912000 67
151.008000 151.232000 64
151.328000 151.616000 62
151.616000 152.192000 67
152.192000 152.864000 62
152.960000 153.280000 66
153.280000 153.600000 74
153.600000 154.144000 70
154.240000 154.592000 69
154.752000 155.456000 69
155.584000 156.032000 64
156.032000 156.224000 62
156.224000 156.544000 59
156.800000 156.960000 62
156.960000 157.280000 65
157.536000 157.632000 68
157.632000 157.920000 67
157.920000 158.176000 66
158.176000 159.008000 65
159.456000 160.800000 67
160.832000 160.992000 67
161.280000 161.440000 60
162.080000 162.272000 64
162.272000 163.008000 63
163.200000 163.392000 59
163.584000 164.480000 62
165.408000 165.568000 62
165.664000 165.888000 58
166.048000 166.560000 64
166.688000 167.648000 61
167.808000 168.000000 59
168.320000 168.512000 59
185.056000 185.632000 59
185.760000 186.272000 64
186.400000 186.560000 63
186.720000 187.648000 64
187.808000 188.640000 64
188.800000 189.184000 64
189.248000 189.440000 64
189.664000 190.272000 64
190.624000 190.784000 65
190.784000 191.232000 67
191.232000 191.456000 62
191.552000 193.568000 64
193.664000 194.368000 64
194.464000 194.656000 64
194.816000 195.488000 64
195.616000 195.808000 62
196.000000 196.448000 67
196.448000 196.704000 62
196.768000 196.832000 71
196.832000 198.112000 74
198.112000 198.944000 72
198.976000 199.712000 69
199.712000 200.448000 66
201.184000 201.536000 64
201.600000 201.632000 68
201.856000 202.464000 67
202.464000 202.848000 65
202.848000 203.584000 62
203.744000 203.776000 62
204.000000 204.960000 66
205.120000 205.216000 65
217.824000 217.984000 65
