12.192000 12.288000 63
13.248000 14.080000 66
14.240000 14.336000 62
14.688000 15.456000 66
15.968000 16.128000 60
16.384000 16.960000 66
17.120000 17.440000 66
17.536000 17.728000 66
18.112000 19.200000 66
20.768000 20.864000 62
21.024000 21.408000 66
21.504000 21.856000 66
22.016000 22.176000 63
22.720000 23.488000 66
23.488000 23.840000 65
24.480000 24.768000 66
24.960000 25.280000 66
25.440000 25.536000 66
25.664000 25.792000 66
25.952000 26.048000 66
26.176000 26.976000 64
27.136000 27.584000 68
28.064000 28.256000 63
28.608000 28.928000 59
28.928000 29.568000 62
29.568000 30.272000 66
30.272000 31.168000 69
31.744000 32.352000 64
32.352000 32.544000 62
32.544000 33.728000 64
33.824000 35.200000 66
36.704000 37.280000 61
37.376000 38.016000 66
38.112000 39.072000 69
39.616000 39.904000 64
40.096000 41.472000 65
41.472000 42.240000 68
42.240000 43.424000 68
44.192000 44.416000 65
44.416000 44.768000 71
44.928000 45.632000 71
45.632000 46.496000 70
46.624000 47.232000 66
47.392000 47.872000 68
48.096000 48.672000 65
48.832000 48.960000 68
49.088000 49.440000 69
49.568000 49.952000 66
50.560000 51.616000 64
52.224000 52.384000 70
52.480000 53.440000 71
53.440000 54.048000 70
54.176000 55.776000 68
55.904000 56.544000 66
56.640000 56.768000 68
56.896000 57.280000 69
57.408000 58.016000 66
58.304000 58.432000 64
58.560000 59.360000 64
59.552000 59.744000 60
59.744000 59.808000 61
59.808000 60.096000 67
60.096000 60.992000 73
60.992000 61.056000 71
61.056000 61.536000 70
61.536000 62.368000 67
62.464000 62.624000 66
62.624000 62.976000 65
62.976000 63.872000 64
64.032000 65.088000 73
65.088000 65.632000 69
65.632000 65.888000 66
65.984000 67.136000 64
67.648000 67.680000 67
67.744000 67.776000 69
67.840000 68.000000 72
68.000000 68.608000 73
68.608000 68.704000 72
68.704000 68.832000 71
68.832000 69.312000 70
69.312000 70.016000 67
70.176000 70.816000 66
70.912000 71.296000 61
71.296000 71.648000 64
71.744000 72.128000 66
72.256000 72.384000 68
72.480000 72.704000 69
72.800000 72.992000 69
72.992000 73.632000 67
73.760000 73.888000 66
73.984000 74.976000 64
75.392000 75.680000 71
76.128000 76.256000 66
76.384000 76.480000 66
77.152000 77.504000 66
77.632000 77.952000 66
78.112000 78.208000 62
78.624000 79.200000 66
79.328000 79.712000 66
79.808000 79.936000 66
80.064000 80.448000 66
80.544000 80.736000 66
80.832000 81.728000 64
82.080000 82.592000 64
82.592000 83.456000 62
83.552000 84.032000 66
84.192000 84.352000 65
84.960000 85.888000 66
86.656000 86.784000 66
86.880000 87.424000 66
87.616000 88.224000 66
88.384000 88.672000 66
88.832000 89.536000 64
89.536000 90.272000 68
90.528000 90.656000 63
90.880000 91.040000 57
91.040000 91.392000 59
91.392000 92.032000 61
92.032000 92.864000 68
92.864000 93.472000 69
93.600000 93.792000 64
94.112000 94.784000 64
94.784000 95.072000 62
95.168000 96.032000 63
96.032000 96.160000 64
96.288000 96.640000 63
96.640000 96.928000 66
97.024000 97.728000 64
98.016000 98.432000 62
98.496000 98.560000 62
98.592000 98.656000 61
99.040000 99.712000 61
99.840000 100.288000 66
100.480000 100.544000 65
100.608000 100.672000 68
100.704000 101.120000 69
101.216000 101.248000 68
101.632000 101.984000 61
102.080000 102.336000 64
102.528000 102.688000 61
102.688000 103.712000 61
103.712000 104.576000 66
104.608000 105.824000 68
106.528000 106.880000 65
106.880000 107.200000 71
107.360000 108.064000 71
108.064000 108.928000 70
109.088000 109.696000 66
109.824000 110.496000 68
110.592000 111.136000 65
111.296000 111.392000 68
111.520000 111.872000 69
112.000000 112.416000 66
112.512000 112.640000 64
112.992000 113.600000 64
113.952000 114.688000 64
114.816000 115.136000 64
115.200000 115.520000 71
115.648000 115.904000 71
115.904000 116.512000 70
116.608000 116.768000 66
116.896000 118.400000 68
118.496000 118.656000 66
119.072000 119.200000 68
119.360000 119.584000 69
120.288000 120.416000 66
121.280000 121.728000 64
121.984000 122.144000 60
122.144000 122.464000 65
122.560000 123.520000 73
123.520000 123.744000 69
123.744000 124.800000 68
124.928000 125.312000 66
125.440000 125.952000 62
125.952000 126.208000 64
126.432000 126.528000 71
126.528000 127.392000 73
127.392000 127.616000 70
127.616000 128.288000 68
128.384000 129.536000 66
130.048000 130.240000 64
130.464000 130.656000 74
130.816000 131.104000 73
131.200000 131.296000 71
131.296000 131.520000 70
131.520000 131.776000 68
131.776000 132.448000 67
132.800000 133.152000 66
133.344000 133.760000 61
133.760000 134.560000 66
134.688000 134.816000 68
134.912000 135.424000 69
135.424000 136.064000 67
136.192000 136.320000 66
136.544000 137.120000 64
137.216000 137.504000 64
137.504000 138.240000 66
138.240000 138.816000 64
139.072000 139.712000 73
139.712000 140.608000 69
140.800000 141.536000 65
141.536000 142.016000 67
142.272000 142.368000 63
142.368000 142.528000 62
142.528000 143.232000 61
143.392000 143.968000 57
144.128000 144.320000 54
144.736000 145.312000 64
145.408000 145.536000 64
145.696000 145.920000 64
146.240000 146.368000 64
146.560000 146.656000 61
146.784000 146.848000 65
146.848000 146.880000 67
146.880000 147.680000 73
147.680000 148.320000 69
148.320000 148.448000 67
148.576000 149.312000 64
149.312000 149.856000 67
150.464000 151.136000 67
151.136000 151.584000 69
151.584000 155.936000 71
155.936000 158.368000 70
159.296000 159.808000 65
159.808000 160.672000 67
160.672000 161.248000 69
161.440000 161.664000 70
161.664000 162.720000 71
162.720000 162.976000 71
162.976000 163.616000 68
163.744000 164.288000 66
164.480000 165.024000 68
165.024000 165.632000 64
165.632000 166.048000 68
166.144000 166.560000 69
166.656000 167.264000 66
167.392000 167.584000 66
167.584000 168.640000 64
168.640000 169.600000 68
169.696000 170.240000 72
170.336000 170.560000 71
170.560000 171.136000 70
171.232000 171.424000 66
171.552000 172.800000 68
172.896000 173.440000 65
173.440000 173.600000 67
173.600000 174.400000 69
174.400000 175.040000 66
175.200000 176.544000 66
176.736000 176.864000 64
176.928000 177.152000 65
177.152000 177.312000 71
177.312000 177.856000 73
177.856000 178.592000 72
178.720000 178.784000 66
178.784000 179.392000 67
179.488000 179.744000 67
179.744000 179.968000 64
180.096000 180.576000 61
180.576000 180.864000 64
181.056000 181.248000 71
181.248000 181.760000 73
181.760000 182.528000 72
182.592000 182.656000 66
183.072000 184.352000 64
184.640000 184.864000 64
184.960000 185.120000 71
185.120000 185.664000 73
185.664000 185.888000 72
185.888000 186.688000 71
186.752000 187.136000 66
187.392000 187.712000 66
187.936000 188.192000 62
188.352000 189.216000 66
189.312000 189.440000 68
189.600000 190.144000 69
190.240000 190.400000 66
190.464000 190.688000 64
190.816000 192.000000 66
192.224000 192.512000 64
192.768000 193.024000 71
193.472000 193.856000 71
194.176000 194.880000 71
195.872000 196.384000 64
196.672000 196.928000 71
197.344000 197.664000 71
198.176000 198.432000 71
