32.768000 32.960000 66
37.472000 37.920000 56
38.048000 38.368000 49
38.496000 38.688000 54
38.848000 39.328000 56
39.424000 39.936000 54
39.936000 40.928000 58
41.376000 41.824000 56
41.952000 42.528000 51
45.120000 45.312000 56
45.312000 45.536000 55
45.632000 45.984000 51
46.112000 46.880000 56
47.072000 47.520000 55
47.520000 47.872000 56
48.032000 48.512000 58
48.928000 48.992000 52
48.992000 49.248000 56
49.312000 49.632000 54
49.792000 50.432000 49
52.800000 53.184000 56
53.696000 53.984000 54
53.984000 54.304000 56
54.464000 55.168000 55
55.168000 56.288000 58
56.576000 56.800000 56
56.800000 57.056000 54
57.056000 57.376000 52
57.536000 58.048000 51
60.352000 60.512000 55
60.640000 61.184000 56
61.344000 62.688000 59
62.688000 63.744000 57
63.872000 64.832000 54
67.712000 67.808000 56
68.032000 68.480000 56
68.480000 68.864000 53
68.992000 69.856000 56
69.952000 70.336000 54
70.400000 70.784000 56
70.944000 71.456000 58
71.776000 72.384000 56
72.384000 73.184000 51
75.616000 75.840000 56
75.840000 76.064000 55
76.064000 76.480000 52
76.576000 77.920000 56
78.016000 78.368000 56
78.528000 79.008000 58
79.392000 79.616000 56
79.616000 79.904000 54
79.904000 80.192000 51
80.352000 81.088000 49
83.232000 83.680000 56
83.808000 84.064000 49
84.192000 84.384000 54
84.480000 86.048000 56
86.144000 86.752000 58
87.040000 87.264000 56
87.264000 87.488000 54
87.584000 88.128000 51
90.848000 90.912000 53
90.912000 91.840000 58
91.840000 92.704000 59
93.248000 93.312000 50
93.312000 93.664000 53
93.792000 93.920000 54
94.080000 95.296000 56
97.088000 97.472000 56
97.632000 97.888000 54
98.080000 98.368000 49
98.528000 98.752000 54
98.848000 99.456000 55
99.456000 100.352000 59
100.448000 101.216000 58
101.792000 102.880000 54
103.040000 103.424000 51
103.424000 104.384000 56
105.632000 105.984000 49
106.080000 106.848000 54
106.848000 111.040000 59
111.840000 112.192000 58
112.288000 112.736000 62
112.736000 114.624000 58
114.720000 115.072000 55
115.072000 115.520000 61
115.648000 116.544000 58
117.504000 117.568000 51
117.568000 118.336000 54
118.496000 118.688000 51
118.688000 118.912000 49
118.976000 119.648000 49
120.928000 121.312000 51
121.312000 122.080000 55
122.080000 122.688000 58
122.784000 123.136000 59
123.136000 123.456000 58
123.456000 126.048000 56
144.192000 144.416000 56
144.416000 144.608000 55
144.736000 145.024000 49
145.152000 145.344000 54
145.472000 147.136000 58
147.136000 147.648000 58
148.000000 148.192000 56
148.288000 148.480000 54
148.480000 148.992000 51
151.808000 152.032000 56
152.032000 152.256000 55
152.320000 152.672000 51
152.768000 152.928000 54
153.088000 153.344000 56
153.504000 154.112000 54
154.240000 155.296000 58
155.584000 156.160000 56
156.160000 156.896000 49
159.424000 159.904000 56
160.288000 160.352000 50
160.352000 161.024000 56
161.184000 161.664000 54
161.856000 162.208000 56
162.336000 162.912000 58
163.232000 163.488000 56
163.488000 164.256000 54
164.256000 164.544000 50
167.072000 168.000000 57
168.000000 169.344000 59
169.440000 169.824000 56
169.952000 171.840000 54
172.544000 172.640000 52
174.688000 174.880000 56
174.880000 175.136000 54
175.136000 175.552000 49
175.904000 176.352000 56
176.352000 176.992000 55
177.088000 177.472000 56
177.568000 177.984000 58
178.496000 178.720000 56
178.720000 178.976000 55
178.976000 179.520000 51
182.272000 182.496000 56
182.496000 182.720000 55
182.720000 183.392000 54
183.488000 184.576000 56
184.672000 185.728000 58
186.080000 186.304000 56
186.304000 186.720000 55
186.720000 187.328000 51
189.920000 190.336000 56
190.464000 190.848000 50
190.848000 192.288000 56
192.288000 193.216000 58
193.728000 193.920000 56
193.920000 194.400000 55
194.400000 194.944000 52
197.504000 198.304000 56
198.304000 199.328000 59
199.904000 200.320000 56
200.416000 200.800000 54
200.896000 202.752000 54
202.752000 203.040000 50
203.520000 203.616000 49
203.744000 204.160000 56
204.256000 204.640000 54
204.640000 205.120000 50
205.120000 205.376000 54
205.472000 206.112000 55
206.112000 207.904000 59
208.480000 209.536000 54
209.728000 210.112000 52
210.112000 211.264000 56
212.352000 212.768000 50
212.768000 213.504000 54
213.504000 217.920000 59
218.496000 218.848000 58
218.976000 219.136000 62
219.136000 219.360000 62
219.360000 219.840000 59
219.968000 220.672000 56
220.672000 221.120000 58
221.120000 222.080000 60
222.080000 222.272000 61
222.368000 223.264000 58
224.128000 224.992000 54
225.152000 226.336000 51
227.552000 227.936000 50
227.936000 228.736000 54
228.736000 229.344000 58
229.440000 230.080000 59
230.176000 230.592000 56
230.592000 231.296000 55
231.392000 232.992000 54
233.504000 233.568000 47
234.240000 234.624000 56
234.720000 235.040000 54
235.136000 235.616000 49
235.616000 236.576000 55
236.576000 238.368000 59
238.752000 240.128000 56
240.416000 240.672000 52
240.672000 241.696000 56
242.816000 243.136000 49
243.232000 244.000000 54
244.000000 245.760000 58
245.888000 248.000000 59
248.960000 249.440000 58
249.440000 249.984000 62
249.984000 250.336000 58
250.432000 251.776000 58
251.872000 252.224000 54
252.224000 252.928000 61
253.024000 254.112000 58
254.624000 255.392000 58
255.616000 256.832000 51
258.080000 258.432000 50
258.432000 259.232000 55
259.232000 259.808000 58
259.936000 260.288000 59
260.288000 260.576000 58
260.576000 261.600000 57
262.048000 263.712000 54
265.152000 265.632000 56
265.632000 265.824000 52
265.952000 266.528000 54
267.264000 268.736000 59
270.848000 271.328000 54
271.584000 272.352000 54
