9.696000 13.120000 69
14.048000 14.944000 70
15.072000 15.232000 69
15.392000 16.032000 66
16.736000 16.960000 62
16.960000 18.016000 66
22.784000 22.944000 54
23.040000 25.088000 59
25.792000 26.272000 56
26.272000 27.296000 66
27.296000 29.184000 59
29.792000 31.168000 56
31.264000 32.224000 59
32.928000 34.208000 55
34.304000 35.680000 57
36.640000 36.832000 54
36.928000 37.440000 57
37.536000 39.136000 59
39.936000 40.032000 55
40.160000 41.344000 66
41.472000 42.592000 58
42.592000 43.232000 56
43.648000 45.088000 57
45.184000 46.176000 59
46.880000 47.072000 55
47.072000 50.464000 57
51.680000 52.224000 57
52.352000 53.472000 66
53.472000 53.792000 60
53.888000 55.008000 57
55.264000 55.392000 64
55.392000 56.032000 69
56.032000 56.992000 67
56.992000 58.368000 59
58.656000 59.168000 57
59.264000 59.616000 55
59.616000 60.416000 60
60.416000 61.504000 66
62.080000 62.592000 64
62.720000 63.712000 66
63.840000 64.128000 62
64.288000 65.120000 66
65.760000 66.112000 57
66.208000 66.816000 64
67.008000 67.648000 66
67.648000 68.576000 57
69.024000 69.536000 69
69.632000 69.856000 69
69.856000 70.752000 67
70.752000 72.416000 64
72.960000 73.088000 55
73.088000 73.472000 55
73.472000 74.112000 59
74.304000 76.544000 66
77.408000 78.240000 64
78.336000 79.456000 66
79.552000 82.560000 66
83.520000 83.680000 54
83.808000 84.288000 57
84.416000 86.176000 59
86.560000 86.880000 54
87.040000 87.232000 65
87.360000 88.064000 66
88.192000 89.472000 58
89.632000 89.792000 55
89.888000 90.144000 57
90.464000 92.000000 57
92.128000 92.576000 59
92.672000 92.992000 57
93.728000 95.904000 57
96.000000 96.640000 57
97.408000 97.600000 55
97.728000 98.208000 56
98.336000 99.968000 59
100.608000 100.736000 55
100.832000 100.896000 60
100.896000 101.088000 66
101.184000 101.632000 66
101.760000 101.888000 66
101.888000 101.952000 65
102.048000 102.976000 59
103.072000 104.032000 57
104.384000 105.824000 57
105.920000 106.848000 59
107.616000 108.576000 55
108.704000 108.832000 55
108.992000 111.392000 57
112.416000 112.928000 57
113.056000 114.432000 66
114.592000 115.456000 57
115.968000 116.032000 62
116.032000 116.096000 65
116.096000 116.704000 69
116.704000 117.312000 67
117.408000 117.760000 66
117.760000 118.912000 59
119.360000 119.456000 56
119.552000 119.872000 57
120.000000 120.736000 57
120.896000 121.056000 59
121.056000 121.120000 62
121.120000 121.632000 66
121.824000 122.144000 64
122.784000 123.296000 64
123.424000 124.448000 66
124.544000 124.832000 62
124.992000 125.792000 66
126.272000 126.816000 57
126.944000 127.648000 66
127.744000 128.384000 66
128.384000 129.312000 57
129.600000 129.760000 62
129.760000 130.240000 69
130.368000 130.624000 69
130.624000 131.584000 67
131.712000 131.840000 55
131.936000 133.184000 59
133.664000 133.824000 55
133.824000 134.144000 56
134.144000 134.272000 56
134.272000 134.656000 57
134.656000 135.104000 60
135.104000 135.456000 66
135.584000 137.440000 66
138.144000 138.304000 64
138.304000 139.008000 62
139.008000 140.832000 66
140.832000 143.552000 64
146.848000 146.912000 65
150.112000 150.336000 68
150.400000 150.624000 68
166.240000 166.848000 59
172.064000 172.224000 54
172.320000 174.400000 59
175.040000 175.424000 54
175.424000 175.488000 56
175.488000 175.552000 59
175.552000 176.032000 66
176.128000 176.512000 66
176.512000 177.984000 64
178.336000 178.624000 57
179.008000 180.128000 55
180.256000 180.416000 57
180.512000 181.376000 59
181.984000 182.144000 53
182.240000 183.424000 55
183.552000 184.928000 57
185.888000 186.080000 54
186.176000 187.008000 57
187.008000 188.288000 59
189.408000 190.592000 66
190.688000 192.416000 58
192.864000 194.080000 56
194.080000 195.232000 59
195.840000 196.096000 53
196.096000 196.224000 54
196.224000 199.840000 57
200.896000 201.408000 57
201.536000 202.240000 66
202.336000 202.688000 64
202.784000 203.040000 54
203.040000 203.232000 56
203.296000 203.936000 57
204.480000 204.544000 62
204.544000 204.608000 66
204.608000 205.216000 69
205.216000 206.176000 67
206.336000 207.584000 59
207.872000 208.384000 57
208.384000 209.184000 58
209.344000 210.112000 67
210.400000 210.432000 64
210.656000 210.752000 64
211.296000 211.456000 66
211.456000 211.808000 65
211.936000 212.288000 64
212.288000 212.960000 66
212.960000 213.312000 63
213.440000 214.208000 66
214.784000 215.296000 57
215.392000 216.480000 66
216.672000 216.736000 66
216.800000 216.832000 61
216.864000 216.960000 56
217.216000 217.248000 56
217.312000 217.440000 56
218.112000 218.240000 66
218.240000 218.720000 69
218.848000 219.072000 69
219.072000 220.032000 66
220.128000 220.320000 57
220.384000 220.512000 57
220.640000 221.568000 59
221.696000 222.240000 57
222.336000 222.592000 55
222.592000 223.520000 63
223.520000 224.032000 66
224.160000 224.832000 64
225.152000 225.664000 65
225.792000 226.816000 66
226.912000 227.168000 62
227.328000 228.288000 66
228.672000 229.152000 57
229.280000 230.720000 68
230.720000 230.880000 56
230.976000 231.456000 57
232.192000 232.256000 61
232.256000 232.320000 65
232.320000 232.960000 69
232.960000 233.504000 67
233.632000 233.920000 66
233.920000 234.080000 62
234.080000 235.360000 59
235.616000 236.128000 57
236.256000 236.928000 57
237.408000 237.568000 65
237.568000 237.824000 67
238.016000 238.112000 65
238.240000 238.752000 65
239.040000 239.552000 64
239.680000 240.704000 66
240.800000 241.056000 62
241.216000 241.408000 66
241.408000 242.080000 65
242.528000 242.624000 56
242.720000 243.008000 57
243.136000 243.744000 64
244.000000 244.448000 52
244.480000 244.544000 54
244.736000 246.400000 57
247.424000 247.520000 56
248.064000 248.928000 54
249.696000 250.240000 69
250.944000 251.168000 65
251.360000 251.808000 69
251.872000 251.904000 67
252.416000 252.576000 67
252.864000 253.088000 66
