27.264000 27.392000 58
27.520000 27.744000 58
27.904000 28.128000 59
28.416000 28.512000 62
28.864000 28.928000 63
29.056000 29.856000 63
29.952000 30.240000 62
32.416000 32.672000 59
32.768000 33.056000 59
33.248000 35.488000 58
37.824000 38.784000 59
39.008000 41.120000 55
41.216000 41.312000 55
42.944000 43.040000 63
43.520000 43.872000 64
44.064000 46.912000 70
48.896000 49.344000 55
49.344000 50.112000 58
51.040000 51.136000 58
51.360000 51.456000 58
51.584000 52.032000 62
52.384000 52.512000 58
52.704000 52.896000 58
54.304000 55.648000 60
56.288000 56.448000 62
56.608000 57.600000 68
57.696000 58.528000 65
59.040000 59.296000 59
59.296000 59.392000 62
59.392000 59.584000 64
59.584000 62.240000 68
62.336000 62.528000 63
62.784000 64.000000 62
64.704000 65.888000 62
66.272000 66.656000 63
66.784000 67.648000 65
67.648000 68.320000 68
68.448000 68.960000 67
68.960000 70.240000 67
70.240000 71.232000 67
71.968000 72.256000 57
72.352000 73.120000 58
73.760000 73.888000 58
74.272000 75.104000 63
75.360000 76.416000 59
77.120000 77.408000 58
77.536000 78.624000 60
79.200000 79.456000 61
79.456000 79.840000 63
79.840000 81.472000 65
81.856000 82.016000 68
82.272000 82.464000 63
82.560000 84.544000 68
84.704000 85.120000 65
85.120000 85.728000 63
85.824000 86.912000 61
87.520000 88.864000 62
89.184000 89.600000 63
89.696000 90.272000 65
90.528000 90.784000 67
90.912000 92.096000 68
92.256000 92.544000 67
92.736000 94.176000 63
94.656000 95.040000 60
95.040000 95.776000 67
95.904000 97.024000 68
97.312000 97.408000 63
97.408000 98.848000 68
99.008000 99.584000 63
100.000000 100.320000 61
100.416000 102.208000 70
102.624000 102.752000 65
102.752000 102.976000 67
102.976000 104.224000 70
104.224000 105.024000 65
105.408000 105.696000 63
105.696000 106.592000 71
106.688000 107.808000 72
108.064000 109.440000 69
109.440000 110.592000 72
110.816000 111.072000 72
111.072000 112.064000 71
112.064000 113.248000 68
113.472000 114.752000 68
114.848000 115.040000 70
115.040000 116.128000 68
116.448000 116.864000 63
116.864000 121.088000 72
121.248000 121.472000 65
121.568000 122.048000 68
122.208000 122.688000 67
122.848000 124.608000 63
128.512000 129.088000 67
134.752000 134.912000 59
135.040000 135.328000 59
135.808000 137.152000 67
139.584000 139.968000 65
140.128000 140.736000 63
140.896000 142.720000 58
167.680000 168.096000 56
168.096000 169.088000 59
169.696000 169.888000 58
170.016000 170.144000 58
170.272000 171.040000 63
171.232000 172.032000 59
173.056000 173.344000 58
173.472000 174.688000 60
175.200000 175.264000 59
175.264000 175.424000 60
175.424000 175.520000 61
175.520000 175.808000 62
175.808000 177.408000 65
177.856000 178.080000 57
178.208000 178.432000 63
178.560000 180.512000 68
180.736000 181.152000 65
181.248000 181.824000 63
181.920000 182.688000 61
183.520000 184.864000 62
185.216000 185.600000 63
185.728000 186.304000 65
186.560000 188.032000 68
188.192000 188.512000 67
188.704000 190.176000 64
190.656000 190.720000 59
190.752000 190.784000 59
191.008000 191.744000 67
191.904000 192.928000 68
193.312000 193.472000 65
193.472000 194.496000 68
194.592000 194.880000 67
195.072000 195.552000 63
196.448000 197.216000 68
197.376000 198.304000 69
198.656000 198.912000 67
198.912000 200.192000 70
200.192000 201.056000 65
201.376000 201.760000 64
201.760000 202.592000 70
202.720000 203.744000 72
204.064000 205.312000 68
205.312000 206.560000 72
206.752000 207.040000 72
207.040000 208.096000 71
208.096000 209.216000 68
209.504000 209.888000 67
209.888000 211.328000 70
211.328000 212.064000 67
212.352000 212.768000 64
212.896000 217.088000 72
217.600000 217.984000 68
218.144000 218.368000 67
218.368000 218.592000 66
218.752000 219.840000 63
220.256000 220.384000 59
220.576000 221.440000 67
221.600000 222.656000 68
222.912000 222.976000 63
222.976000 224.480000 68
224.640000 225.024000 63
225.664000 225.952000 60
226.080000 226.848000 68
226.944000 227.936000 70
228.256000 228.416000 65
228.416000 228.640000 68
228.640000 229.792000 70
229.792000 230.656000 65
230.976000 231.264000 63
231.264000 232.192000 70
232.416000 233.408000 72
233.632000 234.976000 69
234.976000 236.192000 72
236.416000 236.672000 72
236.672000 237.728000 71
237.728000 238.720000 68
239.200000 239.552000 67
239.552000 240.864000 70
240.864000 241.760000 67
242.048000 242.496000 63
242.496000 246.752000 72
247.168000 247.584000 68
247.776000 247.968000 67
247.968000 248.224000 66
248.448000 249.536000 63
249.856000 250.016000 60
250.112000 250.272000 61
250.272000 251.040000 67
251.168000 252.256000 68
252.544000 252.768000 65
252.768000 253.696000 68
253.856000 254.144000 67
254.336000 254.784000 63
255.232000 255.552000 61
255.680000 257.504000 70
257.888000 258.016000 65
258.016000 258.272000 68
258.272000 259.584000 70
259.584000 260.160000 65
260.576000 260.864000 63
260.864000 261.664000 70
262.048000 262.944000 72
263.264000 264.576000 68
264.672000 264.928000 71
265.056000 265.664000 72
266.080000 267.168000 72
267.808000 267.904000 67
268.992000 269.248000 68
