47.392000 47.808000 59
47.808000 51.584000 67
51.680000 53.120000 64
53.984000 54.368000 62
54.496000 54.720000 66
54.720000 56.288000 67
56.288000 57.408000 69
57.408000 60.320000 64
61.600000 62.400000 62
62.400000 63.520000 66
63.712000 66.144000 61
66.240000 66.624000 59
68.128000 69.088000 65
69.088000 70.176000 67
70.272000 70.944000 66
71.040000 72.864000 69
73.600000 73.856000 57
74.016000 75.808000 66
75.904000 77.440000 66
77.440000 79.360000 64
80.128000 80.384000 62
80.512000 83.776000 69
83.776000 86.304000 64
87.808000 88.576000 62
88.576000 89.728000 66
89.824000 89.920000 62
89.920000 90.496000 61
90.624000 93.344000 61
94.336000 96.256000 66
96.256000 99.200000 62
99.808000 100.192000 59
100.384000 100.544000 62
100.544000 103.296000 63
103.296000 106.720000 66
107.328000 109.472000 62
109.472000 113.248000 69
113.984000 116.288000 71
116.288000 119.648000 66
120.544000 123.200000 67
123.360000 125.248000 69
126.112000 126.336000 57
126.464000 126.656000 65
126.656000 129.216000 66
129.216000 131.808000 65
132.480000 132.960000 63
132.960000 134.816000 67
134.912000 136.000000 69
136.000000 138.976000 66
140.224000 140.992000 62
140.992000 142.144000 67
142.272000 142.496000 62
142.496000 142.880000 59
143.008000 145.792000 61
146.784000 147.520000 66
147.584000 148.768000 65
148.768000 149.536000 61
149.632000 152.480000 62
178.336000 178.656000 59
178.816000 181.504000 62
181.632000 185.216000 66
185.888000 188.000000 62
188.000000 191.712000 69
192.576000 193.312000 71
193.408000 194.816000 71
194.816000 197.856000 66
199.168000 199.520000 67
199.520000 201.376000 64
201.376000 204.032000 69
204.800000 205.088000 57
205.088000 205.280000 65
205.280000 207.744000 66
207.744000 210.272000 65
211.104000 211.712000 62
211.712000 211.840000 64
211.840000 213.536000 67
213.536000 214.496000 69
214.496000 217.440000 64
218.816000 219.584000 62
219.584000 219.808000 65
219.808000 220.864000 66
220.864000 221.536000 63
221.632000 224.416000 61
225.376000 227.392000 67
227.392000 229.536000 62
229.632000 234.528000 63
235.328000 235.552000 62
