15.232000 15.424000 69
15.616000 16.672000 63
16.768000 18.368000 61
27.040000 27.328000 56
27.424000 27.840000 57
27.936000 28.032000 56
28.224000 28.800000 55
29.088000 29.600000 53
29.792000 30.048000 53
30.112000 30.176000 51
33.376000 33.952000 57
34.080000 34.368000 58
34.560000 34.912000 55
35.712000 35.904000 53
36.448000 36.960000 57
37.248000 37.632000 55
38.016000 38.528000 53
38.816000 39.360000 52
40.192000 40.768000 54
40.928000 41.760000 57
43.296000 43.488000 53
43.488000 43.648000 54
43.648000 43.904000 55
43.904000 45.312000 60
45.952000 46.112000 57
46.240000 46.528000 58
46.720000 47.168000 58
47.424000 47.808000 57
47.968000 48.384000 57
48.992000 49.152000 55
49.152000 49.632000 57
49.792000 50.336000 55
50.688000 50.944000 53
51.456000 51.712000 52
52.672000 53.280000 65
53.280000 54.912000 64
55.232000 55.808000 65
56.000000 57.664000 67
57.664000 58.400000 64
58.752000 59.840000 65
59.968000 60.928000 64
61.344000 63.488000 64
63.488000 64.128000 60
64.672000 67.296000 65
67.648000 68.448000 63
68.640000 68.960000 65
68.960000 69.216000 62
69.216000 69.632000 67
69.792000 70.208000 65
70.208000 71.136000 64
71.360000 73.632000 65
73.952000 75.008000 64
75.136000 75.424000 64
75.744000 77.344000 65
77.344000 78.752000 63
79.968000 80.160000 61
80.160000 82.144000 60
89.760000 90.688000 62
90.816000 91.872000 60
91.968000 92.640000 62
92.640000 93.568000 57
96.288000 97.760000 65
97.984000 98.624000 62
99.328000 99.744000 57
100.320000 100.544000 55
100.992000 101.184000 52
101.568000 101.984000 52
103.072000 103.520000 53
103.744000 104.640000 57
105.600000 106.016000 57
106.240000 106.592000 53
107.136000 108.032000 60
108.800000 109.440000 58
109.632000 109.856000 57
109.984000 110.272000 58
110.368000 110.816000 57
110.944000 111.200000 57
111.936000 112.096000 62
112.096000 113.088000 65
113.088000 114.496000 68
114.656000 114.880000 67
114.880000 115.072000 66
115.072000 117.696000 65
118.208000 118.624000 65
118.624000 119.552000 65
119.552000 119.872000 67
120.000000 120.640000 65
120.640000 124.032000 65
124.320000 124.608000 62
124.608000 125.024000 64
125.024000 126.528000 64
126.528000 127.104000 60
127.648000 128.352000 65
128.384000 128.640000 65
128.704000 128.864000 64
129.024000 129.152000 64
129.248000 129.408000 60
129.632000 130.400000 62
130.592000 131.072000 63
131.136000 131.360000 62
131.584000 131.872000 65
132.000000 132.160000 62
132.160000 132.480000 67
132.704000 133.152000 66
133.152000 133.952000 64
134.368000 136.512000 65
136.896000 137.184000 62
137.184000 138.400000 67
138.496000 139.648000 69
139.648000 140.288000 66
140.288000 140.928000 62
145.664000 146.912000 65
147.040000 148.064000 62
165.504000 165.728000 62
165.728000 165.952000 68
166.048000 166.496000 67
166.720000 167.072000 64
167.136000 167.616000 68
167.616000 168.384000 66
168.672000 168.832000 63
168.832000 168.992000 68
169.088000 170.976000 68
171.264000 171.680000 62
172.032000 172.832000 65
172.992000 173.216000 65
173.440000 174.176000 67
174.368000 174.880000 65
175.008000 176.224000 64
176.352000 177.184000 65
177.184000 177.920000 67
178.368000 178.912000 68
179.008000 179.840000 67
179.840000 180.224000 68
180.320000 180.448000 65
180.544000 180.736000 65
180.736000 180.960000 63
181.312000 181.408000 62
181.536000 182.048000 68
182.144000 182.432000 67
182.528000 182.720000 65
182.912000 183.552000 68
183.552000 184.192000 66
184.736000 186.400000 74
186.400000 189.312000 70
189.440000 189.792000 68
189.792000 190.560000 67
190.560000 193.984000 65
194.240000 194.496000 65
194.560000 195.296000 67
195.296000 195.520000 63
195.680000 195.904000 66
196.096000 196.704000 65
196.704000 198.080000 64
198.240000 198.720000 67
198.720000 201.024000 64
201.088000 201.792000 64
201.984000 203.264000 65
203.744000 204.576000 65
204.608000 205.856000 65
205.952000 206.048000 60
206.144000 207.072000 64
207.264000 207.424000 62
207.680000 208.000000 65
208.096000 208.256000 62
208.256000 208.448000 65
208.864000 209.312000 65
209.312000 210.304000 64
210.432000 212.288000 65
212.480000 212.704000 62
212.960000 214.016000 64
214.112000 214.528000 64
214.592000 214.656000 64
214.688000 214.720000 64
214.784000 218.624000 65
218.688000 219.840000 67
219.840000 220.064000 62
220.800000 220.928000 63
229.856000 231.488000 74
231.488000 233.024000 72
233.024000 233.184000 72
233.184000 234.560000 74
234.560000 236.768000 69
242.560000 243.424000 74
243.584000 244.064000 72
244.160000 244.544000 71
244.672000 245.120000 60
245.248000 245.376000 58
245.696000 245.920000 70
246.144000 246.912000 68
247.072000 247.360000 70
247.520000 249.728000 67
250.048000 250.624000 67
250.816000 250.912000 69
250.912000 251.168000 65
251.168000 251.744000 67
251.744000 252.224000 65
252.224000 253.568000 64
253.728000 253.888000 56
253.920000 254.880000 60
256.928000 257.024000 63
257.920000 258.208000 61
258.496000 258.624000 62
258.848000 260.512000 64
261.952000 262.784000 64
267.872000 267.968000 62
268.128000 269.632000 64
271.168000 272.896000 64
274.272000 275.168000 64
283.040000 283.136000 69
283.232000 283.360000 69
285.088000 285.184000 68
285.408000 285.760000 68
