17.024000 17.376000 61
17.472000 17.632000 61
19.712000 20.544000 65
20.896000 21.760000 70
21.760000 22.944000 65
23.264000 23.968000 68
24.128000 24.800000 65
24.864000 26.272000 61
26.752000 26.816000 62
26.816000 27.168000 65
27.392000 28.096000 62
28.096000 29.760000 65
30.336000 30.624000 68
30.752000 31.008000 70
31.232000 32.352000 64
32.672000 33.120000 68
33.248000 33.760000 66
33.856000 33.920000 63
33.920000 34.496000 65
34.496000 34.528000 61
34.816000 35.712000 61
36.128000 36.224000 62
36.224000 36.288000 63
36.288000 36.544000 65
36.544000 38.208000 64
38.208000 38.304000 58
38.496000 39.200000 65
39.712000 40.608000 70
40.608000 41.760000 65
42.080000 42.784000 68
42.944000 44.064000 65
44.064000 45.152000 61
45.568000 45.632000 58
45.632000 46.080000 65
46.176000 46.944000 61
46.944000 48.736000 65
49.120000 49.408000 68
49.568000 49.856000 70
49.984000 51.072000 65
51.488000 51.936000 68
52.064000 52.448000 66
52.672000 53.440000 65
53.696000 55.392000 61
55.552000 55.712000 61
57.920000 59.584000 66
59.712000 62.080000 65
62.624000 66.400000 68
67.360000 67.808000 66
67.968000 68.480000 66
68.480000 76.320000 65
78.272000 78.464000 69
78.464000 78.976000 71
79.136000 81.088000 67
81.760000 82.272000 65
82.432000 82.592000 62
82.688000 83.520000 63
84.448000 85.024000 63
85.024000 86.208000 68
86.208000 90.528000 65
91.200000 91.744000 65
91.840000 92.320000 63
92.320000 92.608000 61
92.896000 92.960000 61
92.992000 93.024000 61
93.856000 94.400000 63
94.464000 94.592000 66
94.592000 95.104000 68
95.104000 95.584000 67
95.584000 96.672000 65
96.768000 99.712000 65
100.064000 100.128000 65
100.608000 101.152000 65
101.248000 101.696000 63
101.696000 102.912000 62
103.264000 103.584000 63
103.808000 103.872000 65
103.872000 104.960000 68
104.960000 105.472000 65
105.632000 106.816000 76
106.944000 107.488000 65
107.936000 108.800000 70
108.800000 110.016000 65
110.304000 111.040000 68
111.168000 111.840000 65
111.936000 113.312000 61
113.888000 114.272000 65
114.432000 115.168000 62
115.168000 117.664000 68
117.824000 118.176000 70
118.304000 119.328000 64
119.712000 120.160000 68
120.256000 120.672000 66
120.800000 121.568000 65
121.568000 121.760000 61
121.920000 123.616000 61
124.448000 124.576000 56
125.760000 127.424000 61
127.616000 127.872000 61
128.032000 128.224000 62
128.672000 128.832000 63
129.056000 129.568000 65
129.728000 129.856000 76
130.432000 132.128000 76
132.352000 132.512000 74
133.376000 133.600000 63
133.888000 134.048000 65
134.112000 134.656000 66
134.688000 135.072000 65
135.072000 138.560000 69
138.784000 138.816000 70
138.880000 138.944000 70
139.008000 139.072000 70
139.136000 139.200000 66
139.392000 139.456000 64
139.648000 139.776000 65
139.776000 139.872000 66
139.872000 141.600000 70
141.760000 141.952000 63
141.952000 142.016000 64
142.016000 142.144000 65
142.144000 143.712000 70
143.808000 144.416000 58
145.184000 146.944000 66
146.944000 149.664000 65
150.240000 154.656000 68
155.424000 155.936000 66
156.032000 157.376000 66
157.472000 165.856000 65
