27.008000 27.264000 53
27.264000 28.480000 55
29.792000 30.240000 53
30.240000 30.464000 55
30.560000 30.752000 52
30.752000 31.488000 48
32.672000 32.864000 45
32.864000 34.240000 48
35.488000 35.584000 46
35.744000 36.160000 52
36.256000 36.448000 46
36.448000 36.544000 46
36.544000 36.992000 50
38.272000 38.496000 53
38.496000 38.976000 55
38.976000 39.776000 55
41.120000 41.280000 51
41.376000 41.568000 58
41.568000 41.728000 59
41.824000 42.080000 57
42.080000 42.688000 52
43.936000 44.096000 49
44.192000 44.608000 52
44.608000 44.864000 55
44.864000 45.984000 52
45.984000 47.424000 48
52.416000 52.672000 52
52.672000 54.208000 55
55.232000 55.392000 52
55.488000 55.648000 55
55.648000 56.192000 53
56.192000 56.896000 48
58.080000 58.656000 48
58.784000 58.880000 46
59.008000 59.616000 48
60.224000 61.120000 52
61.216000 61.472000 45
61.568000 62.368000 50
63.712000 63.968000 52
63.968000 64.544000 55
64.704000 65.472000 55
66.496000 66.752000 53
66.752000 67.392000 59
67.488000 67.712000 52
67.712000 67.808000 51
67.808000 68.096000 50
69.376000 69.504000 50
69.504000 69.952000 47
70.048000 70.272000 52
70.368000 70.464000 52
70.464000 70.592000 51
70.592000 70.912000 50
71.040000 71.296000 45
71.392000 72.736000 48
77.760000 77.824000 55
77.824000 78.048000 58
78.048000 78.400000 60
78.496000 78.720000 57
78.720000 80.064000 62
80.064000 80.224000 58
80.576000 80.864000 53
80.864000 81.248000 55
81.248000 81.568000 53
81.568000 82.976000 57
83.424000 83.616000 60
83.712000 84.032000 57
84.128000 84.320000 55
84.416000 86.336000 53
86.336000 88.352000 57
89.120000 89.376000 58
89.376000 91.488000 62
91.936000 92.160000 52
92.160000 92.672000 60
92.672000 92.832000 63
92.928000 93.312000 62
93.312000 94.240000 60
94.784000 95.360000 52
95.456000 95.680000 55
95.680000 96.704000 52
96.768000 98.048000 48
103.200000 104.352000 55
104.352000 105.024000 55
105.952000 106.944000 55
106.944000 107.136000 46
107.136000 107.552000 48
108.832000 109.024000 46
109.120000 109.696000 48
109.792000 110.144000 48
110.464000 110.656000 45
110.848000 111.680000 52
111.744000 111.936000 46
112.064000 112.608000 50
114.496000 114.752000 52
114.752000 116.384000 55
117.248000 117.312000 49
117.312000 117.536000 52
117.632000 118.240000 59
118.240000 118.944000 56
120.096000 120.224000 46
120.320000 120.960000 52
121.120000 121.472000 52
121.472000 121.696000 50
121.792000 123.456000 48
128.512000 128.576000 55
128.576000 128.800000 57
128.800000 129.184000 60
129.312000 129.536000 57
129.536000 130.912000 62
131.392000 131.648000 53
131.648000 132.032000 55
132.160000 132.352000 52
132.352000 133.440000 57
133.440000 133.600000 54
134.240000 134.528000 59
134.528000 134.848000 57
134.944000 135.072000 55
135.232000 135.776000 52
135.776000 135.808000 48
135.904000 136.512000 50
136.608000 136.800000 51
136.800000 138.880000 57
139.904000 140.192000 59
140.192000 142.112000 62
142.720000 142.944000 52
142.944000 143.360000 55
143.360000 143.584000 63
143.680000 145.120000 62
145.536000 145.824000 51
145.824000 146.944000 55
147.200000 147.360000 50
147.616000 149.056000 48
154.016000 154.080000 56
154.080000 154.240000 57
154.240000 154.656000 60
154.752000 155.008000 57
155.008000 156.032000 62
156.160000 156.256000 60
156.832000 156.960000 52
157.088000 157.536000 55
157.536000 158.752000 59
163.936000 164.096000 45
164.192000 164.608000 48
164.608000 164.832000 55
164.832000 165.408000 52
165.600000 167.424000 50
