1.280000 8.672000 69
8.960000 9.696000 60
12.512000 12.864000 60
13.632000 13.920000 65
14.336000 14.816000 69
15.168000 15.520000 62
15.968000 16.096000 60
17.632000 17.728000 57
17.824000 18.016000 57
19.456000 19.552000 57
20.032000 20.416000 64
20.800000 21.344000 68
21.728000 22.080000 63
22.496000 22.592000 60
26.048000 26.400000 67
26.496000 26.848000 67
26.944000 28.672000 69
28.800000 29.024000 68
29.312000 31.904000 72
32.064000 32.160000 68
32.576000 33.536000 64
33.760000 34.080000 64
34.176000 35.264000 65
35.456000 35.680000 64
35.872000 36.800000 62
37.056000 37.760000 57
39.104000 39.264000 65
39.456000 41.984000 69
42.304000 43.808000 72
43.936000 44.992000 70
45.568000 46.208000 64
46.304000 48.128000 65
48.160000 48.224000 64
48.448000 48.672000 64
48.832000 49.760000 62
50.048000 50.848000 57
52.480000 52.736000 72
52.832000 53.152000 70
53.216000 53.920000 69
54.112000 54.816000 67
55.008000 55.264000 67
55.680000 55.968000 72
56.096000 56.352000 70
56.512000 57.088000 69
57.312000 58.080000 67
58.336000 58.432000 67
58.944000 59.584000 72
59.712000 60.448000 69
60.576000 60.896000 65
60.992000 61.664000 67
62.208000 62.848000 72
63.008000 63.264000 69
63.456000 63.488000 67
63.552000 64.224000 67
64.416000 64.736000 72
64.992000 65.056000 74
65.056000 65.760000 74
65.952000 66.048000 69
66.048000 66.240000 68
66.336000 66.624000 65
66.624000 66.976000 67
67.072000 67.680000 62
67.840000 68.032000 60
68.032000 68.160000 58
68.256000 69.376000 58
69.472000 69.536000 63
69.536000 70.240000 65
70.240000 70.592000 63
70.752000 70.848000 62
70.976000 71.040000 63
71.040000 71.424000 67
71.552000 72.096000 63
72.192000 72.288000 62
72.416000 72.512000 62
72.704000 72.800000 63
72.800000 73.312000 65
73.312000 74.112000 64
74.336000 74.528000 60
75.072000 75.296000 67
75.296000 76.000000 69
76.000000 77.152000 68
77.408000 77.696000 72
77.984000 78.208000 75
78.208000 78.528000 73
78.656000 79.040000 68
79.168000 79.936000 66
80.256000 80.672000 64
80.928000 81.120000 58
81.248000 82.272000 58
82.464000 82.528000 63
82.528000 83.040000 65
83.040000 83.520000 64
83.648000 83.808000 62
84.000000 84.288000 60
84.448000 84.608000 63
84.736000 85.216000 72
85.344000 85.536000 67
85.664000 86.144000 65
86.208000 86.400000 64
86.720000 87.008000 62
87.008000 87.168000 65
87.392000 87.488000 67
87.776000 88.256000 67
88.256000 89.120000 69
89.216000 89.824000 69
89.824000 90.144000 65
90.528000 90.624000 70
90.976000 91.072000 65
91.200000 93.600000 69
93.664000 93.888000 68
94.176000 96.800000 72
96.928000 97.024000 68
97.440000 98.400000 64
98.592000 98.944000 64
99.040000 100.128000 65
100.320000 100.576000 64
100.704000 101.664000 62
101.920000 102.368000 57
103.936000 104.128000 65
104.320000 104.672000 67
104.768000 106.560000 69
106.656000 107.488000 70
107.584000 108.704000 72
108.832000 109.856000 70
110.080000 110.304000 62
110.464000 113.152000 65
113.312000 113.568000 64
113.696000 114.624000 62
114.912000 115.456000 57
117.280000 117.984000 60
118.176000 118.240000 67
118.240000 118.752000 69
118.912000 119.712000 67
119.776000 119.808000 65
119.968000 120.064000 67
120.544000 120.608000 69
120.608000 120.864000 72
120.960000 121.312000 70
121.312000 122.080000 69
122.176000 122.432000 65
122.592000 122.720000 72
122.720000 122.880000 71
122.976000 123.328000 67
123.808000 124.096000 60
124.192000 124.608000 58
124.640000 125.280000 57
125.824000 126.112000 67
126.208000 126.592000 67
127.040000 127.776000 72
128.032000 128.160000 69
128.320000 129.152000 69
129.248000 129.952000 74
130.048000 130.624000 73
130.816000 131.008000 68
131.200000 131.616000 66
131.712000 132.576000 64
132.704000 132.896000 60
132.896000 133.024000 58
133.120000 134.240000 58
134.336000 134.400000 63
134.400000 135.008000 65
135.008000 135.456000 64
135.616000 135.712000 62
135.808000 136.064000 60
136.352000 136.512000 63
136.672000 136.960000 60
137.600000 137.664000 62
137.664000 138.176000 65
138.176000 139.488000 64
139.968000 140.160000 67
140.160000 140.832000 69
140.832000 142.048000 68
142.272000 142.592000 72
142.816000 143.104000 75
143.104000 143.584000 72
143.776000 143.840000 65
144.032000 144.832000 65
145.120000 145.440000 62
145.664000 145.760000 60
145.792000 145.984000 58
146.080000 147.200000 58
147.328000 147.392000 63
147.392000 147.904000 65
147.904000 148.672000 64
148.864000 148.992000 60
149.344000 149.504000 64
149.600000 149.696000 66
149.824000 149.952000 65
150.144000 150.432000 67
150.592000 151.296000 66
151.360000 152.032000 65
152.192000 152.352000 60
152.352000 152.544000 58
152.928000 153.152000 68
153.152000 153.984000 69
154.080000 154.720000 69
154.720000 155.136000 66
155.168000 155.264000 65
156.192000 156.896000 60
157.024000 157.856000 69
157.856000 158.624000 67
158.784000 159.424000 67
159.424000 160.768000 72
160.768000 161.120000 67
161.216000 161.440000 66
161.440000 161.664000 72
161.664000 162.528000 70
162.720000 163.456000 72
163.456000 164.192000 69
164.736000 164.992000 67
165.152000 165.440000 67
165.984000 166.688000 72
166.912000 167.072000 69
167.232000 167.840000 68
167.840000 168.032000 65
168.320000 169.024000 69
169.152000 169.344000 65
169.440000 174.080000 68
174.176000 174.336000 71
174.624000 175.520000 70
175.616000 176.224000 68
176.224000 177.472000 67
177.664000 177.888000 62
178.080000 178.176000 61
178.976000 179.136000 62
179.392000 179.648000 61
180.512000 180.576000 70
180.576000 181.312000 72
181.312000 181.728000 70
181.728000 182.784000 68
182.912000 187.520000 70
187.584000 189.728000 69
189.728000 190.272000 66
190.560000 191.136000 61
193.504000 194.496000 72
194.496000 195.040000 69
195.040000 195.584000 65
195.904000 200.128000 69
200.224000 200.640000 67
200.640000 202.592000 69
202.592000 203.232000 66
203.552000 204.096000 60
206.464000 207.648000 72
207.648000 213.248000 69
213.440000 213.472000 66
213.504000 216.352000 68
216.576000 217.120000 61
218.304000 218.400000 62
