33.024000 33.120000 61
33.248000 33.440000 61
33.600000 34.944000 72
34.944000 36.352000 67
36.352000 36.704000 67
36.704000 38.432000 72
38.656000 39.552000 65
39.744000 40.096000 65
40.096000 41.984000 63
42.112000 42.368000 72
42.368000 43.840000 72
43.840000 46.464000 72
46.528000 46.688000 70
47.584000 47.744000 70
49.536000 50.848000 63
52.320000 52.416000 54
52.512000 52.704000 59
52.704000 53.184000 61
53.184000 54.144000 60
55.936000 56.096000 58
56.096000 57.056000 61
57.184000 57.472000 58
57.600000 57.888000 56
58.080000 58.720000 56
59.360000 59.680000 63
60.096000 60.384000 58
60.576000 60.768000 60
61.184000 61.440000 62
61.664000 61.856000 56
61.856000 62.560000 60
62.976000 63.296000 61
63.424000 63.872000 55
64.096000 64.384000 56
64.608000 65.120000 58
66.464000 66.752000 56
66.976000 67.392000 61
67.392000 68.544000 60
69.984000 70.048000 61
70.048000 70.560000 67
70.656000 70.848000 65
70.944000 71.456000 65
71.616000 71.840000 59
72.064000 72.512000 57
72.704000 72.960000 65
72.960000 73.184000 65
73.376000 74.144000 58
74.336000 74.720000 63
75.424000 75.552000 50
75.552000 75.648000 53
75.648000 75.776000 54
75.776000 76.288000 58
76.288000 76.928000 61
77.120000 77.888000 63
78.048000 78.272000 56
78.272000 79.680000 58
80.768000 80.864000 52
80.960000 81.248000 56
81.376000 81.856000 58
82.016000 82.880000 51
83.104000 83.328000 49
84.224000 84.288000 50
84.288000 84.416000 53
84.512000 84.768000 59
84.864000 85.024000 61
85.024000 85.056000 59
85.056000 85.088000 57
85.088000 85.952000 56
86.048000 86.336000 56
86.464000 87.040000 58
87.904000 88.096000 54
88.096000 89.024000 58
89.184000 89.824000 51
90.208000 90.464000 57
90.464000 90.752000 63
90.912000 92.000000 58
92.224000 92.384000 56
92.384000 94.080000 60
96.256000 96.608000 60
96.704000 96.960000 60
97.152000 97.344000 60
97.568000 97.856000 60
97.984000 98.432000 58
98.560000 99.328000 60
99.904000 100.992000 61
101.152000 102.656000 61
102.944000 103.232000 63
103.328000 103.392000 65
103.392000 103.936000 68
104.064000 104.672000 63
104.672000 105.344000 61
105.344000 105.728000 59
106.080000 106.304000 58
106.464000 107.744000 60
109.120000 109.536000 60
109.536000 110.208000 63
110.368000 110.688000 65
110.848000 111.040000 65
111.040000 111.136000 63
111.328000 111.552000 54
111.680000 111.936000 56
112.032000 112.864000 59
113.312000 113.984000 65
113.984000 114.528000 67
114.720000 115.040000 63
115.200000 115.584000 60
115.584000 116.384000 58
116.480000 116.576000 56
117.152000 117.440000 63
117.568000 118.176000 61
118.304000 118.816000 60
118.912000 122.240000 60
124.704000 125.376000 60
125.568000 125.920000 60
125.920000 127.808000 60
128.256000 129.024000 61
129.120000 129.408000 61
129.536000 129.792000 61
129.920000 131.104000 61
131.392000 131.712000 63
131.712000 132.288000 68
132.288000 132.768000 63
132.896000 133.088000 63
133.088000 134.240000 70
134.368000 136.224000 68
137.600000 137.760000 60
137.888000 138.560000 63
138.752000 139.360000 65
139.488000 140.096000 54
140.096000 140.416000 56
140.512000 141.216000 58
141.760000 142.560000 67
142.688000 142.976000 67
142.976000 143.488000 63
143.712000 144.960000 68
145.568000 146.112000 63
146.112000 146.272000 61
146.272000 146.656000 54
146.976000 147.520000 61
147.712000 147.936000 60
148.288000 148.800000 58
148.960000 150.272000 56
152.544000 153.952000 58
156.320000 157.088000 60
157.184000 157.280000 55
157.376000 159.584000 61
160.256000 160.384000 58
160.736000 160.864000 56
160.864000 161.920000 61
162.016000 162.752000 58
162.912000 163.712000 56
164.256000 164.416000 61
164.416000 164.608000 63
164.992000 165.536000 58
165.536000 165.984000 60
166.080000 166.336000 63
166.496000 166.848000 56
166.848000 167.424000 60
167.808000 168.160000 60
168.256000 168.704000 55
168.928000 169.280000 56
169.440000 170.400000 60
171.168000 171.328000 51
171.328000 171.584000 56
171.808000 172.256000 61
172.256000 173.760000 60
174.016000 174.208000 57
174.336000 174.656000 56
174.784000 174.848000 57
174.848000 176.320000 67
176.480000 176.736000 58
176.928000 177.344000 56
178.016000 178.400000 65
178.400000 178.624000 59
178.624000 179.072000 57
179.232000 179.744000 63
180.256000 180.416000 50
180.416000 180.672000 54
180.672000 180.928000 56
180.928000 181.664000 61
181.792000 182.656000 63
182.912000 183.040000 55
183.040000 183.584000 56
183.584000 184.896000 61
185.632000 185.728000 53
185.856000 186.144000 55
186.304000 186.528000 58
186.528000 186.752000 56
187.040000 187.840000 51
189.184000 189.280000 54
189.408000 189.664000 59
189.792000 189.952000 60
189.952000 190.016000 58
190.016000 190.208000 53
190.208000 190.976000 56
191.136000 191.904000 58
192.704000 192.768000 51
192.768000 192.832000 52
192.832000 193.824000 58
194.048000 194.752000 51
195.072000 195.360000 56
195.360000 195.648000 63
195.808000 196.864000 58
197.056000 197.120000 54
197.120000 197.312000 57
197.312000 197.824000 59
197.824000 198.016000 61
198.016000 198.880000 60
199.232000 200.128000 60
200.288000 200.576000 60
200.672000 200.960000 59
201.088000 201.280000 58
201.600000 202.240000 58
202.240000 202.848000 61
202.944000 204.064000 61
204.224000 205.728000 61
206.048000 206.400000 63
206.400000 207.072000 68
207.200000 207.680000 63
207.680000 208.544000 62
208.864000 208.992000 55
209.184000 211.552000 60
212.032000 212.384000 60
212.480000 213.280000 63
213.376000 214.336000 65
214.496000 214.720000 52
214.720000 215.008000 56
215.168000 215.808000 58
216.448000 216.608000 65
216.704000 217.056000 65
217.056000 217.312000 67
217.312000 217.696000 67
217.696000 218.208000 64
218.304000 218.688000 60
218.688000 219.456000 57
220.256000 220.384000 62
220.384000 220.576000 63
220.704000 221.184000 61
221.376000 222.368000 61
222.496000 225.344000 58
225.792000 227.296000 65
227.808000 228.480000 60
228.704000 229.824000 60
230.048000 230.784000 60
231.328000 231.392000 57
231.392000 231.712000 61
231.808000 232.896000 61
232.992000 234.112000 61
234.464000 234.784000 63
234.912000 235.136000 68
235.232000 235.424000 68
235.424000 235.552000 64
235.648000 235.936000 63
236.224000 236.288000 65
236.288000 236.384000 67
236.384000 236.768000 70
236.896000 237.088000 67
237.312000 240.160000 68
240.320000 240.416000 67
240.736000 241.120000 61
241.120000 242.208000 65
242.304000 242.528000 65
242.752000 242.912000 52
242.912000 243.296000 54
243.296000 244.640000 58
244.896000 245.440000 66
245.440000 246.016000 67
246.016000 246.624000 63
246.752000 248.128000 68
248.704000 249.376000 63
249.376000 249.920000 58
250.080000 250.144000 58
250.144000 251.168000 61
251.328000 251.904000 58
252.000000 253.760000 58
253.856000 254.880000 61
255.360000 255.936000 63
256.064000 256.352000 61
256.512000 257.280000 61
257.408000 258.560000 60
259.104000 259.904000 65
260.032000 261.408000 63
261.408000 262.432000 60
262.912000 262.976000 62
262.976000 263.072000 65
263.072000 264.000000 66
264.000000 265.600000 65
265.792000 266.240000 65
266.432000 266.848000 66
266.848000 267.200000 67
267.296000 268.128000 68
268.224000 268.352000 66
268.352000 268.864000 68
268.864000 271.392000 72
272.288000 272.576000 62
272.736000 272.992000 62
273.120000 273.472000 62
273.600000 273.888000 62
274.048000 274.176000 60
274.304000 274.400000 59
274.528000 275.296000 62
275.840000 276.608000 63
276.704000 276.992000 63
277.152000 277.408000 63
277.536000 278.656000 63
278.944000 279.264000 65
279.360000 280.000000 70
280.128000 280.640000 65
280.704000 281.568000 63
281.952000 282.112000 58
282.272000 282.688000 60
282.688000 284.512000 62
285.024000 285.280000 62
285.376000 285.504000 63
285.504000 286.400000 66
286.400000 287.200000 67
287.648000 287.712000 55
287.712000 287.872000 58
288.064000 288.928000 59
289.280000 289.344000 64
289.344000 289.440000 67
289.440000 289.920000 67
289.920000 290.528000 69
290.528000 291.040000 68
291.136000 291.520000 62
291.520000 292.224000 59
292.320000 292.448000 63
292.544000 292.992000 70
292.992000 293.504000 66
293.600000 294.080000 63
294.240000 294.656000 63
294.880000 295.072000 61
295.072000 297.280000 65
297.280000 298.176000 61
298.656000 300.192000 67
300.704000 301.440000 62
301.568000 301.984000 62
301.984000 303.712000 62
304.128000 305.024000 63
305.152000 305.440000 63
305.536000 305.792000 63
305.888000 307.008000 63
307.360000 307.712000 65
307.808000 307.872000 67
307.872000 308.288000 70
308.288000 308.800000 67
308.928000 309.152000 65
309.152000 309.600000 72
309.728000 311.232000 71
311.232000 313.184000 62
313.600000 313.920000 62
313.920000 315.008000 67
315.200000 315.456000 67
315.712000 316.288000 55
316.288000 317.408000 60
317.792000 319.072000 69
319.072000 319.456000 65
319.648000 320.896000 70
321.056000 321.312000 62
321.408000 321.504000 62
321.600000 322.208000 65
322.208000 322.272000 62
322.272000 322.816000 58
322.912000 323.520000 63
323.648000 324.000000 62
324.224000 324.768000 60
324.896000 327.136000 60
328.704000 329.344000 65
329.632000 330.048000 55
330.912000 331.456000 63
331.744000 332.032000 62
333.600000 333.760000 57
333.984000 335.840000 58
