2.784000 3.424000 59
3.584000 3.744000 58
5.920000 7.136000 59
9.088000 9.504000 58
9.632000 9.856000 58
10.048000 10.304000 57
10.368000 10.624000 60
12.672000 13.024000 58
13.440000 13.600000 63
30.016000 30.528000 74
32.064000 32.544000 74
32.896000 33.408000 79
33.408000 34.336000 74
35.360000 36.256000 69
36.256000 37.408000 67
39.232000 40.000000 65
40.160000 40.384000 65
40.480000 40.896000 65
40.992000 41.376000 65
41.952000 42.656000 64
42.976000 43.904000 66
44.000000 44.704000 67
44.864000 45.600000 65
45.824000 47.072000 65
47.520000 48.288000 64
48.576000 48.832000 64
48.960000 50.528000 69
50.528000 50.976000 69
50.976000 51.296000 65
51.776000 52.032000 65
52.288000 52.736000 65
53.312000 53.952000 64
54.240000 54.528000 63
54.624000 54.880000 65
54.976000 55.904000 67
56.000000 56.192000 69
56.192000 56.640000 69
56.640000 56.960000 65
57.408000 57.696000 65
57.952000 58.336000 65
58.880000 59.104000 64
59.200000 59.616000 64
59.968000 60.512000 65
60.640000 61.344000 66
61.632000 61.664000 65
61.888000 63.008000 70
63.296000 64.224000 72
64.544000 65.760000 67
65.760000 65.792000 64
65.952000 66.656000 74
66.656000 68.288000 69
68.736000 69.408000 69
69.408000 69.728000 65
70.112000 70.176000 65
70.176000 70.272000 67
70.272000 71.840000 69
71.840000 73.120000 69
73.216000 74.400000 70
74.592000 75.488000 72
75.808000 75.936000 65
75.936000 76.544000 67
76.544000 77.216000 66
77.216000 77.312000 70
77.312000 77.888000 74
77.888000 79.616000 70
80.000000 80.128000 67
80.224000 80.672000 69
80.672000 81.024000 67
81.440000 82.368000 67
82.528000 82.848000 66
82.848000 84.576000 69
84.576000 85.920000 65
107.040000 107.872000 65
108.000000 108.768000 65
108.864000 109.312000 65
109.696000 110.496000 64
110.816000 111.008000 64
111.136000 111.424000 65
111.552000 112.512000 67
112.768000 113.664000 65
113.984000 115.008000 65
115.392000 116.128000 64
116.448000 117.184000 65
117.344000 117.600000 67
117.600000 118.208000 66
118.208000 118.784000 69
118.880000 119.136000 65
119.616000 119.840000 65
120.096000 120.544000 65
121.088000 121.856000 64
122.016000 122.176000 64
122.432000 122.688000 65
122.816000 122.944000 65
122.944000 123.232000 67
123.232000 123.840000 65
123.840000 124.832000 69
125.248000 125.856000 72
125.856000 126.048000 69
126.272000 126.560000 67
126.688000 127.584000 67
127.712000 128.128000 69
128.128000 128.960000 65
129.728000 130.848000 70
131.008000 132.032000 72
132.352000 132.448000 65
132.448000 133.600000 67
133.760000 133.856000 71
133.856000 134.432000 73
134.432000 136.128000 69
136.544000 136.608000 67
136.608000 137.216000 69
137.216000 137.568000 66
137.952000 138.016000 65
138.016000 138.112000 66
138.112000 140.928000 69
141.024000 141.920000 69
142.368000 143.424000 72
143.616000 143.776000 67
143.776000 144.384000 67
144.384000 144.992000 66
144.992000 145.024000 67
145.024000 145.184000 71
145.184000 145.696000 74
145.696000 147.520000 70
147.808000 147.904000 66
147.904000 148.000000 67
148.000000 148.512000 69
148.512000 148.896000 67
149.280000 150.208000 67
150.368000 150.656000 66
150.656000 150.752000 67
150.752000 153.504000 69
153.504000 153.888000 65
153.888000 154.592000 69
154.912000 155.936000 72
155.936000 157.664000 69
157.760000 157.888000 67
157.888000 159.136000 69
159.136000 159.520000 65
159.520000 160.256000 69
160.640000 160.704000 63
160.704000 161.856000 69
161.856000 163.008000 65
163.360000 163.424000 66
163.424000 163.520000 67
163.520000 164.768000 69
164.768000 165.344000 67
165.344000 166.080000 69
166.240000 166.336000 69
166.336000 167.040000 74
167.040000 169.184000 69
169.184000 171.616000 69
171.936000 172.384000 67
172.512000 175.008000 68
177.952000 178.016000 59
178.016000 178.368000 62
178.976000 179.136000 63
179.136000 181.408000 67
181.408000 186.080000 70
186.464000 187.008000 68
187.008000 191.136000 74
191.232000 192.096000 67
197.536000 198.752000 70
198.912000 199.872000 72
200.192000 201.440000 67
201.600000 201.664000 70
201.664000 202.240000 74
202.240000 202.336000 69
202.336000 203.936000 69
204.384000 205.056000 69
205.056000 205.408000 65
205.792000 205.920000 65
205.920000 206.848000 67
206.848000 207.104000 65
207.104000 207.936000 72
207.936000 208.736000 67
208.768000 209.216000 72
209.376000 209.728000 57
209.728000 209.984000 60
209.984000 210.080000 67
210.080000 211.392000 74
211.392000 211.584000 65
211.584000 212.192000 67
212.192000 212.832000 66
212.832000 213.664000 74
213.664000 215.648000 69
215.776000 216.352000 70
216.352000 216.992000 65
217.088000 218.048000 67
218.176000 218.432000 65
218.432000 220.576000 69
220.640000 220.704000 67
220.704000 221.344000 70
221.344000 221.696000 66
221.696000 222.528000 69
222.752000 223.520000 72
223.520000 223.776000 69
223.776000 225.312000 69
225.312000 225.632000 72
225.632000 226.976000 62
226.976000 228.352000 69
228.544000 229.664000 69
229.664000 230.816000 65
231.200000 232.672000 69
232.736000 232.992000 65
232.992000 233.632000 69
234.016000 234.080000 68
234.080000 234.176000 69
234.176000 234.848000 74
234.848000 235.392000 69
235.488000 236.608000 69
236.608000 238.304000 70
238.432000 238.592000 65
238.688000 239.616000 70
239.744000 240.224000 67
240.320000 242.848000 68
