15.616000 15.840000 56
24.768000 24.960000 56
24.960000 25.152000 58
25.152000 25.632000 56
54.432000 54.720000 56
54.880000 54.944000 58
54.944000 54.976000 59
54.976000 55.264000 62
55.264000 55.520000 63
55.616000 55.904000 65
56.000000 56.224000 63
56.384000 56.672000 65
56.768000 57.408000 62
58.688000 59.328000 61
59.456000 59.648000 61
59.648000 60.576000 60
61.728000 62.048000 58
62.144000 62.752000 61
62.944000 63.104000 58
63.104000 63.648000 57
63.648000 63.936000 61
64.064000 64.128000 61
64.128000 65.504000 66
65.632000 65.888000 58
65.888000 66.720000 64
67.232000 67.296000 59
67.296000 67.392000 61
67.392000 67.456000 62
67.456000 67.584000 62
67.584000 69.216000 66
69.504000 69.952000 63
70.976000 72.128000 66
72.128000 72.192000 71
72.192000 72.256000 72
72.256000 72.416000 73
72.544000 72.960000 72
72.960000 73.664000 68
74.048000 74.400000 70
74.752000 75.456000 68
75.648000 75.968000 68
75.968000 76.640000 62
77.216000 77.504000 66
78.432000 78.912000 61
79.104000 79.296000 60
79.296000 80.096000 60
80.288000 81.056000 61
82.880000 83.040000 63
83.040000 83.136000 65
83.296000 83.680000 65
83.680000 83.840000 68
84.032000 84.288000 70
84.448000 84.672000 65
84.832000 85.152000 65
85.248000 85.376000 63
85.952000 86.112000 59
86.112000 86.592000 63
86.752000 87.008000 68
87.104000 87.328000 68
87.328000 87.744000 63
87.904000 88.160000 63
89.024000 89.088000 58
89.088000 89.792000 63
89.792000 89.984000 72
89.984000 90.528000 73
90.528000 91.616000 72
91.776000 92.032000 65
92.160000 92.384000 66
92.512000 93.472000 68
95.136000 95.360000 63
95.360000 95.968000 66
95.968000 96.704000 70
96.704000 96.992000 65
97.152000 97.824000 65
98.208000 98.528000 63
98.688000 98.784000 70
98.784000 99.648000 72
99.648000 100.128000 70
100.128000 101.248000 70
101.440000 101.696000 62
101.792000 102.624000 61
103.904000 104.096000 63
104.096000 105.792000 66
105.792000 106.176000 63
106.688000 106.784000 62
106.784000 107.040000 68
107.168000 107.392000 68
107.392000 107.424000 66
107.424000 108.288000 63
108.288000 109.600000 66
109.856000 109.952000 65
110.304000 110.432000 68
110.432000 110.880000 65
110.976000 111.648000 61
111.808000 112.352000 64
112.352000 112.736000 65
113.280000 113.600000 65
113.696000 114.432000 63
114.848000 114.976000 63
114.976000 115.104000 65
115.232000 115.392000 63
115.392000 115.584000 61
115.584000 115.872000 58
116.320000 116.768000 63
116.768000 116.992000 65
117.152000 118.112000 67
118.208000 118.528000 68
118.528000 118.624000 63
118.752000 119.168000 65
119.168000 119.744000 68
119.744000 120.096000 61
120.096000 120.320000 60
120.320000 121.824000 66
122.208000 122.464000 63
122.528000 122.944000 65
122.944000 123.424000 68
123.680000 123.968000 65
124.096000 124.352000 68
124.480000 125.088000 75
125.216000 125.408000 73
125.408000 125.440000 71
125.440000 127.040000 70
127.840000 128.192000 65
128.320000 128.416000 64
128.416000 128.928000 63
129.152000 130.112000 68
130.976000 131.616000 65
131.936000 132.448000 65
132.448000 132.992000 62
135.360000 135.552000 65
144.128000 144.192000 58
144.192000 144.320000 60
144.320000 144.384000 61
144.384000 144.512000 62
144.512000 145.536000 65
145.536000 146.336000 67
146.432000 146.848000 63
147.904000 148.000000 65
148.000000 148.960000 65
149.056000 149.312000 73
149.472000 149.856000 72
149.856000 150.592000 69
150.976000 151.456000 70
151.712000 152.384000 68
152.544000 152.928000 68
152.928000 153.568000 62
154.080000 154.432000 66
155.232000 155.296000 56
155.296000 155.840000 61
156.032000 156.224000 61
156.224000 157.024000 60
157.216000 158.368000 63
159.744000 159.808000 61
159.808000 160.096000 65
160.192000 160.608000 65
160.608000 161.184000 71
161.376000 161.568000 65
161.760000 162.560000 65
162.848000 163.552000 63
163.680000 164.256000 68
164.256000 164.672000 64
164.800000 165.088000 63
165.280000 165.600000 61
165.888000 166.688000 61
166.688000 166.752000 63
166.752000 167.968000 74
167.968000 168.576000 70
168.704000 169.344000 66
169.440000 171.360000 71
172.160000 172.256000 67
172.352000 172.928000 66
172.928000 173.632000 71
173.632000 173.920000 67
174.048000 174.848000 65
175.168000 175.456000 63
175.616000 177.056000 72
177.152000 177.856000 70
177.856000 178.176000 67
178.304000 178.592000 63
178.688000 179.424000 62
180.640000 180.832000 62
180.832000 181.152000 64
181.152000 182.144000 68
182.144000 183.392000 63
183.616000 183.744000 66
183.744000 184.288000 68
184.288000 184.736000 63
184.832000 184.896000 60
184.896000 186.528000 66
186.784000 186.880000 66
186.976000 187.392000 69
187.392000 187.808000 64
187.904000 187.968000 57
187.968000 188.544000 61
188.704000 188.768000 62
188.768000 189.248000 63
189.248000 189.696000 65
190.240000 191.008000 65
191.008000 191.360000 61
191.648000 192.480000 65
192.480000 192.800000 57
193.248000 193.408000 62
193.408000 193.664000 63
193.664000 193.920000 65
194.080000 194.176000 65
194.176000 195.232000 67
195.232000 195.392000 68
195.392000 196.064000 66
196.064000 196.544000 68
196.544000 196.576000 64
196.576000 197.344000 63
197.344000 198.816000 66
199.104000 199.424000 63
199.424000 199.968000 66
199.968000 200.448000 68
200.608000 200.992000 66
200.992000 201.312000 68
201.408000 202.400000 75
202.400000 204.416000 70
204.736000 205.120000 65
205.216000 205.312000 64
205.312000 205.856000 63
206.016000 207.136000 69
207.776000 207.872000 66
207.872000 208.064000 63
208.064000 208.576000 65
208.736000 212.832000 65
217.472000 217.536000 58
217.536000 217.568000 63
217.568000 217.792000 68
217.952000 218.144000 68
218.144000 218.592000 65
218.688000 218.752000 60
218.752000 219.360000 65
219.456000 220.256000 66
220.640000 220.768000 64
220.768000 220.928000 67
221.088000 221.248000 68
221.248000 221.632000 65
221.888000 222.464000 61
222.592000 222.656000 61
222.656000 223.520000 65
224.064000 224.384000 65
224.480000 225.152000 64
225.568000 225.792000 65
225.920000 226.144000 63
226.144000 226.368000 61
226.368000 226.656000 59
227.072000 227.264000 62
227.264000 227.520000 63
227.520000 227.776000 66
227.904000 228.832000 66
228.928000 229.248000 68
229.248000 229.376000 65
229.472000 229.888000 65
229.888000 230.464000 68
230.624000 230.848000 62
230.976000 231.104000 61
231.104000 232.768000 66
232.960000 233.248000 63
233.248000 234.144000 68
234.368000 234.720000 65
234.848000 235.264000 70
235.264000 235.904000 75
236.000000 236.192000 73
236.192000 238.400000 70
238.720000 238.784000 65
238.784000 238.880000 69
238.880000 239.008000 66
239.232000 239.776000 63
240.000000 241.184000 69
241.664000 242.208000 68
242.208000 242.432000 64
242.624000 242.784000 64
242.784000 243.072000 65
243.072000 243.264000 64
243.904000 244.128000 61
248.032000 248.224000 65
248.416000 248.704000 63
248.800000 248.992000 61
249.280000 249.696000 63
251.168000 251.232000 59
251.232000 251.648000 61
251.648000 251.904000 59
252.480000 253.440000 61
277.728000 277.888000 56
278.016000 278.176000 53
279.328000 279.808000 55
279.968000 280.160000 58
280.160000 280.224000 55
280.544000 280.640000 56
280.640000 280.800000 55
280.992000 281.280000 54
282.656000 282.848000 53
283.680000 284.064000 54
284.160000 284.256000 53
