23.808000 23.936000 66
28.384000 28.928000 64
29.056000 29.664000 65
30.336000 31.712000 69
32.064000 32.320000 69
32.320000 33.056000 70
33.056000 33.728000 67
33.824000 35.200000 64
35.520000 35.872000 64
36.064000 36.352000 60
36.480000 36.960000 60
36.960000 38.560000 69
38.560000 39.936000 69
40.448000 40.768000 69
40.768000 41.728000 68
41.728000 42.656000 69
42.656000 45.216000 68
45.600000 46.144000 64
46.304000 46.944000 65
47.712000 48.288000 70
48.736000 48.768000 68
49.056000 49.152000 68
49.376000 49.440000 67
49.440000 51.008000 69
51.104000 52.416000 64
52.672000 53.152000 64
53.312000 53.600000 60
53.728000 54.240000 61
54.240000 55.840000 69
55.840000 57.184000 69
57.536000 64.032000 71
64.224000 64.768000 67
64.768000 66.176000 69
66.176000 68.160000 72
68.576000 68.768000 63
68.768000 69.824000 64
69.824000 71.680000 69
71.936000 72.288000 64
72.384000 73.856000 65
73.856000 75.648000 64
75.744000 78.560000 69
79.584000 80.064000 67
80.064000 81.696000 71
81.696000 83.264000 72
83.872000 85.952000 68
85.952000 87.104000 69
87.232000 87.616000 64
87.744000 89.120000 65
89.120000 90.368000 69
90.656000 94.592000 69
95.488000 96.000000 64
96.128000 96.800000 65
97.472000 98.016000 71
98.560000 98.816000 68
99.136000 99.584000 69
99.680000 100.160000 69
100.160000 100.832000 68
100.928000 101.056000 62
101.152000 102.144000 64
102.400000 102.976000 64
103.104000 103.424000 61
103.552000 104.000000 61
104.000000 105.344000 64
105.376000 107.008000 69
107.328000 113.760000 71
147.136000 148.544000 70
148.544000 150.400000 72
150.976000 152.288000 65
152.288000 154.080000 69
154.272000 157.376000 65
157.376000 157.920000 60
158.080000 161.120000 69
161.952000 162.368000 67
162.368000 162.560000 68
162.560000 165.824000 72
166.304000 167.680000 66
167.680000 169.408000 69
169.600000 170.144000 65
170.144000 171.488000 65
171.488000 172.736000 69
172.960000 176.928000 69
178.464000 179.040000 65
179.168000 179.264000 78
179.840000 180.256000 69
180.512000 180.928000 56
181.504000 183.136000 69
183.264000 184.768000 64
184.896000 185.056000 64
185.056000 185.280000 62
185.888000 186.368000 60
186.368000 187.712000 64
187.712000 188.128000 69
188.224000 189.280000 67
189.696000 196.064000 71
196.928000 197.408000 64
197.600000 197.952000 65
199.008000 199.296000 69
199.296000 199.584000 71
199.744000 199.808000 68
199.872000 199.904000 68
199.936000 200.288000 69
200.608000 200.768000 67
200.928000 200.960000 69
201.120000 201.984000 69
202.144000 202.624000 71
202.688000 203.072000 69
203.104000 203.136000 69
203.200000 203.264000 69
203.296000 203.360000 69
203.424000 203.616000 69
203.776000 206.080000 69
206.208000 206.496000 69
213.856000 214.016000 59
