3.776000 3.936000 56
3.936000 4.160000 54
5.344000 5.984000 55
23.904000 24.832000 74
25.216000 25.312000 75
25.312000 25.504000 74
31.904000 32.000000 61
32.576000 33.760000 67
37.184000 37.344000 55
37.344000 37.632000 57
37.632000 38.432000 60
38.560000 38.752000 55
38.848000 39.168000 55
39.488000 39.808000 52
40.000000 40.448000 51
41.280000 41.888000 52
44.384000 44.672000 57
44.800000 45.536000 60
45.664000 46.208000 56
47.072000 47.840000 65
47.968000 50.176000 64
50.624000 50.752000 67
50.752000 50.976000 69
51.104000 51.424000 64
51.520000 51.904000 62
52.000000 52.096000 60
52.288000 52.768000 60
52.768000 53.216000 62
54.176000 54.304000 65
54.304000 54.560000 67
54.656000 54.976000 64
55.136000 55.776000 62
56.032000 57.344000 64
57.920000 58.272000 58
58.272000 58.720000 59
58.720000 60.128000 62
61.152000 61.280000 60
61.440000 61.728000 67
61.824000 62.208000 65
62.208000 62.624000 67
62.720000 63.616000 64
65.824000 65.952000 55
65.952000 66.240000 57
66.240000 66.496000 60
66.496000 67.328000 58
67.456000 68.000000 55
68.128000 68.480000 52
68.736000 68.864000 53
69.856000 70.976000 53
72.992000 73.024000 57
73.120000 73.376000 57
73.472000 73.664000 60
73.824000 74.144000 59
74.144000 74.528000 56
74.720000 74.880000 55
74.880000 75.168000 54
75.680000 75.744000 61
75.744000 77.376000 65
77.376000 78.912000 64
79.296000 79.424000 67
79.424000 79.680000 69
79.680000 80.512000 64
80.672000 80.800000 60
80.928000 81.440000 60
81.440000 81.984000 62
82.848000 82.976000 65
82.976000 83.232000 67
83.232000 83.744000 65
83.744000 84.544000 63
84.672000 84.832000 60
84.832000 86.048000 64
86.560000 86.816000 57
86.944000 87.680000 60
87.808000 88.960000 62
89.728000 89.952000 60
90.048000 90.176000 65
90.176000 90.432000 67
90.432000 90.656000 65
90.752000 91.296000 67
91.392000 91.584000 69
91.584000 92.320000 65
92.736000 92.832000 57
92.832000 93.216000 61
93.216000 93.984000 64
94.112000 94.272000 62
94.368000 95.776000 64
95.872000 96.448000 64
96.736000 97.376000 72
97.376000 97.568000 65
97.664000 97.856000 64
97.952000 98.368000 64
98.368000 99.712000 62
100.480000 101.120000 67
101.248000 101.984000 60
102.304000 103.200000 71
103.360000 103.680000 67
103.680000 104.224000 62
104.352000 105.856000 67
105.952000 106.944000 65
107.680000 108.032000 67
108.032000 108.352000 69
108.352000 109.024000 75
109.024000 109.536000 70
109.536000 110.592000 74
111.296000 111.392000 64
111.520000 111.648000 65
111.648000 111.936000 67
111.936000 112.640000 74
112.640000 113.216000 70
113.216000 115.168000 72
116.704000 117.248000 65
117.376000 117.984000 65
118.304000 118.592000 67
118.720000 119.136000 60
119.648000 120.448000 60
120.640000 121.408000 60
128.448000 128.704000 56
128.704000 128.960000 57
128.960000 129.184000 60
129.184000 129.664000 59
129.664000 130.240000 56
130.368000 130.752000 55
130.976000 131.168000 52
132.640000 133.504000 52
135.104000 135.200000 55
135.712000 135.808000 55
135.808000 136.064000 57
136.160000 136.320000 60
136.480000 136.832000 59
136.832000 137.184000 56
137.344000 137.696000 56
137.696000 137.856000 58
138.176000 138.304000 65
138.400000 138.464000 63
138.464000 139.936000 65
139.936000 141.568000 64
141.984000 142.336000 69
142.432000 143.008000 64
143.008000 143.200000 61
143.328000 144.160000 60
144.160000 144.960000 62
145.536000 145.632000 65
145.632000 145.920000 67
145.920000 146.496000 64
146.496000 147.232000 62
147.360000 147.488000 60
147.488000 148.736000 64
149.280000 149.504000 57
149.632000 150.336000 60
150.496000 151.776000 62
152.128000 152.224000 61
152.448000 152.704000 60
152.704000 152.832000 65
152.832000 153.344000 67
153.440000 153.984000 67
154.048000 154.240000 69
154.240000 155.040000 67
155.552000 155.840000 60
155.840000 156.640000 64
156.768000 156.896000 62
157.056000 158.432000 64
158.560000 159.072000 64
159.424000 160.064000 72
160.064000 160.512000 68
160.640000 161.632000 64
161.632000 162.400000 61
163.168000 163.808000 67
163.936000 164.448000 60
164.992000 165.088000 67
165.088000 165.888000 71
166.016000 166.304000 67
166.304000 166.880000 63
167.008000 168.128000 65
168.224000 168.512000 67
168.640000 169.792000 64
170.400000 170.752000 68
170.752000 171.072000 69
171.072000 171.744000 75
171.744000 172.224000 70
172.224000 173.376000 74
173.984000 174.112000 64
174.240000 174.336000 65
174.336000 174.656000 67
174.656000 175.264000 74
175.264000 175.968000 71
175.968000 176.992000 72
177.600000 178.112000 65
178.240000 179.040000 65
179.136000 179.456000 67
179.552000 180.096000 60
180.512000 181.376000 60
181.472000 182.720000 62
182.720000 186.784000 67
190.720000 190.880000 62
196.704000 196.768000 57
196.768000 196.992000 60
197.120000 197.888000 64
198.048000 198.816000 64
198.944000 199.072000 62
199.232000 200.608000 69
200.608000 201.312000 72
201.312000 202.656000 65
202.784000 203.488000 62
204.448000 205.024000 67
205.152000 205.600000 60
206.208000 206.816000 69
206.944000 207.200000 71
207.200000 207.712000 67
207.936000 208.160000 62
208.256000 209.280000 65
209.472000 210.944000 67
211.488000 211.584000 65
211.584000 211.872000 67
211.872000 212.320000 74
212.320000 212.896000 75
213.056000 213.312000 69
213.408000 214.496000 74
214.592000 214.848000 74
215.168000 215.488000 65
215.488000 215.808000 68
215.808000 216.512000 74
216.512000 216.640000 68
216.736000 219.552000 74
222.464000 222.560000 64
222.752000 223.744000 65
224.320000 224.640000 67
224.896000 225.856000 60
229.824000 230.144000 59
230.528000 230.880000 59
238.432000 238.720000 54
238.816000 238.976000 52
239.040000 239.296000 53
