4.256000 4.480000 60
4.512000 4.768000 59
5.120000 6.432000 59
7.904000 8.256000 71
8.640000 9.024000 57
9.152000 9.952000 59
16.736000 16.864000 64
18.848000 19.168000 62
19.520000 19.776000 62
20.416000 21.376000 68
21.376000 23.200000 67
23.808000 23.936000 68
24.224000 24.864000 68
25.536000 26.016000 64
26.432000 26.720000 62
27.264000 27.328000 64
27.328000 28.256000 69
28.352000 30.112000 67
30.272000 30.400000 66
30.656000 30.816000 70
31.072000 31.616000 70
31.968000 32.128000 66
32.128000 33.568000 68
33.568000 34.816000 71
34.912000 35.136000 69
35.136000 35.520000 68
35.520000 36.096000 66
36.288000 36.512000 61
36.640000 37.664000 64
38.016000 38.208000 64
38.304000 38.528000 67
38.528000 39.648000 71
39.648000 40.032000 67
40.224000 40.480000 64
40.640000 40.960000 62
41.120000 41.280000 62
41.280000 41.568000 64
41.728000 43.232000 67
45.536000 45.664000 64
45.888000 46.176000 65
46.176000 46.304000 67
46.432000 46.592000 64
46.816000 47.168000 67
47.712000 47.872000 62
47.872000 48.256000 65
48.256000 48.640000 69
48.736000 50.240000 71
50.464000 51.328000 67
52.384000 52.512000 65
52.512000 52.672000 66
52.800000 53.376000 67
53.376000 54.112000 71
54.240000 54.336000 67
54.496000 54.848000 67
55.936000 56.224000 66
56.352000 56.736000 67
56.736000 56.928000 71
57.024000 57.440000 69
57.568000 58.080000 70
58.080000 58.560000 71
58.880000 59.232000 70
59.360000 59.520000 69
59.584000 59.904000 71
60.000000 60.224000 69
60.576000 60.640000 67
60.640000 60.768000 68
60.928000 60.992000 69
61.216000 61.312000 69
62.272000 62.368000 62
62.528000 62.848000 67
63.456000 63.520000 68
63.744000 64.256000 69
65.568000 66.112000 71
66.240000 67.712000 71
68.992000 69.504000 71
69.696000 70.816000 71
72.384000 72.896000 70
73.024000 73.184000 67
73.184000 73.472000 64
73.632000 74.112000 70
74.240000 74.368000 67
74.464000 74.848000 66
74.848000 75.264000 71
75.264000 76.896000 67
76.992000 77.600000 59
79.456000 79.648000 59
79.936000 80.160000 57
80.352000 80.736000 64
80.864000 80.992000 63
82.528000 82.944000 67
83.040000 83.168000 67
90.528000 91.392000 59
92.864000 92.896000 59
93.184000 93.216000 58
93.472000 93.760000 57
94.048000 94.144000 62
103.168000 103.264000 61
103.360000 103.680000 64
103.840000 103.936000 62
104.480000 104.704000 62
105.344000 106.272000 68
106.368000 108.096000 66
108.288000 108.544000 70
108.704000 108.832000 71
109.152000 109.600000 71
110.400000 110.880000 64
111.264000 111.456000 62
112.128000 112.192000 65
112.192000 113.056000 68
113.056000 115.008000 67
115.104000 115.232000 65
115.488000 115.648000 71
115.968000 116.448000 71
116.832000 117.696000 67
118.048000 119.584000 71
119.712000 119.904000 69
119.904000 120.448000 68
120.448000 120.864000 64
121.056000 121.184000 59
121.472000 122.496000 64
122.816000 123.072000 65
123.072000 123.360000 69
123.360000 124.832000 71
125.024000 125.312000 64
125.440000 125.728000 62
125.888000 126.112000 62
126.112000 126.336000 64
126.496000 127.808000 67
130.304000 130.400000 63
130.528000 130.624000 67
130.720000 130.912000 65
130.912000 131.008000 67
131.168000 131.328000 64
131.584000 131.936000 68
132.448000 132.608000 62
132.608000 133.024000 64
133.024000 134.976000 71
135.168000 135.680000 67
135.776000 136.032000 64
137.056000 137.152000 64
137.280000 137.376000 65
137.504000 138.080000 67
138.080000 138.816000 71
138.976000 139.072000 67
139.200000 139.552000 67
140.672000 140.960000 66
141.088000 141.376000 66
141.472000 141.664000 70
141.664000 142.176000 69
142.304000 143.328000 71
143.584000 143.648000 65
143.648000 144.160000 69
144.288000 144.576000 70
144.736000 144.960000 69
145.408000 145.824000 69
145.856000 146.176000 70
146.368000 146.592000 57
147.040000 147.136000 66
147.264000 147.616000 67
148.384000 148.608000 68
150.368000 150.880000 71
151.040000 151.456000 69
151.584000 152.480000 71
153.792000 154.240000 71
154.464000 155.360000 71
157.120000 157.664000 71
157.760000 157.920000 67
157.920000 158.208000 65
158.400000 158.880000 71
159.008000 159.136000 67
159.232000 159.584000 65
159.584000 160.224000 71
160.224000 161.664000 67
164.032000 164.128000 65
164.448000 164.640000 64
164.640000 164.736000 67
164.864000 164.992000 64
165.280000 165.472000 67
166.144000 166.432000 63
166.432000 166.784000 65
166.784000 167.104000 68
167.200000 168.704000 71
168.896000 169.760000 67
170.816000 170.912000 63
171.008000 171.136000 66
171.232000 171.808000 67
171.808000 172.544000 70
172.672000 172.800000 67
172.896000 173.216000 67
174.400000 174.656000 66
174.784000 174.880000 66
174.976000 175.168000 67
175.168000 175.360000 70
175.360000 175.872000 69
176.000000 176.960000 71
177.248000 177.824000 72
177.952000 178.304000 71
178.432000 178.656000 69
179.360000 179.488000 69
179.712000 179.904000 71
180.096000 180.288000 57
180.928000 181.248000 67
181.472000 181.568000 64
182.208000 182.400000 57
183.872000 184.448000 71
184.576000 184.896000 69
185.088000 186.208000 59
187.328000 187.840000 71
188.000000 189.120000 71
189.216000 189.344000 71
190.720000 191.264000 71
191.360000 191.552000 67
191.552000 191.808000 65
191.968000 192.448000 71
192.576000 192.768000 67
192.768000 193.120000 65
193.120000 193.184000 67
193.184000 193.376000 71
193.376000 193.888000 70
194.048000 194.752000 67
194.880000 195.200000 67
195.328000 196.064000 59
197.792000 197.888000 59
198.528000 198.720000 57
199.136000 199.648000 59
200.896000 201.376000 71
201.504000 201.664000 67
201.664000 201.984000 66
202.112000 202.592000 70
202.720000 206.080000 71
