50.944000 51.680000 60
51.808000 52.128000 58
52.480000 52.736000 55
52.736000 54.176000 58
54.720000 55.712000 60
56.096000 56.320000 55
56.320000 57.664000 58
58.240000 58.368000 57
58.368000 58.432000 58
58.432000 58.720000 62
58.720000 59.360000 62
59.360000 59.776000 58
60.480000 60.544000 54
60.544000 62.112000 58
62.112000 63.712000 53
65.280000 65.920000 60
66.144000 66.496000 58
66.848000 67.040000 54
67.040000 68.352000 58
68.768000 69.024000 60
69.024000 70.528000 65
70.528000 71.808000 61
72.000000 72.672000 62
72.672000 73.664000 60
74.912000 75.200000 57
75.296000 77.376000 60
77.920000 78.752000 58
78.912000 79.296000 58
79.296000 79.488000 55
79.584000 79.936000 58
79.936000 81.152000 65
81.568000 83.488000 58
83.584000 84.288000 62
84.288000 85.248000 60
85.792000 85.856000 57
85.856000 86.016000 60
86.016000 86.848000 63
87.008000 87.296000 63
87.392000 88.128000 63
88.256000 88.640000 65
88.768000 90.144000 63
90.144000 91.456000 60
92.128000 93.408000 65
93.504000 94.272000 60
94.272000 95.808000 62
95.904000 96.992000 65
97.152000 97.728000 57
97.920000 99.488000 60
100.384000 100.608000 55
100.608000 101.376000 58
101.472000 101.536000 61
101.536000 102.368000 66
102.368000 105.792000 62
105.792000 106.304000 62
106.656000 107.744000 65
107.744000 108.128000 59
108.256000 108.544000 58
108.672000 109.856000 61
110.048000 110.400000 57
110.400000 110.688000 58
110.688000 111.040000 61
111.040000 112.288000 69
112.288000 112.608000 61
112.736000 114.208000 61
114.624000 114.848000 55
114.848000 115.040000 55
115.040000 115.872000 62
115.872000 116.160000 63
116.288000 116.736000 62
116.928000 117.152000 61
117.152000 117.632000 58
118.048000 118.624000 58
118.624000 120.416000 62
121.024000 124.704000 59
129.728000 130.496000 60
130.592000 130.816000 58
131.264000 131.520000 55
131.520000 132.864000 58
133.248000 133.504000 60
133.504000 134.112000 65
134.208000 135.040000 65
135.040000 136.288000 60
136.448000 137.088000 62
137.088000 138.304000 60
139.328000 139.680000 57
139.808000 141.856000 60
142.304000 143.200000 58
143.360000 143.456000 56
143.456000 143.936000 58
144.064000 144.480000 59
144.480000 145.664000 67
146.080000 146.816000 58
146.912000 147.968000 58
148.096000 148.736000 62
148.736000 150.080000 61
150.272000 150.400000 58
150.400000 151.776000 65
151.872000 152.640000 63
152.736000 153.088000 65
153.216000 154.784000 63
154.784000 156.160000 61
182.528000 182.592000 62
182.592000 183.264000 66
183.264000 184.960000 63
185.280000 185.376000 62
185.472000 186.720000 66
186.912000 187.360000 59
187.488000 188.544000 62
188.864000 189.056000 64
189.056000 190.304000 66
190.304000 190.880000 58
191.072000 192.512000 61
193.280000 193.696000 56
193.696000 193.920000 56
193.920000 194.592000 60
194.592000 195.488000 67
195.488000 196.800000 62
196.896000 197.120000 60
197.120000 198.272000 63
198.368000 199.456000 64
199.744000 200.992000 67
201.120000 201.216000 61
201.376000 201.696000 59
201.792000 202.944000 62
203.296000 203.744000 59
203.840000 204.160000 62
204.160000 204.192000 63
204.192000 204.224000 65
204.224000 204.384000 69
204.384000 204.608000 70
204.608000 205.376000 67
205.376000 205.728000 62
205.856000 207.360000 62
207.744000 207.904000 54
207.904000 208.224000 57
208.224000 208.480000 58
208.480000 208.928000 59
208.928000 209.312000 64
209.440000 209.952000 62
210.112000 210.880000 62
211.136000 211.360000 54
211.360000 211.808000 57
211.808000 214.752000 62
215.392000 215.776000 62
215.872000 216.832000 63
216.992000 218.400000 63
219.040000 219.360000 63
219.488000 220.480000 63
220.608000 222.240000 66
222.560000 224.064000 63
224.192000 224.576000 67
224.576000 225.568000 69
225.568000 229.472000 64
236.032000 239.040000 67
239.040000 243.200000 60
246.176000 246.368000 59
246.368000 247.136000 66
247.232000 247.488000 66
247.488000 247.552000 65
247.552000 247.584000 63
247.584000 249.440000 63
249.728000 249.888000 61
249.888000 251.200000 66
251.200000 251.744000 60
251.936000 253.344000 61
254.240000 254.528000 55
254.528000 254.816000 56
254.816000 255.424000 59
255.520000 256.416000 67
256.416000 257.248000 62
257.248000 257.728000 60
257.824000 257.952000 59
257.952000 258.272000 62
258.272000 259.008000 66
259.168000 260.384000 63
260.480000 260.704000 63
260.704000 261.984000 68
262.272000 262.592000 59
262.688000 263.904000 63
264.064000 264.608000 59
264.704000 264.832000 61
264.832000 264.896000 64
264.896000 265.984000 71
265.984000 266.592000 63
266.752000 266.976000 62
267.200000 268.320000 72
268.960000 269.088000 56
269.088000 269.184000 57
269.184000 269.888000 63
269.888000 270.240000 64
270.400000 270.816000 62
271.008000 271.712000 62
272.128000 272.672000 55
272.672000 274.240000 63
275.296000 280.320000 61
280.832000 281.440000 62
281.440000 282.400000 64
282.400000 282.944000 61
282.944000 286.176000 60
286.176000 287.296000 65
288.096000 288.416000 61
