29.568000 29.632000 51
29.632000 29.984000 55
30.080000 30.592000 57
31.456000 31.808000 57
31.936000 32.288000 57
32.416000 32.672000 55
32.832000 33.152000 54
33.632000 33.760000 53
34.688000 35.072000 59
35.200000 36.032000 57
37.056000 37.440000 55
37.440000 39.232000 62
39.328000 40.512000 62
40.672000 43.008000 64
44.480000 44.800000 62
44.896000 45.632000 62
45.920000 46.304000 57
46.304000 46.560000 54
46.688000 47.168000 55
48.480000 49.312000 60
49.568000 49.856000 55
50.016000 50.688000 54
51.808000 51.968000 55
52.096000 53.600000 58
53.696000 54.016000 57
54.144000 55.104000 55
55.520000 55.776000 50
56.000000 57.632000 57
59.200000 59.680000 55
59.872000 60.480000 57
61.024000 61.408000 57
61.504000 62.304000 57
62.496000 63.648000 54
64.256000 64.640000 59
64.736000 65.376000 57
66.624000 66.912000 54
67.072000 72.352000 64
74.016000 75.296000 62
75.456000 75.808000 57
75.904000 76.160000 53
76.352000 76.832000 55
78.176000 79.040000 60
79.168000 79.456000 55
79.648000 79.872000 52
80.000000 80.512000 53
81.376000 81.600000 56
81.600000 83.616000 58
83.616000 85.056000 55
85.184000 85.504000 50
85.600000 87.840000 57
90.272000 91.136000 57
91.232000 92.512000 64
92.608000 93.408000 66
93.472000 93.536000 65
97.792000 98.176000 57
98.304000 98.624000 57
98.752000 98.880000 62
98.880000 99.136000 64
99.232000 99.552000 64
99.648000 100.480000 64
100.608000 101.632000 66
101.632000 103.168000 63
104.352000 104.512000 59
104.512000 104.576000 60
104.576000 104.800000 62
104.800000 106.464000 66
106.464000 107.488000 64
108.160000 108.640000 60
108.640000 108.736000 67
108.736000 109.504000 69
109.504000 111.104000 64
111.840000 112.096000 65
112.096000 112.256000 66
112.384000 113.216000 67
113.216000 113.920000 65
114.080000 114.560000 59
115.136000 115.328000 62
115.488000 118.944000 66
120.352000 121.248000 59
121.248000 122.560000 64
122.656000 123.552000 66
123.872000 124.704000 58
127.808000 127.936000 55
127.936000 128.192000 57
128.320000 128.608000 57
128.768000 130.176000 64
130.272000 131.520000 66
131.520000 133.088000 63
134.368000 134.592000 60
134.592000 134.784000 62
134.912000 135.136000 66
135.136000 136.192000 66
136.192000 137.216000 65
138.176000 138.592000 57
138.688000 138.752000 67
138.752000 139.552000 69
139.552000 140.992000 66
141.920000 142.304000 66
142.400000 143.264000 67
143.264000 143.680000 65
143.680000 144.768000 62
145.280000 145.504000 62
145.664000 148.224000 64
149.312000 149.440000 69
178.368000 179.424000 57
179.552000 180.128000 55
180.256000 180.832000 57
181.504000 181.792000 57
181.888000 182.272000 57
182.272000 182.688000 56
182.848000 184.096000 54
184.640000 185.024000 59
185.152000 186.080000 57
186.944000 187.296000 55
187.424000 192.384000 64
194.368000 195.648000 62
195.840000 196.160000 57
196.256000 196.480000 53
196.640000 197.248000 55
198.528000 199.136000 60
199.776000 200.032000 55
200.224000 200.416000 53
200.576000 200.992000 53
201.760000 201.920000 55
201.920000 203.968000 58
203.968000 205.440000 55
205.536000 205.952000 51
205.952000 208.384000 57
210.624000 211.584000 57
211.584000 212.864000 64
212.960000 213.760000 66
213.984000 214.112000 58
214.208000 215.392000 57
218.016000 218.880000 58
218.976000 219.808000 64
219.936000 220.896000 64
221.056000 221.824000 66
221.824000 224.288000 64
224.480000 224.704000 59
224.704000 226.272000 66
226.368000 227.520000 64
228.256000 228.672000 59
228.672000 229.568000 69
229.568000 231.072000 64
231.840000 231.904000 62
231.904000 232.320000 66
232.416000 233.312000 67
233.312000 233.664000 65
233.664000 234.848000 62
235.104000 235.296000 62
235.424000 239.264000 66
240.160000 240.576000 57
240.672000 241.120000 58
241.120000 242.432000 64
242.560000 242.912000 65
242.912000 243.328000 66
243.744000 244.448000 57
247.584000 248.416000 57
248.544000 249.920000 64
250.048000 251.584000 67
251.584000 253.120000 62
254.016000 254.240000 59
254.240000 254.464000 62
254.592000 254.752000 65
254.752000 256.320000 66
256.416000 256.960000 64
257.728000 258.176000 57
258.272000 259.104000 69
259.104000 260.704000 64
261.504000 261.856000 66
261.984000 262.816000 67
262.816000 263.200000 65
263.200000 264.320000 62
264.992000 265.312000 62
265.440000 270.688000 64
