17.664000 20.352000 67
20.480000 20.800000 64
20.800000 21.440000 63
21.440000 22.752000 60
23.104000 23.968000 59
24.160000 27.680000 65
28.352000 28.416000 58
28.416000 28.480000 60
28.480000 28.736000 62
28.736000 29.120000 65
29.120000 29.696000 67
29.696000 31.104000 70
31.104000 32.000000 67
32.160000 33.472000 59
33.824000 34.048000 57
34.176000 35.360000 59
35.456000 36.256000 66
36.256000 37.856000 62
39.136000 39.200000 67
39.200000 40.064000 70
40.064000 41.056000 74
41.216000 41.440000 66
41.536000 44.160000 69
44.480000 44.544000 63
44.544000 45.536000 69
45.536000 46.784000 74
46.880000 47.776000 67
47.936000 48.704000 69
48.704000 49.600000 65
49.920000 50.752000 67
50.752000 51.584000 64
51.584000 52.288000 61
52.288000 52.864000 63
52.960000 53.632000 60
53.792000 53.952000 55
53.952000 54.656000 59
55.296000 55.904000 62
55.904000 56.352000 65
56.352000 56.672000 67
56.672000 58.144000 71
58.144000 59.904000 71
60.128000 61.440000 70
61.568000 62.496000 66
62.496000 65.408000 63
76.672000 79.136000 67
79.584000 79.872000 64
79.872000 80.544000 63
80.544000 81.856000 60
82.144000 82.912000 58
82.912000 83.232000 60
83.232000 86.592000 66
87.552000 87.616000 61
87.616000 87.936000 62
87.936000 88.288000 65
88.288000 88.736000 67
88.736000 90.496000 70
90.624000 90.976000 66
90.976000 92.736000 62
92.960000 93.184000 57
93.280000 93.792000 60
93.984000 94.464000 58
94.752000 95.232000 66
95.232000 96.640000 62
96.736000 96.832000 62
98.176000 98.240000 62
98.240000 99.200000 71
99.296000 99.424000 71
99.424000 99.872000 74
99.872000 100.128000 72
100.288000 103.264000 69
103.584000 104.768000 74
104.768000 104.960000 74
104.960000 105.920000 74
105.920000 106.848000 70
107.040000 107.136000 67
107.136000 107.264000 69
107.456000 108.000000 64
108.096000 108.608000 64
109.024000 109.696000 68
109.696000 109.952000 65
109.952000 110.656000 62
110.656000 111.904000 62
112.000000 112.672000 60
112.800000 112.960000 55
112.960000 113.632000 59
113.792000 113.920000 57
114.304000 114.976000 62
114.976000 115.328000 64
115.328000 115.680000 66
115.680000 117.248000 71
117.248000 118.944000 71
119.104000 120.416000 70
120.544000 121.408000 66
121.408000 124.032000 62
124.128000 124.224000 62
141.248000 143.968000 67
144.128000 144.192000 65
144.192000 144.448000 65
144.448000 145.504000 64
145.504000 146.368000 60
146.816000 147.552000 58
147.552000 147.808000 59
147.808000 151.232000 66
151.328000 151.488000 65
152.224000 152.896000 65
152.896000 153.600000 67
153.600000 154.912000 70
154.912000 155.648000 66
155.648000 157.248000 62
157.728000 158.528000 59
158.688000 159.296000 60
159.296000 161.888000 64
162.944000 163.008000 63
163.008000 163.872000 71
164.000000 164.160000 71
164.160000 164.640000 74
164.640000 164.960000 72
165.056000 165.280000 66
165.376000 168.064000 70
168.096000 169.248000 71
169.440000 169.504000 72
169.504000 169.984000 75
169.984000 170.720000 72
170.816000 172.736000 68
172.736000 173.312000 64
173.824000 174.624000 67
174.624000 175.424000 66
175.584000 175.680000 61
175.680000 176.256000 62
176.256000 176.736000 63
176.928000 177.024000 62
177.024000 177.184000 60
177.184000 177.248000 59
177.248000 178.656000 59
179.200000 179.872000 62
179.872000 180.224000 65
180.224000 180.992000 70
181.248000 181.568000 66
181.568000 183.968000 71
184.096000 185.248000 70
185.248000 185.664000 67
185.664000 186.336000 67
186.336000 188.864000 64
189.440000 190.592000 70
190.592000 191.424000 68
191.520000 191.648000 64
191.936000 192.576000 60
193.280000 193.376000 61
194.944000 195.296000 69
