3.008000 3.072000 51
3.072000 3.392000 54
3.520000 5.312000 62
6.400000 6.528000 62
6.528000 6.944000 65
6.944000 7.168000 62
7.232000 7.616000 67
7.744000 7.872000 65
8.096000 8.992000 64
10.624000 10.912000 61
11.136000 11.360000 58
11.456000 11.616000 60
11.840000 11.968000 62
12.160000 12.992000 61
14.272000 14.400000 55
14.400000 14.816000 57
14.816000 15.040000 54
15.168000 15.232000 53
15.232000 15.264000 55
15.264000 15.520000 60
15.648000 16.928000 62
18.272000 18.336000 50
18.336000 18.656000 54
18.784000 20.832000 62
21.888000 22.048000 62
22.048000 22.624000 65
22.784000 23.104000 67
23.232000 23.520000 65
23.520000 24.256000 63
25.056000 25.216000 61
25.344000 25.440000 62
25.536000 25.696000 60
25.856000 27.392000 61
28.576000 29.152000 57
29.248000 29.504000 55
29.504000 29.824000 60
29.920000 31.200000 62
32.448000 32.512000 51
32.512000 32.832000 54
32.960000 34.624000 62
35.584000 35.776000 63
35.776000 36.128000 65
36.224000 36.448000 62
36.608000 37.152000 67
37.344000 37.472000 65
37.472000 38.176000 63
39.264000 39.776000 62
39.904000 40.352000 58
40.352000 40.704000 62
40.928000 41.536000 60
42.624000 42.752000 55
42.752000 42.912000 55
42.912000 43.488000 58
43.648000 44.288000 62
44.448000 45.280000 61
46.528000 46.592000 52
46.592000 46.848000 55
47.008000 48.736000 62
49.664000 49.792000 62
49.792000 50.560000 65
50.560000 51.168000 67
51.328000 51.520000 65
51.520000 52.160000 62
53.376000 53.760000 62
53.856000 53.984000 59
53.984000 54.432000 59
54.432000 54.528000 59
54.720000 55.840000 62
56.768000 56.992000 55
56.992000 57.408000 58
57.408000 57.696000 55
57.696000 58.720000 60
58.848000 60.224000 59
61.184000 61.824000 67
61.920000 62.240000 67
62.336000 63.360000 67
63.456000 63.744000 67
64.224000 64.288000 60
64.288000 64.480000 66
64.672000 64.768000 67
64.768000 64.992000 62
65.088000 65.280000 65
65.408000 67.840000 67
68.256000 68.416000 67
68.512000 69.056000 67
69.152000 69.280000 67
69.376000 70.528000 67
71.392000 71.616000 67
71.872000 72.032000 67
72.032000 76.896000 69
77.504000 78.752000 67
78.944000 80.416000 65
80.576000 81.696000 62
83.104000 83.680000 60
84.000000 85.280000 62
86.368000 91.360000 65
93.024000 93.088000 51
93.088000 93.376000 55
93.504000 95.168000 62
96.000000 96.064000 62
96.064000 96.480000 66
96.480000 96.672000 63
96.832000 97.152000 67
97.312000 97.472000 65
97.664000 97.760000 65
97.760000 98.496000 62
99.552000 99.616000 61
99.776000 100.064000 62
100.288000 100.704000 60
101.152000 101.888000 60
103.232000 103.424000 56
103.424000 103.552000 58
103.680000 103.808000 58
103.808000 104.032000 55
104.128000 104.256000 58
104.256000 104.416000 60
104.576000 105.824000 62
106.912000 107.136000 53
107.136000 107.264000 54
107.392000 109.088000 62
110.016000 110.208000 64
110.208000 110.336000 65
110.336000 110.912000 65
110.912000 111.456000 67
111.648000 111.808000 65
111.808000 112.672000 63
113.664000 113.760000 60
113.856000 113.984000 62
114.080000 114.208000 60
114.208000 114.656000 59
114.656000 114.784000 59
114.976000 116.064000 62
117.216000 117.376000 55
117.472000 117.856000 58
117.856000 118.080000 56
118.176000 118.240000 55
118.240000 118.816000 58
118.816000 119.264000 60
119.424000 122.240000 59
140.224000 140.352000 67
153.280000 155.424000 67
155.520000 156.032000 68
156.128000 156.224000 67
156.416000 156.544000 66
156.736000 157.056000 63
157.152000 157.344000 65
157.472000 159.968000 67
160.320000 161.088000 67
161.216000 161.344000 66
161.440000 162.400000 67
162.432000 162.496000 67
162.528000 162.752000 67
163.552000 163.648000 67
163.840000 164.032000 67
164.032000 164.288000 62
164.288000 168.608000 70
169.376000 170.720000 67
170.944000 171.392000 64
171.392000 172.096000 65
172.224000 172.416000 62
172.608000 173.760000 62
174.976000 175.552000 60
175.872000 177.216000 62
177.504000 177.664000 56
177.664000 177.792000 58
178.144000 180.768000 65
181.184000 181.312000 63
181.312000 184.352000 67
184.512000 184.672000 52
184.672000 184.832000 55
185.088000 186.880000 62
188.000000 188.064000 62
188.064000 188.576000 65
188.576000 188.736000 62
189.056000 189.184000 66
189.344000 189.440000 65
189.664000 190.272000 62
191.616000 191.744000 60
191.872000 192.160000 62
192.288000 192.608000 59
192.608000 192.800000 60
193.056000 193.248000 62
193.440000 194.208000 60
195.264000 195.456000 56
195.456000 195.552000 57
195.680000 195.808000 57
195.808000 196.032000 56
196.160000 196.448000 60
196.672000 197.920000 62
198.944000 199.296000 54
199.456000 201.248000 62
201.472000 201.856000 67
201.856000 201.920000 61
201.920000 201.952000 52
202.560000 202.624000 65
202.624000 202.880000 67
203.200000 204.288000 67
204.288000 205.216000 63
205.856000 206.112000 62
206.112000 206.880000 60
207.040000 207.232000 62
207.392000 208.032000 60
208.800000 208.864000 60
208.864000 209.184000 63
209.344000 210.336000 67
210.336000 212.768000 61
213.696000 213.888000 59
213.888000 215.008000 62
215.008000 217.024000 62
217.088000 217.568000 61
217.568000 218.816000 66
218.912000 219.104000 62
219.104000 219.808000 67
219.808000 220.800000 65
220.928000 221.696000 62
221.696000 222.144000 58
222.176000 222.240000 57
222.272000 222.560000 61
222.624000 222.784000 61
222.880000 223.328000 62
223.328000 223.488000 58
223.488000 223.808000 55
224.736000 225.760000 62
225.760000 230.432000 66
230.688000 230.880000 67
231.040000 231.264000 62
231.584000 232.224000 53
233.376000 233.504000 55
235.168000 235.264000 60
235.616000 235.776000 67
236.704000 236.928000 70
237.792000 241.664000 71
244.800000 245.184000 54
245.344000 250.208000 62
250.368000 250.976000 59
