6.336000 6.560000 60
22.240000 22.368000 79
22.464000 22.592000 74
22.688000 22.784000 74
23.552000 23.744000 79
23.744000 23.872000 78
25.312000 25.664000 70
25.664000 26.208000 68
26.336000 26.688000 67
26.688000 26.848000 66
27.008000 27.840000 65
27.936000 28.032000 64
28.160000 28.448000 65
28.864000 29.344000 70
29.344000 30.496000 74
30.592000 32.672000 73
32.800000 33.280000 72
33.472000 33.664000 66
33.664000 34.688000 69
34.848000 35.072000 66
35.072000 35.712000 67
35.936000 36.256000 67
36.352000 36.736000 64
36.736000 37.568000 64
37.568000 37.760000 57
37.920000 38.112000 59
39.264000 39.392000 70
39.392000 39.648000 69
39.648000 40.736000 69
40.736000 41.632000 66
41.728000 42.048000 65
42.144000 42.400000 65
42.880000 43.360000 70
43.360000 44.544000 74
44.672000 46.368000 73
46.464000 46.720000 72
46.816000 47.360000 72
47.584000 47.776000 65
47.776000 47.904000 70
48.000000 48.288000 69
48.288000 48.800000 68
48.864000 48.928000 63
48.928000 49.152000 65
49.152000 49.376000 67
49.376000 49.568000 65
49.568000 50.240000 67
50.240000 51.040000 67
51.136000 51.488000 62
51.648000 52.288000 65
52.384000 52.704000 64
52.800000 53.088000 65
53.632000 53.952000 57
54.048000 54.208000 57
54.496000 54.656000 62
54.656000 54.880000 61
54.880000 55.168000 63
55.328000 56.064000 62
56.192000 56.288000 69
56.288000 56.832000 67
57.056000 57.184000 71
57.184000 57.792000 74
57.792000 58.016000 71
58.016000 59.392000 74
59.520000 60.352000 69
61.536000 61.728000 62
61.728000 61.856000 59
62.048000 62.176000 61
62.432000 62.784000 62
62.880000 63.168000 62
63.328000 64.192000 67
64.192000 64.992000 74
65.088000 65.312000 70
65.312000 65.664000 74
65.760000 66.176000 69
66.176000 67.232000 72
67.328000 70.496000 74
71.296000 71.392000 70
71.392000 71.712000 69
71.712000 72.736000 69
72.736000 73.920000 65
74.016000 74.144000 64
74.144000 74.240000 61
74.240000 74.368000 64
74.976000 75.424000 69
75.424000 76.608000 74
76.736000 78.400000 73
78.528000 78.720000 72
78.720000 78.944000 69
78.944000 79.424000 72
79.552000 79.808000 65
79.808000 80.160000 70
80.320000 80.480000 69
80.640000 80.832000 67
80.928000 81.824000 67
82.080000 82.240000 67
82.240000 82.400000 66
82.496000 82.688000 65
82.688000 82.848000 67
82.848000 83.488000 63
83.648000 83.872000 65
83.872000 85.248000 65
85.824000 85.920000 62
86.208000 87.104000 65
87.296000 87.424000 62
87.744000 87.872000 65
88.320000 88.576000 65
89.088000 89.184000 65
90.432000 90.592000 67
99.680000 100.032000 69
100.032000 100.576000 68
100.704000 101.056000 67
101.056000 101.184000 64
101.344000 101.984000 65
102.080000 102.176000 65
102.272000 102.400000 65
102.496000 102.912000 65
103.232000 103.648000 69
103.648000 107.072000 74
107.104000 107.616000 72
107.616000 107.680000 67
107.840000 108.032000 66
108.032000 108.288000 69
108.416000 109.056000 69
109.184000 109.440000 67
109.440000 110.080000 67
110.336000 110.592000 67
110.720000 111.072000 65
111.072000 111.584000 64
111.584000 111.968000 62
111.968000 112.128000 57
112.320000 112.480000 60
113.600000 114.016000 70
114.016000 115.072000 68
115.072000 116.128000 65
116.256000 116.768000 65
117.184000 117.632000 70
117.632000 118.784000 74
118.784000 118.816000 69
118.944000 120.576000 73
120.704000 121.600000 72
121.600000 121.728000 64
121.824000 122.016000 66
122.016000 122.144000 72
122.240000 122.528000 69
122.528000 122.976000 67
123.136000 124.064000 67
124.192000 124.416000 67
124.416000 125.024000 67
125.120000 125.696000 62
125.824000 126.432000 65
126.752000 126.912000 64
126.944000 127.232000 64
127.840000 128.256000 58
128.640000 129.376000 63
129.536000 130.240000 62
130.400000 131.104000 67
131.264000 132.096000 72
132.128000 132.608000 71
132.768000 132.832000 74
132.832000 132.928000 74
132.928000 133.568000 72
133.696000 134.528000 72
135.616000 135.712000 64
135.712000 135.968000 62
136.128000 136.288000 62
136.544000 136.896000 62
136.992000 137.280000 62
137.472000 138.112000 67
138.304000 138.560000 71
138.720000 139.104000 74
139.200000 139.456000 70
139.456000 139.712000 74
139.872000 140.320000 69
140.320000 141.344000 72
141.472000 144.384000 74
145.344000 145.728000 70
145.728000 146.752000 69
146.752000 148.544000 65
148.928000 149.376000 70
149.376000 150.592000 74
150.720000 152.384000 72
152.512000 153.376000 72
153.472000 153.760000 65
153.760000 154.080000 69
154.240000 154.400000 68
154.528000 154.784000 68
154.880000 155.104000 66
155.104000 155.808000 67
156.000000 156.160000 67
156.160000 156.320000 66
156.416000 156.608000 65
156.608000 156.768000 67
156.768000 157.440000 62
157.536000 159.712000 66
