8.384000 8.768000 66
10.880000 11.776000 68
17.824000 17.952000 68
19.392000 19.488000 64
19.648000 20.128000 69
20.128000 20.672000 66
20.800000 21.152000 63
21.248000 21.408000 65
21.408000 21.696000 67
21.888000 22.240000 66
22.336000 22.496000 65
22.496000 23.040000 64
23.040000 23.584000 67
23.776000 25.184000 66
26.720000 26.784000 62
26.784000 27.072000 65
27.072000 27.168000 66
27.168000 27.936000 69
27.936000 28.384000 67
28.480000 28.896000 65
29.024000 29.280000 71
29.280000 29.536000 68
29.664000 29.888000 67
29.888000 30.336000 66
30.496000 31.648000 66
31.744000 31.936000 63
31.936000 32.672000 67
33.984000 34.144000 65
34.272000 34.656000 68
34.752000 35.136000 67
35.136000 35.712000 65
35.872000 35.968000 64
36.128000 36.416000 67
36.576000 36.960000 67
36.960000 37.504000 65
37.792000 38.208000 67
38.432000 38.976000 67
39.072000 39.232000 63
39.360000 39.968000 63
41.376000 41.440000 61
41.440000 41.472000 62
41.472000 41.664000 65
41.664000 41.984000 68
42.016000 42.656000 68
42.656000 43.104000 66
43.296000 43.360000 63
43.360000 43.616000 66
43.616000 43.808000 70
43.840000 44.160000 69
44.352000 44.512000 67
44.512000 45.152000 66
45.248000 46.496000 65
46.592000 46.976000 67
47.072000 48.704000 67
49.440000 49.984000 60
50.112000 52.736000 67
53.120000 53.216000 62
53.312000 53.376000 64
53.376000 53.632000 67
53.760000 54.112000 66
54.272000 54.592000 65
54.720000 55.968000 63
56.736000 57.184000 60
57.280000 59.200000 67
59.200000 63.520000 70
64.064000 64.288000 58
64.288000 64.512000 60
64.608000 65.152000 67
65.248000 65.952000 65
66.016000 66.272000 64
66.336000 66.368000 64
66.464000 66.496000 64
66.528000 67.616000 65
67.968000 69.376000 67
69.376000 69.856000 63
69.888000 71.072000 64
71.200000 71.424000 63
71.648000 71.840000 62
71.840000 72.320000 67
72.480000 72.704000 65
72.704000 74.880000 68
75.328000 77.984000 70
78.112000 78.272000 68
78.720000 79.264000 69
79.264000 79.808000 72
79.808000 84.512000 67
84.608000 85.280000 62
86.304000 86.560000 61
86.560000 87.104000 67
87.168000 88.832000 65
88.832000 89.728000 68
89.920000 91.104000 70
91.104000 93.664000 64
95.136000 95.456000 59
104.096000 104.480000 62
108.544000 108.640000 62
120.480000 120.800000 68
120.928000 121.568000 66
121.696000 122.208000 63
122.368000 122.592000 68
122.784000 123.168000 66
123.264000 123.424000 65
123.424000 123.808000 64
123.968000 124.544000 67
124.608000 125.056000 67
125.056000 126.016000 65
127.584000 128.032000 66
128.032000 128.256000 70
128.256000 128.832000 68
128.832000 129.792000 67
129.920000 130.080000 71
130.080000 130.528000 69
130.528000 131.072000 67
131.360000 133.568000 67
134.880000 135.008000 64
135.168000 135.520000 69
135.616000 136.256000 67
136.256000 136.576000 64
136.768000 136.864000 64
136.992000 137.248000 67
137.408000 138.048000 67
138.048000 138.432000 64
138.688000 139.168000 69
139.328000 139.872000 67
139.968000 140.128000 63
140.288000 140.896000 64
142.240000 142.720000 67
142.720000 143.936000 68
144.128000 144.608000 68
144.608000 144.736000 71
144.832000 145.088000 69
145.184000 145.440000 67
145.440000 145.824000 66
145.920000 146.048000 64
146.176000 148.256000 67
148.256000 149.536000 63
150.368000 150.464000 58
150.560000 150.912000 60
151.008000 153.888000 67
154.240000 155.040000 67
155.168000 157.120000 66
157.216000 157.888000 59
157.888000 158.080000 61
158.080000 158.144000 62
158.144000 160.672000 67
160.672000 164.576000 70
165.024000 165.504000 61
165.664000 166.336000 67
166.336000 166.752000 65
166.848000 168.064000 77
168.224000 168.608000 77
168.832000 170.112000 66
170.112000 170.752000 63
170.880000 171.200000 63
171.200000 172.064000 67
172.160000 172.288000 67
172.544000 172.672000 63
172.768000 173.216000 67
173.408000 174.688000 65
174.784000 175.712000 68
176.224000 178.912000 70
178.976000 179.008000 66
179.232000 179.904000 69
179.904000 180.608000 72
180.736000 181.568000 67
181.664000 182.208000 65
182.368000 183.520000 65
183.616000 184.576000 67
184.576000 186.592000 65
187.264000 187.488000 61
187.488000 188.000000 67
188.128000 189.696000 65
189.696000 190.752000 68
190.912000 191.008000 67
191.136000 191.904000 70
191.904000 193.600000 65
193.696000 193.792000 62
193.888000 194.016000 61
194.336000 194.496000 58
194.624000 194.752000 60
194.912000 195.392000 67
195.488000 196.224000 65
196.320000 196.352000 63
196.736000 197.440000 65
197.536000 197.856000 65
198.272000 198.624000 66
198.688000 199.072000 66
199.200000 201.056000 65
202.016000 202.080000 62
202.144000 204.608000 67
204.736000 205.216000 68
205.568000 207.456000 70
207.648000 207.680000 67
207.744000 207.872000 67
208.032000 208.288000 67
208.960000 209.920000 72
210.080000 210.272000 72
210.304000 211.296000 72
