24.736000 24.800000 63
24.800000 26.432000 69
26.560000 26.624000 68
26.656000 26.688000 66
27.136000 27.424000 59
27.424000 29.024000 62
29.472000 29.920000 57
30.048000 30.336000 61
30.336000 30.688000 62
30.688000 33.728000 64
34.208000 35.840000 69
36.480000 36.544000 58
36.544000 38.368000 62
38.880000 39.456000 58
39.456000 40.128000 62
40.128000 40.704000 64
40.704000 44.672000 62
44.704000 44.864000 56
45.920000 47.648000 69
48.224000 48.288000 58
48.288000 50.208000 62
50.656000 51.200000 58
51.200000 51.488000 61
51.488000 51.904000 63
51.904000 54.848000 64
55.296000 55.360000 63
55.360000 56.448000 69
56.544000 57.312000 69
57.600000 57.664000 58
57.664000 59.456000 62
60.064000 60.576000 57
60.576000 61.120000 62
61.216000 62.048000 64
62.048000 65.344000 60
65.440000 65.600000 63
66.496000 66.752000 65
66.752000 67.616000 69
67.968000 68.032000 66
68.032000 68.320000 67
68.320000 68.864000 69
69.152000 69.216000 63
69.216000 69.504000 65
69.504000 71.360000 67
71.552000 72.576000 65
72.736000 73.024000 62
73.024000 73.824000 65
73.952000 74.112000 63
74.208000 74.272000 62
74.272000 74.496000 64
74.496000 74.656000 63
74.656000 74.912000 60
74.912000 76.064000 64
76.384000 76.576000 67
76.672000 77.216000 69
77.216000 77.248000 64
77.568000 78.400000 68
78.784000 79.072000 65
79.072000 79.808000 67
79.808000 81.120000 67
81.408000 81.472000 61
81.472000 81.568000 64
81.568000 82.688000 65
82.688000 84.576000 69
84.736000 85.152000 69
85.152000 85.408000 67
85.408000 85.504000 73
85.664000 90.624000 65
91.168000 91.232000 65
91.232000 91.968000 69
92.064000 92.256000 67
92.384000 92.832000 68
92.992000 93.152000 67
93.152000 93.344000 63
93.344000 93.536000 58
93.536000 95.360000 62
95.936000 96.448000 57
96.448000 96.992000 62
97.088000 97.152000 61
97.152000 97.792000 64
97.792000 98.144000 62
98.240000 102.176000 57
102.208000 102.304000 56
114.592000 114.688000 71
114.688000 114.880000 74
116.448000 116.704000 74
131.744000 131.808000 63
131.808000 132.064000 67
132.064000 132.896000 69
132.992000 133.408000 68
133.664000 133.824000 66
134.176000 134.368000 59
134.464000 136.064000 62
136.576000 136.992000 56
137.120000 137.440000 60
137.440000 137.760000 61
137.760000 140.896000 64
141.376000 143.040000 69
143.136000 143.264000 67
143.264000 143.392000 64
143.616000 145.472000 62
146.112000 146.624000 57
146.624000 147.040000 62
147.040000 147.936000 64
147.936000 148.160000 62
148.160000 148.960000 60
149.056000 151.392000 56
151.424000 151.456000 55
151.520000 151.744000 56
152.832000 152.896000 65
152.896000 153.216000 67
153.216000 153.728000 69
154.080000 154.912000 68
155.296000 155.648000 65
155.648000 156.064000 67
156.224000 156.640000 65
156.640000 157.440000 67
157.696000 158.848000 65
158.944000 159.264000 62
159.264000 160.064000 65
160.192000 160.352000 64
160.448000 160.960000 63
160.960000 161.024000 58
161.024000 161.568000 63
161.568000 162.240000 63
162.528000 162.592000 64
162.592000 163.392000 68
163.744000 164.640000 68
165.024000 165.312000 65
165.312000 166.080000 67
166.080000 166.240000 62
166.240000 167.360000 67
167.648000 167.712000 60
167.712000 169.024000 66
169.024000 170.144000 67
170.336000 170.400000 66
170.400000 170.816000 68
170.880000 171.392000 69
171.392000 171.648000 67
171.648000 171.744000 72
171.904000 176.928000 65
177.472000 177.536000 66
177.536000 178.560000 68
178.688000 179.136000 68
179.264000 179.392000 66
179.776000 181.760000 62
182.272000 182.816000 56
182.816000 183.328000 61
183.424000 184.288000 63
184.288000 184.544000 59
184.608000 188.224000 56
189.312000 190.464000 68
190.592000 191.072000 68
191.200000 191.328000 66
191.712000 193.696000 62
194.144000 194.624000 56
194.624000 195.200000 61
195.328000 195.392000 61
195.392000 195.936000 63
195.936000 196.384000 62
196.512000 200.800000 57
