4.736000 4.896000 54
15.584000 15.648000 57
15.648000 15.840000 59
15.840000 16.384000 59
16.384000 16.832000 58
16.992000 17.088000 53
17.184000 17.472000 52
17.568000 17.760000 56
17.856000 18.528000 58
19.168000 19.392000 53
19.456000 20.224000 55
20.320000 20.448000 57
20.576000 21.280000 60
22.848000 23.744000 60
23.744000 23.936000 58
23.936000 24.704000 56
24.896000 24.992000 55
25.120000 25.600000 58
25.984000 26.080000 55
26.208000 26.304000 50
26.400000 26.464000 50
26.464000 26.560000 52
26.880000 27.424000 55
27.616000 27.680000 55
27.680000 27.936000 58
28.032000 28.352000 56
28.384000 28.576000 57
31.168000 31.360000 60
31.360000 31.936000 64
32.128000 32.960000 65
32.960000 33.952000 63
34.560000 35.104000 62
35.104000 35.200000 64
35.328000 35.616000 62
35.616000 35.936000 64
35.936000 37.856000 62
38.400000 38.624000 55
38.752000 38.944000 57
38.944000 39.424000 60
39.424000 39.712000 62
39.840000 40.416000 60
40.544000 41.184000 60
42.176000 42.496000 61
42.624000 43.584000 60
43.744000 43.872000 55
43.968000 44.064000 56
44.256000 44.800000 56
46.528000 47.552000 59
47.552000 48.352000 55
48.480000 49.184000 58
50.080000 50.688000 55
50.784000 51.008000 55
51.008000 51.200000 56
51.200000 52.032000 59
53.760000 53.920000 58
53.920000 54.560000 60
54.560000 54.720000 58
54.720000 55.616000 57
55.712000 55.776000 54
55.776000 55.904000 56
56.000000 56.480000 59
57.376000 58.400000 55
58.560000 59.392000 57
62.176000 62.368000 60
62.368000 63.264000 64
63.392000 63.520000 64
63.648000 64.512000 64
64.512000 65.152000 60
65.888000 66.080000 61
66.080000 66.496000 64
66.656000 67.136000 62
67.200000 68.896000 62
69.600000 69.664000 55
69.664000 69.824000 56
69.824000 72.544000 62
73.344000 73.728000 61
73.728000 74.080000 59
74.208000 74.784000 59
74.880000 75.072000 56
75.424000 76.000000 55
92.896000 93.152000 58
93.152000 93.760000 59
93.760000 94.144000 58
94.304000 95.040000 53
95.200000 95.840000 58
96.512000 97.152000 55
97.248000 97.600000 55
97.728000 97.824000 57
97.824000 97.856000 54
97.920000 98.688000 59
100.224000 101.312000 59
101.312000 101.696000 57
101.696000 102.112000 53
102.272000 102.880000 57
103.808000 103.968000 55
104.096000 104.192000 54
104.320000 104.864000 55
105.056000 105.120000 55
105.120000 105.312000 58
105.312000 105.728000 57
106.176000 106.304000 60
108.640000 108.896000 60
108.896000 109.440000 64
109.664000 109.952000 64
110.112000 110.752000 64
110.752000 111.648000 62
112.160000 112.448000 61
112.448000 112.768000 64
112.864000 113.632000 64
113.632000 115.456000 62
116.032000 116.256000 55
116.384000 116.576000 57
116.576000 117.312000 62
117.472000 118.080000 60
118.176000 118.912000 60
119.872000 121.312000 60
121.408000 121.792000 57
121.888000 122.400000 57
124.192000 124.448000 59
124.448000 125.088000 59
125.088000 125.696000 57
125.824000 126.080000 52
126.208000 127.072000 58
127.840000 128.448000 55
128.576000 128.896000 55
129.024000 129.920000 59
131.488000 132.896000 60
132.896000 133.184000 54
133.184000 133.344000 52
133.472000 133.696000 56
133.792000 134.464000 58
134.912000 136.160000 55
136.288000 136.384000 55
136.384000 137.056000 58
139.904000 140.128000 61
140.128000 140.544000 63
140.544000 141.024000 65
141.120000 141.216000 64
141.344000 142.304000 64
142.304000 142.944000 60
143.680000 143.840000 61
143.840000 143.968000 64
144.128000 144.288000 62
144.416000 144.768000 62
144.768000 146.816000 62
147.296000 147.520000 56
147.520000 150.176000 62
150.816000 150.944000 53
151.008000 151.072000 58
151.072000 152.448000 60
152.640000 152.736000 56
152.864000 152.992000 57
153.120000 153.344000 55
153.408000 153.568000 55
154.688000 154.880000 55
154.880000 157.824000 62
158.336000 158.784000 60
158.784000 159.680000 59
159.680000 160.032000 50
160.544000 160.608000 51
160.608000 160.896000 55
161.088000 161.568000 57
161.824000 162.080000 50
162.112000 165.088000 58
165.312000 165.600000 55
