22.592000 22.752000 59
22.752000 24.096000 62
24.480000 24.928000 68
24.928000 26.176000 66
26.848000 27.200000 62
27.296000 28.128000 64
28.224000 28.960000 64
28.960000 29.696000 59
30.080000 30.560000 58
30.720000 31.904000 55
32.448000 32.512000 61
32.512000 33.088000 64
33.216000 33.888000 62
34.272000 34.336000 58
34.336000 34.944000 61
34.944000 35.776000 64
35.776000 37.152000 60
37.600000 37.856000 60
37.856000 38.880000 62
39.296000 40.224000 67
40.224000 41.280000 62
41.632000 42.080000 61
42.080000 44.000000 65
44.000000 44.800000 60
45.152000 45.504000 58
45.600000 45.888000 55
46.016000 46.784000 56
47.424000 48.768000 64
48.864000 49.120000 58
49.120000 50.688000 60
50.688000 50.880000 58
51.040000 53.088000 56
55.840000 55.904000 60
55.904000 55.968000 62
55.968000 57.088000 67
57.248000 58.560000 64
59.584000 59.712000 60
59.712000 59.872000 61
59.872000 60.896000 64
60.896000 62.048000 60
63.360000 63.424000 61
63.424000 63.712000 66
63.712000 64.064000 67
64.064000 64.288000 69
64.288000 65.792000 67
66.144000 66.208000 63
66.208000 66.464000 66
66.464000 73.920000 70
74.976000 75.264000 62
75.360000 75.456000 63
75.552000 76.832000 71
77.088000 77.408000 65
77.408000 79.168000 69
79.264000 79.360000 65
79.456000 79.680000 67
79.776000 80.096000 67
80.224000 80.384000 67
80.608000 80.672000 65
80.704000 80.864000 67
80.864000 81.216000 66
81.216000 82.048000 62
82.240000 82.368000 62
82.560000 82.624000 60
82.624000 82.752000 62
82.848000 83.360000 64
83.488000 83.744000 64
83.840000 84.416000 64
84.800000 85.184000 62
85.280000 85.664000 63
85.664000 86.464000 68
86.688000 86.784000 63
86.784000 87.424000 66
87.648000 88.576000 67
88.736000 92.512000 70
92.896000 97.920000 69
127.584000 128.096000 61
128.096000 128.992000 62
129.472000 129.984000 67
129.984000 131.264000 66
131.648000 132.192000 62
132.320000 133.152000 64
133.248000 133.920000 63
133.920000 134.720000 59
135.040000 135.488000 58
135.616000 136.800000 56
137.440000 137.504000 61
137.504000 138.112000 64
138.208000 138.880000 62
139.296000 140.000000 62
140.000000 140.736000 64
140.736000 142.144000 60
142.624000 143.296000 61
143.296000 144.000000 62
144.448000 145.312000 67
145.312000 146.304000 62
146.688000 147.008000 60
147.008000 147.488000 63
147.488000 148.096000 64
148.096000 148.736000 64
148.736000 149.760000 62
150.112000 150.368000 58
150.368000 150.880000 57
150.976000 151.808000 56
152.128000 152.224000 55
152.448000 153.760000 64
153.856000 154.016000 57
154.016000 155.136000 60
155.232000 155.328000 56
155.328000 155.904000 59
156.032000 158.112000 56
160.896000 161.728000 67
161.824000 161.952000 65
162.336000 163.488000 62
164.608000 164.992000 62
165.088000 165.408000 64
165.536000 165.696000 62
166.016000 166.976000 59
167.616000 167.712000 60
168.416000 168.672000 65
168.672000 168.928000 67
168.928000 169.408000 69
169.408000 169.472000 65
169.728000 170.944000 62
171.136000 171.552000 66
171.648000 172.576000 68
172.576000 172.960000 71
173.088000 176.032000 69
176.128000 178.528000 70
178.528000 180.192000 76
180.576000 182.080000 71
182.176000 182.464000 63
182.464000 184.128000 70
184.480000 185.376000 55
185.568000 185.696000 63
185.760000 186.048000 67
186.048000 187.744000 65
187.840000 188.320000 63
188.416000 188.608000 64
188.768000 189.408000 65
189.792000 190.144000 62
190.272000 190.624000 63
190.624000 191.584000 68
191.680000 192.704000 66
192.768000 192.960000 67
193.216000 193.440000 64
193.664000 196.800000 69
196.832000 196.864000 69
197.024000 197.184000 71
197.280000 200.768000 71
200.864000 201.152000 69
201.152000 201.632000 67
201.760000 202.432000 67
202.464000 202.784000 67
202.784000 203.168000 67
203.168000 203.904000 62
204.480000 204.544000 60
204.544000 204.640000 62
204.736000 204.864000 62
204.960000 205.536000 64
205.664000 206.304000 64
206.560000 207.040000 63
207.104000 207.456000 63
207.456000 208.320000 67
208.480000 209.120000 65
209.120000 209.312000 67
209.504000 209.888000 67
210.048000 210.240000 67
210.592000 214.496000 70
214.784000 220.992000 69
