7.680000 7.776000 78
7.776000 7.904000 77
8.896000 10.656000 69
10.688000 14.144000 77
15.200000 15.328000 79
15.552000 15.680000 79
15.936000 16.128000 79
16.384000 16.480000 79
16.736000 17.152000 77
18.688000 18.816000 64
25.952000 26.368000 64
26.368000 27.200000 62
27.488000 27.552000 61
27.552000 27.840000 63
27.840000 28.160000 62
28.160000 28.544000 63
29.536000 29.632000 56
29.760000 29.856000 57
29.952000 30.208000 58
30.304000 30.816000 58
30.976000 31.264000 60
31.424000 32.064000 59
32.064000 32.384000 56
32.576000 33.056000 58
33.440000 33.504000 58
33.504000 33.728000 62
33.888000 34.144000 63
34.240000 34.400000 65
34.400000 35.008000 62
36.576000 36.672000 59
36.672000 36.896000 65
37.056000 37.568000 65
37.728000 38.432000 63
38.592000 38.720000 63
39.808000 39.872000 59
39.872000 40.352000 63
40.448000 40.672000 63
40.672000 41.280000 68
41.504000 41.952000 65
42.080000 42.912000 66
42.912000 44.032000 70
44.032000 45.600000 70
48.000000 48.256000 64
48.256000 48.384000 63
48.384000 49.184000 62
49.600000 50.816000 63
51.584000 55.008000 60
55.552000 56.384000 64
56.512000 57.088000 60
58.656000 58.784000 63
58.880000 60.416000 65
60.640000 60.832000 63
61.792000 62.944000 65
63.136000 63.264000 68
63.264000 63.904000 67
64.128000 64.352000 62
64.480000 64.896000 65
64.896000 65.216000 68
65.344000 65.664000 65
65.664000 67.712000 70
70.880000 71.040000 70
71.232000 72.160000 72
72.256000 72.512000 70
72.704000 73.408000 72
73.568000 73.888000 68
73.984000 74.304000 70
74.432000 74.656000 70
74.784000 75.520000 72
75.616000 76.608000 72
76.608000 77.024000 69
77.152000 77.504000 67
77.728000 78.816000 68
78.976000 79.776000 68
79.904000 80.192000 65
80.320000 81.504000 72
81.504000 82.368000 72
82.432000 83.008000 70
83.424000 83.616000 70
83.776000 85.120000 72
85.280000 85.984000 72
86.176000 87.264000 70
87.360000 89.568000 72
89.696000 90.112000 68
90.240000 91.392000 68
91.520000 92.320000 68
92.448000 92.800000 65
92.928000 93.184000 72
93.280000 96.224000 72
96.672000 97.664000 67
97.664000 98.784000 68
99.744000 99.904000 63
99.904000 100.128000 64
100.128000 100.512000 68
100.512000 100.768000 64
100.960000 101.600000 68
101.920000 102.080000 68
102.080000 102.464000 70
102.464000 103.456000 72
103.456000 104.192000 68
104.352000 105.024000 68
105.024000 105.536000 65
105.824000 108.512000 70
108.832000 109.312000 59
109.632000 109.920000 56
110.048000 110.176000 57
110.400000 110.784000 58
114.048000 114.944000 60
124.064000 124.256000 71
124.640000 125.952000 71
126.720000 127.072000 64
127.072000 127.232000 62
127.328000 127.968000 63
128.256000 128.320000 61
128.320000 129.536000 63
130.304000 130.432000 57
130.528000 130.624000 57
130.720000 130.976000 58
131.072000 132.992000 60
132.992000 133.120000 56
133.280000 133.472000 58
133.472000 134.048000 60
134.176000 134.304000 59
134.304000 134.912000 63
135.008000 135.136000 63
135.200000 135.904000 60
137.312000 137.664000 65
137.792000 138.336000 65
138.496000 139.040000 63
140.512000 141.408000 63
141.504000 141.728000 66
141.728000 141.984000 68
142.176000 142.656000 65
142.880000 142.944000 62
142.944000 143.200000 65
143.296000 143.520000 65
143.648000 144.032000 68
144.032000 144.352000 65
144.448000 146.368000 70
148.768000 149.120000 64
149.120000 149.600000 62
149.600000 150.048000 63
150.336000 150.688000 64
150.688000 151.168000 63
151.168000 151.552000 65
151.904000 152.256000 64
152.256000 153.568000 59
153.728000 154.048000 60
154.304000 154.912000 60
154.912000 155.360000 56
155.360000 155.840000 59
156.288000 156.576000 63
156.672000 157.408000 65
157.408000 157.856000 60
159.392000 161.184000 65
161.280000 161.376000 62
162.496000 162.656000 60
162.656000 163.680000 65
163.840000 163.968000 68
163.968000 164.672000 67
164.864000 164.992000 62
165.280000 165.664000 65
165.664000 165.984000 68
166.144000 166.432000 65
166.432000 168.320000 70
168.704000 168.864000 63
170.016000 170.144000 63
171.616000 171.904000 70
172.128000 173.312000 72
173.440000 173.632000 70
173.632000 174.272000 72
174.272000 174.656000 69
174.752000 175.040000 70
175.200000 175.424000 70
175.552000 176.864000 72
176.992000 177.440000 70
177.440000 178.208000 69
178.432000 179.584000 68
179.744000 180.288000 68
180.640000 180.960000 65
181.088000 181.696000 72
181.760000 182.080000 72
182.176000 183.776000 72
184.192000 184.352000 70
184.512000 185.856000 72
185.984000 186.144000 70
186.144000 186.688000 72
186.688000 187.648000 71
187.744000 190.368000 72
190.496000 190.784000 67
190.976000 192.128000 68
192.288000 192.928000 68
193.248000 193.536000 66
193.664000 197.024000 72
197.440000 198.432000 67
198.432000 199.520000 68
200.512000 200.896000 65
200.896000 201.248000 68
201.248000 201.472000 64
201.664000 202.432000 68
202.656000 202.976000 70
203.104000 204.224000 72
204.224000 204.960000 65
205.088000 205.792000 68
205.888000 206.368000 65
206.624000 207.584000 70
207.584000 207.776000 67
208.000000 209.056000 68
