23.136000 23.968000 59
24.288000 24.672000 57
24.896000 25.024000 57
25.280000 25.952000 59
26.080000 27.104000 56
30.528000 30.944000 62
31.072000 31.360000 56
31.904000 32.576000 62
32.672000 33.056000 55
36.032000 36.320000 56
36.320000 36.384000 57
36.384000 37.152000 62
38.112000 38.720000 62
38.944000 39.552000 55
39.680000 39.744000 55
40.320000 40.704000 55
43.872000 44.896000 59
45.088000 45.504000 59
46.528000 46.592000 59
46.592000 46.720000 59
46.720000 47.616000 57
50.112000 51.200000 62
52.096000 52.832000 64
52.928000 53.600000 67
53.792000 55.808000 71
57.024000 58.176000 62
59.072000 59.232000 62
59.232000 59.488000 64
59.936000 60.480000 67
60.800000 62.048000 71
62.304000 62.592000 67
62.592000 62.912000 71
62.912000 64.352000 71
64.352000 64.768000 71
65.216000 65.408000 72
65.536000 66.048000 74
66.144000 66.592000 67
66.752000 66.848000 67
67.008000 67.168000 72
67.264000 67.744000 74
67.840000 68.160000 67
68.160000 68.672000 66
71.040000 71.808000 71
71.808000 72.864000 71
73.120000 73.440000 71
73.440000 73.696000 69
73.984000 76.128000 71
77.504000 78.304000 59
86.240000 87.008000 58
87.136000 87.360000 58
87.520000 87.840000 57
88.224000 88.352000 57
88.352000 89.248000 59
89.248000 90.240000 58
93.600000 93.984000 62
94.144000 94.464000 56
95.008000 95.648000 62
95.872000 96.128000 55
99.104000 99.904000 62
101.312000 101.888000 62
102.112000 102.432000 59
102.560000 103.200000 58
103.392000 103.936000 59
104.032000 104.128000 57
105.728000 106.112000 59
106.208000 106.656000 59
106.752000 106.784000 57
106.944000 107.104000 59
107.296000 107.520000 59
107.680000 108.352000 59
109.024000 109.184000 59
109.344000 110.464000 59
110.464000 111.328000 55
113.184000 114.304000 62
115.168000 115.840000 64
116.000000 116.736000 67
116.864000 118.880000 71
120.096000 121.248000 62
121.344000 121.440000 62
122.208000 122.272000 62
122.272000 122.528000 64
122.528000 122.688000 67
122.816000 123.040000 67
123.040000 123.904000 68
123.904000 125.152000 71
125.344000 125.600000 67
125.696000 125.984000 71
125.984000 126.752000 70
126.848000 127.424000 67
127.424000 127.904000 70
128.288000 128.576000 72
128.576000 129.088000 74
129.216000 129.632000 67
130.080000 130.336000 72
130.336000 130.784000 74
130.912000 131.232000 67
131.232000 131.584000 66
132.672000 132.832000 69
133.088000 133.568000 67
133.696000 133.856000 67
133.984000 134.112000 67
134.112000 134.880000 71
134.880000 135.872000 71
136.128000 136.512000 71
136.512000 136.768000 69
137.056000 139.232000 71
140.576000 141.248000 59
142.688000 143.008000 67
143.136000 143.456000 70
143.456000 143.904000 68
144.064000 144.384000 70
144.928000 145.120000 70
145.248000 146.272000 70
146.656000 146.848000 69
147.008000 147.584000 67
147.584000 147.872000 70
148.448000 149.088000 60
149.248000 152.608000 60
153.536000 154.944000 71
155.392000 155.648000 71
155.744000 156.128000 67
156.288000 156.576000 71
156.576000 157.152000 68
157.152000 157.440000 71
157.536000 158.080000 68
158.080000 158.592000 71
158.976000 159.232000 71
159.328000 159.840000 67
160.096000 160.608000 67
160.736000 160.960000 70
160.960000 161.632000 68
161.632000 162.016000 71
162.432000 164.544000 60
164.736000 164.960000 72
165.120000 165.568000 72
165.728000 166.624000 61
167.488000 168.768000 70
169.248000 169.696000 70
169.824000 170.304000 67
170.624000 171.232000 67
171.232000 171.872000 74
172.064000 172.512000 71
172.768000 172.992000 71
172.992000 173.824000 70
175.616000 176.416000 69
176.544000 177.952000 70
179.200000 179.808000 69
180.160000 180.480000 69
181.568000 183.072000 71
183.232000 184.256000 62
185.184000 185.760000 64
186.080000 186.656000 67
186.944000 188.992000 71
190.144000 191.328000 62
192.256000 192.416000 62
192.416000 192.640000 64
192.800000 192.832000 66
192.864000 193.120000 66
193.120000 194.112000 69
194.112000 195.104000 71
195.424000 195.712000 67
195.712000 196.064000 71
196.064000 197.504000 71
197.504000 197.920000 71
198.368000 199.136000 74
199.296000 199.648000 67
200.128000 200.288000 72
200.384000 200.928000 74
200.928000 200.992000 67
201.024000 201.088000 67
201.152000 201.664000 67
202.432000 202.752000 67
202.752000 203.136000 70
203.232000 203.648000 67
203.712000 203.904000 71
204.128000 204.192000 67
204.192000 204.928000 71
204.928000 205.472000 70
205.472000 205.792000 71
205.824000 205.920000 67
206.208000 206.560000 71
206.560000 207.040000 69
207.136000 209.216000 71
210.560000 211.840000 72
211.840000 212.928000 71
213.248000 213.536000 71
213.536000 213.888000 69
214.112000 216.096000 71
217.568000 218.848000 72
218.848000 219.936000 71
220.256000 220.704000 71
220.896000 221.056000 71
221.152000 223.104000 71
224.640000 224.896000 74
224.896000 225.760000 71
225.792000 226.400000 68
226.400000 227.008000 71
227.232000 227.584000 71
227.584000 227.808000 69
227.840000 228.096000 71
228.096000 230.144000 71
231.648000 232.416000 59
