51.360000 52.064000 56
52.064000 56.288000 68
56.896000 57.504000 67
57.504000 59.552000 65
62.720000 62.784000 55
62.784000 63.104000 59
63.264000 63.520000 59
63.616000 63.712000 57
63.712000 64.288000 59
64.288000 64.896000 57
65.504000 66.176000 59
66.400000 66.880000 54
67.008000 67.712000 56
68.320000 68.384000 56
68.384000 70.112000 61
70.208000 71.264000 56
71.424000 71.776000 52
71.776000 72.800000 56
73.984000 74.272000 59
74.432000 74.688000 60
74.816000 75.584000 56
75.680000 75.840000 54
75.968000 76.320000 54
76.704000 76.864000 61
76.960000 78.592000 61
78.752000 79.360000 56
79.776000 80.032000 54
80.160000 80.736000 56
80.832000 81.184000 56
81.184000 82.624000 56
82.720000 84.448000 57
85.472000 85.632000 59
85.728000 86.624000 59
86.784000 87.456000 57
88.000000 88.768000 59
88.960000 89.472000 54
89.568000 89.856000 56
90.016000 90.432000 54
90.880000 91.616000 59
91.712000 92.224000 61
92.224000 92.576000 59
92.576000 93.824000 56
94.016000 94.400000 53
94.400000 95.328000 56
95.424000 95.840000 59
96.448000 96.512000 53
96.512000 96.608000 56
96.608000 96.896000 59
97.024000 97.312000 61
97.312000 98.176000 56
98.272000 98.880000 55
99.328000 100.064000 63
100.192000 100.704000 59
100.896000 101.792000 56
102.336000 102.592000 60
102.688000 103.104000 61
103.104000 103.296000 64
103.392000 103.552000 64
103.744000 103.904000 63
104.064000 105.056000 63
105.152000 105.728000 64
105.728000 106.048000 63
106.048000 106.432000 60
107.072000 107.616000 59
107.808000 108.160000 59
108.480000 108.576000 60
108.576000 108.736000 63
108.864000 109.056000 64
109.184000 109.344000 64
109.536000 109.920000 59
109.920000 110.016000 61
110.016000 110.528000 64
110.528000 111.232000 68
111.392000 112.288000 63
113.472000 114.016000 59
114.016000 114.528000 63
114.688000 114.848000 64
114.848000 115.360000 62
115.552000 115.680000 61
115.680000 116.384000 66
116.480000 116.832000 68
116.832000 116.896000 63
116.992000 117.792000 63
118.368000 118.880000 69
119.072000 119.584000 66
119.584000 120.032000 62
120.544000 120.608000 56
120.608000 120.640000 57
120.640000 120.672000 59
120.672000 120.832000 61
120.832000 121.824000 66
121.920000 122.272000 68
122.272000 122.560000 64
122.560000 122.912000 59
123.360000 124.736000 64
125.088000 125.152000 57
125.152000 125.504000 59
125.504000 126.336000 58
126.336000 127.296000 64
127.392000 127.520000 62
127.520000 127.648000 63
127.776000 128.448000 65
128.448000 129.056000 66
129.600000 129.728000 55
129.728000 130.144000 59
130.304000 130.688000 59
131.072000 131.680000 64
131.808000 132.000000 64
132.160000 132.416000 59
132.544000 132.640000 61
132.640000 133.024000 64
133.024000 133.824000 68
133.984000 135.040000 63
136.032000 136.416000 59
136.544000 137.440000 66
137.440000 138.016000 59
138.112000 138.240000 61
138.240000 138.400000 63
138.496000 138.816000 65
138.816000 140.160000 68
140.384000 140.576000 70
140.736000 140.896000 65
140.896000 141.184000 69
141.280000 141.824000 68
141.824000 142.304000 65
142.304000 142.624000 62
143.040000 143.136000 59
143.136000 144.032000 64
144.128000 144.512000 67
144.512000 144.672000 68
144.672000 145.024000 66
145.024000 145.472000 62
145.888000 145.984000 57
145.984000 146.240000 60
146.240000 146.368000 62
146.464000 146.624000 63
146.624000 146.944000 64
146.944000 147.584000 68
147.680000 148.064000 60
148.064000 148.416000 64
148.704000 148.832000 59
148.832000 149.248000 63
149.408000 149.472000 62
149.472000 149.856000 66
149.856000 150.016000 66
150.112000 150.368000 68
150.464000 150.624000 69
150.624000 150.752000 67
150.880000 151.360000 66
151.584000 152.096000 69
152.352000 152.640000 66
152.768000 153.472000 64
153.600000 155.136000 64
157.696000 157.888000 64
157.888000 158.016000 63
158.016000 158.240000 62
158.240000 159.328000 61
159.328000 161.248000 56
164.416000 164.512000 55
164.608000 165.696000 59
165.824000 166.496000 57
167.136000 167.456000 59
167.616000 167.872000 59
167.936000 168.160000 54
168.320000 168.960000 56
169.056000 169.344000 54
169.952000 170.848000 59
170.944000 171.072000 61
171.168000 171.456000 59
171.456000 171.936000 57
172.032000 172.768000 56
172.928000 173.280000 52
173.280000 174.240000 56
174.464000 174.976000 59
175.488000 175.552000 55
175.552000 175.904000 59
176.064000 176.384000 61
176.384000 177.184000 56
177.344000 177.888000 54
178.368000 178.688000 61
178.880000 179.008000 61
179.008000 179.264000 63
179.264000 179.744000 64
179.744000 180.480000 68
180.480000 180.960000 64
181.408000 181.632000 59
181.760000 181.824000 59
181.824000 182.208000 62
182.208000 182.368000 64
182.464000 182.624000 64
182.784000 183.296000 63
183.296000 184.416000 64
184.800000 184.864000 62
184.864000 184.928000 62
184.928000 185.344000 63
185.344000 186.432000 66
186.880000 186.944000 56
186.944000 187.616000 61
187.616000 188.512000 64
188.608000 188.960000 59
188.960000 189.056000 61
189.056000 189.504000 64
189.504000 190.272000 68
190.400000 191.520000 63
192.544000 193.056000 59
193.056000 193.600000 63
193.728000 193.856000 64
193.856000 194.752000 62
194.752000 195.360000 66
195.488000 195.840000 68
195.840000 196.864000 64
197.376000 197.440000 67
197.440000 198.016000 69
198.112000 198.272000 66
198.272000 198.688000 64
198.688000 199.200000 61
199.552000 199.616000 57
199.616000 199.712000 60
199.712000 200.512000 64
200.608000 201.312000 68
201.312000 201.440000 64
201.664000 201.952000 59
202.176000 202.336000 63
202.432000 203.808000 66
204.160000 204.512000 60
204.512000 205.344000 60
205.344000 206.304000 64
206.432000 206.656000 63
206.784000 207.456000 64
207.456000 208.864000 68
209.216000 209.312000 61
209.536000 210.048000 59
210.208000 210.784000 64
210.880000 211.040000 63
211.200000 211.552000 59
211.552000 211.680000 62
211.680000 211.872000 63
211.872000 212.864000 68
213.056000 213.792000 63
215.040000 215.136000 59
215.168000 215.456000 59
215.616000 216.448000 66
216.448000 216.992000 62
217.184000 217.248000 62
217.248000 217.312000 62
217.312000 217.536000 63
217.536000 217.888000 65
217.888000 219.072000 69
219.072000 219.552000 64
219.840000 220.000000 64
220.000000 220.288000 69
220.384000 220.768000 71
220.768000 220.896000 67
220.896000 220.928000 65
220.928000 221.600000 66
221.600000 222.560000 64
222.560000 223.104000 64
223.200000 223.552000 67
223.552000 223.712000 68
223.712000 224.032000 65
224.032000 225.408000 63
225.504000 225.632000 63
225.632000 226.528000 68
226.720000 227.040000 59
227.040000 227.232000 62
227.232000 227.456000 64
227.776000 227.904000 59
227.904000 228.320000 63
228.480000 228.576000 62
228.576000 229.056000 66
229.184000 229.376000 68
229.504000 229.824000 69
229.952000 230.368000 69
230.368000 230.976000 67
231.328000 231.840000 69
232.032000 232.160000 65
232.160000 232.352000 66
232.448000 235.296000 65
236.224000 236.288000 64
236.288000 236.768000 69
236.992000 239.680000 67
240.512000 241.408000 61
241.920000 241.984000 66
241.984000 242.464000 69
242.688000 242.816000 65
242.816000 242.976000 66
243.136000 244.160000 64
244.576000 246.368000 64
257.440000 258.080000 55
258.080000 258.112000 56
258.112000 258.208000 62
258.208000 262.848000 68
263.072000 267.520000 66
