15.072000 15.168000 52
15.360000 15.424000 50
15.424000 15.712000 53
15.808000 16.000000 51
16.224000 16.704000 56
18.880000 18.976000 48
18.976000 19.264000 53
19.360000 19.456000 54
19.456000 19.680000 56
22.240000 22.784000 58
22.976000 23.232000 53
23.488000 23.808000 54
23.936000 24.064000 51
24.224000 25.056000 51
26.144000 26.208000 49
26.208000 26.496000 54
27.040000 27.456000 53
28.224000 28.416000 49
28.672000 29.120000 51
29.984000 30.208000 53
30.464000 30.720000 51
30.848000 31.776000 56
33.472000 33.536000 47
33.536000 33.792000 53
33.952000 34.240000 56
34.592000 34.720000 56
36.160000 36.224000 52
36.224000 36.256000 54
36.256000 36.800000 58
36.896000 37.152000 57
37.152000 37.440000 61
37.664000 37.920000 58
38.112000 38.400000 58
38.528000 38.656000 56
38.880000 39.232000 58
39.456000 39.776000 56
40.768000 40.864000 51
40.864000 41.184000 54
41.184000 41.440000 56
41.568000 41.888000 54
42.336000 42.464000 54
42.592000 42.976000 56
43.072000 43.296000 56
43.552000 43.936000 61
44.288000 44.896000 61
45.056000 45.152000 61
45.440000 45.952000 59
48.000000 48.064000 50
48.064000 48.320000 53
48.480000 48.928000 56
48.928000 49.664000 61
49.856000 50.528000 64
50.848000 52.192000 61
53.440000 54.208000 60
54.432000 54.784000 60
54.944000 55.168000 61
55.168000 55.680000 60
56.096000 56.608000 58
57.056000 57.120000 55
57.120000 57.344000 58
57.504000 57.760000 58
57.760000 58.752000 58
58.848000 59.040000 56
59.328000 59.424000 50
59.680000 59.936000 54
60.736000 60.960000 53
62.624000 62.688000 51
62.688000 62.912000 54
63.072000 63.520000 57
63.520000 64.960000 63
65.472000 65.824000 61
66.016000 66.880000 61
68.032000 68.288000 62
68.448000 69.344000 63
69.472000 69.760000 60
69.888000 70.432000 61
71.616000 71.936000 58
72.096000 72.256000 58
72.416000 72.800000 58
72.896000 73.536000 56
73.824000 74.592000 61
75.264000 76.608000 61
76.896000 77.280000 56
77.280000 77.984000 61
91.328000 91.456000 52
91.616000 92.384000 53
92.576000 92.800000 55
95.360000 95.584000 53
95.776000 95.840000 51
95.840000 96.096000 56
96.448000 96.736000 56
98.624000 98.976000 57
98.976000 99.168000 58
99.392000 99.712000 53
99.872000 100.192000 53
100.320000 100.480000 51
100.640000 101.440000 51
102.560000 102.656000 48
102.656000 103.104000 54
103.328000 103.744000 53
104.384000 104.992000 49
104.992000 105.312000 51
106.208000 106.304000 50
106.304000 106.624000 53
106.816000 107.136000 52
107.136000 107.840000 56
108.832000 109.408000 61
109.568000 110.432000 61
110.592000 111.840000 61
112.480000 112.800000 56
112.800000 113.120000 58
113.120000 113.440000 57
113.440000 113.760000 61
113.952000 114.272000 58
114.400000 114.944000 58
115.168000 115.552000 58
115.808000 116.160000 56
116.992000 117.312000 53
117.504000 117.792000 56
117.920000 118.208000 54
118.944000 119.264000 57
119.424000 119.616000 57
119.808000 120.320000 61
120.832000 121.184000 53
121.344000 121.792000 56
121.792000 122.496000 61
122.688000 123.360000 63
123.616000 125.120000 61
126.144000 126.944000 60
127.136000 127.456000 60
127.648000 127.904000 61
127.904000 128.288000 60
129.824000 129.888000 55
129.888000 130.112000 58
130.336000 130.560000 58
130.560000 131.840000 58
133.248000 133.344000 54
133.472000 133.728000 53
134.048000 134.144000 54
134.464000 134.752000 54
135.296000 135.648000 53
135.808000 136.224000 56
136.224000 137.280000 62
137.280000 137.888000 64
138.112000 138.464000 61
138.624000 139.680000 61
139.680000 140.192000 57
140.704000 140.992000 63
141.120000 141.952000 63
142.144000 142.432000 60
142.528000 143.488000 61
144.416000 144.736000 58
144.896000 145.056000 58
145.248000 145.568000 58
145.696000 146.048000 56
146.208000 146.336000 54
146.592000 147.456000 61
148.032000 148.096000 57
148.096000 149.888000 63
149.888000 153.184000 65
154.560000 154.816000 68
155.008000 155.136000 66
155.328000 156.768000 68
156.992000 160.128000 65
162.816000 162.880000 62
162.880000 162.944000 64
162.944000 164.704000 68
165.120000 166.144000 65
166.144000 166.496000 63
