19.552000 20.416000 61
20.416000 21.824000 65
21.920000 23.232000 70
23.232000 23.456000 65
23.552000 23.968000 63
24.288000 24.640000 63
24.736000 24.864000 63
24.864000 24.928000 62
24.928000 25.472000 61
25.472000 26.208000 59
26.304000 28.224000 60
29.056000 29.792000 63
29.952000 30.624000 70
30.624000 31.008000 72
31.008000 32.032000 71
32.192000 32.480000 65
32.480000 32.608000 62
32.608000 33.024000 60
33.024000 33.344000 63
33.824000 34.592000 65
34.592000 34.848000 60
34.848000 37.728000 59
37.760000 37.856000 57
38.496000 40.000000 68
40.096000 40.672000 70
40.864000 41.568000 71
41.696000 41.984000 64
41.984000 42.016000 66
42.016000 42.176000 70
42.176000 43.392000 72
43.392000 44.320000 70
44.448000 44.704000 65
44.832000 45.344000 63
45.344000 45.536000 64
45.632000 47.040000 65
47.968000 48.640000 56
48.768000 49.408000 58
49.568000 50.048000 59
50.432000 51.040000 62
51.200000 52.800000 71
53.280000 53.440000 70
53.440000 53.568000 69
53.568000 54.528000 69
54.528000 55.296000 65
55.296000 57.888000 68
62.784000 62.880000 67
63.008000 63.200000 71
63.392000 63.648000 70
63.744000 64.128000 70
64.288000 64.384000 70
67.232000 67.808000 59
67.808000 68.000000 60
68.000000 69.664000 66
69.664000 70.912000 70
70.912000 71.776000 66
71.968000 72.608000 64
72.608000 72.672000 62
72.672000 74.432000 61
74.528000 76.000000 60
76.864000 77.600000 63
77.728000 78.016000 67
78.016000 78.464000 68
78.464000 78.848000 71
78.848000 79.872000 70
80.032000 80.256000 65
80.256000 80.416000 64
80.416000 81.280000 63
81.632000 82.272000 64
82.272000 82.336000 62
82.336000 85.696000 60
86.336000 87.968000 68
88.064000 88.640000 70
88.832000 89.504000 71
89.632000 89.984000 63
89.984000 90.304000 71
90.432000 91.520000 72
91.520000 92.384000 70
92.384000 94.976000 66
96.032000 96.608000 55
96.608000 98.144000 60
98.464000 99.232000 63
99.232000 99.936000 71
100.096000 100.960000 70
101.312000 101.568000 70
101.568000 101.664000 68
101.664000 102.720000 67
102.720000 103.168000 65
103.264000 106.080000 68
106.176000 106.496000 71
107.040000 107.136000 74
107.136000 107.360000 75
107.360000 108.096000 76
108.096000 108.576000 73
125.440000 126.304000 61
126.304000 126.368000 61
126.368000 127.072000 63
127.072000 128.000000 67
128.000000 128.704000 68
128.832000 129.088000 70
129.088000 129.248000 68
129.248000 129.568000 66
129.696000 129.920000 63
130.336000 130.720000 63
130.816000 131.136000 63
131.232000 131.424000 60
131.424000 131.584000 59
131.584000 134.208000 60
135.264000 136.160000 63
136.160000 136.320000 67
136.320000 136.928000 69
136.928000 137.312000 71
137.312000 137.792000 71
137.792000 138.432000 69
138.432000 139.136000 67
139.328000 139.776000 63
140.064000 140.832000 64
140.928000 141.696000 59
141.856000 144.128000 57
144.992000 145.248000 67
145.248000 146.912000 68
146.912000 148.160000 71
148.352000 148.736000 65
148.736000 148.768000 67
148.768000 148.928000 71
148.928000 150.240000 72
150.240000 151.200000 70
151.328000 152.384000 64
152.384000 154.016000 65
154.848000 155.648000 56
155.776000 157.120000 59
157.408000 158.080000 63
158.240000 158.464000 70
158.464000 158.688000 72
158.688000 159.936000 70
160.384000 160.512000 69
160.512000 160.608000 68
160.608000 166.080000 68
166.144000 166.176000 67
166.240000 166.400000 67
172.000000 173.664000 67
