38.656000 39.008000 55
39.136000 39.264000 55
39.968000 40.128000 57
40.352000 40.992000 55
41.408000 42.208000 59
43.200000 43.360000 57
43.520000 43.712000 55
44.032000 44.960000 57
47.040000 47.712000 59
47.904000 48.384000 57
48.608000 49.152000 58
49.312000 49.472000 57
49.696000 50.240000 58
50.784000 51.104000 55
52.608000 52.736000 57
52.992000 53.280000 57
53.696000 53.856000 58
54.080000 54.240000 57
56.800000 56.864000 69
56.864000 56.960000 74
57.216000 57.440000 57
57.696000 58.144000 55
58.752000 59.616000 59
60.192000 60.288000 58
60.512000 60.704000 57
60.896000 61.408000 55
61.632000 61.952000 55
61.952000 62.272000 57
64.256000 64.544000 77
64.704000 64.992000 59
65.248000 65.440000 55
65.568000 66.496000 59
66.656000 67.552000 59
67.936000 68.320000 55
69.920000 70.912000 59
71.040000 71.872000 59
73.920000 74.240000 68
74.240000 74.528000 74
74.720000 75.168000 71
75.296000 75.744000 71
76.000000 76.288000 69
76.384000 76.704000 69
76.704000 76.960000 68
77.152000 77.888000 69
78.208000 78.496000 68
78.496000 79.168000 74
79.264000 79.552000 71
79.648000 80.032000 71
80.320000 80.928000 69
81.056000 81.280000 67
81.472000 82.176000 69
82.496000 83.648000 68
83.648000 83.872000 74
83.936000 84.736000 71
84.736000 85.984000 70
86.144000 87.072000 67
87.328000 88.160000 66
90.464000 90.752000 66
90.880000 91.392000 66
91.872000 93.024000 56
93.440000 94.336000 67
94.464000 94.656000 72
94.656000 94.848000 74
94.848000 96.896000 73
97.728000 97.920000 73
98.240000 98.752000 67
98.752000 98.816000 70
98.816000 99.360000 74
99.360000 100.960000 71
102.400000 103.072000 67
103.072000 103.136000 69
103.136000 103.360000 72
103.360000 103.520000 74
103.520000 105.504000 73
106.720000 107.392000 71
107.488000 108.064000 67
108.224000 109.184000 67
109.248000 109.440000 63
109.440000 109.792000 67
110.144000 110.304000 67
110.304000 110.368000 66
110.368000 111.136000 64
111.136000 111.776000 68
111.776000 115.200000 74
115.296000 115.456000 69
115.456000 116.128000 68
116.128000 117.984000 74
117.984000 118.368000 68
118.976000 120.480000 68
120.480000 122.816000 72
124.032000 124.608000 70
124.800000 125.408000 67
125.568000 127.936000 67
131.424000 131.520000 66
142.656000 143.232000 69
143.712000 144.224000 79
144.320000 144.416000 79
154.624000 154.720000 75
158.144000 158.432000 74
167.136000 167.264000 66
167.456000 167.616000 66
