9.408000 9.536000 49
11.008000 11.072000 57
11.072000 11.264000 59
11.360000 12.224000 59
12.224000 13.120000 57
13.472000 13.696000 59
13.856000 14.336000 61
14.496000 14.720000 54
14.816000 15.648000 54
16.000000 16.192000 59
16.288000 16.768000 59
16.928000 18.048000 59
18.144000 18.400000 59
18.528000 18.752000 60
18.752000 18.976000 57
19.168000 19.680000 55
19.680000 20.640000 57
20.640000 21.152000 65
21.280000 21.440000 64
21.760000 21.856000 61
21.952000 22.144000 61
22.272000 23.072000 59
23.200000 23.296000 66
23.392000 24.032000 64
24.160000 24.640000 61
24.832000 25.728000 59
25.728000 25.952000 61
25.952000 26.560000 61
26.752000 27.648000 59
27.968000 28.064000 49
28.192000 28.352000 49
28.576000 28.608000 52
28.800000 28.960000 61
29.152000 30.304000 59
30.720000 30.944000 55
30.944000 31.456000 59
31.648000 32.480000 61
33.152000 33.344000 53
33.344000 33.440000 56
33.536000 33.984000 59
34.208000 35.040000 57
35.680000 35.904000 64
35.904000 36.000000 61
36.000000 36.256000 60
36.256000 36.576000 54
36.704000 37.472000 52
37.856000 38.176000 58
38.176000 38.432000 61
38.432000 39.104000 57
39.104000 40.480000 61
40.736000 40.832000 52
40.832000 40.992000 55
40.992000 41.504000 59
41.632000 42.784000 61
43.200000 43.264000 52
43.264000 43.328000 53
43.328000 43.424000 55
43.424000 43.712000 59
43.808000 45.088000 59
45.568000 45.664000 57
45.664000 45.792000 62
45.888000 46.048000 62
46.048000 46.144000 59
46.144000 46.464000 59
46.592000 47.520000 57
47.936000 48.000000 53
48.000000 48.064000 55
48.064000 48.128000 59
48.128000 48.416000 64
48.416000 48.896000 62
49.120000 49.216000 59
49.216000 49.632000 61
49.632000 50.016000 59
50.080000 50.528000 69
50.624000 51.264000 68
51.264000 51.776000 65
51.904000 52.416000 61
52.416000 53.024000 61
53.184000 54.560000 64
54.656000 54.784000 59
54.976000 55.072000 59
55.328000 55.584000 61
55.584000 55.936000 56
55.936000 56.224000 60
56.352000 56.576000 56
56.576000 57.632000 61
57.888000 58.336000 61
58.496000 58.752000 61
58.848000 58.944000 55
59.104000 59.328000 64
59.520000 59.936000 63
60.352000 60.704000 62
60.704000 61.184000 72
61.312000 61.856000 64
61.984000 64.832000 64
64.832000 64.960000 58
65.344000 65.440000 57
65.632000 65.952000 56
65.952000 66.112000 58
66.176000 66.560000 56
66.560000 66.720000 61
66.944000 67.648000 62
67.904000 68.160000 61
68.160000 68.448000 55
68.448000 68.736000 61
69.120000 70.688000 64
70.816000 72.224000 62
72.224000 72.704000 61
72.704000 74.176000 66
74.176000 74.752000 66
74.976000 75.072000 61
75.072000 75.136000 59
75.168000 76.384000 59
76.512000 77.120000 59
80.448000 80.480000 59
80.704000 80.864000 59
81.024000 81.248000 59
81.376000 81.472000 59
81.664000 82.208000 61
82.304000 82.464000 54
82.464000 82.688000 58
82.912000 83.104000 61
83.264000 83.520000 57
83.520000 83.680000 61
84.096000 84.320000 59
84.448000 84.704000 61
84.704000 85.088000 59
85.152000 85.856000 59
86.080000 86.240000 59
86.400000 86.560000 59
86.720000 86.880000 59
86.880000 87.200000 64
87.296000 87.680000 62
87.936000 88.096000 54
88.096000 88.704000 61
88.800000 88.992000 61
89.184000 89.248000 55
89.440000 89.632000 61
89.632000 89.984000 60
91.360000 91.520000 59
91.616000 92.288000 61
92.800000 92.864000 55
92.864000 93.088000 59
93.184000 93.440000 59
93.536000 94.272000 59
94.272000 94.944000 61
95.360000 95.520000 59
95.680000 96.192000 59
96.352000 96.512000 59
96.576000 96.800000 59
96.960000 97.600000 61
97.856000 98.112000 59
98.176000 99.008000 60
99.168000 99.648000 59
99.648000 100.192000 61
100.704000 100.928000 55
100.928000 101.440000 59
101.632000 102.656000 61
102.656000 103.264000 61
103.552000 103.936000 59
104.160000 105.120000 57
105.696000 105.920000 64
105.920000 105.984000 62
105.984000 106.208000 61
106.336000 106.528000 54
106.688000 107.456000 52
108.096000 108.160000 54
108.160000 108.544000 61
108.704000 109.280000 59
109.280000 110.496000 61
110.720000 110.976000 55
110.976000 111.424000 59
111.680000 112.192000 61
112.192000 112.288000 60
112.288000 112.576000 58
112.576000 113.152000 61
113.152000 113.696000 58
113.792000 114.048000 59
114.144000 115.264000 57
115.712000 115.808000 62
115.904000 116.064000 61
116.160000 116.512000 59
116.640000 117.376000 57
117.856000 118.016000 53
118.016000 118.176000 57
118.176000 118.432000 64
118.432000 118.720000 61
118.816000 118.944000 59
119.136000 120.032000 63
120.032000 121.280000 69
121.280000 121.856000 64
121.920000 123.072000 61
123.136000 123.424000 64
123.616000 124.800000 61
124.992000 125.088000 58
125.344000 125.664000 61
125.664000 125.888000 54
125.984000 126.208000 61
126.336000 126.432000 65
126.592000 127.584000 62
127.904000 128.128000 61
128.480000 128.736000 61
128.864000 128.992000 66
129.088000 129.344000 64
129.504000 129.952000 61
130.048000 131.200000 69
131.296000 131.776000 64
131.936000 132.352000 63
132.512000 134.816000 64
135.296000 135.424000 57
135.680000 135.840000 55
135.936000 135.968000 56
136.192000 136.448000 56
136.576000 136.768000 61
137.088000 137.568000 63
137.856000 138.176000 61
138.240000 138.368000 68
138.560000 138.752000 64
139.104000 139.360000 64
139.360000 140.544000 62
140.544000 141.792000 59
141.856000 142.336000 64
146.784000 146.880000 62
147.008000 147.424000 64
150.080000 150.656000 61
151.552000 151.712000 62
153.248000 153.344000 66
160.000000 161.152000 69
161.344000 161.856000 64
161.856000 163.072000 63
163.264000 163.840000 64
163.840000 164.864000 61
165.184000 165.280000 57
165.376000 165.664000 61
165.664000 165.888000 55
166.016000 166.240000 61
166.240000 166.464000 58
166.656000 167.840000 61
167.840000 168.160000 60
168.160000 168.384000 55
168.480000 168.800000 61
168.800000 169.088000 56
169.088000 169.152000 61
169.152000 169.376000 64
169.376000 170.016000 62
170.080000 171.296000 69
171.296000 171.872000 64
172.000000 173.088000 61
173.216000 173.312000 62
173.312000 173.696000 64
173.696000 174.624000 62
175.360000 175.616000 60
175.712000 176.032000 55
176.032000 176.192000 60
176.288000 176.448000 54
176.640000 177.632000 61
177.920000 178.144000 60
178.272000 178.528000 56
178.528000 178.784000 60
178.784000 178.944000 55
179.104000 179.264000 61
179.424000 179.936000 62
179.936000 181.248000 69
181.248000 181.792000 66
181.920000 182.464000 61
182.560000 182.848000 59
182.848000 183.136000 61
183.232000 183.552000 64
183.552000 184.480000 62
184.608000 184.832000 61
185.312000 185.824000 61
185.920000 186.176000 60
186.560000 187.072000 62
187.072000 187.520000 64
187.712000 188.352000 66
188.480000 188.704000 66
189.088000 189.376000 64
189.536000 189.920000 66
190.048000 190.688000 69
190.688000 191.264000 68
191.264000 191.680000 71
191.680000 194.944000 67
195.168000 195.424000 66
195.520000 197.120000 71
197.120000 197.440000 66
197.440000 197.600000 63
197.824000 198.336000 70
198.464000 198.976000 68
199.104000 206.944000 69
210.208000 210.528000 57
210.688000 211.168000 56
211.328000 211.808000 59
211.904000 212.032000 62
212.192000 212.288000 65
212.512000 212.672000 68
213.024000 213.184000 68
213.408000 214.272000 68
214.272000 216.288000 65
216.864000 216.960000 67
217.216000 217.440000 67
217.728000 218.176000 69
