17.696000 17.824000 61
17.984000 18.112000 62
18.304000 19.456000 65
19.968000 20.512000 65
36.576000 36.896000 61
37.504000 37.856000 61
38.720000 39.232000 61
40.160000 40.608000 61
41.248000 41.472000 61
43.552000 43.680000 61
44.512000 44.576000 56
44.576000 44.704000 57
44.704000 44.896000 58
44.896000 45.408000 64
45.408000 48.896000 66
49.280000 49.632000 65
49.632000 52.256000 63
52.672000 52.896000 61
53.664000 54.272000 61
54.976000 56.320000 56
56.416000 56.576000 56
56.736000 56.864000 56
56.960000 57.312000 58
57.440000 58.336000 56
58.656000 59.328000 50
64.096000 64.320000 56
64.448000 65.472000 56
65.568000 65.984000 56
66.112000 66.368000 56
66.560000 67.424000 63
67.840000 68.256000 56
68.256000 70.304000 61
71.744000 72.192000 58
72.192000 72.768000 61
72.960000 73.312000 63
73.440000 73.664000 65
73.856000 74.112000 59
74.112000 74.304000 62
74.304000 74.784000 65
74.976000 75.168000 58
75.264000 75.968000 63
76.416000 76.672000 56
76.672000 76.960000 59
76.960000 77.408000 61
77.536000 77.664000 62
77.664000 77.824000 63
77.984000 78.208000 65
78.400000 78.560000 58
78.688000 79.040000 63
79.136000 79.392000 65
79.552000 79.680000 58
79.872000 80.608000 61
80.800000 81.216000 56
81.216000 81.984000 61
82.144000 82.272000 61
82.272000 82.752000 65
82.976000 83.168000 58
83.264000 83.392000 61
83.392000 83.936000 65
84.096000 84.320000 58
84.320000 84.384000 59
84.384000 85.056000 65
85.216000 85.408000 58
85.504000 85.664000 62
85.664000 86.144000 65
86.368000 86.528000 61
86.688000 87.424000 66
87.552000 87.712000 65
87.840000 88.000000 63
88.128000 88.416000 65
88.416000 89.696000 68
89.856000 90.400000 65
90.400000 91.008000 62
91.296000 92.864000 65
92.992000 94.720000 63
95.072000 96.256000 63
96.416000 96.800000 63
96.800000 97.376000 61
97.376000 99.200000 58
99.552000 99.712000 58
99.808000 100.160000 58
100.384000 101.504000 66
101.504000 101.664000 62
101.824000 102.336000 61
102.432000 102.880000 58
103.008000 103.360000 61
103.584000 104.032000 63
104.128000 104.608000 65
104.992000 105.216000 66
105.312000 105.472000 65
105.568000 105.760000 61
105.856000 106.720000 66
106.720000 106.976000 62
106.976000 108.608000 65
108.960000 109.376000 56
109.568000 111.136000 65
111.264000 111.712000 62
111.712000 113.184000 68
113.408000 113.952000 61
114.144000 115.552000 63
115.680000 116.000000 68
116.160000 117.856000 65
118.144000 118.272000 58
118.464000 118.560000 58
118.720000 119.840000 66
119.840000 120.608000 63
120.736000 121.152000 58
121.312000 121.728000 61
121.888000 122.848000 65
123.072000 123.200000 59
123.200000 124.320000 66
124.416000 124.768000 65
124.768000 125.120000 61
125.280000 126.144000 58
126.432000 127.008000 57
127.008000 129.824000 61
130.304000 130.656000 61
134.976000 135.200000 61
135.744000 135.968000 56
135.968000 136.832000 61
137.248000 137.824000 56
138.016000 140.608000 58
141.216000 141.632000 50
141.632000 142.176000 53
146.496000 147.008000 56
147.136000 147.712000 56
147.840000 148.736000 56
148.864000 149.504000 63
150.048000 151.136000 66
151.136000 152.608000 61
153.216000 153.376000 59
153.568000 153.856000 60
154.176000 154.432000 56
154.432000 154.688000 59
154.688000 155.104000 61
155.264000 155.616000 63
155.712000 155.936000 65
156.096000 156.416000 58
156.416000 156.544000 62
156.544000 157.088000 65
157.344000 157.568000 58
157.568000 158.240000 63
158.656000 158.912000 56
158.912000 159.232000 59
159.232000 159.680000 61
159.808000 160.160000 63
160.256000 160.448000 65
160.672000 160.800000 58
160.992000 161.280000 63
161.408000 161.632000 65
161.856000 161.984000 58
162.272000 162.912000 61
163.168000 163.520000 57
163.520000 164.256000 61
164.480000 164.544000 61
164.544000 164.992000 65
165.280000 165.408000 58
165.536000 165.600000 61
165.600000 166.176000 65
166.368000 166.656000 58
166.720000 166.784000 62
166.784000 167.040000 65
167.104000 167.264000 65
167.456000 167.712000 58
167.808000 167.968000 62
167.968000 168.480000 65
168.672000 168.832000 60
168.960000 169.664000 66
169.824000 169.984000 65
170.080000 170.368000 63
170.368000 172.032000 68
172.128000 172.896000 65
172.896000 172.960000 62
173.120000 173.440000 56
173.504000 175.136000 65
175.264000 175.456000 61
175.552000 176.864000 63
177.344000 178.560000 63
178.720000 179.136000 63
179.264000 181.792000 60
182.112000 182.496000 58
182.688000 183.808000 66
183.808000 183.968000 63
184.096000 184.640000 61
184.736000 185.152000 58
185.248000 185.664000 61
185.856000 185.984000 62
185.984000 186.848000 65
187.232000 187.456000 66
187.552000 188.992000 66
188.992000 189.216000 62
189.216000 191.008000 66
191.264000 191.648000 56
191.904000 193.376000 65
193.536000 193.664000 60
193.664000 193.952000 61
193.952000 195.424000 68
195.712000 196.192000 61
196.448000 197.376000 63
197.536000 197.824000 63
197.984000 198.272000 68
198.432000 199.936000 65
199.936000 200.128000 61
200.256000 200.512000 58
200.704000 200.832000 58
200.960000 202.336000 66
202.336000 202.816000 61
202.976000 203.392000 58
203.552000 203.968000 61
204.128000 204.576000 63
204.672000 205.312000 65
205.472000 206.560000 66
206.656000 207.072000 65
207.072000 207.424000 61
207.520000 208.000000 58
208.160000 208.416000 56
208.704000 209.248000 56
209.248000 209.824000 61
209.824000 212.256000 64
212.256000 212.512000 65
212.512000 214.528000 65
214.528000 216.736000 62
217.248000 217.472000 61
218.240000 218.400000 58
219.136000 219.552000 53
219.872000 220.320000 53
220.480000 220.608000 53
220.896000 222.016000 54
222.176000 222.688000 53
222.784000 223.104000 53
223.200000 223.552000 53
223.776000 223.840000 54
223.904000 224.032000 56
224.192000 224.288000 55
224.480000 224.544000 55
224.608000 224.672000 56
224.736000 224.768000 54
225.056000 225.184000 53
225.312000 225.472000 52
225.632000 225.760000 52
225.856000 226.080000 56
226.752000 226.784000 56
226.848000 226.880000 56
227.296000 227.456000 61
227.904000 228.000000 63
228.608000 228.960000 61
229.056000 229.280000 58
229.280000 229.632000 61
229.728000 229.856000 57
229.856000 230.048000 59
230.176000 230.400000 56
230.560000 230.656000 56
230.976000 231.360000 61
231.424000 231.808000 61
231.968000 232.160000 57
232.160000 232.384000 61
232.512000 232.640000 56
232.768000 233.088000 63
233.344000 233.600000 67
233.632000 233.664000 65
233.888000 234.304000 63
234.592000 234.720000 61
234.848000 234.912000 59
235.136000 235.328000 56
235.456000 235.616000 59
235.968000 236.160000 65
236.544000 236.736000 63
237.536000 237.728000 62
237.728000 238.208000 65
238.432000 238.592000 59
238.720000 238.880000 62
238.880000 239.360000 65
239.552000 239.744000 58
239.744000 239.808000 60
239.808000 240.448000 65
240.608000 240.896000 59
240.896000 241.600000 65
241.792000 241.952000 61
242.080000 242.208000 65
242.208000 244.384000 68
244.384000 246.144000 69
246.144000 246.496000 57
246.688000 248.288000 66
248.416000 250.112000 64
250.688000 251.168000 62
251.296000 251.616000 64
251.840000 252.064000 67
252.352000 253.088000 61
253.088000 254.848000 59
255.232000 255.616000 59
255.808000 256.960000 67
257.248000 257.728000 62
257.856000 258.016000 57
258.016000 258.432000 59
258.432000 258.816000 62
259.008000 259.072000 62
259.072000 259.712000 65
259.712000 260.032000 66
260.448000 260.608000 67
260.736000 260.864000 66
260.992000 261.120000 61
261.216000 261.760000 67
261.856000 262.080000 66
262.080000 262.592000 66
262.624000 264.096000 67
264.416000 264.800000 57
265.056000 266.560000 66
266.688000 267.104000 62
267.104000 267.488000 64
267.488000 268.608000 71
268.960000 269.344000 62
269.568000 270.336000 64
270.688000 270.976000 64
271.104000 271.424000 69
271.808000 271.872000 69
272.000000 272.480000 71
273.408000 274.016000 60
274.144000 274.976000 70
275.136000 275.968000 66
276.160000 276.576000 59
276.704000 277.088000 62
277.280000 277.696000 64
277.792000 278.656000 66
278.720000 279.776000 67
279.840000 280.224000 66
280.224000 280.576000 62
280.736000 281.184000 59
281.824000 282.432000 58
282.432000 283.136000 62
283.136000 284.160000 65
284.288000 286.144000 62
286.528000 286.688000 62
289.216000 290.912000 66
291.008000 292.704000 62
293.632000 293.760000 62
294.080000 294.272000 62
294.272000 294.368000 63
294.368000 294.688000 69
295.680000 297.728000 71
297.824000 298.464000 57
298.560000 300.544000 66
300.832000 301.056000 59
301.152000 301.504000 59
301.504000 301.952000 59
301.952000 302.688000 57
302.784000 303.584000 54
303.712000 304.064000 54
304.160000 304.288000 54
