36.640000 37.120000 55
37.120000 37.280000 55
37.408000 37.632000 55
37.632000 39.520000 57
40.096000 40.768000 60
40.928000 41.504000 57
41.728000 42.112000 57
42.304000 42.560000 58
42.560000 43.296000 57
44.160000 44.320000 52
44.448000 44.864000 55
44.960000 45.952000 55
46.144000 46.912000 55
47.008000 47.456000 52
47.552000 47.744000 48
47.936000 49.248000 52
49.344000 50.176000 52
50.848000 51.296000 52
51.392000 53.280000 55
54.112000 54.304000 53
54.304000 54.496000 58
54.592000 54.848000 55
54.848000 55.776000 60
56.032000 56.224000 57
56.320000 56.512000 55
56.608000 56.896000 52
57.280000 57.856000 50
58.112000 58.272000 48
59.040000 59.584000 50
59.808000 60.000000 48
60.128000 60.192000 51
60.192000 60.832000 55
60.992000 62.784000 52
64.832000 65.024000 52
65.152000 66.144000 57
66.240000 67.488000 57
68.064000 68.768000 60
68.864000 69.344000 57
69.440000 70.112000 57
70.240000 70.528000 57
70.528000 71.072000 56
72.032000 72.192000 52
72.352000 72.448000 52
72.448000 72.832000 55
72.928000 73.088000 53
73.248000 73.920000 55
74.112000 74.624000 55
74.720000 74.944000 53
75.072000 75.456000 52
75.456000 75.776000 51
75.904000 77.184000 52
77.312000 78.080000 53
78.560000 78.688000 49
78.784000 78.944000 50
79.072000 79.520000 52
79.520000 79.840000 55
79.936000 80.896000 52
80.992000 81.088000 52
82.048000 82.208000 53
82.208000 82.880000 59
82.880000 83.104000 59
83.104000 83.616000 60
83.712000 84.384000 59
84.576000 85.440000 62
85.760000 85.952000 57
86.048000 86.336000 56
86.336000 87.040000 60
87.168000 87.296000 57
87.296000 87.712000 60
87.712000 87.904000 57
88.064000 88.576000 60
88.576000 88.800000 57
88.960000 89.536000 58
89.536000 91.136000 64
91.296000 91.488000 62
91.616000 95.168000 62
96.512000 96.672000 55
96.832000 97.600000 62
97.696000 99.712000 60
99.968000 100.192000 55
100.320000 101.248000 62
101.248000 101.664000 59
101.760000 102.304000 60
102.304000 103.008000 57
103.488000 103.744000 58
103.744000 106.752000 65
106.976000 107.168000 69
107.264000 110.208000 65
110.496000 110.656000 55
110.816000 113.728000 62
113.952000 114.304000 58
114.304000 114.528000 62
114.528000 115.488000 64
115.488000 116.096000 60
116.096000 117.056000 62
117.472000 117.696000 56
117.696000 119.424000 64
119.552000 120.800000 62
120.992000 121.152000 57
121.152000 121.248000 59
121.248000 122.592000 64
122.720000 124.096000 65
124.480000 124.672000 63
124.800000 125.824000 63
125.920000 126.144000 60
126.240000 126.400000 57
126.560000 127.392000 62
128.096000 131.776000 60
141.504000 141.824000 52
141.984000 142.496000 56
142.496000 142.976000 57
143.104000 144.448000 57
144.928000 145.632000 60
145.760000 146.240000 57
146.336000 147.040000 57
147.168000 147.488000 57
147.488000 148.224000 52
148.960000 149.088000 52
149.280000 149.984000 55
150.144000 150.816000 55
150.976000 151.808000 56
151.968000 152.384000 53
152.384000 152.672000 50
152.672000 154.112000 52
154.208000 154.496000 53
154.528000 154.976000 52
155.680000 155.840000 50
155.936000 156.384000 53
156.384000 156.704000 55
156.832000 157.376000 52
157.504000 157.664000 52
158.912000 159.072000 53
159.072000 159.136000 55
159.136000 159.392000 59
159.392000 159.712000 57
159.712000 159.776000 57
159.776000 160.512000 60
160.512000 161.120000 57
161.120000 162.304000 62
162.688000 163.072000 57
163.232000 163.328000 58
163.328000 163.712000 60
163.712000 163.936000 59
164.096000 164.192000 58
164.192000 164.640000 60
164.640000 165.248000 60
165.312000 166.400000 60
166.400000 168.352000 65
168.480000 169.408000 64
169.920000 170.112000 55
170.208000 173.216000 64
173.216000 173.504000 64
173.760000 174.176000 62
174.336000 175.072000 60
175.168000 175.712000 61
175.712000 176.320000 57
176.864000 177.216000 57
177.216000 180.224000 64
180.416000 180.704000 58
180.704000 180.800000 62
180.800000 183.552000 65
183.904000 184.064000 55
184.224000 187.136000 62
187.296000 187.584000 55
187.680000 187.776000 60
187.776000 188.320000 62
188.320000 188.864000 64
188.864000 189.056000 60
189.152000 189.408000 59
189.408000 190.560000 62
190.848000 191.008000 55
191.168000 194.176000 64
194.176000 194.560000 59
194.656000 197.504000 67
197.824000 198.048000 64
198.176000 198.432000 62
198.432000 199.808000 60
199.904000 200.096000 62
200.096000 201.056000 65
201.216000 203.200000 65
203.200000 206.016000 60
214.016000 215.136000 68
217.088000 217.248000 56
217.408000 220.352000 63
220.672000 220.768000 57
220.928000 221.344000 63
221.504000 222.240000 61
222.368000 222.912000 61
222.912000 223.616000 59
224.192000 224.320000 58
224.416000 227.328000 65
227.616000 227.904000 58
227.904000 228.896000 65
228.896000 230.144000 66
230.144000 230.752000 63
230.976000 231.264000 63
231.392000 233.088000 63
233.184000 233.792000 60
233.792000 234.944000 61
234.944000 236.064000 65
236.320000 236.640000 58
236.672000 237.600000 63
238.016000 238.240000 66
238.336000 241.376000 65
241.504000 241.760000 59
241.856000 241.920000 63
241.920000 242.528000 69
242.528000 242.656000 63
242.752000 244.736000 66
245.088000 245.280000 65
245.376000 246.432000 64
246.560000 246.752000 61
246.848000 246.944000 58
247.168000 249.440000 63
