11.200000 11.680000 73
12.288000 12.480000 67
15.360000 15.840000 51
16.000000 16.416000 54
16.576000 17.248000 59
17.664000 18.368000 55
18.528000 18.976000 53
19.808000 20.000000 50
20.608000 20.800000 50
21.472000 21.664000 53
21.856000 23.040000 59
23.104000 23.264000 56
23.424000 23.808000 56
24.128000 24.384000 54
24.544000 25.664000 53
25.856000 26.144000 51
26.496000 26.560000 50
27.008000 28.000000 54
28.000000 28.384000 58
28.512000 29.056000 59
29.376000 30.112000 56
30.112000 31.040000 59
31.616000 31.968000 61
32.192000 32.704000 59
33.184000 33.504000 56
33.632000 33.888000 59
33.888000 34.496000 63
34.496000 34.784000 56
35.072000 35.360000 61
35.360000 35.904000 59
36.000000 36.256000 59
36.352000 37.600000 61
38.336000 38.592000 63
38.720000 39.840000 63
39.840000 40.000000 63
40.160000 40.576000 59
40.832000 40.992000 63
40.992000 41.504000 62
41.504000 42.016000 60
42.144000 42.496000 59
42.496000 43.072000 61
43.456000 44.000000 58
44.160000 44.576000 58
44.928000 44.992000 59
44.992000 46.304000 64
46.400000 46.592000 63
46.752000 47.872000 61
48.000000 48.864000 63
49.312000 49.952000 59
50.080000 50.304000 56
50.592000 50.848000 56
50.944000 51.520000 59
51.808000 53.376000 61
53.728000 54.176000 61
54.304000 54.944000 66
54.944000 55.744000 61
55.872000 56.512000 63
56.960000 57.120000 64
57.216000 58.080000 64
58.240000 58.720000 59
58.848000 59.424000 61
59.904000 60.096000 58
60.096000 60.224000 59
60.224000 61.216000 62
61.216000 62.592000 63
63.200000 64.416000 61
64.544000 64.928000 61
65.248000 65.408000 60
65.408000 65.600000 61
65.600000 66.592000 66
66.752000 68.288000 63
69.088000 70.976000 63
71.136000 71.232000 64
71.232000 72.832000 68
72.832000 74.016000 65
74.144000 74.336000 62
74.336000 74.528000 63
74.528000 75.168000 68
75.488000 75.840000 61
75.936000 76.192000 62
76.192000 76.608000 68
76.608000 76.800000 61
76.928000 77.248000 62
77.472000 78.848000 68
78.976000 79.712000 65
80.128000 80.352000 60
80.352000 80.672000 63
80.768000 81.088000 65
81.088000 81.632000 59
81.856000 82.112000 60
82.112000 82.528000 65
82.848000 83.040000 58
83.296000 83.488000 61
83.488000 84.192000 68
84.192000 86.080000 64
86.624000 87.584000 61
87.712000 88.416000 61
88.640000 88.896000 61
88.896000 89.344000 65
89.504000 89.664000 63
89.664000 90.112000 66
90.112000 90.560000 63
90.656000 91.744000 63
92.448000 92.608000 61
92.608000 94.912000 66
95.008000 95.296000 68
95.392000 97.440000 66
97.600000 97.760000 62
97.760000 98.048000 65
98.144000 98.592000 68
98.912000 99.232000 61
99.392000 99.616000 62
99.616000 100.064000 68
100.320000 100.768000 61
100.864000 101.088000 68
101.088000 101.824000 68
101.984000 102.240000 65
102.240000 102.752000 65
102.752000 103.392000 66
103.392000 104.128000 62
104.544000 104.768000 59
104.768000 105.344000 61
105.504000 105.728000 58
105.856000 106.656000 63
106.752000 107.424000 68
107.520000 108.224000 62
108.320000 108.448000 61
108.544000 111.584000 61
115.904000 116.160000 63
116.288000 116.864000 59
116.928000 117.184000 57
117.184000 117.568000 63
117.728000 118.112000 59
118.400000 118.560000 63
118.560000 119.104000 62
119.104000 119.584000 60
119.712000 120.064000 59
120.064000 120.672000 61
120.992000 121.440000 58
121.600000 122.144000 58
122.464000 124.160000 64
124.320000 124.544000 61
124.672000 125.440000 61
125.568000 126.464000 63
126.880000 127.488000 59
127.616000 127.872000 56
128.096000 128.416000 56
128.512000 128.640000 58
128.736000 129.056000 58
129.376000 130.944000 61
131.296000 131.744000 61
131.872000 132.480000 66
132.480000 133.280000 62
133.408000 134.080000 63
134.528000 134.688000 64
134.784000 135.648000 64
135.840000 136.288000 59
136.384000 136.992000 61
137.440000 137.664000 58
137.664000 137.856000 61
137.856000 140.000000 63
140.768000 141.984000 61
142.112000 142.656000 61
142.816000 142.976000 60
142.976000 143.328000 62
143.328000 144.160000 66
144.288000 144.512000 63
144.608000 145.760000 63
146.624000 148.480000 63
148.672000 148.800000 65
148.800000 149.952000 68
149.952000 151.392000 65
151.680000 151.904000 62
151.904000 152.096000 63
152.096000 152.736000 68
152.896000 153.376000 61
153.504000 153.760000 62
153.760000 154.176000 68
154.176000 154.400000 61
154.496000 154.752000 61
155.040000 156.384000 68
156.512000 157.248000 65
157.600000 157.888000 59
157.888000 158.080000 61
158.176000 158.656000 65
158.656000 158.816000 59
158.944000 159.200000 58
159.392000 159.552000 58
159.648000 160.032000 65
160.160000 160.288000 58
160.384000 160.544000 58
160.832000 161.024000 61
161.120000 161.728000 68
161.824000 163.680000 64
164.224000 165.152000 61
165.280000 165.504000 60
165.504000 165.952000 61
165.952000 166.208000 57
166.208000 166.560000 63
166.560000 166.912000 65
167.040000 167.232000 63
167.232000 167.616000 66
167.712000 167.904000 63
168.000000 168.096000 61
168.224000 169.280000 63
170.016000 171.872000 63
172.064000 172.448000 66
172.576000 172.864000 68
172.960000 174.816000 66
175.136000 175.328000 62
175.328000 175.584000 65
175.712000 176.160000 68
176.256000 176.384000 62
176.480000 177.184000 62
177.184000 177.600000 68
177.888000 178.240000 61
178.432000 178.624000 68
178.624000 179.392000 68
179.552000 179.808000 65
179.808000 180.288000 64
180.288000 180.928000 66
181.024000 181.184000 61
181.184000 181.664000 58
182.112000 182.304000 59
182.304000 182.944000 61
183.072000 183.328000 58
183.424000 184.288000 63
184.288000 184.992000 68
185.120000 190.336000 63
191.072000 191.456000 66
191.616000 192.480000 66
193.792000 194.016000 65
194.016000 194.432000 65
194.528000 195.200000 61
195.456000 196.000000 61
196.000000 196.640000 65
196.768000 197.344000 64
197.440000 198.208000 65
198.560000 199.296000 61
199.648000 200.256000 63
200.416000 201.056000 60
201.152000 201.504000 59
201.504000 201.728000 60
201.728000 204.384000 68
204.576000 205.952000 66
206.112000 207.360000 61
207.744000 207.808000 58
207.808000 208.000000 61
208.096000 208.832000 66
208.992000 209.184000 58
209.184000 209.888000 61
210.208000 210.432000 61
210.432000 210.912000 65
211.008000 211.296000 65
211.392000 211.936000 63
212.288000 213.344000 65
213.536000 213.824000 65
213.920000 214.432000 66
214.432000 216.672000 68
216.896000 217.536000 61
217.952000 218.080000 60
218.240000 218.624000 61
219.008000 219.328000 62
219.328000 219.584000 65
219.776000 220.256000 66
220.416000 220.608000 63
220.736000 220.832000 61
220.928000 221.696000 63
222.720000 223.360000 63
223.712000 223.968000 62
223.968000 224.608000 63
224.800000 224.864000 64
224.864000 226.496000 68
226.496000 227.616000 65
227.808000 228.000000 62
228.000000 228.192000 63
228.192000 228.832000 68
229.152000 229.440000 61
229.600000 229.856000 62
229.856000 230.240000 68
230.240000 230.464000 61
230.592000 231.008000 61
231.136000 232.480000 68
232.608000 233.408000 65
233.696000 233.984000 60
234.112000 234.208000 61
234.208000 234.752000 65
234.752000 234.880000 60
235.136000 235.296000 59
235.520000 235.712000 60
235.712000 236.128000 65
236.256000 236.416000 58
236.480000 236.608000 58
236.896000 237.120000 61
237.216000 237.856000 68
237.952000 239.808000 64
240.288000 241.248000 61
241.376000 241.568000 60
241.568000 242.048000 61
242.048000 242.336000 58
242.336000 243.712000 66
243.808000 244.032000 63
244.032000 244.192000 61
244.352000 245.408000 63
246.080000 247.808000 63
248.000000 248.032000 63
248.096000 248.576000 66
248.672000 248.960000 68
249.056000 250.912000 66
251.264000 251.424000 61
251.424000 251.712000 65
251.808000 252.256000 68
252.384000 252.864000 61
253.056000 253.280000 62
253.280000 253.728000 68
253.984000 254.464000 62
254.464000 255.488000 68
255.648000 255.904000 65
255.904000 256.416000 65
256.416000 256.704000 66
256.704000 257.024000 65
257.024000 257.344000 63
257.408000 257.728000 56
258.208000 258.400000 58
258.400000 259.040000 61
259.168000 259.424000 58
259.520000 260.416000 63
260.416000 261.088000 68
261.184000 262.112000 61
262.208000 265.376000 61
265.888000 266.080000 61
266.080000 266.240000 63
266.240000 266.912000 68
267.008000 267.456000 61
268.064000 268.416000 68
268.416000 269.024000 62
269.184000 269.440000 68
269.568000 269.952000 66
270.272000 270.400000 64
270.400000 270.656000 67
270.656000 270.784000 68
270.784000 270.816000 67
270.816000 271.392000 67
271.392000 272.000000 64
272.128000 274.848000 61
