5.856000 8.672000 61
8.864000 9.152000 59
23.296000 23.520000 57
23.616000 23.712000 58
23.808000 24.128000 58
24.640000 24.704000 55
24.896000 25.120000 57
25.216000 25.600000 58
25.824000 26.368000 57
26.464000 27.392000 59
28.320000 29.184000 58
29.632000 29.792000 55
29.920000 30.688000 58
30.848000 31.296000 57
31.456000 31.904000 62
31.904000 32.608000 61
33.792000 34.272000 56
34.272000 35.456000 60
35.552000 35.648000 55
35.808000 36.000000 53
36.160000 36.352000 53
36.768000 36.896000 54
37.088000 37.184000 56
37.184000 37.568000 60
37.728000 38.624000 58
39.008000 39.136000 58
39.136000 39.488000 57
39.584000 39.808000 58
39.904000 40.736000 62
40.832000 42.048000 60
42.176000 42.688000 60
43.328000 43.776000 58
43.872000 44.160000 58
44.288000 44.768000 58
44.896000 45.024000 58
45.248000 46.560000 58
47.136000 47.392000 53
48.320000 48.480000 53
48.640000 49.408000 53
49.600000 49.760000 52
49.760000 50.048000 53
50.048000 52.032000 58
52.640000 53.536000 62
53.664000 54.464000 58
54.880000 55.168000 58
55.168000 56.096000 62
56.096000 56.640000 59
56.832000 57.312000 54
57.440000 58.592000 60
59.552000 59.936000 62
59.936000 60.384000 60
60.384000 61.344000 59
61.568000 62.464000 54
63.264000 63.456000 60
63.456000 64.480000 65
64.480000 64.576000 60
65.120000 65.344000 58
65.344000 65.408000 59
65.408000 66.304000 65
66.464000 67.168000 62
67.168000 68.224000 60
68.896000 69.056000 58
69.248000 69.760000 58
69.888000 70.240000 70
70.336000 70.752000 69
70.752000 71.392000 66
72.000000 72.640000 62
72.640000 73.280000 58
73.856000 74.048000 58
74.208000 74.848000 67
74.848000 75.040000 63
75.136000 75.776000 62
75.776000 78.336000 62
79.168000 82.464000 63
82.464000 82.944000 58
83.488000 83.648000 60
83.648000 83.712000 61
83.712000 84.768000 65
85.152000 85.280000 58
85.472000 86.240000 65
86.432000 87.328000 62
87.328000 88.576000 59
88.832000 89.760000 58
89.888000 90.688000 70
90.816000 91.168000 69
91.168000 92.064000 66
93.792000 93.984000 58
94.208000 94.624000 67
94.848000 95.360000 63
95.520000 96.000000 62
96.128000 96.352000 60
96.480000 96.928000 58
97.184000 98.208000 62
98.912000 99.072000 56
99.264000 99.328000 61
99.328000 99.776000 65
99.872000 100.192000 67
100.320000 103.328000 65
107.264000 107.616000 58
107.744000 107.808000 67
107.808000 107.904000 68
107.904000 109.216000 70
109.216000 109.504000 67
109.632000 110.496000 68
110.624000 110.752000 65
110.752000 110.848000 67
110.848000 111.424000 68
111.424000 112.256000 67
112.256000 112.544000 63
116.064000 116.960000 58
117.056000 117.152000 55
117.664000 118.464000 58
118.624000 119.040000 57
119.200000 119.264000 56
119.264000 119.392000 57
119.392000 120.512000 60
121.056000 121.920000 58
122.048000 122.720000 56
122.720000 124.384000 62
124.384000 125.632000 62
126.112000 126.944000 55
127.040000 127.168000 57
127.296000 128.256000 60
128.256000 128.800000 55
128.896000 129.376000 54
129.504000 129.664000 54
129.824000 129.920000 56
129.920000 130.720000 60
130.720000 130.880000 56
131.040000 131.264000 56
131.616000 132.096000 58
132.288000 132.480000 58
132.576000 132.832000 60
132.832000 133.792000 62
133.792000 135.456000 61
135.968000 139.392000 60
139.744000 140.416000 54
140.864000 140.992000 53
141.216000 142.048000 53
142.336000 143.040000 56
143.040000 144.800000 58
145.024000 145.184000 55
145.376000 146.272000 62
146.368000 147.424000 58
147.552000 147.776000 58
147.776000 147.904000 59
147.904000 148.640000 62
148.640000 149.344000 60
149.536000 150.080000 55
150.080000 151.936000 61
152.256000 153.792000 63
153.792000 153.952000 58
153.952000 155.168000 58
155.872000 155.936000 60
155.936000 156.128000 61
156.128000 157.216000 65
157.568000 157.760000 58
157.760000 157.920000 62
157.920000 158.720000 65
158.912000 159.744000 62
159.744000 161.088000 60
161.376000 161.600000 58
161.696000 162.240000 58
162.336000 163.232000 70
163.232000 164.448000 66
164.448000 165.920000 62
166.368000 166.496000 58
166.656000 167.296000 67
167.296000 167.488000 64
167.584000 168.256000 62
168.256000 168.608000 61
168.608000 170.560000 62
170.560000 170.944000 62
171.616000 173.184000 63
173.184000 175.456000 61
175.712000 175.936000 58
175.936000 176.160000 60
176.160000 177.216000 65
177.568000 177.728000 58
177.952000 178.720000 65
178.880000 179.936000 62
179.936000 181.184000 58
181.280000 182.272000 60
182.272000 183.616000 70
183.616000 184.512000 66
184.512000 185.824000 63
186.304000 186.432000 59
186.688000 187.104000 67
187.296000 187.808000 63
187.936000 188.320000 62
188.320000 189.312000 60
189.568000 189.728000 60
189.728000 190.560000 62
190.560000 190.720000 57
191.392000 191.552000 64
191.680000 194.464000 67
194.464000 195.616000 61
195.936000 196.160000 67
196.320000 198.400000 70
198.528000 198.592000 66
198.592000 198.976000 69
198.976000 199.040000 69
199.040000 199.552000 70
199.552000 200.480000 72
200.736000 201.152000 69
201.472000 201.856000 67
201.856000 202.944000 66
203.040000 203.776000 58
204.704000 205.088000 59
205.088000 207.040000 65
207.360000 207.520000 58
208.256000 208.416000 66
208.544000 208.800000 67
208.800000 209.248000 65
209.792000 209.824000 59
210.112000 211.424000 65
211.520000 212.960000 65
213.216000 213.280000 62
213.280000 213.408000 64
213.408000 213.696000 65
213.696000 214.336000 72
214.496000 215.680000 72
215.968000 216.704000 63
216.704000 217.312000 65
217.568000 217.824000 58
217.824000 218.752000 65
218.912000 219.968000 62
219.968000 221.152000 58
221.280000 221.536000 58
221.696000 222.208000 58
222.304000 223.136000 70
223.232000 223.616000 68
223.616000 224.448000 65
224.448000 225.920000 63
226.336000 226.560000 59
226.688000 226.848000 66
226.848000 227.232000 67
227.328000 227.520000 63
227.648000 228.256000 62
228.256000 230.432000 62
230.432000 231.232000 62
231.616000 232.608000 65
232.608000 234.368000 61
234.496000 234.880000 62
234.880000 235.424000 59
235.904000 235.968000 60
235.968000 236.192000 61
236.192000 237.312000 65
237.952000 238.432000 65
238.432000 238.688000 63
238.880000 239.872000 62
239.872000 240.032000 58
240.128000 240.832000 58
241.056000 241.152000 56
241.504000 243.360000 58
243.360000 244.128000 62
244.448000 245.376000 72
245.376000 246.016000 71
246.688000 247.232000 67
247.232000 247.776000 64
247.936000 248.128000 61
248.128000 248.320000 62
248.320000 248.896000 61
248.896000 251.008000 61
251.392000 251.680000 62
251.680000 252.192000 67
252.192000 253.248000 63
253.376000 253.920000 60
253.920000 254.560000 59
254.656000 254.816000 60
255.136000 256.000000 61
256.384000 256.736000 62
256.736000 257.024000 67
257.152000 257.376000 65
257.376000 257.984000 64
257.984000 261.184000 62
261.600000 266.464000 58
