16.704000 16.768000 60
16.768000 16.864000 62
16.864000 17.632000 66
18.944000 19.040000 60
19.232000 19.552000 64
22.144000 22.304000 58
22.304000 23.168000 61
23.232000 23.840000 58
24.736000 24.864000 57
24.864000 25.376000 61
25.376000 25.632000 57
26.720000 26.944000 59
26.944000 27.136000 61
27.136000 27.712000 59
27.840000 28.160000 58
28.736000 29.312000 59
29.504000 29.824000 57
32.704000 32.832000 49
32.960000 33.088000 52
33.184000 33.376000 53
34.688000 34.880000 63
34.880000 35.040000 64
35.168000 35.552000 66
36.192000 36.640000 62
36.640000 36.928000 61
36.928000 37.760000 61
38.688000 39.264000 59
39.392000 39.904000 57
40.704000 40.832000 57
40.960000 41.632000 60
42.688000 42.848000 59
42.944000 43.072000 61
43.232000 43.744000 59
44.672000 44.896000 61
44.896000 45.568000 60
45.696000 46.112000 57
47.200000 47.360000 65
47.360000 47.648000 66
47.648000 48.416000 65
48.416000 49.312000 69
49.472000 49.664000 66
49.664000 50.144000 67
50.752000 51.680000 66
52.288000 53.024000 66
53.312000 53.568000 60
53.664000 53.952000 60
54.048000 54.144000 61
54.752000 55.072000 59
55.232000 55.744000 57
56.736000 57.344000 61
57.536000 57.984000 59
58.080000 58.208000 57
60.000000 60.256000 61
60.256000 60.992000 60
62.048000 62.304000 61
62.304000 63.456000 59
64.768000 64.864000 59
64.992000 65.152000 64
65.312000 65.728000 66
65.856000 65.920000 62
66.176000 66.912000 62
66.912000 67.328000 64
67.424000 67.552000 61
67.552000 68.480000 66
68.480000 68.736000 62
70.304000 70.400000 60
70.528000 71.008000 61
71.168000 71.328000 59
71.552000 71.968000 57
72.896000 73.120000 58
73.120000 73.856000 61
73.856000 74.016000 57
74.112000 75.008000 62
75.168000 75.264000 61
75.392000 76.096000 61
76.096000 76.544000 57
76.928000 77.088000 56
77.088000 77.440000 59
77.632000 78.336000 58
78.816000 79.456000 62
81.152000 81.216000 63
81.408000 81.824000 66
82.432000 82.720000 61
82.912000 83.072000 60
83.136000 83.392000 66
83.520000 83.808000 66
84.416000 85.344000 66
85.440000 85.760000 60
85.888000 86.432000 61
86.656000 86.848000 61
86.976000 87.200000 59
87.296000 87.616000 59
87.744000 88.128000 58
88.288000 88.384000 58
88.992000 89.088000 57
89.216000 89.696000 61
89.696000 89.984000 57
90.976000 91.520000 61
91.520000 91.904000 59
92.256000 92.704000 64
92.960000 93.184000 61
93.184000 93.920000 60
95.488000 96.608000 66
96.704000 97.536000 69
97.728000 98.368000 66
99.008000 99.840000 66
100.544000 101.472000 66
101.600000 101.792000 60
101.792000 102.016000 57
102.016000 102.400000 60
103.072000 103.200000 57
103.200000 103.616000 60
103.616000 104.224000 59
104.992000 105.056000 58
105.056000 105.088000 60
105.088000 105.536000 65
105.536000 106.592000 61
108.352000 108.544000 61
108.544000 108.864000 60
108.864000 109.120000 57
109.216000 109.600000 57
110.336000 110.560000 61
110.560000 111.104000 59
111.136000 111.168000 57
111.264000 111.424000 57
118.912000 121.216000 62
121.440000 122.368000 55
122.464000 123.904000 55
124.064000 124.576000 56
124.896000 125.568000 56
129.216000 129.376000 61
129.664000 129.792000 62
130.016000 130.080000 62
130.208000 130.368000 61
130.560000 131.136000 61
131.360000 131.616000 61
131.872000 132.704000 57
132.800000 133.312000 57
133.408000 134.112000 57
134.656000 135.008000 54
135.232000 135.488000 54
136.064000 136.992000 55
137.120000 137.216000 54
138.016000 138.304000 50
138.816000 140.032000 50
140.192000 140.384000 50
140.672000 142.208000 52
144.288000 144.448000 52
144.480000 144.768000 52
144.992000 145.792000 57
146.016000 146.560000 67
147.296000 148.224000 67
148.896000 149.728000 66
149.888000 150.528000 60
150.528000 150.656000 61
151.264000 152.480000 60
153.312000 153.632000 61
153.792000 154.208000 59
154.304000 154.528000 59
155.808000 156.032000 61
156.032000 156.416000 60
156.576000 156.672000 58
157.824000 158.048000 61
158.048000 158.464000 60
158.560000 158.656000 57
159.776000 160.256000 67
160.480000 160.768000 65
160.768000 160.896000 67
161.056000 161.280000 65
161.280000 161.664000 67
161.760000 161.856000 66
162.304000 162.816000 66
163.296000 164.224000 67
164.832000 165.728000 66
166.144000 166.368000 61
167.264000 167.712000 66
167.936000 168.064000 71
168.736000 168.800000 62
168.800000 169.216000 66
169.440000 169.600000 66
169.856000 169.984000 59
170.304000 170.528000 59
171.264000 171.488000 62
171.488000 171.680000 59
171.840000 171.968000 59
172.064000 172.352000 59
173.280000 173.504000 62
173.504000 173.728000 60
173.824000 174.144000 57
175.264000 175.392000 66
175.584000 175.776000 67
