18.048000 19.040000 65
19.104000 20.288000 65
20.288000 21.024000 63
21.152000 21.728000 64
21.824000 22.080000 61
22.624000 23.168000 55
23.680000 23.776000 52
23.872000 24.352000 52
24.576000 25.024000 60
25.088000 26.016000 60
26.016000 26.336000 55
26.432000 27.648000 55
28.928000 28.992000 56
28.992000 29.280000 58
29.280000 30.080000 62
30.240000 30.816000 60
30.912000 31.360000 62
31.360000 31.520000 55
31.520000 32.128000 53
32.320000 32.608000 55
32.608000 32.896000 57
32.992000 33.152000 55
33.920000 34.272000 50
34.400000 34.880000 52
34.880000 35.488000 55
35.488000 36.384000 59
36.576000 36.800000 51
37.280000 37.376000 59
39.936000 40.064000 68
40.288000 40.320000 65
40.736000 40.896000 68
41.184000 41.984000 55
42.080000 42.368000 52
42.368000 42.624000 51
43.008000 43.136000 59
43.232000 43.264000 62
43.616000 43.840000 47
43.840000 44.320000 52
44.320000 45.024000 54
45.664000 45.728000 50
45.728000 46.016000 53
46.016000 46.176000 54
46.304000 46.368000 56
46.368000 46.592000 57
46.592000 46.912000 60
47.104000 47.584000 62
47.744000 50.400000 64
51.168000 52.064000 61
52.160000 52.704000 62
52.704000 53.184000 64
53.280000 53.728000 64
53.728000 53.984000 60
53.984000 54.432000 58
54.432000 55.168000 60
55.328000 55.616000 55
56.352000 57.888000 55
58.112000 58.624000 58
58.624000 58.912000 54
59.232000 59.776000 50
60.128000 60.320000 50
61.632000 61.824000 52
61.920000 62.528000 55
62.624000 63.168000 55
63.296000 63.424000 56
63.616000 64.256000 56
64.384000 64.544000 55
65.120000 65.632000 59
65.760000 66.112000 60
66.112000 66.368000 62
66.464000 67.328000 66
68.160000 68.448000 62
68.544000 70.368000 64
70.368000 71.776000 60
71.968000 75.744000 60
87.808000 90.112000 65
90.208000 90.272000 59
90.272000 90.816000 63
90.944000 91.520000 64
91.648000 91.840000 60
92.384000 92.960000 55
93.408000 93.952000 53
93.952000 94.624000 60
94.688000 95.488000 60
95.488000 97.312000 56
98.560000 99.008000 57
99.008000 99.744000 62
99.904000 100.896000 62
100.896000 101.216000 59
101.376000 101.888000 55
101.984000 102.336000 55
102.336000 102.592000 57
102.688000 102.912000 55
103.616000 103.680000 49
103.680000 104.032000 50
104.032000 104.512000 52
104.512000 105.312000 59
105.504000 105.792000 56
105.792000 106.144000 55
106.144000 106.464000 53
106.464000 107.168000 59
108.224000 108.320000 57
108.608000 108.704000 60
109.632000 110.080000 59
110.240000 110.368000 59
110.368000 110.592000 62
110.784000 110.912000 55
111.008000 111.648000 55
111.648000 112.352000 53
112.864000 113.088000 48
113.184000 113.664000 50
113.824000 114.048000 51
114.048000 114.688000 55
115.328000 115.552000 52
115.552000 115.840000 55
116.032000 116.224000 57
116.320000 116.576000 60
116.832000 120.128000 65
120.896000 121.024000 58
121.024000 122.144000 62
122.240000 122.304000 57
122.304000 122.336000 59
122.336000 123.488000 64
123.488000 123.680000 60
123.680000 124.096000 58
124.096000 124.928000 60
125.088000 125.248000 55
126.048000 126.272000 52
126.400000 126.496000 52
126.592000 126.880000 53
126.976000 127.296000 52
127.488000 128.480000 56
128.576000 128.608000 58
128.832000 129.248000 60
130.272000 130.400000 58
131.328000 131.552000 52
131.648000 132.928000 55
133.024000 133.152000 57
133.312000 133.760000 56
133.760000 133.920000 53
134.080000 134.208000 55
134.816000 135.328000 59
135.456000 136.000000 62
136.160000 136.960000 65
137.600000 137.696000 60
137.856000 138.112000 62
138.208000 138.464000 62
138.560000 139.584000 63
139.680000 140.064000 61
140.064000 141.280000 59
141.472000 145.632000 60
156.224000 156.352000 67
156.512000 156.672000 67
160.320000 161.216000 64
161.280000 162.496000 65
162.496000 163.200000 64
163.328000 163.936000 64
164.064000 164.320000 60
164.864000 165.344000 55
165.856000 165.952000 52
166.048000 166.464000 53
166.784000 167.136000 60
167.232000 167.968000 60
167.968000 169.568000 57
169.664000 169.760000 55
171.072000 171.424000 58
171.424000 172.992000 62
173.088000 173.216000 61
173.216000 173.440000 60
173.440000 173.536000 57
173.536000 174.304000 56
174.432000 175.360000 57
176.128000 176.448000 50
176.544000 176.704000 51
176.704000 177.088000 53
177.088000 177.312000 54
177.312000 177.728000 55
177.728000 178.528000 59
178.720000 178.976000 51
180.352000 180.480000 68
180.640000 180.736000 68
182.304000 182.656000 67
182.944000 183.360000 50
183.360000 184.192000 55
184.288000 184.832000 51
185.280000 185.312000 47
185.664000 185.984000 48
185.984000 186.336000 51
186.336000 187.232000 54
187.808000 187.872000 49
187.872000 188.096000 52
188.096000 188.288000 55
188.544000 188.736000 57
188.736000 189.056000 60
189.216000 189.696000 62
189.856000 191.008000 65
191.072000 192.640000 62
193.248000 194.240000 61
194.336000 194.848000 62
194.848000 195.296000 64
195.424000 195.872000 63
195.872000 196.128000 61
196.128000 196.704000 60
196.800000 197.056000 60
197.056000 197.792000 59
198.304000 198.368000 51
198.496000 198.976000 52
199.040000 199.072000 48
199.104000 199.168000 50
199.232000 199.264000 50
199.296000 199.488000 52
199.584000 199.872000 53
199.872000 200.064000 55
200.288000 200.352000 57
200.416000 200.640000 57
200.640000 200.896000 55
200.896000 201.088000 51
201.248000 201.280000 49
201.344000 201.792000 47
201.952000 202.144000 50
202.336000 202.368000 51
202.656000 202.752000 50
203.936000 204.064000 51
204.160000 205.696000 57
205.824000 206.432000 56
206.592000 206.720000 53
207.264000 207.776000 58
207.904000 208.480000 62
208.640000 209.504000 65
210.304000 210.560000 62
210.656000 212.384000 64
212.384000 213.856000 60
214.016000 219.040000 60
