2.080000 2.528000 63
2.528000 3.136000 64
3.680000 3.808000 60
7.200000 7.520000 59
7.520000 7.968000 62
8.512000 8.608000 60
11.904000 12.672000 60
12.672000 13.280000 58
14.528000 15.168000 60
15.168000 15.776000 58
17.184000 18.208000 66
19.136000 19.424000 66
19.424000 19.808000 68
19.808000 20.288000 65
21.920000 22.816000 63
23.488000 24.000000 59
25.568000 26.144000 59
26.144000 26.944000 62
29.536000 30.016000 60
32.160000 32.480000 60
35.168000 35.744000 66
37.248000 38.080000 67
44.544000 44.864000 64
44.864000 45.184000 69
45.824000 49.344000 71
50.688000 51.648000 69
53.280000 54.528000 71
54.528000 55.424000 73
58.368000 59.520000 69
61.248000 68.224000 71
68.672000 70.208000 67
71.712000 72.000000 65
72.000000 72.704000 68
72.704000 73.120000 65
75.456000 76.448000 61
78.496000 78.816000 62
78.816000 79.200000 66
79.616000 80.000000 61
81.728000 82.688000 59
82.688000 83.488000 62
85.728000 86.208000 61
86.208000 86.976000 57
87.936000 88.192000 61
88.320000 88.480000 59
88.640000 89.120000 57
89.824000 91.168000 66
91.360000 91.616000 65
91.616000 92.032000 68
92.032000 92.320000 64
93.248000 93.728000 64
93.856000 94.304000 62
94.304000 94.560000 64
96.288000 96.768000 69
97.408000 97.664000 57
97.664000 97.952000 61
98.080000 98.336000 61
99.936000 100.768000 61
100.960000 101.632000 57
101.984000 102.656000 61
102.880000 103.360000 58
104.064000 104.192000 64
104.192000 106.592000 68
107.456000 112.416000 71
112.768000 114.176000 70
114.432000 121.344000 74
121.760000 127.872000 75
127.872000 129.024000 76
157.120000 157.440000 61
157.440000 158.080000 64
158.304000 158.912000 61
160.224000 160.672000 61
160.992000 161.152000 59
161.344000 161.824000 62
162.016000 162.624000 61
164.352000 165.088000 66
165.216000 165.920000 60
166.400000 166.528000 59
166.528000 167.136000 61
167.136000 168.064000 58
168.512000 168.576000 64
168.576000 169.024000 66
169.024000 171.168000 68
171.680000 171.840000 64
171.840000 172.224000 69
172.352000 172.544000 67
172.544000 173.056000 69
173.216000 173.952000 74
173.952000 174.016000 67
174.560000 174.944000 67
175.232000 175.392000 64
175.488000 175.648000 64
175.648000 176.160000 64
176.160000 177.056000 60
178.528000 178.592000 64
178.592000 178.816000 66
178.816000 179.744000 70
180.544000 181.344000 69
181.440000 182.400000 65
182.400000 182.656000 65
182.656000 183.008000 63
183.008000 186.208000 68
190.400000 204.032000 75
204.544000 211.360000 73
211.712000 213.504000 73
213.504000 213.920000 78
213.920000 215.040000 73
215.136000 217.728000 71
217.728000 218.976000 68
219.104000 219.424000 67
219.424000 219.488000 74
219.488000 219.584000 76
219.584000 222.208000 79
222.208000 223.936000 76
224.096000 224.896000 72
224.896000 225.568000 70
225.888000 226.752000 67
226.848000 226.912000 75
226.912000 227.008000 76
227.008000 229.024000 79
229.024000 229.984000 75
229.984000 230.656000 71
231.072000 232.544000 71
232.544000 232.800000 66
234.048000 234.528000 67
234.528000 234.624000 68
234.624000 235.264000 72
235.264000 236.224000 75
236.352000 236.544000 66
238.624000 239.072000 75
239.072000 247.072000 72
248.352000 248.416000 65
248.416000 248.576000 67
248.576000 249.216000 70
249.216000 249.824000 67
251.584000 252.128000 66
252.128000 253.024000 63
253.120000 253.216000 62
254.176000 254.368000 63
254.368000 254.880000 63
254.880000 255.360000 60
256.256000 257.056000 67
257.056000 257.536000 65
258.592000 259.008000 66
264.096000 264.224000 66
264.352000 265.312000 66
265.440000 265.536000 66
267.424000 268.128000 71
268.128000 269.632000 75
