3.200000 3.456000 67
11.680000 12.000000 65
12.096000 12.512000 65
12.512000 13.408000 64
14.304000 14.592000 56
14.592000 14.720000 57
14.720000 14.784000 58
14.784000 15.744000 63
15.872000 16.064000 60
16.096000 16.576000 60
17.344000 17.472000 62
17.472000 17.728000 65
17.824000 18.240000 65
18.240000 18.720000 64
19.840000 20.384000 57
20.416000 20.704000 61
20.864000 21.440000 63
21.600000 21.760000 60
21.888000 22.080000 60
23.904000 24.128000 58
24.256000 24.512000 60
24.608000 26.304000 63
26.400000 26.528000 62
26.784000 27.328000 58
27.488000 27.872000 58
28.000000 28.128000 60
28.320000 28.960000 60
29.600000 29.856000 58
29.984000 30.752000 60
30.880000 31.104000 63
31.232000 31.456000 62
31.616000 32.000000 62
32.480000 33.056000 58
33.152000 33.728000 58
33.888000 34.208000 58
34.368000 34.848000 60
34.912000 35.424000 65
35.520000 35.904000 64
35.904000 36.224000 66
37.472000 37.696000 58
37.696000 37.984000 60
37.984000 38.592000 63
38.688000 39.456000 61
40.224000 40.288000 62
40.288000 40.576000 65
40.704000 41.088000 65
41.088000 41.952000 67
42.528000 42.656000 65
42.784000 42.944000 66
43.040000 43.232000 67
43.424000 43.456000 67
43.744000 44.320000 63
44.416000 45.088000 72
49.088000 49.280000 73
49.920000 50.016000 72
50.432000 50.592000 72
51.520000 51.840000 75
52.704000 52.800000 72
56.160000 56.192000 61
57.472000 57.728000 65
57.824000 58.816000 65
59.968000 60.256000 55
60.256000 60.448000 58
60.544000 60.896000 61
60.896000 61.440000 63
61.600000 61.792000 60
61.920000 62.144000 61
63.136000 63.200000 61
63.200000 64.768000 65
65.600000 66.048000 56
66.048000 66.400000 60
66.560000 67.168000 63
67.552000 67.808000 61
69.024000 69.280000 63
69.600000 72.064000 66
72.224000 72.288000 58
72.480000 73.056000 58
73.184000 73.504000 58
73.728000 74.880000 61
75.872000 76.256000 66
76.416000 76.480000 63
76.864000 76.992000 66
77.088000 77.120000 65
77.472000 77.920000 66
77.920000 78.080000 63
78.560000 79.328000 58
79.456000 79.712000 60
79.744000 80.064000 60
80.096000 80.288000 60
80.640000 81.664000 65
81.664000 81.920000 67
82.528000 82.656000 62
83.168000 83.392000 59
83.392000 83.712000 60
83.712000 84.288000 63
84.448000 85.024000 60
86.016000 86.080000 64
86.080000 87.552000 65
88.448000 88.608000 67
88.608000 89.280000 66
89.408000 89.856000 65
89.856000 90.912000 61
94.304000 94.400000 59
95.200000 95.712000 65
96.032000 96.192000 62
96.640000 96.736000 62
96.960000 97.856000 62
101.952000 102.080000 62
102.368000 102.464000 62
102.592000 102.720000 62
108.992000 109.120000 64
111.424000 111.552000 67
112.096000 112.192000 63
112.448000 112.576000 63
113.344000 113.536000 63
114.912000 115.200000 60
115.520000 115.904000 62
116.000000 116.384000 62
117.504000 117.728000 67
126.048000 126.304000 65
126.400000 126.848000 65
126.848000 127.648000 63
128.544000 128.736000 55
128.864000 129.024000 58
129.024000 129.472000 61
129.472000 130.112000 65
130.112000 130.912000 72
131.744000 133.344000 65
134.240000 134.336000 55
134.464000 134.656000 57
134.656000 134.976000 60
135.168000 135.744000 63
135.840000 136.576000 72
138.176000 138.272000 65
138.592000 138.784000 65
138.880000 139.104000 65
139.136000 139.488000 63
139.488000 139.680000 66
139.808000 140.064000 65
140.256000 140.320000 59
140.352000 140.608000 58
141.248000 141.600000 58
141.856000 142.112000 58
142.272000 142.432000 61
142.624000 143.072000 61
143.072000 143.360000 59
144.256000 144.416000 65
144.576000 144.768000 65
145.088000 145.472000 66
145.856000 146.016000 65
146.016000 146.368000 65
146.368000 146.560000 64
147.136000 147.584000 58
147.680000 147.872000 58
148.032000 148.160000 60
148.352000 148.576000 61
148.800000 149.248000 59
149.952000 150.528000 65
150.624000 150.944000 63
151.136000 151.424000 65
151.488000 152.224000 65
152.224000 152.448000 64
152.992000 153.088000 58
153.184000 153.632000 58
153.792000 153.888000 60
154.080000 154.208000 61
154.432000 154.592000 59
154.592000 154.720000 57
154.976000 156.288000 66
157.472000 157.600000 58
157.600000 157.664000 59
157.664000 157.824000 60
157.824000 158.592000 65
158.688000 159.424000 72
160.320000 161.152000 65
161.152000 161.856000 65
162.816000 162.912000 55
163.040000 163.200000 56
163.200000 163.552000 60
163.744000 165.344000 63
165.984000 166.048000 63
166.048000 167.424000 65
167.520000 167.680000 62
168.576000 168.864000 55
168.864000 168.928000 57
168.928000 169.088000 59
169.088000 170.016000 63
170.176000 170.304000 60
170.400000 170.848000 60
171.712000 171.776000 64
171.776000 172.512000 65
172.512000 173.120000 64
173.216000 173.376000 62
174.176000 174.656000 56
174.688000 174.752000 58
174.816000 174.848000 59
175.072000 175.744000 63
176.160000 176.352000 60
177.600000 177.696000 71
177.888000 178.048000 65
178.176000 178.720000 67
178.720000 178.816000 63
180.352000 180.576000 65
180.704000 180.832000 65
180.832000 181.024000 64
181.024000 181.568000 67
181.568000 181.728000 63
183.168000 183.488000 66
183.552000 183.776000 65
183.872000 184.448000 67
184.448000 184.576000 63
185.472000 185.888000 60
186.016000 186.368000 65
186.368000 187.232000 61
189.056000 189.216000 59
189.216000 191.072000 61
191.936000 192.352000 66
192.352000 193.536000 67
193.536000 194.208000 65
194.720000 194.944000 58
194.944000 195.520000 62
195.520000 196.864000 61
197.664000 198.176000 65
198.176000 199.264000 67
199.264000 199.840000 66
200.640000 200.896000 61
201.024000 201.664000 63
203.552000 203.840000 60
204.032000 204.544000 51
204.608000 204.768000 52
206.208000 206.400000 58
206.400000 206.656000 61
206.752000 206.912000 64
206.912000 207.968000 67
209.216000 209.312000 57
209.312000 209.760000 60
209.856000 210.592000 52
211.744000 212.000000 65
212.192000 212.352000 65
212.384000 213.088000 67
213.184000 213.376000 66
213.536000 213.664000 65
213.664000 214.272000 67
215.328000 216.288000 67
216.384000 216.544000 63
216.544000 217.184000 67
217.184000 217.248000 61
217.376000 217.600000 57
218.016000 218.176000 61
218.176000 218.336000 67
218.528000 218.944000 67
219.232000 219.456000 63
219.616000 219.968000 67
220.160000 220.576000 67
220.768000 220.800000 63
221.024000 221.504000 67
221.504000 222.144000 66
222.240000 222.752000 67
223.168000 223.328000 57
223.328000 224.064000 63
224.224000 224.768000 59
224.768000 225.408000 61
225.856000 226.016000 59
226.016000 226.176000 61
226.176000 226.304000 58
226.400000 226.624000 60
226.720000 227.200000 63
227.200000 227.296000 62
227.296000 227.456000 59
228.768000 228.864000 57
229.024000 229.248000 59
229.248000 229.600000 61
229.888000 230.464000 58
230.464000 231.136000 61
232.128000 232.288000 66
232.288000 232.384000 63
232.512000 233.024000 67
233.024000 233.088000 63
234.976000 235.360000 65
235.424000 235.584000 62
235.872000 237.024000 67
237.120000 237.408000 66
237.568000 237.824000 65
237.952000 238.496000 67
238.496000 238.656000 65
241.728000 241.888000 56
242.016000 242.144000 55
242.144000 242.304000 54
243.392000 243.968000 52
245.824000 245.920000 51
