0.288000 0.384000 60
8.896000 9.088000 55
9.216000 9.664000 58
9.664000 10.016000 60
10.144000 10.304000 66
11.424000 11.648000 57
11.648000 13.056000 60
13.056000 13.664000 57
13.888000 14.368000 53
14.400000 14.656000 53
16.288000 17.088000 54
18.656000 18.784000 55
18.784000 18.976000 57
19.168000 19.776000 60
19.936000 20.096000 60
21.024000 21.184000 55
21.280000 22.144000 60
22.304000 22.752000 58
22.912000 23.968000 55
24.032000 24.320000 55
24.768000 24.928000 59
25.152000 25.696000 63
25.920000 26.304000 53
26.496000 26.720000 55
27.136000 27.360000 60
27.552000 28.160000 63
28.256000 28.448000 62
28.480000 28.736000 60
28.736000 29.600000 63
29.728000 30.208000 63
30.336000 30.560000 61
30.656000 31.168000 67
31.264000 31.808000 63
31.808000 32.128000 61
32.128000 33.248000 66
33.248000 34.048000 67
34.272000 35.072000 65
35.168000 35.680000 65
35.776000 36.096000 67
36.096000 37.472000 63
38.112000 38.464000 60
38.656000 39.008000 63
39.008000 39.168000 60
39.360000 39.936000 63
39.936000 40.160000 60
40.256000 40.768000 67
40.864000 41.440000 62
41.760000 41.984000 62
42.080000 42.304000 62
42.304000 42.464000 59
42.624000 42.688000 64
42.688000 43.104000 67
43.232000 43.648000 65
43.808000 44.224000 65
44.288000 44.416000 65
44.736000 45.152000 65
45.152000 45.888000 68
45.888000 47.104000 66
47.200000 47.616000 63
47.616000 48.096000 67
48.320000 49.952000 63
49.952000 50.496000 67
50.752000 52.000000 62
52.096000 53.152000 68
53.312000 53.856000 60
54.528000 55.520000 68
55.744000 56.224000 60
57.056000 57.216000 63
57.312000 57.728000 67
57.920000 59.552000 63
59.552000 60.064000 67
60.288000 61.632000 62
61.728000 62.752000 68
62.912000 63.456000 60
64.064000 65.120000 68
65.312000 65.824000 60
65.920000 66.112000 70
66.112000 66.368000 68
66.464000 66.912000 68
67.136000 67.168000 65
67.392000 67.712000 67
67.712000 68.032000 65
68.160000 68.768000 63
68.768000 69.248000 67
69.344000 69.952000 63
69.952000 70.432000 67
70.560000 71.008000 63
71.200000 71.648000 67
71.744000 72.192000 65
72.192000 72.544000 68
72.672000 73.152000 68
73.312000 73.632000 68
73.696000 73.824000 69
73.984000 76.000000 69
76.032000 76.128000 67
76.352000 76.384000 67
76.448000 76.704000 67
76.832000 77.312000 67
77.312000 77.632000 65
77.760000 78.304000 63
78.400000 78.848000 67
78.976000 79.200000 63
79.456000 80.032000 67
80.128000 80.384000 63
80.736000 81.024000 67
81.312000 81.632000 63
81.728000 82.112000 68
82.400000 82.720000 68
83.072000 83.200000 67
83.616000 85.216000 68
85.408000 85.504000 68
85.632000 85.760000 68
86.048000 86.144000 69
86.144000 86.272000 68
86.464000 86.816000 72
86.816000 87.008000 68
87.008000 87.136000 74
87.232000 87.904000 74
87.904000 88.160000 71
88.192000 88.352000 67
88.352000 89.920000 72
89.920000 91.520000 68
93.024000 93.440000 65
93.536000 93.664000 63
93.664000 93.920000 67
95.392000 95.552000 68
95.552000 96.032000 71
96.032000 96.672000 72
96.864000 97.024000 71
97.088000 97.888000 67
98.016000 99.456000 72
99.456000 101.184000 69
101.280000 101.408000 67
102.336000 102.464000 60
102.464000 102.816000 65
102.848000 103.168000 65
103.264000 103.584000 67
103.584000 103.840000 62
105.088000 105.184000 62
105.344000 105.536000 60
105.632000 106.816000 63
106.912000 107.008000 63
107.136000 107.264000 60
107.456000 107.968000 67
108.064000 109.536000 63
109.536000 109.728000 61
109.824000 110.848000 67
111.072000 111.616000 65
111.968000 112.576000 65
112.640000 112.864000 67
112.864000 114.240000 63
114.880000 115.264000 60
115.520000 115.808000 63
115.808000 115.968000 62
116.192000 116.736000 63
116.736000 116.960000 60
117.056000 117.248000 65
117.664000 118.272000 62
118.400000 118.560000 60
118.560000 118.784000 62
118.880000 119.168000 62
119.456000 119.520000 65
119.520000 119.904000 67
120.032000 120.960000 65
121.056000 121.248000 65
121.568000 121.952000 66
121.952000 122.720000 68
122.720000 123.680000 65
124.224000 124.416000 63
124.512000 124.928000 67
125.152000 126.752000 63
126.752000 127.296000 67
127.552000 128.800000 62
128.896000 129.920000 68
130.080000 130.688000 60
131.264000 132.320000 68
132.512000 133.024000 60
133.856000 134.016000 63
134.112000 134.592000 67
134.752000 135.968000 63
136.224000 136.352000 63
136.352000 136.896000 67
137.152000 138.368000 62
138.528000 139.552000 68
139.712000 140.256000 60
140.864000 141.920000 68
142.112000 142.624000 60
142.720000 142.976000 70
142.976000 144.192000 68
144.352000 144.800000 65
144.928000 145.600000 63
145.600000 146.048000 67
146.144000 146.752000 63
146.752000 147.232000 67
147.328000 148.000000 65
148.000000 148.416000 67
148.544000 148.896000 63
148.896000 149.344000 68
149.504000 149.920000 68
150.016000 150.624000 68
150.656000 151.168000 68
151.200000 151.808000 68
151.968000 152.256000 68
152.832000 153.216000 67
153.344000 153.824000 68
153.920000 154.432000 67
154.560000 155.200000 63
155.200000 155.648000 67
155.744000 156.000000 63
156.096000 156.224000 63
156.320000 156.832000 67
156.992000 157.216000 63
157.536000 157.856000 67
158.144000 158.464000 63
158.560000 158.944000 68
159.040000 159.488000 68
159.776000 160.448000 68
160.544000 160.768000 67
160.864000 162.560000 68
162.688000 162.816000 73
163.712000 164.128000 68
168.576000 168.960000 67
169.088000 170.272000 70
170.400000 170.592000 67
170.688000 170.816000 67
171.104000 171.264000 67
172.096000 172.160000 70
172.160000 172.864000 75
173.024000 173.056000 71
173.088000 173.888000 68
175.200000 175.360000 67
175.520000 175.616000 67
175.936000 176.192000 67
176.384000 176.672000 65
177.056000 178.080000 67
178.336000 178.816000 60
179.136000 180.000000 63
180.160000 180.320000 60
180.320000 180.864000 63
181.856000 182.048000 63
182.048000 182.656000 67
182.752000 184.352000 63
184.352000 184.896000 67
185.152000 186.368000 62
186.528000 187.488000 68
187.680000 188.256000 60
188.928000 189.920000 68
190.112000 190.624000 60
191.456000 191.616000 63
191.712000 192.256000 67
192.352000 194.464000 67
194.624000 195.968000 62
196.128000 197.088000 68
197.216000 197.856000 60
197.952000 198.048000 60
198.496000 199.520000 68
199.744000 200.224000 60
