18.912000 18.976000 56
18.976000 20.416000 60
20.416000 22.176000 57
22.208000 22.272000 55
22.336000 22.720000 55
22.816000 22.976000 55
23.456000 23.648000 55
23.648000 23.808000 54
23.808000 23.936000 51
24.064000 24.544000 47
24.672000 24.928000 47
25.152000 25.600000 50
25.728000 25.824000 51
25.952000 26.048000 51
26.176000 26.464000 51
26.592000 26.688000 51
26.848000 26.944000 51
27.872000 28.384000 52
28.480000 28.896000 52
28.896000 29.568000 51
30.048000 30.112000 48
30.240000 30.368000 49
30.560000 31.200000 52
32.192000 32.448000 45
32.608000 32.640000 45
32.640000 32.672000 45
32.672000 32.704000 48
32.704000 32.736000 49
32.736000 32.768000 50
32.768000 32.800000 48
32.800000 32.832000 49
32.832000 32.864000 49
32.864000 32.896000 49
32.896000 32.928000 47
32.928000 32.960000 48
33.376000 33.600000 51
34.016000 35.104000 55
38.048000 38.176000 53
38.272000 38.304000 55
38.336000 38.976000 62
39.168000 39.328000 57
39.520000 39.776000 66
39.808000 39.904000 64
40.064000 40.192000 61
40.992000 41.216000 60
41.216000 41.568000 58
41.568000 42.432000 62
42.624000 43.360000 57
43.456000 43.744000 49
43.744000 44.928000 51
45.376000 46.432000 59
46.432000 46.816000 57
47.104000 47.200000 60
47.200000 48.576000 56
48.576000 53.632000 55
54.208000 57.920000 54
57.952000 58.176000 47
58.560000 60.064000 48
60.064000 62.112000 50
63.936000 63.968000 50
64.384000 65.376000 50
65.376000 66.496000 49
66.496000 70.624000 50
80.768000 82.496000 53
82.496000 84.768000 50
85.312000 85.536000 47
85.536000 85.760000 51
86.080000 86.368000 45
86.560000 86.592000 45
86.752000 87.424000 45
87.520000 87.648000 45
88.224000 88.352000 50
89.664000 89.760000 50
89.760000 89.856000 48
89.856000 90.656000 47
90.656000 91.648000 48
91.744000 91.840000 48
92.384000 92.704000 49
93.632000 93.888000 48
94.432000 94.464000 52
94.464000 94.496000 55
94.496000 94.528000 53
94.528000 94.560000 56
94.560000 94.592000 62
94.656000 94.688000 57
94.688000 94.720000 63
94.720000 94.752000 61
94.752000 94.784000 60
94.784000 94.816000 62
94.816000 94.848000 58
95.104000 95.136000 62
95.200000 95.232000 62
95.232000 95.264000 62
95.296000 95.328000 59
