20.960000 21.024000 53
21.024000 21.120000 55
21.120000 22.112000 58
22.112000 22.304000 59
22.400000 22.560000 57
22.720000 23.456000 57
24.800000 24.992000 55
24.992000 25.440000 57
25.440000 25.728000 55
25.728000 26.144000 59
26.272000 26.432000 57
26.592000 27.616000 59
28.736000 28.800000 53
28.800000 28.928000 55
28.928000 30.400000 59
30.592000 31.040000 57
31.136000 31.968000 57
32.096000 33.184000 55
33.312000 34.816000 57
36.320000 36.928000 55
37.024000 37.280000 55
37.440000 38.336000 57
38.432000 38.656000 55
38.656000 39.424000 51
39.424000 40.768000 57
40.896000 41.280000 59
41.280000 41.824000 55
41.952000 42.944000 50
44.832000 45.088000 50
45.248000 45.920000 50
45.920000 46.656000 54
46.784000 47.392000 54
47.776000 47.840000 52
47.840000 48.160000 55
48.256000 48.640000 54
48.768000 49.056000 55
49.216000 50.016000 54
50.016000 51.392000 52
52.160000 53.760000 59
53.888000 54.944000 57
56.032000 56.160000 54
56.288000 56.832000 57
56.992000 57.120000 57
57.120000 57.376000 59
57.376000 57.696000 58
57.792000 58.656000 59
60.000000 60.288000 55
60.288000 60.448000 56
60.448000 61.024000 57
61.024000 61.344000 59
61.344000 62.752000 66
62.848000 63.072000 65
63.072000 63.232000 62
63.360000 64.032000 62
64.032000 64.384000 60
64.512000 66.656000 65
67.712000 68.576000 62
68.736000 69.216000 64
69.216000 70.624000 62
71.264000 71.424000 57
71.552000 72.032000 65
72.032000 72.224000 62
72.224000 72.544000 60
72.544000 74.528000 66
75.008000 76.320000 61
76.480000 77.088000 62
77.088000 78.496000 66
78.944000 79.072000 65
79.072000 79.616000 67
79.616000 79.840000 65
79.968000 80.544000 64
80.832000 81.312000 57
81.312000 81.376000 60
81.376000 81.760000 67
81.856000 82.272000 66
82.400000 82.752000 74
82.912000 83.168000 66
83.360000 83.488000 65
83.584000 83.776000 67
84.064000 84.256000 66
84.864000 85.056000 61
85.280000 88.288000 64
88.608000 89.152000 61
89.152000 89.536000 69
89.664000 90.016000 67
90.112000 90.528000 66
90.624000 91.072000 67
91.072000 91.552000 60
91.552000 92.096000 63
92.096000 92.832000 67
93.024000 93.248000 58
93.248000 93.536000 59
93.536000 94.144000 64
94.144000 94.912000 67
95.040000 96.160000 66
96.416000 96.896000 57
96.896000 96.960000 60
96.960000 97.344000 67
97.472000 97.856000 66
97.856000 98.176000 63
98.176000 98.816000 66
98.976000 99.008000 66
99.168000 99.872000 67
100.256000 100.768000 54
100.768000 100.832000 56
100.832000 101.248000 64
101.376000 101.760000 62
101.856000 102.240000 61
102.368000 105.056000 63
105.696000 105.856000 59
105.856000 106.112000 62
106.272000 107.136000 59
107.264000 107.520000 59
107.520000 107.680000 61
107.680000 108.128000 62
108.480000 109.312000 64
109.472000 113.056000 67
114.624000 115.456000 57
115.552000 116.192000 59
116.320000 117.184000 57
118.464000 118.592000 54
118.720000 119.264000 57
119.424000 119.872000 59
119.936000 120.128000 57
120.256000 121.024000 59
122.368000 122.432000 54
122.432000 122.560000 54
122.560000 122.784000 55
122.784000 123.456000 58
123.456000 123.808000 60
123.808000 125.184000 66
125.280000 125.472000 64
125.472000 125.632000 62
125.760000 126.432000 62
126.432000 126.784000 59
126.944000 129.152000 65
130.112000 130.304000 67
130.624000 131.008000 62
131.168000 131.712000 64
131.840000 133.248000 62
133.760000 133.920000 57
134.048000 134.240000 67
134.240000 134.304000 69
134.304000 134.624000 74
134.624000 134.688000 68
134.688000 134.976000 67
134.976000 136.416000 65
136.672000 136.960000 64
137.472000 138.400000 59
138.400000 139.488000 63
139.488000 140.352000 67
140.352000 140.800000 69
140.896000 141.120000 70
141.120000 142.080000 72
142.080000 142.976000 70
143.200000 144.160000 71
144.288000 144.640000 66
144.864000 145.216000 74
145.312000 145.696000 67
146.624000 146.848000 66
147.232000 147.552000 54
147.744000 148.576000 64
148.672000 150.848000 63
151.072000 151.616000 61
151.616000 151.968000 69
152.064000 152.448000 67
152.544000 153.568000 67
153.568000 154.016000 61
154.016000 154.496000 62
154.496000 155.264000 67
155.520000 155.648000 57
155.648000 155.968000 60
155.968000 156.480000 62
156.480000 157.248000 67
157.472000 158.592000 66
158.880000 159.456000 59
159.456000 159.776000 67
159.904000 160.320000 66
160.320000 160.640000 62
160.640000 161.344000 66
161.920000 162.272000 50
162.784000 163.328000 56
163.328000 163.648000 64
163.808000 164.128000 62
164.288000 164.672000 61
164.800000 167.520000 63
168.128000 168.192000 59
168.192000 168.544000 62
168.704000 169.536000 59
169.664000 169.888000 57
169.888000 170.528000 62
170.624000 170.720000 59
170.880000 171.712000 64
171.872000 175.648000 67
178.912000 179.552000 62
182.592000 183.584000 66
183.680000 184.096000 59
184.096000 184.736000 62
185.600000 186.208000 59
190.560000 190.752000 65
190.752000 191.072000 66
191.072000 191.264000 64
191.424000 191.552000 59
191.552000 192.128000 62
196.768000 196.832000 65
196.832000 197.024000 68
197.024000 197.280000 69
197.280000 198.400000 71
198.400000 198.912000 67
198.912000 199.648000 62
199.648000 200.224000 58
205.696000 206.176000 57
206.176000 206.240000 61
206.240000 206.560000 67
206.720000 207.136000 66
207.232000 207.360000 62
207.456000 207.744000 64
207.744000 208.064000 66
208.480000 208.576000 67
208.768000 208.832000 66
209.696000 210.080000 55
210.176000 212.096000 64
212.576000 212.736000 62
212.768000 212.864000 62
212.992000 213.152000 62
213.504000 214.048000 61
214.048000 214.400000 69
214.528000 215.424000 67
215.520000 215.968000 67
216.064000 216.448000 60
216.448000 216.832000 62
216.928000 217.696000 67
217.920000 218.112000 57
218.112000 218.304000 59
218.432000 218.912000 62
218.912000 219.680000 67
219.840000 220.928000 66
221.312000 221.760000 57
221.760000 221.792000 59
221.792000 222.240000 67
222.368000 222.752000 66
222.848000 223.072000 63
223.072000 223.680000 66
223.840000 224.416000 67
224.512000 225.056000 66
225.056000 225.088000 61
225.248000 225.792000 56
225.792000 226.112000 64
226.272000 226.624000 62
226.624000 227.072000 61
227.232000 228.224000 64
228.352000 230.144000 65
230.560000 231.008000 62
231.136000 232.032000 59
232.128000 232.288000 57
232.288000 232.352000 58
232.352000 232.512000 60
232.512000 233.024000 62
233.120000 233.216000 59
233.376000 233.536000 60
233.536000 234.176000 65
234.336000 234.592000 66
234.592000 235.744000 67
235.744000 240.992000 65
242.272000 242.464000 60
242.464000 242.944000 62
242.944000 244.032000 60
244.032000 246.464000 54
