31.456000 31.744000 64
31.904000 32.128000 60
32.128000 32.192000 61
32.192000 32.256000 63
32.256000 35.168000 69
36.192000 37.664000 68
37.760000 38.400000 69
38.528000 39.168000 69
39.328000 39.648000 68
39.648000 40.000000 66
40.160000 40.384000 61
40.544000 41.888000 61
43.936000 44.384000 64
44.512000 44.864000 61
44.864000 45.184000 64
45.280000 45.888000 68
46.080000 47.680000 69
48.800000 49.152000 68
49.152000 50.464000 67
50.464000 51.072000 69
51.168000 52.256000 69
52.256000 52.576000 64
52.768000 53.280000 62
53.280000 54.080000 60
54.720000 54.976000 61
55.072000 55.360000 61
55.520000 56.992000 66
57.632000 57.760000 63
57.888000 58.176000 63
58.272000 58.528000 61
58.688000 59.296000 64
59.456000 60.576000 64
61.120000 61.344000 59
61.440000 61.504000 62
61.504000 62.496000 66
62.624000 63.328000 68
63.872000 64.544000 69
64.544000 64.928000 65
65.024000 65.280000 60
65.280000 65.664000 66
65.792000 68.736000 66
69.728000 70.016000 59
70.176000 70.848000 69
70.944000 72.032000 69
72.192000 72.416000 66
72.416000 72.512000 64
72.512000 72.800000 63
72.896000 74.816000 59
75.904000 76.256000 59
76.448000 77.024000 69
77.216000 78.080000 69
78.080000 78.720000 66
78.944000 80.768000 64
81.184000 82.016000 66
82.336000 83.424000 71
83.520000 84.576000 69
84.736000 84.896000 67
85.120000 86.208000 73
86.656000 87.328000 68
87.328000 87.680000 66
87.840000 89.344000 73
89.856000 89.920000 66
89.920000 90.336000 68
90.336000 91.392000 66
91.840000 92.096000 62
92.192000 92.896000 69
92.992000 93.408000 71
93.632000 94.144000 68
94.240000 94.656000 66
94.976000 95.232000 59
95.392000 96.096000 69
96.192000 97.248000 69
97.408000 97.600000 66
97.600000 97.760000 65
97.760000 98.080000 62
98.176000 100.256000 59
101.216000 101.536000 59
101.728000 103.328000 69
103.328000 103.872000 66
104.096000 105.632000 64
105.728000 105.824000 65
106.368000 106.688000 66
106.784000 107.168000 64
107.584000 108.672000 71
108.800000 109.088000 69
109.216000 109.760000 68
109.760000 110.176000 66
110.336000 111.520000 73
111.936000 112.416000 68
112.416000 112.640000 66
112.640000 113.056000 66
113.056000 114.656000 73
115.008000 115.872000 68
115.872000 116.576000 64
117.056000 117.440000 62
117.440000 118.144000 69
118.240000 118.688000 71
118.912000 122.144000 66
123.424000 123.680000 60
123.680000 123.776000 63
123.776000 124.448000 69
124.544000 125.024000 68
125.216000 125.632000 64
125.856000 129.248000 64
136.032000 137.344000 71
137.344000 138.016000 66
138.432000 141.216000 73
141.216000 143.680000 69
143.936000 147.776000 68
151.424000 151.712000 64
151.904000 152.192000 61
152.192000 152.256000 62
152.256000 152.640000 66
152.640000 153.280000 68
153.376000 155.168000 69
156.160000 156.896000 68
156.992000 157.248000 64
157.344000 157.632000 66
157.760000 159.200000 69
159.296000 159.648000 68
159.648000 160.000000 64
160.160000 161.824000 62
164.128000 164.416000 64
164.512000 164.832000 61
164.832000 165.088000 64
165.216000 167.872000 69
168.768000 168.832000 64
168.832000 170.592000 68
170.592000 172.288000 69
172.384000 172.672000 63
172.672000 174.080000 62
174.752000 175.264000 61
175.488000 177.024000 66
177.536000 178.016000 63
178.240000 178.752000 62
178.752000 180.288000 64
180.288000 180.640000 59
181.024000 181.344000 59
181.440000 181.568000 63
181.568000 183.136000 69
183.424000 183.680000 59
183.776000 184.512000 69
184.608000 184.896000 64
184.896000 185.280000 61
185.280000 185.600000 66
185.728000 185.920000 66
185.920000 187.008000 67
187.008000 189.024000 69
189.120000 189.216000 66
189.344000 189.920000 61
190.112000 190.784000 69
190.944000 192.000000 69
192.128000 195.168000 66
195.904000 196.256000 59
196.448000 197.056000 69
197.248000 197.600000 69
197.600000 198.304000 68
198.304000 198.688000 65
198.912000 200.576000 64
201.152000 202.048000 66
202.336000 202.432000 69
202.432000 203.488000 71
203.488000 204.608000 70
204.736000 204.896000 67
205.088000 206.240000 73
206.720000 207.168000 68
207.168000 207.680000 66
207.840000 209.344000 73
209.472000 209.568000 68
209.888000 210.496000 68
210.496000 211.200000 66
211.808000 212.096000 61
212.192000 212.896000 69
212.992000 213.568000 74
213.568000 213.920000 68
213.920000 214.080000 66
214.208000 214.624000 66
214.784000 215.168000 59
215.360000 216.032000 69
216.160000 217.216000 69
217.344000 217.536000 66
217.536000 217.696000 65
217.696000 218.016000 62
218.112000 219.008000 59
219.168000 219.936000 60
220.096000 220.416000 59
220.448000 220.512000 61
220.576000 220.960000 63
221.248000 221.280000 60
221.312000 221.568000 61
221.728000 223.520000 71
223.520000 223.872000 65
224.032000 224.416000 62
224.416000 224.864000 64
225.216000 225.536000 64
226.336000 226.688000 66
226.816000 227.232000 64
227.616000 228.672000 71
228.832000 229.088000 69
229.216000 229.792000 68
229.792000 230.240000 66
230.368000 231.648000 73
231.936000 232.704000 68
232.704000 233.056000 66
233.056000 234.688000 73
235.136000 235.744000 73
235.872000 236.192000 67
236.320000 236.736000 64
237.088000 237.440000 63
237.440000 238.144000 69
238.240000 238.656000 71
238.912000 242.176000 66
243.200000 243.328000 59
243.424000 243.680000 59
243.840000 245.056000 69
245.152000 245.760000 65
246.048000 248.832000 64
