33.760000 34.016000 57
34.016000 34.272000 61
34.368000 36.192000 65
36.192000 36.608000 61
38.368000 38.912000 56
38.912000 39.520000 60
39.648000 39.712000 61
39.712000 39.808000 61
39.808000 40.288000 63
40.288000 40.768000 61
40.896000 41.504000 61
43.552000 44.064000 65
44.160000 44.384000 58
44.480000 44.672000 58
44.800000 45.152000 62
45.152000 45.504000 65
45.728000 46.016000 63
46.016000 46.592000 65
46.592000 47.552000 63
47.552000 47.872000 65
48.192000 48.256000 65
48.256000 48.512000 66
48.512000 48.960000 68
48.960000 49.280000 65
49.440000 50.560000 65
50.656000 51.584000 66
51.584000 52.448000 63
53.056000 53.216000 58
53.312000 53.856000 65
53.952000 54.752000 61
54.880000 55.424000 65
55.424000 57.312000 63
57.952000 58.112000 56
58.208000 58.464000 62
58.560000 58.752000 63
58.848000 59.360000 60
59.360000 59.584000 58
59.712000 60.000000 57
60.000000 60.256000 62
60.384000 62.016000 65
62.848000 63.136000 59
63.136000 63.264000 63
63.264000 63.680000 65
63.680000 64.320000 62
64.320000 64.768000 58
64.960000 65.280000 61
65.280000 66.432000 66
66.528000 66.784000 63
67.104000 67.168000 66
67.168000 67.648000 68
67.648000 68.704000 65
68.992000 70.016000 65
70.176000 71.328000 66
71.328000 71.840000 62
71.936000 72.000000 64
72.000000 72.160000 69
72.160000 72.800000 70
72.928000 73.760000 70
73.856000 74.368000 66
74.464000 74.720000 68
74.720000 75.104000 66
75.104000 76.224000 68
76.224000 76.640000 65
76.800000 78.656000 70
78.752000 81.184000 66
81.184000 81.472000 61
81.632000 81.728000 58
81.824000 82.048000 61
82.048000 82.272000 63
82.400000 83.552000 66
83.680000 84.672000 63
84.800000 85.088000 60
85.088000 85.376000 61
85.376000 86.720000 65
86.720000 87.936000 61
89.088000 89.472000 58
89.472000 90.592000 63
91.520000 91.584000 63
91.584000 91.616000 65
91.616000 91.648000 67
91.648000 92.384000 70
92.512000 93.376000 70
93.376000 95.584000 70
95.584000 96.160000 65
96.416000 96.480000 68
96.480000 97.312000 70
97.408000 98.240000 69
98.336000 99.456000 67
99.552000 99.744000 65
99.872000 100.704000 67
100.704000 101.024000 61
101.312000 101.920000 65
101.920000 102.272000 62
102.272000 102.816000 65
102.816000 103.680000 61
103.840000 104.864000 66
104.928000 105.376000 65
105.376000 105.664000 56
105.664000 105.984000 62
105.984000 106.848000 66
106.848000 107.104000 61
107.232000 107.424000 63
107.552000 107.744000 65
107.744000 108.032000 60
108.160000 108.448000 63
108.448000 108.576000 66
108.736000 109.248000 67
109.408000 109.792000 63
109.920000 110.400000 65
110.496000 110.816000 68
110.816000 111.200000 63
111.360000 112.512000 65
112.512000 113.792000 61
114.624000 118.528000 64
121.376000 121.696000 60
122.240000 122.368000 60
127.424000 127.552000 65
129.632000 129.792000 63
130.496000 130.976000 65
131.104000 131.232000 65
136.096000 136.224000 56
136.544000 136.736000 55
136.736000 136.896000 57
136.896000 137.536000 61
137.536000 138.048000 65
138.144000 139.584000 61
141.216000 141.280000 53
141.280000 141.344000 54
141.344000 141.568000 56
141.568000 141.792000 56
141.792000 143.552000 63
143.648000 144.608000 63
146.080000 146.304000 58
146.400000 146.624000 63
146.624000 146.912000 65
146.912000 147.520000 62
147.648000 147.936000 63
147.936000 148.256000 65
148.576000 149.056000 65
149.152000 149.408000 65
149.408000 150.272000 61
150.368000 150.752000 65
150.976000 151.040000 65
151.040000 151.232000 66
151.232000 151.712000 68
151.712000 152.096000 66
152.224000 152.416000 61
152.416000 152.704000 63
152.832000 153.280000 65
153.440000 153.664000 65
153.664000 154.016000 66
154.016000 155.360000 65
155.872000 156.064000 58
156.192000 156.672000 65
156.832000 157.408000 58
157.408000 157.952000 65
158.048000 160.288000 63
160.800000 161.024000 56
161.120000 161.280000 61
161.376000 161.600000 63
161.600000 162.240000 61
162.240000 162.528000 57
162.656000 162.912000 56
162.912000 163.136000 62
163.264000 163.424000 63
163.520000 164.384000 65
164.384000 165.088000 62
165.216000 165.440000 62
165.696000 165.888000 58
165.888000 165.984000 60
165.984000 166.112000 63
166.112000 166.528000 65
166.528000 167.648000 61
167.808000 168.128000 61
168.128000 168.960000 66
169.056000 169.280000 65
169.280000 169.664000 63
169.952000 170.656000 69
170.656000 171.520000 65
171.808000 172.000000 61
172.000000 172.832000 65
172.992000 173.056000 63
173.056000 174.080000 66
174.080000 174.560000 62
174.752000 174.848000 63
174.848000 174.912000 67
174.912000 175.008000 68
175.008000 175.680000 70
175.776000 176.064000 70
176.064000 176.608000 68
176.608000 176.928000 65
177.024000 178.208000 68
178.208000 178.848000 68
178.848000 179.424000 66
179.712000 180.576000 70
180.704000 181.504000 70
181.600000 184.192000 66
184.192000 184.352000 61
184.512000 184.640000 59
184.640000 184.736000 60
184.736000 185.152000 63
185.280000 185.952000 66
186.048000 186.400000 65
186.528000 186.784000 63
186.784000 187.488000 62
187.712000 187.776000 58
187.776000 187.904000 60
187.904000 188.320000 62
188.320000 189.568000 65
189.568000 190.816000 61
191.424000 191.520000 57
192.128000 192.448000 61
192.448000 193.376000 61
193.504000 193.760000 59
194.400000 194.464000 63
194.464000 194.496000 66
194.496000 194.592000 68
194.592000 195.264000 70
195.360000 196.256000 70
196.256000 198.688000 70
198.784000 199.040000 63
199.296000 201.088000 70
201.184000 202.304000 66
202.400000 203.552000 66
203.552000 203.936000 61
204.224000 204.736000 65
204.736000 205.088000 63
205.184000 205.376000 63
205.472000 205.632000 65
205.792000 206.080000 58
206.080000 206.528000 61
206.688000 207.584000 66
207.872000 208.160000 65
208.224000 208.544000 57
208.544000 208.832000 61
208.832000 209.408000 66
209.408000 210.304000 63
210.400000 210.592000 65
210.592000 210.656000 62
210.656000 211.008000 57
211.008000 211.456000 63
211.584000 211.840000 65
212.192000 212.672000 63
212.800000 213.184000 65
213.408000 213.632000 56
213.760000 214.048000 63
214.208000 215.072000 65
215.072000 215.296000 62
215.552000 215.840000 61
215.936000 216.448000 61
216.480000 216.672000 62
217.664000 217.728000 65
217.728000 217.856000 67
217.856000 219.232000 70
219.232000 219.808000 65
220.160000 220.224000 67
220.224000 221.632000 70
221.632000 222.048000 65
222.048000 222.816000 70
222.944000 223.232000 66
223.232000 223.776000 70
223.872000 224.128000 68
224.128000 224.416000 65
224.416000 224.736000 68
225.056000 225.120000 67
225.120000 226.208000 70
226.304000 226.496000 68
226.656000 227.264000 65
227.552000 227.744000 61
227.872000 227.968000 63
227.968000 228.096000 65
228.192000 230.080000 63
230.336000 230.464000 61
