16.480000 17.024000 56
17.344000 17.440000 56
17.568000 17.664000 55
17.792000 17.984000 55
18.144000 18.208000 55
18.432000 19.168000 56
19.552000 20.384000 71
20.576000 21.088000 68
21.504000 22.272000 68
22.272000 22.560000 67
22.656000 23.104000 62
23.776000 24.256000 66
24.480000 25.280000 61
25.920000 26.496000 61
26.496000 26.784000 60
27.424000 27.712000 63
27.904000 28.192000 71
28.640000 28.768000 70
28.928000 29.440000 68
29.664000 29.792000 67
29.952000 30.688000 68
30.688000 30.976000 67
32.064000 32.608000 71
32.768000 32.960000 70
33.120000 33.536000 70
33.856000 34.144000 68
34.144000 35.104000 71
36.224000 38.144000 68
38.336000 38.560000 60
38.560000 39.328000 66
40.160000 41.152000 63
41.504000 42.176000 61
42.496000 43.040000 64
43.040000 43.456000 63
44.512000 44.864000 67
44.864000 46.496000 68
46.656000 47.008000 59
47.008000 48.000000 68
48.768000 49.472000 63
49.920000 50.464000 61
50.592000 50.848000 61
50.848000 51.776000 64
52.864000 53.184000 71
53.184000 54.688000 70
55.008000 55.264000 66
55.264000 56.704000 65
57.152000 57.696000 65
57.888000 58.496000 66
58.656000 60.160000 60
60.352000 60.576000 60
61.024000 61.536000 71
61.536000 62.848000 70
63.040000 63.328000 60
63.328000 64.928000 66
65.152000 65.856000 63
65.856000 65.984000 64
65.984000 66.752000 67
66.752000 68.608000 73
68.704000 69.088000 71
69.920000 70.144000 70
71.328000 71.456000 68
72.000000 72.192000 75
72.384000 72.512000 75
72.800000 72.960000 71
74.784000 74.880000 70
75.008000 76.960000 73
77.184000 77.440000 71
77.632000 77.728000 71
78.144000 78.496000 71
78.784000 78.880000 67
79.328000 79.488000 68
80.224000 80.544000 66
80.864000 80.992000 63
81.216000 81.344000 63
82.048000 82.144000 66
83.264000 83.424000 70
83.552000 85.280000 73
86.048000 86.304000 64
86.304000 86.976000 71
87.040000 87.904000 70
88.064000 88.288000 66
88.416000 89.056000 68
89.056000 89.472000 67
89.632000 89.728000 63
89.888000 89.984000 63
90.528000 91.040000 66
91.040000 91.360000 65
91.616000 91.968000 61
92.352000 92.640000 63
92.640000 93.344000 62
93.344000 93.600000 58
94.400000 94.464000 63
94.464000 94.720000 66
94.720000 95.584000 71
95.584000 96.160000 68
96.480000 96.864000 66
96.864000 97.504000 68
97.504000 97.760000 66
98.912000 102.016000 71
102.976000 104.928000 68
105.120000 105.312000 59
105.312000 106.112000 66
106.944000 107.936000 63
108.288000 108.928000 61
109.280000 109.792000 64
109.792000 110.240000 63
111.232000 111.392000 65
111.392000 113.312000 68
113.440000 113.824000 60
113.824000 114.752000 68
115.552000 116.224000 63
116.672000 117.248000 61
117.344000 117.632000 61
117.632000 118.432000 64
118.432000 118.592000 60
119.744000 120.064000 71
120.064000 121.504000 70
121.792000 122.048000 66
122.048000 123.328000 65
123.936000 124.480000 65
124.672000 125.280000 66
125.440000 126.976000 60
127.904000 128.352000 71
128.352000 129.632000 70
129.824000 130.112000 60
130.112000 131.648000 66
132.064000 132.096000 63
132.160000 132.640000 63
132.640000 133.472000 66
133.504000 133.536000 66
133.792000 133.984000 69
133.984000 134.368000 71
134.432000 135.392000 73
135.648000 135.840000 71
136.672000 136.928000 70
137.216000 137.312000 67
137.824000 137.920000 67
138.656000 138.816000 65
138.912000 139.424000 64
139.648000 139.808000 63
141.152000 141.280000 66
141.568000 143.712000 73
145.024000 145.280000 70
146.112000 146.272000 68
146.944000 147.328000 66
148.096000 148.320000 64
148.832000 148.960000 62
149.696000 150.368000 63
150.624000 152.864000 61
153.248000 153.632000 62
154.496000 154.944000 59
155.264000 155.712000 54
155.808000 156.128000 56
156.224000 157.024000 59
157.376000 157.472000 59
158.080000 159.136000 62
159.264000 159.360000 62
159.488000 159.904000 66
160.416000 161.184000 59
161.536000 161.952000 66
161.952000 162.496000 65
162.752000 162.976000 61
163.328000 163.488000 63
163.584000 164.704000 68
164.864000 165.056000 65
165.472000 165.568000 66
165.664000 166.336000 66
166.592000 166.624000 65
167.168000 169.280000 73
169.536000 170.368000 71
170.368000 171.648000 68
171.872000 172.576000 66
172.576000 173.440000 63
173.696000 174.432000 63
174.432000 175.872000 66
176.064000 176.224000 61
176.384000 177.248000 66
177.472000 178.464000 73
178.464000 179.680000 70
179.840000 180.160000 61
180.256000 180.768000 66
180.768000 181.152000 63
181.280000 181.824000 63
182.080000 182.752000 63
182.752000 184.224000 67
184.352000 184.416000 68
184.416000 187.552000 72
187.552000 188.640000 70
189.088000 189.440000 67
189.440000 190.336000 66
190.336000 191.456000 63
191.872000 192.800000 71
192.832000 193.824000 73
194.720000 194.848000 75
195.200000 195.360000 70
195.648000 195.744000 67
196.256000 196.352000 68
196.544000 196.672000 68
197.056000 197.184000 66
198.848000 199.040000 71
199.712000 199.872000 71
200.384000 202.144000 73
