20.064000 20.160000 63
31.136000 31.328000 64
31.424000 32.928000 64
33.088000 33.280000 64
35.008000 35.520000 50
35.648000 36.096000 59
36.192000 36.352000 59
36.448000 36.640000 59
36.640000 37.120000 58
37.120000 37.760000 54
37.888000 38.048000 48
38.368000 38.560000 48
38.784000 38.976000 52
39.168000 39.648000 50
42.240000 42.784000 49
42.944000 43.296000 51
43.296000 44.000000 59
44.128000 44.288000 59
44.288000 44.736000 58
44.736000 44.800000 56
44.800000 45.312000 54
45.312000 45.696000 49
46.016000 46.176000 47
46.464000 47.424000 52
48.960000 49.056000 51
49.152000 49.344000 55
49.344000 49.760000 59
49.856000 50.464000 61
50.592000 50.976000 62
50.976000 51.648000 58
51.648000 52.064000 59
52.672000 52.928000 59
52.928000 53.088000 57
53.248000 53.600000 56
53.728000 53.984000 59
54.176000 54.720000 59
54.912000 55.200000 53
55.424000 55.808000 57
56.544000 56.960000 57
57.088000 57.440000 54
57.568000 57.856000 54
58.016000 58.432000 58
58.432000 59.168000 62
59.264000 59.808000 54
60.512000 60.640000 54
60.640000 61.056000 59
61.152000 61.696000 61
61.856000 62.016000 59
62.176000 62.400000 59
62.400000 62.624000 57
62.784000 63.104000 58
63.296000 64.288000 61
64.704000 64.864000 59
64.864000 65.088000 58
65.216000 65.568000 59
65.664000 65.888000 64
65.952000 66.336000 61
66.336000 66.656000 60
66.656000 66.848000 64
66.976000 68.032000 61
68.512000 68.672000 59
68.800000 68.896000 57
69.056000 69.376000 59
69.472000 69.664000 64
69.792000 70.400000 57
70.496000 71.808000 61
72.416000 72.480000 55
72.480000 72.640000 58
72.640000 72.992000 59
72.992000 73.536000 61
73.536000 73.824000 57
73.824000 74.368000 62
74.528000 74.688000 54
74.880000 75.328000 61
75.776000 79.520000 62
80.096000 80.288000 59
80.288000 80.960000 59
81.088000 81.312000 64
81.312000 81.952000 61
82.048000 82.208000 64
82.336000 83.520000 61
83.936000 84.064000 59
84.224000 84.544000 58
84.544000 84.768000 59
84.864000 85.120000 64
85.184000 85.408000 57
85.600000 85.856000 58
85.856000 86.080000 61
86.176000 87.200000 57
87.776000 87.840000 55
87.840000 88.160000 59
88.256000 88.384000 59
88.384000 88.864000 61
88.864000 89.152000 58
89.280000 89.824000 61
89.824000 90.048000 55
90.208000 90.656000 61
90.752000 91.008000 61
91.104000 91.808000 61
91.808000 92.032000 58
92.128000 93.984000 59
95.104000 95.392000 61
95.520000 95.712000 62
95.712000 96.192000 60
96.288000 97.760000 57
98.944000 99.072000 60
99.072000 100.000000 61
100.096000 102.496000 59
102.816000 102.912000 55
103.104000 103.296000 58
104.288000 104.384000 61
104.896000 105.056000 62
118.912000 119.008000 57
119.200000 119.680000 62
119.968000 120.224000 61
120.320000 120.480000 61
121.312000 121.472000 61
121.760000 121.952000 59
122.176000 122.624000 61
122.912000 123.232000 62
128.704000 128.832000 63
129.056000 129.696000 63
130.784000 131.520000 50
131.520000 131.648000 51
131.648000 132.128000 59
132.224000 132.384000 59
132.480000 132.672000 59
132.672000 133.152000 58
133.152000 133.824000 55
133.952000 134.112000 47
134.400000 134.592000 48
134.784000 135.008000 52
135.168000 135.744000 49
138.368000 138.848000 49
138.976000 139.296000 50
139.296000 139.360000 52
139.360000 139.552000 59
139.648000 140.032000 59
140.128000 140.320000 59
140.320000 140.800000 58
140.800000 141.504000 55
141.504000 141.792000 48
142.112000 142.272000 48
142.528000 143.680000 52
144.960000 145.120000 51
145.216000 145.312000 54
145.312000 145.760000 59
145.888000 147.008000 62
147.008000 147.552000 56
147.552000 148.064000 59
148.736000 149.152000 59
149.248000 149.664000 56
149.760000 150.016000 59
150.208000 150.752000 59
150.912000 151.232000 65
151.424000 151.616000 59
151.616000 151.968000 58
152.608000 153.024000 57
153.120000 153.472000 55
153.600000 153.920000 54
154.048000 154.464000 57
154.464000 155.232000 61
155.328000 155.968000 54
156.672000 156.928000 57
156.928000 157.760000 61
157.888000 158.528000 59
158.912000 159.072000 56
159.200000 160.352000 61
160.800000 161.216000 59
161.312000 161.760000 60
161.760000 161.952000 65
162.048000 162.400000 61
162.400000 162.720000 60
162.720000 162.912000 64
163.008000 164.096000 61
164.576000 164.736000 59
164.896000 164.992000 57
165.120000 165.472000 59
165.568000 165.760000 65
165.888000 167.840000 61
168.064000 168.224000 61
168.480000 168.864000 59
168.960000 169.088000 59
169.088000 169.632000 61
169.632000 169.920000 55
169.920000 170.464000 61
170.656000 170.784000 54
171.040000 171.488000 61
171.744000 172.224000 62
172.320000 172.512000 61
172.512000 172.704000 59
172.800000 175.264000 59
176.160000 176.352000 59
176.352000 176.992000 59
177.120000 177.344000 64
177.440000 177.984000 61
178.112000 178.304000 64
178.400000 179.584000 61
179.776000 179.968000 62
179.968000 180.128000 59
180.288000 180.608000 57
180.608000 180.832000 59
180.928000 181.152000 64
181.280000 181.568000 57
181.696000 181.920000 58
181.920000 182.144000 62
182.304000 183.200000 57
183.840000 183.904000 55
183.904000 184.064000 57
184.064000 184.288000 59
184.288000 184.960000 61
184.960000 185.184000 55
185.312000 185.920000 62
185.920000 186.112000 54
186.272000 186.688000 62
187.200000 187.904000 61
187.904000 188.128000 57
188.256000 190.080000 59
191.168000 192.384000 61
192.384000 192.608000 57
192.864000 194.016000 57
194.208000 194.304000 57
195.360000 196.320000 61
196.320000 196.512000 65
196.608000 197.408000 65
197.408000 197.504000 65
197.632000 199.008000 62
199.168000 199.296000 60
199.456000 199.584000 58
199.712000 199.808000 57
199.808000 200.064000 60
200.160000 200.384000 65
200.480000 200.864000 58
200.864000 201.120000 57
201.120000 202.272000 62
202.400000 202.976000 62
203.072000 203.136000 56
203.136000 203.264000 58
203.264000 204.192000 62
204.192000 204.480000 55
204.480000 205.152000 62
205.152000 205.344000 55
205.472000 205.920000 62
206.496000 206.848000 62
206.944000 207.104000 62
207.104000 207.328000 60
207.392000 208.544000 62
208.736000 210.048000 62
210.144000 210.272000 60
210.496000 211.584000 60
211.680000 211.936000 65
211.936000 212.576000 62
212.672000 212.864000 65
212.992000 214.112000 62
214.400000 214.656000 60
214.848000 215.424000 60
215.520000 215.744000 65
215.744000 216.512000 61
216.512000 216.896000 62
216.896000 217.824000 58
217.824000 218.816000 62
218.944000 219.520000 62
219.520000 219.776000 56
219.904000 220.448000 62
220.544000 220.704000 55
220.832000 221.376000 62
221.728000 221.952000 62
222.048000 222.208000 62
222.304000 222.464000 62
222.464000 222.688000 58
222.848000 224.384000 60
224.960000 225.120000 57
225.312000 225.344000 57
225.728000 225.792000 55
225.792000 225.824000 57
225.824000 226.112000 62
226.208000 226.400000 62
226.400000 226.912000 61
227.104000 228.224000 58
229.568000 230.432000 62
230.560000 233.664000 60
