12.960000 13.280000 50
13.376000 13.920000 52
14.176000 15.296000 65
15.296000 16.448000 60
17.152000 17.792000 59
17.792000 17.856000 57
17.856000 19.072000 56
19.328000 19.680000 53
19.840000 20.160000 52
20.256000 20.384000 51
20.544000 20.640000 52
21.056000 21.152000 51
21.312000 21.536000 50
21.632000 21.888000 53
22.400000 23.104000 64
23.104000 23.424000 65
23.424000 24.896000 62
25.184000 25.312000 56
25.408000 25.664000 57
25.824000 26.144000 59
26.144000 27.040000 58
27.040000 27.360000 53
27.648000 28.192000 51
28.416000 28.512000 49
28.800000 29.216000 48
29.568000 29.824000 50
29.984000 30.496000 52
30.624000 31.840000 65
31.840000 32.672000 60
33.152000 33.408000 60
33.408000 34.176000 64
34.176000 34.560000 62
34.688000 35.008000 63
35.232000 35.808000 56
35.808000 35.904000 56
36.064000 37.216000 58
37.760000 38.016000 56
38.176000 38.432000 54
38.560000 38.816000 56
38.816000 39.104000 58
39.264000 40.096000 63
40.096000 40.768000 58
41.376000 41.536000 58
41.536000 42.112000 62
42.240000 43.296000 55
43.488000 43.680000 51
43.680000 45.216000 56
45.888000 46.272000 55
46.432000 46.560000 54
46.560000 47.296000 53
47.392000 47.552000 55
47.680000 47.808000 57
47.808000 48.416000 56
48.512000 48.640000 53
48.704000 49.504000 53
49.952000 50.368000 64
50.432000 51.456000 65
51.488000 51.552000 62
51.552000 51.648000 57
51.648000 52.224000 55
52.416000 53.536000 58
54.208000 54.784000 59
54.880000 56.128000 64
56.128000 57.472000 62
57.792000 57.952000 62
57.952000 58.464000 61
58.560000 58.816000 54
58.816000 59.296000 54
59.296000 59.936000 62
59.936000 62.208000 56
63.712000 63.808000 49
64.192000 64.384000 49
65.696000 66.112000 50
74.688000 74.944000 50
75.040000 75.584000 52
75.808000 77.344000 64
77.344000 78.336000 60
78.784000 79.584000 58
79.584000 80.352000 54
80.416000 80.768000 53
81.056000 81.344000 52
81.440000 81.536000 50
82.976000 83.232000 50
83.328000 83.616000 52
83.712000 83.840000 51
84.032000 85.216000 65
85.216000 86.560000 59
86.848000 86.944000 56
87.104000 87.264000 57
87.392000 87.616000 58
87.616000 87.840000 59
87.840000 88.672000 58
88.672000 89.216000 55
89.536000 89.888000 50
89.984000 90.080000 48
90.368000 90.688000 48
91.232000 91.360000 52
91.552000 91.808000 52
92.224000 92.288000 62
92.288000 92.960000 63
92.960000 93.312000 65
93.312000 93.408000 63
93.408000 95.008000 62
95.008000 96.928000 65
96.928000 97.504000 57
97.728000 98.848000 58
99.392000 99.648000 56
99.776000 99.872000 56
99.872000 100.064000 54
100.192000 100.352000 56
100.448000 100.800000 58
100.896000 101.088000 59
101.088000 101.536000 62
101.536000 102.432000 60
103.008000 103.200000 58
103.200000 103.488000 60
103.488000 103.776000 63
103.936000 104.160000 55
104.480000 104.992000 54
105.184000 105.344000 51
105.344000 105.664000 55
105.664000 106.560000 56
106.720000 106.752000 54
107.616000 108.032000 55
108.096000 108.160000 55
108.160000 108.352000 54
108.352000 109.056000 53
109.184000 109.280000 54
109.440000 109.600000 57
109.600000 110.176000 56
110.272000 110.400000 52
110.496000 111.456000 54
111.744000 113.344000 65
113.344000 114.048000 60
114.240000 115.296000 58
115.936000 116.064000 57
116.064000 116.640000 60
116.640000 118.528000 64
118.656000 118.912000 59
118.912000 119.200000 60
119.232000 119.296000 61
119.520000 119.648000 62
119.648000 120.192000 60
120.320000 120.736000 55
120.736000 121.088000 55
121.088000 121.600000 62
121.696000 122.080000 53
122.080000 123.200000 57
123.328000 123.424000 54
130.816000 131.008000 53
140.800000 141.024000 50
141.216000 141.408000 52
141.824000 141.888000 61
141.888000 142.336000 63
142.336000 143.168000 65
143.168000 143.392000 60
143.488000 143.968000 60
144.192000 144.576000 60
144.576000 145.472000 65
145.472000 145.792000 62
145.920000 145.984000 61
145.984000 146.560000 65
146.560000 146.624000 58
146.624000 147.168000 56
147.424000 148.352000 58
148.384000 148.608000 56
149.056000 149.312000 56
149.440000 149.536000 56
149.536000 149.728000 54
149.856000 150.112000 56
150.112000 150.432000 58
150.560000 150.816000 60
150.816000 151.200000 62
151.200000 152.096000 61
152.672000 152.800000 57
152.800000 152.896000 59
152.896000 153.472000 62
153.632000 154.688000 55
154.880000 154.944000 50
154.944000 155.040000 51
155.040000 155.232000 53
155.232000 155.744000 56
155.904000 156.000000 55
156.032000 156.096000 55
156.128000 156.512000 55
157.280000 157.664000 54
157.792000 157.888000 55
157.888000 158.688000 54
158.848000 158.976000 54
159.136000 159.424000 57
159.424000 160.064000 56
160.160000 160.352000 51
160.448000 161.056000 53
161.440000 163.072000 65
163.264000 163.360000 60
163.488000 163.712000 56
163.904000 165.056000 58
165.696000 166.272000 59
166.368000 167.712000 64
167.968000 168.192000 62
168.192000 168.992000 60
169.248000 169.376000 62
169.376000 169.952000 61
170.080000 170.912000 59
170.912000 171.232000 62
171.424000 173.024000 56
173.152000 173.280000 55
175.392000 175.712000 50
177.312000 177.824000 50
178.048000 178.272000 48
