12.224000 12.608000 51
12.864000 13.280000 57
13.632000 14.016000 57
14.144000 14.816000 55
15.552000 15.680000 52
17.152000 17.216000 53
17.216000 17.344000 55
17.472000 18.080000 56
18.496000 19.072000 55
19.264000 20.480000 50
21.472000 21.664000 50
21.920000 22.336000 57
22.624000 22.752000 57
23.232000 23.392000 57
23.488000 23.648000 55
24.320000 24.384000 55
24.384000 24.832000 57
24.832000 25.248000 56
25.440000 25.632000 54
26.080000 26.496000 52
26.624000 27.648000 54
27.808000 28.672000 53
28.736000 29.728000 50
31.200000 31.296000 52
31.392000 32.192000 57
32.512000 32.832000 57
33.056000 33.184000 55
33.280000 33.440000 54
33.632000 33.792000 51
34.080000 34.400000 50
35.904000 37.952000 57
38.080000 38.880000 54
38.976000 39.104000 50
40.864000 42.848000 57
43.040000 44.000000 52
44.928000 45.056000 52
45.280000 46.656000 54
47.008000 47.168000 54
47.168000 47.616000 53
49.312000 49.984000 62
50.112000 50.304000 68
50.304000 51.936000 62
52.064000 52.160000 65
52.352000 52.864000 62
52.864000 53.472000 64
54.112000 54.336000 62
54.336000 55.776000 65
55.872000 56.960000 66
57.248000 57.824000 62
59.072000 59.616000 63
59.616000 60.576000 69
60.704000 61.120000 70
61.216000 61.728000 67
61.728000 62.656000 65
63.776000 63.968000 64
64.096000 64.640000 65
64.768000 67.904000 65
80.672000 80.960000 57
81.152000 81.440000 57
81.824000 82.208000 57
82.336000 82.816000 55
83.264000 83.712000 50
84.896000 85.184000 50
85.184000 85.280000 53
85.280000 85.504000 57
85.568000 86.336000 56
86.560000 86.912000 55
87.072000 87.840000 52
87.872000 88.544000 50
89.760000 90.048000 51
90.208000 90.720000 57
90.848000 91.200000 58
91.456000 91.776000 58
91.872000 92.128000 55
92.288000 93.024000 53
93.120000 93.440000 52
94.240000 94.304000 60
94.304000 94.720000 63
94.848000 95.392000 66
95.520000 95.648000 64
95.904000 96.032000 62
96.032000 97.120000 66
97.120000 98.400000 62
99.008000 99.680000 62
99.808000 99.968000 68
99.968000 100.512000 62
100.608000 101.664000 57
102.080000 103.008000 64
103.808000 103.872000 62
103.872000 104.000000 62
104.000000 105.280000 66
105.280000 106.656000 66
106.944000 107.552000 62
108.736000 109.248000 62
109.248000 109.408000 67
109.504000 110.304000 69
110.400000 110.784000 69
110.944000 111.392000 67
111.392000 112.416000 64
113.504000 113.664000 64
113.792000 113.856000 62
113.856000 114.336000 65
114.464000 115.520000 65
115.680000 117.152000 62
137.920000 138.656000 61
139.168000 139.392000 58
139.392000 139.744000 61
140.160000 140.448000 62
141.952000 142.304000 64
142.592000 143.904000 66
144.352000 144.608000 64
150.048000 150.432000 66
151.040000 151.232000 72
154.880000 155.264000 73
174.880000 175.648000 62
175.648000 177.632000 69
177.824000 178.080000 62
178.240000 178.912000 64
179.488000 180.928000 65
181.024000 181.248000 62
181.248000 182.272000 66
182.560000 183.168000 62
184.224000 184.832000 63
184.832000 184.960000 67
185.056000 185.248000 57
185.408000 185.760000 69
185.952000 186.304000 69
186.400000 186.880000 67
186.880000 187.264000 62
187.360000 187.968000 64
188.576000 188.640000 61
188.640000 189.056000 64
189.248000 189.760000 65
189.888000 192.640000 65
193.280000 193.504000 62
193.504000 193.696000 65
193.824000 194.368000 65
194.464000 195.552000 65
195.552000 197.312000 62
197.600000 197.856000 64
198.016000 198.336000 64
198.496000 199.008000 65
199.136000 202.656000 65
