28.288000 28.544000 62
28.640000 28.960000 62
29.056000 29.888000 62
29.888000 31.072000 61
31.168000 32.256000 60
33.728000 33.920000 53
34.048000 34.752000 62
34.752000 35.200000 58
35.296000 35.712000 58
37.024000 37.312000 53
37.408000 37.472000 59
37.472000 37.952000 62
37.952000 38.144000 60
38.272000 39.200000 59
39.200000 40.416000 60
41.664000 41.856000 62
42.016000 42.720000 62
42.816000 43.424000 62
43.424000 43.552000 58
43.680000 44.384000 58
44.512000 44.800000 60
44.896000 45.504000 60
45.504000 46.208000 59
47.392000 47.520000 60
47.520000 47.872000 62
47.872000 48.512000 61
48.672000 48.960000 58
49.056000 49.376000 58
50.272000 50.688000 55
50.688000 51.488000 62
51.520000 52.544000 58
52.544000 53.248000 62
53.248000 54.336000 65
54.848000 55.168000 63
55.328000 56.640000 63
56.640000 58.528000 62
58.656000 60.704000 60
61.664000 61.888000 54
62.016000 63.840000 65
63.840000 64.384000 61
64.480000 64.768000 60
64.896000 65.152000 60
65.312000 66.720000 62
67.552000 67.808000 56
67.808000 68.544000 63
68.704000 68.992000 62
69.088000 69.760000 62
69.760000 71.872000 60
71.968000 72.224000 58
72.224000 73.312000 58
73.312000 73.536000 61
74.048000 74.112000 59
74.112000 74.400000 62
74.528000 75.616000 63
75.744000 76.256000 62
76.256000 77.280000 61
77.376000 80.960000 60
81.856000 82.336000 55
82.336000 82.944000 63
83.136000 83.200000 63
83.200000 83.744000 65
83.744000 84.864000 65
85.152000 85.504000 53
85.632000 85.792000 61
85.792000 86.752000 65
86.880000 87.552000 63
87.648000 88.064000 67
88.352000 88.768000 65
89.024000 89.120000 61
89.120000 89.408000 62
89.408000 90.496000 65
90.496000 91.168000 62
91.168000 91.776000 60
91.872000 93.504000 62
93.504000 94.176000 58
94.272000 94.368000 58
95.040000 95.168000 56
95.168000 95.232000 58
95.232000 95.936000 65
95.936000 96.352000 58
96.480000 98.048000 58
98.304000 98.528000 58
98.528000 99.232000 65
99.424000 100.448000 58
100.608000 101.440000 58
101.696000 101.856000 58
101.856000 102.528000 63
102.656000 103.040000 62
103.136000 103.808000 62
103.968000 104.352000 60
104.480000 104.608000 58
105.024000 105.152000 54
105.152000 105.216000 57
105.216000 106.752000 63
106.752000 106.976000 67
107.072000 107.520000 60
107.520000 108.032000 59
108.672000 108.928000 55
108.928000 108.992000 57
108.992000 109.088000 59
109.088000 110.944000 65
111.072000 111.488000 65
111.744000 112.224000 53
112.320000 112.448000 61
112.448000 114.208000 65
114.304000 114.752000 65
114.976000 115.424000 65
115.648000 117.152000 65
117.248000 117.696000 62
117.696000 119.264000 60
119.392000 119.936000 62
119.936000 120.896000 59
121.728000 121.952000 62
121.952000 122.560000 65
122.560000 123.872000 59
123.968000 124.768000 58
125.184000 125.920000 65
125.920000 126.752000 59
126.912000 128.192000 58
128.544000 129.248000 63
129.408000 130.080000 62
130.240000 130.304000 58
130.304000 131.200000 60
131.200000 131.360000 58
131.936000 132.416000 63
132.416000 133.280000 62
133.280000 133.472000 58
133.728000 133.952000 56
134.048000 135.136000 58
135.360000 135.680000 58
135.872000 135.968000 58
148.576000 148.864000 62
148.960000 149.760000 62
149.760000 150.336000 62
150.336000 151.360000 60
151.488000 152.544000 60
152.640000 153.184000 58
154.400000 154.976000 62
154.976000 155.552000 59
155.648000 156.384000 58
157.440000 157.664000 53
157.760000 157.824000 60
157.824000 158.208000 62
158.208000 159.968000 60
161.696000 161.792000 53
161.792000 161.856000 56
161.856000 162.112000 62
162.272000 163.840000 62
163.968000 164.704000 58
164.800000 164.896000 58
164.896000 166.496000 60
167.072000 167.552000 53
167.712000 168.416000 62
168.416000 169.984000 58
170.464000 171.008000 53
171.008000 171.680000 62
171.840000 172.928000 59
172.928000 174.624000 66
175.072000 175.264000 59
175.264000 175.488000 62
175.616000 176.928000 63
176.928000 178.784000 62
178.976000 180.960000 60
182.016000 182.208000 53
182.336000 184.224000 65
184.224000 184.704000 60
184.768000 185.504000 60
185.632000 187.232000 62
187.776000 188.160000 56
188.160000 188.832000 62
188.992000 189.280000 62
189.408000 190.528000 62
190.688000 192.576000 58
192.576000 193.632000 56
193.632000 193.888000 62
194.368000 194.688000 62
194.816000 195.936000 63
196.064000 196.512000 62
196.512000 197.536000 61
197.696000 197.824000 63
197.824000 200.096000 65
200.096000 201.728000 70
202.496000 203.424000 63
203.616000 203.712000 63
203.712000 204.096000 65
204.096000 205.280000 65
205.568000 205.952000 53
206.144000 206.240000 60
206.240000 207.232000 65
207.328000 207.488000 63
207.488000 208.096000 62
208.096000 208.576000 65
208.928000 209.184000 53
209.472000 210.208000 63
210.304000 211.072000 65
211.072000 211.456000 62
211.456000 212.256000 60
212.384000 214.016000 62
214.016000 214.880000 58
215.488000 215.680000 57
215.680000 216.320000 65
216.320000 216.832000 58
216.928000 218.592000 58
218.784000 219.008000 58
219.008000 219.680000 65
219.680000 220.992000 58
221.088000 221.856000 58
222.176000 222.336000 58
222.336000 223.520000 63
223.616000 224.320000 62
224.416000 225.248000 60
225.568000 225.632000 55
225.632000 225.664000 56
225.664000 227.264000 63
227.360000 228.512000 60
228.512000 228.608000 57
228.960000 229.344000 53
229.440000 229.504000 59
229.504000 231.392000 65
231.552000 231.968000 65
232.256000 232.608000 53
232.672000 232.736000 58
232.736000 232.896000 60
232.896000 234.720000 65
234.816000 235.264000 65
235.552000 235.904000 65
236.096000 236.160000 60
236.160000 237.632000 65
237.792000 238.112000 62
238.112000 238.720000 59
238.720000 240.736000 62
240.736000 241.664000 59
242.112000 242.432000 63
242.432000 242.976000 65
242.976000 244.352000 61
244.448000 245.152000 58
245.664000 246.368000 65
246.368000 248.512000 60
249.024000 249.664000 63
249.856000 250.592000 62
250.656000 250.784000 58
250.784000 251.328000 60
251.328000 251.936000 58
252.384000 253.280000 63
253.280000 254.144000 61
254.176000 256.192000 58
256.288000 256.448000 58
259.808000 260.224000 57
260.224000 260.896000 65
261.120000 261.696000 67
261.696000 262.304000 64
262.400000 262.816000 67
263.232000 263.360000 66
263.584000 263.776000 63
263.776000 264.736000 67
264.832000 264.992000 65
264.992000 266.080000 67
266.368000 266.720000 67
266.976000 267.072000 62
267.072000 268.864000 67
268.864000 269.760000 62
269.856000 271.520000 64
271.520000 272.544000 60
273.024000 273.216000 60
273.216000 273.376000 65
273.376000 273.792000 67
273.792000 274.304000 61
274.432000 276.096000 60
276.320000 276.512000 59
276.512000 277.344000 67
277.344000 278.496000 60
278.624000 279.392000 60
279.712000 279.872000 59
279.872000 281.792000 65
281.952000 282.720000 62
283.008000 283.136000 57
283.136000 283.200000 59
283.200000 283.296000 62
283.296000 284.896000 65
284.896000 285.824000 62
285.856000 286.432000 60
286.656000 287.168000 55
287.264000 287.424000 63
287.424000 289.792000 67
290.112000 290.368000 67
290.368000 291.008000 64
291.008000 293.120000 67
293.376000 295.456000 67
295.584000 296.032000 64
296.032000 297.600000 63
297.696000 298.496000 64
298.496000 299.648000 60
299.968000 300.224000 61
300.224000 300.864000 67
300.864000 303.072000 61
303.552000 304.384000 67
304.384000 305.856000 60
305.984000 306.336000 60
306.688000 306.816000 56
306.816000 306.848000 58
306.848000 307.488000 65
307.680000 308.480000 65
308.480000 309.632000 62
310.240000 311.328000 65
311.328000 311.488000 62
311.488000 311.808000 60
312.064000 312.192000 57
312.384000 314.368000 60
