3.648000 4.160000 55
4.480000 4.608000 51
5.632000 6.112000 53
6.336000 6.592000 52
7.808000 8.032000 51
13.024000 13.184000 52
15.072000 15.168000 52
15.264000 15.360000 51
21.056000 21.152000 53
21.312000 21.440000 53
21.568000 21.920000 52
22.208000 22.496000 56
22.624000 22.720000 52
22.848000 22.976000 53
23.392000 23.776000 53
23.968000 24.128000 51
24.320000 24.928000 56
24.928000 25.344000 53
25.472000 25.760000 53
25.888000 25.984000 53
27.040000 27.168000 53
27.264000 27.392000 53
27.552000 28.064000 54
28.512000 28.800000 51
29.344000 29.696000 56
29.760000 29.984000 56
30.016000 30.592000 56
30.592000 31.232000 61
31.456000 31.808000 56
31.904000 32.064000 56
32.160000 32.544000 56
32.864000 32.992000 65
33.088000 33.248000 64
33.344000 34.048000 61
34.752000 34.880000 57
34.880000 35.008000 58
35.008000 35.168000 61
35.264000 36.000000 65
36.000000 36.480000 62
36.480000 36.960000 60
37.088000 37.280000 61
37.280000 37.728000 65
37.824000 38.016000 63
38.016000 38.208000 62
38.368000 40.320000 65
41.472000 42.400000 54
42.496000 42.784000 56
42.784000 42.848000 58
42.848000 43.168000 63
43.264000 44.480000 64
45.376000 45.440000 51
45.440000 46.656000 55
46.656000 47.232000 56
47.328000 47.488000 65
47.616000 48.512000 65
48.512000 49.056000 61
49.728000 49.888000 53
49.888000 51.072000 56
51.168000 51.456000 63
51.584000 52.512000 64
53.632000 54.816000 65
54.944000 55.104000 61
55.104000 55.424000 60
55.424000 55.744000 65
55.840000 57.312000 61
57.792000 57.888000 55
58.272000 58.720000 53
58.816000 58.912000 51
59.456000 59.744000 56
59.840000 59.936000 53
60.096000 60.224000 53
60.608000 61.024000 53
61.120000 61.280000 52
61.504000 62.112000 57
62.176000 62.624000 53
62.720000 62.816000 53
63.104000 63.232000 53
63.968000 64.064000 55
64.288000 64.608000 53
64.800000 65.152000 53
65.632000 66.368000 53
66.752000 67.040000 56
67.200000 67.808000 56
67.808000 68.448000 61
68.608000 69.024000 56
69.152000 69.280000 56
69.408000 69.568000 56
69.920000 70.496000 66
70.496000 71.360000 62
71.968000 72.128000 58
72.128000 72.224000 59
72.224000 72.480000 62
72.480000 73.440000 65
73.536000 73.728000 61
73.728000 74.144000 60
74.272000 74.496000 61
74.496000 75.008000 65
75.104000 75.488000 66
75.584000 76.000000 65
76.000000 77.696000 63
77.696000 77.952000 56
77.952000 78.368000 63
78.464000 79.520000 64
80.544000 80.704000 52
80.704000 81.312000 53
81.312000 82.336000 56
82.496000 82.624000 64
82.752000 83.584000 65
83.584000 84.320000 63
84.928000 85.024000 52
85.024000 86.208000 56
86.368000 86.624000 63
86.752000 87.360000 63
88.800000 90.016000 65
90.112000 92.160000 65
92.896000 92.992000 66
92.992000 93.312000 68
93.312000 93.952000 68
93.952000 94.304000 65
94.976000 96.032000 68
96.032000 96.512000 65
97.056000 98.112000 68
98.112000 98.784000 65
99.392000 100.704000 66
100.704000 101.120000 62
101.216000 102.176000 61
102.304000 102.560000 61
103.008000 103.520000 75
103.520000 103.584000 72
103.584000 103.680000 70
103.904000 104.032000 63
104.224000 104.416000 56
104.576000 104.800000 56
104.960000 105.184000 56
105.344000 105.600000 63
105.600000 105.728000 62
105.952000 106.112000 56
106.272000 106.528000 56
106.656000 106.880000 56
107.072000 107.296000 56
107.680000 108.992000 66
108.992000 109.408000 62
109.504000 110.016000 61
110.016000 111.264000 64
111.264000 111.424000 60
111.616000 111.968000 59
112.128000 112.320000 59
112.320000 112.448000 58
112.576000 112.832000 56
112.832000 113.120000 60
113.120000 113.536000 66
113.632000 115.744000 65
115.744000 116.672000 61
118.272000 118.656000 64
118.816000 119.136000 63
119.136000 119.744000 61
119.840000 120.800000 61
120.896000 121.312000 61
121.408000 121.824000 61
121.952000 122.880000 66
123.456000 123.616000 61
123.712000 128.288000 68
128.448000 129.344000 56
129.440000 129.760000 59
129.760000 130.112000 65
130.208000 131.328000 66
132.256000 132.480000 55
132.480000 133.056000 55
133.056000 134.080000 58
134.208000 134.368000 67
134.496000 134.624000 66
134.624000 135.264000 67
135.264000 136.032000 66
136.704000 136.768000 54
136.768000 137.952000 58
138.080000 138.336000 65
138.464000 139.456000 66
140.512000 141.728000 67
141.824000 143.744000 67
144.640000 145.696000 70
145.696000 145.984000 67
146.144000 146.528000 65
146.720000 147.776000 70
147.776000 148.064000 67
148.192000 148.640000 65
148.800000 149.760000 70
149.760000 150.144000 67
150.272000 150.528000 65
150.528000 150.688000 65
151.136000 152.384000 67
152.384000 152.864000 65
152.960000 154.048000 63
154.144000 155.840000 65
156.096000 156.224000 65
156.320000 156.960000 65
157.088000 157.312000 69
157.312000 157.472000 66
157.728000 157.888000 65
158.112000 159.008000 65
159.392000 159.488000 65
159.488000 159.648000 67
159.776000 160.640000 68
160.640000 160.864000 65
160.960000 161.088000 64
161.248000 162.912000 63
162.912000 164.640000 68
164.864000 165.216000 67
165.216000 165.952000 63
166.400000 166.560000 60
166.656000 166.912000 58
167.040000 167.200000 58
167.680000 168.256000 67
168.384000 168.992000 68
168.992000 169.376000 66
169.472000 172.000000 65
174.400000 174.912000 58
175.072000 175.424000 57
175.584000 175.744000 57
176.096000 176.160000 56
176.192000 177.088000 56
178.496000 178.592000 55
178.784000 178.880000 51
179.584000 180.288000 56
180.832000 181.184000 53
181.248000 181.472000 52
181.536000 181.568000 53
181.888000 182.080000 54
182.176000 182.368000 53
182.752000 183.008000 56
183.648000 183.776000 55
183.936000 184.320000 56
