14.656000 15.104000 58
15.200000 16.480000 58
16.864000 17.824000 58
18.112000 18.432000 62
18.624000 19.008000 62
20.768000 21.056000 62
21.184000 21.824000 63
21.824000 22.176000 61
22.304000 22.400000 58
22.944000 23.584000 63
23.584000 25.088000 61
25.248000 25.600000 60
25.696000 26.176000 60
28.928000 30.144000 58
30.240000 30.464000 58
30.976000 32.032000 58
32.256000 33.440000 65
34.912000 35.264000 67
35.360000 35.840000 63
35.840000 36.000000 62
36.000000 36.320000 60
36.448000 36.576000 58
37.056000 38.112000 65
38.208000 38.400000 62
38.784000 39.168000 63
39.360000 40.480000 60
43.200000 43.584000 60
43.744000 43.904000 65
43.904000 44.128000 67
44.608000 44.992000 63
45.696000 47.264000 62
47.264000 47.552000 65
47.712000 48.064000 65
48.832000 49.824000 67
50.080000 50.208000 63
50.304000 50.400000 61
50.560000 50.784000 63
50.784000 51.040000 61
51.200000 51.392000 65
51.392000 51.616000 67
51.872000 52.544000 65
52.544000 53.056000 67
53.248000 54.752000 67
55.680000 56.032000 63
56.128000 56.288000 65
56.288000 56.800000 64
56.800000 57.984000 70
58.080000 58.592000 65
59.232000 59.520000 63
59.616000 59.744000 65
59.744000 60.256000 63
60.256000 61.376000 70
61.376000 61.728000 65
61.856000 62.208000 62
62.848000 62.944000 59
62.944000 63.584000 65
63.584000 65.024000 72
65.120000 65.536000 68
65.888000 67.040000 67
67.264000 68.064000 67
68.192000 68.448000 65
68.448000 69.376000 65
69.792000 70.176000 63
70.176000 70.368000 65
70.368000 70.816000 63
70.816000 72.480000 70
72.480000 72.736000 67
73.280000 73.344000 61
73.344000 74.208000 65
74.368000 74.592000 72
74.592000 75.552000 75
75.552000 75.840000 72
75.968000 76.320000 70
77.024000 77.440000 75
77.664000 78.496000 72
78.592000 79.648000 70
79.968000 80.480000 67
80.576000 81.408000 65
82.112000 82.304000 60
82.304000 82.368000 62
82.368000 82.912000 67
83.008000 83.456000 67
83.712000 84.384000 65
85.088000 85.792000 63
91.136000 92.192000 67
92.384000 93.536000 66
93.536000 93.952000 63
99.360000 99.584000 58
99.744000 100.704000 58
100.864000 101.056000 58
101.600000 102.816000 58
102.816000 103.168000 62
103.264000 103.808000 63
105.216000 105.312000 58
105.504000 106.560000 64
106.560000 106.880000 60
107.712000 108.352000 63
108.352000 108.960000 58
109.280000 109.696000 58
109.888000 110.880000 60
110.880000 111.424000 56
113.632000 113.920000 58
114.080000 114.592000 58
114.720000 115.264000 58
115.840000 116.128000 66
116.288000 116.992000 65
116.992000 117.280000 70
117.440000 118.592000 70
119.584000 120.480000 67
120.704000 120.896000 63
121.056000 121.344000 63
121.344000 121.600000 66
121.760000 122.208000 67
122.432000 122.656000 63
122.656000 123.008000 63
123.104000 124.352000 67
124.480000 125.504000 66
126.208000 126.560000 63
126.656000 126.816000 65
126.816000 127.328000 63
127.328000 128.416000 70
128.640000 129.184000 65
129.888000 130.080000 63
130.176000 130.336000 65
130.336000 130.784000 64
130.784000 131.968000 70
131.968000 132.288000 65
132.384000 132.768000 62
133.440000 134.048000 63
134.144000 135.488000 72
135.488000 135.584000 68
135.680000 136.096000 68
136.416000 136.576000 65
136.576000 137.088000 70
137.088000 137.632000 65
137.856000 137.920000 64
137.920000 138.976000 67
138.976000 139.904000 65
140.384000 141.440000 65
141.440000 141.664000 69
141.664000 142.496000 70
142.496000 143.296000 67
143.840000 144.800000 65
144.928000 144.992000 72
144.992000 145.152000 73
145.152000 146.048000 74
146.048000 146.368000 72
146.496000 147.008000 70
147.616000 148.064000 75
148.256000 149.056000 72
149.152000 150.208000 70
150.464000 150.976000 67
151.136000 151.520000 65
151.520000 151.968000 63
152.672000 153.120000 64
153.120000 154.016000 67
154.208000 154.368000 65
154.464000 155.520000 65
155.520000 156.064000 67
156.192000 156.256000 61
156.256000 156.640000 64
156.640000 157.920000 67
157.920000 159.040000 65
159.040000 159.488000 67
159.680000 159.904000 62
159.904000 160.160000 64
160.160000 160.384000 65
160.384000 160.672000 67
160.672000 162.304000 75
162.400000 162.816000 72
163.008000 164.416000 71
164.608000 164.736000 69
164.832000 165.408000 68
165.504000 169.856000 71
170.304000 170.688000 64
170.784000 170.944000 66
170.944000 171.456000 65
171.456000 172.544000 71
172.704000 173.312000 66
174.048000 174.208000 64
174.304000 174.432000 66
174.528000 174.720000 64
174.944000 175.168000 70
175.168000 176.064000 71
176.064000 176.416000 67
176.544000 176.992000 63
177.568000 178.336000 70
178.336000 179.680000 73
179.808000 180.256000 69
180.480000 180.672000 66
180.672000 180.928000 68
180.928000 181.024000 66
181.024000 182.016000 66
182.016000 182.784000 68
182.944000 183.968000 66
184.544000 184.864000 64
184.864000 185.152000 66
185.152000 185.536000 64
185.536000 186.656000 71
186.656000 187.424000 68
187.904000 188.896000 66
189.056000 189.280000 74
189.280000 190.176000 75
190.176000 190.496000 74
190.624000 191.072000 71
191.744000 192.160000 76
192.352000 193.248000 73
193.312000 194.368000 71
194.624000 195.456000 68
195.456000 196.096000 65
196.832000 196.896000 65
196.928000 197.184000 64
197.184000 197.600000 68
197.696000 199.168000 68
199.680000 201.088000 64
205.664000 205.856000 60
205.856000 206.048000 64
206.048000 206.464000 68
206.560000 207.136000 68
207.648000 207.808000 65
207.808000 208.224000 68
208.320000 208.448000 66
208.448000 208.768000 68
208.832000 208.864000 64
208.896000 209.696000 66
210.240000 211.744000 65
255.712000 255.776000 71
256.352000 256.384000 65
