4.736000 4.928000 62
6.560000 6.720000 70
27.040000 28.672000 59
28.768000 29.312000 56
29.632000 30.176000 56
30.368000 30.688000 57
34.144000 35.328000 59
35.552000 35.872000 57
36.032000 36.480000 56
36.704000 36.864000 54
36.960000 37.152000 56
37.344000 37.504000 57
37.792000 37.984000 56
39.552000 40.224000 50
40.224000 40.768000 56
40.768000 41.120000 61
41.248000 41.568000 61
41.696000 42.016000 61
42.176000 42.560000 61
42.560000 42.880000 64
43.040000 43.456000 64
43.808000 44.000000 57
44.160000 44.384000 59
44.480000 44.768000 61
44.896000 45.216000 59
46.624000 47.040000 59
47.136000 47.296000 61
47.424000 47.744000 61
47.936000 48.160000 59
50.048000 50.528000 59
50.688000 50.784000 57
50.944000 51.296000 56
51.552000 51.808000 57
53.184000 53.664000 64
53.664000 54.688000 62
54.816000 55.104000 61
55.200000 55.488000 54
55.488000 55.872000 57
56.064000 56.224000 59
57.856000 57.952000 57
58.080000 58.944000 61
59.456000 59.936000 57
60.096000 60.672000 58
61.280000 61.376000 57
61.472000 62.528000 61
62.752000 63.072000 61
63.328000 63.552000 52
64.960000 65.152000 59
65.248000 66.176000 61
66.368000 66.848000 62
66.848000 68.000000 64
68.160000 69.632000 61
69.856000 70.176000 55
70.496000 70.784000 59
71.808000 72.192000 59
72.416000 72.576000 61
72.704000 73.024000 59
73.536000 73.760000 57
73.760000 74.368000 61
74.528000 75.040000 64
75.168000 75.456000 64
75.648000 76.448000 64
76.576000 76.960000 62
79.200000 79.904000 61
80.736000 81.728000 56
81.856000 82.528000 64
82.688000 82.944000 59
82.944000 83.712000 64
83.808000 83.936000 61
83.936000 84.992000 61
85.120000 85.568000 64
86.144000 86.432000 59
86.432000 87.232000 64
87.328000 88.544000 61
88.640000 89.024000 64
89.312000 90.304000 57
90.400000 90.784000 59
91.040000 91.232000 56
91.360000 92.096000 59
92.640000 92.736000 54
92.832000 93.088000 58
93.088000 93.408000 59
93.504000 94.080000 61
94.496000 94.592000 58
94.592000 95.424000 65
95.424000 96.544000 60
96.768000 97.024000 59
97.024000 97.440000 61
97.440000 98.112000 64
98.112000 99.136000 61
99.264000 99.808000 64
100.288000 100.544000 59
100.544000 101.056000 62
101.056000 101.440000 64
101.440000 102.176000 62
102.272000 102.400000 69
102.400000 102.624000 71
102.624000 103.552000 71
103.648000 105.120000 67
106.464000 106.688000 65
106.688000 106.880000 66
106.880000 106.944000 61
107.136000 107.616000 60
107.616000 108.384000 62
109.248000 109.760000 66
109.984000 111.232000 64
111.296000 112.576000 62
113.536000 113.888000 62
113.888000 114.112000 57
114.208000 115.200000 56
115.552000 115.872000 59
116.512000 117.376000 56
117.504000 118.048000 57
118.912000 119.328000 69
120.128000 120.544000 59
120.672000 120.768000 70
120.896000 120.960000 69
121.120000 121.312000 68
121.344000 121.696000 67
121.920000 123.264000 67
123.936000 124.096000 70
124.192000 124.512000 63
124.704000 124.832000 63
124.832000 125.216000 69
125.312000 125.344000 64
125.408000 125.440000 64
125.504000 125.568000 64
125.568000 126.528000 64
127.424000 127.584000 68
127.808000 127.904000 64
127.936000 128.160000 64
128.160000 128.256000 69
128.352000 128.512000 66
128.608000 129.280000 67
129.408000 130.304000 68
132.928000 133.024000 55
133.184000 135.264000 59
135.392000 135.744000 55
135.744000 136.512000 57
139.360000 139.744000 61
139.744000 140.000000 59
140.000000 140.224000 62
140.224000 140.384000 64
140.384000 141.408000 65
141.568000 143.008000 61
143.136000 143.808000 56
144.320000 144.512000 55
144.512000 144.960000 57
145.056000 145.280000 58
145.280000 146.432000 61
146.432000 147.872000 64
147.872000 148.704000 59
149.504000 150.848000 61
151.232000 151.456000 57
151.456000 152.032000 61
152.128000 154.048000 64
154.048000 155.680000 62
156.800000 157.888000 61
158.272000 159.392000 57
159.520000 160.096000 64
160.320000 160.544000 59
160.544000 161.664000 64
161.664000 162.208000 60
162.304000 162.656000 61
162.784000 163.360000 65
163.840000 164.096000 59
164.096000 164.864000 64
164.960000 165.120000 61
165.120000 166.208000 61
166.304000 166.752000 65
167.008000 167.552000 56
167.648000 168.384000 59
168.608000 169.696000 59
170.080000 170.368000 54
170.464000 170.528000 56
170.528000 171.040000 59
171.136000 171.840000 61
172.128000 172.256000 59
172.256000 172.448000 64
172.448000 172.736000 63
172.736000 172.896000 67
172.896000 174.144000 61
174.368000 174.688000 59
174.688000 175.104000 61
175.104000 175.232000 63
175.232000 175.584000 64
175.584000 176.768000 62
176.896000 177.600000 64
177.856000 178.208000 59
178.208000 178.688000 62
178.688000 179.232000 64
179.232000 179.872000 61
179.968000 180.320000 71
180.416000 181.088000 71
181.088000 182.112000 68
184.128000 184.576000 66
184.576000 184.672000 61
184.800000 185.184000 59
185.280000 186.304000 61
187.552000 188.864000 64
188.992000 190.336000 62
191.200000 191.552000 62
191.552000 192.960000 57
192.960000 193.504000 54
194.336000 194.368000 62
194.432000 194.880000 65
194.880000 195.136000 62
195.136000 195.520000 66
195.520000 199.584000 69
199.584000 200.832000 64
200.992000 201.088000 62
201.344000 201.440000 62
201.440000 201.952000 64
201.952000 202.176000 62
202.176000 202.752000 62
202.752000 204.096000 61
204.192000 205.088000 57
205.088000 205.248000 53
205.376000 206.144000 56
206.144000 207.616000 53
208.736000 208.832000 62
208.928000 209.056000 61
209.056000 209.248000 60
209.248000 209.888000 65
209.888000 210.464000 62
210.528000 211.200000 59
211.296000 212.256000 57
212.704000 213.088000 64
213.248000 213.440000 64
213.440000 213.792000 62
213.888000 214.336000 64
214.336000 214.720000 69
214.816000 215.040000 68
215.040000 215.648000 65
215.744000 220.608000 73
227.456000 227.680000 56
227.808000 228.160000 57
228.256000 229.088000 59
229.280000 229.632000 56
230.048000 231.136000 57
234.400000 235.136000 57
235.232000 235.648000 59
235.872000 236.800000 57
236.928000 237.408000 56
237.504000 237.824000 57
238.016000 238.272000 56
239.808000 240.512000 50
240.512000 240.896000 52
241.024000 241.376000 61
241.536000 241.856000 61
241.984000 242.752000 61
242.848000 243.168000 64
243.328000 243.744000 64
244.032000 244.288000 58
244.288000 244.512000 59
244.704000 244.832000 59
244.832000 244.992000 61
245.216000 245.568000 59
246.784000 247.072000 58
247.072000 247.296000 59
247.424000 247.584000 61
247.680000 248.032000 61
248.256000 248.544000 59
250.656000 251.008000 59
251.136000 251.264000 57
251.392000 251.488000 54
251.488000 251.712000 56
252.064000 252.352000 57
252.960000 253.056000 55
253.248000 253.344000 55
