2.176000 3.168000 54
3.168000 4.960000 61
5.376000 5.632000 62
5.632000 6.208000 66
6.304000 6.592000 64
6.752000 8.576000 59
9.792000 10.336000 53
10.336000 13.344000 66
13.440000 13.792000 65
13.888000 15.776000 61
16.512000 17.536000 59
17.632000 19.328000 66
19.904000 19.968000 65
19.968000 20.256000 69
20.384000 21.248000 71
21.248000 21.472000 64
21.888000 22.432000 63
22.560000 22.912000 60
22.912000 23.392000 59
23.968000 24.320000 57
24.416000 24.768000 64
24.896000 26.592000 62
27.360000 30.336000 59
31.008000 31.680000 57
31.776000 32.128000 56
32.128000 32.800000 55
32.800000 32.992000 62
33.088000 34.080000 62
34.368000 34.624000 64
34.624000 35.200000 68
35.328000 35.712000 65
35.808000 37.472000 61
38.240000 38.848000 57
38.944000 39.296000 56
39.392000 40.032000 55
40.032000 41.248000 62
41.632000 41.856000 64
41.856000 42.496000 68
42.624000 44.960000 67
45.472000 46.656000 59
46.656000 48.480000 66
48.864000 48.928000 65
48.928000 50.176000 71
50.304000 50.752000 64
50.912000 51.232000 62
51.232000 51.456000 63
51.616000 51.936000 59
51.936000 52.480000 58
52.736000 52.928000 52
53.024000 53.376000 58
53.472000 53.824000 64
53.952000 55.584000 62
56.416000 59.488000 59
74.400000 75.040000 57
75.136000 75.520000 56
75.520000 76.256000 55
76.256000 76.480000 62
76.576000 77.472000 62
77.920000 78.176000 64
78.176000 78.816000 68
78.912000 80.992000 65
81.856000 82.944000 57
83.040000 83.680000 55
83.680000 84.928000 62
85.280000 85.504000 65
85.504000 86.144000 68
86.272000 88.480000 67
89.056000 89.664000 59
89.760000 90.272000 57
90.272000 92.064000 67
92.544000 92.608000 65
92.608000 93.696000 71
93.888000 94.144000 64
94.464000 94.784000 61
94.784000 95.008000 63
95.200000 95.552000 65
95.552000 96.064000 61
96.352000 96.544000 51
96.640000 96.928000 57
97.056000 99.072000 64
99.200000 99.360000 58
100.000000 100.320000 53
100.320000 102.816000 59
104.032000 104.992000 53
104.992000 106.688000 61
107.040000 107.360000 62
107.360000 108.320000 66
108.480000 110.112000 59
111.584000 112.128000 55
112.128000 114.112000 62
114.304000 114.528000 62
114.528000 114.720000 64
114.816000 115.136000 66
115.232000 115.584000 65
115.712000 117.600000 61
118.240000 119.392000 59
119.392000 121.120000 66
121.600000 122.848000 71
123.008000 123.456000 64
123.456000 124.160000 64
124.320000 124.672000 60
124.672000 125.056000 57
125.472000 125.728000 52
125.728000 126.048000 57
126.144000 126.464000 64
126.624000 127.936000 62
129.088000 129.376000 53
129.376000 131.936000 59
132.064000 132.384000 57
137.568000 137.728000 59
137.728000 137.856000 62
137.856000 139.168000 64
139.168000 140.224000 61
140.832000 141.120000 61
141.280000 142.944000 66
143.040000 143.200000 64
144.352000 144.736000 57
144.928000 145.152000 56
