4.544000 4.640000 59
4.864000 5.216000 62
8.800000 8.896000 60
12.448000 12.512000 59
12.512000 12.832000 62
12.960000 13.248000 59
13.888000 14.240000 62
14.336000 14.560000 59
15.168000 15.328000 62
15.328000 15.424000 61
15.424000 16.064000 59
16.256000 16.960000 58
17.056000 17.376000 59
18.016000 18.400000 62
18.496000 18.720000 59
19.328000 19.776000 62
19.872000 20.064000 59
20.704000 20.832000 62
20.832000 21.312000 61
21.440000 22.592000 59
22.816000 23.520000 59
23.520000 24.480000 58
25.344000 26.496000 59
26.656000 26.976000 56
27.104000 27.296000 54
27.424000 27.616000 53
28.128000 29.472000 59
29.600000 30.048000 57
31.008000 31.168000 59
31.456000 31.968000 59
32.128000 32.224000 57
32.352000 32.704000 55
32.896000 33.088000 52
34.208000 34.336000 67
34.336000 34.464000 65
34.560000 34.688000 67
34.688000 34.784000 66
34.912000 35.392000 67
35.392000 36.000000 71
36.160000 36.256000 67
37.024000 37.184000 65
37.280000 37.504000 67
37.632000 38.144000 68
38.144000 38.304000 69
38.400000 38.912000 71
38.912000 39.072000 66
39.488000 39.648000 65
39.648000 39.680000 68
39.680000 40.096000 74
40.096000 40.256000 71
40.384000 40.864000 69
40.864000 41.056000 71
41.056000 41.824000 72
42.400000 42.848000 74
42.848000 42.976000 71
43.104000 43.616000 69
43.616000 43.808000 71
43.808000 44.544000 71
45.248000 45.376000 64
45.472000 45.632000 67
45.632000 46.144000 67
46.144000 46.368000 68
46.528000 46.720000 69
46.720000 46.880000 71
47.040000 47.136000 67
47.872000 48.096000 67
48.192000 48.352000 67
48.352000 48.416000 64
48.608000 48.992000 67
48.992000 49.568000 71
49.696000 49.792000 67
49.792000 49.888000 66
50.368000 50.528000 67
50.528000 50.816000 74
50.912000 51.136000 71
51.264000 51.744000 69
51.744000 51.968000 71
51.968000 52.352000 66
52.352000 53.120000 67
53.120000 53.920000 73
54.048000 54.208000 63
54.208000 54.400000 62
54.400000 54.720000 60
54.848000 55.232000 63
55.232000 56.064000 61
56.384000 56.736000 55
56.832000 57.152000 55
57.440000 58.080000 55
59.104000 59.232000 59
59.392000 60.064000 62
60.416000 60.704000 64
60.864000 61.568000 59
61.856000 62.496000 54
62.752000 63.520000 55
64.832000 65.376000 62
65.376000 65.760000 60
65.888000 65.952000 65
65.952000 66.080000 66
66.464000 66.912000 67
66.944000 67.200000 67
67.296000 67.488000 62
67.648000 68.960000 66
69.184000 69.312000 62
69.312000 69.824000 64
69.824000 70.240000 63
70.272000 70.720000 60
70.912000 71.136000 60
71.232000 72.480000 60
72.768000 73.376000 55
73.632000 74.400000 55
75.456000 75.648000 59
75.808000 75.872000 59
75.872000 76.256000 63
76.256000 76.544000 60
76.672000 77.056000 64
77.184000 78.400000 59
83.328000 83.648000 62
83.776000 84.224000 59
84.544000 84.704000 59
84.704000 84.992000 62
85.216000 85.504000 59
86.144000 88.128000 60
88.768000 89.632000 62
90.144000 90.272000 60
90.272000 90.688000 63
90.688000 91.136000 60
91.488000 91.552000 62
91.552000 91.584000 62
91.584000 91.872000 66
91.968000 92.064000 64
92.160000 92.288000 67
92.288000 92.800000 70
92.800000 93.536000 66
93.696000 94.944000 60
95.552000 95.968000 64
95.968000 96.064000 59
96.064000 96.192000 57
96.448000 97.312000 59
97.568000 97.856000 57
98.080000 98.304000 65
98.304000 98.976000 72
99.072000 99.456000 62
99.456000 99.744000 61
99.872000 100.064000 55
100.736000 100.864000 60
100.864000 101.056000 63
101.056000 101.440000 69
101.920000 102.048000 59
102.176000 102.272000 60
102.496000 102.848000 59
103.008000 103.104000 57
103.232000 103.584000 55
103.744000 103.968000 54
105.120000 105.248000 67
105.248000 105.376000 65
105.472000 106.336000 69
106.336000 106.912000 71
107.040000 107.136000 67
107.936000 108.096000 65
108.192000 108.352000 67
108.352000 108.416000 64
108.544000 108.640000 66
108.640000 108.896000 65
108.896000 109.024000 67
109.024000 109.952000 71
110.368000 110.560000 65
110.560000 110.592000 68
110.592000 111.168000 74
111.296000 111.776000 69
111.776000 111.968000 71
111.968000 112.736000 72
113.312000 113.760000 74
113.760000 113.888000 71
114.016000 114.496000 69
114.496000 114.720000 71
114.720000 115.456000 71
116.160000 116.288000 65
116.384000 116.512000 67
116.512000 116.704000 65
116.704000 117.280000 68
117.440000 117.632000 69
117.632000 117.792000 71
117.952000 118.048000 67
118.048000 118.112000 64
118.784000 118.912000 67
119.072000 119.264000 67
119.520000 119.936000 67
119.936000 120.448000 71
120.608000 120.768000 67
121.280000 121.440000 67
121.440000 121.472000 69
121.472000 122.048000 74
122.176000 122.656000 69
122.656000 122.880000 71
122.880000 123.264000 66
123.264000 124.032000 67
124.032000 124.832000 73
124.960000 125.120000 63
125.120000 125.312000 62
125.312000 125.632000 60
125.760000 126.144000 63
126.144000 126.944000 61
127.104000 127.168000 59
127.296000 127.680000 59
127.872000 128.064000 65
128.352000 128.480000 63
128.480000 128.608000 65
128.608000 129.024000 67
129.024000 129.632000 70
130.400000 130.432000 62
130.688000 130.848000 62
130.848000 130.944000 59
131.072000 131.136000 61
131.136000 131.584000 64
131.744000 132.480000 59
132.768000 133.408000 55
133.568000 134.432000 55
135.456000 135.584000 59
135.776000 136.288000 63
136.288000 136.960000 61
137.376000 137.728000 67
137.856000 138.112000 67
138.208000 138.400000 62
138.560000 139.872000 66
140.096000 140.928000 64
140.928000 141.600000 60
141.760000 143.424000 60
143.648000 143.968000 55
144.128000 144.224000 54
144.544000 145.344000 55
146.752000 147.136000 63
147.232000 147.424000 59
147.584000 147.968000 64
148.192000 148.992000 69
149.472000 149.568000 67
149.568000 150.272000 70
150.272000 150.720000 67
150.912000 151.648000 67
152.192000 152.256000 66
152.256000 152.512000 69
152.704000 152.960000 69
152.960000 153.440000 67
153.600000 153.760000 67
153.760000 154.112000 66
155.776000 156.000000 71
156.192000 156.896000 69
158.496000 158.720000 64
159.104000 159.808000 71
159.808000 159.936000 72
160.320000 160.480000 67
160.480000 161.120000 70
161.120000 161.536000 67
161.792000 162.368000 67
162.368000 162.656000 74
163.200000 163.872000 69
163.904000 164.384000 67
164.384000 165.024000 69
166.528000 166.688000 67
166.944000 167.168000 68
167.680000 167.776000 68
167.904000 168.128000 67
168.128000 168.288000 69
168.448000 168.576000 69
168.800000 169.376000 72
169.472000 169.728000 68
170.112000 170.432000 59
170.976000 171.104000 67
171.104000 171.456000 70
171.456000 171.680000 74
171.968000 172.160000 67
172.160000 172.352000 65
172.480000 172.576000 62
173.408000 173.504000 60
173.632000 173.760000 59
174.208000 174.624000 59
175.168000 175.296000 59
175.424000 175.904000 59
176.064000 176.160000 60
176.384000 176.544000 67
176.544000 177.152000 69
177.152000 177.472000 68
177.536000 177.856000 67
177.856000 178.496000 69
178.816000 178.944000 67
179.104000 179.200000 65
179.424000 179.968000 63
179.968000 180.448000 59
180.640000 180.672000 66
181.088000 181.760000 67
181.856000 182.048000 62
182.208000 182.400000 65
182.400000 182.528000 66
182.752000 182.848000 67
182.848000 183.360000 72
183.360000 184.032000 69
184.160000 184.320000 57
184.384000 184.736000 59
184.896000 185.248000 60
185.792000 186.240000 67
186.336000 186.880000 75
187.040000 187.136000 67
187.296000 187.424000 64
187.520000 188.992000 67
189.344000 189.664000 64
189.824000 189.888000 67
190.016000 190.112000 65
190.432000 190.784000 63
190.880000 191.072000 59
191.200000 191.616000 64
191.744000 192.448000 59
192.576000 192.704000 65
192.704000 193.504000 69
193.952000 194.048000 65
194.048000 195.072000 69
195.232000 195.328000 67
195.424000 195.616000 67
195.776000 196.128000 64
196.448000 196.512000 59
197.056000 197.856000 59
198.016000 198.080000 64
198.080000 198.176000 66
198.176000 199.104000 69
199.392000 199.456000 64
199.456000 199.520000 65
199.520000 200.128000 69
200.768000 201.088000 67
201.280000 201.600000 63
201.888000 202.048000 59
202.656000 203.296000 59
203.456000 203.520000 63
203.520000 203.616000 65
203.616000 204.320000 69
204.768000 205.024000 67
205.024000 205.792000 69
205.888000 205.984000 67
206.336000 206.560000 67
206.720000 207.008000 64
207.264000 207.456000 69
207.456000 207.616000 67
207.968000 208.768000 59
208.928000 208.992000 64
208.992000 209.024000 64
209.024000 209.792000 69
210.208000 210.464000 67
210.464000 211.072000 69
211.168000 211.424000 67
211.808000 212.032000 67
212.192000 212.512000 63
212.768000 212.960000 59
213.408000 214.368000 59
