16.992000 17.792000 60
17.952000 18.304000 60
18.304000 19.040000 57
20.288000 20.608000 56
20.768000 21.056000 59
21.216000 21.344000 59
21.504000 21.920000 59
21.920000 22.368000 62
22.368000 22.848000 55
24.576000 25.344000 57
25.504000 25.920000 57
26.208000 26.656000 54
27.872000 28.416000 59
32.160000 33.568000 63
33.568000 34.272000 64
34.400000 34.880000 62
35.936000 36.032000 57
36.128000 36.256000 57
36.384000 36.704000 57
36.864000 37.408000 57
37.536000 37.888000 59
39.424000 39.520000 51
39.616000 40.224000 52
40.384000 40.928000 54
41.088000 41.792000 52
42.048000 43.488000 55
47.296000 48.032000 60
48.160000 48.640000 60
48.864000 49.408000 54
50.752000 51.008000 52
51.008000 51.072000 53
51.072000 51.648000 59
51.744000 52.736000 62
52.896000 53.248000 55
54.784000 55.584000 57
55.776000 56.128000 57
56.128000 56.800000 56
58.016000 58.688000 55
62.368000 63.232000 60
63.360000 63.488000 60
64.032000 64.704000 52
66.144000 66.880000 57
67.072000 67.616000 62
67.808000 68.000000 59
68.000000 68.416000 58
69.888000 70.464000 52
70.624000 71.232000 54
71.328000 72.000000 52
72.288000 73.856000 55
75.584000 76.224000 62
76.224000 76.288000 63
76.288000 77.952000 67
78.848000 79.392000 62
80.800000 81.152000 57
81.280000 81.728000 57
81.952000 82.048000 55
82.272000 82.368000 56
83.232000 84.160000 59
84.320000 84.576000 59
84.736000 85.152000 60
86.464000 86.528000 59
86.656000 86.944000 57
87.040000 87.168000 57
87.360000 87.520000 57
87.648000 87.904000 57
88.160000 88.544000 55
88.768000 88.832000 59
88.896000 88.960000 59
88.960000 89.056000 58
89.056000 89.472000 57
90.432000 91.456000 65
91.520000 92.224000 67
92.288000 93.312000 64
93.984000 94.240000 62
94.464000 94.816000 62
94.912000 95.040000 62
95.904000 96.160000 56
96.288000 96.896000 57
97.152000 97.312000 54
98.208000 98.240000 54
98.464000 98.656000 55
98.944000 99.040000 57
99.328000 99.552000 57
100.224000 100.320000 60
101.664000 101.792000 59
102.176000 102.272000 57
102.816000 103.424000 59
103.424000 104.192000 58
107.712000 108.480000 60
108.608000 109.056000 60
109.344000 109.760000 54
111.744000 113.152000 62
113.344000 113.824000 55
115.360000 116.032000 57
116.224000 116.576000 57
116.672000 116.768000 52
116.896000 117.408000 54
118.144000 118.336000 54
118.560000 119.008000 59
122.848000 123.008000 59
123.232000 123.328000 60
123.584000 124.160000 60
124.256000 124.992000 65
125.152000 125.824000 62
126.592000 126.752000 56
127.104000 127.424000 57
127.616000 128.096000 57
128.288000 128.384000 58
128.544000 128.640000 59
130.176000 130.944000 52
131.104000 131.616000 54
131.808000 132.448000 52
132.704000 134.240000 55
136.128000 136.576000 62
136.704000 137.216000 67
137.312000 137.536000 67
137.888000 138.176000 65
138.336000 138.400000 64
139.360000 139.840000 62
141.216000 141.472000 57
141.728000 142.272000 57
142.528000 142.688000 59
143.584000 144.256000 61
144.832000 144.896000 60
145.280000 145.792000 60
146.880000 147.104000 59
147.104000 147.264000 57
147.808000 147.968000 57
148.064000 148.224000 57
148.608000 149.024000 55
149.088000 149.696000 59
149.792000 150.080000 55
150.944000 151.136000 62
151.296000 151.712000 62
151.840000 152.544000 68
152.576000 152.960000 67
153.408000 153.824000 66
154.432000 154.624000 62
154.976000 155.040000 60
155.168000 155.392000 62
156.352000 156.640000 57
156.736000 157.248000 57
157.536000 157.856000 55
158.752000 159.104000 55
159.456000 160.160000 57
160.544000 160.896000 52
162.016000 162.784000 52
163.072000 163.232000 59
163.360000 163.904000 59
163.904000 164.640000 58
165.696000 165.760000 67
165.760000 166.016000 71
166.272000 166.464000 70
166.464000 166.560000 67
168.192000 169.152000 67
169.312000 169.760000 67
170.144000 170.656000 67
170.720000 170.880000 65
170.976000 171.200000 67
171.392000 171.552000 65
171.680000 172.064000 65
172.160000 172.576000 65
172.768000 172.864000 65
172.864000 173.120000 63
173.248000 173.376000 62
176.160000 177.408000 60
177.568000 178.240000 62
178.560000 178.688000 58
178.688000 179.840000 60
179.840000 180.224000 58
180.320000 180.672000 55
183.040000 183.552000 67
183.744000 184.320000 67
184.352000 184.512000 67
184.704000 184.864000 67
185.152000 185.664000 67
185.792000 186.336000 65
186.848000 187.392000 70
187.552000 187.936000 62
188.128000 188.352000 61
190.240000 190.336000 49
190.624000 191.744000 48
192.256000 192.320000 56
192.320000 192.416000 57
192.416000 193.024000 62
194.368000 194.720000 58
194.912000 195.104000 56
195.104000 195.264000 58
195.392000 195.488000 55
195.584000 196.448000 58
196.576000 196.704000 60
197.952000 198.304000 55
198.400000 199.072000 55
199.840000 200.032000 60
200.416000 200.544000 58
200.608000 201.440000 61
201.600000 201.696000 62
201.920000 202.112000 62
202.368000 203.904000 64
204.224000 204.896000 66
205.120000 205.280000 66
205.376000 205.536000 65
215.488000 216.000000 62
216.160000 216.256000 66
216.416000 217.056000 67
217.152000 217.472000 65
217.504000 217.728000 64
218.752000 219.232000 62
219.328000 219.488000 62
220.576000 220.864000 57
220.896000 220.928000 55
221.152000 221.504000 57
221.888000 222.016000 59
222.144000 222.304000 57
222.688000 222.784000 55
223.008000 223.648000 61
223.680000 223.904000 57
224.608000 225.024000 60
226.304000 226.976000 59
227.200000 227.328000 57
227.488000 227.744000 57
228.064000 228.384000 55
228.448000 228.512000 57
228.544000 228.576000 58
228.672000 228.832000 59
228.832000 229.344000 58
230.656000 231.008000 62
231.136000 231.328000 65
231.424000 231.456000 66
231.648000 232.000000 67
232.000000 233.152000 66
233.696000 233.984000 63
234.240000 234.816000 62
235.712000 236.000000 56
236.032000 236.736000 58
236.928000 237.536000 55
238.016000 238.464000 55
238.784000 239.104000 57
239.136000 239.328000 57
239.776000 240.128000 52
241.440000 241.888000 52
241.984000 242.144000 57
242.368000 242.496000 57
242.688000 242.720000 59
242.752000 243.296000 59
243.296000 244.288000 58
245.664000 245.952000 55
246.336000 246.944000 57
247.488000 248.128000 53
248.960000 249.888000 53
249.984000 250.080000 57
250.080000 251.040000 59
251.040000 251.648000 58
