14.784000 14.976000 63
14.976000 15.872000 62
16.000000 16.064000 59
16.064000 16.352000 58
16.448000 16.608000 55
17.888000 18.080000 57
18.080000 18.240000 61
18.240000 18.400000 59
18.464000 18.528000 56
18.720000 18.880000 58
18.880000 19.264000 55
20.992000 21.280000 64
21.280000 21.696000 60
21.696000 21.792000 57
22.400000 22.624000 60
22.816000 22.848000 59
24.256000 24.384000 54
24.480000 24.704000 56
24.704000 25.088000 59
25.184000 26.208000 63
26.336000 26.720000 62
26.816000 27.168000 59
27.488000 27.840000 61
28.000000 28.288000 54
28.448000 29.024000 56
29.216000 29.984000 54
31.744000 32.064000 56
32.192000 32.832000 61
32.928000 33.280000 63
33.408000 33.728000 63
33.856000 34.592000 62
35.008000 35.328000 61
35.488000 35.840000 59
35.936000 36.128000 61
36.224000 36.576000 63
36.704000 37.280000 63
37.824000 38.048000 62
38.048000 38.208000 63
38.304000 38.464000 66
38.464000 38.688000 63
38.688000 39.008000 58
39.232000 39.392000 54
39.488000 39.808000 56
39.968000 40.544000 63
40.640000 41.024000 61
41.568000 41.792000 62
41.792000 42.176000 66
42.272000 42.400000 68
42.528000 42.944000 67
42.944000 43.552000 62
43.712000 44.160000 63
44.160000 44.288000 59
44.480000 44.864000 59
45.120000 45.184000 62
45.184000 45.408000 62
45.504000 45.600000 58
46.048000 46.176000 54
46.368000 46.592000 56
46.720000 47.104000 63
47.200000 47.840000 62
48.064000 48.128000 56
48.128000 48.480000 59
48.608000 48.768000 56
48.928000 49.280000 58
49.760000 50.464000 62
50.560000 50.688000 66
50.688000 51.360000 65
51.968000 52.160000 60
52.288000 52.416000 60
52.512000 52.640000 61
52.640000 52.800000 60
53.056000 53.312000 56
54.240000 54.592000 56
54.688000 55.040000 59
55.168000 56.192000 63
56.288000 56.416000 62
56.416000 57.184000 61
57.504000 57.856000 61
58.272000 58.528000 55
58.688000 58.848000 54
58.848000 60.032000 57
61.728000 61.888000 54
61.888000 62.048000 56
62.208000 62.528000 59
62.656000 63.232000 63
63.360000 63.744000 63
63.840000 64.224000 62
64.224000 64.576000 59
64.992000 65.344000 61
65.472000 66.048000 61
66.208000 66.592000 63
66.688000 67.168000 63
67.808000 68.032000 61
68.032000 68.224000 63
68.224000 68.416000 66
68.544000 68.672000 63
68.768000 69.792000 56
69.920000 71.232000 63
71.584000 71.776000 61
71.776000 72.000000 63
72.000000 72.416000 68
72.512000 72.832000 66
72.960000 73.216000 63
73.216000 73.664000 62
73.664000 74.272000 66
74.400000 75.232000 63
76.000000 76.160000 63
76.256000 76.608000 63
76.736000 77.280000 62
77.408000 77.792000 59
78.048000 78.176000 57
78.176000 78.496000 59
78.496000 78.688000 57
78.816000 79.616000 59
79.904000 80.576000 68
80.672000 81.536000 69
81.632000 82.272000 66
82.656000 82.720000 66
82.720000 83.264000 68
83.264000 83.552000 66
83.648000 84.064000 63
84.064000 84.640000 68
84.832000 85.376000 63
85.472000 85.952000 62
85.952000 86.368000 67
86.368000 86.688000 68
86.688000 88.224000 71
88.224000 90.176000 69
90.624000 90.784000 70
90.912000 91.072000 61
91.168000 91.584000 63
91.584000 92.000000 68
92.000000 92.768000 66
92.992000 93.056000 64
93.056000 93.408000 66
93.408000 94.112000 63
94.208000 94.560000 59
94.848000 96.256000 64
96.256000 97.568000 68
97.696000 98.240000 61
98.592000 98.752000 62
98.752000 99.520000 63
99.520000 100.384000 68
100.512000 101.312000 63
101.440000 101.792000 59
101.888000 102.176000 61
102.368000 103.488000 71
103.488000 107.008000 71
107.232000 107.488000 55
107.936000 108.864000 68
108.864000 109.280000 64
109.408000 109.728000 61
109.856000 109.984000 65
109.984000 110.560000 66
110.560000 111.296000 64
111.712000 111.904000 66
111.904000 112.128000 66
112.128000 112.608000 63
112.608000 113.120000 57
113.120000 113.440000 63
113.600000 114.592000 62
115.232000 115.360000 59
115.488000 118.720000 64
121.728000 121.792000 63
121.792000 122.432000 67
122.560000 122.816000 63
122.816000 123.328000 63
123.424000 123.712000 62
123.712000 124.160000 66
124.480000 124.640000 60
125.024000 125.440000 63
125.792000 125.952000 68
125.952000 126.208000 69
126.208000 126.656000 67
126.656000 127.072000 65
127.200000 127.744000 69
127.904000 128.512000 64
128.608000 129.056000 63
129.056000 129.408000 67
129.408000 130.240000 71
130.336000 131.552000 72
131.680000 132.256000 67
132.256000 132.288000 64
132.384000 133.088000 64
133.760000 133.984000 60
133.984000 134.240000 62
134.240000 134.688000 65
134.688000 135.040000 69
135.040000 135.872000 67
136.064000 136.128000 63
136.128000 136.480000 67
136.480000 137.184000 63
137.280000 137.600000 60
137.888000 139.264000 65
139.360000 139.648000 67
139.648000 140.320000 71
140.384000 140.416000 67
140.448000 140.640000 67
140.640000 140.992000 61
141.088000 141.440000 62
141.632000 142.528000 64
142.624000 142.752000 67
142.752000 143.296000 69
143.296000 144.448000 64
144.512000 144.672000 59
144.672000 144.864000 60
144.864000 144.960000 63
144.960000 145.600000 62
145.600000 146.368000 65
146.368000 146.976000 72
147.072000 152.800000 70
155.392000 156.384000 69
156.480000 156.896000 64
156.960000 157.728000 62
157.728000 158.432000 64
159.008000 159.328000 57
159.488000 159.616000 65
159.616000 159.904000 67
159.904000 160.352000 65
160.512000 160.896000 58
160.896000 161.280000 64
161.472000 162.368000 62
163.328000 163.712000 60
163.968000 167.328000 60
168.928000 169.344000 62
169.344000 169.696000 58
169.856000 170.080000 59
171.072000 171.200000 60
171.200000 171.328000 59
171.456000 171.968000 58
172.416000 172.608000 62
172.608000 172.832000 59
174.400000 174.656000 57
174.656000 174.912000 59
175.104000 175.296000 56
176.096000 176.512000 59
176.608000 176.768000 57
176.928000 177.088000 59
