0.608000 1.088000 60
1.216000 1.568000 61
1.792000 2.048000 65
2.208000 2.560000 62
3.904000 4.352000 56
4.352000 4.768000 59
4.960000 5.216000 64
5.344000 5.728000 61
6.752000 6.976000 59
8.128000 8.448000 57
8.576000 9.216000 59
9.376000 9.536000 59
9.760000 10.656000 57
12.096000 12.320000 72
12.480000 12.928000 72
12.928000 13.216000 70
13.344000 13.792000 61
14.144000 14.368000 61
14.528000 14.944000 65
14.944000 15.616000 62
15.712000 15.840000 62
15.840000 16.032000 61
16.032000 16.736000 60
16.864000 17.056000 56
17.280000 17.856000 61
18.080000 18.528000 61
18.976000 19.680000 60
20.064000 20.352000 57
20.480000 21.024000 61
21.280000 21.760000 62
21.920000 22.560000 66
22.880000 22.976000 67
22.976000 24.064000 69
24.064000 24.832000 68
24.960000 25.216000 68
25.216000 25.728000 72
26.496000 27.328000 69
27.456000 27.680000 64
28.096000 28.160000 67
28.160000 28.288000 68
28.416000 29.280000 66
29.632000 29.696000 66
29.696000 29.792000 67
30.016000 30.496000 68
30.624000 30.848000 69
31.200000 31.936000 73
31.936000 32.352000 71
32.352000 32.672000 66
32.800000 32.992000 69
33.216000 33.696000 66
33.792000 34.048000 64
34.432000 34.496000 66
34.496000 34.624000 68
34.784000 35.264000 66
35.360000 35.616000 64
35.936000 36.032000 65
36.032000 36.192000 68
36.352000 37.216000 69
37.536000 37.728000 71
37.728000 38.176000 73
38.176000 38.816000 72
38.816000 39.936000 75
39.936000 40.160000 77
40.320000 41.056000 74
41.120000 41.184000 74
41.184000 41.344000 74
41.344000 41.504000 73
41.504000 41.696000 72
41.696000 42.944000 71
42.944000 43.392000 75
43.488000 43.968000 74
44.224000 45.024000 72
45.152000 46.304000 67
46.304000 47.296000 73
47.360000 47.424000 73
47.424000 47.968000 73
47.968000 48.160000 71
48.160000 51.008000 69
51.392000 52.096000 73
52.224000 52.480000 76
52.576000 52.864000 79
52.864000 53.312000 76
53.408000 54.016000 74
54.016000 55.232000 73
55.392000 55.616000 75
55.616000 56.032000 76
56.032000 56.736000 74
56.832000 57.216000 74
57.216000 57.728000 71
57.824000 58.880000 66
58.976000 60.096000 72
60.160000 60.384000 71
60.384000 60.576000 73
60.576000 60.800000 72
60.800000 61.024000 69
61.024000 62.592000 69
62.592000 64.128000 67
64.960000 65.056000 61
65.312000 65.408000 59
65.920000 66.240000 62
66.496000 66.624000 62
67.104000 67.200000 62
68.736000 68.896000 59
69.632000 70.080000 61
70.272000 70.496000 61
71.392000 71.488000 69
72.864000 73.120000 72
73.120000 73.280000 73
73.280000 73.504000 72
73.504000 73.728000 70
73.728000 76.640000 69
76.896000 77.184000 61
77.280000 77.472000 61
77.472000 77.856000 61
78.016000 78.272000 65
78.432000 79.168000 62
79.936000 80.320000 57
80.480000 80.768000 57
80.896000 81.120000 59
81.280000 81.856000 64
81.856000 82.240000 62
82.464000 82.688000 61
82.816000 83.104000 58
84.672000 85.376000 61
85.664000 85.792000 59
86.112000 86.240000 57
86.432000 86.976000 57
90.048000 90.240000 68
90.464000 91.264000 66
91.616000 91.808000 68
92.032000 92.832000 66
92.928000 93.024000 65
93.184000 93.248000 66
93.248000 93.408000 68
93.600000 94.432000 69
94.784000 95.520000 73
95.520000 95.872000 71
95.968000 96.256000 66
96.384000 96.448000 67
96.448000 96.608000 69
96.768000 97.248000 66
97.344000 97.600000 64
97.984000 98.048000 66
98.048000 98.272000 69
98.368000 99.168000 66
99.616000 99.808000 69
99.936000 100.800000 69
101.088000 101.344000 75
101.344000 101.504000 76
101.504000 101.824000 73
101.920000 102.080000 69
102.080000 103.392000 73
103.488000 103.744000 78
103.904000 104.608000 74
104.608000 105.088000 74
105.088000 105.248000 72
105.248000 106.432000 71
106.432000 106.976000 76
107.072000 107.648000 74
107.840000 108.640000 72
108.736000 109.856000 67
109.856000 111.776000 73
111.776000 114.560000 69
114.976000 115.680000 73
115.808000 115.968000 76
115.968000 116.448000 78
116.448000 117.952000 76
117.952000 118.464000 71
118.592000 118.784000 71
118.976000 119.168000 74
119.168000 119.616000 76
119.616000 121.280000 74
121.408000 121.664000 66
121.760000 122.432000 66
122.528000 124.384000 73
124.384000 127.488000 69
128.896000 128.992000 66
129.504000 129.824000 62
130.688000 130.784000 62
131.104000 131.200000 59
132.320000 132.480000 59
132.800000 132.896000 59
133.280000 133.600000 61
133.856000 134.080000 61
135.264000 135.360000 66
136.448000 136.672000 71
136.672000 136.864000 73
136.864000 137.088000 72
137.088000 138.880000 69
138.880000 140.224000 67
140.544000 140.864000 65
141.184000 141.344000 66
141.696000 142.048000 69
142.208000 142.528000 68
142.816000 143.264000 69
143.328000 143.616000 67
143.712000 144.256000 63
144.352000 144.704000 64
144.864000 146.368000 64
146.464000 146.624000 73
146.624000 146.784000 71
146.784000 147.040000 70
147.072000 148.672000 69
148.832000 149.312000 70
149.376000 150.176000 71
150.688000 150.752000 68
151.424000 151.584000 64
151.712000 151.840000 56
151.968000 152.224000 56
152.416000 152.512000 56
153.152000 153.824000 73
153.920000 154.112000 76
154.112000 154.592000 79
154.592000 155.968000 76
155.968000 156.640000 71
156.736000 156.928000 71
157.120000 157.280000 74
157.280000 157.792000 76
157.792000 159.456000 74
159.616000 160.608000 66
160.704000 160.928000 72
160.928000 161.056000 73
161.152000 162.528000 73
162.528000 162.624000 69
162.624000 165.568000 69
165.856000 167.040000 74
167.040000 167.360000 78
167.456000 168.512000 74
168.512000 168.672000 73
168.672000 168.832000 72
168.832000 169.984000 71
169.984000 170.560000 75
170.656000 171.232000 73
171.456000 172.224000 72
172.512000 173.440000 66
173.440000 174.496000 73
174.656000 175.200000 73
175.200000 175.392000 69
175.392000 177.024000 69
177.024000 178.240000 66
179.456000 180.256000 66
180.576000 180.640000 65
180.640000 180.832000 68
180.992000 181.792000 66
182.208000 182.432000 68
182.624000 183.616000 69
183.808000 184.576000 73
184.576000 184.864000 71
184.960000 185.280000 66
185.376000 185.440000 67
185.440000 185.632000 69
185.792000 186.592000 66
187.296000 187.552000 72
187.552000 187.712000 73
187.712000 187.936000 72
187.936000 187.968000 70
187.968000 188.160000 69
188.160000 191.104000 69
