18.080000 19.584000 63
20.352000 21.472000 58
21.472000 21.568000 58
21.568000 21.696000 59
21.696000 21.824000 60
21.824000 21.920000 61
21.920000 24.192000 65
24.192000 24.768000 61
26.176000 26.496000 60
26.656000 26.880000 60
27.040000 27.520000 61
27.840000 28.544000 56
30.976000 31.168000 55
31.168000 32.416000 59
32.416000 34.208000 63
34.944000 35.744000 68
35.840000 36.000000 65
36.160000 37.472000 66
37.472000 38.816000 64
40.416000 40.608000 61
40.704000 41.184000 61
41.408000 42.368000 65
42.368000 42.912000 62
42.912000 44.064000 60
44.960000 45.824000 58
45.952000 47.360000 61
47.744000 47.872000 65
47.968000 48.096000 63
48.096000 48.832000 62
48.832000 49.792000 59
49.952000 51.072000 56
52.160000 52.800000 57
53.024000 54.336000 61
54.752000 55.136000 63
55.232000 55.424000 61
55.552000 56.000000 61
56.096000 56.800000 58
58.208000 59.296000 65
59.424000 61.600000 63
62.336000 63.072000 68
63.168000 63.296000 66
63.392000 63.552000 68
63.648000 63.904000 68
64.064000 64.192000 65
64.192000 64.736000 68
64.736000 65.024000 66
65.184000 65.632000 70
65.856000 65.920000 65
66.048000 67.360000 70
67.456000 68.288000 65
69.408000 69.504000 65
69.504000 69.728000 68
69.824000 69.984000 68
69.984000 70.144000 67
70.240000 70.976000 65
71.104000 71.264000 64
71.264000 71.680000 63
71.680000 72.768000 62
72.768000 74.208000 67
76.384000 76.448000 64
76.448000 76.576000 65
76.576000 77.184000 68
77.280000 77.408000 65
77.504000 78.112000 68
78.112000 79.104000 68
79.296000 79.712000 70
79.936000 80.288000 68
80.416000 80.800000 68
80.800000 81.824000 73
81.952000 82.944000 68
83.200000 83.328000 68
83.456000 84.384000 68
84.384000 85.088000 65
85.216000 85.344000 63
85.504000 85.984000 63
86.112000 86.784000 61
86.816000 86.848000 61
87.040000 87.936000 61
90.624000 90.784000 60
90.976000 91.104000 61
91.200000 91.296000 61
91.456000 91.744000 61
91.872000 92.064000 62
92.224000 92.416000 65
92.608000 92.896000 59
92.992000 93.504000 59
93.664000 93.824000 60
94.016000 94.304000 64
94.592000 95.136000 58
98.144000 98.304000 60
98.304000 100.320000 61
100.320000 101.472000 65
101.632000 102.912000 65
103.136000 103.712000 63
103.840000 103.936000 63
104.128000 104.704000 63
105.088000 105.280000 63
106.464000 106.560000 70
107.072000 107.872000 70
107.872000 109.184000 68
109.632000 109.792000 63
110.016000 110.976000 63
113.408000 113.568000 61
113.568000 114.432000 61
114.432000 115.296000 63
115.872000 116.896000 57
116.896000 116.960000 58
116.960000 117.184000 61
117.184000 119.456000 65
119.456000 120.032000 61
121.312000 122.080000 60
122.272000 122.976000 61
123.264000 123.648000 57
127.840000 129.696000 63
130.240000 130.560000 68
130.656000 130.816000 68
130.816000 131.200000 67
131.328000 131.872000 66
131.872000 132.768000 65
132.768000 134.464000 64
135.552000 135.840000 61
135.968000 136.160000 60
136.288000 136.608000 61
136.704000 137.440000 65
137.440000 138.176000 62
138.336000 139.072000 58
140.448000 140.960000 57
141.312000 141.760000 60
141.888000 142.560000 61
142.912000 143.072000 62
143.328000 143.968000 61
144.288000 144.544000 58
144.800000 144.896000 57
145.216000 145.536000 56
145.632000 146.112000 54
147.456000 148.096000 57
148.288000 149.472000 61
149.600000 149.696000 62
150.016000 150.464000 65
150.464000 150.784000 62
150.848000 151.104000 61
151.264000 152.288000 58
153.600000 154.528000 65
154.784000 157.152000 63
157.536000 157.728000 65
157.728000 158.400000 68
158.592000 158.784000 68
158.880000 159.136000 68
159.296000 159.520000 67
159.520000 159.968000 68
159.968000 160.352000 66
160.448000 160.608000 68
160.608000 160.832000 70
161.088000 161.184000 65
161.280000 162.560000 70
162.560000 163.776000 65
164.640000 164.800000 65
164.800000 164.960000 68
165.056000 165.408000 68
165.504000 165.632000 65
165.728000 166.240000 65
166.368000 167.008000 63
167.008000 167.968000 62
168.128000 168.288000 68
168.288000 169.792000 67
171.296000 171.392000 62
171.584000 171.648000 62
171.648000 171.840000 65
171.840000 172.320000 68
172.512000 172.672000 65
172.768000 174.048000 69
174.048000 174.368000 67
174.560000 174.912000 70
175.200000 175.520000 68
175.616000 176.064000 68
176.064000 176.192000 71
176.192000 177.056000 73
177.056000 178.240000 68
178.720000 178.848000 65
178.848000 178.912000 66
178.912000 179.392000 68
179.392000 180.640000 66
180.736000 181.280000 63
181.408000 182.176000 61
182.272000 183.584000 61
186.400000 186.496000 60
186.720000 187.040000 61
187.168000 187.360000 62
187.360000 187.744000 65
187.968000 188.160000 61
188.288000 188.384000 60
188.576000 188.736000 60
189.280000 189.600000 65
189.856000 190.624000 58
191.168000 191.264000 58
193.472000 194.368000 62
194.688000 194.784000 67
194.880000 195.072000 68
195.232000 195.616000 65
195.616000 196.608000 64
196.864000 197.120000 70
197.280000 197.664000 73
197.664000 198.592000 72
198.688000 199.296000 65
199.488000 199.904000 61
200.384000 200.608000 69
200.960000 201.120000 72
201.248000 202.112000 70
202.304000 202.784000 65
203.040000 203.392000 61
204.096000 205.536000 65
205.536000 207.136000 64
207.264000 207.712000 65
207.808000 207.936000 65
208.064000 208.192000 65
208.832000 209.088000 63
209.248000 209.344000 65
209.440000 209.760000 63
209.984000 210.112000 65
210.752000 210.784000 65
211.424000 211.744000 61
212.032000 212.384000 61
213.984000 214.368000 63
214.464000 214.592000 65
214.592000 214.784000 64
214.880000 215.040000 61
215.264000 215.488000 61
216.256000 216.352000 56
217.760000 218.976000 61
219.360000 219.744000 66
219.744000 221.024000 70
221.024000 221.152000 65
221.280000 221.696000 68
221.696000 222.080000 67
222.176000 223.456000 68
223.456000 223.744000 65
223.936000 224.096000 68
224.096000 224.256000 70
224.768000 224.928000 68
225.056000 225.472000 68
225.472000 226.528000 73
226.656000 227.680000 68
228.128000 228.288000 65
228.288000 228.352000 66
228.352000 228.832000 68
228.832000 229.152000 67
229.248000 229.824000 65
229.920000 230.016000 63
230.176000 230.656000 63
230.816000 231.584000 61
231.680000 233.120000 61
233.312000 233.472000 61
235.392000 235.488000 61
235.680000 235.968000 61
236.128000 236.448000 61
236.576000 236.800000 62
236.800000 237.152000 65
237.408000 237.568000 60
237.664000 238.112000 60
238.304000 238.496000 60
238.592000 238.944000 65
239.232000 240.000000 58
243.264000 243.360000 61
243.584000 243.744000 61
243.840000 244.128000 65
244.416000 244.608000 60
244.736000 245.088000 60
245.376000 245.408000 61
245.632000 245.920000 65
246.240000 247.552000 58
247.680000 249.248000 69
249.248000 250.272000 70
250.368000 250.880000 71
251.040000 251.424000 70
251.744000 251.936000 63
252.032000 252.480000 63
252.864000 253.184000 61
253.312000 253.920000 58
253.920000 254.560000 61
254.720000 254.912000 66
255.008000 255.456000 63
255.552000 256.064000 58
256.448000 256.576000 56
256.896000 256.960000 61
256.960000 257.248000 64
257.248000 257.504000 61
257.664000 258.784000 61
258.848000 259.264000 61
259.488000 260.192000 61
260.320000 261.248000 58
261.408000 261.568000 63
261.696000 262.880000 65
263.104000 263.264000 63
263.616000 263.744000 60
263.904000 264.160000 60
264.352000 264.704000 60
264.832000 265.120000 62
265.408000 265.952000 61
265.952000 266.496000 63
266.848000 267.296000 61
267.520000 267.712000 58
267.808000 268.512000 58
268.800000 269.248000 65
269.312000 269.536000 62
269.696000 269.920000 58
270.016000 270.112000 58
271.488000 272.224000 61
272.448000 274.400000 61
274.752000 274.912000 58
275.040000 275.232000 62
275.232000 276.416000 65
276.864000 277.024000 66
277.024000 277.184000 68
277.344000 279.168000 71
279.264000 279.712000 71
279.808000 285.024000 70
285.184000 285.280000 70
285.504000 285.600000 71
285.600000 286.464000 73
286.464000 289.920000 73
290.016000 291.040000 65
291.328000 291.520000 63
291.552000 293.312000 63
293.408000 293.664000 63
294.016000 294.848000 63
295.200000 295.616000 61
295.712000 296.064000 58
296.352000 296.512000 63
296.640000 296.928000 61
297.216000 297.856000 64
297.856000 297.920000 58
298.112000 298.304000 58
298.944000 299.200000 65
299.488000 299.680000 65
299.872000 299.968000 60
300.128000 300.480000 61
301.120000 301.696000 64
302.112000 302.624000 61
302.624000 303.168000 60
303.424000 303.616000 58
303.744000 303.936000 61
304.096000 304.768000 65
304.800000 304.864000 60
304.928000 305.600000 58
