4.544000 4.736000 62
4.928000 7.136000 68
7.232000 8.032000 70
8.128000 8.800000 67
8.960000 9.568000 60
9.792000 10.176000 60
10.624000 10.912000 71
10.912000 11.104000 67
11.136000 11.616000 69
11.616000 11.808000 65
23.936000 25.056000 58
25.792000 25.952000 55
26.144000 26.816000 60
27.904000 28.416000 60
28.416000 29.280000 65
29.376000 29.600000 65
29.600000 29.952000 63
30.112000 31.840000 60
32.608000 33.632000 60
34.304000 34.592000 58
34.752000 35.296000 60
35.296000 35.904000 63
36.928000 38.304000 65
38.400000 40.640000 68
41.248000 42.016000 69
42.016000 43.360000 70
43.360000 44.128000 67
44.224000 44.320000 66
44.320000 45.312000 65
45.568000 45.728000 57
45.728000 45.920000 58
45.920000 46.656000 61
46.656000 46.848000 65
46.848000 47.008000 64
47.008000 47.968000 61
48.096000 49.152000 58
49.760000 50.560000 60
50.656000 50.784000 62
50.784000 51.296000 63
51.296000 51.648000 62
51.776000 51.936000 58
52.096000 53.376000 68
53.376000 53.952000 63
54.336000 54.912000 65
55.072000 56.192000 67
56.192000 56.576000 64
56.576000 56.864000 60
56.960000 59.552000 63
59.904000 60.512000 63
60.512000 61.824000 67
61.952000 62.976000 67
62.976000 64.480000 63
65.088000 65.152000 59
65.152000 65.184000 62
65.184000 65.376000 70
65.472000 65.728000 70
65.792000 67.712000 72
67.712000 68.960000 67
69.440000 69.824000 60
69.824000 70.656000 66
70.656000 71.424000 60
71.584000 72.288000 70
72.384000 72.672000 72
72.672000 73.536000 71
73.792000 74.688000 65
74.848000 75.648000 67
75.744000 76.960000 66
77.344000 78.016000 65
78.240000 79.136000 67
79.264000 79.520000 65
79.616000 79.712000 68
79.712000 80.000000 67
80.000000 81.888000 66
82.496000 83.040000 70
83.200000 83.520000 72
83.520000 84.256000 71
84.256000 84.672000 72
84.672000 85.120000 71
85.184000 86.464000 68
86.784000 87.008000 61
87.008000 87.488000 63
87.616000 88.032000 63
88.032000 88.224000 61
88.320000 88.704000 60
88.832000 89.952000 67
90.112000 92.736000 65
93.024000 93.152000 65
93.312000 93.984000 64
94.080000 94.304000 63
94.304000 94.624000 62
94.784000 96.160000 67
96.416000 96.832000 65
96.960000 97.568000 67
97.696000 101.376000 63
111.744000 112.128000 62
112.384000 112.800000 60
112.928000 114.336000 72
114.336000 114.656000 67
115.136000 115.968000 65
116.096000 116.224000 67
118.912000 119.008000 63
121.536000 122.528000 58
123.392000 123.552000 55
123.744000 124.000000 60
124.128000 124.384000 58
125.472000 126.016000 60
126.016000 126.880000 65
126.976000 127.200000 65
127.200000 127.552000 63
127.712000 129.248000 59
130.208000 131.136000 60
131.904000 132.192000 58
132.320000 132.896000 60
132.896000 133.504000 63
134.496000 135.904000 65
136.000000 136.352000 65
136.352000 136.640000 67
136.736000 138.208000 68
138.848000 139.584000 68
139.584000 140.960000 71
140.960000 141.696000 67
141.824000 142.400000 66
142.496000 142.880000 63
143.136000 143.328000 57
143.328000 143.520000 58
143.520000 144.224000 61
144.224000 144.576000 65
144.672000 144.992000 60
144.992000 145.568000 58
145.696000 146.656000 58
147.360000 148.128000 60
148.256000 148.320000 61
148.320000 148.960000 63
148.960000 149.216000 61
149.376000 149.568000 58
149.696000 150.976000 67
150.976000 151.520000 63
151.904000 152.544000 65
152.672000 153.760000 67
153.760000 157.184000 65
157.472000 158.112000 64
158.112000 159.392000 67
159.552000 160.576000 67
160.576000 162.080000 63
162.688000 162.752000 60
162.752000 162.784000 63
162.784000 162.944000 70
163.072000 163.296000 70
163.424000 163.680000 72
163.680000 163.808000 71
163.808000 165.312000 72
165.312000 166.560000 67
167.040000 167.424000 60
167.424000 168.224000 66
168.224000 169.024000 62
169.184000 169.856000 70
169.952000 170.272000 72
170.272000 170.560000 71
170.656000 170.976000 70
170.976000 171.136000 67
171.392000 172.256000 65
172.448000 173.216000 67
173.344000 174.560000 65
174.720000 175.616000 65
175.808000 176.736000 67
176.832000 178.304000 71
178.304000 179.456000 63
179.968000 180.640000 72
180.800000 181.120000 72
181.120000 182.656000 72
182.784000 184.064000 69
184.384000 184.608000 61
184.608000 185.056000 63
185.184000 185.632000 63
185.632000 185.824000 60
185.920000 186.272000 60
186.432000 186.944000 66
186.944000 187.552000 67
187.712000 187.936000 65
188.032000 188.224000 65
188.224000 190.496000 67
190.912000 192.224000 64
192.352000 193.760000 67
194.016000 194.400000 65
194.528000 195.168000 67
195.264000 198.112000 63
198.688000 199.296000 63
199.296000 200.608000 67
200.736000 201.760000 67
201.760000 203.296000 64
203.904000 203.968000 62
203.968000 204.000000 65
204.000000 204.160000 70
204.256000 206.528000 72
206.528000 207.744000 67
208.256000 208.608000 60
208.608000 209.472000 66
209.472000 210.240000 60
210.400000 211.072000 70
211.168000 211.776000 72
211.872000 212.192000 70
212.192000 212.352000 67
212.608000 213.472000 65
213.664000 214.432000 67
214.528000 215.776000 65
216.160000 216.832000 65
217.024000 217.920000 67
218.048000 219.488000 69
219.488000 220.672000 64
221.280000 221.856000 70
221.984000 222.304000 72
222.304000 223.552000 72
223.552000 225.280000 72
225.568000 225.792000 60
225.792000 226.272000 63
226.400000 226.816000 63
226.816000 227.008000 62
227.072000 227.488000 60
227.616000 228.736000 67
228.928000 229.120000 65
229.216000 231.552000 65
232.128000 233.056000 63
233.056000 233.440000 62
233.568000 234.976000 67
235.232000 235.616000 65
235.744000 236.128000 67
236.128000 236.384000 66
236.480000 240.352000 63
