0.064000 2.432000 66
4.768000 4.960000 66
6.464000 6.624000 68
6.752000 9.184000 66
10.080000 10.368000 68
10.496000 11.104000 69
11.104000 11.936000 67
12.064000 12.160000 66
12.544000 12.672000 66
12.768000 12.928000 65
12.928000 13.600000 64
13.728000 13.920000 63
14.016000 14.272000 66
14.368000 14.720000 63
15.040000 15.264000 61
15.360000 15.520000 63
15.616000 15.808000 66
15.936000 16.224000 63
16.320000 16.640000 63
16.736000 17.056000 63
17.184000 17.376000 61
17.376000 17.888000 59
17.984000 18.624000 61
18.688000 18.848000 60
20.256000 20.416000 58
20.928000 21.312000 58
21.728000 22.080000 58
22.176000 22.528000 56
22.624000 22.784000 58
23.008000 23.168000 59
23.424000 24.736000 63
24.896000 24.992000 62
25.088000 25.952000 61
26.464000 26.752000 62
26.752000 29.088000 66
29.344000 29.632000 66
30.016000 31.232000 68
31.456000 32.032000 66
32.160000 35.776000 67
36.736000 38.464000 68
38.464000 38.624000 66
38.720000 38.912000 66
39.232000 39.584000 66
39.712000 40.672000 64
40.672000 40.928000 66
41.024000 41.344000 63
41.728000 42.080000 62
42.080000 42.496000 66
42.624000 43.200000 63
43.584000 43.712000 63
43.808000 44.032000 61
44.288000 44.544000 65
44.640000 45.280000 66
46.624000 46.720000 62
49.952000 50.112000 53
61.600000 61.856000 51
61.856000 62.016000 52
62.016000 62.592000 57
63.104000 63.552000 51
63.552000 63.776000 53
63.776000 64.256000 57
64.832000 64.992000 51
65.216000 65.440000 51
65.568000 66.144000 52
68.256000 68.416000 51
68.640000 68.800000 52
69.024000 69.344000 57
70.336000 70.496000 53
70.720000 71.072000 58
71.744000 71.936000 56
72.032000 72.352000 58
72.352000 72.704000 61
72.992000 73.728000 58
75.040000 75.488000 52
75.712000 76.160000 58
76.672000 77.152000 52
77.440000 77.728000 55
78.848000 79.008000 53
79.136000 79.456000 55
80.128000 80.640000 54
81.504000 81.600000 54
81.760000 81.984000 54
82.208000 82.464000 56
82.592000 82.976000 57
82.976000 83.968000 61
84.384000 84.960000 54
85.216000 86.240000 56
88.512000 88.704000 51
88.896000 89.120000 52
89.120000 89.760000 57
90.432000 90.656000 51
90.656000 90.816000 53
90.816000 91.296000 57
92.000000 92.128000 51
92.320000 92.992000 52
95.616000 95.776000 51
95.776000 95.872000 52
95.872000 96.032000 55
96.032000 96.384000 57
97.696000 98.048000 58
98.400000 99.392000 58
99.520000 99.872000 61
100.096000 101.120000 58
102.048000 102.592000 52
102.752000 103.104000 57
104.032000 104.224000 52
104.480000 104.864000 56
105.536000 105.664000 56
105.760000 105.984000 58
106.080000 106.528000 61
106.592000 106.656000 58
106.688000 106.752000 58
106.944000 107.776000 63
107.776000 107.840000 60
107.968000 108.160000 56
108.288000 108.448000 56
108.736000 109.024000 56
109.184000 109.376000 58
112.288000 113.728000 63
113.920000 114.784000 61
115.232000 115.456000 61
115.456000 117.952000 66
118.848000 119.520000 68
119.680000 120.096000 68
120.224000 120.704000 67
120.704000 120.992000 64
121.888000 122.176000 62
122.176000 124.672000 66
125.280000 125.408000 62
125.536000 125.824000 68
125.920000 126.560000 69
126.560000 127.392000 67
127.520000 127.616000 66
128.000000 128.128000 66
128.224000 128.352000 65
128.352000 129.088000 64
129.184000 129.376000 63
129.472000 129.696000 66
129.824000 130.176000 63
130.432000 130.784000 62
130.784000 131.264000 66
131.360000 131.680000 63
131.776000 131.904000 63
131.904000 132.832000 63
132.832000 133.344000 59
133.440000 134.368000 61
135.072000 135.456000 61
135.584000 135.872000 58
135.968000 136.256000 56
136.384000 137.056000 58
137.152000 138.240000 58
138.464000 138.624000 59
138.848000 138.944000 62
138.944000 139.232000 61
139.232000 141.408000 63
141.920000 142.208000 62
142.208000 144.544000 66
145.312000 145.504000 60
145.504000 146.688000 69
146.912000 147.392000 67
147.392000 147.776000 65
148.576000 148.864000 62
148.864000 151.232000 66
151.936000 152.096000 62
152.192000 152.256000 67
152.256000 152.384000 67
152.384000 153.216000 69
153.216000 154.080000 67
154.656000 155.008000 66
155.008000 155.072000 64
155.072000 156.128000 64
156.128000 156.832000 66
157.184000 157.536000 61
157.536000 157.952000 66
158.048000 158.784000 63
158.880000 159.168000 63
159.264000 159.552000 61
159.712000 159.968000 58
160.096000 160.704000 66
161.312000 161.536000 58
161.696000 161.888000 61
162.016000 162.432000 63
162.624000 162.784000 56
162.784000 164.032000 55
167.168000 167.840000 58
167.840000 168.320000 55
168.480000 170.464000 54
172.224000 172.480000 58
172.928000 173.056000 57
173.504000 174.400000 56
175.616000 175.776000 51
175.936000 176.192000 52
176.192000 176.736000 57
177.472000 177.696000 51
177.696000 177.760000 52
177.760000 178.368000 58
179.328000 179.936000 52
182.208000 182.336000 51
182.560000 182.688000 51
182.688000 182.784000 52
182.784000 182.944000 55
182.944000 183.328000 58
184.608000 184.992000 58
185.440000 185.856000 56
185.984000 186.272000 58
186.336000 186.720000 61
186.976000 187.808000 58
188.864000 189.376000 53
189.536000 190.080000 57
190.880000 191.040000 53
191.296000 191.680000 56
192.256000 192.416000 55
192.576000 192.896000 58
192.896000 193.280000 61
193.408000 193.568000 58
193.792000 194.528000 63
194.656000 194.880000 57
195.040000 195.168000 56
195.360000 195.456000 55
195.552000 195.744000 56
195.840000 196.064000 57
196.320000 196.832000 51
198.944000 200.416000 63
200.608000 201.696000 61
201.888000 202.208000 62
202.208000 204.736000 66
205.248000 205.472000 60
205.472000 206.176000 69
206.336000 206.432000 69
206.432000 206.752000 68
206.880000 207.456000 67
207.456000 207.840000 63
208.544000 208.736000 61
208.832000 211.360000 66
211.936000 212.064000 61
212.192000 212.480000 68
212.608000 213.216000 69
213.216000 214.112000 67
214.240000 214.528000 66
214.624000 214.784000 66
214.784000 215.040000 65
215.040000 215.712000 64
215.808000 216.000000 63
216.096000 216.320000 66
216.416000 216.768000 63
217.120000 217.664000 63
217.760000 217.920000 65
218.016000 218.752000 63
218.848000 219.168000 62
219.168000 219.456000 61
219.456000 220.000000 60
220.096000 221.088000 61
221.728000 221.888000 58
221.984000 222.080000 60
222.208000 222.528000 58
222.656000 222.880000 56
223.008000 223.712000 58
223.904000 224.224000 58
224.320000 224.928000 58
225.120000 225.312000 59
225.536000 225.856000 62
225.856000 228.160000 63
228.544000 228.896000 61
228.896000 231.520000 66
231.968000 232.032000 59
232.160000 233.280000 69
233.504000 234.016000 67
234.016000 234.400000 64
235.200000 235.488000 61
235.488000 237.920000 66
238.624000 238.752000 61
238.880000 239.040000 67
239.040000 239.904000 69
239.904000 240.704000 67
240.832000 241.056000 66
241.312000 241.696000 66
241.696000 241.888000 63
241.888000 242.464000 62
242.464000 243.136000 66
243.264000 243.456000 63
243.840000 244.096000 61
244.192000 244.384000 63
244.384000 244.608000 66
244.704000 244.832000 62
244.896000 245.408000 63
245.536000 245.824000 63
245.920000 246.176000 61
246.336000 246.624000 58
246.752000 247.328000 66
248.032000 248.160000 58
248.352000 249.120000 63
249.344000 249.504000 56
249.504000 250.752000 55
253.792000 254.592000 58
254.592000 254.976000 54
255.072000 257.312000 55
258.848000 259.328000 66
259.328000 260.864000 66
260.864000 262.208000 65
263.808000 267.520000 71
267.584000 267.808000 71
268.512000 268.800000 62
268.800000 271.168000 66
272.128000 272.480000 68
272.608000 273.312000 69
273.504000 274.016000 67
274.016000 274.304000 64
275.264000 277.824000 66
278.624000 278.752000 62
278.944000 280.736000 68
280.960000 281.088000 66
281.312000 281.664000 66
281.760000 282.816000 66
282.816000 282.976000 66
283.136000 283.424000 63
283.840000 284.608000 63
284.672000 285.408000 63
285.536000 285.824000 63
285.920000 286.176000 62
286.368000 286.688000 58
286.784000 287.552000 56
287.584000 287.904000 54
288.000000 288.160000 58
288.352000 288.544000 61
288.672000 289.120000 63
289.344000 289.504000 56
289.504000 289.696000 55
289.792000 290.720000 52
293.632000 293.792000 58
293.792000 294.272000 58
294.272000 294.976000 56
295.104000 297.632000 59
297.632000 300.480000 66
300.800000 300.864000 65
300.896000 300.928000 65
306.304000 306.624000 59
306.752000 306.944000 59
308.000000 308.256000 59
