18.944000 19.936000 67
20.192000 20.288000 61
20.288000 20.416000 66
20.416000 21.536000 69
21.696000 21.984000 67
21.984000 22.208000 63
22.624000 22.848000 70
22.848000 24.448000 67
24.448000 24.576000 63
26.176000 26.272000 64
26.272000 27.328000 67
27.488000 27.552000 66
27.552000 28.544000 69
28.736000 28.960000 67
28.960000 29.056000 65
29.792000 29.984000 70
29.984000 30.208000 66
30.272000 30.656000 67
30.752000 31.360000 67
31.360000 32.128000 67
32.128000 32.384000 64
33.408000 33.504000 61
33.504000 34.368000 67
35.328000 35.392000 67
35.392000 35.616000 70
35.712000 35.968000 69
35.968000 36.608000 67
36.960000 37.120000 69
37.120000 38.176000 67
38.304000 39.168000 67
39.232000 39.392000 63
39.392000 39.616000 61
40.768000 41.600000 67
42.560000 43.200000 70
43.200000 43.584000 67
43.616000 43.808000 64
44.192000 44.288000 70
44.288000 44.672000 69
44.672000 44.768000 60
44.768000 44.960000 65
44.960000 45.152000 60
45.152000 45.280000 66
45.472000 45.792000 67
45.792000 46.048000 74
46.048000 46.528000 67
46.528000 46.816000 64
47.680000 48.736000 67
49.120000 49.600000 69
49.824000 50.016000 67
50.016000 50.272000 65
50.304000 50.528000 67
50.528000 50.848000 64
51.360000 51.552000 69
51.552000 52.704000 67
52.896000 53.440000 67
53.536000 53.664000 62
53.664000 53.984000 61
54.912000 55.040000 63
55.040000 55.616000 67
55.776000 56.000000 66
56.000000 56.192000 63
56.288000 56.992000 69
57.120000 57.728000 67
57.728000 57.952000 63
58.560000 58.720000 70
58.720000 58.816000 67
58.976000 59.392000 67
59.424000 59.488000 63
59.488000 60.192000 67
60.352000 60.640000 67
60.672000 60.992000 67
60.992000 61.056000 62
61.376000 61.568000 56
62.144000 62.272000 66
62.400000 63.232000 67
64.096000 64.896000 69
65.088000 65.120000 67
65.280000 65.376000 64
65.760000 65.856000 71
65.856000 66.912000 70
67.072000 67.296000 67
67.296000 67.744000 74
67.744000 67.840000 68
68.000000 68.352000 62
68.448000 68.736000 58
69.568000 70.368000 67
71.360000 72.000000 69
72.000000 72.128000 66
72.160000 72.416000 67
72.448000 72.608000 64
72.960000 73.088000 69
73.088000 73.440000 67
73.440000 73.568000 60
73.568000 73.856000 65
73.888000 74.432000 67
74.432000 74.816000 74
74.816000 75.040000 72
75.040000 75.200000 67
75.200000 75.584000 66
89.824000 90.720000 71
91.296000 92.064000 67
92.448000 93.536000 69
93.696000 93.920000 67
93.920000 94.176000 65
94.752000 94.976000 69
94.976000 95.136000 66
95.680000 96.544000 67
96.544000 96.800000 66
97.088000 97.344000 60
98.336000 98.400000 64
98.400000 99.072000 67
99.200000 99.264000 65
99.264000 99.392000 63
99.680000 99.808000 67
99.808000 100.480000 69
100.576000 101.184000 67
101.184000 101.376000 63
101.952000 102.208000 69
102.208000 102.784000 66
102.784000 102.976000 66
103.072000 103.200000 63
103.296000 104.480000 67
104.608000 104.768000 72
104.768000 105.024000 67
105.120000 105.216000 62
105.216000 105.344000 61
105.760000 106.048000 67
106.048000 106.624000 67
106.624000 106.656000 62
107.616000 108.032000 69
108.032000 108.832000 68
109.216000 109.312000 57
109.440000 110.048000 65
110.144000 110.496000 66
110.784000 111.072000 67
111.072000 111.168000 72
111.168000 111.264000 68
111.488000 111.840000 67
111.968000 112.128000 61
112.224000 112.320000 59
112.992000 113.248000 67
113.248000 113.344000 63
113.344000 113.856000 67
114.688000 114.816000 70
114.880000 115.104000 69
115.104000 116.064000 68
116.416000 116.544000 69
116.544000 116.896000 66
116.896000 117.248000 65
117.408000 117.888000 67
117.888000 118.176000 74
118.176000 118.560000 71
118.688000 119.072000 67
120.096000 120.160000 66
120.160000 120.832000 67
120.832000 121.024000 65
121.888000 122.688000 69
122.688000 123.200000 67
123.552000 123.712000 70
123.712000 124.672000 68
124.800000 125.024000 67
125.024000 125.248000 74
125.248000 125.568000 68
125.696000 125.792000 67
125.792000 126.016000 71
126.176000 126.336000 67
126.336000 126.464000 65
126.688000 126.784000 73
126.784000 126.880000 71
127.264000 128.000000 68
128.000000 128.160000 64
129.248000 130.080000 69
130.752000 130.912000 69
131.040000 131.616000 66
131.648000 131.808000 65
132.032000 132.608000 67
