25.280000 26.496000 56
26.592000 27.072000 56
27.168000 28.320000 59
28.320000 28.992000 56
29.120000 30.592000 57
31.488000 32.128000 56
32.160000 33.280000 56
33.408000 33.696000 58
33.792000 34.144000 61
34.144000 36.864000 59
37.696000 38.368000 56
38.464000 39.584000 56
39.584000 40.320000 60
40.416000 41.504000 59
41.600000 41.856000 56
41.952000 42.240000 54
43.168000 44.256000 58
44.704000 44.960000 58
44.960000 45.760000 56
46.240000 46.400000 58
46.400000 46.720000 57
46.816000 46.912000 55
47.008000 47.616000 54
49.376000 49.600000 58
49.824000 49.984000 56
50.176000 50.368000 63
50.560000 51.232000 63
51.712000 51.776000 62
51.776000 52.864000 65
53.280000 53.472000 63
53.600000 53.888000 63
53.888000 54.176000 65
54.176000 54.688000 62
54.816000 55.520000 68
55.520000 55.840000 65
56.032000 57.888000 63
57.984000 58.528000 63
58.624000 58.848000 56
59.008000 59.424000 59
59.552000 60.320000 58
61.856000 62.208000 70
62.624000 62.816000 63
63.040000 63.776000 63
64.160000 64.224000 62
64.224000 65.312000 65
65.728000 66.272000 65
66.400000 66.688000 65
66.784000 67.296000 59
67.296000 68.256000 68
68.512000 68.864000 62
68.864000 69.216000 63
69.216000 69.888000 70
70.048000 70.400000 61
70.400000 70.784000 64
70.784000 71.232000 70
71.424000 73.312000 63
74.304000 74.368000 62
74.368000 74.880000 68
75.136000 75.392000 70
75.488000 76.448000 75
76.576000 77.760000 75
77.856000 78.464000 70
78.624000 80.672000 75
80.800000 80.960000 68
80.960000 81.312000 70
81.312000 81.856000 69
81.984000 82.112000 63
82.336000 82.816000 66
82.912000 83.232000 68
83.232000 83.296000 67
83.296000 83.808000 66
83.904000 84.416000 67
84.416000 86.656000 71
86.784000 87.104000 66
87.200000 87.648000 70
87.648000 87.840000 70
88.000000 89.440000 63
89.536000 90.112000 63
90.336000 90.752000 69
90.752000 91.008000 70
91.104000 91.264000 75
91.360000 92.032000 75
92.096000 92.512000 73
92.640000 92.800000 63
92.896000 93.216000 61
93.312000 94.112000 70
94.240000 94.432000 66
94.848000 95.680000 70
95.776000 95.968000 66
95.968000 96.224000 65
96.416000 98.848000 66
99.264000 99.424000 63
99.520000 100.288000 70
100.704000 100.896000 63
101.024000 101.536000 70
101.664000 102.176000 68
102.304000 105.536000 66
115.744000 115.808000 55
116.192000 117.440000 56
117.536000 117.792000 58
117.888000 118.656000 61
118.656000 120.032000 56
120.128000 121.088000 57
121.888000 123.616000 56
123.808000 124.448000 61
124.576000 125.504000 59
125.600000 126.016000 58
126.144000 127.424000 56
128.128000 128.608000 56
128.864000 129.888000 56
130.048000 130.432000 58
130.432000 130.688000 61
130.816000 131.680000 58
131.808000 132.576000 58
133.568000 133.760000 58
133.952000 134.656000 55
135.104000 135.264000 58
135.264000 136.192000 57
136.672000 136.928000 58
137.024000 137.920000 56
140.544000 140.736000 63
140.960000 141.632000 63
142.016000 142.080000 57
142.080000 142.112000 59
142.112000 142.720000 63
142.720000 143.232000 65
143.648000 144.288000 63
144.288000 144.608000 65
144.608000 145.056000 63
145.216000 145.952000 68
146.048000 146.240000 63
146.432000 148.928000 63
149.024000 149.248000 56
149.408000 150.656000 59
151.264000 151.840000 55
151.840000 152.544000 58
153.440000 154.080000 63
154.592000 154.816000 63
154.816000 155.680000 65
156.160000 156.704000 63
156.800000 157.056000 65
157.056000 157.216000 64
157.216000 157.344000 60
157.376000 157.568000 58
157.568000 157.632000 63
157.632000 158.432000 67
158.432000 158.624000 64
158.912000 159.264000 62
159.264000 159.648000 63
159.648000 160.320000 70
160.480000 160.768000 62
160.768000 161.184000 64
161.184000 161.664000 70
161.856000 163.712000 63
164.800000 165.056000 54
165.152000 165.536000 57
165.536000 165.824000 58
165.920000 166.080000 63
166.176000 166.848000 75
166.944000 168.192000 75
168.192000 168.896000 70
168.992000 169.984000 75
170.080000 170.496000 73
170.592000 170.816000 75
170.816000 171.104000 74
171.232000 171.648000 70
171.776000 172.160000 69
172.160000 172.288000 66
172.448000 172.576000 66
172.768000 173.984000 68
173.984000 174.240000 63
174.336000 174.880000 66
174.880000 175.936000 71
176.064000 176.224000 70
176.224000 177.088000 70
177.088000 177.728000 68
177.728000 178.240000 70
178.368000 179.744000 75
179.936000 180.576000 63
180.736000 181.088000 68
181.088000 181.536000 71
181.536000 181.696000 75
181.792000 182.176000 73
182.272000 183.200000 75
183.296000 183.520000 73
183.712000 184.128000 70
184.224000 184.512000 69
184.512000 184.768000 66
185.216000 186.016000 70
186.112000 186.304000 66
186.304000 186.592000 65
186.784000 190.208000 66
192.288000 192.480000 69
214.112000 214.688000 63
214.688000 215.296000 68
215.392000 215.680000 70
215.808000 216.000000 75
216.000000 218.080000 75
218.080000 218.816000 70
218.912000 220.320000 75
220.448000 220.928000 75
221.088000 221.248000 68
221.248000 221.696000 70
221.696000 221.952000 68
221.952000 222.496000 67
222.624000 223.136000 67
223.136000 223.552000 68
223.552000 224.576000 66
224.736000 225.792000 71
225.920000 226.944000 70
227.104000 227.360000 66
227.456000 227.840000 68
227.840000 228.128000 70
228.224000 229.184000 75
229.280000 230.464000 75
230.560000 230.848000 68
230.944000 231.360000 71
231.360000 231.520000 75
231.616000 232.832000 75
232.928000 233.408000 75
233.568000 234.400000 70
234.400000 234.624000 66
234.624000 234.912000 65
235.072000 235.136000 68
235.136000 235.968000 70
235.968000 236.224000 66
236.224000 236.512000 64
236.640000 239.328000 66
239.552000 239.616000 63
239.616000 239.744000 66
239.744000 239.840000 67
239.840000 240.288000 68
240.288000 240.704000 71
240.704000 241.376000 75
241.472000 241.696000 75
241.696000 242.976000 75
242.976000 243.712000 71
243.808000 244.736000 75
244.864000 245.280000 73
245.408000 245.952000 63
246.048000 246.112000 68
246.112000 246.464000 70
246.592000 246.752000 68
247.200000 247.456000 63
247.552000 248.000000 66
248.096000 248.480000 68
248.704000 249.120000 63
249.120000 249.664000 67
249.664000 250.688000 71
250.816000 251.040000 71
251.040000 251.936000 70
252.064000 252.128000 65
252.128000 252.384000 66
252.384000 253.056000 70
253.184000 253.312000 75
253.440000 255.232000 75
255.520000 255.808000 69
255.808000 256.192000 70
256.288000 258.016000 75
258.112000 258.304000 73
258.496000 258.976000 70
259.072000 259.360000 68
259.360000 259.584000 66
259.680000 259.936000 63
260.032000 260.960000 70
260.960000 261.152000 66
261.152000 261.376000 63
261.632000 263.776000 66
264.448000 264.640000 63
264.704000 265.792000 70
265.792000 266.048000 65
266.240000 266.688000 70
266.816000 270.720000 68
273.952000 274.304000 75
276.928000 277.504000 75
277.824000 278.176000 70
278.336000 279.744000 73
280.096000 280.672000 75
280.960000 281.664000 72
281.664000 282.112000 75
282.784000 284.960000 70
