43.392000 48.224000 65
48.704000 48.928000 65
48.992000 49.536000 67
49.696000 50.240000 63
50.336000 50.880000 65
51.008000 51.552000 62
51.680000 53.344000 63
53.984000 54.912000 63
55.008000 55.424000 63
55.552000 58.144000 65
58.240000 58.816000 63
59.296000 60.160000 67
60.288000 60.640000 63
60.704000 61.440000 65
61.600000 63.872000 63
64.640000 65.440000 63
65.600000 66.784000 65
67.040000 67.360000 62
67.520000 68.480000 63
68.544000 69.312000 65
69.632000 69.856000 63
69.856000 70.368000 67
70.560000 70.752000 67
70.816000 70.880000 63
70.912000 71.488000 63
71.488000 71.968000 65
72.192000 72.704000 62
72.800000 74.656000 63
75.424000 75.840000 75
75.872000 75.904000 75
76.256000 76.576000 63
76.768000 77.088000 63
77.152000 77.184000 62
77.280000 77.728000 62
77.888000 78.080000 62
78.208000 79.200000 65
79.392000 79.840000 63
80.160000 80.288000 63
80.480000 80.704000 66
80.704000 80.992000 67
81.184000 81.984000 66
82.368000 82.432000 65
82.656000 83.200000 65
83.360000 83.520000 63
83.776000 84.000000 75
84.000000 84.960000 74
85.056000 85.152000 61
85.312000 85.632000 61
85.632000 86.400000 63
86.656000 86.976000 65
86.976000 87.648000 67
87.936000 88.384000 67
88.384000 90.304000 65
90.656000 90.944000 63
90.944000 91.648000 67
91.904000 92.224000 67
92.224000 92.512000 70
92.512000 93.024000 65
93.216000 93.824000 67
93.920000 95.584000 63
95.904000 96.864000 62
97.216000 97.536000 63
97.536000 97.728000 67
97.856000 98.272000 65
98.464000 98.880000 66
98.880000 99.488000 65
99.584000 100.096000 63
100.160000 100.928000 63
101.056000 101.696000 65
101.856000 102.208000 67
102.496000 102.752000 67
102.752000 103.072000 70
103.200000 103.488000 65
103.808000 104.352000 66
104.448000 106.304000 63
106.816000 108.960000 63
109.088000 109.600000 62
109.696000 111.712000 65
112.032000 112.960000 69
113.088000 113.664000 63
113.664000 114.304000 66
114.400000 118.144000 67
118.304000 118.432000 67
118.528000 118.560000 69
118.784000 122.240000 65
122.816000 123.456000 68
123.616000 124.160000 63
124.160000 124.832000 66
124.992000 125.472000 62
125.632000 126.976000 64
127.136000 127.328000 63
127.424000 130.496000 67
130.528000 130.752000 62
130.880000 133.152000 65
133.248000 133.920000 67
134.080000 134.112000 67
134.144000 134.816000 63
134.816000 135.392000 65
135.520000 136.064000 62
136.160000 138.208000 63
138.816000 138.944000 63
139.424000 139.936000 63
140.128000 140.448000 62
140.608000 140.832000 62
140.928000 141.120000 62
141.312000 141.440000 62
141.600000 142.080000 63
142.208000 142.592000 64
142.816000 143.264000 63
143.552000 143.776000 63
143.776000 144.000000 65
144.000000 144.576000 67
144.576000 145.376000 64
145.568000 145.856000 65
146.048000 146.272000 63
146.464000 147.104000 63
147.136000 147.392000 62
147.392000 148.992000 61
148.992000 149.792000 63
149.984000 150.272000 63
150.272000 151.008000 67
151.328000 151.840000 67
152.000000 153.664000 63
153.888000 154.016000 68
154.016000 154.304000 63
154.304000 154.976000 67
155.296000 156.064000 70
156.064000 156.320000 65
156.608000 157.184000 67
157.312000 158.944000 63
159.264000 159.584000 61
159.584000 160.256000 63
160.640000 160.896000 63
160.896000 161.120000 67
161.248000 161.632000 65
161.856000 162.432000 66
162.624000 162.912000 63
163.008000 164.352000 63
164.448000 165.120000 65
165.216000 165.568000 67
165.792000 166.112000 67
166.112000 166.432000 70
167.232000 167.744000 66
167.744000 168.800000 63
168.896000 169.120000 62
169.376000 169.696000 62
170.176000 172.448000 63
172.800000 174.368000 65
174.496000 175.104000 65
175.424000 176.288000 67
176.416000 176.960000 63
177.056000 177.632000 65
177.632000 178.208000 63
178.400000 180.288000 63
180.704000 181.632000 63
181.728000 185.760000 65
185.760000 186.912000 68
186.912000 188.832000 65
188.992000 190.848000 63
191.392000 193.312000 65
193.408000 193.504000 62
193.792000 194.112000 62
194.304000 194.848000 63
194.944000 195.200000 63
195.296000 196.096000 65
196.384000 196.448000 63
196.608000 196.800000 65
196.800000 197.120000 67
197.568000 198.208000 63
198.208000 198.752000 65
198.880000 199.424000 62
199.520000 201.760000 63
201.952000 202.080000 63
202.176000 202.304000 63
202.528000 202.560000 63
202.592000 203.296000 63
203.488000 203.936000 62
204.032000 204.224000 62
204.352000 204.480000 62
204.672000 204.800000 62
204.960000 205.984000 65
206.208000 206.592000 63
206.592000 207.520000 68
207.808000 208.032000 67
208.032000 208.576000 63
208.640000 208.704000 63
209.184000 209.216000 65
209.472000 209.536000 62
209.568000 209.600000 62
209.792000 209.984000 62
210.080000 210.240000 63
210.400000 210.752000 62
210.752000 211.584000 61
211.680000 212.128000 63
212.256000 213.760000 63
213.952000 214.368000 65
214.688000 215.040000 67
215.040000 215.296000 65
215.296000 216.992000 63
216.992000 217.632000 67
217.632000 219.360000 70
219.520000 220.160000 70
220.320000 220.544000 65
220.640000 222.016000 63
222.144000 222.624000 60
222.848000 223.008000 60
223.136000 223.456000 67
223.552000 225.024000 67
225.216000 225.792000 66
225.920000 227.360000 67
227.360000 227.840000 68
227.840000 228.352000 65
228.416000 228.736000 63
228.928000 229.056000 64
229.056000 229.216000 65
229.216000 229.376000 63
229.568000 230.048000 63
230.240000 230.592000 63
230.592000 231.104000 66
231.200000 233.024000 63
233.152000 233.440000 60
233.440000 234.240000 63
234.464000 234.752000 64
234.752000 235.456000 67
235.744000 236.352000 67
236.448000 238.112000 63
238.336000 238.400000 67
238.400000 238.752000 64
238.752000 239.488000 67
239.712000 240.480000 70
240.480000 240.800000 65
241.024000 241.600000 67
241.728000 243.392000 63
243.712000 244.000000 60
244.000000 245.344000 63
245.344000 245.536000 67
245.664000 246.048000 65
246.272000 246.688000 66
246.688000 248.704000 65
248.864000 249.248000 63
249.248000 249.536000 65
249.664000 250.176000 67
250.272000 250.560000 67
250.560000 250.848000 70
250.976000 251.360000 65
251.616000 252.128000 66
252.288000 254.080000 64
254.208000 255.264000 63
257.472000 258.016000 62
258.112000 258.528000 63
258.784000 259.072000 64
259.072000 259.776000 67
260.064000 260.640000 67
260.768000 262.432000 63
262.656000 262.720000 67
262.720000 263.072000 64
263.072000 263.808000 67
264.032000 264.352000 67
264.352000 264.576000 70
264.576000 265.152000 69
265.344000 265.920000 67
266.048000 267.648000 63
268.032000 269.216000 62
269.344000 269.664000 63
269.664000 269.856000 67
269.984000 270.368000 65
270.592000 271.008000 66
271.008000 272.192000 65
272.288000 273.024000 63
273.184000 273.600000 63
273.600000 273.856000 65
273.984000 274.336000 67
274.624000 274.880000 67
274.880000 275.168000 70
275.296000 275.680000 65
275.936000 276.480000 66
276.608000 278.432000 64
278.464000 279.616000 63
