30.624000 31.296000 65
31.552000 32.064000 63
32.864000 33.312000 59
33.312000 33.536000 63
33.728000 34.016000 62
34.592000 34.848000 63
35.136000 35.392000 62
35.936000 37.088000 58
37.696000 37.920000 65
38.112000 39.552000 65
39.904000 40.000000 58
40.704000 41.088000 56
41.536000 42.464000 70
42.912000 43.488000 67
43.648000 44.000000 63
44.704000 45.056000 67
45.152000 45.504000 67
45.600000 45.792000 65
45.984000 47.168000 67
47.584000 47.712000 63
47.872000 48.160000 62
48.352000 48.608000 58
48.768000 49.088000 65
49.408000 50.112000 64
50.912000 51.776000 63
52.416000 52.960000 62
53.120000 53.696000 65
53.856000 54.624000 65
54.912000 55.904000 65
57.536000 57.824000 62
58.016000 58.336000 63
58.464000 59.104000 65
59.296000 59.488000 65
59.712000 60.064000 62
60.160000 60.512000 59
60.640000 60.928000 55
61.056000 61.792000 67
61.952000 63.104000 65
63.456000 64.288000 63
64.992000 65.120000 60
65.216000 66.080000 63
66.272000 66.560000 63
66.944000 67.168000 63
67.264000 67.840000 66
68.032000 68.800000 66
69.024000 70.240000 65
71.616000 72.000000 62
72.096000 72.416000 63
72.544000 73.248000 65
73.792000 73.856000 60
73.856000 74.176000 62
74.304000 74.560000 59
74.784000 75.008000 55
75.168000 75.424000 65
75.616000 75.744000 65
76.096000 77.280000 65
77.568000 78.176000 63
79.104000 79.232000 60
79.328000 79.424000 62
79.584000 80.000000 63
80.000000 80.160000 60
80.256000 80.384000 62
80.544000 80.864000 63
81.504000 82.592000 63
83.008000 83.136000 58
86.016000 87.424000 70
87.616000 88.448000 62
89.056000 89.248000 69
89.344000 89.440000 69
89.600000 90.848000 70
91.168000 91.744000 63
93.088000 93.440000 70
93.536000 93.696000 69
93.792000 94.432000 70
96.000000 99.424000 65
100.160000 101.504000 70
101.856000 101.984000 62
102.144000 102.304000 62
102.464000 102.624000 69
103.712000 104.096000 70
104.192000 104.352000 61
104.480000 105.408000 70
105.760000 106.880000 72
107.264000 107.392000 67
107.392000 107.680000 61
107.680000 108.192000 63
108.352000 108.640000 70
108.768000 109.504000 70
109.952000 110.624000 61
110.624000 110.880000 70
111.072000 111.392000 69
111.584000 114.240000 65
129.504000 130.176000 65
130.400000 131.104000 63
131.232000 131.552000 62
131.744000 132.128000 58
132.128000 132.480000 63
132.608000 133.024000 62
133.472000 133.792000 63
134.080000 134.496000 63
134.816000 135.744000 59
135.744000 136.128000 60
136.608000 136.864000 65
137.024000 138.624000 65
138.816000 139.168000 59
139.168000 139.264000 65
139.680000 140.032000 56
140.512000 141.792000 70
141.888000 141.984000 65
141.984000 142.560000 67
142.560000 143.136000 64
143.648000 143.968000 67
144.128000 144.192000 65
144.192000 144.448000 67
144.448000 144.736000 65
144.896000 146.400000 67
146.496000 146.656000 63
146.784000 147.104000 62
147.232000 147.616000 58
147.616000 148.032000 65
148.288000 148.704000 62
148.704000 149.152000 64
149.792000 150.912000 63
151.328000 151.776000 60
151.776000 152.704000 65
152.800000 153.632000 65
153.760000 155.648000 65
156.384000 157.184000 63
157.344000 157.984000 65
158.624000 159.168000 62
159.168000 159.488000 59
159.968000 160.672000 67
160.832000 162.176000 65
162.368000 163.392000 63
163.904000 164.960000 63
165.152000 165.536000 63
165.856000 166.176000 65
166.176000 166.688000 66
166.912000 167.424000 66
167.584000 167.872000 61
167.872000 170.304000 65
170.496000 171.296000 63
171.424000 172.256000 65
172.736000 173.152000 62
173.152000 173.472000 59
173.760000 173.888000 67
174.080000 174.336000 65
174.528000 174.848000 67
174.976000 176.224000 65
176.480000 177.440000 63
178.016000 178.144000 60
178.240000 178.336000 62
178.496000 178.944000 63
178.944000 179.104000 60
179.200000 179.296000 62
179.424000 179.840000 63
180.288000 181.504000 63
181.760000 181.888000 69
182.048000 184.416000 70
184.832000 186.208000 71
186.560000 187.744000 62
187.904000 188.192000 69
188.384000 189.696000 70
189.920000 191.232000 63
191.328000 191.776000 62
191.904000 192.512000 70
192.608000 193.152000 70
193.504000 194.240000 63
194.784000 198.496000 65
198.976000 200.416000 70
200.736000 201.920000 62
202.496000 202.880000 70
202.976000 203.200000 62
203.296000 204.128000 70
204.416000 205.792000 72
206.240000 206.400000 60
206.496000 207.040000 63
207.168000 207.520000 70
207.552000 208.512000 70
208.736000 209.120000 58
209.216000 209.376000 59
209.376000 209.408000 61
209.408000 210.112000 70
210.240000 213.760000 66
213.856000 214.112000 67
230.752000 232.096000 70
232.416000 233.120000 62
234.336000 234.688000 70
234.784000 234.976000 69
235.072000 235.648000 70
235.968000 236.544000 63
237.792000 239.200000 70
239.296000 239.552000 63
240.480000 241.152000 63
241.248000 241.504000 63
241.632000 244.608000 65
244.832000 244.960000 67
245.088000 246.336000 70
246.464000 247.936000 63
248.384000 248.448000 67
248.448000 248.800000 70
248.896000 249.184000 62
249.184000 251.840000 72
252.352000 252.960000 63
253.056000 253.280000 70
253.440000 253.728000 70
253.920000 254.432000 70
254.816000 255.616000 70
255.872000 259.040000 71
259.744000 260.160000 65
260.160000 261.568000 70
262.016000 262.912000 70
263.680000 266.944000 70
272.864000 272.960000 62
273.216000 273.664000 64
273.664000 273.952000 70
274.880000 275.072000 70
276.576000 277.504000 70
279.648000 279.936000 70
280.160000 280.608000 58
282.592000 283.296000 70
