11.680000 11.808000 71
11.904000 13.344000 70
15.968000 16.512000 66
16.832000 17.856000 58
18.176000 18.304000 58
19.296000 20.192000 70
20.608000 20.992000 68
21.888000 21.920000 70
22.464000 22.624000 70
22.720000 22.848000 69
28.576000 28.960000 58
29.056000 29.344000 59
29.504000 29.824000 62
29.952000 30.048000 60
30.176000 30.528000 58
31.168000 31.488000 58
31.488000 32.256000 63
32.416000 33.984000 63
35.360000 35.520000 58
35.808000 36.224000 59
36.224000 36.864000 62
36.960000 37.344000 61
37.952000 38.272000 58
38.368000 38.528000 66
38.624000 41.120000 67
41.632000 42.496000 66
42.656000 42.944000 68
43.040000 44.192000 66
44.704000 45.152000 66
45.376000 45.568000 59
45.664000 47.264000 63
48.416000 49.248000 62
49.344000 50.080000 63
50.176000 50.336000 61
50.432000 51.072000 63
51.904000 52.192000 58
52.416000 52.864000 65
53.120000 53.216000 66
53.216000 53.472000 65
53.600000 55.232000 65
55.520000 55.872000 57
56.064000 56.512000 58
56.512000 57.152000 63
57.312000 57.632000 58
58.176000 59.520000 64
59.712000 61.152000 62
62.400000 62.816000 58
62.880000 63.168000 59
63.296000 64.480000 62
64.960000 65.280000 58
65.408000 66.176000 66
66.272000 68.608000 66
68.736000 69.504000 66
69.600000 69.888000 68
70.048000 70.656000 66
70.752000 71.232000 66
71.744000 72.256000 66
72.256000 72.448000 59
72.544000 74.272000 63
74.368000 74.624000 63
75.488000 76.480000 66
76.768000 77.536000 66
77.632000 78.144000 65
78.272000 78.880000 66
79.072000 79.232000 66
79.328000 79.520000 67
79.520000 80.064000 68
80.064000 80.512000 71
80.608000 84.352000 70
84.800000 87.488000 71
87.712000 88.064000 63
88.160000 88.864000 66
89.024000 91.296000 70
91.584000 91.744000 66
92.032000 92.288000 68
92.384000 92.704000 66
92.832000 93.408000 68
93.504000 94.208000 65
94.496000 95.136000 63
95.136000 95.616000 65
95.616000 97.632000 71
97.792000 98.880000 71
99.136000 99.200000 66
99.200000 99.360000 67
99.360000 100.704000 70
100.864000 100.992000 63
100.992000 102.144000 68
102.496000 102.688000 68
102.688000 102.912000 67
103.104000 103.392000 62
103.392000 103.712000 63
103.840000 104.032000 65
104.128000 105.504000 68
105.952000 106.144000 65
106.144000 106.464000 67
106.464000 108.128000 71
108.448000 111.520000 71
111.840000 112.160000 70
112.256000 114.400000 71
114.944000 115.104000 63
115.232000 115.456000 65
115.456000 116.064000 67
116.064000 118.304000 70
119.040000 119.328000 68
119.424000 119.744000 66
119.872000 120.608000 68
120.608000 121.216000 65
121.504000 122.016000 63
122.016000 122.592000 66
122.592000 124.448000 72
124.576000 125.632000 70
125.888000 126.080000 69
126.208000 126.368000 67
126.368000 127.776000 70
127.968000 129.216000 70
129.568000 129.696000 68
129.696000 129.920000 67
130.080000 130.304000 61
130.432000 130.784000 63
130.784000 132.608000 68
132.928000 133.120000 62
133.120000 133.984000 66
134.208000 134.976000 66
135.072000 135.392000 66
135.936000 138.464000 66
138.688000 138.816000 68
138.816000 139.040000 70
139.136000 139.872000 68
140.000000 143.360000 66
146.368000 146.560000 59
146.816000 146.912000 59
148.160000 148.640000 58
150.176000 150.496000 56
150.496000 151.136000 58
151.136000 151.808000 63
151.968000 152.288000 59
152.832000 154.144000 63
154.336000 155.680000 62
157.056000 157.184000 56
157.280000 157.408000 58
157.504000 157.760000 59
157.952000 158.304000 62
158.400000 158.528000 61
158.624000 158.816000 61
158.912000 159.040000 62
159.616000 159.936000 58
160.064000 163.296000 67
163.360000 164.128000 66
164.256000 164.544000 69
164.672000 165.248000 66
165.376000 165.888000 66
165.984000 166.368000 63
166.400000 166.912000 67
166.912000 167.104000 59
167.200000 169.056000 62
169.152000 169.376000 62
170.144000 171.168000 66
171.424000 171.936000 67
171.936000 172.192000 65
172.288000 172.704000 63
172.704000 173.504000 67
173.696000 173.888000 66
173.984000 174.176000 67
174.176000 174.720000 68
174.720000 175.168000 71
175.264000 178.976000 70
179.456000 179.712000 68
179.744000 182.240000 70
182.368000 182.816000 65
182.816000 183.520000 66
183.680000 185.920000 70
186.240000 186.528000 68
186.656000 187.360000 68
187.456000 188.000000 68
188.000000 188.864000 66
189.280000 189.472000 62
189.472000 189.792000 64
189.792000 190.208000 65
190.208000 192.032000 71
192.128000 192.288000 68
192.384000 193.248000 70
193.376000 193.504000 68
193.760000 193.952000 67
193.952000 195.360000 70
195.616000 196.928000 68
197.152000 197.344000 68
197.344000 197.504000 66
197.664000 198.080000 62
198.080000 198.400000 65
198.400000 198.656000 68
198.784000 200.224000 68
200.608000 200.800000 65
200.800000 201.056000 66
201.056000 202.720000 71
203.040000 206.176000 71
206.496000 207.648000 70
207.744000 209.088000 70
209.152000 209.184000 70
209.600000 209.760000 63
209.888000 210.880000 70
210.880000 212.992000 70
213.280000 213.568000 68
213.696000 213.984000 68
214.080000 214.400000 66
214.496000 215.616000 68
215.616000 215.840000 65
216.160000 216.576000 62
216.576000 217.152000 65
217.248000 219.104000 74
219.232000 220.448000 70
220.576000 220.736000 69
220.832000 220.992000 67
220.992000 222.496000 71
222.624000 223.872000 70
224.224000 224.352000 68
224.352000 224.576000 67
224.736000 224.960000 61
225.088000 226.208000 65
226.272000 227.264000 68
227.584000 227.872000 65
227.872000 228.640000 66
228.864000 229.408000 66
229.504000 230.048000 66
230.304000 230.432000 66
230.592000 233.152000 66
233.344000 233.504000 69
233.504000 233.696000 70
233.792000 234.528000 68
234.720000 238.944000 65
239.104000 239.232000 64
239.520000 239.936000 67
240.288000 242.912000 70
243.328000 243.552000 63
243.712000 244.640000 70
244.640000 245.344000 70
245.440000 246.592000 68
247.072000 247.360000 68
247.488000 247.776000 68
247.872000 248.160000 66
248.320000 249.536000 68
249.952000 250.144000 60
250.144000 250.400000 61
250.400000 250.944000 65
251.040000 254.400000 72
254.656000 254.976000 68
255.072000 256.288000 74
256.384000 256.576000 63
256.576000 257.664000 68
257.952000 258.112000 69
258.112000 258.368000 68
258.592000 258.784000 61
258.880000 259.296000 63
259.296000 260.032000 66
260.064000 261.120000 68
261.472000 262.432000 66
262.656000 262.816000 66
262.816000 263.200000 65
263.296000 263.872000 66
264.000000 264.288000 66
264.384000 266.944000 66
267.136000 267.296000 69
267.296000 267.488000 70
267.584000 268.384000 68
268.576000 271.168000 66
273.280000 273.472000 71
