11.840000 12.000000 65
14.528000 14.656000 63
20.960000 21.056000 63
41.664000 41.856000 61
42.176000 42.400000 63
42.528000 42.656000 61
42.656000 44.032000 64
44.320000 44.672000 60
47.328000 47.584000 62
47.808000 48.096000 64
48.096000 48.352000 61
48.512000 48.672000 62
48.864000 49.024000 60
49.024000 49.440000 64
49.600000 49.760000 67
49.760000 50.400000 66
52.960000 53.536000 68
53.664000 53.952000 64
54.112000 54.688000 62
55.328000 55.776000 53
58.784000 59.264000 63
59.520000 59.936000 63
60.064000 60.352000 62
60.480000 60.640000 63
60.768000 60.992000 60
61.120000 61.472000 60
62.912000 63.168000 60
63.264000 63.328000 62
63.328000 63.552000 64
63.712000 63.936000 67
65.376000 65.600000 69
65.856000 66.144000 67
66.144000 66.368000 65
66.784000 67.008000 63
68.864000 69.600000 62
70.592000 70.912000 65
70.944000 71.008000 64
71.456000 72.256000 60
72.320000 72.832000 61
74.464000 74.784000 64
74.912000 75.776000 68
75.776000 76.640000 71
76.832000 76.960000 70
76.960000 77.216000 69
77.376000 77.504000 67
77.504000 77.664000 66
77.824000 78.112000 64
78.112000 78.944000 63
79.840000 80.032000 60
80.256000 80.896000 62
81.696000 82.048000 65
82.720000 82.752000 60
82.912000 83.104000 60
83.296000 83.904000 60
87.552000 87.808000 62
87.808000 88.224000 63
88.384000 88.832000 62
89.024000 89.824000 60
92.704000 92.864000 61
92.864000 93.248000 64
93.248000 93.856000 64
94.048000 94.304000 61
94.304000 94.464000 62
94.560000 94.752000 64
94.880000 95.040000 67
95.200000 95.712000 64
98.176000 98.240000 67
98.240000 98.464000 71
98.592000 99.328000 71
99.328000 101.088000 67
101.088000 101.888000 62
104.000000 104.512000 63
104.608000 105.056000 62
105.248000 105.408000 60
105.408000 106.240000 64
106.240000 107.296000 62
108.096000 108.448000 61
108.448000 108.736000 64
108.864000 109.056000 67
110.592000 110.720000 69
111.072000 111.360000 67
111.360000 111.616000 65
111.936000 112.192000 64
113.760000 114.688000 62
115.648000 115.968000 65
116.064000 116.096000 64
116.128000 116.160000 64
116.544000 117.280000 60
117.632000 117.920000 61
119.648000 119.936000 64
120.096000 120.928000 67
120.928000 121.824000 71
122.016000 122.464000 69
122.560000 122.688000 67
122.688000 122.848000 66
122.976000 123.328000 64
123.328000 124.224000 63
124.832000 125.152000 60
125.376000 126.016000 62
127.424000 127.648000 65
127.808000 127.872000 60
128.064000 128.544000 60
128.640000 129.280000 60
130.656000 131.008000 61
131.008000 131.072000 62
131.072000 131.392000 65
131.392000 131.744000 67
131.744000 131.936000 68
131.936000 133.664000 71
133.664000 134.144000 68
134.144000 135.328000 65
135.488000 136.480000 64
136.512000 136.576000 62
136.608000 136.704000 62
136.736000 136.800000 62
137.024000 137.600000 62
137.696000 138.624000 74
138.624000 139.904000 71
139.904000 140.832000 71
140.896000 141.152000 71
142.048000 142.304000 61
142.304000 144.032000 67
144.032000 145.088000 63
145.184000 145.504000 55
145.632000 147.456000 52
147.616000 147.936000 55
148.064000 148.224000 56
148.256000 148.320000 57
148.320000 148.896000 62
149.376000 149.504000 62
149.888000 150.112000 64
150.336000 150.432000 63
150.432000 150.784000 61
151.072000 151.904000 60
151.936000 152.096000 60
152.224000 152.320000 60
153.408000 153.696000 61
153.696000 154.016000 64
154.144000 154.336000 67
155.136000 155.648000 69
156.096000 156.480000 67
156.768000 157.184000 64
159.232000 159.904000 62
160.768000 161.888000 64
161.888000 163.136000 61
164.832000 165.120000 64
165.248000 166.112000 68
166.112000 166.592000 70
166.688000 166.880000 72
167.104000 167.328000 74
167.328000 168.608000 75
168.768000 169.248000 67
170.208000 170.496000 60
170.496000 171.424000 64
171.552000 172.096000 62
172.096000 172.224000 62
172.224000 173.216000 65
173.216000 175.072000 62
175.200000 176.032000 60
176.032000 176.768000 67
177.760000 178.112000 64
178.592000 179.264000 68
179.264000 180.032000 64
180.032000 180.672000 60
181.792000 181.856000 59
181.856000 182.496000 62
183.040000 183.232000 63
183.232000 184.416000 67
184.704000 184.800000 67
184.800000 185.632000 65
185.632000 186.368000 61
187.328000 187.456000 62
187.456000 187.552000 63
187.552000 187.808000 65
187.808000 188.704000 68
188.704000 189.536000 71
189.760000 189.952000 70
189.952000 190.080000 68
190.240000 190.464000 67
190.720000 191.296000 64
191.296000 191.936000 61
192.832000 192.928000 60
193.376000 193.856000 62
194.752000 195.360000 64
195.872000 196.320000 60
196.576000 197.056000 60
