12.384000 13.920000 66
15.200000 15.456000 62
15.584000 15.968000 66
15.968000 16.128000 62
16.480000 16.736000 62
17.024000 17.120000 62
17.344000 17.504000 62
17.664000 18.016000 62
18.016000 18.240000 57
19.776000 20.064000 62
20.192000 20.832000 62
23.328000 23.616000 62
23.712000 23.872000 62
24.032000 24.320000 66
24.320000 24.480000 63
24.576000 25.216000 62
26.048000 26.176000 59
26.176000 26.432000 62
26.496000 26.752000 62
26.848000 27.104000 66
27.200000 27.456000 62
27.584000 27.936000 62
28.288000 28.448000 62
28.608000 28.800000 62
28.992000 29.280000 62
31.136000 31.328000 62
31.456000 31.712000 62
31.840000 32.128000 62
34.624000 35.392000 66
35.488000 35.744000 64
35.744000 35.968000 63
36.160000 36.288000 62
36.384000 36.640000 62
36.736000 37.376000 61
37.472000 37.632000 59
37.792000 37.888000 59
37.984000 38.368000 57
38.464000 38.560000 56
38.656000 38.944000 55
39.040000 39.424000 55
39.840000 39.904000 57
39.904000 39.936000 59
39.936000 40.160000 63
40.288000 40.832000 62
43.040000 43.328000 66
43.424000 43.680000 66
43.776000 44.416000 66
44.512000 44.704000 66
44.864000 44.992000 65
44.992000 45.056000 63
45.216000 45.536000 59
45.632000 46.592000 63
46.816000 47.104000 50
47.200000 49.984000 50
50.240000 50.336000 50
50.720000 50.880000 57
51.232000 51.488000 66
51.584000 52.000000 64
52.000000 52.224000 60
52.448000 52.608000 61
53.696000 53.920000 67
54.048000 54.272000 66
54.368000 54.816000 64
54.816000 55.072000 60
56.160000 56.512000 62
56.864000 56.992000 57
57.440000 61.696000 50
61.952000 62.016000 57
62.016000 62.176000 60
62.528000 62.624000 64
62.848000 62.944000 62
62.944000 63.104000 64
63.104000 63.360000 63
65.024000 65.248000 67
65.376000 65.504000 65
65.632000 66.080000 64
66.080000 66.208000 59
66.528000 67.008000 55
67.104000 67.520000 54
68.160000 69.056000 52
80.128000 81.664000 66
82.464000 82.528000 58
82.560000 82.624000 59
82.624000 84.032000 66
84.160000 84.416000 62
84.768000 85.760000 62
85.760000 86.080000 56
87.392000 87.520000 54
87.648000 87.776000 62
87.936000 88.480000 62
88.480000 88.608000 62
89.152000 89.600000 66
89.824000 89.920000 64
90.432000 90.624000 64
91.072000 91.168000 62
91.264000 91.616000 62
91.808000 92.064000 66
92.256000 92.288000 62
92.480000 93.088000 62
93.920000 94.176000 62
94.304000 94.560000 62
94.688000 94.912000 66
95.008000 95.776000 62
96.032000 96.512000 62
96.736000 97.056000 62
97.056000 97.440000 57
98.912000 99.136000 60
99.264000 99.456000 62
99.456000 99.872000 62
102.688000 103.552000 66
103.648000 104.576000 62
104.704000 104.928000 61
105.248000 105.504000 59
105.600000 105.856000 59
106.048000 106.080000 57
106.464000 107.584000 55
107.680000 107.744000 61
107.744000 107.968000 64
108.320000 108.576000 62
110.880000 111.808000 66
111.904000 112.768000 66
112.960000 113.088000 63
113.344000 114.592000 64
114.784000 115.072000 62
115.072000 116.544000 59
116.608000 117.632000 50
117.952000 118.208000 50
119.040000 119.264000 66
119.360000 119.776000 64
119.776000 119.968000 59
120.192000 120.384000 64
121.088000 121.696000 67
121.824000 121.984000 66
122.112000 122.624000 64
122.624000 122.848000 59
123.232000 123.360000 55
124.096000 124.288000 50
124.640000 124.800000 50
125.280000 129.408000 50
129.728000 129.920000 59
130.624000 131.008000 64
131.008000 131.104000 59
132.544000 132.640000 57
132.800000 132.960000 54
133.152000 133.216000 63
133.440000 133.792000 64
133.792000 133.952000 60
134.304000 134.624000 55
134.880000 135.296000 54
135.456000 135.552000 51
135.968000 136.064000 52
136.416000 136.864000 50
142.400000 142.528000 62
142.624000 142.784000 62
142.784000 143.040000 59
143.072000 143.584000 57
143.744000 144.544000 55
145.280000 145.632000 62
145.632000 145.856000 58
145.984000 146.080000 57
146.112000 146.464000 57
146.624000 146.752000 55
146.880000 147.296000 55
148.224000 148.864000 67
148.992000 149.280000 62
149.632000 150.112000 67
150.112000 150.784000 66
151.104000 151.616000 67
151.808000 152.160000 64
152.320000 152.512000 59
152.896000 153.312000 64
153.376000 153.888000 62
154.112000 154.432000 50
154.464000 154.560000 50
154.592000 154.784000 50
154.912000 155.328000 50
155.488000 155.520000 50
155.616000 157.632000 50
157.984000 158.208000 59
158.336000 158.432000 67
158.560000 158.848000 66
158.848000 159.392000 64
159.392000 159.552000 61
159.712000 159.776000 66
160.000000 160.800000 62
160.992000 161.216000 67
161.344000 161.408000 64
161.408000 161.568000 66
161.632000 161.696000 61
161.696000 162.080000 64
162.080000 162.400000 60
162.400000 162.528000 64
162.784000 163.584000 66
163.584000 163.776000 62
164.128000 165.184000 64
165.344000 168.416000 50
168.704000 168.960000 50
169.280000 169.440000 59
170.144000 170.432000 64
170.432000 170.624000 59
171.072000 171.328000 64
171.552000 171.904000 66
172.384000 172.544000 67
172.672000 172.768000 63
172.928000 172.992000 61
172.992000 173.312000 64
173.312000 173.536000 61
173.696000 174.304000 55
174.464000 174.816000 54
174.944000 175.104000 50
175.680000 175.776000 51
175.968000 176.480000 50
180.384000 180.704000 50
181.824000 181.920000 55
182.496000 182.592000 55
191.840000 191.904000 57
191.904000 192.096000 61
192.192000 192.288000 67
192.736000 193.056000 64
193.056000 193.216000 59
194.688000 194.784000 56
194.944000 195.072000 54
195.264000 195.360000 63
195.520000 195.936000 64
195.936000 196.128000 60
196.288000 196.896000 55
197.056000 197.408000 54
197.504000 197.696000 50
198.208000 198.336000 52
198.560000 199.040000 50
