23.360000 23.584000 56
23.808000 24.000000 55
26.240000 26.688000 56
26.912000 27.360000 56
27.520000 28.672000 58
28.832000 29.888000 53
30.048000 30.240000 51
30.400000 30.912000 51
33.088000 33.408000 56
33.504000 33.696000 56
33.792000 34.240000 55
34.368000 34.528000 53
34.656000 35.520000 56
35.648000 35.904000 53
35.904000 36.832000 52
37.216000 38.112000 50
40.000000 40.224000 49
40.352000 40.640000 49
40.768000 41.120000 50
41.216000 41.376000 50
41.504000 42.336000 53
42.496000 43.200000 53
43.616000 44.000000 56
44.288000 44.640000 51
45.952000 47.040000 54
47.232000 48.032000 52
49.440000 50.016000 54
50.144000 50.496000 54
50.720000 51.488000 53
52.000000 52.096000 51
53.664000 54.208000 55
54.368000 55.104000 56
55.264000 56.096000 58
56.192000 56.896000 53
57.536000 58.336000 51
60.480000 61.664000 56
61.760000 62.336000 54
62.464000 62.976000 56
63.200000 63.456000 54
63.552000 64.256000 50
64.672000 65.600000 51
67.360000 68.736000 50
68.896000 69.216000 51
69.312000 69.728000 54
69.888000 70.624000 54
70.784000 72.512000 63
73.184000 73.280000 56
73.408000 73.888000 58
74.016000 74.336000 58
74.336000 74.784000 61
75.008000 75.360000 61
75.488000 75.840000 58
75.840000 76.480000 61
76.768000 77.824000 65
77.984000 78.176000 66
78.336000 78.880000 63
79.392000 79.904000 56
80.000000 80.192000 62
80.192000 80.832000 65
81.184000 81.472000 57
81.728000 81.888000 62
81.888000 82.048000 63
82.176000 82.528000 65
82.784000 83.168000 64
83.168000 83.872000 68
84.064000 84.224000 63
84.352000 85.792000 63
86.272000 86.720000 56
86.880000 87.040000 61
87.040000 87.648000 65
87.968000 88.576000 59
88.576000 89.376000 65
89.664000 90.880000 63
90.880000 91.104000 68
91.200000 91.680000 68
91.680000 91.904000 65
92.064000 93.088000 65
93.472000 93.824000 61
93.920000 94.752000 70
94.752000 96.288000 66
96.480000 96.640000 63
96.640000 98.048000 66
98.208000 99.104000 65
99.104000 99.680000 62
99.936000 100.000000 60
100.000000 100.096000 61
100.096000 100.544000 65
100.640000 100.832000 58
101.024000 101.376000 63
101.664000 101.856000 61
101.856000 102.240000 65
102.496000 102.720000 61
102.720000 103.072000 63
103.392000 103.456000 61
103.456000 103.584000 62
103.584000 103.744000 63
103.744000 104.544000 68
104.640000 104.800000 65
104.928000 105.376000 68
105.472000 105.696000 70
105.696000 106.528000 65
106.848000 107.520000 63
107.648000 109.344000 61
109.440000 109.536000 61
118.880000 119.008000 61
119.328000 119.488000 61
120.288000 121.280000 61
122.208000 122.720000 56
122.912000 123.360000 56
123.488000 123.744000 54
123.744000 124.608000 58
124.768000 125.856000 53
126.048000 126.240000 51
126.336000 126.944000 51
129.056000 130.240000 56
130.336000 130.528000 53
130.656000 131.456000 56
131.648000 132.032000 52
132.096000 132.864000 50
133.184000 134.208000 50
135.872000 136.128000 49
136.352000 136.672000 49
136.768000 137.088000 51
137.472000 137.792000 51
137.792000 138.304000 54
138.528000 139.104000 53
139.584000 140.000000 56
142.080000 143.072000 54
143.200000 144.160000 53
145.408000 145.920000 54
146.080000 146.496000 54
146.656000 146.944000 53
147.072000 147.520000 51
147.904000 148.032000 51
149.696000 149.984000 56
149.984000 150.208000 54
150.368000 150.784000 56
150.784000 151.104000 55
151.232000 152.096000 58
152.224000 152.928000 54
153.536000 154.112000 52
154.240000 154.336000 52
156.480000 157.664000 56
157.792000 158.816000 56
159.040000 159.424000 53
159.616000 160.512000 51
160.640000 161.376000 51
164.320000 164.544000 51
164.928000 165.120000 51
165.376000 165.600000 54
165.856000 166.592000 53
166.784000 168.480000 63
169.120000 169.280000 56
169.408000 169.888000 58
170.016000 170.336000 58
170.336000 170.784000 61
171.104000 171.264000 59
171.264000 171.392000 61
171.488000 171.872000 58
171.872000 172.480000 61
172.768000 174.144000 66
174.336000 174.816000 63
175.392000 175.904000 57
176.000000 176.128000 61
176.128000 177.056000 65
177.728000 177.888000 61
177.888000 178.688000 65
178.784000 179.168000 63
179.168000 179.968000 68
179.968000 180.768000 64
180.864000 181.728000 63
182.208000 182.720000 56
182.880000 183.040000 62
183.040000 183.616000 65
184.000000 184.448000 56
184.448000 184.576000 59
184.576000 185.312000 65
185.664000 186.784000 61
186.880000 187.136000 68
187.232000 187.744000 68
187.744000 187.936000 65
188.128000 189.120000 65
189.472000 189.856000 61
189.984000 190.752000 70
190.752000 191.840000 66
191.968000 192.288000 63
192.512000 194.048000 66
194.176000 195.072000 65
195.072000 195.680000 62
195.936000 196.128000 61
196.128000 196.768000 65
197.056000 197.344000 63
197.632000 197.824000 62
197.824000 198.240000 65
198.752000 199.040000 63
199.392000 199.584000 62
199.584000 199.776000 63
199.776000 200.800000 68
200.960000 201.312000 68
201.472000 201.696000 70
201.696000 202.496000 65
203.360000 203.424000 60
203.424000 203.744000 63
203.872000 204.192000 65
204.288000 204.544000 69
204.608000 204.736000 69
204.864000 204.992000 69
204.992000 205.056000 67
205.152000 205.440000 63
205.600000 205.952000 65
206.176000 206.592000 62
206.592000 207.296000 68
207.488000 207.648000 63
207.808000 209.248000 63
209.760000 210.304000 57
210.304000 211.200000 65
212.032000 212.096000 61
212.096000 212.160000 62
212.160000 212.768000 65
213.088000 214.112000 61
214.336000 214.592000 68
214.592000 215.136000 68
215.232000 215.392000 65
215.584000 216.576000 65
216.928000 217.248000 61
217.312000 217.376000 67
217.376000 217.696000 70
217.792000 218.208000 68
218.208000 219.712000 66
219.968000 221.568000 66
221.664000 222.112000 65
222.304000 222.624000 63
222.752000 223.104000 62
223.392000 223.520000 60
223.616000 223.776000 63
223.776000 223.968000 65
224.480000 224.832000 63
225.120000 225.280000 62
225.280000 225.632000 65
226.176000 226.656000 63
226.848000 227.008000 61
227.008000 227.200000 63
227.200000 228.192000 68
228.320000 228.800000 68
228.928000 229.120000 70
229.120000 230.944000 65
232.032000 232.800000 61
