10.208000 10.304000 60
11.296000 11.392000 55
24.256000 24.640000 57
24.736000 25.472000 58
25.664000 25.984000 61
26.208000 26.560000 61
27.968000 28.320000 56
28.480000 28.736000 55
28.896000 29.216000 57
29.408000 29.952000 61
30.304000 31.424000 59
33.088000 33.440000 58
33.568000 34.240000 58
34.400000 35.136000 63
35.456000 36.096000 61
36.288000 37.792000 61
39.040000 39.872000 59
40.000000 40.224000 59
40.480000 40.800000 66
40.896000 41.760000 66
42.720000 43.072000 58
43.168000 43.552000 57
43.648000 43.840000 59
43.968000 44.128000 64
44.128000 45.216000 68
45.504000 45.792000 63
45.920000 46.080000 61
46.272000 47.232000 61
48.704000 49.088000 59
49.184000 49.408000 58
49.632000 49.920000 59
50.176000 51.040000 56
53.824000 54.176000 58
54.304000 54.624000 56
54.720000 54.912000 58
54.912000 55.456000 61
55.616000 56.544000 61
57.536000 57.888000 56
58.016000 58.304000 55
58.432000 58.720000 56
58.912000 59.488000 61
59.872000 60.224000 59
60.320000 61.600000 58
62.560000 62.880000 58
63.040000 63.392000 59
63.488000 63.808000 58
63.968000 64.736000 63
64.864000 66.144000 61
66.272000 66.624000 61
66.752000 67.776000 61
68.544000 68.896000 59
69.088000 69.408000 58
69.504000 69.856000 60
69.984000 71.648000 70
72.320000 72.640000 65
72.736000 72.992000 62
73.184000 73.760000 66
74.016000 74.720000 68
75.040000 75.424000 70
75.552000 76.288000 63
76.832000 78.112000 71
78.112000 80.448000 68
81.760000 81.888000 67
82.048000 82.656000 70
82.656000 82.848000 66
82.944000 83.392000 63
83.584000 84.000000 63
84.160000 85.312000 70
85.696000 86.720000 67
86.720000 86.784000 61
87.392000 88.544000 68
88.960000 90.976000 73
91.072000 91.456000 71
91.584000 91.744000 71
91.968000 92.192000 67
92.192000 93.504000 71
93.792000 93.952000 66
94.048000 94.688000 68
94.816000 95.040000 68
95.040000 96.576000 73
96.800000 97.024000 66
97.024000 97.408000 70
97.504000 97.632000 66
97.856000 98.112000 63
98.112000 98.368000 61
98.528000 98.752000 63
98.912000 100.096000 70
100.192000 100.736000 68
100.736000 101.344000 71
101.440000 101.536000 71
101.536000 102.048000 73
102.208000 102.880000 70
103.232000 104.320000 68
104.448000 104.960000 70
105.184000 105.536000 63
106.016000 106.816000 70
106.816000 107.424000 67
107.840000 108.896000 66
108.992000 110.944000 66
113.440000 113.760000 58
113.920000 114.208000 56
114.336000 114.720000 58
115.104000 116.064000 61
117.184000 117.472000 57
117.728000 117.856000 56
117.984000 118.304000 57
118.432000 118.944000 61
119.456000 119.776000 59
119.872000 120.768000 59
121.984000 122.528000 58
122.624000 123.360000 59
123.552000 124.096000 63
124.448000 126.016000 61
126.144000 127.360000 61
127.488000 127.616000 59
128.192000 128.480000 59
128.800000 128.928000 67
128.928000 129.056000 66
129.056000 129.376000 60
129.536000 129.920000 70
130.048000 131.200000 68
131.872000 132.256000 65
132.256000 132.896000 63
132.896000 134.272000 68
134.432000 134.944000 70
135.040000 135.328000 63
135.328000 136.160000 66
136.448000 136.576000 68
136.576000 137.184000 71
137.184000 137.632000 73
137.632000 140.000000 71
141.024000 141.184000 66
141.280000 141.760000 70
141.760000 141.952000 66
141.952000 143.040000 63
143.168000 144.320000 70
144.704000 145.696000 67
145.696000 146.048000 61
146.400000 146.848000 68
146.848000 147.584000 66
147.968000 148.928000 73
148.928000 150.016000 71
150.112000 150.464000 71
150.624000 150.816000 71
151.008000 151.232000 66
151.232000 152.672000 71
152.832000 153.728000 68
153.824000 154.144000 68
154.240000 154.848000 73
154.848000 155.520000 70
155.776000 156.096000 66
156.096000 156.512000 70
156.512000 156.640000 66
156.832000 157.120000 63
157.216000 157.376000 61
157.504000 157.888000 63
157.888000 160.384000 71
160.480000 160.864000 73
160.960000 161.088000 71
161.088000 161.152000 69
161.248000 161.920000 70
162.208000 163.328000 68
163.456000 163.872000 70
163.872000 164.608000 65
165.088000 165.888000 70
166.016000 167.072000 66
167.104000 168.192000 66
168.288000 168.896000 66
168.928000 168.960000 66
169.216000 169.440000 65
169.440000 169.696000 66
169.696000 171.648000 72
171.648000 172.576000 73
172.672000 173.216000 68
173.376000 173.952000 67
174.080000 174.944000 70
175.040000 175.200000 70
175.200000 176.352000 70
176.352000 177.216000 70
177.312000 177.440000 70
177.536000 178.624000 70
178.624000 179.776000 73
179.776000 182.720000 70
182.720000 183.776000 75
184.032000 184.640000 70
187.840000 188.000000 75
188.320000 188.672000 75
188.864000 189.536000 75
189.984000 190.336000 70
193.952000 194.112000 73
194.240000 194.560000 73
194.784000 195.104000 73
195.104000 195.328000 72
195.776000 196.320000 62
196.448000 196.576000 67
196.672000 197.184000 71
197.184000 198.368000 67
198.528000 199.648000 71
200.064000 200.224000 67
200.352000 200.672000 67
200.672000 200.960000 68
200.960000 201.312000 63
201.312000 201.760000 62
201.760000 202.976000 69
203.104000 203.328000 71
203.328000 204.576000 74
204.768000 206.080000 72
206.176000 206.336000 65
206.336000 206.464000 67
206.592000 207.904000 72
207.968000 208.352000 69
208.480000 208.992000 69
208.992000 209.632000 70
209.632000 210.944000 74
211.232000 211.424000 67
211.424000 211.872000 71
211.968000 212.800000 64
212.960000 213.024000 64
213.024000 213.344000 67
213.344000 214.272000 74
214.272000 215.712000 72
215.840000 216.224000 74
216.320000 216.928000 72
217.024000 218.720000 69
218.848000 219.328000 71
219.584000 219.872000 65
219.872000 220.352000 67
220.448000 225.760000 71
225.888000 226.208000 67
226.976000 227.776000 71
228.064000 228.448000 72
228.544000 228.800000 71
229.056000 229.728000 64
231.104000 231.584000 66
232.224000 233.856000 67
