22.368000 22.464000 50
22.624000 23.008000 53
23.456000 24.032000 53
24.480000 24.960000 52
25.600000 25.760000 52
25.856000 25.952000 52
26.560000 26.976000 50
27.328000 27.616000 47
28.576000 28.960000 50
30.528000 30.976000 53
31.360000 31.648000 52
31.776000 31.936000 52
32.320000 32.896000 52
33.440000 33.952000 53
34.528000 34.912000 50
35.264000 35.584000 47
36.512000 36.896000 50
38.368000 38.688000 54
38.688000 38.976000 52
39.072000 39.968000 53
40.352000 40.672000 54
40.672000 41.056000 53
41.216000 41.984000 54
42.464000 42.624000 57
42.720000 42.944000 57
43.072000 43.616000 55
43.744000 43.968000 52
44.192000 44.416000 54
44.416000 44.608000 57
44.704000 44.960000 57
45.088000 45.504000 54
45.504000 45.920000 53
46.304000 46.688000 54
46.816000 46.912000 52
47.168000 47.968000 53
48.352000 48.960000 54
49.152000 49.952000 54
50.400000 50.496000 57
50.656000 51.008000 57
51.104000 51.488000 54
51.584000 51.840000 52
52.128000 52.416000 56
52.416000 52.768000 57
52.896000 53.504000 55
53.504000 53.888000 53
54.304000 54.400000 56
54.592000 54.784000 58
54.784000 56.544000 59
56.544000 58.304000 62
58.304000 59.840000 66
60.000000 60.224000 66
60.224000 61.728000 61
62.528000 62.720000 59
62.720000 64.480000 59
64.480000 66.720000 66
66.848000 67.648000 59
67.968000 68.192000 66
68.192000 68.992000 60
68.992000 69.408000 66
70.464000 70.624000 53
71.008000 71.648000 53
72.096000 72.352000 52
72.448000 72.544000 52
73.216000 73.344000 52
73.440000 73.568000 52
74.208000 74.592000 50
74.944000 75.168000 47
76.160000 76.544000 50
77.888000 77.984000 50
78.176000 78.560000 53
78.976000 79.264000 52
79.392000 79.552000 52
79.904000 80.544000 52
80.896000 81.568000 53
82.144000 82.496000 50
82.848000 83.072000 47
84.128000 84.544000 51
85.664000 85.856000 58
86.048000 86.560000 65
86.624000 86.688000 59
86.720000 87.488000 65
87.584000 87.680000 62
87.776000 88.544000 65
89.024000 89.184000 64
89.280000 89.408000 64
89.696000 89.760000 58
89.760000 89.888000 62
90.048000 90.432000 63
90.784000 91.392000 59
91.552000 91.744000 58
91.744000 91.872000 62
92.032000 92.576000 63
92.960000 93.248000 55
93.408000 93.536000 55
93.536000 93.792000 58
93.984000 94.400000 64
94.496000 94.752000 59
94.752000 95.104000 64
95.232000 95.360000 65
95.520000 95.712000 60
95.712000 96.384000 64
96.576000 96.704000 60
96.704000 97.408000 65
97.632000 97.824000 63
97.984000 98.528000 63
98.720000 99.136000 59
99.520000 99.584000 56
99.648000 99.712000 58
99.936000 100.384000 63
100.736000 100.832000 63
101.696000 102.080000 53
102.304000 103.552000 54
103.744000 104.192000 54
104.320000 104.448000 52
104.672000 105.504000 54
105.664000 105.888000 54
105.888000 106.112000 57
106.208000 106.464000 57
106.656000 106.912000 54
106.912000 107.392000 53
107.872000 108.064000 57
108.192000 108.352000 57
108.480000 108.864000 54
109.408000 109.664000 62
109.664000 110.400000 66
110.400000 110.592000 63
110.848000 110.976000 59
111.072000 111.328000 62
111.616000 112.256000 62
112.256000 112.544000 60
112.672000 113.024000 55
113.120000 113.312000 57
113.824000 114.400000 57
114.624000 114.816000 54
114.816000 115.328000 53
115.808000 115.936000 55
115.936000 116.480000 57
116.608000 116.800000 54
116.800000 117.184000 53
117.184000 117.600000 50
117.984000 118.048000 53
118.048000 118.080000 55
118.080000 121.056000 61
121.056000 121.632000 62
121.760000 122.272000 66
122.272000 122.944000 61
123.040000 123.168000 59
123.488000 125.376000 66
126.016000 126.976000 59
127.104000 128.000000 59
128.000000 129.344000 62
129.440000 129.472000 62
129.632000 130.208000 66
130.208000 131.104000 63
131.296000 131.456000 61
131.456000 131.680000 66
131.680000 132.448000 61
132.448000 133.216000 66
140.448000 140.704000 58
140.896000 141.408000 65
141.504000 141.536000 59
141.600000 142.336000 65
142.624000 143.360000 65
143.904000 144.256000 64
144.544000 144.736000 63
144.896000 145.344000 63
145.664000 146.176000 59
146.528000 146.592000 57
146.592000 146.720000 62
146.848000 147.392000 63
147.808000 148.032000 62
148.192000 148.352000 64
148.448000 148.640000 58
148.832000 149.248000 64
149.344000 149.600000 59
149.600000 149.952000 64
150.048000 150.208000 65
150.368000 150.560000 61
150.560000 152.192000 65
152.480000 152.704000 63
152.832000 153.536000 64
153.536000 154.304000 59
154.400000 154.528000 57
154.848000 154.912000 60
154.912000 155.040000 62
155.040000 155.232000 64
155.232000 155.584000 67
155.584000 156.480000 71
156.480000 156.800000 62
156.800000 158.944000 69
159.808000 160.640000 63
160.768000 161.504000 69
161.504000 163.200000 68
163.520000 163.616000 63
164.448000 164.768000 63
164.768000 165.056000 65
165.184000 165.504000 69
165.504000 166.080000 65
166.464000 166.656000 69
166.656000 167.136000 67
167.648000 168.544000 64
168.672000 168.896000 62
168.992000 169.472000 57
169.536000 169.824000 60
169.888000 171.040000 63
171.968000 172.128000 56
172.672000 173.056000 52
173.376000 173.408000 51
173.440000 174.080000 52
174.560000 175.008000 52
175.648000 176.032000 52
176.672000 177.024000 50
177.376000 177.696000 47
178.656000 179.008000 50
180.352000 180.448000 50
180.608000 181.024000 53
181.408000 181.696000 52
181.824000 181.984000 52
182.368000 182.976000 52
183.584000 184.032000 53
184.608000 184.960000 50
185.312000 185.632000 47
186.560000 186.944000 50
