21.088000 21.344000 51
21.568000 23.136000 54
24.000000 24.288000 51
24.288000 24.608000 54
24.768000 24.928000 59
25.056000 25.376000 57
25.568000 26.208000 59
26.336000 27.552000 56
28.992000 29.472000 53
29.472000 29.696000 54
29.792000 30.752000 54
32.000000 32.320000 51
32.448000 32.672000 54
32.800000 32.992000 59
33.088000 33.536000 57
33.536000 34.144000 61
34.368000 34.976000 56
35.104000 35.712000 54
36.800000 37.280000 55
37.280000 37.568000 57
37.568000 38.400000 63
38.656000 38.912000 57
38.912000 39.136000 60
39.360000 39.456000 60
40.896000 41.056000 54
41.184000 41.632000 55
41.632000 41.824000 59
41.984000 42.464000 61
42.656000 42.784000 54
43.008000 44.000000 61
44.832000 45.024000 52
45.120000 45.312000 52
45.536000 45.728000 54
45.856000 46.304000 56
46.784000 46.944000 52
47.104000 47.680000 54
47.904000 48.192000 56
48.832000 49.344000 52
49.568000 50.464000 55
50.656000 50.848000 47
51.136000 51.968000 50
53.120000 53.344000 51
53.600000 53.760000 54
53.920000 55.232000 54
56.032000 56.384000 51
56.384000 56.704000 55
56.704000 56.896000 59
57.024000 57.472000 57
57.472000 58.144000 59
58.144000 59.488000 57
60.800000 61.312000 54
61.504000 61.664000 54
61.888000 63.456000 54
64.096000 64.288000 51
64.480000 64.768000 55
64.768000 64.960000 59
65.056000 65.472000 57
65.472000 66.144000 61
66.336000 66.912000 56
68.768000 68.928000 54
69.056000 69.216000 54
69.216000 69.504000 57
69.504000 69.728000 62
69.856000 70.144000 62
70.336000 70.656000 56
70.816000 71.616000 61
72.768000 72.928000 54
73.056000 73.376000 54
73.376000 73.504000 56
73.504000 73.696000 60
73.792000 74.048000 61
74.048000 74.144000 61
74.304000 74.752000 56
74.752000 76.128000 61
76.800000 77.280000 52
77.472000 78.304000 56
78.848000 78.944000 51
79.104000 79.328000 52
79.488000 80.288000 56
80.768000 81.408000 56
81.504000 81.664000 59
81.792000 85.280000 63
85.920000 85.984000 65
85.984000 86.304000 68
86.304000 86.368000 64
86.400000 86.688000 61
86.688000 87.040000 63
87.040000 87.776000 63
87.968000 88.352000 63
88.480000 89.568000 63
89.568000 89.952000 63
90.528000 90.784000 54
90.976000 91.360000 60
91.456000 91.616000 61
91.712000 91.840000 59
91.968000 92.928000 61
92.928000 93.280000 61
93.408000 94.080000 63
94.496000 94.656000 53
94.752000 95.072000 56
95.072000 95.488000 56
95.488000 96.320000 61
96.320000 97.664000 63
97.760000 98.496000 62
98.496000 98.688000 63
98.688000 101.248000 60
101.664000 101.856000 56
101.952000 102.016000 66
102.016000 102.336000 68
102.464000 103.360000 63
103.456000 104.320000 63
104.320000 104.576000 61
104.704000 105.376000 63
105.472000 106.240000 63
106.720000 107.872000 66
107.872000 108.352000 66
108.352000 108.672000 63
108.672000 109.408000 70
109.504000 109.728000 63
109.728000 110.144000 67
110.144000 110.528000 62
110.528000 110.784000 63
110.784000 111.712000 59
111.712000 112.864000 61
113.984000 114.624000 63
114.816000 115.296000 54
115.296000 117.344000 61
117.984000 118.144000 59
118.144000 118.816000 63
118.944000 119.392000 56
119.392000 120.224000 59
120.640000 122.016000 59
122.176000 122.848000 61
122.944000 123.168000 59
123.168000 124.192000 56
125.408000 126.208000 56
126.208000 127.648000 54
129.440000 129.504000 55
129.504000 129.760000 57
129.760000 130.112000 58
130.112000 131.744000 56
133.280000 133.376000 54
133.472000 135.808000 56
138.944000 139.168000 51
139.360000 140.928000 54
141.856000 142.176000 51
142.272000 142.592000 55
142.592000 142.784000 59
142.912000 143.296000 57
143.392000 143.552000 59
143.680000 144.032000 59
144.192000 145.600000 56
146.624000 146.912000 54
146.912000 147.392000 52
147.392000 148.992000 54
149.792000 150.144000 51
150.304000 150.592000 55
150.592000 150.784000 59
150.912000 151.264000 57
151.360000 151.968000 61
152.128000 153.600000 56
154.624000 154.784000 54
154.912000 155.136000 55
155.136000 155.392000 56
155.392000 155.584000 61
155.744000 156.000000 62
156.192000 156.512000 56
156.672000 157.792000 61
158.656000 159.328000 56
159.328000 160.032000 61
160.192000 160.480000 54
160.480000 161.984000 61
162.592000 163.200000 52
163.296000 164.288000 56
164.608000 164.768000 52
164.896000 165.536000 54
165.632000 165.856000 54
165.856000 166.272000 56
166.592000 167.296000 56
167.392000 171.168000 63
171.488000 171.744000 54
171.904000 172.224000 68
172.320000 172.640000 61
172.640000 172.992000 63
172.992000 173.696000 63
173.856000 174.176000 63
174.176000 175.488000 63
175.488000 175.872000 63
176.416000 176.768000 55
176.896000 177.760000 59
177.920000 178.848000 61
178.848000 179.552000 63
179.552000 179.936000 63
180.384000 180.896000 54
180.896000 181.568000 58
181.568000 182.176000 59
182.176000 182.528000 63
182.624000 183.552000 63
183.648000 184.544000 63
184.640000 184.896000 59
184.896000 186.560000 60
186.560000 187.168000 57
187.552000 187.744000 56
187.872000 188.160000 68
188.160000 188.544000 65
188.640000 188.992000 63
189.120000 189.760000 63
189.856000 190.080000 63
190.080000 190.624000 62
190.624000 192.128000 63
192.608000 192.864000 63
192.864000 193.056000 66
193.056000 193.504000 66
193.600000 193.920000 64
193.920000 194.400000 66
194.400000 194.496000 63
194.592000 195.328000 70
195.328000 195.552000 63
195.648000 196.000000 66
196.128000 196.384000 62
196.384000 196.768000 63
196.864000 197.216000 56
197.376000 198.912000 61
199.808000 199.872000 60
199.872000 200.544000 63
200.800000 201.216000 54
201.216000 203.296000 61
203.776000 203.904000 54
203.904000 204.096000 59
204.096000 204.672000 63
204.864000 205.184000 56
205.344000 206.144000 59
206.560000 206.752000 59
206.848000 207.040000 57
207.040000 207.488000 58
207.488000 207.584000 56
207.584000 209.056000 61
209.056000 211.232000 63
211.520000 211.680000 54
211.776000 211.840000 66
211.840000 212.160000 68
212.256000 212.512000 61
212.608000 212.928000 63
212.928000 214.176000 63
214.176000 214.240000 58
214.272000 214.336000 57
214.336000 215.040000 63
215.040000 215.968000 63
215.968000 216.096000 61
216.640000 216.768000 54
217.088000 217.728000 61
217.824000 218.848000 61
218.848000 219.488000 61
219.584000 219.904000 63
220.352000 220.480000 54
220.608000 221.280000 56
221.344000 221.536000 59
221.664000 222.144000 59
222.144000 222.496000 63
222.592000 223.168000 63
223.168000 223.520000 61
223.616000 224.256000 61
224.256000 224.480000 63
224.480000 226.528000 61
226.528000 227.136000 56
227.488000 227.648000 56
227.840000 228.096000 68
228.096000 229.184000 63
229.312000 229.472000 63
229.568000 229.696000 61
229.824000 230.432000 63
230.560000 231.168000 63
231.296000 232.064000 63
232.640000 233.280000 66
233.280000 233.472000 66
233.568000 233.696000 63
233.824000 233.952000 65
233.952000 234.176000 66
234.176000 234.560000 64
234.560000 235.296000 70
235.296000 235.968000 66
236.064000 236.672000 63
236.832000 237.216000 56
237.312000 238.880000 61
239.840000 240.480000 63
240.640000 241.120000 54
241.120000 243.200000 61
243.808000 243.936000 59
244.064000 244.416000 62
244.416000 244.640000 63
244.800000 245.120000 56
245.280000 246.080000 59
246.816000 246.880000 55
246.880000 246.976000 56
246.976000 247.136000 57
247.136000 247.968000 59
247.968000 248.096000 58
248.096000 249.056000 61
249.056000 249.792000 56
251.328000 252.032000 56
252.032000 253.760000 54
255.168000 255.360000 55
255.360000 255.584000 56
255.584000 255.936000 58
255.936000 256.608000 56
256.608000 257.760000 56
259.360000 261.760000 56
263.296000 263.552000 56
263.552000 263.904000 58
263.904000 265.504000 56
265.504000 266.144000 59
266.240000 266.720000 56
266.784000 266.848000 58
266.848000 267.104000 62
267.104000 267.200000 61
267.360000 267.584000 55
267.584000 267.968000 56
267.968000 268.320000 54
268.352000 269.728000 54
270.304000 270.816000 55
270.816000 270.912000 59
271.328000 271.648000 57
271.648000 271.936000 58
271.936000 273.536000 57
273.536000 274.144000 59
274.624000 274.720000 65
274.720000 275.104000 63
275.296000 275.360000 54
275.360000 275.840000 56
275.872000 275.904000 55
276.128000 276.192000 51
276.384000 277.632000 56
277.952000 278.144000 56
278.336000 278.464000 54
278.816000 279.200000 51
279.648000 280.256000 56
