5.984000 6.720000 67
6.816000 6.976000 65
6.976000 7.296000 63
8.480000 8.960000 62
8.960000 9.536000 70
9.728000 10.048000 67
10.048000 10.208000 65
11.904000 12.832000 72
12.992000 13.248000 70
13.696000 14.464000 66
15.232000 15.616000 59
15.744000 16.032000 62
16.032000 16.256000 60
17.888000 18.400000 62
18.592000 18.784000 65
18.784000 19.488000 63
20.736000 21.344000 61
21.568000 21.792000 58
21.888000 22.080000 58
22.176000 22.336000 55
23.648000 23.840000 60
23.840000 24.256000 59
24.320000 24.576000 56
25.792000 25.984000 63
25.984000 26.432000 65
26.592000 26.784000 61
26.784000 27.136000 58
27.136000 27.744000 58
27.840000 27.936000 58
28.064000 28.160000 58
30.144000 31.744000 70
31.744000 32.416000 74
32.416000 35.168000 70
36.128000 37.632000 69
37.632000 40.480000 67
41.952000 43.584000 70
43.584000 44.064000 74
44.160000 44.256000 70
44.256000 44.480000 69
44.480000 44.960000 69
45.056000 47.168000 67
47.904000 48.960000 69
49.056000 49.376000 67
49.536000 49.920000 65
50.080000 50.336000 67
50.624000 54.016000 71
59.456000 59.936000 67
60.096000 60.288000 65
60.288000 60.800000 63
60.928000 61.024000 60
61.856000 62.272000 63
62.272000 62.912000 70
63.072000 63.296000 67
63.296000 64.064000 66
65.280000 66.112000 71
66.336000 66.528000 70
66.528000 66.720000 68
67.104000 67.680000 65
68.064000 68.160000 55
68.256000 68.352000 56
68.672000 68.896000 58
68.896000 69.664000 62
71.296000 71.904000 62
72.064000 72.256000 65
72.256000 72.704000 63
72.832000 72.928000 60
74.272000 74.912000 60
75.072000 75.328000 58
75.456000 75.616000 58
77.312000 77.504000 60
77.504000 77.600000 57
77.888000 78.208000 57
79.424000 79.584000 62
79.584000 80.064000 65
80.160000 80.256000 62
80.256000 80.320000 61
80.320000 80.416000 60
80.416000 80.768000 59
80.768000 81.568000 58
83.840000 85.440000 71
85.440000 86.368000 74
86.368000 86.496000 69
86.496000 88.576000 69
89.856000 91.488000 69
91.488000 94.464000 67
95.712000 97.408000 70
97.408000 97.920000 73
98.016000 98.144000 70
98.144000 98.304000 69
98.304000 98.816000 69
98.912000 100.640000 67
101.696000 103.200000 69
103.328000 103.744000 67
103.808000 104.160000 67
104.448000 107.040000 70
132.192000 132.320000 68
132.320000 133.696000 70
133.696000 134.688000 73
134.688000 135.200000 69
135.328000 137.376000 67
138.240000 139.840000 69
139.840000 142.816000 67
144.160000 145.792000 70
145.792000 146.304000 74
146.400000 146.496000 71
146.496000 146.912000 70
146.912000 147.200000 67
147.328000 149.344000 67
150.176000 150.400000 67
150.400000 151.104000 69
151.104000 152.192000 69
152.320000 152.576000 67
152.928000 154.592000 70
155.264000 155.424000 70
155.520000 156.096000 70
156.864000 157.408000 70
