7.712000 8.192000 56
8.192000 8.480000 59
8.672000 8.864000 63
8.864000 9.280000 64
9.280000 9.760000 63
10.688000 10.848000 56
11.040000 11.360000 56
11.360000 11.840000 61
11.840000 13.088000 66
13.088000 13.248000 61
13.824000 14.528000 61
14.656000 14.816000 59
14.976000 16.096000 59
16.256000 16.416000 55
17.056000 17.216000 62
17.216000 17.600000 64
17.600000 18.624000 63
18.976000 19.232000 59
20.128000 20.416000 56
20.512000 20.800000 56
20.896000 21.184000 59
21.312000 22.016000 64
22.144000 22.464000 59
23.264000 23.936000 56
23.936000 24.448000 62
24.448000 25.088000 66
25.216000 25.440000 64
25.440000 25.632000 63
25.984000 26.208000 61
26.368000 27.520000 61
27.808000 28.000000 58
29.568000 30.464000 61
30.656000 30.912000 59
31.072000 31.392000 57
31.776000 32.192000 56
32.288000 33.184000 68
34.496000 34.656000 65
34.656000 35.136000 68
35.264000 36.000000 68
37.984000 38.208000 64
38.368000 38.976000 71
38.976000 39.776000 69
39.968000 42.752000 67
44.736000 44.896000 60
44.896000 45.888000 68
45.888000 47.136000 66
47.136000 47.584000 63
47.808000 47.872000 60
47.872000 47.904000 62
47.904000 47.936000 64
47.936000 48.224000 68
48.320000 48.480000 68
48.480000 49.248000 66
49.248000 49.792000 65
49.792000 50.560000 68
51.008000 51.936000 68
51.936000 53.536000 66
54.016000 54.848000 68
54.848000 55.488000 66
55.584000 56.576000 68
57.056000 58.464000 68
58.624000 59.328000 64
59.328000 59.680000 63
60.128000 61.376000 68
61.376000 62.496000 68
62.656000 64.160000 68
64.256000 64.448000 67
64.448000 65.792000 69
65.792000 67.104000 68
68.096000 68.352000 69
68.480000 70.528000 68
70.528000 72.064000 67
75.040000 75.328000 56
75.520000 75.872000 56
75.872000 76.288000 60
76.288000 76.928000 64
77.024000 77.504000 59
78.080000 78.432000 56
78.528000 78.816000 56
78.816000 79.264000 60
79.264000 80.608000 67
81.152000 82.304000 61
82.304000 82.464000 58
82.560000 83.584000 57
84.000000 84.064000 57
84.064000 84.128000 59
84.128000 84.704000 64
84.704000 85.856000 61
85.952000 86.496000 59
87.104000 87.776000 56
87.776000 88.256000 61
88.256000 88.800000 64
88.800000 89.536000 62
89.952000 90.304000 56
90.432000 90.816000 56
90.816000 91.136000 60
91.136000 92.320000 66
92.320000 92.672000 62
93.024000 93.088000 58
93.088000 94.336000 61
94.336000 95.136000 58
95.232000 95.360000 56
95.360000 95.488000 54
96.032000 96.288000 64
96.352000 96.576000 64
96.576000 96.672000 62
96.768000 97.056000 59
97.152000 98.656000 62
98.656000 100.160000 68
100.672000 101.056000 65
101.056000 101.664000 68
101.824000 103.648000 68
104.640000 104.704000 68
104.704000 105.184000 71
105.376000 105.952000 68
106.048000 106.272000 66
106.432000 107.200000 65
107.200000 108.288000 71
108.288000 109.024000 65
109.824000 110.368000 59
110.752000 110.912000 62
110.912000 111.968000 68
111.968000 113.216000 66
113.216000 113.728000 62
113.920000 114.208000 68
114.304000 114.464000 68
114.464000 115.168000 66
115.168000 115.808000 65
115.808000 116.512000 68
116.928000 117.856000 68
117.856000 119.200000 66
119.200000 119.520000 63
119.872000 120.160000 68
120.256000 121.312000 68
121.408000 122.336000 68
122.880000 123.872000 68
123.968000 124.224000 66
124.352000 125.024000 64
125.024000 125.472000 63
125.888000 127.264000 68
127.264000 127.872000 65
127.872000 128.256000 68
128.448000 128.608000 69
128.608000 130.848000 71
130.848000 132.608000 67
132.992000 133.088000 64
133.664000 136.224000 69
136.224000 138.112000 65
143.008000 143.200000 71
143.200000 144.800000 68
151.840000 151.936000 63
158.496000 158.656000 61
158.656000 159.584000 68
159.584000 160.800000 66
160.800000 161.152000 63
161.536000 161.600000 61
161.600000 161.632000 63
161.632000 162.944000 68
162.944000 163.520000 65
163.520000 164.256000 68
164.576000 164.640000 66
164.640000 164.864000 68
164.960000 165.952000 68
166.080000 166.848000 64
166.848000 167.136000 63
167.584000 169.568000 71
169.568000 170.496000 71
170.496000 171.968000 68
172.032000 172.768000 64
172.768000 173.184000 63
173.504000 173.568000 65
173.568000 174.784000 68
174.784000 175.552000 66
175.552000 175.936000 68
176.160000 176.320000 69
176.320000 178.592000 71
178.592000 180.576000 67
181.408000 181.632000 69
181.728000 181.824000 68
181.920000 186.080000 71
186.208000 186.688000 64
187.104000 187.328000 68
187.328000 187.520000 73
187.520000 187.680000 67
187.680000 188.864000 69
188.864000 191.936000 68
193.280000 194.176000 66
194.176000 194.656000 69
195.072000 195.488000 65
195.488000 196.096000 68
196.384000 196.576000 64
196.672000 196.736000 70
196.736000 197.024000 71
197.024000 197.824000 70
198.144000 199.136000 71
199.136000 199.904000 65
199.904000 200.096000 66
201.088000 201.184000 70
201.184000 201.408000 69
202.304000 202.464000 75
202.816000 203.744000 73
203.744000 204.032000 70
204.288000 205.472000 73
205.568000 205.664000 70
205.792000 208.128000 68
208.544000 208.608000 66
208.608000 208.768000 70
208.768000 209.088000 71
209.088000 209.632000 68
210.144000 210.208000 68
210.208000 210.944000 72
210.944000 211.104000 73
211.104000 214.752000 70
214.848000 215.104000 64
215.840000 215.968000 65
215.968000 218.368000 71
218.368000 220.000000 64
