17.824000 19.296000 67
19.296000 19.456000 69
19.456000 19.904000 69
19.904000 20.960000 67
21.376000 21.472000 60
21.472000 21.568000 63
21.568000 21.952000 66
22.048000 22.848000 64
23.008000 23.456000 66
23.936000 24.096000 57
24.192000 24.320000 57
24.448000 24.608000 57
24.608000 25.600000 62
25.856000 26.496000 64
27.872000 28.352000 58
28.352000 28.768000 62
28.896000 29.504000 62
29.504000 30.400000 66
30.496000 30.816000 64
30.944000 31.968000 64
33.088000 33.504000 66
33.504000 33.856000 64
33.856000 34.272000 67
34.272000 34.464000 69
34.592000 35.104000 69
35.200000 35.968000 67
36.384000 36.480000 59
36.608000 37.024000 66
37.024000 37.696000 64
37.696000 38.528000 66
38.944000 39.296000 57
39.424000 39.776000 59
39.872000 40.064000 62
40.160000 41.504000 63
42.656000 43.552000 67
43.552000 44.416000 65
44.576000 45.440000 64
45.760000 46.144000 64
46.144000 46.432000 66
46.432000 47.168000 67
47.168000 47.296000 67
47.392000 50.080000 69
50.688000 51.168000 74
51.328000 51.968000 69
51.968000 53.792000 67
53.888000 55.008000 69
55.104000 55.488000 67
55.584000 56.160000 69
56.256000 57.344000 66
57.472000 57.792000 62
58.144000 58.368000 59
58.368000 58.720000 62
58.816000 59.392000 66
59.552000 60.096000 64
60.096000 60.352000 64
60.448000 60.544000 62
60.736000 61.120000 64
61.120000 61.440000 66
61.440000 62.080000 66
62.080000 62.272000 67
62.400000 65.088000 69
65.696000 66.144000 74
66.336000 67.520000 69
67.520000 68.640000 66
68.928000 69.984000 69
70.112000 71.136000 69
71.264000 71.872000 66
72.000000 72.128000 65
72.128000 72.768000 64
73.152000 73.344000 59
73.344000 73.696000 62
73.824000 74.592000 66
74.592000 75.040000 62
75.040000 75.904000 64
75.904000 76.352000 66
76.448000 76.640000 64
76.640000 76.768000 63
76.768000 77.184000 61
77.184000 77.568000 63
77.568000 78.208000 66
78.208000 78.656000 62
78.784000 79.136000 64
79.712000 80.128000 65
80.128000 80.448000 63
80.576000 81.888000 62
82.016000 82.624000 63
82.624000 87.904000 62
89.440000 89.536000 62
91.328000 91.680000 66
95.232000 95.360000 62
96.576000 96.640000 62
96.640000 96.736000 65
96.736000 97.248000 66
97.248000 97.856000 64
97.952000 98.656000 69
98.752000 99.584000 67
100.128000 100.256000 59
100.352000 100.704000 65
100.704000 101.312000 63
101.312000 102.304000 66
102.688000 102.848000 57
102.944000 103.360000 57
103.360000 104.352000 62
104.544000 105.248000 64
106.720000 106.816000 56
106.912000 107.072000 57
107.072000 107.328000 59
107.328000 107.520000 62
107.616000 108.288000 62
108.288000 110.048000 66
110.208000 110.784000 64
111.584000 112.192000 66
112.288000 112.832000 64
112.992000 113.824000 69
113.920000 114.752000 67
115.104000 115.200000 58
115.360000 115.648000 65
115.808000 116.160000 62
116.288000 117.312000 66
117.728000 118.336000 57
118.336000 118.784000 62
118.880000 120.352000 64
121.440000 122.368000 67
122.368000 124.256000 65
124.544000 124.896000 64
124.896000 125.184000 66
125.184000 125.856000 66
125.856000 126.016000 67
126.112000 128.800000 69
129.408000 129.920000 74
130.080000 131.296000 69
131.296000 132.224000 66
132.672000 133.024000 69
133.120000 133.760000 69
133.920000 134.880000 69
135.008000 135.392000 66
135.392000 136.512000 64
136.832000 137.120000 59
137.120000 137.600000 63
137.600000 138.208000 66
138.304000 138.784000 64
138.784000 139.232000 64
139.488000 139.872000 65
139.872000 140.128000 66
140.128000 140.864000 67
140.864000 140.992000 67
141.088000 143.840000 69
144.480000 144.928000 74
145.088000 145.760000 69
145.760000 147.424000 67
147.616000 147.680000 65
147.680000 150.112000 69
150.112000 150.400000 66
150.496000 150.624000 64
150.752000 150.880000 65
150.880000 151.488000 64
151.904000 152.064000 59
152.064000 152.736000 65
152.736000 153.184000 66
153.280000 153.440000 62
153.440000 154.688000 60
154.688000 155.552000 66
155.648000 155.904000 59
155.904000 156.352000 63
156.352000 156.960000 66
156.960000 157.664000 64
157.664000 157.888000 64
158.432000 158.848000 65
158.848000 159.232000 63
159.360000 161.216000 62
161.728000 161.792000 63
161.792000 161.920000 66
162.016000 162.368000 69
162.368000 162.912000 62
162.912000 164.928000 67
164.992000 165.440000 64
165.440000 166.592000 67
166.688000 166.912000 64
166.912000 169.376000 66
169.504000 169.632000 69
169.728000 169.888000 69
169.984000 170.624000 62
170.624000 172.032000 68
172.128000 172.416000 67
172.416000 172.672000 69
172.672000 172.896000 66
173.024000 173.312000 62
173.440000 173.920000 64
174.176000 175.712000 62
176.512000 176.896000 66
176.896000 177.088000 69
177.184000 177.376000 69
177.472000 177.664000 62
177.664000 178.208000 64
178.304000 178.816000 66
178.816000 180.256000 64
180.352000 180.704000 66
180.704000 181.152000 69
181.152000 181.440000 62
181.664000 183.712000 64
184.288000 184.896000 64
184.992000 185.536000 64
185.536000 187.232000 67
187.232000 188.992000 71
189.312000 189.920000 71
190.048000 192.576000 59
193.088000 193.696000 76
193.824000 194.560000 71
194.560000 196.160000 69
196.256000 196.416000 62
196.416000 197.504000 71
197.600000 198.688000 71
198.784000 199.008000 68
199.008000 199.840000 68
199.968000 200.288000 64
200.608000 200.928000 61
200.928000 201.408000 66
201.408000 201.888000 68
202.048000 202.240000 64
202.240000 202.432000 62
202.432000 202.848000 66
203.200000 203.520000 66
203.520000 203.936000 68
203.936000 204.640000 68
204.640000 204.800000 69
204.896000 207.680000 73
208.160000 208.672000 76
208.800000 209.632000 71
209.632000 211.296000 69
211.424000 212.512000 71
212.608000 212.992000 69
212.992000 213.440000 68
213.440000 214.432000 68
214.528000 214.656000 67
214.656000 215.296000 66
215.616000 215.904000 62
215.904000 216.224000 64
216.416000 216.992000 68
216.992000 217.248000 64
217.248000 219.296000 66
219.424000 219.648000 62
219.648000 220.032000 64
220.032000 220.832000 68
220.832000 221.152000 64
221.280000 221.632000 66
222.240000 222.688000 67
222.688000 223.040000 65
223.168000 225.024000 64
225.024000 229.568000 64
230.176000 230.304000 70
230.304000 230.496000 71
230.624000 231.008000 71
231.136000 231.264000 69
231.392000 231.968000 69
232.096000 232.448000 71
232.576000 233.216000 68
233.344000 233.472000 67
233.472000 234.048000 66
234.464000 234.688000 62
234.688000 234.752000 63
234.752000 235.104000 65
235.104000 235.936000 68
235.936000 236.288000 64
236.384000 237.536000 61
238.432000 238.496000 57
238.496000 238.560000 59
238.560000 238.784000 62
238.784000 239.104000 64
239.232000 239.424000 67
239.424000 239.904000 68
240.128000 240.736000 66
240.736000 241.056000 66
242.016000 242.816000 68
242.816000 242.976000 65
243.168000 243.296000 62
243.552000 245.536000 64
245.760000 245.952000 64
