21.888000 22.144000 47
22.240000 22.528000 53
22.528000 22.912000 55
22.912000 23.744000 57
23.744000 23.936000 55
23.936000 24.896000 57
24.992000 25.152000 50
25.248000 25.760000 55
25.856000 26.240000 58
26.752000 26.816000 46
26.816000 27.040000 48
27.040000 27.328000 50
27.328000 27.424000 52
27.424000 27.584000 53
27.584000 29.280000 57
29.280000 29.888000 53
29.888000 29.984000 48
29.984000 30.848000 55
31.456000 31.776000 60
31.776000 33.152000 57
33.152000 33.376000 60
33.472000 33.664000 57
33.664000 33.984000 60
33.984000 34.976000 61
34.976000 35.744000 62
35.744000 36.480000 58
36.640000 36.864000 55
36.864000 37.440000 55
37.440000 37.504000 55
37.632000 38.048000 57
38.048000 38.624000 55
40.128000 40.288000 55
40.384000 40.608000 56
40.608000 40.960000 62
40.960000 42.080000 57
42.080000 43.008000 60
45.184000 46.048000 65
46.048000 46.368000 58
46.368000 46.912000 60
46.912000 48.544000 59
48.544000 49.600000 60
50.048000 50.208000 58
50.368000 50.464000 55
50.464000 50.624000 58
50.624000 53.152000 65
53.248000 53.792000 57
54.112000 54.880000 57
54.880000 55.168000 60
55.168000 55.968000 57
56.384000 56.896000 54
56.896000 57.120000 51
57.216000 57.472000 50
57.472000 57.984000 55
58.592000 59.488000 58
59.488000 59.712000 60
59.712000 60.064000 59
60.064000 60.576000 55
60.960000 61.792000 54
61.792000 62.880000 62
63.456000 63.552000 67
63.552000 63.712000 65
63.808000 64.000000 64
64.000000 64.288000 63
64.288000 64.640000 58
64.640000 65.184000 61
65.184000 65.728000 57
65.728000 66.656000 57
66.656000 67.776000 61
68.672000 68.736000 57
68.736000 68.864000 58
68.864000 69.952000 62
70.048000 70.944000 62
71.072000 71.424000 65
71.424000 72.000000 57
72.320000 72.384000 54
72.384000 72.576000 57
72.576000 72.864000 56
72.864000 74.208000 59
74.304000 74.848000 55
74.848000 75.168000 53
75.168000 75.744000 51
75.744000 76.128000 56
76.832000 77.056000 57
77.056000 77.568000 56
77.696000 77.920000 60
77.920000 78.208000 58
78.208000 78.720000 56
78.720000 80.128000 54
80.128000 82.144000 62
109.280000 109.376000 60
109.632000 109.952000 60
110.144000 110.912000 60
114.944000 115.136000 55
121.344000 121.408000 45
121.408000 121.568000 47
121.664000 121.920000 52
121.920000 122.048000 53
122.048000 122.176000 53
122.176000 123.008000 57
123.104000 123.296000 55
123.296000 123.616000 57
123.616000 124.128000 55
124.224000 124.384000 50
124.512000 124.928000 56
125.024000 125.408000 58
125.920000 126.080000 47
126.176000 126.432000 51
126.432000 126.720000 53
126.720000 127.520000 58
127.616000 128.352000 57
128.352000 128.960000 54
128.960000 129.344000 50
129.344000 129.952000 56
130.528000 130.656000 59
130.656000 131.456000 57
131.552000 132.032000 56
132.128000 132.352000 60
132.448000 133.248000 60
133.248000 133.536000 60
133.536000 133.856000 57
133.856000 134.592000 62
134.592000 135.424000 57
135.552000 135.712000 55
135.712000 136.256000 55
136.256000 136.320000 55
136.480000 137.440000 57
138.944000 139.008000 51
139.008000 139.424000 55
139.424000 139.456000 56
139.456000 139.744000 62
139.744000 140.928000 59
140.928000 142.304000 60
144.224000 144.288000 64
144.288000 144.704000 64
144.704000 144.960000 62
144.960000 145.312000 59
145.312000 145.856000 61
145.856000 146.432000 57
146.432000 147.328000 56
147.328000 148.384000 61
148.928000 149.120000 57
149.248000 149.408000 56
149.408000 149.504000 58
149.504000 152.032000 65
152.128000 152.640000 57
152.896000 153.440000 57
153.440000 154.272000 59
154.272000 154.784000 55
155.200000 155.680000 54
155.680000 155.872000 50
156.000000 156.288000 51
156.288000 156.896000 55
157.376000 157.568000 57
157.568000 158.112000 57
158.208000 158.432000 60
158.432000 159.232000 59
159.616000 160.416000 54
160.416000 161.472000 62
162.048000 162.240000 65
162.368000 162.560000 64
162.560000 162.848000 63
162.848000 163.104000 57
163.200000 163.712000 60
163.712000 164.224000 57
164.224000 165.056000 55
165.056000 166.400000 61
166.720000 166.816000 56
167.104000 167.328000 59
167.328000 168.352000 62
168.448000 169.856000 65
169.856000 170.336000 57
170.624000 170.848000 57
170.944000 171.168000 55
171.168000 171.680000 59
171.776000 172.512000 56
172.640000 173.056000 55
173.152000 173.408000 53
173.408000 173.856000 50
174.016000 174.528000 55
175.072000 175.776000 57
175.904000 176.096000 61
176.096000 176.864000 59
176.960000 178.336000 54
178.336000 180.256000 63
182.048000 184.800000 59
184.896000 185.120000 56
186.176000 186.240000 54
186.240000 186.496000 57
186.496000 186.688000 60
186.688000 187.776000 61
187.904000 188.096000 62
188.096000 188.576000 60
188.576000 189.120000 57
189.216000 190.080000 55
190.912000 193.152000 57
195.008000 195.808000 57
195.936000 196.128000 55
196.128000 197.024000 60
197.024000 198.528000 55
199.264000 199.392000 53
199.648000 200.352000 53
200.448000 200.928000 50
201.024000 202.336000 53
208.544000 208.928000 60
209.056000 210.848000 57
213.152000 213.312000 62
213.408000 215.776000 58
215.904000 216.704000 54
217.024000 217.120000 54
217.472000 217.696000 60
217.792000 219.616000 57
221.792000 222.080000 62
222.208000 223.648000 57
224.256000 224.576000 58
224.576000 225.664000 56
226.368000 226.464000 57
226.464000 226.592000 59
226.720000 229.216000 57
229.344000 229.440000 57
