11.904000 12.096000 68
12.832000 13.024000 63
13.920000 14.304000 64
14.464000 14.592000 70
14.848000 15.136000 70
15.296000 16.224000 71
16.928000 17.216000 70
18.464000 18.912000 58
19.552000 20.256000 59
20.480000 20.928000 59
21.056000 21.536000 59
21.536000 21.728000 56
21.856000 23.040000 59
23.040000 23.328000 57
23.712000 24.288000 56
24.416000 24.704000 56
24.896000 26.976000 59
30.080000 30.144000 57
30.144000 30.656000 59
30.656000 30.912000 56
31.744000 32.896000 59
33.312000 35.040000 59
35.040000 35.616000 57
36.448000 39.168000 59
39.264000 40.192000 70
40.640000 41.312000 70
41.408000 41.760000 64
41.888000 42.176000 62
42.176000 42.496000 64
42.624000 43.616000 64
43.744000 44.032000 59
44.032000 44.288000 63
45.056000 45.216000 66
45.216000 45.280000 63
45.472000 45.888000 66
45.888000 46.048000 68
46.048000 46.368000 63
46.368000 47.520000 64
47.584000 47.776000 63
47.872000 48.032000 61
48.032000 49.344000 64
49.344000 49.888000 61
50.016000 50.144000 62
50.688000 52.064000 68
52.064000 52.576000 63
52.896000 53.056000 61
53.056000 53.376000 60
53.376000 53.728000 67
54.080000 54.816000 65
54.816000 55.200000 67
55.392000 55.744000 66
55.840000 56.032000 63
56.032000 56.608000 68
56.704000 57.056000 60
57.056000 57.312000 68
57.408000 57.984000 62
57.984000 58.592000 60
58.592000 59.136000 58
59.360000 59.808000 71
59.904000 60.000000 68
60.096000 60.576000 71
60.576000 60.736000 68
60.800000 61.312000 71
61.312000 61.504000 68
61.664000 62.080000 66
62.272000 62.656000 66
63.104000 63.296000 68
63.296000 64.128000 66
64.352000 64.512000 59
64.512000 65.088000 57
65.088000 65.184000 60
65.184000 65.696000 63
65.696000 66.720000 68
66.816000 68.160000 69
68.416000 69.696000 59
69.792000 70.112000 63
70.368000 70.688000 61
71.008000 71.552000 57
71.680000 72.640000 56
72.832000 74.176000 59
74.176000 74.656000 63
74.880000 75.584000 57
75.584000 76.224000 63
76.384000 76.480000 60
76.480000 76.960000 59
76.960000 77.504000 57
77.664000 78.080000 56
78.080000 79.072000 59
79.712000 80.864000 60
81.216000 82.464000 59
82.592000 83.104000 59
83.104000 83.680000 57
84.288000 84.640000 56
84.704000 87.072000 59
87.392000 87.648000 58
89.632000 89.792000 63
89.856000 90.016000 61
90.176000 90.528000 64
90.624000 90.752000 61
90.848000 91.520000 64
91.744000 92.000000 59
93.024000 93.216000 66
93.216000 93.440000 63
93.440000 93.824000 66
94.080000 94.368000 63
94.368000 94.720000 60
94.816000 95.136000 58
95.328000 95.488000 64
95.616000 95.808000 63
95.872000 96.576000 64
96.768000 97.440000 64
97.568000 97.856000 59
97.856000 98.240000 63
98.688000 100.064000 68
100.064000 100.768000 63
100.768000 101.312000 62
101.376000 101.600000 64
101.760000 102.080000 60
102.080000 103.200000 67
103.328000 103.744000 66
103.840000 104.096000 63
104.096000 104.192000 66
104.288000 104.608000 68
104.608000 105.056000 61
105.056000 105.312000 68
105.408000 105.952000 62
105.952000 106.624000 60
106.624000 107.104000 57
107.328000 107.776000 71
107.904000 108.128000 69
108.128000 108.416000 71
108.416000 109.504000 71
109.632000 110.048000 66
110.560000 110.656000 62
111.104000 111.296000 68
111.392000 112.192000 66
112.352000 112.512000 59
112.512000 113.248000 62
113.280000 113.696000 63
113.696000 114.656000 68
114.816000 116.160000 68
116.384000 117.632000 57
117.632000 118.496000 63
118.496000 118.848000 59
119.328000 119.520000 57
119.680000 120.672000 56
120.800000 122.176000 56
122.400000 123.648000 58
123.648000 124.192000 63
124.384000 125.440000 61
125.696000 126.688000 68
126.816000 128.160000 68
128.384000 129.632000 59
129.632000 130.176000 63
130.368000 130.496000 60
130.496000 132.640000 59
132.832000 134.240000 62
134.272000 134.656000 63
134.880000 135.744000 62
135.776000 136.224000 63
136.384000 136.480000 60
136.480000 136.960000 59
136.960000 137.504000 57
139.392000 139.488000 65
139.584000 140.160000 73
140.224000 140.896000 70
140.928000 142.272000 71
142.528000 142.752000 57
142.752000 143.104000 59
143.104000 143.808000 64
145.600000 147.520000 73
147.616000 147.904000 71
148.000000 148.800000 68
148.800000 149.120000 71
149.248000 149.440000 62
149.440000 150.528000 64
150.624000 151.584000 64
151.712000 152.256000 59
153.056000 153.984000 66
153.984000 154.592000 66
155.136000 155.296000 58
155.296000 157.024000 64
157.120000 157.312000 63
157.312000 158.080000 62
158.688000 160.000000 66
160.000000 160.768000 65
160.896000 161.056000 61
161.056000 161.344000 60
161.344000 161.728000 66
162.080000 162.816000 65
162.816000 163.232000 67
163.584000 163.776000 66
163.776000 164.064000 63
164.064000 164.608000 68
164.704000 165.056000 60
165.056000 165.280000 68
165.408000 165.984000 62
165.984000 166.400000 60
166.592000 167.168000 56
167.328000 167.392000 69
167.392000 167.776000 71
167.776000 168.192000 71
168.192000 168.736000 71
168.832000 169.312000 71
169.312000 169.568000 68
169.664000 170.048000 67
170.048000 170.176000 70
170.560000 170.656000 71
171.008000 172.576000 73
172.576000 173.408000 71
173.600000 174.080000 71
175.552000 177.504000 73
177.568000 178.048000 73
178.176000 179.424000 71
179.488000 180.224000 71
180.224000 180.384000 69
181.536000 184.096000 73
184.192000 184.416000 70
184.416000 184.960000 74
184.960000 186.112000 66
186.848000 186.944000 66
189.024000 189.088000 69
189.088000 189.920000 71
189.920000 190.592000 71
190.656000 190.720000 69
190.752000 191.104000 68
191.200000 191.872000 69
192.032000 192.384000 68
192.512000 192.672000 71
192.832000 192.960000 74
193.344000 194.752000 71
194.944000 195.072000 70
195.072000 196.704000 71
196.832000 196.960000 64
196.960000 197.952000 62
198.080000 198.400000 59
199.968000 200.096000 63
201.056000 201.632000 57
201.728000 202.176000 63
202.368000 202.784000 61
202.912000 203.616000 61
