8.480000 8.768000 56
8.768000 9.760000 62
9.888000 10.464000 57
10.592000 11.680000 59
12.896000 13.120000 57
13.344000 13.440000 56
13.536000 15.392000 59
16.128000 16.288000 56
16.384000 16.608000 58
16.608000 16.736000 61
16.896000 17.376000 62
17.824000 18.528000 57
18.816000 19.392000 57
19.648000 20.224000 56
20.480000 20.736000 57
20.736000 21.664000 64
21.664000 21.792000 59
21.984000 23.488000 61
24.672000 24.800000 57
24.928000 24.992000 59
24.992000 25.184000 62
25.184000 25.696000 64
25.824000 27.296000 66
27.808000 28.288000 66
28.480000 29.152000 64
29.312000 29.568000 61
29.728000 30.432000 59
30.432000 31.904000 64
32.512000 32.672000 58
32.672000 32.896000 62
32.896000 33.280000 64
33.440000 35.264000 66
35.488000 35.680000 66
35.680000 36.384000 64
36.512000 36.704000 66
36.864000 39.200000 69
39.904000 41.184000 69
41.312000 42.016000 66
42.016000 42.656000 73
43.040000 43.904000 73
44.000000 44.096000 72
44.096000 44.352000 71
44.352000 44.832000 70
44.928000 45.952000 64
45.952000 46.592000 71
46.848000 47.040000 69
47.168000 47.296000 69
47.296000 48.096000 71
48.288000 48.672000 64
48.800000 50.016000 66
50.176000 50.720000 69
50.720000 51.232000 67
51.232000 52.832000 69
52.960000 55.232000 68
56.288000 56.672000 69
56.800000 57.504000 66
57.504000 58.176000 73
58.464000 59.840000 73
59.840000 60.224000 69
60.416000 60.960000 64
60.960000 61.824000 71
62.144000 62.304000 68
62.400000 62.720000 69
62.720000 63.808000 71
64.064000 64.864000 65
64.864000 65.472000 66
65.760000 68.544000 69
68.544000 70.272000 66
70.496000 70.592000 65
71.680000 71.968000 62
72.480000 72.704000 58
72.704000 72.896000 61
73.056000 73.888000 62
73.888000 75.680000 59
76.352000 76.704000 57
76.800000 79.200000 60
80.192000 80.256000 58
80.256000 80.448000 61
80.640000 80.896000 62
81.024000 81.280000 61
81.536000 82.016000 56
82.016000 82.560000 59
82.720000 83.104000 57
83.520000 83.776000 56
83.808000 83.872000 56
83.936000 84.096000 57
84.416000 84.480000 62
84.480000 84.832000 64
84.832000 85.184000 62
85.344000 85.472000 60
85.472000 87.008000 61
87.264000 87.392000 64
87.488000 88.800000 66
89.408000 89.920000 69
90.112000 90.784000 68
91.072000 93.024000 67
94.176000 94.400000 69
94.400000 94.560000 68
94.560000 94.752000 65
94.880000 96.000000 66
96.288000 96.480000 61
96.768000 96.928000 66
97.056000 97.472000 64
97.472000 97.760000 63
97.760000 98.016000 66
98.240000 100.512000 69
100.512000 101.184000 67
101.280000 101.440000 68
101.440000 102.208000 69
102.208000 102.368000 68
102.368000 103.424000 67
103.424000 104.128000 73
104.576000 105.216000 73
105.312000 106.112000 72
106.240000 106.848000 67
106.848000 107.808000 71
108.128000 108.352000 69
108.480000 109.472000 71
109.472000 109.920000 64
110.112000 110.240000 62
110.240000 111.264000 66
111.456000 112.000000 69
112.000000 112.512000 67
112.512000 112.576000 69
112.576000 115.456000 69
115.808000 116.096000 71
116.224000 116.576000 72
116.576000 117.248000 74
117.248000 117.760000 72
118.016000 118.688000 67
118.688000 119.360000 73
119.840000 120.032000 71
120.128000 120.864000 73
121.024000 121.312000 69
121.408000 121.984000 64
121.984000 122.976000 71
123.392000 124.800000 71
124.896000 125.024000 62
125.344000 125.984000 66
126.080000 126.528000 66
126.816000 127.232000 69
127.232000 127.712000 67
127.712000 129.248000 69
129.408000 129.568000 68
129.568000 129.696000 66
129.792000 131.232000 67
132.192000 132.576000 69
132.672000 133.408000 68
133.536000 133.600000 65
133.600000 133.984000 66
133.984000 134.688000 69
134.848000 135.008000 66
135.008000 135.328000 68
135.808000 136.032000 68
136.032000 136.544000 70
136.544000 136.896000 71
136.896000 137.952000 74
137.952000 139.776000 69
140.320000 140.640000 69
140.768000 141.376000 66
141.504000 141.984000 68
141.984000 142.432000 69
142.432000 143.680000 76
143.808000 144.256000 69
144.384000 145.184000 73
145.312000 146.112000 72
146.240000 147.520000 71
147.936000 148.160000 70
148.160000 148.576000 72
148.704000 151.040000 74
151.040000 152.064000 72
152.224000 155.360000 74
155.808000 156.096000 69
156.096000 156.672000 73
156.832000 157.568000 71
157.728000 158.144000 71
158.240000 158.944000 69
159.136000 159.488000 64
159.648000 160.768000 67
160.928000 161.440000 70
161.536000 162.016000 66
162.016000 163.616000 69
163.744000 163.904000 68
163.904000 164.064000 67
164.128000 164.928000 66
165.344000 165.568000 71
165.696000 166.816000 73
166.976000 167.264000 71
167.264000 167.936000 74
167.936000 168.832000 72
169.088000 169.216000 68
169.216000 169.376000 70
169.376000 170.560000 73
170.560000 170.944000 69
171.104000 171.552000 76
171.552000 172.416000 73
172.736000 172.928000 69
172.928000 173.568000 73
173.664000 174.304000 76
174.432000 175.040000 72
175.040000 175.776000 70
176.320000 176.736000 69
176.736000 177.248000 66
177.248000 179.232000 70
179.360000 179.968000 66
180.032000 180.544000 69
180.544000 182.048000 69
182.048000 182.368000 69
182.528000 183.904000 72
184.256000 184.608000 71
184.704000 186.400000 73
186.656000 187.264000 73
187.456000 187.744000 73
