13.984000 14.208000 72
14.400000 14.528000 76
14.688000 15.008000 76
15.360000 15.552000 69
15.552000 15.648000 68
15.648000 15.808000 66
16.544000 17.184000 67
17.280000 18.304000 69
18.400000 18.560000 67
18.560000 19.072000 65
19.168000 19.296000 65
19.520000 20.096000 69
20.224000 20.864000 74
20.960000 21.568000 67
21.664000 22.368000 67
22.400000 23.712000 70
23.712000 24.512000 69
24.608000 24.736000 65
24.832000 24.992000 62
25.312000 26.080000 67
26.112000 26.336000 69
26.432000 27.008000 69
27.104000 27.264000 67
27.264000 27.360000 66
27.360000 27.488000 62
27.648000 27.840000 64
27.904000 28.032000 67
28.224000 28.288000 64
28.288000 28.512000 67
28.608000 28.992000 66
28.992000 30.144000 69
30.144000 30.784000 67
31.264000 31.808000 70
31.808000 32.032000 71
32.032000 32.672000 74
32.672000 33.280000 69
33.408000 34.048000 67
34.144000 34.784000 70
34.880000 36.000000 69
36.000000 36.640000 67
37.056000 37.760000 67
37.760000 38.784000 69
38.880000 39.008000 67
39.008000 39.136000 66
39.136000 39.232000 62
40.512000 40.928000 60
41.056000 41.440000 65
41.984000 42.208000 65
42.336000 42.432000 64
42.528000 43.104000 65
43.296000 43.712000 60
43.840000 44.160000 61
44.160000 44.544000 65
44.896000 45.152000 60
45.280000 46.048000 65
46.208000 46.912000 60
47.104000 47.232000 58
47.360000 47.712000 57
48.032000 48.544000 58
48.544000 49.632000 57
49.632000 51.136000 55
51.296000 51.424000 53
52.064000 52.224000 55
52.320000 52.640000 60
52.768000 53.344000 69
53.568000 53.792000 77
53.856000 53.984000 71
53.984000 54.848000 66
54.976000 55.616000 60
55.744000 55.808000 61
55.808000 55.968000 65
56.096000 56.480000 60
56.544000 57.280000 60
57.280000 57.504000 65
57.728000 58.144000 61
58.240000 59.424000 58
59.776000 61.472000 58
61.568000 61.888000 55
62.272000 62.880000 55
63.008000 63.264000 53
63.552000 63.744000 57
63.936000 64.800000 60
65.024000 65.152000 57
65.248000 66.208000 61
66.720000 66.784000 57
66.848000 67.552000 64
67.648000 67.904000 62
67.904000 68.064000 61
68.160000 68.256000 57
68.384000 68.640000 56
68.640000 69.152000 55
69.600000 69.856000 58
69.856000 70.496000 60
70.848000 72.128000 61
72.320000 72.640000 57
72.736000 73.184000 64
73.248000 73.280000 64
73.504000 74.112000 62
74.112000 74.976000 57
75.072000 75.136000 65
75.136000 75.360000 67
75.456000 75.744000 65
75.872000 77.056000 69
77.056000 77.632000 65
78.048000 78.624000 69
78.720000 79.424000 74
79.520000 80.032000 67
80.192000 80.384000 65
80.384000 80.608000 67
80.768000 81.024000 69
81.024000 81.632000 70
81.632000 83.040000 69
83.136000 83.264000 65
83.360000 83.488000 62
83.872000 84.544000 67
84.544000 85.536000 69
85.632000 85.984000 67
86.080000 86.720000 69
86.720000 87.488000 67
87.648000 88.736000 69
88.736000 89.312000 67
89.760000 90.336000 69
90.336000 91.200000 74
91.200000 91.456000 70
91.552000 91.680000 67
91.680000 92.288000 67
92.704000 92.896000 70
92.960000 93.312000 70
93.408000 94.560000 69
94.560000 95.136000 67
95.520000 96.256000 67
96.256000 97.312000 69
97.408000 97.568000 67
97.568000 97.760000 66
97.920000 98.112000 57
98.240000 98.816000 57
98.912000 99.104000 55
99.104000 99.456000 60
99.616000 100.096000 65
100.480000 101.600000 65
101.600000 102.016000 64
102.208000 102.464000 60
102.720000 103.104000 65
103.264000 103.616000 65
103.776000 104.512000 65
104.512000 105.920000 63
106.080000 106.304000 57
106.560000 107.040000 58
107.136000 108.288000 57
108.384000 108.736000 55
108.928000 109.024000 55
109.120000 109.760000 55
110.016000 110.272000 53
110.432000 110.784000 57
111.520000 111.680000 54
111.680000 112.704000 58
112.992000 113.216000 54
113.216000 114.208000 58
114.496000 114.656000 54
114.656000 115.040000 57
115.168000 115.520000 65
115.552000 116.000000 67
116.000000 116.576000 75
116.736000 116.992000 63
117.408000 117.600000 53
117.600000 117.728000 58
117.792000 118.592000 58
118.816000 118.976000 53
119.072000 119.264000 60
119.264000 120.000000 59
120.288000 120.480000 54
120.480000 120.896000 57
120.896000 121.280000 54
122.080000 122.304000 58
122.464000 123.264000 60
123.584000 123.680000 57
123.776000 124.704000 62
125.248000 125.312000 57
125.440000 126.080000 64
126.176000 126.432000 62
126.432000 126.592000 61
126.912000 127.200000 56
127.200000 127.712000 55
128.128000 128.416000 58
128.416000 129.056000 60
129.376000 130.624000 61
130.880000 131.168000 57
131.264000 131.808000 64
132.064000 132.672000 62
132.672000 132.704000 59
132.704000 133.536000 56
134.016000 134.272000 65
134.432000 134.656000 65
134.752000 135.392000 67
135.392000 135.776000 69
135.904000 136.128000 65
136.224000 136.448000 64
136.672000 136.832000 65
136.960000 137.280000 65
137.664000 138.016000 76
138.176000 139.008000 76
139.680000 140.224000 60
140.256000 140.480000 65
140.512000 140.544000 66
140.608000 140.864000 65
140.992000 141.600000 65
141.696000 142.272000 64
142.400000 142.560000 64
142.976000 143.296000 62
143.520000 143.712000 62
143.936000 144.864000 62
145.344000 145.600000 67
145.696000 145.984000 65
146.112000 146.336000 69
146.432000 146.720000 69
146.816000 147.072000 69
147.168000 147.328000 67
147.328000 147.680000 66
147.680000 147.904000 62
148.288000 148.864000 69
148.992000 149.664000 74
149.824000 150.272000 67
150.464000 150.624000 65
150.624000 150.784000 67
151.200000 151.840000 70
151.936000 152.928000 69
153.024000 153.184000 67
153.184000 153.536000 65
153.536000 153.760000 62
154.112000 154.368000 67
154.464000 154.752000 65
154.880000 155.104000 69
155.232000 155.808000 69
155.904000 156.064000 67
156.064000 156.224000 65
156.352000 156.640000 57
156.832000 156.896000 64
156.896000 156.960000 64
157.056000 157.216000 65
157.376000 157.696000 65
157.856000 158.048000 69
158.144000 158.432000 69
158.592000 158.976000 69
158.976000 159.552000 66
160.032000 160.544000 69
160.576000 160.608000 69
160.672000 161.376000 74
161.440000 161.568000 69
161.568000 162.080000 68
162.176000 162.336000 65
162.336000 162.528000 67
163.008000 163.616000 70
163.616000 164.768000 69
164.768000 165.472000 67
165.856000 166.464000 67
166.688000 166.816000 69
166.944000 167.584000 69
167.680000 167.808000 67
167.808000 167.968000 66
168.000000 168.160000 61
168.384000 168.480000 61
168.576000 168.672000 65
168.768000 169.024000 67
169.120000 169.408000 65
169.568000 169.760000 69
169.888000 170.496000 69
170.592000 170.752000 67
170.752000 171.072000 65
171.072000 171.456000 65
171.712000 172.288000 69
172.448000 172.640000 72
172.672000 172.736000 71
172.768000 172.928000 72
172.928000 172.992000 69
173.184000 173.760000 67
173.856000 174.336000 67
174.464000 174.528000 69
174.560000 175.328000 70
175.392000 175.936000 69
175.936000 176.928000 68
177.024000 177.216000 62
177.504000 178.144000 67
178.240000 178.528000 69
178.624000 178.752000 68
178.752000 179.232000 69
179.232000 179.712000 67
179.904000 180.384000 69
180.480000 180.640000 65
180.832000 181.056000 65
181.088000 181.120000 65
181.216000 181.280000 67
181.280000 181.440000 69
181.600000 181.856000 69
181.920000 182.176000 69
182.304000 182.432000 67
182.432000 182.976000 66
183.168000 184.032000 69
184.096000 184.832000 72
184.960000 185.472000 67
185.600000 185.760000 65
185.760000 185.952000 67
186.080000 186.208000 68
186.400000 186.528000 70
186.656000 186.944000 70
187.072000 188.160000 69
188.160000 188.832000 67
189.248000 189.920000 67
189.984000 190.240000 69
190.336000 190.976000 69
191.072000 191.232000 67
191.232000 191.328000 65
191.328000 191.584000 62
191.936000 192.096000 57
