43.648000 45.728000 68
45.824000 46.528000 70
46.528000 47.392000 69
47.616000 48.224000 70
49.408000 51.136000 67
51.232000 52.480000 70
52.608000 53.024000 74
53.024000 53.248000 71
53.344000 53.728000 70
54.400000 54.752000 64
54.752000 55.328000 70
55.616000 56.160000 63
56.224000 56.416000 64
56.960000 57.088000 62
57.248000 57.472000 62
57.600000 58.208000 74
58.304000 58.912000 70
59.104000 59.360000 65
59.360000 59.872000 64
60.512000 60.672000 60
60.672000 60.736000 61
60.736000 60.800000 63
60.800000 62.528000 68
62.528000 63.584000 63
64.064000 64.736000 67
64.960000 66.240000 65
83.456000 83.616000 65
84.064000 84.224000 59
86.688000 87.616000 58
87.776000 88.672000 61
88.672000 89.248000 65
89.376000 89.664000 62
89.824000 91.392000 58
92.704000 92.896000 58
93.056000 94.112000 58
94.368000 94.848000 64
95.136000 95.680000 60
95.808000 96.480000 58
97.344000 98.304000 62
98.304000 98.944000 62
99.104000 99.424000 58
100.128000 101.152000 60
101.152000 101.952000 62
102.240000 102.464000 58
102.912000 103.552000 60
103.680000 103.808000 59
103.808000 104.448000 62
105.184000 105.472000 63
105.664000 106.048000 63
106.240000 106.688000 65
106.944000 107.488000 62
107.648000 108.480000 58
109.376000 110.336000 58
110.464000 110.688000 58
110.720000 110.784000 58
111.040000 111.232000 58
111.232000 111.488000 60
111.488000 112.032000 65
112.224000 112.448000 62
112.448000 113.088000 61
113.344000 113.792000 58
115.456000 115.712000 58
115.808000 116.576000 58
117.248000 117.920000 64
117.920000 118.208000 59
118.304000 118.528000 58
118.688000 119.392000 58
120.000000 120.320000 60
120.416000 121.344000 62
121.568000 121.600000 60
121.920000 122.304000 58
122.784000 123.136000 58
123.328000 123.776000 59
123.968000 124.192000 62
124.288000 124.736000 63
124.992000 125.216000 57
125.728000 126.048000 60
126.144000 126.848000 60
126.848000 127.360000 62
128.032000 128.832000 63
129.024000 129.248000 60
129.344000 129.472000 61
129.472000 129.632000 63
129.632000 130.368000 67
130.464000 132.064000 67
132.576000 135.744000 68
136.512000 138.528000 68
138.688000 138.944000 70
139.040000 139.424000 70
139.424000 140.288000 67
140.512000 140.640000 69
140.640000 142.208000 70
142.208000 145.344000 70
145.472000 145.920000 74
145.920000 146.592000 71
147.232000 147.552000 64
147.552000 148.000000 70
148.320000 148.928000 63
149.024000 149.344000 65
149.760000 149.952000 62
150.080000 151.008000 62
151.168000 151.648000 70
151.872000 152.672000 65
153.184000 153.536000 60
153.536000 153.600000 61
153.600000 153.760000 65
153.760000 155.296000 68
155.296000 156.416000 66
156.832000 158.976000 67
159.392000 159.456000 65
159.456000 161.440000 68
161.440000 162.464000 70
162.624000 163.136000 62
163.328000 164.256000 70
164.864000 165.024000 70
165.120000 167.136000 68
167.232000 167.488000 70
167.648000 168.480000 74
168.480000 169.440000 74
169.792000 170.336000 63
170.336000 171.104000 70
171.232000 172.256000 65
172.608000 173.184000 62
173.344000 173.952000 74
174.048000 174.688000 70
174.848000 175.680000 65
176.192000 176.480000 61
176.480000 176.864000 67
176.960000 177.504000 68
177.504000 178.144000 67
178.144000 178.176000 65
178.176000 179.360000 64
180.192000 180.352000 58
180.352000 180.512000 60
180.512000 181.120000 65
181.280000 183.488000 65
184.128000 186.176000 67
186.336000 186.688000 67
186.848000 188.736000 67
189.184000 189.280000 65
189.984000 192.928000 56
193.280000 195.904000 65
196.128000 196.736000 68
196.736000 197.248000 66
197.248000 197.824000 68
197.824000 198.688000 64
199.360000 202.016000 70
202.144000 204.928000 72
205.056000 207.136000 68
207.264000 207.520000 70
207.616000 208.032000 70
208.032000 208.800000 67
209.024000 210.016000 70
210.816000 210.880000 65
210.880000 210.976000 66
210.976000 212.640000 67
212.640000 215.136000 74
215.456000 215.680000 63
215.808000 216.128000 64
216.128000 216.704000 70
216.960000 217.504000 63
217.600000 217.952000 65
218.272000 218.560000 62
218.624000 218.912000 62
219.008000 219.616000 74
219.616000 220.192000 70
220.416000 221.600000 66
221.888000 222.144000 61
222.144000 222.208000 62
222.208000 222.304000 63
222.304000 224.000000 68
224.000000 225.056000 63
225.376000 226.016000 67
226.112000 227.360000 68
227.968000 228.064000 65
228.064000 230.080000 68
230.080000 231.040000 70
231.200000 231.712000 62
231.840000 233.024000 72
233.728000 235.744000 68
235.872000 236.064000 70
236.224000 236.384000 69
236.384000 237.952000 74
238.336000 238.944000 63
238.944000 239.552000 70
239.840000 240.800000 65
241.248000 241.760000 62
241.920000 242.528000 74
242.624000 243.232000 70
243.328000 244.576000 65
244.736000 245.024000 61
245.024000 246.688000 68
246.848000 247.328000 63
247.328000 248.032000 60
248.704000 249.088000 59
249.184000 249.696000 65
249.888000 252.672000 65
270.720000 270.816000 64
280.576000 280.832000 67
