18.656000 19.040000 51
19.136000 19.200000 60
19.200000 19.456000 63
19.584000 20.320000 63
20.448000 20.608000 60
20.608000 21.120000 62
21.120000 21.312000 60
21.440000 21.728000 58
22.336000 24.928000 60
26.048000 26.368000 51
26.368000 26.464000 53
26.464000 27.616000 63
27.808000 28.448000 62
29.376000 29.600000 58
29.760000 30.464000 60
33.440000 33.856000 53
33.856000 34.656000 63
34.784000 35.232000 63
35.232000 36.128000 62
36.128000 36.608000 58
37.152000 38.336000 60
38.528000 39.584000 58
40.256000 40.512000 55
40.512000 40.640000 53
40.800000 41.120000 51
41.280000 41.600000 63
41.696000 42.176000 63
42.176000 43.008000 67
43.008000 43.808000 63
43.904000 44.448000 59
44.448000 45.280000 63
45.920000 46.080000 60
46.080000 47.488000 63
47.488000 48.032000 58
48.224000 50.112000 65
52.256000 53.440000 67
53.440000 55.488000 65
55.936000 57.152000 67
57.152000 58.112000 65
58.304000 59.136000 58
59.776000 59.936000 67
60.032000 60.896000 67
60.896000 61.056000 63
61.152000 61.472000 65
61.600000 61.888000 61
61.888000 62.368000 63
62.720000 62.880000 63
62.976000 63.616000 63
63.712000 64.544000 62
64.544000 65.440000 60
65.600000 66.496000 58
67.040000 67.136000 67
67.136000 68.864000 67
68.864000 69.312000 62
69.312000 70.304000 63
70.816000 72.128000 65
72.288000 73.376000 59
73.376000 73.600000 63
73.600000 74.400000 65
75.008000 75.264000 58
75.392000 76.224000 56
76.384000 77.568000 63
78.656000 78.944000 58
79.072000 79.904000 56
80.032000 81.312000 65
82.144000 82.688000 63
82.944000 84.800000 63
86.976000 87.328000 51
87.424000 87.488000 59
87.488000 87.776000 63
87.904000 88.608000 63
88.768000 88.896000 60
88.896000 89.440000 62
89.440000 89.632000 59
89.728000 90.080000 58
90.720000 93.472000 60
94.336000 94.464000 53
94.464000 94.816000 55
94.816000 95.968000 63
96.160000 97.216000 62
97.568000 97.664000 68
97.664000 99.104000 63
100.064000 100.160000 61
100.160000 100.288000 60
100.288000 100.800000 59
101.728000 102.176000 55
102.176000 103.648000 65
103.648000 104.224000 63
104.224000 104.992000 61
105.440000 105.504000 57
105.504000 105.600000 59
105.600000 105.856000 60
105.856000 106.720000 65
106.848000 107.040000 63
107.040000 108.032000 60
108.544000 108.928000 55
109.088000 109.408000 51
109.536000 109.600000 61
109.600000 109.856000 63
109.984000 110.432000 64
110.432000 111.200000 67
111.200000 112.192000 67
112.192000 112.832000 62
112.832000 113.696000 63
114.272000 115.744000 63
115.840000 116.320000 58
116.512000 117.440000 67
117.440000 117.696000 70
117.696000 118.272000 70
118.688000 118.784000 70
118.784000 119.744000 67
119.744000 122.144000 65
122.368000 122.496000 65
122.496000 123.360000 67
123.360000 124.544000 65
124.736000 125.632000 58
126.208000 126.304000 66
126.304000 126.432000 67
126.528000 127.360000 67
127.360000 127.968000 65
128.064000 128.384000 61
128.384000 129.024000 63
129.056000 129.344000 63
129.440000 130.176000 63
130.176000 131.872000 62
132.032000 132.640000 59
132.640000 132.800000 60
132.800000 133.056000 63
133.056000 133.152000 66
133.152000 134.336000 68
134.336000 137.024000 66
137.056000 137.088000 62
137.312000 138.560000 65
138.688000 139.840000 62
139.840000 140.224000 65
140.320000 140.928000 63
141.440000 141.728000 58
141.856000 142.688000 56
142.784000 144.224000 63
144.896000 144.992000 58
145.152000 145.408000 58
145.568000 146.368000 56
146.496000 147.872000 65
148.224000 151.904000 67
152.864000 154.752000 67
154.848000 155.264000 62
155.264000 156.032000 65
156.512000 156.960000 65
156.960000 157.792000 67
157.920000 158.432000 63
158.528000 158.688000 58
158.784000 159.744000 60
160.128000 161.280000 59
161.280000 161.920000 63
162.208000 162.976000 56
163.136000 167.776000 67
168.704000 169.792000 67
169.792000 171.520000 65
172.416000 173.152000 67
173.248000 173.440000 65
173.440000 173.664000 64
173.760000 174.112000 65
174.240000 174.464000 63
174.656000 175.520000 58
175.616000 175.712000 53
176.096000 176.256000 66
176.352000 177.152000 67
177.152000 177.344000 64
177.440000 177.760000 65
177.760000 178.240000 61
178.240000 178.688000 63
179.008000 179.200000 63
179.296000 179.936000 63
180.032000 181.760000 62
181.856000 182.784000 61
182.976000 183.072000 59
183.200000 185.120000 67
185.120000 185.568000 62
185.568000 186.048000 64
186.048000 186.688000 67
187.136000 188.384000 65
188.512000 189.760000 68
189.760000 190.112000 70
190.112000 190.496000 67
190.496000 190.944000 65
191.360000 191.616000 58
191.776000 192.576000 56
192.704000 194.112000 63
195.008000 195.264000 58
195.392000 196.096000 56
196.352000 197.728000 65
198.656000 199.104000 63
199.200000 201.664000 63
202.464000 202.720000 58
202.912000 203.680000 56
203.936000 204.992000 63
206.112000 206.368000 58
206.528000 207.360000 57
207.552000 207.776000 65
207.904000 208.704000 65
210.048000 210.752000 63
211.680000 214.752000 65
