9.600000 9.824000 61
9.888000 10.336000 65
10.688000 10.784000 65
11.904000 12.192000 61
13.632000 14.400000 65
14.400000 15.840000 69
16.192000 16.672000 70
16.672000 17.056000 72
17.056000 17.344000 70
17.472000 18.208000 64
18.624000 19.040000 69
19.040000 19.296000 70
19.296000 19.968000 73
19.968000 20.768000 70
20.864000 22.944000 70
23.648000 24.064000 70
24.064000 25.248000 73
25.248000 25.504000 71
25.568000 25.792000 65
26.112000 26.176000 64
26.176000 26.272000 66
26.528000 27.584000 70
27.584000 28.128000 68
28.576000 28.768000 60
28.896000 29.120000 62
29.120000 29.248000 62
29.248000 29.600000 65
29.600000 29.760000 70
29.888000 30.496000 68
30.496000 30.944000 67
31.040000 32.448000 61
33.440000 33.952000 74
33.952000 37.088000 76
37.088000 38.112000 68
38.304000 38.976000 71
38.976000 39.648000 73
39.648000 40.096000 70
40.160000 42.496000 68
43.232000 43.296000 65
43.296000 45.120000 70
45.120000 45.344000 66
45.344000 45.664000 60
46.016000 46.144000 61
46.336000 46.624000 62
46.624000 47.232000 65
47.232000 47.552000 67
48.096000 48.448000 69
48.448000 49.056000 69
49.056000 49.376000 72
49.376000 50.048000 70
50.144000 50.464000 56
50.656000 52.480000 61
59.584000 60.352000 67
65.856000 66.464000 65
66.464000 68.160000 68
68.320000 68.832000 70
68.832000 69.248000 73
69.248000 69.600000 70
69.600000 70.272000 65
70.784000 71.104000 68
71.104000 71.424000 71
71.424000 72.032000 73
72.032000 74.944000 71
75.680000 76.064000 70
76.064000 77.216000 73
77.216000 77.728000 70
78.080000 78.144000 61
78.144000 80.096000 70
80.544000 80.992000 61
80.992000 81.216000 62
81.216000 81.568000 65
81.568000 82.528000 68
82.528000 84.512000 66
85.344000 85.696000 72
85.696000 85.856000 73
85.856000 88.928000 77
89.088000 89.952000 68
90.272000 90.976000 70
90.976000 91.840000 73
91.840000 92.064000 66
92.160000 94.336000 68
95.168000 95.232000 66
95.232000 95.328000 69
95.328000 95.584000 69
95.584000 96.288000 70
96.288000 97.248000 69
97.312000 97.600000 61
97.888000 98.048000 63
98.048000 98.528000 62
98.528000 99.104000 65
99.104000 99.584000 68
100.032000 100.416000 69
100.416000 101.056000 69
101.056000 102.144000 73
102.240000 102.528000 58
102.720000 104.512000 61
114.752000 115.680000 79
115.904000 116.736000 78
117.600000 117.728000 78
117.920000 118.016000 78
119.744000 119.904000 73
133.120000 133.632000 65
133.632000 135.328000 68
135.488000 136.000000 70
136.000000 136.448000 73
136.448000 136.512000 70
136.512000 137.504000 69
137.984000 138.176000 67
138.176000 138.304000 68
138.304000 138.592000 70
138.592000 139.232000 73
139.232000 140.000000 70
140.128000 142.144000 70
142.816000 143.200000 71
143.200000 144.352000 74
144.352000 144.864000 70
145.184000 145.248000 63
145.248000 147.200000 70
147.648000 148.000000 61
148.000000 148.096000 61
148.096000 148.320000 63
148.320000 148.640000 65
148.640000 149.696000 68
149.696000 151.392000 64
151.424000 151.456000 60
152.512000 153.024000 74
153.024000 156.256000 77
156.256000 157.088000 68
157.312000 158.016000 71
158.016000 158.816000 73
158.816000 159.040000 66
159.168000 161.440000 68
162.144000 162.208000 63
162.208000 162.240000 65
162.240000 163.968000 71
163.968000 164.224000 64
164.352000 164.576000 61
164.928000 165.280000 62
165.280000 165.568000 63
165.568000 165.984000 65
165.984000 166.528000 68
166.976000 167.392000 69
167.392000 167.968000 68
167.968000 174.528000 73
