33.248000 33.984000 59
34.080000 34.304000 57
34.336000 34.624000 56
34.784000 35.136000 59
35.232000 35.968000 59
36.736000 37.344000 59
37.344000 38.240000 64
38.400000 39.552000 59
40.256000 40.544000 59
40.704000 41.920000 58
42.016000 42.816000 61
43.360000 45.568000 61
47.328000 48.128000 59
48.224000 48.384000 57
48.480000 48.800000 56
48.928000 49.248000 59
49.376000 50.112000 59
50.880000 51.456000 59
51.552000 52.064000 64
52.192000 52.704000 64
52.832000 53.824000 66
54.368000 54.720000 64
54.816000 55.936000 65
55.936000 56.320000 68
56.480000 58.048000 61
59.072000 59.552000 61
59.648000 59.808000 58
60.544000 60.704000 56
60.800000 61.248000 58
61.248000 62.528000 66
62.656000 63.200000 66
63.648000 64.064000 59
64.064000 64.224000 57
64.352000 64.672000 59
64.800000 65.120000 66
65.248000 65.568000 66
65.696000 66.080000 68
66.208000 66.656000 68
66.912000 67.072000 69
67.072000 67.584000 68
67.744000 68.416000 61
68.928000 69.184000 61
69.184000 69.664000 63
69.856000 69.984000 62
69.984000 70.272000 64
70.272000 71.680000 68
71.776000 72.512000 69
72.512000 72.800000 66
73.344000 74.176000 69
74.304000 75.552000 68
75.744000 76.000000 68
76.000000 77.024000 69
77.152000 77.472000 63
77.664000 78.720000 66
78.880000 79.744000 68
79.744000 80.000000 65
80.320000 81.216000 71
81.312000 82.496000 69
82.752000 82.912000 62
83.072000 83.200000 70
83.200000 83.456000 71
83.456000 84.128000 70
84.128000 84.576000 62
84.576000 85.120000 68
85.472000 87.072000 69
87.360000 89.440000 69
89.856000 91.136000 69
91.264000 91.520000 63
91.648000 92.128000 67
92.256000 93.056000 67
93.152000 93.280000 64
93.440000 94.144000 68
94.144000 94.432000 65
94.944000 96.640000 71
96.800000 97.024000 62
97.184000 97.984000 68
98.368000 98.912000 68
99.040000 100.416000 67
113.056000 113.248000 59
117.824000 118.272000 60
123.264000 124.256000 59
124.256000 124.640000 57
124.768000 126.176000 59
126.656000 126.848000 58
126.976000 127.424000 60
127.424000 127.936000 64
128.032000 128.448000 63
128.448000 128.704000 60
128.704000 129.760000 66
130.272000 130.400000 63
130.496000 131.712000 64
131.840000 132.288000 68
132.288000 134.304000 64
135.072000 135.488000 60
135.584000 135.744000 57
135.840000 135.936000 57
136.032000 136.352000 57
136.448000 136.672000 56
136.672000 137.120000 59
137.120000 138.368000 66
138.464000 139.072000 66
139.072000 139.360000 63
139.552000 139.904000 59
139.904000 140.128000 56
140.224000 140.544000 59
140.640000 140.992000 66
141.120000 141.408000 66
141.504000 141.920000 68
142.016000 142.528000 68
142.688000 142.976000 69
142.976000 143.456000 68
143.520000 144.256000 61
144.832000 144.992000 61
144.992000 145.504000 63
145.696000 146.048000 64
146.144000 146.784000 67
146.784000 148.704000 69
149.248000 150.048000 69
150.144000 151.424000 68
151.584000 152.320000 68
152.320000 152.896000 69
153.024000 153.280000 63
153.632000 154.592000 66
154.752000 155.456000 68
155.456000 155.904000 66
156.224000 158.464000 71
158.720000 158.848000 61
158.976000 160.000000 71
160.000000 160.512000 63
160.512000 163.008000 69
163.296000 165.536000 69
165.728000 166.400000 68
166.400000 167.040000 69
167.040000 167.392000 63
167.712000 168.000000 66
168.096000 168.928000 67
169.056000 169.216000 64
169.344000 169.984000 68
169.984000 170.432000 65
170.816000 172.480000 71
172.640000 172.928000 61
173.120000 173.856000 68
174.176000 176.832000 68
177.184000 177.728000 67
177.728000 178.304000 65
179.136000 179.392000 67
179.488000 179.808000 68
179.904000 180.352000 68
180.352000 180.832000 67
180.832000 182.048000 71
182.048000 182.592000 66
182.720000 183.840000 67
183.840000 184.352000 65
184.352000 185.248000 71
185.408000 185.984000 69
186.080000 187.104000 68
187.104000 188.032000 64
188.480000 188.640000 60
188.640000 190.048000 69
190.048000 190.432000 71
190.528000 192.704000 71
192.800000 194.560000 59
195.072000 195.840000 69
196.096000 196.640000 68
197.504000 198.144000 67
198.240000 198.432000 68
198.496000 198.752000 68
198.976000 199.200000 63
199.520000 200.448000 66
200.608000 201.088000 68
201.088000 201.536000 66
201.536000 201.856000 62
201.984000 204.288000 71
204.864000 205.952000 71
206.048000 206.336000 61
206.336000 206.912000 68
207.040000 207.584000 68
207.584000 208.128000 67
208.128000 208.960000 69
209.184000 211.808000 69
211.904000 212.288000 66
212.288000 212.928000 69
213.088000 213.280000 63
213.632000 214.720000 66
214.912000 215.072000 65
215.072000 215.136000 68
215.136000 215.936000 73
215.936000 216.064000 69
216.064000 216.352000 67
216.768000 217.120000 69
217.216000 218.464000 71
218.592000 218.880000 62
218.880000 219.680000 68
220.192000 220.672000 68
220.832000 221.920000 67
223.872000 224.256000 69
224.384000 225.248000 71
225.344000 225.888000 69
226.080000 226.272000 62
226.624000 227.936000 68
229.952000 230.400000 68
230.912000 232.544000 67
