12.896000 13.152000 57
13.248000 13.536000 57
13.536000 13.952000 59
14.080000 14.368000 63
14.816000 15.104000 63
15.232000 15.488000 59
15.680000 15.872000 56
16.064000 16.352000 56
16.448000 16.704000 57
16.800000 17.088000 59
17.248000 17.600000 62
19.648000 19.968000 57
19.968000 20.384000 59
20.480000 20.800000 64
21.248000 21.504000 63
21.696000 21.856000 59
21.856000 22.368000 58
25.664000 26.336000 59
26.432000 26.784000 62
26.784000 27.168000 66
27.936000 28.384000 61
28.480000 29.152000 57
29.248000 29.568000 59
29.568000 30.400000 63
31.616000 32.512000 64
32.864000 33.184000 66
33.280000 33.728000 63
34.048000 34.336000 61
34.592000 34.688000 56
34.880000 35.328000 58
38.848000 39.104000 57
39.232000 39.616000 59
39.616000 40.096000 63
40.416000 40.640000 63
40.864000 41.088000 59
41.248000 42.304000 57
42.464000 42.752000 59
42.752000 43.456000 63
44.992000 45.088000 57
45.248000 45.504000 57
45.632000 45.920000 59
45.920000 45.984000 61
45.984000 46.560000 66
46.848000 46.976000 66
46.976000 47.200000 68
47.200000 47.936000 66
49.248000 49.472000 67
49.472000 49.792000 68
50.048000 50.240000 62
50.464000 50.656000 68
50.880000 51.520000 68
51.616000 51.872000 69
51.872000 51.936000 68
51.936000 52.640000 65
52.640000 52.832000 66
53.664000 53.984000 64
54.080000 54.816000 65
54.816000 55.552000 68
55.744000 56.064000 64
56.928000 57.760000 63
58.464000 58.688000 67
58.912000 59.904000 66
60.032000 60.288000 64
60.448000 61.120000 68
61.280000 61.856000 66
63.136000 63.456000 59
63.648000 63.712000 69
63.712000 63.936000 71
64.064000 64.512000 69
64.704000 65.024000 66
65.664000 66.368000 68
66.528000 67.136000 64
67.232000 67.648000 63
67.648000 67.936000 71
68.064000 68.384000 71
68.480000 68.960000 71
70.240000 71.008000 71
71.104000 71.360000 66
72.064000 72.928000 68
72.928000 73.536000 64
73.632000 73.952000 63
74.048000 74.592000 71
74.848000 75.360000 71
76.032000 76.416000 68
76.416000 77.280000 73
77.696000 78.592000 66
78.912000 79.936000 71
79.936000 80.288000 71
80.640000 80.704000 71
80.864000 81.152000 71
81.408000 81.760000 64
82.496000 83.264000 68
83.264000 84.352000 71
84.896000 88.128000 68
88.672000 88.960000 71
89.056000 89.184000 69
89.184000 89.600000 71
89.600000 90.112000 69
90.304000 90.656000 66
91.232000 91.552000 66
91.648000 92.064000 68
92.064000 93.152000 64
93.280000 93.888000 71
94.016000 94.880000 71
95.840000 96.000000 71
96.096000 96.544000 69
96.704000 97.312000 68
97.408000 97.952000 67
98.048000 98.528000 68
98.528000 99.040000 64
99.168000 99.648000 66
99.648000 101.280000 73
101.632000 101.920000 68
102.048000 102.272000 72
102.272000 102.848000 73
102.848000 103.072000 65
103.296000 103.808000 65
103.808000 104.128000 66
104.480000 105.952000 75
105.952000 106.432000 69
106.432000 106.784000 71
106.912000 107.904000 66
108.000000 110.240000 71
110.464000 110.784000 62
110.784000 114.016000 68
114.528000 115.328000 64
128.448000 128.768000 63
128.896000 130.016000 75
130.144000 130.400000 66
130.464000 133.472000 71
134.656000 135.136000 61
135.264000 136.384000 71
136.608000 136.704000 61
136.864000 139.520000 68
139.744000 140.512000 72
141.344000 141.536000 59
141.664000 141.984000 59
141.984000 142.624000 64
142.848000 143.200000 63
143.200000 143.584000 60
143.872000 144.288000 56
144.384000 144.896000 59
144.896000 145.152000 59
145.280000 145.696000 62
147.168000 147.424000 56
147.584000 147.936000 57
148.032000 148.320000 59
148.320000 148.384000 60
148.384000 148.512000 63
148.512000 148.640000 65
148.640000 149.696000 68
149.696000 150.528000 64
151.680000 152.256000 68
152.448000 152.736000 62
152.864000 153.856000 68
154.048000 154.400000 69
154.496000 154.848000 62
154.848000 155.232000 66
155.904000 156.288000 64
156.480000 157.248000 64
157.248000 157.952000 68
158.112000 158.528000 66
159.264000 159.552000 64
159.712000 160.032000 63
160.128000 160.448000 62
160.448000 160.896000 65
160.896000 161.728000 68
162.080000 162.720000 65
162.912000 163.264000 71
163.360000 164.096000 68
164.128000 165.344000 66
165.440000 165.888000 59
166.048000 166.176000 70
166.176000 166.368000 71
166.592000 166.848000 69
166.880000 167.072000 71
167.200000 167.488000 66
167.616000 167.680000 64
168.032000 168.768000 68
168.896000 169.536000 64
169.632000 170.144000 66
170.464000 170.720000 71
170.880000 171.776000 71
172.448000 172.768000 59
172.864000 173.408000 69
173.472000 173.824000 66
173.952000 174.464000 65
174.464000 175.392000 68
175.392000 175.968000 64
176.064000 176.448000 64
176.448000 177.024000 71
177.216000 178.144000 71
178.400000 178.464000 66
178.464000 178.816000 68
178.816000 179.712000 73
180.064000 180.672000 64
180.672000 181.312000 66
181.632000 182.144000 69
182.144000 183.136000 71
183.264000 183.328000 69
183.328000 183.584000 71
183.680000 184.512000 67
184.800000 185.600000 68
185.600000 185.920000 68
186.048000 186.752000 71
186.880000 187.360000 65
187.456000 188.096000 67
188.096000 189.312000 69
189.408000 189.600000 66
189.728000 190.656000 66
190.816000 191.040000 64
191.456000 191.968000 71
192.064000 192.192000 67
192.192000 192.832000 71
192.832000 193.280000 66
193.664000 193.984000 66
194.080000 194.496000 68
194.496000 195.520000 64
195.616000 197.376000 71
198.176000 198.336000 70
198.432000 198.848000 69
199.136000 199.424000 66
200.096000 200.320000 66
200.448000 200.544000 66
200.544000 200.704000 68
200.704000 202.144000 69
202.144000 203.648000 73
204.000000 204.224000 68
204.448000 205.344000 73
205.696000 206.880000 66
207.232000 207.552000 75
207.648000 208.288000 71
208.288000 208.704000 69
208.800000 209.312000 71
209.312000 210.112000 66
210.400000 212.448000 71
212.448000 213.248000 73
213.248000 215.776000 68
215.808000 216.352000 57
216.960000 216.992000 57
218.656000 220.448000 64
232.480000 232.704000 59
232.832000 233.152000 62
233.152000 233.440000 63
234.464000 234.688000 60
234.848000 235.552000 58
235.648000 235.840000 59
236.064000 236.704000 62
238.080000 238.336000 63
238.464000 239.104000 63
239.296000 239.936000 66
239.936000 240.000000 63
240.512000 240.960000 59
241.408000 241.920000 57
244.480000 244.992000 57
