29.216000 29.792000 56
29.792000 30.432000 58
30.592000 30.848000 55
31.008000 31.776000 62
35.072000 35.296000 58
35.488000 36.896000 62
37.056000 37.312000 58
37.728000 38.176000 55
41.440000 41.568000 53
41.696000 41.888000 53
42.048000 42.304000 55
42.464000 42.720000 55
42.880000 43.104000 54
43.264000 45.088000 58
45.184000 45.280000 58
45.504000 47.008000 60
47.552000 48.448000 60
48.576000 49.024000 60
49.312000 49.568000 58
49.760000 49.920000 54
50.144000 50.496000 55
53.728000 54.272000 55
54.272000 54.976000 58
55.136000 55.392000 55
55.552000 58.272000 62
59.744000 60.800000 62
60.928000 61.184000 62
61.312000 61.568000 60
61.696000 61.888000 58
61.888000 62.240000 57
62.464000 62.944000 55
65.952000 66.208000 52
66.336000 66.880000 55
67.072000 67.328000 55
67.424000 67.680000 53
67.808000 69.344000 58
69.376000 70.016000 58
70.112000 71.712000 60
72.096000 74.272000 60
74.400000 75.392000 57
78.592000 78.656000 56
78.656000 79.968000 60
80.096000 80.768000 62
80.864000 81.504000 62
81.696000 82.304000 62
82.400000 82.656000 62
82.816000 83.488000 67
83.584000 84.288000 65
84.288000 84.640000 61
85.120000 85.184000 56
85.184000 85.280000 58
85.280000 85.792000 62
85.888000 87.680000 67
87.808000 88.096000 67
88.192000 88.800000 65
88.960000 89.184000 60
89.408000 89.888000 62
90.464000 90.560000 59
90.560000 90.784000 62
90.880000 91.200000 60
91.200000 91.488000 62
91.616000 92.096000 65
92.096000 92.256000 62
92.480000 93.024000 55
93.696000 94.432000 56
94.432000 94.656000 58
94.752000 95.008000 58
95.008000 95.392000 57
96.864000 96.960000 53
97.088000 97.312000 53
97.472000 98.304000 50
98.336000 98.368000 49
99.552000 99.744000 55
99.840000 100.096000 55
103.232000 103.872000 58
104.000000 104.544000 60
104.704000 106.144000 62
106.304000 106.912000 62
107.040000 107.328000 62
107.328000 107.648000 65
107.808000 108.096000 67
108.224000 108.832000 66
108.928000 109.312000 60
109.760000 109.856000 57
109.856000 110.080000 61
110.080000 110.496000 62
110.496000 112.352000 67
112.448000 112.704000 67
112.800000 113.376000 65
113.536000 113.792000 60
114.016000 114.624000 62
115.104000 116.096000 62
116.256000 116.384000 63
116.384000 116.544000 65
116.640000 116.896000 62
117.120000 117.664000 56
118.304000 118.816000 55
118.976000 119.552000 58
119.872000 120.160000 55
120.448000 120.832000 53
121.440000 122.016000 53
122.016000 122.304000 51
122.464000 122.688000 50
122.848000 126.912000 58
139.840000 140.448000 56
140.448000 141.120000 58
141.248000 141.504000 55
141.664000 143.296000 62
143.584000 143.616000 62
143.680000 144.704000 62
145.856000 145.984000 58
145.984000 146.176000 60
146.272000 146.560000 60
146.656000 146.784000 61
146.784000 146.944000 62
147.040000 147.328000 62
147.328000 147.712000 61
147.808000 148.032000 58
148.032000 148.384000 57
148.480000 149.120000 55
152.160000 152.352000 53
152.480000 153.024000 55
153.216000 153.472000 55
153.568000 153.792000 53
153.984000 156.128000 58
156.256000 157.824000 60
158.176000 158.432000 58
158.560000 158.880000 60
159.008000 159.648000 60
159.744000 160.416000 58
160.576000 162.944000 55
164.896000 165.440000 58
165.536000 165.664000 59
165.664000 166.400000 60
166.400000 166.944000 62
167.072000 167.296000 62
167.424000 167.712000 62
167.840000 168.480000 62
168.512000 168.544000 62
168.608000 168.736000 57
168.736000 168.832000 62
168.928000 170.400000 67
170.496000 170.912000 60
171.392000 171.552000 60
171.648000 171.936000 62
172.032000 173.216000 67
173.312000 174.272000 69
174.368000 175.072000 65
175.072000 175.360000 60
175.488000 175.616000 60
175.616000 176.000000 64
176.736000 176.928000 62
177.024000 177.632000 62
177.792000 178.240000 65
178.240000 178.400000 62
178.592000 179.104000 55
179.872000 180.000000 55
180.128000 180.352000 55
180.448000 180.576000 56
180.576000 180.800000 58
180.896000 181.120000 58
181.120000 182.112000 57
182.944000 183.072000 53
183.200000 183.488000 53
183.616000 184.256000 50
184.928000 185.056000 53
185.216000 186.400000 55
186.528000 186.784000 55
186.944000 187.072000 55
187.168000 187.328000 55
187.360000 188.288000 55
189.440000 190.048000 58
190.144000 190.752000 60
190.848000 191.936000 62
192.032000 192.320000 62
192.608000 193.472000 62
193.472000 193.824000 65
194.048000 194.240000 67
194.400000 194.976000 66
195.104000 195.488000 60
195.904000 195.968000 57
195.968000 196.000000 58
196.000000 196.544000 62
196.640000 198.496000 69
198.528000 198.848000 67
198.944000 199.552000 66
199.712000 200.000000 61
200.128000 200.384000 62
200.448000 200.736000 62
201.376000 202.272000 62
202.400000 202.848000 65
202.848000 203.040000 62
203.232000 203.808000 55
204.352000 204.960000 55
205.120000 205.728000 58
205.952000 207.008000 55
207.584000 207.712000 53
207.840000 208.160000 53
208.256000 208.448000 50
208.960000 213.600000 58
234.944000 235.264000 68
235.520000 235.648000 67
235.744000 235.936000 67
237.792000 237.888000 58
238.336000 238.368000 57
238.400000 238.432000 56
238.624000 239.296000 58
239.360000 239.968000 61
240.096000 241.536000 62
241.664000 242.304000 62
242.784000 244.256000 67
244.384000 244.768000 60
245.216000 245.568000 62
245.568000 245.856000 62
245.856000 248.064000 69
248.192000 249.024000 66
249.120000 249.344000 60
249.440000 249.952000 62
249.952000 250.048000 58
250.592000 251.264000 62
251.264000 252.288000 65
252.448000 252.928000 55
253.664000 253.824000 55
253.984000 254.400000 55
254.400000 255.008000 58
255.008000 256.128000 56
256.832000 256.896000 54
257.088000 257.344000 53
257.504000 258.080000 50
258.336000 259.008000 53
259.296000 260.032000 55
260.096000 260.416000 55
260.416000 261.600000 58
261.760000 262.176000 55
263.232000 263.872000 58
264.000000 264.832000 61
264.832000 266.144000 63
266.304000 267.072000 62
267.200000 267.648000 65
267.808000 268.096000 67
268.192000 268.928000 67
269.024000 269.312000 60
269.696000 269.824000 58
269.824000 270.080000 60
270.080000 270.464000 62
270.464000 272.896000 68
272.960000 273.440000 67
273.536000 273.856000 60
273.952000 274.784000 65
275.136000 276.224000 62
276.224000 276.544000 65
276.672000 276.864000 62
277.056000 277.600000 55
278.208000 278.848000 55
278.976000 279.584000 58
279.776000 280.864000 55
281.408000 281.536000 53
281.664000 282.304000 53
282.848000 285.376000 58
