20.960000 21.024000 60
21.024000 22.112000 66
22.272000 23.040000 66
23.136000 23.552000 63
24.416000 24.480000 62
24.480000 24.704000 64
24.832000 25.088000 63
25.248000 25.856000 63
27.872000 27.936000 62
27.936000 28.480000 64
28.480000 29.568000 62
29.568000 30.336000 59
31.232000 31.424000 57
31.424000 32.352000 60
32.544000 32.832000 56
34.656000 34.720000 61
34.720000 34.816000 62
34.816000 35.840000 67
36.000000 36.704000 66
36.832000 37.248000 63
38.080000 39.040000 66
39.200000 39.872000 62
41.344000 41.536000 60
41.536000 41.664000 62
41.664000 42.208000 64
42.208000 42.720000 61
42.816000 43.200000 61
43.200000 44.032000 60
44.896000 44.960000 54
44.960000 45.280000 58
45.376000 45.760000 59
45.760000 47.456000 62
49.344000 49.408000 62
49.408000 49.536000 64
49.632000 49.888000 63
49.888000 51.488000 61
51.648000 51.968000 59
52.672000 53.280000 64
53.408000 54.880000 61
55.040000 55.808000 61
56.544000 56.608000 60
56.608000 57.632000 66
57.728000 57.984000 66
58.080000 58.400000 62
58.624000 58.720000 63
58.720000 59.040000 62
59.040000 59.328000 59
59.744000 60.128000 56
60.128000 60.640000 61
60.832000 61.440000 63
61.536000 61.888000 59
61.888000 62.176000 61
62.944000 64.096000 64
64.096000 64.160000 61
64.288000 65.760000 59
66.368000 66.752000 64
66.848000 67.168000 63
67.168000 67.552000 62
67.712000 68.320000 59
68.640000 69.408000 63
70.048000 70.240000 60
70.240000 72.000000 68
72.096000 72.224000 57
72.224000 73.728000 63
73.888000 75.808000 59
91.168000 91.232000 58
91.232000 91.328000 61
91.328000 91.616000 64
91.712000 92.416000 67
92.544000 93.312000 66
93.312000 93.856000 63
94.656000 95.264000 64
95.264000 95.424000 61
95.520000 95.808000 59
95.936000 96.672000 63
97.824000 97.984000 59
98.112000 98.752000 64
98.752000 99.904000 62
100.224000 100.928000 58
101.504000 101.664000 56
101.664000 102.912000 60
102.912000 103.936000 56
104.960000 105.152000 63
105.152000 106.112000 66
106.240000 106.976000 66
107.136000 107.776000 63
108.384000 109.088000 64
109.088000 110.400000 63
111.776000 112.480000 64
112.480000 113.504000 61
113.504000 114.240000 59
114.816000 115.680000 58
115.872000 116.192000 59
116.288000 118.560000 62
118.752000 118.944000 60
119.360000 120.608000 63
120.608000 121.760000 59
121.920000 122.336000 59
122.944000 123.520000 64
123.680000 125.184000 61
125.312000 126.208000 61
126.784000 126.848000 56
126.848000 126.880000 59
126.880000 127.008000 63
127.008000 128.288000 66
128.288000 128.640000 62
128.768000 129.728000 63
130.048000 130.656000 59
130.656000 130.912000 61
131.040000 131.680000 63
131.776000 132.064000 59
132.064000 132.448000 61
133.184000 134.080000 64
134.080000 134.400000 62
134.528000 136.096000 59
136.640000 137.792000 64
137.984000 138.656000 59
138.880000 139.776000 63
140.064000 140.224000 62
140.320000 140.544000 59
140.544000 141.888000 68
142.016000 142.208000 67
142.400000 142.496000 58
142.496000 142.624000 59
142.624000 143.200000 62
143.200000 144.000000 66
144.160000 146.400000 63
146.688000 147.552000 64
147.648000 149.184000 62
149.376000 149.888000 60
149.888000 151.008000 64
151.136000 151.328000 61
151.328000 152.768000 60
152.768000 153.888000 61
154.016000 154.240000 58
154.240000 155.680000 66
155.776000 156.480000 63
156.480000 157.152000 60
157.440000 157.920000 59
157.920000 158.368000 61
158.496000 159.232000 63
159.360000 159.936000 61
160.192000 160.288000 60
160.448000 160.544000 58
160.672000 160.832000 69
160.832000 161.376000 73
161.376000 162.208000 71
162.304000 162.432000 68
162.432000 162.720000 70
162.720000 163.040000 69
163.040000 163.680000 65
163.968000 165.088000 63
165.280000 165.728000 68
165.824000 166.208000 61
166.400000 166.528000 65
166.528000 167.296000 63
167.584000 168.000000 62
168.000000 169.312000 67
169.504000 169.888000 56
169.888000 170.336000 62
170.432000 171.392000 63
171.584000 173.888000 59
174.112000 174.336000 69
174.336000 175.008000 73
175.008000 175.904000 71
176.032000 176.160000 69
176.160000 176.384000 70
176.384000 176.672000 68
176.672000 176.768000 67
176.768000 177.312000 64
177.760000 178.848000 68
179.008000 179.488000 67
179.488000 180.032000 70
180.224000 182.560000 71
183.872000 184.352000 63
184.608000 185.312000 61
185.504000 185.792000 59
186.208000 186.368000 56
186.944000 187.072000 56
187.072000 187.552000 61
187.648000 188.576000 63
188.896000 189.856000 59
192.256000 192.416000 56
192.416000 194.048000 61
195.648000 195.808000 59
195.808000 196.096000 62
196.096000 196.832000 64
196.832000 198.912000 62
199.104000 200.256000 63
