16.256000 16.480000 51
16.704000 17.856000 52
18.016000 19.104000 55
19.232000 20.416000 57
23.040000 23.328000 50
23.520000 25.088000 52
25.248000 25.856000 55
25.952000 26.432000 57
26.560000 26.816000 57
26.944000 27.680000 58
27.840000 28.544000 57
28.672000 29.248000 51
29.952000 30.208000 55
30.208000 30.336000 55
30.336000 31.392000 58
31.392000 32.000000 58
32.128000 32.448000 58
32.576000 33.216000 60
33.216000 33.856000 56
34.208000 34.496000 55
34.496000 34.560000 56
34.560000 35.008000 62
35.104000 35.424000 61
35.520000 35.808000 58
35.904000 36.640000 60
36.832000 37.856000 55
38.528000 38.848000 53
38.944000 39.264000 55
39.360000 39.680000 58
39.840000 40.608000 58
40.768000 41.440000 54
41.632000 42.400000 53
42.560000 43.392000 51
43.840000 44.096000 50
44.256000 45.472000 52
45.600000 45.984000 53
45.984000 46.368000 54
46.368000 47.968000 57
50.688000 50.976000 50
51.104000 52.288000 53
52.384000 52.640000 51
52.896000 52.992000 52
52.992000 53.408000 55
53.504000 55.296000 58
55.456000 56.096000 57
56.288000 56.960000 51
57.536000 57.696000 54
57.696000 57.984000 55
57.984000 58.336000 58
58.432000 58.816000 55
58.816000 59.168000 58
59.264000 59.616000 55
59.712000 59.968000 58
60.128000 60.928000 60
60.928000 61.472000 55
61.760000 62.272000 57
62.272000 62.624000 62
62.752000 63.520000 60
63.648000 64.896000 60
65.312000 65.664000 55
65.664000 65.824000 56
65.824000 66.400000 60
66.592000 68.288000 62
68.640000 68.992000 54
69.184000 69.248000 56
69.248000 69.568000 59
69.568000 69.888000 60
70.016000 71.456000 63
71.584000 72.160000 54
72.608000 72.672000 56
72.672000 72.992000 59
72.992000 73.312000 60
73.440000 74.112000 63
74.304000 74.944000 62
74.944000 75.616000 56
76.000000 76.096000 56
76.096000 76.512000 60
76.512000 77.280000 62
77.280000 77.664000 65
77.760000 78.080000 65
78.176000 79.776000 62
79.872000 80.384000 58
80.384000 80.640000 60
80.640000 81.536000 56
81.536000 82.464000 62
82.880000 83.200000 58
83.296000 83.456000 60
83.584000 85.760000 65
86.272000 86.592000 58
86.720000 87.904000 63
88.000000 88.320000 62
88.416000 88.608000 63
88.608000 89.600000 62
89.728000 90.048000 58
90.336000 90.432000 58
90.592000 90.688000 56
90.688000 91.008000 57
91.008000 92.480000 60
92.704000 93.024000 55
93.120000 95.712000 62
96.064000 96.416000 54
96.544000 96.608000 56
96.608000 96.704000 57
96.704000 97.280000 60
97.408000 98.176000 63
98.272000 98.880000 62
99.040000 99.584000 55
100.032000 100.128000 56
100.128000 100.448000 59
100.448000 100.736000 60
100.896000 101.600000 63
101.728000 102.304000 62
102.400000 102.976000 55
103.424000 103.520000 56
103.520000 104.032000 60
104.128000 104.608000 62
104.704000 105.504000 65
105.600000 107.104000 62
107.296000 107.584000 58
107.680000 108.128000 62
108.128000 108.864000 67
108.992000 109.824000 65
110.368000 110.592000 58
110.720000 111.392000 62
111.552000 112.608000 65
112.608000 113.344000 67
113.696000 114.592000 65
114.592000 114.880000 65
114.880000 115.104000 63
115.296000 115.776000 65
115.776000 115.968000 62
116.064000 116.384000 65
116.480000 116.896000 67
116.896000 117.952000 62
118.368000 118.528000 55
118.528000 118.816000 58
118.912000 120.064000 62
120.288000 120.608000 59
120.608000 120.896000 62
120.992000 121.184000 60
121.344000 121.824000 58
121.920000 124.640000 59
127.424000 128.960000 60
129.056000 129.280000 57
129.280000 130.816000 56
134.304000 136.032000 67
136.032000 138.464000 68
139.840000 140.064000 50
140.256000 140.768000 53
140.768000 141.056000 50
141.152000 141.440000 53
141.600000 141.920000 53
141.920000 142.432000 55
142.432000 143.904000 57
146.720000 147.008000 51
147.136000 148.288000 53
148.384000 148.576000 52
148.896000 148.992000 52
148.992000 149.408000 55
149.536000 151.296000 58
151.424000 152.096000 57
152.384000 152.704000 51
153.504000 153.728000 54
153.728000 154.016000 55
154.016000 154.368000 58
154.464000 155.584000 58
155.680000 155.936000 58
156.160000 156.992000 60
156.992000 157.440000 55
157.760000 158.240000 57
158.240000 158.592000 62
158.720000 159.488000 60
159.648000 160.896000 60
161.248000 161.600000 55
161.600000 162.400000 60
162.592000 162.656000 60
162.656000 163.904000 65
163.904000 164.416000 60
164.736000 164.960000 54
165.152000 165.312000 58
165.312000 165.888000 60
166.016000 167.424000 63
167.712000 168.160000 54
168.576000 168.928000 58
169.024000 169.280000 60
169.440000 170.112000 63
170.304000 170.880000 62
170.976000 171.648000 56
172.000000 172.096000 56
172.096000 172.544000 60
172.544000 173.152000 62
173.152000 173.568000 65
173.696000 174.368000 65
174.368000 175.104000 62
175.200000 175.712000 62
175.904000 176.192000 58
176.288000 176.576000 60
176.672000 177.472000 57
177.472000 178.368000 62
178.752000 178.880000 54
178.880000 178.944000 55
178.944000 179.424000 59
179.520000 181.952000 65
182.272000 182.592000 58
182.720000 183.872000 63
183.968000 184.288000 62
184.416000 184.800000 63
184.800000 185.024000 65
185.024000 185.568000 62
185.696000 185.856000 61
185.856000 186.560000 60
186.816000 186.912000 58
187.008000 187.392000 58
187.520000 188.416000 60
188.640000 188.992000 55
189.088000 189.696000 62
189.696000 190.368000 59
190.368000 191.776000 62
192.064000 192.384000 54
192.608000 192.928000 58
193.024000 193.280000 60
193.440000 194.176000 63
194.304000 194.880000 62
195.104000 195.584000 53
196.000000 196.352000 58
196.448000 196.736000 60
196.864000 197.600000 63
197.664000 198.304000 62
198.304000 199.040000 57
199.424000 199.488000 56
199.488000 200.032000 60
200.128000 200.192000 60
200.192000 200.800000 63
200.800000 201.536000 65
201.536000 203.136000 62
203.296000 203.584000 58
203.712000 204.160000 61
204.160000 204.928000 67
205.024000 205.856000 65
206.304000 206.528000 58
206.688000 207.008000 60
207.008000 207.360000 62
207.552000 208.544000 65
208.544000 209.312000 67
209.696000 210.528000 65
210.528000 211.104000 65
211.296000 211.680000 65
211.680000 211.968000 62
212.096000 212.416000 65
212.544000 212.928000 67
212.928000 214.016000 60
214.432000 214.784000 58
214.880000 216.096000 62
216.384000 216.544000 58
216.544000 217.152000 62
217.312000 217.568000 58
217.728000 218.432000 65
218.432000 220.288000 60
220.288000 221.600000 67
222.208000 222.496000 55
222.496000 222.656000 56
222.656000 222.976000 58
222.976000 223.264000 62
223.456000 223.968000 60
224.128000 224.416000 65
224.544000 225.088000 62
225.440000 225.920000 54
226.016000 226.336000 57
226.432000 226.688000 60
226.848000 227.040000 60
227.136000 227.456000 62
227.552000 227.712000 61
227.744000 228.160000 58
228.256000 228.480000 58
228.672000 228.800000 58
228.800000 229.952000 60
229.952000 231.072000 63
231.168000 231.712000 67
231.840000 233.216000 67
233.856000 233.984000 57
233.984000 234.560000 60
234.688000 235.424000 62
235.552000 236.096000 62
236.288000 236.736000 54
237.216000 237.280000 56
237.280000 237.376000 57
237.376000 237.920000 60
238.112000 238.752000 63
238.912000 239.520000 62
239.520000 240.192000 56
240.640000 240.704000 56
240.704000 240.800000 57
240.800000 240.992000 58
240.992000 241.472000 61
241.472000 242.240000 65
242.368000 242.688000 65
242.784000 244.384000 62
244.480000 245.184000 60
245.312000 246.048000 56
246.048000 246.976000 62
247.456000 247.616000 57
247.616000 248.288000 60
248.352000 248.448000 60
248.448000 250.496000 65
250.944000 251.232000 58
251.360000 252.480000 63
252.608000 252.928000 62
253.024000 253.408000 63
253.408000 254.240000 67
254.400000 254.528000 61
254.528000 255.168000 60
255.456000 255.552000 58
255.648000 256.256000 58
256.256000 257.024000 60
257.216000 257.568000 55
257.728000 258.528000 62
258.528000 258.784000 58
258.784000 261.056000 62
261.056000 262.880000 65
263.296000 263.488000 60
263.680000 263.808000 61
263.808000 266.560000 64
266.560000 267.616000 59
267.616000 268.640000 56
269.120000 269.728000 64
269.728000 270.464000 72
270.624000 271.488000 71
271.488000 273.056000 70
273.152000 274.496000 68
274.656000 274.752000 63
274.912000 275.232000 60
275.328000 275.680000 62
275.680000 276.032000 64
276.192000 277.216000 67
277.216000 278.016000 69
278.336000 278.688000 67
278.784000 279.136000 65
279.136000 279.712000 67
279.904000 280.416000 67
280.416000 280.576000 64
280.704000 280.960000 67
281.152000 281.536000 69
281.536000 282.624000 61
283.008000 283.200000 57
283.200000 283.488000 60
283.488000 284.480000 64
284.480000 285.728000 60
286.208000 286.272000 61
286.272000 286.432000 63
286.432000 287.232000 67
287.424000 291.296000 64
292.128000 292.192000 62
292.192000 292.480000 64
292.640000 292.832000 62
293.056000 293.728000 60
294.144000 294.464000 59
294.464000 297.216000 62
297.216000 298.880000 59
302.336000 302.464000 57
302.464000 302.752000 60
302.752000 303.424000 61
303.424000 306.560000 64
