27.968000 28.192000 61
28.512000 28.640000 61
39.456000 40.320000 58
40.416000 40.832000 57
40.928000 41.504000 56
41.664000 42.784000 58
43.360000 44.736000 58
44.832000 45.824000 57
46.112000 46.944000 54
47.744000 49.504000 62
50.368000 50.592000 54
50.592000 51.072000 58
51.168000 52.320000 60
52.416000 54.112000 57
55.264000 57.728000 58
57.856000 58.464000 57
59.200000 59.936000 58
60.192000 60.832000 55
60.928000 61.600000 57
61.856000 62.688000 53
63.328000 64.864000 62
64.864000 65.088000 67
65.216000 65.664000 65
66.048000 66.208000 67
66.336000 67.968000 69
67.968000 69.152000 67
69.728000 70.176000 65
70.176000 71.072000 62
71.200000 71.872000 64
71.968000 73.120000 62
73.984000 74.112000 58
74.112000 74.144000 59
74.144000 76.640000 67
77.152000 77.312000 62
77.312000 77.920000 65
77.920000 79.296000 63
79.712000 80.480000 62
80.480000 83.808000 67
84.224000 84.800000 57
84.928000 85.248000 60
85.248000 85.312000 61
85.312000 85.376000 63
85.376000 86.144000 67
86.144000 86.624000 61
86.816000 87.456000 58
87.584000 88.352000 58
88.800000 89.024000 63
89.024000 90.176000 67
90.272000 91.328000 60
91.520000 92.224000 58
92.608000 92.768000 55
92.768000 94.400000 62
94.592000 94.752000 60
95.360000 95.520000 62
95.648000 96.512000 64
96.640000 96.832000 60
96.832000 99.552000 58
99.680000 100.416000 57
100.544000 100.896000 60
101.024000 101.088000 65
101.088000 101.440000 67
101.568000 101.792000 65
101.792000 102.400000 61
102.528000 103.136000 58
103.296000 104.032000 57
104.512000 104.672000 63
104.672000 104.960000 64
104.960000 105.472000 65
105.472000 107.008000 68
107.168000 107.552000 67
107.648000 108.000000 65
108.480000 108.608000 62
108.608000 110.560000 65
110.784000 110.880000 69
110.880000 110.944000 68
110.944000 111.200000 65
111.200000 111.360000 67
111.360000 112.160000 64
112.256000 117.184000 65
137.440000 138.656000 58
138.752000 139.360000 57
139.520000 140.576000 57
141.312000 143.712000 58
144.032000 144.896000 53
145.568000 147.264000 62
147.264000 147.488000 59
148.192000 148.416000 54
148.416000 148.896000 58
148.992000 150.080000 60
150.240000 151.936000 57
152.864000 155.488000 58
155.584000 156.256000 57
156.960000 159.392000 58
159.520000 160.512000 60
160.608000 160.736000 58
161.216000 162.528000 62
162.656000 162.816000 67
162.912000 163.456000 65
163.840000 163.968000 68
164.128000 167.008000 70
167.264000 167.968000 65
168.064000 168.832000 62
169.024000 169.664000 64
169.760000 170.976000 62
171.744000 171.936000 57
171.936000 172.000000 60
172.000000 173.600000 67
173.728000 174.464000 67
174.912000 175.776000 65
175.904000 177.056000 62
177.120000 177.312000 68
177.312000 177.696000 65
177.824000 178.240000 62
178.240000 181.728000 67
182.016000 182.528000 57
182.720000 183.136000 61
183.136000 183.936000 67
184.096000 185.248000 58
185.376000 185.472000 58
185.472000 186.208000 57
186.592000 186.784000 62
186.784000 187.072000 64
187.072000 188.096000 67
188.096000 189.184000 60
189.344000 190.080000 58
190.656000 190.976000 59
190.976000 192.224000 67
192.416000 192.480000 62
192.480000 192.608000 65
193.184000 193.312000 62
193.440000 194.560000 64
194.560000 195.456000 60
195.456000 197.248000 58
197.472000 198.240000 57
198.336000 198.656000 60
198.816000 198.976000 65
198.976000 199.200000 67
199.296000 199.520000 65
199.520000 200.032000 63
200.288000 201.248000 58
201.248000 202.144000 56
202.272000 202.464000 63
202.464000 202.784000 64
202.784000 204.864000 67
204.992000 205.792000 67
205.984000 206.080000 65
206.080000 206.656000 63
206.656000 208.384000 65
208.736000 208.992000 66
209.088000 209.152000 58
209.152000 209.344000 61
209.344000 210.848000 65
212.032000 212.928000 74
213.056000 214.656000 71
214.656000 215.264000 68
215.264000 215.904000 60
216.000000 216.992000 59
216.992000 217.440000 57
217.920000 217.984000 62
217.984000 218.080000 64
218.080000 219.232000 68
219.392000 219.456000 59
219.456000 219.552000 60
219.552000 220.448000 61
220.640000 221.280000 59
221.664000 221.920000 57
221.920000 223.168000 62
223.200000 223.616000 63
223.616000 224.032000 66
224.512000 224.640000 63
224.768000 225.600000 65
225.728000 226.208000 62
226.208000 229.888000 71
230.048000 230.464000 70
230.592000 230.848000 68
230.848000 231.456000 68
231.552000 232.192000 68
232.288000 233.024000 69
233.344000 233.472000 71
233.472000 233.536000 69
233.536000 234.048000 66
234.048000 236.096000 69
236.256000 237.088000 68
237.152000 237.376000 68
237.536000 237.664000 61
237.664000 238.880000 66
238.976000 239.712000 66
240.128000 240.288000 65
240.320000 240.352000 67
240.416000 240.864000 63
240.864000 241.280000 65
241.376000 242.560000 66
242.688000 246.784000 66
