22.816000 23.136000 56
23.136000 23.296000 58
23.456000 25.152000 60
25.248000 25.696000 62
25.696000 25.920000 58
26.048000 26.496000 58
27.136000 27.360000 55
27.360000 27.680000 59
27.680000 28.096000 62
28.288000 28.640000 62
28.768000 29.344000 62
29.536000 29.728000 62
29.888000 30.240000 63
30.432000 31.104000 60
31.456000 31.840000 57
32.064000 32.448000 60
32.544000 32.960000 60
33.184000 33.856000 60
34.496000 35.040000 59
35.328000 35.616000 59
35.872000 36.960000 65
37.568000 37.856000 58
38.080000 39.712000 65
40.128000 40.416000 55
40.416000 40.608000 58
40.768000 40.928000 58
40.928000 41.152000 61
41.312000 42.080000 60
42.240000 42.784000 60
42.944000 43.104000 60
43.104000 43.328000 59
43.520000 44.032000 58
44.576000 44.800000 56
44.832000 45.152000 57
45.152000 45.952000 62
46.208000 46.400000 62
46.592000 47.232000 62
47.328000 47.744000 63
47.840000 48.576000 60
48.960000 49.152000 55
49.152000 49.952000 60
50.176000 50.336000 59
50.656000 50.752000 59
50.848000 51.008000 59
51.072000 51.712000 61
52.192000 52.448000 58
52.704000 52.960000 58
53.280000 54.656000 65
54.976000 55.200000 58
55.456000 55.840000 65
55.840000 56.000000 61
56.224000 57.248000 63
57.600000 57.920000 63
58.272000 59.392000 70
59.392000 59.776000 67
59.872000 60.000000 65
60.160000 60.512000 65
60.704000 61.760000 66
62.048000 62.304000 63
62.624000 62.688000 68
62.688000 63.328000 70
63.424000 63.840000 68
64.000000 64.160000 67
64.288000 65.664000 65
65.856000 66.112000 65
66.432000 66.656000 70
67.008000 67.392000 72
67.520000 68.000000 70
68.000000 68.512000 69
68.512000 70.080000 67
70.272000 70.496000 65
70.848000 71.872000 67
71.872000 72.128000 67
74.560000 74.624000 62
74.624000 75.104000 67
75.104000 76.896000 63
77.280000 77.632000 72
78.432000 78.720000 72
78.880000 79.232000 72
79.424000 79.552000 70
79.680000 79.808000 70
80.096000 80.416000 75
80.640000 80.768000 75
80.768000 80.896000 72
81.088000 81.408000 72
81.696000 81.824000 72
81.824000 81.984000 71
82.784000 83.008000 70
83.200000 83.584000 72
83.872000 84.768000 65
84.992000 85.280000 63
85.568000 85.728000 65
85.888000 86.080000 65
86.208000 86.368000 65
86.528000 86.912000 65
87.168000 87.456000 67
87.776000 87.968000 70
88.256000 88.512000 72
88.832000 89.088000 75
89.280000 89.504000 75
89.504000 89.600000 72
89.824000 89.920000 72
90.400000 90.720000 72
91.552000 91.680000 75
91.680000 91.744000 72
91.968000 92.320000 72
92.512000 92.896000 72
93.152000 93.440000 75
93.536000 93.920000 68
94.016000 94.240000 68
94.752000 95.040000 56
95.040000 95.168000 58
95.360000 95.744000 60
96.128000 97.888000 61
98.048000 98.688000 58
99.136000 99.392000 56
99.392000 99.712000 59
99.712000 100.608000 62
100.736000 100.896000 62
101.216000 101.568000 60
101.568000 102.208000 63
102.304000 103.104000 63
103.488000 103.744000 56
103.744000 104.416000 60
104.640000 105.248000 60
105.376000 105.920000 60
106.016000 106.208000 62
106.272000 106.400000 61
106.496000 107.040000 58
107.296000 107.680000 58
107.872000 109.152000 65
109.440000 109.760000 58
110.048000 111.840000 65
112.160000 112.480000 63
112.800000 113.504000 70
113.600000 114.528000 68
114.688000 115.072000 65
115.232000 115.520000 63
115.520000 115.936000 66
116.032000 116.320000 65
116.576000 116.832000 63
117.184000 117.856000 70
117.952000 118.400000 69
118.528000 118.720000 67
118.848000 119.264000 65
119.264000 120.224000 65
120.416000 120.640000 65
120.960000 121.216000 70
121.536000 121.952000 72
122.048000 122.528000 70
122.528000 123.552000 69
123.680000 124.640000 65
124.832000 125.056000 65
125.376000 125.504000 65
125.504000 125.792000 67
125.792000 126.688000 67
129.088000 129.152000 60
129.152000 129.664000 67
129.664000 131.616000 63
131.872000 132.064000 60
132.064000 132.256000 61
132.256000 132.480000 65
132.480000 132.736000 68
132.992000 133.120000 70
133.120000 133.280000 72
133.504000 133.760000 70
133.984000 134.368000 72
134.624000 134.688000 70
134.688000 134.976000 75
135.168000 135.360000 75
135.584000 135.968000 72
136.160000 136.544000 72
136.704000 136.864000 70
136.864000 137.056000 75
137.344000 137.504000 75
137.504000 137.632000 72
137.792000 137.920000 72
137.920000 138.112000 71
138.336000 138.656000 70
138.976000 139.232000 75
139.520000 139.680000 75
139.680000 139.744000 72
139.968000 140.288000 72
140.480000 140.928000 67
141.088000 141.216000 65
141.440000 141.536000 66
141.696000 141.984000 67
142.176000 142.272000 68
142.272000 142.464000 70
142.688000 143.072000 72
143.424000 143.616000 75
143.904000 144.192000 72
144.320000 144.672000 72
144.896000 145.280000 72
146.080000 146.240000 75
146.240000 146.336000 72
146.528000 146.816000 72
147.104000 147.456000 72
147.648000 147.968000 70
148.128000 148.512000 68
148.672000 148.800000 67
148.800000 149.568000 72
149.888000 149.920000 75
149.984000 150.144000 75
150.432000 150.592000 75
150.592000 150.752000 72
150.816000 151.232000 72
151.424000 151.936000 71
152.160000 152.352000 75
152.608000 152.896000 72
153.056000 153.312000 72
154.752000 154.912000 69
157.344000 157.440000 60
157.440000 157.792000 67
157.792000 158.176000 61
158.336000 159.232000 63
159.616000 159.680000 63
159.680000 159.968000 67
159.968000 160.128000 63
160.544000 161.312000 63
161.920000 162.080000 67
162.080000 162.336000 63
162.464000 162.656000 60
162.752000 163.680000 67
164.000000 164.128000 65
164.320000 164.640000 67
164.640000 165.216000 65
165.216000 165.920000 63
166.144000 166.208000 63
166.208000 166.400000 67
166.784000 167.232000 62
167.232000 167.904000 63
168.352000 168.416000 63
168.416000 168.736000 67
168.736000 169.344000 63
169.344000 169.792000 63
169.792000 170.240000 61
170.624000 170.816000 67
170.912000 171.072000 61
171.200000 171.392000 60
171.392000 171.456000 61
171.456000 172.896000 67
173.280000 173.568000 63
173.920000 174.560000 70
174.688000 175.136000 68
175.264000 175.584000 67
175.776000 175.968000 65
176.064000 176.160000 63
176.320000 176.576000 63
176.576000 176.928000 65
177.152000 177.376000 64
177.696000 177.952000 63
178.240000 178.912000 70
179.040000 179.520000 69
179.616000 180.352000 67
180.480000 180.928000 63
180.928000 181.792000 67
182.016000 182.272000 70
182.624000 182.848000 71
182.848000 183.104000 72
183.104000 183.648000 71
183.648000 184.672000 69
184.672000 185.504000 65
185.600000 185.760000 65
185.888000 186.112000 65
186.432000 186.784000 67
186.912000 187.008000 62
187.008000 187.104000 63
187.104000 188.032000 67
190.208000 190.272000 62
190.272000 190.752000 68
190.752000 191.584000 63
191.584000 192.544000 61
192.608000 192.640000 57
193.408000 193.600000 67
193.600000 193.760000 65
194.496000 194.592000 67
194.720000 194.880000 67
195.584000 195.712000 67
195.808000 195.968000 67
196.672000 196.768000 67
196.896000 197.056000 67
197.760000 197.888000 67
198.048000 198.144000 67
198.944000 199.008000 63
199.008000 199.456000 67
199.456000 201.152000 64
201.312000 201.440000 67
202.112000 202.336000 67
202.336000 202.496000 65
203.232000 203.328000 67
203.456000 203.584000 67
204.320000 204.416000 67
204.576000 204.672000 67
205.376000 205.536000 67
205.632000 205.760000 67
206.464000 206.592000 67
206.720000 206.848000 67
207.648000 207.712000 62
207.712000 207.776000 65
207.776000 208.192000 67
208.192000 209.952000 64
