17.536000 18.208000 58
18.432000 19.072000 58
19.072000 19.360000 55
20.000000 20.064000 51
20.064000 20.640000 55
20.768000 20.992000 53
20.992000 21.536000 57
22.304000 23.456000 59
23.584000 24.000000 57
24.000000 24.416000 56
24.992000 25.088000 51
25.216000 25.504000 52
25.632000 25.984000 53
26.112000 26.688000 57
27.392000 27.936000 59
27.936000 29.440000 57
30.240000 30.944000 55
31.168000 31.648000 57
32.448000 32.608000 58
32.704000 33.376000 57
33.536000 34.592000 57
35.168000 35.264000 51
35.264000 36.096000 55
36.224000 36.768000 57
37.504000 37.568000 56
37.568000 37.632000 57
37.632000 37.824000 59
37.824000 38.016000 62
38.016000 38.976000 61
39.072000 39.584000 57
39.712000 39.840000 55
40.192000 41.184000 55
41.280000 42.240000 54
42.592000 42.688000 57
42.816000 42.912000 58
43.040000 44.000000 57
44.128000 44.192000 56
44.320000 44.928000 57
45.248000 45.728000 52
45.728000 46.624000 57
46.624000 46.976000 57
47.616000 48.096000 59
48.256000 49.664000 57
50.336000 50.688000 53
50.688000 50.976000 55
51.136000 51.328000 52
51.424000 52.128000 57
52.704000 53.184000 58
53.312000 53.856000 57
54.016000 54.880000 57
55.488000 55.776000 53
55.872000 56.032000 55
56.160000 56.512000 53
56.512000 57.280000 57
58.400000 58.560000 55
58.560000 61.152000 57
61.152000 62.592000 60
63.168000 63.520000 59
63.680000 64.192000 60
64.288000 64.512000 59
64.512000 65.024000 56
65.472000 65.568000 58
65.664000 67.616000 59
67.904000 68.896000 59
69.024000 69.120000 59
69.216000 69.760000 59
69.760000 70.144000 57
70.432000 71.872000 59
71.968000 72.512000 55
73.024000 73.152000 59
73.280000 73.376000 59
73.664000 74.144000 60
74.144000 74.848000 59
74.848000 75.072000 55
75.392000 75.872000 59
75.872000 76.736000 57
76.736000 77.248000 59
78.016000 84.704000 62
84.704000 86.144000 56
90.912000 92.192000 58
92.384000 93.024000 57
93.664000 94.464000 55
94.464000 94.944000 57
95.808000 95.936000 58
96.096000 96.544000 57
96.704000 96.864000 55
97.024000 97.568000 57
97.568000 97.920000 55
98.400000 98.592000 51
98.752000 99.040000 52
99.040000 99.520000 55
99.520000 99.872000 57
100.736000 101.024000 59
101.024000 101.152000 59
101.152000 101.344000 62
101.344000 101.856000 61
102.112000 102.272000 57
102.432000 102.880000 56
103.392000 103.456000 62
103.456000 103.840000 67
104.000000 105.120000 66
105.216000 105.376000 59
105.376000 105.504000 58
105.504000 108.064000 59
108.608000 108.672000 50
108.672000 109.088000 54
109.088000 109.312000 55
109.408000 109.600000 52
109.600000 110.464000 57
111.424000 112.672000 57
113.312000 113.472000 55
113.472000 114.336000 58
114.336000 115.232000 60
115.232000 115.904000 57
116.192000 116.256000 57
116.256000 117.664000 60
117.664000 118.112000 57
118.496000 118.560000 55
118.560000 118.720000 58
118.848000 120.448000 58
120.448000 120.800000 59
121.120000 122.240000 60
122.400000 122.944000 59
122.944000 123.392000 56
123.648000 125.088000 59
125.184000 125.664000 55
126.016000 126.112000 59
126.464000 126.592000 59
126.784000 127.072000 59
127.168000 127.296000 60
127.296000 128.032000 59
128.032000 128.160000 55
128.640000 129.024000 59
129.024000 130.016000 59
130.016000 130.720000 59
131.168000 131.616000 59
131.712000 134.912000 60
135.008000 135.616000 62
135.616000 137.920000 60
137.920000 138.880000 55
139.232000 139.456000 62
139.648000 139.744000 57
139.872000 140.960000 60
141.056000 141.824000 56
141.824000 146.560000 59
147.040000 147.520000 58
147.776000 147.840000 60
148.096000 148.192000 59
148.640000 148.736000 55
148.896000 149.056000 55
149.472000 149.856000 59
149.856000 150.368000 57
150.560000 150.720000 57
151.264000 151.296000 57
152.288000 152.416000 69
152.480000 152.672000 68
152.800000 152.992000 68
153.728000 153.920000 55
153.952000 155.072000 55
155.168000 155.232000 65
155.232000 156.960000 67
156.960000 157.440000 64
160.928000 161.152000 66
161.632000 161.824000 61
161.952000 162.144000 58
162.272000 163.488000 57
163.968000 165.600000 59
166.720000 167.008000 59
167.008000 168.288000 57
169.024000 169.728000 54
169.888000 170.240000 52
170.240000 170.560000 53
171.744000 172.000000 62
172.096000 173.632000 59
174.304000 174.560000 57
174.560000 174.880000 59
174.880000 175.360000 59
175.360000 175.936000 56
176.768000 177.312000 59
177.440000 178.368000 55
179.200000 179.904000 54
179.904000 179.968000 52
179.968000 180.768000 53
182.528000 182.688000 54
182.816000 183.296000 53
184.416000 185.024000 55
185.024000 185.376000 51
185.376000 185.792000 53
185.792000 186.880000 52
189.664000 189.728000 55
189.728000 190.688000 59
190.688000 191.776000 59
192.064000 192.128000 58
192.128000 192.192000 58
192.320000 192.544000 57
192.640000 194.272000 59
194.624000 194.848000 59
194.944000 195.488000 59
195.680000 196.224000 59
196.352000 196.864000 56
197.024000 198.496000 59
198.592000 199.136000 55
199.584000 199.712000 56
199.904000 200.032000 59
200.224000 201.024000 60
201.088000 201.312000 59
201.312000 201.696000 57
202.112000 203.552000 59
203.552000 203.968000 59
204.608000 204.768000 57
204.768000 209.664000 62
209.664000 212.352000 60
213.056000 213.120000 57
213.120000 213.408000 59
213.408000 214.432000 60
214.432000 218.592000 59
218.592000 219.968000 55
220.640000 221.344000 60
221.568000 221.728000 59
221.888000 221.984000 59
222.336000 222.496000 55
222.624000 222.848000 55
222.848000 223.392000 59
223.392000 223.648000 55
223.872000 224.128000 69
224.448000 224.928000 69
225.728000 226.400000 69
226.656000 228.576000 55
228.704000 230.432000 67
230.432000 230.912000 64
232.800000 233.504000 58
233.664000 235.008000 57
237.824000 239.360000 57
239.520000 239.808000 52
239.904000 240.864000 55
