1.216000 1.408000 56
1.824000 2.240000 56
29.824000 30.080000 58
30.240000 30.464000 56
30.624000 30.912000 53
31.040000 31.168000 56
31.168000 31.328000 58
31.456000 31.776000 56
31.872000 32.096000 53
32.256000 32.352000 52
32.480000 33.504000 53
35.392000 36.928000 53
37.024000 37.376000 53
37.568000 37.856000 51
38.016000 38.240000 49
38.432000 38.624000 50
38.848000 40.032000 49
42.656000 43.296000 58
43.488000 43.680000 53
43.840000 44.128000 58
44.224000 46.304000 56
48.032000 48.864000 52
49.024000 49.760000 51
50.048000 50.720000 52
50.720000 51.296000 50
51.488000 52.768000 50
55.424000 55.712000 58
55.840000 58.176000 60
58.624000 59.872000 58
60.512000 60.544000 60
60.640000 61.024000 60
61.440000 61.600000 61
62.016000 62.112000 58
62.240000 62.528000 58
62.560000 63.104000 58
63.104000 64.512000 60
65.056000 65.216000 61
65.312000 66.048000 60
66.592000 67.264000 65
67.392000 67.744000 62
67.808000 68.000000 65
68.000000 68.160000 68
68.256000 68.544000 65
68.672000 69.376000 65
70.272000 70.496000 63
70.720000 70.752000 61
70.816000 70.848000 61
71.008000 71.264000 66
71.264000 71.488000 68
71.648000 72.544000 65
73.248000 73.760000 65
73.856000 74.208000 61
74.432000 74.688000 60
74.816000 75.040000 61
75.232000 75.520000 68
75.648000 76.256000 65
76.416000 76.736000 63
77.440000 77.568000 58
77.664000 78.400000 61
78.496000 78.656000 68
78.848000 79.488000 65
79.648000 79.968000 63
80.864000 80.992000 68
80.992000 81.696000 66
81.824000 82.208000 63
82.688000 82.880000 63
83.072000 83.296000 63
83.456000 83.744000 62
83.840000 83.968000 65
84.064000 84.224000 68
84.224000 84.544000 65
84.640000 85.440000 65
85.632000 85.728000 62
86.048000 86.560000 65
86.656000 87.008000 61
87.232000 87.424000 60
87.616000 87.904000 61
88.032000 88.288000 68
88.480000 89.088000 65
89.280000 89.600000 63
89.824000 90.048000 63
90.208000 91.168000 61
91.648000 92.288000 65
92.480000 92.864000 63
93.856000 94.080000 58
94.240000 94.464000 56
94.656000 94.816000 54
94.816000 94.944000 54
94.944000 95.296000 58
95.488000 95.712000 56
95.840000 96.320000 54
96.480000 97.568000 53
99.264000 101.120000 53
101.280000 101.888000 53
102.208000 102.464000 50
102.624000 102.720000 51
102.848000 103.424000 49
106.624000 106.912000 58
107.040000 107.232000 56
107.232000 107.456000 53
107.680000 107.904000 58
108.064000 108.512000 56
108.672000 109.024000 53
109.280000 109.984000 53
111.680000 111.936000 49
112.000000 112.128000 49
112.288000 112.480000 52
112.512000 112.608000 53
112.832000 113.056000 53
113.760000 114.016000 53
114.880000 115.008000 49
115.232000 115.328000 49
115.456000 115.552000 51
115.680000 115.840000 53
116.032000 116.288000 53
116.480000 116.544000 53
119.424000 119.712000 58
119.840000 122.176000 60
122.624000 123.904000 58
124.672000 125.024000 60
125.504000 125.600000 61
126.016000 126.112000 58
126.240000 126.464000 58
126.624000 127.104000 58
127.104000 128.512000 60
129.024000 129.184000 61
129.344000 130.048000 60
130.592000 131.264000 65
131.424000 131.712000 61
131.840000 132.000000 65
132.000000 132.160000 68
132.256000 132.544000 65
132.672000 133.344000 65
133.920000 134.016000 63
134.272000 134.496000 63
134.720000 134.752000 61
134.816000 134.848000 61
135.008000 135.264000 66
135.264000 135.488000 68
135.648000 136.544000 65
137.248000 137.760000 65
137.856000 138.144000 61
138.272000 138.688000 60
138.816000 139.040000 61
139.232000 139.552000 68
139.648000 140.256000 65
140.448000 140.704000 63
141.440000 141.664000 58
141.664000 142.496000 68
142.496000 142.656000 68
142.848000 143.456000 65
143.648000 143.968000 63
144.864000 144.992000 68
144.992000 145.056000 66
145.152000 145.696000 65
145.824000 146.208000 63
146.432000 146.560000 62
146.720000 146.752000 63
147.072000 147.296000 63
147.456000 147.744000 62
147.840000 148.384000 68
148.384000 149.376000 65
149.632000 149.760000 62
150.048000 150.304000 65
150.304000 150.976000 64
151.072000 151.168000 58
151.264000 151.424000 60
151.616000 151.904000 61
152.032000 152.256000 68
152.480000 153.056000 65
153.280000 153.600000 63
154.272000 155.168000 61
155.264000 155.360000 68
155.680000 156.320000 65
156.480000 156.896000 63
163.968000 164.416000 53
164.640000 164.896000 53
165.664000 166.432000 54
166.784000 166.848000 52
167.008000 167.648000 53
167.840000 168.096000 53
168.384000 169.248000 53
169.440000 169.664000 51
170.400000 170.816000 53
171.040000 171.328000 53
172.064000 172.832000 54
173.568000 173.952000 53
174.272000 174.464000 53
174.848000 175.616000 53
176.224000 176.480000 58
176.480000 176.704000 61
176.832000 177.088000 65
177.184000 177.280000 65
177.408000 177.760000 65
177.792000 178.016000 61
178.464000 179.328000 66
179.424000 179.616000 63
179.872000 180.256000 65
180.704000 180.928000 65
181.056000 181.216000 61
181.216000 182.048000 65
182.432000 182.528000 65
182.624000 182.880000 66
183.072000 183.616000 65
183.840000 184.128000 65
184.256000 184.448000 61
184.864000 185.728000 66
185.824000 186.048000 63
186.432000 187.328000 65
187.456000 187.648000 63
188.224000 188.864000 66
189.056000 189.504000 65
189.536000 190.240000 65
190.240000 191.616000 61
191.872000 192.096000 63
192.256000 192.448000 62
192.448000 192.608000 62
192.608000 193.056000 68
193.248000 194.112000 65
194.208000 194.816000 66
194.816000 195.200000 65
195.200000 195.616000 62
195.616000 196.384000 65
196.480000 196.576000 64
196.576000 196.800000 62
197.216000 197.856000 65
198.080000 198.144000 63
198.432000 198.464000 62
198.624000 198.880000 63
199.040000 199.200000 58
199.392000 199.936000 61
200.032000 200.256000 68
200.416000 200.640000 65
200.640000 200.928000 68
200.992000 201.152000 66
201.152000 201.824000 66
202.016000 202.752000 65
202.848000 203.296000 65
203.424000 204.160000 63
204.672000 204.896000 63
205.056000 205.344000 62
205.440000 206.016000 68
206.016000 206.080000 63
206.240000 206.976000 65
207.072000 207.200000 68
207.296000 207.584000 66
207.584000 208.128000 65
209.056000 209.248000 65
209.440000 209.568000 65
209.632000 209.856000 68
210.080000 210.688000 65
210.880000 211.200000 63
211.840000 211.936000 63
212.256000 212.352000 62
212.672000 212.736000 63
212.864000 212.992000 68
213.248000 213.888000 66
214.048000 214.208000 63
214.336000 214.528000 63
214.656000 215.008000 61
215.232000 215.488000 60
215.616000 215.872000 61
215.968000 216.352000 68
216.448000 217.088000 65
217.248000 217.664000 63
218.240000 218.368000 58
218.560000 218.720000 60
218.720000 219.136000 63
219.264000 219.424000 68
219.648000 220.288000 66
220.448000 220.960000 64
220.960000 221.376000 61
221.632000 221.856000 60
222.016000 222.272000 62
222.272000 222.752000 68
222.848000 223.552000 65
223.648000 224.064000 63
224.640000 224.832000 59
224.832000 225.696000 68
225.696000 225.824000 68
226.048000 226.688000 66
226.816000 227.232000 63
231.936000 232.192000 63
