11.648000 11.936000 62
14.720000 14.816000 58
17.856000 18.048000 46
18.048000 18.272000 49
18.272000 19.232000 53
19.616000 19.744000 46
19.840000 20.032000 48
20.032000 20.864000 53
20.992000 21.536000 48
22.688000 22.912000 50
23.840000 23.936000 46
24.032000 24.672000 51
24.672000 24.928000 47
25.184000 25.440000 46
25.824000 26.240000 51
26.240000 26.752000 48
27.392000 28.416000 50
28.832000 28.960000 46
29.120000 29.248000 47
29.568000 31.072000 60
32.288000 32.384000 48
32.480000 32.640000 50
32.736000 33.440000 53
33.792000 34.016000 46
34.016000 34.176000 48
34.176000 35.072000 53
35.200000 35.552000 48
36.960000 37.344000 62
37.856000 38.240000 47
38.240000 38.848000 51
40.032000 40.096000 49
40.096000 40.256000 51
40.256000 40.608000 50
40.736000 40.896000 46
41.056000 41.696000 46
41.792000 42.144000 50
42.240000 42.368000 48
42.592000 43.488000 46
45.792000 45.984000 58
45.984000 46.144000 56
46.240000 46.528000 58
46.688000 47.360000 58
47.584000 48.320000 58
48.384000 48.608000 58
48.704000 48.928000 56
48.928000 49.024000 58
49.120000 50.112000 62
50.240000 50.560000 60
50.688000 51.008000 60
51.104000 51.840000 60
52.000000 52.224000 60
52.448000 53.408000 62
53.408000 53.536000 56
53.824000 54.240000 56
54.240000 55.136000 58
56.032000 56.768000 61
56.768000 57.088000 62
57.376000 57.792000 55
57.792000 58.560000 58
59.808000 60.416000 59
60.416000 60.800000 63
60.960000 61.568000 60
61.760000 62.272000 63
62.272000 63.008000 60
63.104000 63.584000 63
63.584000 64.032000 61
64.032000 64.384000 63
64.480000 64.928000 60
65.312000 65.504000 63
65.504000 66.752000 67
66.752000 67.008000 60
67.168000 67.968000 62
68.064000 68.832000 58
69.792000 70.880000 67
71.136000 71.520000 61
71.616000 72.768000 58
74.240000 74.304000 49
74.304000 74.688000 54
74.688000 75.872000 58
76.032000 77.216000 60
77.344000 77.664000 62
77.824000 79.808000 62
82.016000 82.592000 62
82.688000 82.880000 58
82.880000 83.872000 62
84.032000 84.448000 62
84.448000 85.088000 58
85.344000 85.536000 58
85.536000 86.144000 62
86.464000 87.200000 62
87.200000 87.296000 58
87.392000 87.744000 60
87.744000 88.000000 62
88.000000 88.192000 57
88.448000 89.056000 55
89.312000 90.208000 65
92.032000 92.416000 67
92.864000 93.760000 65
94.240000 94.368000 62
94.432000 94.944000 62
95.008000 95.552000 62
96.224000 96.736000 62
97.120000 97.888000 62
98.016000 98.336000 60
98.336000 98.592000 62
98.592000 99.328000 60
99.584000 99.808000 59
99.808000 100.352000 62
100.480000 100.704000 58
100.704000 101.248000 62
101.344000 101.472000 58
101.568000 102.464000 62
102.688000 103.328000 55
103.520000 104.416000 58
105.792000 106.080000 55
106.272000 106.880000 55
107.104000 107.968000 58
108.672000 109.792000 62
112.256000 112.480000 48
112.480000 113.472000 53
113.824000 113.984000 46
114.080000 114.176000 48
114.272000 115.072000 53
115.360000 115.520000 48
115.616000 115.744000 48
116.736000 116.864000 48
118.080000 118.208000 46
118.208000 118.272000 48
118.272000 118.912000 51
119.520000 119.680000 47
120.032000 120.416000 50
120.416000 120.928000 48
122.016000 122.144000 48
122.240000 122.432000 48
123.552000 124.448000 61
124.896000 124.992000 58
126.464000 126.592000 48
126.688000 126.784000 50
126.912000 127.552000 53
128.288000 128.448000 48
128.448000 128.608000 50
128.704000 129.280000 53
129.568000 129.952000 48
130.816000 130.944000 60
131.168000 131.360000 61
132.128000 132.448000 46
132.448000 133.056000 51
133.184000 133.312000 46
133.632000 133.792000 46
134.240000 134.592000 51
134.976000 135.008000 46
136.032000 136.352000 49
137.792000 138.496000 61
138.656000 138.816000 60
140.000000 141.248000 58
141.344000 142.848000 58
142.944000 143.136000 56
143.136000 144.736000 62
144.896000 145.536000 60
145.824000 147.808000 62
148.000000 148.448000 56
148.448000 149.376000 58
150.208000 151.200000 62
151.200000 151.360000 55
151.552000 151.904000 55
152.032000 153.024000 58
154.016000 154.656000 58
154.656000 155.008000 63
155.168000 155.808000 60
156.000000 156.416000 63
156.416000 158.592000 63
158.720000 159.200000 60
159.552000 160.384000 65
160.480000 160.928000 67
160.928000 161.280000 60
161.376000 162.208000 62
162.208000 163.008000 58
164.032000 164.256000 64
164.256000 165.280000 67
165.376000 165.696000 61
165.824000 166.912000 58
168.480000 168.864000 54
168.864000 170.080000 58
170.208000 171.008000 60
171.136000 171.456000 60
171.552000 171.680000 60
171.680000 171.872000 62
172.032000 174.048000 62
176.224000 176.832000 62
176.928000 177.120000 59
177.120000 178.112000 62
178.272000 178.656000 62
178.656000 179.296000 58
179.584000 179.744000 58
179.744000 180.352000 62
180.480000 180.544000 60
180.672000 181.248000 62
181.344000 181.472000 58
181.568000 181.920000 60
181.920000 182.240000 62
182.240000 182.400000 56
182.656000 183.296000 55
183.424000 184.608000 58
185.824000 185.920000 58
186.240000 186.848000 55
186.976000 187.968000 62
188.128000 188.256000 58
190.240000 190.336000 58
190.464000 191.008000 62
191.360000 191.904000 62
192.000000 192.192000 58
192.192000 192.960000 62
192.960000 193.504000 58
193.792000 193.984000 58
193.984000 194.592000 62
194.688000 194.912000 58
194.912000 195.456000 62
195.552000 195.712000 58
195.808000 196.640000 62
196.896000 197.792000 56
197.792000 198.528000 58
199.968000 200.352000 56
200.448000 200.992000 55
201.408000 202.432000 65
