23.616000 23.936000 57
24.032000 24.192000 60
24.512000 25.024000 64
26.240000 26.624000 69
26.752000 26.880000 64
27.168000 27.488000 62
28.032000 28.384000 69
28.480000 28.704000 64
28.896000 30.144000 64
30.144000 30.432000 60
30.656000 31.008000 57
31.104000 31.392000 60
31.552000 32.032000 64
33.088000 33.856000 69
33.856000 33.984000 64
34.176000 34.752000 62
35.072000 35.296000 68
35.296000 35.456000 69
35.552000 35.744000 64
35.968000 36.288000 62
36.384000 36.672000 64
36.800000 36.928000 63
36.928000 37.376000 62
37.696000 38.144000 64
38.336000 38.912000 64
39.008000 39.328000 62
39.520000 39.616000 60
39.936000 40.160000 60
40.352000 41.024000 57
41.248000 41.568000 62
41.664000 41.792000 60
41.920000 42.496000 62
42.784000 43.360000 57
43.488000 43.776000 57
43.904000 44.512000 57
44.800000 45.152000 57
45.248000 45.408000 60
45.696000 46.176000 64
47.424000 47.808000 69
47.904000 48.128000 64
48.288000 48.928000 62
49.184000 49.536000 69
49.696000 49.920000 64
50.368000 50.848000 64
50.976000 51.840000 63
52.320000 52.768000 60
54.496000 55.264000 57
55.360000 55.936000 55
56.224000 56.416000 55
56.416000 57.024000 54
57.216000 57.888000 52
58.016000 58.368000 52
60.768000 60.864000 52
61.728000 62.304000 57
62.432000 62.976000 55
62.976000 63.968000 55
64.256000 64.512000 52
64.640000 64.928000 52
65.056000 65.440000 52
66.848000 67.424000 52
68.192000 69.312000 55
69.504000 72.320000 64
72.576000 72.928000 57
73.024000 73.856000 60
73.856000 74.208000 57
76.096000 76.256000 55
76.512000 77.920000 64
78.016000 79.168000 62
79.168000 79.584000 61
80.064000 80.416000 57
80.512000 80.672000 60
80.992000 81.504000 64
82.720000 83.072000 69
83.200000 83.360000 64
83.648000 83.968000 62
83.968000 84.416000 60
84.512000 84.608000 67
84.704000 84.832000 69
84.928000 85.184000 64
85.376000 86.144000 64
86.240000 86.944000 63
87.136000 87.456000 57
87.584000 87.872000 60
88.000000 88.512000 64
88.960000 89.120000 64
89.568000 90.336000 69
90.336000 90.464000 64
90.656000 91.584000 62
91.584000 91.936000 69
92.032000 92.224000 64
92.448000 92.768000 62
92.864000 93.152000 64
93.472000 93.920000 60
94.144000 94.624000 64
94.816000 95.392000 64
95.488000 95.776000 62
95.968000 96.096000 60
96.384000 96.640000 60
96.832000 97.504000 57
97.760000 98.016000 62
98.144000 98.272000 60
98.400000 98.816000 62
98.816000 98.976000 59
99.072000 99.168000 59
99.264000 99.808000 57
99.968000 100.224000 57
100.384000 100.960000 57
101.280000 101.632000 57
101.728000 101.856000 60
102.144000 102.688000 64
103.904000 104.288000 69
104.384000 104.544000 64
104.800000 105.408000 62
105.664000 106.016000 69
106.144000 106.368000 64
106.528000 107.328000 64
107.456000 108.320000 63
108.800000 109.088000 62
109.440000 109.632000 60
110.560000 110.752000 54
110.944000 111.232000 57
111.392000 111.648000 55
111.840000 112.352000 55
112.704000 114.336000 55
114.496000 114.880000 52
117.184000 117.376000 52
117.632000 117.760000 53
118.016000 118.208000 55
118.208000 118.432000 58
118.432000 119.488000 62
119.776000 119.872000 60
119.872000 121.408000 62
121.504000 122.272000 60
122.400000 123.072000 60
123.328000 123.584000 57
124.736000 125.376000 57
125.504000 125.728000 55
125.984000 128.832000 64
129.216000 129.376000 57
129.472000 129.760000 60
129.984000 130.208000 60
130.208000 130.560000 58
132.576000 132.768000 55
133.024000 134.464000 64
134.560000 135.328000 62
135.424000 135.808000 62
136.480000 136.864000 57
136.960000 137.120000 60
137.440000 137.984000 64
138.368000 138.976000 64
139.200000 139.552000 69
139.680000 139.840000 64
140.096000 140.896000 62
140.992000 141.184000 68
141.184000 141.312000 69
141.408000 142.016000 64
142.176000 142.528000 63
142.560000 142.784000 64
142.784000 143.360000 63
143.616000 143.808000 55
143.808000 144.000000 57
144.000000 144.288000 60
144.288000 144.960000 64
146.016000 146.400000 67
146.400000 146.688000 69
146.688000 146.912000 64
147.136000 147.552000 62
147.872000 148.032000 63
148.032000 148.512000 69
148.512000 148.704000 64
148.992000 149.216000 62
149.344000 149.472000 63
149.472000 149.600000 64
149.760000 149.856000 63
149.952000 150.464000 60
150.464000 150.880000 64
150.976000 151.072000 64
151.296000 151.648000 64
151.648000 152.256000 62
152.448000 152.544000 60
152.832000 153.120000 60
153.312000 153.984000 57
154.208000 154.720000 62
154.880000 155.424000 62
155.552000 155.648000 59
155.744000 156.288000 57
156.448000 156.704000 57
156.832000 157.344000 57
157.728000 157.984000 55
157.984000 158.432000 60
158.656000 159.136000 64
159.328000 159.456000 59
160.384000 160.576000 67
160.576000 160.736000 69
160.864000 160.992000 64
161.248000 161.856000 62
162.112000 162.464000 69
162.624000 162.848000 64
163.008000 163.808000 64
163.904000 164.768000 63
165.792000 165.952000 60
167.072000 167.296000 53
168.352000 168.448000 53
172.768000 172.896000 52
