2.464000 2.656000 60
2.976000 3.168000 58
3.424000 4.192000 62
4.480000 4.992000 63
5.152000 5.280000 62
6.400000 6.624000 60
6.944000 7.168000 58
7.520000 7.872000 62
7.968000 8.224000 62
8.448000 8.800000 63
9.024000 9.408000 62
9.952000 10.272000 58
10.464000 10.592000 60
11.424000 11.744000 62
11.968000 12.128000 62
12.416000 12.768000 63
12.960000 13.376000 62
14.336000 15.072000 62
15.264000 15.872000 63
16.288000 16.416000 63
16.704000 17.024000 65
17.600000 17.856000 60
19.200000 20.192000 67
22.720000 23.808000 67
26.816000 27.136000 65
27.232000 28.256000 65
32.576000 32.736000 62
33.024000 33.280000 58
33.632000 33.888000 58
34.560000 36.448000 60
52.960000 54.240000 58
54.464000 54.848000 58
54.944000 57.248000 62
60.480000 60.704000 54
61.024000 61.248000 57
61.472000 61.760000 58
61.984000 62.784000 58
62.944000 65.024000 62
68.416000 68.736000 65
68.960000 69.312000 62
69.472000 69.696000 60
69.984000 70.240000 58
70.496000 70.848000 58
70.848000 73.216000 65
73.440000 73.792000 61
73.792000 74.144000 59
76.480000 76.832000 65
76.928000 77.792000 62
77.952000 78.144000 58
78.944000 80.288000 60
84.448000 84.768000 54
84.992000 86.144000 60
86.432000 86.688000 58
86.944000 88.576000 62
88.960000 89.408000 63
89.408000 89.920000 61
91.840000 92.128000 53
92.416000 92.640000 53
92.896000 93.280000 58
93.440000 93.760000 58
93.920000 94.272000 57
94.432000 94.720000 58
94.944000 96.640000 67
97.440000 98.304000 67
98.304000 99.328000 63
99.488000 99.680000 61
99.776000 100.608000 61
101.408000 102.080000 67
102.304000 102.592000 62
102.752000 103.264000 60
103.456000 105.184000 65
106.432000 108.352000 62
110.400000 110.464000 60
110.464000 110.752000 62
110.752000 111.520000 59
111.520000 112.736000 61
112.736000 114.240000 64
114.432000 116.800000 65
117.920000 118.208000 58
118.464000 118.816000 60
118.976000 119.296000 60
119.392000 120.160000 62
120.416000 120.576000 62
120.576000 121.408000 65
122.112000 122.304000 58
122.400000 123.296000 60
123.456000 124.224000 62
124.416000 124.800000 63
125.024000 125.536000 62
126.208000 127.200000 60
127.200000 128.224000 63
128.416000 129.440000 63
130.240000 131.072000 62
131.264000 132.128000 63
132.256000 132.480000 63
132.672000 133.056000 65
133.472000 134.016000 60
134.272000 135.392000 67
135.392000 136.736000 67
137.472000 138.496000 58
138.720000 140.224000 67
141.280000 141.408000 56
141.536000 142.144000 58
142.272000 142.496000 58
142.496000 145.536000 65
148.480000 148.800000 62
149.024000 149.952000 58
150.688000 152.352000 60
152.608000 153.824000 51
155.104000 155.936000 58
157.344000 157.408000 58
157.472000 157.504000 59
158.336000 158.720000 56
158.912000 159.712000 62
160.576000 160.672000 62
161.376000 161.408000 58
161.472000 161.888000 60
162.752000 163.648000 55
164.064000 165.504000 60
167.488000 167.744000 59
167.744000 168.320000 62
168.448000 170.048000 62
170.208000 170.944000 62
171.456000 171.552000 64
171.648000 172.224000 62
172.416000 173.280000 62
173.408000 173.984000 62
174.176000 174.912000 62
175.648000 176.256000 62
176.416000 176.640000 62
176.736000 176.960000 60
177.440000 177.792000 65
178.016000 178.496000 62
178.496000 178.624000 60
178.880000 179.008000 59
179.200000 179.904000 65
179.904000 180.800000 62
182.400000 183.840000 64
183.936000 184.704000 63
185.024000 185.344000 62
185.344000 185.952000 61
186.976000 187.360000 65
187.552000 187.872000 65
188.000000 188.864000 67
189.056000 189.184000 64
189.184000 189.408000 67
189.408000 190.176000 63
190.400000 191.168000 62
191.392000 192.864000 61
194.400000 194.464000 64
194.464000 194.816000 67
194.912000 197.600000 70
197.952000 198.240000 58
198.496000 199.680000 62
199.680000 200.256000 62
200.480000 200.544000 61
200.544000 200.864000 63
200.864000 200.960000 66
200.960000 201.056000 65
201.056000 201.504000 63
201.504000 201.760000 59
201.984000 202.048000 56
202.048000 203.424000 60
203.424000 204.832000 67
205.024000 205.408000 62
206.080000 207.232000 60
207.232000 208.192000 63
208.384000 209.472000 63
210.176000 211.040000 62
211.232000 212.096000 63
212.256000 212.448000 63
212.672000 213.024000 65
213.440000 214.016000 60
214.272000 214.752000 58
214.752000 215.168000 58
215.168000 216.960000 67
217.504000 218.464000 58
218.720000 218.848000 65
218.848000 220.480000 67
221.184000 222.752000 60
222.752000 227.296000 68
227.296000 228.064000 67
228.640000 228.992000 62
229.120000 229.984000 58
230.432000 234.432000 62
234.496000 234.720000 65
234.720000 237.984000 64
238.080000 238.208000 62
238.528000 238.688000 55
239.200000 239.488000 62
239.488000 239.680000 60
239.808000 240.416000 58
240.576000 240.736000 61
240.992000 241.280000 58
241.344000 241.376000 58
241.408000 242.048000 60
