9.792000 10.112000 58
16.992000 17.728000 58
36.096000 36.480000 56
38.656000 39.296000 58
39.552000 39.968000 61
40.192000 40.352000 60
40.352000 40.672000 59
40.704000 41.536000 56
41.728000 41.856000 56
42.432000 42.784000 56
43.072000 43.456000 56
43.648000 44.288000 58
44.352000 44.800000 58
44.896000 45.024000 58
45.728000 46.304000 58
46.624000 47.008000 61
47.232000 48.352000 56
49.472000 49.984000 56
50.112000 50.688000 56
50.720000 51.872000 59
52.128000 52.192000 62
52.320000 52.704000 63
52.800000 52.960000 65
53.056000 54.016000 66
54.016000 54.432000 63
54.816000 54.976000 63
55.648000 56.448000 64
56.544000 56.736000 65
57.024000 57.952000 66
57.952000 58.112000 62
58.304000 58.432000 62
58.528000 59.104000 62
59.200000 60.064000 65
60.160000 61.024000 66
61.184000 62.336000 66
62.464000 62.688000 66
63.136000 63.264000 63
63.360000 63.712000 71
64.000000 64.160000 71
64.448000 65.120000 68
65.216000 65.472000 64
66.016000 66.720000 71
66.880000 67.552000 71
67.616000 67.744000 71
68.000000 68.544000 68
68.640000 69.120000 68
69.536000 69.888000 70
69.984000 70.240000 73
70.432000 70.976000 65
71.328000 74.560000 71
75.040000 75.584000 68
75.680000 76.128000 68
76.288000 76.384000 68
76.608000 76.672000 68
76.672000 76.992000 71
76.992000 77.696000 73
77.952000 79.936000 75
80.096000 80.288000 73
80.288000 80.544000 71
80.544000 82.272000 70
82.560000 83.200000 71
83.872000 84.064000 71
84.064000 85.248000 70
85.376000 85.856000 68
86.080000 86.848000 68
87.136000 88.736000 71
89.152000 90.208000 68
90.688000 90.848000 68
90.848000 91.456000 73
91.456000 92.224000 65
92.288000 93.472000 68
93.696000 93.856000 66
94.304000 94.400000 72
94.400000 94.656000 71
94.656000 96.544000 70
96.672000 97.504000 71
97.600000 97.760000 70
98.368000 99.904000 68
100.256000 100.544000 68
100.640000 100.864000 66
101.312000 101.824000 71
101.888000 103.040000 71
103.040000 104.256000 70
104.320000 104.576000 68
104.800000 104.928000 68
104.928000 105.632000 73
105.632000 106.912000 66
107.200000 108.192000 66
109.312000 109.920000 59
110.144000 110.496000 61
110.784000 110.912000 61
110.912000 111.840000 60
112.320000 112.640000 56
113.024000 114.336000 56
114.336000 115.456000 60
115.488000 115.584000 58
116.064000 116.224000 57
116.320000 116.928000 58
117.184000 117.568000 61
117.984000 118.272000 57
118.720000 119.168000 56
120.256000 121.056000 56
121.344000 121.504000 56
121.504000 121.888000 59
122.016000 122.368000 58
122.944000 123.296000 63
123.392000 123.616000 65
123.712000 124.800000 66
124.800000 125.024000 63
125.600000 125.696000 63
126.240000 127.328000 65
127.584000 128.768000 66
129.152000 129.696000 61
129.760000 130.656000 65
130.752000 131.648000 66
131.744000 131.872000 63
131.968000 132.928000 66
133.088000 133.280000 66
133.760000 133.856000 64
133.984000 134.784000 71
135.072000 135.232000 68
135.232000 135.712000 67
135.712000 136.064000 64
136.608000 137.376000 71
137.472000 138.400000 71
138.560000 139.104000 68
139.232000 139.968000 68
140.128000 140.480000 70
140.576000 140.864000 73
141.024000 141.600000 65
141.920000 145.184000 71
145.632000 146.176000 68
146.304000 146.944000 68
147.168000 147.616000 70
147.744000 147.936000 72
148.064000 148.640000 65
148.928000 150.496000 71
150.752000 151.328000 71
151.328000 152.832000 68
153.120000 153.824000 71
154.048000 154.208000 70
154.464000 154.688000 71
154.688000 155.840000 70
156.064000 156.448000 68
156.672000 157.440000 68
157.952000 159.328000 71
159.744000 160.800000 68
161.280000 161.408000 68
161.408000 161.664000 71
161.664000 161.920000 73
161.920000 162.848000 66
163.104000 164.064000 68
164.224000 164.672000 66
164.992000 165.440000 71
165.440000 167.040000 68
167.296000 168.288000 71
168.832000 170.496000 68
170.816000 171.520000 68
171.904000 172.416000 71
172.512000 173.664000 71
173.856000 174.848000 68
175.456000 176.096000 73
176.096000 177.216000 65
177.664000 178.688000 66
179.680000 180.224000 70
180.224000 180.512000 67
180.768000 181.056000 65
181.184000 181.280000 65
181.600000 182.400000 67
183.424000 184.224000 67
184.480000 184.576000 66
184.768000 184.800000 67
185.152000 185.472000 71
185.568000 185.920000 71
186.016000 186.432000 70
186.432000 186.976000 66
186.976000 187.456000 65
187.808000 188.576000 68
188.640000 188.992000 67
189.536000 189.824000 69
189.952000 190.336000 68
190.432000 190.496000 66
190.496000 190.752000 68
190.752000 191.744000 68
191.744000 192.256000 71
192.352000 192.640000 70
193.088000 194.560000 71
195.072000 196.288000 68
196.672000 196.928000 70
197.056000 197.280000 73
197.504000 198.080000 65
198.400000 199.136000 71
199.264000 199.904000 71
200.160000 201.696000 71
202.112000 203.200000 70
203.712000 203.776000 69
203.776000 204.352000 72
204.544000 205.152000 65
205.472000 207.072000 71
207.232000 207.392000 73
207.392000 207.616000 71
207.616000 207.808000 70
207.808000 208.288000 69
208.288000 208.512000 67
208.512000 210.208000 71
210.688000 210.912000 73
210.912000 211.136000 71
211.136000 212.992000 70
213.440000 213.856000 66
214.432000 214.688000 71
214.720000 214.784000 71
214.912000 216.032000 71
216.224000 216.768000 68
216.864000 217.216000 68
217.408000 217.472000 68
217.792000 217.888000 68
217.888000 218.208000 71
218.208000 218.432000 73
218.432000 219.328000 67
219.328000 220.544000 68
221.472000 221.792000 78
