0.416000 0.512000 59
2.624000 2.720000 59
2.720000 2.784000 61
2.784000 2.880000 65
2.880000 3.392000 63
5.088000 6.560000 65
6.560000 7.200000 67
7.328000 7.744000 68
10.752000 11.200000 67
26.336000 26.400000 50
26.400000 26.720000 55
26.720000 26.912000 53
26.912000 27.168000 57
30.720000 31.264000 50
31.392000 32.032000 59
32.032000 32.288000 55
32.448000 32.960000 59
33.600000 33.792000 59
33.888000 34.688000 57
34.784000 35.040000 50
35.168000 35.392000 57
35.392000 35.648000 59
35.776000 36.224000 59
37.536000 37.632000 59
37.632000 38.016000 58
38.016000 39.040000 55
39.136000 39.680000 55
40.096000 40.160000 50
40.160000 40.256000 51
40.256000 40.992000 55
40.992000 42.976000 59
43.840000 44.064000 60
44.064000 44.768000 64
44.928000 45.792000 64
45.792000 47.360000 64
47.616000 47.680000 61
47.680000 48.096000 64
48.224000 48.800000 62
48.800000 49.760000 59
50.112000 50.464000 59
50.560000 50.784000 57
50.784000 50.976000 56
50.976000 51.328000 52
51.424000 52.128000 55
52.640000 53.856000 64
54.208000 54.368000 50
54.368000 54.944000 54
54.944000 55.776000 55
56.576000 56.672000 49
56.768000 56.928000 52
56.928000 56.960000 53
56.960000 57.536000 57
57.632000 58.976000 59
59.104000 59.488000 50
60.096000 60.320000 59
60.416000 60.672000 57
60.672000 60.928000 59
60.928000 61.664000 57
61.664000 62.240000 55
62.400000 63.232000 57
63.840000 64.096000 60
64.096000 64.224000 62
64.320000 64.544000 63
64.544000 65.408000 64
65.408000 66.240000 62
66.784000 67.520000 58
67.648000 69.504000 59
70.464000 70.688000 59
70.688000 72.864000 64
72.864000 72.992000 57
72.992000 73.056000 55
73.824000 74.016000 62
74.016000 75.104000 62
75.104000 75.616000 62
75.744000 76.160000 59
76.736000 76.928000 59
77.024000 77.248000 57
77.376000 77.504000 55
77.504000 78.304000 55
78.816000 79.008000 55
79.008000 79.168000 52
79.264000 79.520000 62
79.712000 83.296000 64
83.584000 83.712000 60
83.712000 84.160000 64
85.536000 86.848000 57
90.496000 90.688000 55
90.688000 91.072000 57
91.072000 91.360000 59
91.360000 92.992000 62
93.472000 93.760000 55
93.888000 94.272000 57
94.272000 94.656000 60
94.656000 96.256000 67
96.352000 98.944000 64
100.320000 100.384000 57
100.384000 100.704000 59
100.704000 101.216000 64
101.344000 103.360000 64
103.648000 104.288000 67
104.288000 104.608000 64
104.704000 105.184000 62
105.312000 105.600000 62
105.696000 106.400000 59
106.688000 107.488000 57
107.616000 108.608000 57
109.024000 109.184000 52
109.280000 110.016000 64
110.080000 110.368000 62
110.368000 111.776000 59
112.480000 113.792000 57
114.080000 114.208000 55
114.208000 114.496000 59
114.688000 115.296000 62
115.296000 115.776000 62
115.776000 116.384000 62
117.088000 117.152000 54
117.152000 117.344000 55
117.344000 117.760000 57
117.760000 119.648000 64
120.000000 120.384000 55
120.512000 120.896000 57
120.896000 121.344000 61
121.344000 122.496000 67
122.624000 122.944000 64
122.944000 123.584000 63
123.680000 125.984000 64
127.168000 127.392000 60
127.392000 130.016000 64
130.496000 132.320000 62
132.448000 133.024000 59
133.472000 133.984000 59
133.984000 134.560000 56
134.560000 135.072000 53
135.712000 135.872000 50
135.936000 136.000000 57
136.000000 136.832000 59
136.832000 137.088000 56
137.216000 140.512000 57
154.240000 154.368000 72
159.072000 159.136000 63
159.136000 159.392000 63
159.392000 160.128000 66
160.128000 160.224000 62
160.448000 160.576000 59
160.672000 161.216000 66
161.216000 161.568000 64
161.568000 162.080000 68
166.688000 166.784000 52
166.784000 166.880000 53
166.880000 168.960000 59
169.056000 169.504000 50
170.080000 170.880000 59
170.976000 171.648000 57
171.776000 171.968000 52
172.096000 172.288000 55
172.416000 172.992000 57
173.856000 174.048000 59
174.048000 174.176000 62
174.304000 175.008000 64
175.104000 175.392000 64
175.392000 175.680000 62
175.680000 176.224000 61
176.800000 177.376000 59
177.376000 177.536000 55
177.632000 178.976000 59
179.072000 179.520000 57
180.512000 180.736000 59
180.736000 181.312000 63
181.408000 182.336000 64
182.432000 183.328000 64
183.648000 183.712000 63
183.712000 184.256000 67
184.256000 185.728000 64
185.728000 186.144000 59
186.784000 187.296000 59
187.424000 187.552000 55
187.552000 187.872000 54
187.872000 188.384000 56
188.832000 189.184000 55
189.280000 189.632000 64
189.728000 190.848000 64
190.848000 191.264000 59
191.264000 192.192000 62
192.448000 192.704000 55
192.704000 193.856000 57
194.080000 194.464000 59
194.624000 195.296000 62
195.296000 195.616000 60
195.648000 196.320000 62
197.184000 197.376000 55
197.376000 197.600000 58
197.600000 197.824000 60
197.824000 199.680000 62
200.096000 200.416000 55
200.512000 200.928000 57
200.928000 201.312000 61
201.312000 202.944000 67
203.040000 203.360000 62
203.360000 203.616000 60
203.744000 203.808000 62
203.808000 204.256000 64
204.384000 205.664000 62
206.976000 207.360000 60
207.360000 207.872000 64
208.000000 210.016000 64
210.336000 210.496000 65
210.496000 210.656000 67
210.752000 211.296000 64
211.392000 211.872000 62
212.000000 212.288000 62
212.416000 213.056000 59
213.408000 214.144000 57
214.272000 214.688000 57
214.688000 215.168000 56
215.936000 216.352000 64
216.352000 216.704000 62
216.800000 217.024000 62
217.024000 218.720000 60
219.200000 220.544000 57
220.768000 220.896000 56
220.896000 221.152000 59
221.344000 221.952000 62
221.952000 222.272000 60
222.368000 223.264000 62
223.776000 224.032000 54
224.032000 224.544000 59
224.640000 226.304000 64
226.656000 227.040000 55
227.168000 227.552000 57
227.552000 227.936000 61
227.936000 228.160000 66
228.288000 229.152000 67
229.248000 232.608000 64
233.824000 234.048000 59
234.048000 236.672000 64
237.152000 239.072000 62
239.072000 239.648000 60
240.064000 240.416000 59
240.416000 240.896000 57
240.896000 241.888000 55
242.432000 242.528000 56
242.624000 243.040000 59
243.040000 243.456000 57
243.456000 243.616000 53
243.744000 245.376000 55
245.728000 247.136000 58
247.360000 247.808000 60
247.968000 248.608000 63
248.608000 249.088000 63
249.088000 249.664000 63
250.464000 250.624000 56
250.720000 251.104000 58
251.104000 252.928000 65
253.408000 253.760000 56
253.856000 254.560000 60
254.720000 255.904000 68
255.904000 259.392000 65
260.416000 260.512000 58
260.512000 260.704000 61
260.704000 260.864000 63
260.960000 262.272000 65
262.432000 263.296000 65
263.840000 266.016000 65
266.016000 266.176000 60
266.176000 266.272000 59
266.784000 267.328000 59
267.424000 267.936000 56
267.936000 268.608000 54
269.344000 274.240000 60
278.720000 279.008000 59
279.008000 279.328000 60
279.328000 281.184000 65
281.376000 281.568000 63
284.960000 287.424000 63
287.424000 287.776000 60
288.416000 288.992000 60
289.088000 289.632000 56
289.632000 290.560000 55
291.136000 291.200000 51
291.200000 291.328000 53
291.392000 292.608000 60
292.800000 301.792000 68
304.192000 304.832000 70
305.344000 305.888000 70
305.952000 306.112000 69
