18.752000 19.552000 62
20.640000 21.088000 64
21.216000 21.760000 62
22.016000 23.104000 57
24.160000 24.320000 62
24.448000 25.888000 61
25.984000 26.304000 57
26.432000 26.592000 55
26.720000 27.072000 57
27.616000 28.064000 61
28.160000 28.960000 62
29.152000 29.888000 57
30.400000 31.872000 61
32.640000 32.928000 57
33.152000 33.888000 61
34.848000 35.936000 64
36.288000 37.088000 59
37.088000 37.440000 59
38.400000 38.912000 62
39.104000 40.096000 61
40.096000 40.768000 57
40.864000 41.248000 57
41.760000 42.368000 61
42.656000 43.168000 62
43.168000 43.616000 60
43.744000 44.192000 56
44.608000 44.768000 56
44.768000 46.016000 59
46.400000 46.752000 61
46.848000 49.440000 64
49.984000 50.336000 59
50.432000 50.880000 56
50.880000 51.488000 57
51.488000 52.256000 55
52.352000 52.480000 55
52.672000 53.280000 57
53.568000 54.592000 66
54.592000 55.136000 63
55.136000 55.616000 64
55.776000 55.936000 64
56.064000 56.800000 61
57.056000 58.624000 60
58.624000 58.784000 65
58.912000 59.424000 66
59.776000 60.160000 57
60.160000 60.352000 60
60.352000 60.544000 66
60.704000 60.896000 64
60.896000 61.216000 67
61.280000 61.312000 65
61.568000 61.696000 64
61.696000 62.272000 63
62.272000 63.104000 66
63.104000 63.840000 61
64.096000 64.256000 65
64.256000 64.544000 64
64.704000 64.800000 61
64.800000 65.696000 60
65.920000 65.984000 62
65.984000 66.304000 64
66.464000 66.592000 61
66.592000 67.424000 59
67.552000 67.616000 62
67.616000 68.064000 65
68.224000 68.320000 61
68.416000 68.672000 60
68.672000 68.960000 62
69.088000 69.504000 64
69.504000 70.016000 62
70.272000 70.944000 66
71.264000 71.648000 59
71.776000 72.896000 58
72.992000 73.664000 66
73.888000 74.656000 58
74.848000 75.648000 66
75.648000 76.576000 64
76.576000 76.960000 61
77.344000 77.920000 64
78.048000 78.240000 62
78.240000 78.720000 64
78.976000 79.072000 59
79.232000 80.864000 59
81.504000 81.728000 64
81.728000 82.592000 64
82.688000 84.608000 61
85.056000 85.280000 64
85.280000 86.112000 63
86.144000 86.752000 61
86.752000 88.160000 59
88.640000 89.440000 64
89.536000 89.728000 64
89.824000 90.112000 61
90.752000 91.520000 62
91.520000 92.672000 59
93.408000 93.952000 62
94.176000 94.624000 61
95.136000 95.456000 64
95.552000 95.840000 62
95.904000 96.448000 62
96.640000 97.568000 57
97.760000 97.856000 56
98.336000 98.464000 57
98.848000 99.360000 62
99.520000 100.864000 61
100.864000 101.248000 54
101.312000 101.664000 56
102.432000 102.976000 61
103.104000 103.648000 62
103.808000 104.576000 57
105.056000 105.184000 57
105.184000 105.792000 61
105.952000 107.136000 59
107.424000 107.552000 57
107.744000 108.640000 61
109.280000 110.016000 64
110.176000 110.656000 62
110.848000 111.168000 57
111.328000 111.552000 56
111.552000 112.160000 59
113.088000 113.536000 62
113.728000 114.720000 61
114.912000 115.168000 57
115.360000 115.936000 57
116.608000 117.184000 61
117.280000 117.696000 62
117.696000 118.272000 58
118.464000 119.232000 56
119.328000 120.128000 57
120.224000 120.576000 59
121.088000 121.472000 61
121.792000 123.072000 62
123.168000 124.192000 64
124.672000 124.960000 58
125.088000 125.568000 56
125.568000 126.176000 59
126.176000 126.816000 66
127.360000 128.000000 58
128.000000 128.160000 65
128.288000 128.800000 66
128.928000 129.344000 64
129.344000 129.760000 62
129.760000 130.272000 64
130.464000 130.624000 64
130.720000 131.392000 61
131.712000 133.248000 60
133.248000 133.440000 66
133.568000 134.048000 66
134.464000 135.040000 59
135.040000 135.200000 66
135.328000 135.520000 65
135.520000 135.808000 66
135.968000 136.096000 64
136.256000 136.416000 64
136.416000 136.896000 62
136.896000 137.856000 66
137.856000 138.432000 61
138.528000 138.656000 63
138.784000 139.168000 64
139.328000 139.456000 61
139.456000 140.384000 59
140.672000 140.736000 64
140.736000 140.960000 64
141.088000 141.248000 61
141.248000 142.432000 62
142.432000 142.720000 64
142.912000 143.648000 61
143.776000 144.192000 64
144.192000 144.672000 62
144.896000 145.568000 66
145.920000 146.304000 59
146.400000 147.488000 58
147.616000 148.256000 66
148.512000 149.280000 57
149.568000 150.656000 66
150.656000 151.552000 62
151.968000 152.544000 64
152.672000 152.896000 61
152.896000 153.312000 64
153.536000 153.664000 59
153.824000 156.160000 59
163.552000 163.904000 59
168.128000 168.288000 59
168.992000 170.240000 61
170.368000 170.624000 66
170.688000 170.944000 62
171.008000 171.296000 61
171.584000 173.248000 62
173.760000 174.848000 64
175.072000 175.584000 61
175.584000 176.416000 58
176.416000 177.120000 61
177.568000 178.592000 63
178.656000 178.880000 61
178.880000 179.328000 61
179.328000 180.032000 63
180.224000 180.384000 63
180.480000 180.768000 64
180.864000 180.960000 63
181.536000 181.888000 59
182.112000 182.528000 56
182.528000 182.880000 57
182.880000 183.040000 59
183.040000 183.744000 66
183.840000 184.064000 66
184.192000 184.800000 58
184.800000 184.960000 65
185.120000 185.632000 66
185.728000 186.144000 64
186.144000 186.656000 63
186.656000 187.136000 64
187.328000 187.488000 64
187.584000 188.192000 61
188.640000 190.208000 59
190.208000 190.336000 66
190.432000 190.912000 66
191.328000 191.872000 58
191.872000 192.096000 66
192.224000 192.416000 64
192.416000 192.704000 66
192.832000 192.960000 64
193.120000 193.248000 64
193.248000 193.760000 62
193.760000 194.336000 64
194.432000 194.592000 66
194.592000 195.328000 64
195.424000 195.584000 63
195.680000 196.064000 64
196.256000 196.384000 61
196.384000 197.248000 60
197.600000 197.856000 64
198.048000 198.144000 61
198.144000 199.008000 59
199.104000 199.264000 61
199.328000 199.680000 64
199.808000 200.544000 61
200.672000 201.056000 64
201.056000 201.568000 62
201.792000 201.952000 66
201.952000 202.400000 65
202.400000 203.168000 62
203.264000 204.448000 63
204.448000 205.152000 66
205.504000 206.144000 57
206.432000 206.944000 66
207.104000 207.552000 65
207.552000 208.512000 62
208.864000 209.440000 65
209.568000 209.792000 62
209.792000 210.176000 64
210.432000 210.560000 59
210.720000 213.152000 61
213.248000 216.160000 64
216.640000 216.864000 64
216.864000 218.304000 63
218.304000 219.776000 59
220.224000 220.416000 64
220.416000 221.248000 64
221.344000 225.152000 64
