11.904000 12.384000 62
33.184000 33.504000 62
33.504000 33.728000 62
34.720000 35.136000 60
36.096000 36.800000 58
39.296000 39.424000 57
39.520000 39.808000 63
39.904000 41.024000 63
41.120000 41.824000 67
41.984000 42.336000 65
42.720000 42.944000 62
43.104000 43.680000 62
46.048000 46.464000 62
47.680000 48.064000 60
48.896000 49.152000 62
49.280000 49.568000 60
49.728000 50.304000 58
52.512000 52.640000 53
52.640000 52.864000 56
52.864000 53.088000 58
53.216000 53.600000 58
53.728000 53.920000 58
54.112000 54.624000 60
54.752000 55.104000 58
55.392000 55.872000 62
56.160000 56.832000 58
58.976000 60.000000 67
60.640000 60.832000 57
60.992000 61.152000 56
61.280000 61.472000 57
61.792000 63.264000 67
63.456000 63.712000 60
63.808000 64.384000 62
65.248000 65.472000 56
65.472000 66.496000 67
66.688000 66.848000 58
67.072000 67.328000 57
67.488000 67.648000 55
67.808000 68.064000 58
68.320000 69.856000 67
71.968000 73.056000 67
73.152000 73.344000 70
73.600000 73.984000 69
74.176000 74.432000 65
74.976000 75.104000 62
75.232000 75.616000 69
75.744000 76.096000 65
76.256000 76.448000 62
76.608000 76.736000 60
76.864000 77.440000 62
78.240000 78.688000 61
78.816000 79.488000 62
79.680000 79.840000 58
80.032000 80.480000 55
81.696000 81.984000 55
82.144000 83.648000 58
84.672000 84.768000 58
84.928000 85.536000 70
85.728000 86.016000 69
86.112000 86.784000 72
86.912000 87.232000 72
87.328000 87.968000 69
87.968000 89.184000 65
91.392000 92.032000 63
92.192000 92.800000 63
92.896000 93.280000 65
93.472000 93.856000 67
94.016000 94.336000 65
94.464000 94.688000 60
94.752000 95.808000 62
97.696000 97.888000 62
97.888000 99.776000 72
99.904000 101.440000 74
101.440000 101.792000 74
102.560000 103.104000 65
103.232000 103.328000 72
103.328000 103.936000 74
104.032000 104.224000 70
104.320000 105.472000 70
106.432000 106.656000 70
106.848000 107.200000 70
107.648000 107.840000 70
107.936000 108.960000 70
117.440000 117.536000 65
118.528000 118.656000 65
123.808000 124.064000 68
124.704000 125.376000 67
125.696000 125.792000 67
126.016000 126.144000 66
127.136000 127.424000 68
127.520000 127.648000 67
128.416000 128.512000 67
131.328000 131.456000 68
131.808000 131.904000 68
133.568000 133.696000 63
139.776000 139.936000 53
140.064000 140.672000 62
141.472000 141.632000 54
141.792000 142.208000 60
143.264000 143.488000 57
143.648000 144.224000 58
146.304000 146.400000 57
146.560000 147.072000 63
147.232000 147.584000 63
147.872000 148.160000 63
148.160000 148.352000 65
148.576000 148.896000 67
148.992000 149.312000 65
149.696000 149.920000 60
150.048000 150.624000 62
153.088000 153.696000 62
154.432000 154.592000 54
154.752000 155.200000 60
156.000000 156.480000 62
156.480000 157.440000 60
159.520000 159.776000 55
159.904000 161.024000 58
161.120000 161.536000 60
161.728000 162.080000 60
162.400000 162.880000 62
163.168000 164.064000 58
165.824000 165.952000 58
166.080000 167.136000 67
167.424000 167.520000 57
167.648000 167.872000 57
168.032000 168.192000 55
168.320000 168.640000 58
168.864000 169.152000 67
169.312000 170.240000 67
170.496000 170.720000 60
170.848000 171.328000 62
172.352000 172.512000 59
172.512000 173.504000 67
173.696000 173.888000 58
174.080000 174.368000 57
174.528000 174.720000 55
174.848000 175.136000 58
175.360000 176.992000 67
177.312000 177.504000 64
178.784000 178.880000 56
179.008000 179.552000 67
179.648000 180.064000 67
180.192000 180.384000 70
180.576000 181.024000 69
181.216000 181.472000 65
181.984000 182.112000 62
182.304000 182.656000 69
182.816000 183.168000 65
183.296000 183.456000 62
183.616000 183.776000 60
183.904000 184.416000 62
185.280000 186.464000 62
186.656000 186.880000 58
187.072000 187.456000 55
188.416000 188.672000 54
188.768000 189.120000 55
189.248000 191.072000 58
191.712000 191.840000 58
191.968000 192.576000 70
192.736000 193.824000 72
193.984000 194.240000 72
194.240000 194.304000 71
194.304000 195.008000 69
195.008000 196.256000 66
196.576000 196.864000 66
196.928000 196.960000 65
197.184000 197.312000 65
197.408000 197.568000 65
198.432000 199.040000 63
199.232000 199.552000 62
199.648000 199.840000 63
199.968000 200.288000 65
200.448000 200.896000 67
201.120000 201.408000 65
201.536000 201.728000 60
201.856000 202.816000 62
204.704000 204.896000 59
204.896000 206.752000 72
206.912000 207.648000 72
207.744000 208.256000 72
208.256000 208.800000 74
209.600000 209.664000 63
209.664000 210.112000 65
210.272000 210.976000 74
210.976000 211.264000 71
211.360000 212.320000 70
213.472000 213.728000 70
213.888000 214.272000 69
214.752000 214.944000 70
215.072000 216.000000 71
217.920000 218.208000 70
218.272000 218.528000 70
218.720000 219.232000 70
219.424000 219.808000 72
219.904000 220.160000 72
220.352000 220.768000 69
221.120000 222.048000 67
224.352000 224.416000 59
224.416000 225.024000 63
225.184000 225.472000 62
225.568000 226.208000 65
226.400000 227.104000 67
227.808000 228.000000 60
228.160000 229.184000 62
230.880000 232.224000 70
232.384000 232.736000 72
232.896000 233.568000 72
233.664000 233.920000 72
234.080000 234.912000 74
235.072000 235.168000 73
235.584000 236.096000 65
236.192000 236.960000 74
236.960000 237.152000 70
237.312000 238.336000 70
239.808000 240.288000 70
240.480000 240.800000 69
240.992000 242.112000 70
243.616000 244.160000 65
244.352000 244.672000 74
244.800000 245.376000 72
245.632000 246.912000 67
249.472000 250.080000 70
250.304000 250.784000 70
251.104000 254.336000 70
