8.480000 9.408000 61
9.408000 12.192000 63
12.544000 13.248000 58
13.248000 13.440000 55
13.568000 14.208000 54
14.304000 14.400000 53
14.528000 14.944000 55
15.072000 15.200000 51
15.200000 15.424000 49
15.520000 16.096000 49
16.480000 16.544000 47
16.544000 16.608000 48
16.608000 16.896000 49
16.896000 17.632000 52
17.632000 18.112000 54
18.432000 18.784000 54
18.880000 19.264000 56
19.360000 22.656000 58
23.968000 24.640000 58
24.640000 27.680000 63
28.032000 28.448000 58
28.608000 29.888000 56
29.984000 30.432000 56
30.432000 31.456000 52
31.936000 32.288000 49
32.384000 33.024000 51
33.024000 33.472000 54
34.144000 34.848000 56
34.848000 36.224000 58
36.320000 36.704000 56
36.832000 38.368000 54
39.520000 39.616000 54
39.616000 39.680000 55
39.680000 40.192000 61
40.192000 42.496000 63
42.496000 43.072000 58
43.328000 43.968000 56
44.032000 44.416000 58
44.544000 44.704000 53
44.800000 45.792000 54
45.984000 46.400000 57
46.400000 47.008000 58
47.424000 47.776000 58
47.904000 49.280000 63
49.376000 50.240000 63
50.304000 50.432000 56
50.432000 51.200000 58
51.200000 52.192000 57
52.288000 53.696000 57
55.008000 55.584000 58
55.584000 58.592000 63
58.944000 59.360000 58
59.584000 59.712000 56
59.712000 59.904000 55
60.032000 61.376000 55
61.376000 62.400000 52
62.880000 62.944000 47
62.944000 63.040000 48
63.040000 63.360000 49
63.360000 64.032000 52
64.032000 64.544000 54
65.280000 66.656000 58
66.784000 67.008000 56
67.008000 67.168000 54
67.296000 67.648000 56
67.776000 69.888000 55
78.240000 80.736000 62
80.832000 81.248000 63
81.248000 81.568000 62
81.568000 81.888000 58
82.240000 83.008000 58
83.008000 83.104000 54
83.232000 84.064000 54
84.192000 84.608000 55
84.608000 85.088000 51
85.216000 85.664000 49
86.176000 86.336000 48
86.336000 86.624000 49
86.624000 87.264000 52
87.264000 87.776000 54
88.160000 88.480000 54
88.576000 88.928000 56
89.056000 92.896000 58
93.632000 94.304000 58
94.304000 96.608000 63
96.704000 96.992000 61
96.992000 97.312000 60
97.728000 98.112000 58
98.272000 99.552000 56
99.680000 100.096000 55
100.096000 101.152000 52
101.632000 101.984000 49
102.112000 102.688000 51
102.688000 103.296000 54
103.840000 104.672000 57
104.672000 105.568000 58
105.568000 106.400000 56
106.496000 108.384000 54
109.184000 109.376000 56
109.376000 109.824000 60
109.824000 111.904000 63
111.904000 112.864000 60
113.056000 114.080000 58
114.176000 114.368000 53
114.464000 115.520000 54
115.680000 116.608000 58
117.088000 117.472000 58
117.568000 118.912000 63
119.040000 119.264000 63
119.264000 119.968000 62
119.968000 121.824000 58
121.952000 123.680000 56
124.672000 125.312000 58
125.312000 128.256000 63
128.640000 129.056000 58
129.248000 129.408000 56
129.408000 129.600000 54
129.696000 130.208000 54
130.368000 131.104000 56
131.104000 131.328000 52
131.424000 131.872000 49
131.936000 132.128000 49
132.608000 132.672000 47
132.672000 133.056000 49
133.056000 134.176000 54
134.976000 135.552000 57
135.552000 136.224000 58
136.448000 136.640000 56
136.640000 136.832000 54
136.928000 137.344000 56
137.440000 139.104000 54
140.224000 140.288000 55
140.288000 140.384000 57
140.384000 140.768000 58
140.768000 141.280000 62
141.280000 142.944000 63
142.944000 145.056000 60
145.216000 145.344000 54
145.440000 146.464000 54
146.656000 147.072000 57
147.072000 147.520000 58
148.064000 148.416000 58
148.576000 149.568000 63
149.664000 149.824000 63
149.984000 150.208000 63
150.208000 150.880000 62
150.880000 152.800000 60
152.928000 154.688000 56
155.584000 156.192000 59
156.288000 159.232000 63
159.488000 159.616000 54
159.616000 160.032000 58
160.192000 161.536000 56
161.632000 162.016000 55
162.016000 162.272000 52
162.368000 162.784000 49
162.912000 163.008000 49
163.552000 163.616000 46
163.616000 163.648000 47
163.648000 164.064000 50
164.064000 165.184000 54
165.920000 167.296000 58
167.424000 167.616000 56
167.616000 167.776000 54
167.904000 168.288000 56
168.416000 169.984000 54
171.328000 171.392000 48
171.392000 171.744000 49
171.744000 172.416000 51
172.416000 172.992000 54
173.600000 174.336000 57
174.336000 175.040000 58
175.136000 175.552000 56
175.648000 176.032000 56
176.160000 177.824000 54
