15.520000 15.648000 59
23.808000 24.160000 57
26.880000 27.392000 57
28.128000 28.352000 57
28.352000 28.832000 54
28.928000 29.184000 57
29.760000 30.176000 57
30.176000 30.400000 64
30.560000 30.784000 64
30.976000 31.200000 62
31.392000 31.744000 59
32.800000 33.024000 59
33.248000 33.632000 57
33.632000 34.240000 65
34.368000 34.656000 66
34.752000 35.872000 64
35.872000 36.160000 59
36.384000 37.216000 62
38.688000 39.040000 57
39.168000 39.456000 59
39.552000 39.744000 59
39.744000 40.160000 62
40.352000 40.544000 62
40.672000 40.992000 59
41.152000 41.792000 62
42.336000 42.528000 52
42.720000 42.976000 57
43.136000 43.264000 57
43.840000 44.064000 54
44.288000 44.640000 58
45.088000 45.152000 55
45.152000 45.248000 56
45.248000 45.440000 57
45.440000 45.952000 59
45.952000 46.432000 62
46.624000 46.816000 62
46.976000 47.488000 59
47.488000 47.808000 62
48.224000 48.480000 57
48.576000 49.024000 59
49.024000 51.104000 64
52.256000 52.480000 54
52.480000 53.056000 57
53.312000 53.600000 57
53.728000 53.984000 54
54.112000 54.560000 57
55.360000 55.488000 66
55.488000 55.616000 64
55.712000 56.256000 66
56.512000 56.640000 59
56.896000 57.472000 59
58.048000 58.336000 59
58.496000 58.848000 57
58.848000 58.880000 58
58.880000 58.912000 60
58.912000 58.976000 62
58.976000 61.152000 65
61.152000 61.440000 59
61.696000 62.400000 62
63.968000 64.288000 57
64.384000 64.992000 59
65.184000 65.760000 62
65.760000 67.008000 60
67.008000 67.200000 62
67.840000 69.024000 66
69.216000 69.952000 69
70.304000 70.944000 66
71.104000 72.320000 65
72.672000 73.056000 62
73.280000 73.696000 59
73.984000 75.744000 62
75.968000 76.096000 67
76.640000 78.400000 66
78.560000 78.944000 64
79.072000 79.136000 64
79.136000 79.424000 66
79.424000 80.096000 67
80.320000 81.856000 69
82.496000 82.560000 65
82.560000 82.784000 69
83.008000 83.520000 69
83.520000 83.968000 62
84.192000 84.832000 66
85.216000 85.312000 61
85.312000 88.096000 66
88.864000 89.536000 69
89.696000 89.888000 71
90.112000 90.688000 59
90.688000 91.552000 62
92.000000 92.064000 68
92.064000 92.352000 71
92.448000 92.768000 69
92.768000 93.088000 71
93.248000 93.440000 57
93.664000 93.888000 64
93.888000 94.240000 66
94.240000 94.784000 62
95.168000 95.264000 63
95.360000 96.224000 66
96.448000 96.736000 57
96.736000 96.800000 59
96.800000 96.832000 61
96.832000 97.600000 66
97.600000 98.592000 64
99.104000 99.552000 62
99.552000 100.576000 64
101.856000 103.392000 66
103.808000 104.224000 64
104.352000 104.416000 64
104.416000 104.672000 66
104.672000 104.928000 69
104.928000 105.376000 66
105.504000 107.040000 69
107.744000 108.064000 68
108.256000 108.832000 69
108.832000 109.216000 62
109.440000 110.144000 66
110.592000 111.296000 66
111.392000 113.472000 66
114.112000 114.208000 69
114.208000 114.816000 70
114.976000 115.232000 71
115.360000 115.488000 57
115.488000 116.032000 59
116.032000 116.896000 62
117.248000 117.312000 67
117.312000 117.984000 71
118.080000 118.240000 71
118.528000 118.752000 57
118.880000 119.072000 64
119.072000 119.648000 66
119.648000 119.968000 62
120.352000 121.504000 66
121.760000 122.048000 57
122.048000 122.112000 63
122.112000 122.240000 65
122.240000 122.752000 66
122.752000 123.648000 64
124.416000 124.832000 62
124.832000 125.760000 64
126.400000 126.688000 64
126.816000 127.008000 64
127.008000 127.232000 66
127.616000 127.776000 66
128.032000 129.664000 62
130.784000 130.944000 64
131.776000 132.672000 73
133.024000 133.312000 73
133.472000 133.696000 73
134.048000 135.136000 73
137.024000 137.440000 71
137.664000 137.920000 69
138.400000 138.560000 71
143.040000 143.296000 66
143.424000 143.520000 66
144.544000 144.960000 69
145.120000 145.376000 69
145.504000 145.760000 69
145.920000 146.176000 62
150.176000 150.464000 56
151.296000 151.520000 57
151.648000 151.840000 54
152.096000 152.320000 57
152.544000 152.672000 52
152.672000 152.768000 53
152.768000 153.280000 57
153.280000 153.504000 65
153.632000 153.856000 64
153.984000 154.176000 62
154.176000 154.592000 60
154.592000 154.848000 64
154.944000 155.616000 62
155.872000 156.256000 59
156.352000 156.704000 57
156.704000 156.736000 59
156.736000 157.312000 65
157.568000 157.792000 66
157.952000 158.944000 64
158.944000 159.712000 60
159.712000 160.416000 62
161.824000 162.176000 57
162.272000 162.784000 59
162.784000 162.976000 61
162.976000 163.616000 62
163.616000 164.160000 59
164.320000 164.800000 62
165.472000 165.792000 63
165.792000 166.176000 58
166.304000 166.560000 57
168.224000 168.352000 55
168.352000 168.576000 57
168.576000 169.120000 59
169.120000 169.536000 62
169.824000 170.016000 62
170.016000 170.432000 59
170.592000 171.136000 62
171.392000 171.680000 57
171.776000 172.096000 59
172.320000 173.632000 64
173.728000 173.952000 64
175.328000 176.320000 57
176.480000 176.672000 57
176.672000 177.152000 54
177.312000 177.568000 57
178.144000 178.496000 57
178.496000 179.136000 64
179.328000 179.872000 62
179.872000 180.640000 59
181.152000 181.440000 59
181.632000 181.856000 57
182.016000 182.720000 66
182.816000 183.008000 66
183.232000 183.904000 64
184.000000 184.160000 64
184.160000 184.224000 61
184.416000 184.672000 59
184.800000 186.368000 62
186.944000 187.552000 57
187.552000 188.224000 59
188.384000 189.056000 62
189.152000 189.440000 59
189.632000 190.496000 62
191.104000 191.776000 67
191.776000 192.096000 66
192.256000 193.248000 69
193.504000 193.824000 71
193.824000 194.080000 66
194.368000 194.624000 57
194.624000 195.456000 64
195.776000 196.160000 62
196.352000 196.768000 59
197.056000 197.280000 61
197.472000 198.656000 62
199.776000 201.504000 66
201.664000 201.792000 62
201.792000 202.272000 64
202.272000 203.264000 66
203.424000 205.312000 69
205.504000 205.600000 71
205.696000 205.856000 67
205.856000 206.720000 69
206.720000 207.136000 62
207.392000 208.032000 66
208.352000 211.360000 66
211.968000 212.672000 69
212.832000 213.088000 71
213.216000 213.888000 59
213.888000 214.752000 62
215.168000 215.520000 70
215.616000 215.904000 69
215.904000 216.288000 71
216.416000 216.640000 58
216.800000 216.864000 61
216.864000 217.024000 64
217.024000 217.440000 66
217.440000 217.920000 62
218.304000 219.392000 66
219.904000 219.968000 61
219.968000 220.032000 63
220.032000 220.672000 66
220.672000 220.768000 62
220.928000 221.664000 64
222.304000 222.720000 62
222.720000 223.392000 64
223.488000 223.776000 64
223.904000 224.128000 57
224.960000 225.024000 58
225.024000 226.624000 66
226.880000 227.520000 64
227.520000 228.512000 66
228.672000 228.896000 71
228.896000 231.968000 69
231.968000 232.352000 62
232.576000 233.280000 66
233.760000 234.432000 66
234.528000 236.704000 66
237.152000 237.216000 63
237.216000 237.280000 65
237.280000 237.344000 67
237.344000 237.952000 69
238.080000 238.400000 71
238.528000 239.104000 59
239.104000 240.032000 62
240.416000 241.536000 71
241.664000 241.888000 57
242.080000 242.592000 66
242.816000 243.168000 62
243.456000 244.608000 66
244.704000 244.832000 67
245.152000 245.216000 62
245.216000 245.952000 66
245.952000 247.040000 64
247.584000 248.000000 62
248.000000 249.024000 64
249.152000 249.632000 56
249.728000 249.984000 55
250.272000 250.336000 56
250.336000 251.872000 66
252.160000 252.672000 64
252.768000 253.088000 66
253.088000 253.792000 66
253.920000 255.648000 69
255.776000 255.904000 71
256.128000 256.192000 65
256.192000 257.312000 69
257.312000 257.632000 63
257.856000 258.592000 66
259.072000 259.712000 66
259.808000 262.400000 66
262.528000 263.648000 70
263.776000 264.352000 59
264.352000 265.312000 62
265.664000 266.752000 71
266.912000 267.136000 57
267.360000 267.840000 66
268.096000 268.448000 62
268.640000 269.888000 66
270.176000 270.432000 57
270.432000 272.320000 64
272.800000 273.248000 62
273.248000 274.240000 64
274.816000 275.072000 64
275.200000 275.680000 65
277.216000 277.568000 66
277.984000 279.552000 62
