15.840000 15.936000 58
15.936000 16.064000 60
16.192000 17.248000 60
17.248000 17.344000 64
17.344000 17.440000 66
17.440000 19.456000 63
19.744000 20.480000 67
20.480000 22.976000 63
23.520000 23.840000 60
24.032000 24.160000 57
24.256000 24.352000 58
24.480000 25.056000 65
25.056000 25.280000 60
25.408000 26.752000 63
27.232000 28.128000 66
28.128000 28.672000 60
28.672000 29.312000 59
29.312000 30.208000 56
38.720000 39.296000 63
39.296000 40.320000 70
40.320000 41.536000 67
41.536000 42.048000 64
42.208000 42.464000 61
42.464000 42.720000 63
42.720000 43.264000 67
43.392000 43.680000 65
43.680000 43.968000 63
44.096000 44.800000 65
44.800000 46.080000 62
46.400000 47.008000 60
47.008000 47.072000 62
47.072000 47.808000 66
47.808000 48.480000 63
48.480000 49.600000 60
50.176000 50.400000 57
50.496000 51.008000 60
51.200000 51.808000 57
51.904000 52.512000 58
52.512000 53.344000 56
54.272000 54.336000 57
54.336000 54.464000 60
54.592000 54.816000 60
54.816000 55.200000 58
55.296000 55.712000 60
55.712000 57.920000 63
58.112000 58.912000 67
58.912000 61.536000 63
62.080000 62.464000 60
62.816000 62.944000 59
63.072000 63.712000 64
63.712000 63.904000 60
63.968000 65.504000 63
65.984000 66.240000 66
66.240000 66.624000 67
66.624000 67.008000 64
67.008000 67.136000 58
67.488000 67.872000 60
67.968000 68.320000 56
68.480000 68.864000 56
77.600000 78.112000 63
78.112000 79.616000 70
79.616000 80.416000 67
80.416000 80.576000 65
80.576000 81.568000 63
81.568000 82.304000 67
82.304000 85.088000 63
85.440000 85.792000 60
85.888000 86.688000 66
86.688000 87.488000 63
87.488000 88.160000 60
88.160000 88.576000 58
89.120000 89.248000 56
89.408000 89.952000 60
90.080000 90.272000 58
90.400000 90.752000 56
90.848000 91.584000 58
91.584000 92.576000 56
93.280000 93.728000 67
93.824000 94.016000 67
94.016000 94.368000 68
94.368000 95.232000 65
95.232000 96.896000 70
97.024000 98.272000 65
98.272000 98.592000 61
98.592000 100.512000 64
101.024000 101.408000 63
101.600000 102.528000 63
102.528000 102.880000 60
103.008000 103.840000 68
103.968000 104.096000 68
104.096000 104.672000 64
104.960000 105.536000 60
105.664000 105.952000 59
105.952000 106.304000 57
106.432000 106.752000 58
106.880000 108.128000 60
108.800000 110.560000 64
110.560000 112.096000 65
112.096000 112.384000 68
112.640000 114.752000 70
114.752000 116.160000 65
116.672000 117.024000 58
117.120000 117.376000 58
117.376000 117.984000 61
118.144000 118.336000 63
118.336000 120.064000 58
120.640000 120.896000 56
120.928000 121.344000 56
121.696000 122.208000 53
124.416000 124.576000 58
124.768000 125.120000 60
125.248000 125.376000 56
125.504000 125.920000 60
125.920000 128.192000 63
128.384000 129.120000 68
129.120000 131.744000 63
132.320000 132.672000 60
132.672000 133.184000 57
133.184000 133.248000 60
133.248000 133.824000 65
133.824000 135.776000 63
136.256000 136.800000 67
136.800000 136.896000 65
136.896000 137.248000 63
137.248000 137.664000 58
137.760000 138.560000 58
138.560000 139.424000 56
147.840000 148.320000 63
148.416000 149.216000 70
149.216000 150.624000 68
150.624000 150.784000 65
150.784000 151.840000 63
151.840000 153.120000 66
153.248000 154.016000 66
154.016000 155.328000 63
155.616000 156.160000 60
156.256000 156.896000 66
156.896000 157.120000 64
157.120000 157.696000 63
157.696000 159.008000 59
159.200000 159.264000 54
159.424000 159.616000 56
159.616000 160.288000 60
160.320000 162.176000 58
162.272000 162.368000 56
162.528000 162.752000 56
163.584000 163.872000 70
163.872000 165.056000 71
165.056000 169.856000 68
