34.912000 35.232000 62
35.392000 36.032000 66
36.192000 36.448000 64
36.832000 36.992000 62
37.152000 37.536000 60
38.496000 38.656000 58
38.816000 38.944000 60
41.664000 41.824000 56
41.824000 41.984000 57
41.984000 42.336000 62
42.464000 43.136000 63
44.192000 44.320000 58
44.512000 44.608000 58
48.032000 48.352000 58
48.352000 48.576000 60
48.576000 49.120000 66
49.888000 50.080000 60
50.272000 50.432000 60
50.656000 51.072000 66
53.312000 53.568000 64
53.728000 54.304000 66
54.528000 55.104000 64
55.264000 55.872000 62
56.800000 56.960000 61
57.216000 57.376000 57
58.080000 58.208000 57
61.536000 61.664000 61
61.664000 61.888000 62
61.888000 61.952000 63
61.952000 63.136000 66
63.360000 63.584000 62
63.776000 64.512000 61
65.056000 65.248000 57
65.408000 65.856000 59
68.288000 68.576000 56
68.576000 68.640000 58
68.640000 69.440000 63
69.632000 69.984000 62
70.656000 70.848000 57
71.072000 71.232000 57
71.520000 71.808000 59
74.848000 75.200000 59
75.200000 75.264000 60
75.264000 75.872000 66
76.288000 76.512000 59
76.672000 76.896000 59
77.184000 77.952000 66
79.904000 80.192000 63
80.384000 81.056000 66
81.184000 81.440000 64
81.568000 82.080000 63
82.208000 82.528000 63
84.512000 85.760000 62
89.504000 89.984000 62
89.984000 90.272000 69
90.496000 91.296000 72
91.392000 92.032000 71
92.192000 92.448000 69
92.544000 93.024000 71
93.440000 93.728000 67
93.952000 94.240000 70
94.816000 95.360000 69
95.904000 97.024000 70
97.184000 97.504000 66
97.600000 97.920000 67
98.400000 98.688000 64
98.816000 99.328000 66
99.328000 99.648000 67
99.648000 100.000000 70
100.128000 100.384000 69
100.512000 100.768000 67
100.928000 101.760000 66
102.464000 103.360000 66
103.456000 103.584000 62
103.808000 104.160000 65
104.288000 104.928000 64
105.440000 106.208000 64
106.304000 106.592000 73
106.720000 108.576000 71
108.800000 109.664000 67
109.824000 110.144000 62
110.144000 112.064000 71
112.192000 113.024000 70
113.152000 113.248000 71
113.440000 113.728000 67
113.920000 114.304000 70
114.752000 115.328000 69
115.872000 116.128000 69
116.288000 117.120000 70
117.216000 117.952000 66
118.368000 118.784000 64
118.784000 119.200000 66
119.200000 121.248000 67
121.248000 121.920000 66
122.560000 123.296000 66
123.392000 123.584000 62
123.776000 124.544000 65
124.640000 125.120000 64
125.472000 125.760000 64
125.888000 126.176000 64
126.176000 126.208000 67
126.208000 127.456000 72
127.456000 129.408000 69
130.336000 132.512000 67
141.280000 141.504000 58
144.992000 145.376000 62
145.472000 146.624000 66
146.752000 146.976000 62
147.104000 147.840000 60
148.288000 148.864000 57
149.056000 149.440000 60
151.648000 151.840000 55
151.840000 152.000000 56
152.000000 152.416000 63
152.544000 153.344000 63
153.888000 154.080000 57
154.176000 154.464000 59
158.400000 158.656000 59
158.656000 158.752000 61
158.752000 159.488000 66
159.712000 159.968000 59
160.096000 160.320000 59
160.480000 161.440000 66
163.392000 163.584000 64
163.776000 164.480000 66
164.640000 165.280000 64
165.408000 166.176000 63
167.008000 167.456000 61
167.616000 167.744000 56
167.904000 168.096000 57
168.384000 168.736000 57
171.712000 172.032000 62
172.032000 173.280000 66
173.376000 174.432000 61
175.008000 175.296000 57
175.456000 176.032000 59
178.432000 178.560000 57
178.560000 178.624000 58
178.624000 178.688000 59
178.688000 179.296000 64
179.456000 179.680000 62
180.448000 180.640000 56
180.992000 181.088000 57
181.280000 181.824000 59
184.992000 185.408000 59
185.408000 186.272000 65
186.400000 186.528000 59
186.688000 186.976000 59
187.136000 188.256000 66
190.048000 190.304000 64
190.464000 191.264000 66
191.392000 191.648000 64
191.744000 192.864000 63
193.312000 193.696000 64
193.792000 194.144000 67
194.464000 195.776000 62
196.384000 196.704000 62
196.704000 196.992000 69
197.152000 198.656000 72
198.816000 199.936000 71
200.032000 200.416000 67
200.576000 201.280000 69
201.376000 202.144000 69
202.528000 203.616000 70
203.776000 204.704000 66
205.056000 205.120000 61
205.120000 205.344000 64
205.472000 205.888000 66
205.888000 206.272000 67
206.272000 206.624000 70
206.752000 207.040000 69
207.136000 207.456000 67
207.584000 208.672000 66
209.056000 209.664000 67
209.664000 210.304000 64
210.496000 211.136000 66
211.232000 211.680000 64
212.096000 212.192000 67
212.192000 212.928000 64
212.928000 213.248000 73
213.376000 215.168000 71
215.424000 216.224000 67
216.320000 216.608000 61
216.704000 219.744000 71
219.872000 219.968000 70
220.064000 220.416000 67
220.544000 220.928000 71
221.312000 222.112000 69
222.560000 222.816000 69
222.976000 223.328000 70
223.424000 223.776000 71
224.000000 224.800000 67
225.056000 225.440000 64
225.440000 225.856000 66
225.856000 227.808000 67
227.808000 228.736000 66
229.184000 229.920000 66
230.016000 230.176000 61
230.336000 231.680000 64
232.096000 232.416000 64
232.544000 232.832000 64
232.832000 234.080000 72
234.080000 236.480000 69
236.704000 237.184000 67
237.312000 243.712000 67
243.840000 245.504000 73
245.632000 246.016000 71
246.016000 246.848000 73
246.848000 247.264000 69
247.392000 249.056000 71
249.440000 250.496000 72
250.656000 251.552000 69
251.808000 252.000000 69
252.000000 252.224000 65
252.352000 252.800000 68
252.800000 253.152000 69
253.152000 253.504000 72
253.632000 254.016000 71
254.016000 254.304000 69
254.464000 255.616000 68
255.936000 256.832000 68
257.248000 259.680000 66
259.840000 261.952000 74
262.304000 262.880000 69
262.880000 263.168000 70
263.168000 263.520000 64
263.616000 265.568000 73
265.664000 266.016000 71
266.144000 266.592000 73
266.944000 267.296000 69
267.424000 269.216000 71
269.408000 269.728000 73
269.856000 270.176000 73
270.272000 270.816000 71
270.816000 271.520000 68
271.904000 273.152000 68
273.152000 273.920000 72
273.920000 275.648000 68
276.096000 276.896000 68
276.896000 277.152000 64
277.280000 278.784000 66
279.040000 279.296000 66
279.424000 279.776000 66
279.776000 280.928000 74
280.928000 283.264000 71
283.392000 286.976000 69
290.432000 293.856000 69
