27.552000 27.968000 58
28.448000 28.736000 58
28.832000 29.728000 58
30.016000 30.240000 58
30.432000 31.104000 59
31.200000 31.456000 59
32.000000 32.256000 59
32.384000 33.056000 59
33.184000 33.504000 57
33.600000 33.824000 56
34.016000 34.592000 56
34.784000 35.136000 53
35.264000 35.360000 53
35.968000 36.448000 53
39.296000 39.552000 55
39.648000 41.536000 58
41.664000 41.920000 58
42.048000 42.624000 58
42.816000 43.168000 58
43.168000 44.224000 61
44.832000 45.088000 59
45.216000 46.272000 59
46.464000 46.656000 56
46.912000 47.584000 57
48.064000 48.960000 63
51.520000 52.064000 62
52.384000 53.920000 60
55.648000 57.184000 62
57.664000 58.336000 62
58.432000 59.488000 64
59.584000 61.184000 62
61.632000 62.240000 65
62.368000 63.936000 64
64.768000 65.536000 64
65.664000 66.016000 63
66.016000 66.272000 61
66.432000 66.752000 60
66.848000 67.136000 60
67.232000 67.584000 60
68.064000 68.736000 64
68.832000 69.376000 64
69.600000 69.920000 60
70.016000 70.304000 60
70.400000 70.944000 57
71.200000 73.312000 60
76.800000 77.568000 60
77.664000 77.920000 62
78.080000 78.368000 64
78.464000 78.528000 69
78.528000 78.816000 72
78.816000 79.328000 68
79.712000 80.672000 60
80.832000 82.304000 60
82.304000 82.752000 59
83.232000 84.000000 59
84.000000 85.120000 61
85.248000 85.312000 68
85.312000 85.984000 71
85.984000 86.336000 67
86.432000 87.072000 67
87.232000 89.024000 60
89.568000 89.888000 60
90.112000 90.400000 60
90.400000 91.136000 62
91.232000 91.520000 60
91.520000 91.584000 61
91.584000 92.256000 65
92.480000 93.568000 57
94.432000 94.720000 65
94.848000 95.456000 64
95.584000 96.512000 68
96.512000 97.184000 64
97.696000 100.576000 72
102.304000 102.624000 60
102.784000 103.072000 60
103.072000 103.872000 62
104.032000 104.320000 71
104.448000 105.088000 69
105.248000 108.384000 60
108.768000 109.056000 59
109.184000 109.472000 59
109.600000 110.720000 61
110.848000 111.008000 69
111.008000 111.488000 71
111.488000 111.872000 67
111.968000 112.768000 67
112.864000 114.528000 60
115.168000 115.488000 60
115.584000 115.904000 60
116.032000 116.704000 62
116.896000 116.960000 62
117.184000 117.248000 63
117.248000 117.728000 66
118.080000 118.720000 61
119.680000 121.312000 62
122.816000 123.776000 60
129.952000 131.072000 59
131.200000 131.456000 57
131.584000 132.224000 58
132.416000 133.248000 57
133.408000 133.728000 59
134.368000 134.656000 59
134.784000 135.104000 59
135.200000 135.552000 59
135.552000 136.288000 56
136.416000 136.928000 55
137.248000 137.952000 52
138.656000 138.752000 53
141.568000 141.856000 55
142.016000 142.080000 55
142.080000 142.240000 56
142.240000 142.720000 58
142.816000 143.456000 59
143.616000 143.904000 59
144.000000 144.256000 57
144.416000 145.344000 59
145.600000 146.272000 62
146.368000 146.720000 59
147.168000 147.904000 59
148.032000 148.672000 58
148.832000 150.240000 57
150.432000 151.328000 62
151.328000 152.320000 60
154.048000 154.528000 64
154.816000 156.288000 60
157.984000 158.368000 63
158.464000 159.456000 62
159.968000 161.088000 62
161.184000 162.656000 63
162.752000 163.072000 62
163.168000 163.552000 62
163.936000 166.688000 64
167.264000 167.520000 64
167.616000 167.904000 65
168.032000 168.512000 64
168.864000 169.088000 60
169.216000 169.504000 59
169.632000 169.984000 60
170.368000 171.072000 64
171.168000 171.712000 64
171.968000 172.256000 60
172.384000 172.672000 60
172.896000 173.088000 57
173.312000 173.440000 57
173.536000 176.928000 60
179.360000 179.488000 60
179.744000 180.256000 61
180.480000 180.672000 64
180.800000 181.184000 71
181.184000 181.824000 69
182.080000 183.136000 60
183.232000 184.384000 61
184.384000 185.152000 59
185.696000 186.368000 59
186.368000 187.072000 61
187.168000 187.232000 70
187.232000 187.488000 73
187.584000 188.064000 70
188.064000 188.704000 67
188.800000 189.408000 67
189.632000 191.456000 60
192.000000 192.160000 59
192.160000 192.736000 60
192.736000 193.472000 62
193.632000 194.016000 60
194.016000 194.592000 66
194.752000 194.976000 65
195.072000 195.968000 57
196.768000 197.088000 65
197.248000 197.856000 64
197.984000 198.528000 68
198.528000 198.784000 71
198.784000 199.072000 64
199.168000 199.552000 64
200.000000 203.328000 72
204.768000 205.024000 59
205.184000 205.504000 60
205.600000 206.272000 62
206.368000 206.432000 69
206.432000 206.656000 71
206.816000 207.456000 69
207.680000 210.688000 60
211.136000 211.456000 58
211.616000 211.840000 59
211.968000 213.088000 61
213.216000 213.344000 69
213.344000 213.888000 71
213.888000 215.104000 67
215.104000 216.992000 60
217.536000 217.856000 59
217.952000 218.272000 60
218.400000 219.104000 62
219.200000 219.584000 60
219.584000 220.224000 66
220.384000 220.544000 65
220.544000 221.344000 60
221.984000 224.576000 62
225.216000 228.736000 60
229.376000 229.472000 59
229.600000 229.696000 59
236.448000 236.544000 59
236.640000 236.768000 59
238.048000 238.784000 60
238.784000 242.848000 67
243.296000 243.456000 60
243.584000 243.904000 60
244.000000 244.672000 62
244.800000 244.928000 70
244.928000 245.088000 72
245.248000 245.984000 69
246.112000 249.152000 60
249.536000 249.888000 58
250.016000 250.240000 59
250.368000 250.752000 60
250.752000 251.136000 62
251.232000 251.488000 62
251.584000 251.744000 69
251.744000 252.320000 71
252.320000 252.704000 67
252.800000 253.504000 67
253.504000 255.424000 60
255.616000 255.680000 62
255.936000 256.224000 60
256.352000 256.672000 60
256.768000 257.440000 62
257.568000 258.016000 60
258.016000 258.624000 66
258.816000 258.976000 65
258.976000 259.936000 60
260.512000 262.912000 62
263.712000 265.984000 60
