23.936000 24.096000 59
24.864000 25.760000 61
26.016000 27.168000 57
27.776000 27.936000 57
28.160000 28.352000 59
28.512000 29.536000 59
30.272000 31.072000 56
31.168000 31.616000 57
31.616000 31.712000 58
31.712000 32.640000 64
33.216000 34.080000 56
34.336000 34.624000 57
34.752000 35.200000 55
36.512000 37.344000 61
37.536000 37.888000 54
37.888000 38.656000 57
39.328000 39.488000 57
39.680000 39.904000 59
40.128000 41.120000 59
41.856000 42.144000 57
42.272000 43.200000 56
43.328000 44.256000 52
44.736000 46.240000 56
46.336000 47.264000 54
48.000000 48.128000 59
48.128000 51.904000 60
53.056000 53.280000 56
53.440000 54.144000 57
54.368000 55.680000 59
55.872000 56.192000 61
56.192000 57.280000 57
59.520000 62.112000 61
62.944000 63.136000 65
64.672000 64.832000 56
65.024000 65.600000 58
65.696000 66.304000 59
66.432000 66.688000 61
66.880000 67.328000 57
67.328000 68.544000 54
71.072000 72.096000 62
72.096000 73.248000 54
74.464000 74.592000 54
74.784000 75.712000 56
75.872000 76.480000 59
76.768000 79.936000 57
81.600000 81.920000 57
81.920000 83.040000 59
83.040000 83.328000 61
83.456000 83.840000 61
83.936000 84.224000 61
84.640000 84.800000 61
84.992000 85.152000 61
86.304000 86.560000 59
86.688000 86.976000 61
86.976000 87.328000 64
87.488000 88.000000 61
88.128000 88.320000 57
88.576000 89.728000 56
90.176000 90.496000 55
93.184000 94.112000 61
94.272000 94.368000 63
94.656000 96.576000 62
97.600000 98.112000 61
98.240000 98.400000 62
98.528000 98.976000 64
99.072000 99.680000 62
99.680000 100.032000 59
100.192000 100.320000 59
100.480000 102.304000 59
104.704000 105.024000 57
105.152000 105.408000 59
105.408000 105.760000 57
105.856000 107.392000 61
107.488000 108.384000 61
109.472000 110.016000 61
110.176000 110.432000 64
110.528000 111.168000 68
111.296000 111.552000 68
111.552000 111.872000 66
112.064000 112.224000 61
112.544000 112.576000 61
112.736000 112.928000 61
113.088000 113.312000 61
113.536000 113.920000 58
114.144000 114.368000 57
114.784000 115.136000 57
116.352000 116.544000 61
116.704000 116.928000 61
117.088000 117.600000 61
117.824000 118.592000 54
119.264000 119.456000 53
119.680000 119.840000 54
120.000000 120.128000 56
120.256000 121.024000 56
121.792000 122.016000 56
122.368000 122.624000 59
122.848000 123.360000 56
123.520000 123.744000 56
123.968000 124.384000 58
124.384000 125.280000 61
134.752000 135.584000 61
135.904000 136.864000 57
137.632000 138.208000 59
138.432000 138.752000 61
138.944000 139.584000 59
140.128000 141.408000 56
141.600000 142.304000 52
142.688000 143.296000 56
143.424000 143.712000 56
144.000000 144.320000 56
144.320000 144.960000 54
146.240000 146.336000 57
146.336000 147.264000 61
147.648000 148.480000 57
149.248000 149.312000 55
149.312000 150.176000 59
150.336000 150.944000 59
151.712000 151.968000 56
152.160000 152.448000 56
152.768000 153.120000 57
153.248000 153.824000 52
154.272000 155.392000 56
155.552000 155.808000 57
155.808000 156.608000 54
157.888000 158.752000 62
158.752000 160.256000 54
161.216000 161.728000 55
161.856000 162.432000 56
162.592000 163.232000 59
163.520000 166.464000 57
168.352000 168.672000 57
168.672000 168.928000 59
169.056000 169.376000 57
169.504000 171.136000 61
171.232000 171.712000 61
171.872000 172.160000 60
173.088000 173.440000 59
173.440000 173.664000 61
173.856000 174.144000 64
174.208000 174.752000 61
175.424000 175.520000 57
175.648000 176.032000 57
176.096000 176.448000 57
176.480000 176.512000 57
176.608000 177.184000 57
177.472000 177.728000 57
180.000000 180.864000 61
181.024000 183.744000 62
184.224000 184.864000 61
185.024000 185.216000 62
185.344000 185.792000 64
185.792000 186.880000 62
187.168000 189.376000 59
191.488000 191.648000 56
192.032000 192.352000 58
192.608000 193.024000 61
193.120000 195.040000 61
196.224000 196.288000 59
196.288000 196.800000 61
196.800000 197.120000 64
197.280000 197.888000 68
197.984000 198.336000 68
198.336000 198.528000 66
198.720000 199.008000 61
199.616000 200.064000 61
201.120000 201.376000 57
201.504000 201.824000 57
203.104000 203.296000 61
203.456000 203.680000 61
203.808000 204.032000 61
204.224000 204.384000 55
204.544000 205.120000 54
206.048000 206.272000 54
207.072000 207.712000 56
208.480000 208.768000 67
209.056000 209.408000 64
209.600000 209.888000 64
210.048000 210.400000 67
210.528000 211.552000 66
215.712000 216.960000 61
217.056000 217.376000 61
217.536000 217.696000 59
217.920000 218.176000 60
218.368000 220.448000 59
221.472000 222.752000 64
222.912000 223.232000 61
223.424000 223.872000 59
224.000000 226.464000 61
227.296000 228.864000 61
229.056000 229.344000 59
229.472000 229.696000 61
229.824000 232.320000 65
232.864000 232.992000 56
233.088000 234.496000 57
234.592000 234.816000 54
234.976000 235.520000 52
235.680000 237.504000 61
237.632000 237.792000 61
237.792000 237.952000 59
238.848000 239.936000 61
239.936000 240.992000 54
242.240000 242.816000 56
242.912000 243.456000 56
243.616000 244.256000 59
244.608000 244.800000 58
245.056000 245.376000 57
245.472000 245.888000 57
