16.352000 16.896000 59
17.088000 17.312000 59
17.504000 17.664000 56
17.856000 18.240000 59
18.592000 19.584000 64
19.680000 19.936000 64
20.128000 20.320000 61
20.320000 20.800000 64
20.896000 21.152000 61
21.152000 21.664000 64
21.664000 22.016000 68
22.176000 22.528000 67
22.656000 24.512000 66
25.280000 25.472000 58
25.472000 25.824000 63
25.920000 26.208000 64
26.336000 26.656000 64
26.752000 27.040000 59
27.040000 27.648000 64
27.840000 28.128000 67
28.128000 28.416000 64
28.704000 29.152000 65
29.280000 29.984000 66
30.080000 30.368000 64
30.464000 31.616000 66
32.992000 33.312000 59
33.312000 33.952000 56
34.176000 34.528000 56
34.528000 34.912000 59
35.296000 36.224000 64
36.352000 36.576000 64
36.576000 36.800000 62
36.960000 37.312000 64
37.312000 38.016000 62
38.016000 38.112000 64
38.240000 38.656000 67
38.848000 39.168000 67
39.264000 39.456000 66
39.552000 39.840000 66
40.000000 41.152000 66
41.952000 42.048000 59
42.144000 42.656000 64
42.784000 43.328000 64
43.424000 43.712000 60
43.712000 43.808000 62
43.808000 44.320000 65
44.608000 45.088000 67
45.440000 46.624000 66
46.752000 46.944000 64
47.104000 49.056000 66
51.776000 51.904000 59
52.160000 52.480000 59
52.576000 54.784000 68
54.912000 55.232000 64
55.328000 55.488000 63
55.488000 55.776000 60
55.936000 56.672000 64
56.768000 57.536000 64
58.016000 58.144000 60
58.240000 58.528000 64
58.688000 59.936000 66
60.224000 61.024000 66
61.152000 61.248000 66
61.376000 61.504000 66
61.664000 62.336000 66
62.336000 62.496000 68
62.592000 63.104000 66
63.264000 63.520000 64
63.648000 63.968000 66
64.224000 64.576000 59
64.672000 65.024000 59
65.120000 65.344000 57
65.504000 66.656000 64
67.008000 68.352000 65
68.448000 69.056000 65
69.280000 69.696000 67
69.888000 70.368000 66
70.368000 71.104000 61
71.552000 72.416000 66
72.576000 72.800000 68
72.896000 73.376000 68
73.824000 74.784000 64
74.976000 77.792000 66
78.368000 78.560000 59
78.816000 79.136000 59
79.232000 80.000000 68
80.128000 81.184000 68
81.376000 82.016000 64
82.176000 82.592000 59
82.592000 82.944000 63
83.040000 84.320000 64
84.704000 84.864000 59
84.960000 86.592000 65
86.944000 87.712000 66
87.840000 89.120000 66
89.120000 89.152000 68
89.280000 89.888000 65
90.112000 90.624000 65
90.880000 90.944000 68
90.944000 91.616000 71
91.744000 92.032000 66
92.192000 93.280000 64
93.664000 94.432000 63
94.528000 94.912000 64
95.072000 95.712000 64
95.936000 96.096000 68
96.288000 97.504000 68
98.176000 99.136000 66
99.232000 99.488000 68
99.584000 100.064000 68
100.512000 100.960000 63
101.120000 101.760000 64
101.760000 103.456000 60
103.456000 105.888000 66
107.872000 110.048000 57
111.456000 111.744000 72
112.160000 115.456000 76
116.288000 116.480000 59
116.672000 116.832000 59
116.992000 117.024000 59
117.184000 117.920000 60
118.016000 118.048000 60
118.080000 118.240000 60
119.232000 119.456000 64
119.456000 120.032000 62
120.128000 120.288000 64
120.288000 120.448000 61
120.544000 120.768000 64
120.896000 121.216000 61
121.216000 121.536000 64
121.632000 122.144000 66
122.336000 122.400000 64
122.400000 122.688000 71
122.848000 123.200000 71
123.392000 123.616000 71
123.712000 124.384000 71
124.512000 125.088000 69
125.088000 125.504000 64
125.888000 126.656000 66
126.656000 127.456000 64
127.808000 128.064000 59
128.064000 128.608000 67
128.832000 129.088000 64
129.280000 131.744000 66
133.312000 133.440000 64
135.136000 135.296000 59
135.520000 135.840000 59
135.936000 138.144000 68
138.272000 138.368000 64
138.464000 138.784000 64
138.784000 139.104000 60
139.264000 140.000000 64
140.096000 140.768000 64
141.216000 141.312000 59
141.472000 141.664000 59
141.792000 142.112000 64
142.208000 143.232000 66
143.648000 144.352000 67
144.480000 144.576000 66
144.704000 144.832000 66
144.992000 145.248000 66
145.248000 145.440000 64
145.536000 145.664000 66
145.664000 145.856000 68
145.952000 146.080000 66
146.176000 146.528000 66
146.656000 146.912000 64
147.040000 147.296000 66
147.680000 147.872000 59
148.000000 148.320000 59
148.448000 148.672000 64
148.832000 150.016000 64
150.336000 151.264000 64
151.360000 152.416000 65
152.576000 153.120000 67
153.280000 153.728000 66
153.728000 154.496000 61
154.912000 155.744000 66
155.872000 156.128000 68
156.224000 156.736000 68
157.152000 157.984000 68
157.984000 159.808000 66
159.904000 161.440000 66
161.792000 161.952000 59
162.144000 162.464000 59
162.464000 162.560000 60
162.560000 163.360000 68
163.488000 164.544000 68
164.704000 165.376000 64
165.536000 165.920000 59
165.920000 166.272000 64
166.368000 167.520000 64
168.064000 168.288000 59
168.288000 168.608000 64
168.704000 169.856000 66
170.304000 171.040000 66
171.168000 171.904000 66
172.000000 172.160000 64
172.160000 172.192000 67
172.192000 172.640000 69
172.640000 173.248000 65
173.408000 174.016000 66
174.208000 174.944000 71
175.104000 175.360000 66
175.552000 176.640000 64
176.960000 177.760000 69
177.856000 178.272000 66
178.432000 179.040000 64
179.232000 179.520000 67
179.680000 180.928000 68
181.504000 182.432000 66
182.560000 182.784000 68
182.880000 183.360000 68
183.840000 184.608000 68
184.736000 188.576000 66
190.944000 191.616000 59
191.776000 191.968000 58
192.192000 194.144000 64
195.488000 196.128000 66
196.256000 196.672000 66
196.864000 197.408000 65
197.600000 197.920000 67
198.112000 198.784000 66
199.968000 200.960000 66
201.152000 201.792000 68
202.496000 203.040000 68
203.200000 203.840000 67
204.064000 204.416000 66
204.416000 204.768000 61
206.016000 208.128000 64
