1.856000 2.368000 64
2.752000 3.456000 65
4.320000 7.456000 64
7.648000 8.160000 64
8.288000 8.416000 63
9.216000 9.376000 63
10.112000 10.336000 63
11.456000 11.488000 63
11.648000 12.096000 64
12.544000 13.152000 64
14.080000 14.592000 64
14.688000 14.784000 64
15.008000 15.456000 64
15.584000 15.840000 61
15.968000 16.384000 61
16.384000 16.992000 64
17.472000 17.664000 63
18.080000 18.208000 63
18.592000 18.688000 61
19.008000 19.136000 63
19.872000 20.128000 63
21.440000 21.952000 64
22.176000 22.272000 63
22.368000 23.200000 63
23.296000 23.776000 61
23.904000 24.096000 62
24.512000 25.248000 63
25.440000 26.144000 58
26.976000 27.168000 61
27.264000 27.680000 63
27.872000 28.512000 61
28.576000 29.760000 63
30.016000 30.336000 58
30.336000 30.656000 61
31.232000 31.392000 63
31.648000 32.256000 68
32.256000 33.440000 64
33.696000 33.824000 63
34.080000 34.752000 68
34.752000 35.904000 64
36.416000 36.672000 63
36.672000 37.120000 58
37.376000 37.856000 63
37.888000 38.112000 62
38.880000 38.944000 61
38.944000 39.072000 63
39.328000 39.360000 58
39.520000 39.680000 62
39.808000 40.384000 62
41.344000 41.600000 58
41.600000 42.176000 63
42.272000 42.624000 64
42.976000 43.168000 65
43.168000 43.456000 63
43.712000 43.936000 57
43.936000 44.096000 59
44.096000 44.608000 63
44.736000 45.120000 65
45.408000 46.048000 63
46.272000 46.400000 67
46.400000 46.528000 65
46.528000 46.688000 63
46.688000 46.784000 61
46.784000 47.680000 56
47.840000 48.000000 56
48.192000 48.576000 56
48.608000 48.672000 59
48.672000 49.024000 65
49.120000 49.632000 59
49.632000 50.400000 63
51.104000 51.392000 58
51.392000 51.968000 63
52.064000 52.448000 64
53.600000 53.728000 57
53.728000 53.824000 58
53.824000 54.464000 63
54.560000 54.880000 65
55.264000 55.296000 62
55.360000 55.744000 62
56.224000 56.288000 67
56.288000 56.448000 65
56.448000 56.576000 63
56.672000 56.864000 62
56.960000 57.536000 61
58.176000 58.464000 61
58.464000 58.688000 68
58.688000 59.264000 63
59.392000 59.936000 65
60.032000 60.352000 61
60.352000 61.376000 72
61.376000 62.016000 68
62.144000 62.624000 64
62.720000 63.072000 63
63.072000 63.392000 65
63.392000 63.712000 67
63.712000 64.224000 65
64.224000 64.896000 68
65.024000 65.824000 63
66.144000 66.368000 63
66.560000 66.720000 60
66.720000 67.520000 65
67.968000 68.384000 64
68.608000 68.800000 64
68.928000 69.248000 64
69.344000 69.792000 65
69.792000 70.016000 62
70.112000 71.232000 72
71.232000 71.264000 68
71.392000 71.872000 68
72.032000 72.256000 65
72.256000 72.416000 63
72.608000 72.832000 63
72.832000 74.144000 65
74.336000 74.688000 68
74.848000 75.392000 64
75.488000 75.776000 61
75.936000 76.032000 63
76.128000 76.224000 62
76.224000 76.416000 60
76.544000 76.640000 61
76.896000 77.408000 65
77.760000 77.824000 61
77.824000 78.080000 64
78.208000 78.688000 63
79.008000 79.360000 67
79.360000 80.320000 63
80.704000 80.864000 65
81.280000 81.440000 65
82.848000 83.168000 65
83.680000 84.096000 64
84.160000 84.352000 61
84.704000 85.184000 62
85.184000 85.664000 64
86.048000 86.464000 64
86.656000 86.784000 63
87.584000 87.712000 63
90.016000 90.208000 63
90.336000 90.848000 63
90.944000 91.808000 63
92.352000 92.640000 63
92.640000 92.864000 59
93.056000 93.248000 63
93.568000 93.888000 63
94.016000 94.240000 63
94.240000 94.400000 60
94.560000 95.424000 63
95.520000 95.680000 63
95.936000 96.352000 63
96.352000 96.832000 59
97.152000 97.280000 63
97.376000 97.664000 59
97.664000 97.984000 63
98.368000 98.528000 64
98.528000 98.816000 59
98.912000 99.360000 63
99.616000 100.000000 63
100.128000 100.384000 63
100.480000 101.536000 63
102.272000 102.816000 63
102.912000 104.000000 63
104.160000 104.256000 63
104.576000 105.568000 63
105.664000 106.688000 63
107.168000 108.256000 63
108.384000 109.024000 63
109.920000 110.144000 58
110.144000 111.200000 63
111.584000 111.840000 64
111.840000 112.128000 62
112.288000 112.384000 57
112.480000 112.672000 59
112.672000 113.184000 63
113.280000 113.728000 64
113.952000 114.560000 64
114.848000 114.976000 67
114.976000 115.104000 65
115.104000 115.232000 63
115.232000 115.360000 61
115.360000 115.680000 58
115.680000 116.352000 56
116.384000 116.416000 53
116.768000 116.928000 55
116.928000 117.248000 57
117.248000 117.600000 65
117.600000 117.792000 61
117.792000 118.144000 58
118.144000 118.912000 63
119.008000 119.392000 64
119.712000 119.936000 58
119.936000 120.544000 63
120.640000 121.184000 65
121.280000 121.376000 65
122.176000 122.304000 57
122.304000 122.400000 58
122.400000 123.040000 63
123.136000 123.456000 65
123.808000 123.904000 63
123.936000 124.320000 62
124.704000 124.896000 67
124.896000 125.408000 62
125.504000 126.080000 61
126.240000 126.336000 60
126.752000 127.040000 61
127.040000 127.264000 68
127.264000 127.808000 64
127.936000 128.512000 65
128.608000 128.896000 61
128.896000 128.928000 66
128.928000 129.440000 73
129.440000 129.920000 71
129.920000 130.592000 68
130.720000 131.168000 64
131.296000 131.648000 63
131.648000 132.960000 66
133.024000 133.472000 68
133.664000 134.400000 63
134.400000 134.848000 60
135.072000 135.296000 60
135.296000 136.096000 65
136.544000 136.864000 64
137.184000 137.376000 64
137.504000 137.888000 64
137.888000 138.592000 65
138.688000 138.816000 71
138.816000 139.296000 73
139.296000 139.840000 71
139.936000 140.448000 68
140.608000 140.800000 65
140.800000 140.960000 63
141.216000 142.752000 65
142.944000 143.200000 68
143.200000 143.968000 64
144.064000 144.320000 61
144.736000 144.992000 60
145.120000 145.216000 61
145.440000 145.984000 65
146.336000 146.400000 61
146.400000 146.656000 64
146.816000 147.296000 63
147.584000 148.000000 67
148.000000 148.960000 63
151.680000 151.840000 62
152.128000 152.384000 63
153.664000 154.144000 65
154.592000 154.912000 64
155.008000 155.232000 64
156.128000 156.256000 63
157.088000 157.248000 63
162.624000 162.720000 63
162.816000 163.072000 62
163.456000 163.616000 63
164.704000 164.832000 63
165.792000 166.336000 64
167.136000 167.264000 63
167.712000 167.808000 62
168.384000 168.480000 63
169.024000 169.120000 63
169.728000 169.792000 65
169.920000 170.336000 67
170.496000 170.624000 71
170.624000 171.552000 72
171.744000 172.256000 68
172.256000 172.768000 64
172.960000 173.216000 63
173.216000 173.472000 65
173.600000 174.208000 66
174.208000 174.656000 65
174.784000 175.104000 68
175.200000 175.552000 65
175.552000 175.968000 63
176.352000 176.640000 64
176.928000 177.184000 64
177.280000 177.760000 65
178.176000 178.464000 63
178.656000 179.072000 63
179.072000 179.360000 59
179.360000 180.064000 65
180.224000 180.352000 64
180.352000 180.832000 73
180.960000 181.504000 71
181.504000 182.016000 68
182.176000 182.624000 64
182.656000 182.816000 62
182.816000 183.264000 65
183.392000 183.488000 67
183.488000 183.776000 68
183.776000 184.384000 65
184.512000 184.896000 68
185.024000 185.792000 63
185.888000 185.984000 61
186.144000 186.400000 63
186.752000 187.520000 65
187.968000 188.128000 63
188.544000 188.832000 64
189.184000 189.376000 67
189.536000 189.696000 65
189.824000 190.496000 63
195.584000 195.872000 58
195.968000 196.832000 63
197.248000 197.536000 64
197.952000 198.176000 57
198.176000 198.336000 59
198.336000 198.848000 63
198.976000 199.328000 65
199.616000 200.288000 64
200.512000 200.640000 67
200.640000 200.768000 65
200.768000 200.928000 63
200.928000 201.024000 61
201.024000 201.952000 56
202.112000 202.208000 56
202.464000 202.720000 56
202.720000 202.912000 58
202.912000 203.328000 65
203.328000 203.424000 61
203.424000 203.840000 58
203.840000 204.672000 62
205.376000 205.632000 58
205.632000 206.208000 63
206.304000 206.688000 64
207.840000 208.128000 58
208.128000 208.704000 63
208.800000 209.120000 65
209.664000 209.984000 62
210.464000 210.528000 67
210.528000 210.688000 65
210.688000 210.816000 63
210.912000 211.744000 61
212.416000 212.704000 61
212.704000 212.928000 68
212.928000 213.472000 63
213.600000 214.176000 65
214.272000 214.592000 61
214.592000 215.616000 72
215.616000 216.256000 68
216.384000 216.864000 64
216.960000 217.312000 63
217.312000 218.624000 65
218.688000 219.136000 68
219.264000 219.488000 64
219.488000 220.224000 63
220.352000 220.608000 63
220.832000 220.960000 60
220.960000 221.760000 65
222.208000 222.688000 64
222.848000 223.040000 64
223.168000 223.296000 64
223.392000 223.552000 64
223.552000 224.032000 65
224.032000 224.352000 62
224.352000 225.504000 72
225.600000 226.112000 68
226.272000 226.464000 65
226.464000 226.656000 63
226.784000 227.072000 63
227.072000 228.352000 65
228.576000 228.896000 68
229.056000 229.632000 65
229.728000 230.912000 65
231.136000 231.232000 64
232.032000 232.160000 63
