24.832000 25.056000 51
25.184000 25.760000 54
25.920000 26.432000 54
26.528000 27.168000 52
27.616000 27.712000 47
28.032000 28.192000 47
28.416000 29.056000 47
30.720000 30.784000 48
30.784000 31.392000 50
31.552000 33.216000 52
34.080000 34.336000 45
34.528000 34.880000 46
36.704000 36.928000 51
37.056000 37.280000 53
37.408000 37.696000 55
37.856000 38.464000 54
38.592000 39.200000 53
40.064000 40.352000 47
40.544000 40.768000 48
40.928000 41.152000 49
42.240000 42.432000 45
42.720000 42.976000 47
43.072000 43.296000 48
43.456000 43.712000 49
43.840000 44.448000 48
44.448000 45.920000 52
48.576000 48.800000 50
48.800000 50.400000 54
50.496000 51.104000 53
51.584000 51.904000 46
52.032000 52.736000 47
54.624000 54.912000 49
55.040000 55.648000 52
55.840000 57.216000 52
58.016000 58.304000 45
58.432000 58.816000 45
58.976000 59.488000 45
60.640000 60.768000 50
60.768000 63.168000 53
63.360000 64.288000 45
65.216000 66.208000 52
66.304000 67.296000 52
67.520000 67.712000 45
67.904000 68.448000 48
68.608000 69.696000 48
72.288000 72.352000 45
72.352000 72.576000 47
72.672000 72.960000 49
73.088000 73.312000 48
73.440000 73.984000 50
74.208000 74.848000 55
74.976000 75.360000 57
75.520000 76.448000 57
77.056000 77.760000 57
77.856000 79.296000 59
80.160000 82.656000 55
82.784000 84.128000 58
84.320000 84.992000 57
85.760000 86.752000 55
86.880000 87.136000 53
87.488000 88.096000 46
88.896000 89.056000 54
89.152000 89.376000 53
89.376000 89.728000 55
89.920000 90.176000 53
90.752000 91.680000 48
91.840000 94.240000 52
96.992000 98.016000 48
98.208000 99.328000 55
99.552000 100.192000 57
101.056000 102.304000 57
102.432000 103.712000 59
104.576000 105.920000 55
106.016000 106.368000 52
106.368000 106.592000 55
106.784000 109.280000 57
109.696000 111.136000 54
113.120000 113.824000 55
113.920000 114.208000 53
114.432000 114.528000 56
115.296000 115.392000 54
115.616000 116.384000 52
117.760000 118.272000 49
118.528000 118.944000 48
120.384000 121.984000 48
135.264000 135.392000 59
139.648000 140.064000 59
140.064000 140.384000 61
141.280000 141.376000 57
141.568000 141.632000 57
143.200000 143.360000 53
143.360000 143.520000 55
143.616000 144.160000 57
144.384000 144.704000 57
144.704000 144.960000 59
145.088000 145.664000 57
146.176000 146.432000 57
146.592000 147.008000 51
147.200000 148.096000 51
149.248000 149.440000 54
149.536000 151.680000 56
152.480000 152.864000 49
153.088000 153.312000 47
153.376000 153.696000 48
153.984000 154.176000 52
154.560000 154.784000 52
154.976000 155.392000 54
155.488000 156.032000 57
156.256000 156.608000 57
156.608000 156.896000 59
157.056000 157.696000 57
158.016000 158.432000 54
158.432000 158.720000 51
158.848000 159.168000 52
159.296000 159.968000 54
160.800000 160.928000 52
161.152000 162.144000 53
162.272000 162.496000 52
162.688000 164.672000 56
167.072000 167.168000 54
167.168000 168.064000 57
168.256000 169.664000 57
170.112000 170.176000 49
170.208000 170.304000 49
170.496000 170.784000 55
170.976000 172.032000 54
173.088000 173.248000 52
173.248000 173.440000 54
173.536000 174.080000 56
174.304000 176.000000 56
176.160000 176.384000 61
176.512000 177.184000 63
177.280000 177.792000 61
177.792000 177.952000 59
177.952000 178.368000 56
178.368000 178.688000 52
179.040000 179.232000 54
179.232000 180.096000 57
180.288000 180.448000 57
180.448000 181.568000 59
181.728000 182.272000 57
183.200000 183.456000 56
183.648000 184.320000 57
184.416000 185.728000 56
186.400000 186.912000 54
187.136000 187.456000 68
187.488000 187.808000 68
188.096000 188.416000 68
188.544000 188.640000 63
189.056000 189.376000 64
190.752000 190.944000 52
191.200000 191.392000 54
191.520000 191.712000 52
191.840000 191.936000 54
192.128000 192.352000 52
192.608000 193.280000 59
193.504000 193.536000 59
193.632000 193.728000 59
193.888000 194.304000 61
194.592000 194.976000 61
195.296000 195.392000 59
195.584000 195.872000 59
195.872000 196.320000 63
196.384000 197.824000 63
198.560000 200.064000 59
200.160000 200.256000 57
200.256000 200.480000 59
200.480000 201.184000 56
201.280000 203.744000 61
204.064000 204.160000 58
204.256000 205.632000 58
205.792000 206.560000 49
207.616000 207.840000 57
207.840000 208.704000 59
208.864000 209.120000 49
209.376000 210.016000 52
210.208000 212.320000 56
212.896000 212.960000 55
212.960000 213.184000 56
213.184000 213.472000 57
213.472000 214.496000 59
214.784000 216.128000 53
216.256000 216.448000 52
216.640000 216.768000 56
216.768000 217.504000 59
217.728000 217.888000 62
218.016000 219.008000 61
219.552000 219.744000 59
219.744000 222.432000 63
222.976000 224.000000 59
224.096000 224.832000 56
224.832000 225.152000 59
225.280000 226.624000 63
226.752000 228.000000 61
228.224000 229.664000 58
229.888000 230.688000 49
231.648000 231.904000 57
232.064000 232.288000 59
232.576000 232.672000 56
233.152000 233.280000 59
233.856000 234.272000 56
234.688000 234.784000 53
235.168000 235.392000 52
235.392000 235.488000 55
236.224000 236.256000 56
236.864000 236.992000 56
237.248000 237.792000 59
238.336000 238.400000 57
238.400000 238.688000 59
238.688000 239.008000 61
239.008000 239.488000 64
239.488000 240.288000 67
240.288000 243.680000 57
250.816000 251.840000 58
252.064000 252.320000 57
254.432000 255.168000 59
255.296000 255.552000 57
255.552000 255.616000 56
255.616000 256.448000 49
256.672000 257.184000 47
257.280000 258.208000 56
259.968000 260.480000 53
260.736000 262.976000 52
