16.384000 16.800000 55
17.280000 17.568000 58
17.760000 17.920000 62
17.920000 18.368000 63
18.368000 18.624000 60
19.648000 20.032000 56
20.128000 20.512000 60
20.992000 21.216000 63
23.904000 24.480000 62
24.576000 24.864000 63
25.184000 25.376000 58
25.536000 25.856000 56
26.016000 27.008000 55
27.008000 27.136000 56
27.136000 27.680000 58
27.680000 28.096000 62
30.624000 30.688000 56
30.688000 30.720000 58
30.720000 31.200000 60
31.360000 31.648000 63
31.808000 32.864000 60
32.864000 33.376000 56
34.304000 34.528000 60
34.752000 35.040000 65
37.376000 38.080000 65
38.176000 38.560000 68
38.720000 39.104000 70
39.552000 40.416000 67
43.264000 43.680000 55
43.968000 44.160000 58
44.384000 44.960000 63
45.248000 45.504000 58
46.272000 46.720000 56
46.848000 47.296000 60
47.584000 48.320000 65
50.464000 50.720000 62
50.816000 51.040000 63
51.104000 51.520000 64
51.680000 52.672000 56
52.864000 53.344000 55
53.600000 54.016000 58
54.016000 54.880000 63
56.896000 57.024000 59
57.024000 57.504000 61
57.728000 57.952000 63
57.952000 59.168000 60
59.168000 59.648000 55
60.480000 60.800000 60
60.992000 61.280000 65
63.360000 63.776000 65
63.776000 64.832000 68
65.088000 65.344000 68
65.568000 67.104000 67
69.504000 71.328000 67
71.424000 71.744000 70
71.936000 72.800000 62
73.472000 73.792000 67
73.984000 74.368000 70
75.840000 77.056000 68
77.152000 78.368000 70
78.688000 78.976000 68
79.104000 80.992000 65
82.528000 82.752000 67
82.880000 83.872000 67
84.096000 84.320000 70
84.480000 84.704000 70
84.704000 86.272000 62
86.528000 86.880000 71
87.136000 87.968000 70
88.832000 89.152000 68
89.344000 90.368000 68
90.560000 90.944000 68
91.584000 91.808000 68
92.064000 94.816000 70
97.856000 97.984000 63
98.080000 98.208000 70
98.400000 98.624000 68
98.720000 98.976000 67
100.800000 101.184000 63
101.312000 101.504000 68
101.728000 102.816000 65
104.160000 104.256000 64
104.384000 104.736000 65
104.864000 105.856000 63
105.952000 106.944000 72
107.072000 107.328000 72
107.328000 108.064000 70
108.320000 110.688000 67
111.232000 111.840000 67
111.968000 112.576000 67
112.832000 113.088000 67
113.184000 113.408000 67
113.536000 115.680000 63
116.320000 117.280000 63
117.472000 118.432000 68
118.464000 118.688000 68
119.456000 119.712000 68
119.904000 120.096000 70
120.416000 124.224000 65
126.688000 126.976000 66
127.104000 128.256000 67
128.256000 128.896000 70
129.024000 130.400000 62
130.592000 130.912000 67
131.040000 131.808000 70
132.896000 134.016000 68
134.144000 134.592000 68
134.720000 135.392000 70
135.680000 138.208000 65
139.264000 139.584000 65
139.712000 140.736000 67
140.896000 141.152000 70
141.248000 141.536000 70
141.536000 143.072000 62
143.232000 143.744000 71
143.936000 144.768000 70
145.472000 145.792000 68
145.984000 147.008000 68
147.200000 147.520000 68
148.160000 148.544000 68
148.800000 152.000000 70
154.144000 154.304000 63
154.400000 154.528000 70
154.752000 154.976000 68
155.072000 155.424000 67
156.672000 157.088000 63
157.280000 157.472000 68
157.664000 158.496000 65
159.936000 159.968000 65
160.128000 160.480000 65
160.640000 161.440000 63
161.536000 161.696000 71
161.696000 162.912000 72
162.912000 163.552000 70
163.808000 166.112000 67
166.400000 167.744000 67
167.968000 168.224000 67
168.640000 168.960000 73
169.056000 170.368000 74
170.368000 170.752000 72
171.232000 171.456000 72
171.456000 171.712000 67
171.712000 172.096000 63
172.256000 173.696000 68
174.560000 174.784000 68
174.944000 175.136000 70
175.360000 175.712000 71
175.840000 179.296000 70
181.408000 181.696000 66
181.792000 182.048000 67
182.176000 183.008000 67
183.008000 183.648000 70
183.776000 184.512000 63
185.376000 185.632000 67
185.824000 186.080000 70
187.808000 188.096000 68
188.192000 188.864000 68
189.024000 189.408000 68
189.408000 189.824000 70
190.208000 190.336000 70
191.200000 191.648000 65
194.112000 194.176000 65
194.464000 195.424000 67
195.648000 195.872000 70
196.032000 196.256000 70
196.256000 197.728000 62
198.048000 198.400000 71
198.688000 199.616000 70
200.960000 201.280000 68
201.568000 202.144000 68
203.872000 204.192000 68
204.416000 204.928000 68
205.280000 208.992000 70
