37.568000 37.696000 54
37.888000 38.560000 56
38.688000 39.648000 65
41.536000 41.696000 64
41.856000 41.952000 57
42.080000 42.304000 56
42.304000 42.336000 57
42.336000 42.720000 62
42.880000 43.744000 62
45.728000 45.856000 63
45.856000 46.432000 56
46.560000 48.064000 62
49.216000 49.280000 59
49.280000 50.144000 59
51.328000 52.416000 56
54.176000 54.336000 53
54.464000 55.456000 56
55.552000 55.744000 56
55.968000 56.576000 65
58.400000 58.496000 53
58.656000 59.072000 56
59.200000 60.800000 62
62.592000 62.784000 63
62.880000 63.296000 56
63.456000 64.128000 63
64.224000 65.056000 61
66.016000 67.168000 59
68.128000 70.752000 68
72.608000 72.736000 67
72.864000 72.960000 68
72.960000 73.216000 65
73.376000 75.392000 63
75.520000 75.680000 61
75.776000 76.256000 65
76.512000 77.024000 68
77.024000 78.304000 72
78.432000 79.424000 68
79.424000 79.616000 63
79.712000 79.968000 63
79.968000 80.352000 65
80.736000 81.952000 68
81.952000 82.752000 66
83.136000 83.808000 68
83.808000 84.640000 61
84.928000 85.184000 58
85.184000 85.216000 59
85.216000 85.504000 61
85.504000 86.176000 64
86.176000 87.104000 61
87.264000 87.424000 58
87.552000 87.872000 67
87.872000 88.192000 64
88.352000 88.960000 63
89.408000 89.920000 68
89.920000 90.112000 65
90.240000 92.224000 63
92.352000 92.512000 61
92.608000 93.024000 65
93.376000 93.792000 68
93.888000 94.560000 72
94.688000 95.136000 70
95.136000 95.712000 68
95.808000 96.224000 68
96.224000 96.448000 63
96.544000 97.248000 65
97.536000 97.984000 68
98.080000 98.784000 72
98.976000 99.552000 70
99.968000 100.800000 66
100.800000 100.896000 72
100.896000 101.568000 73
101.760000 101.952000 70
101.952000 102.304000 68
102.304000 102.848000 71
103.008000 104.096000 70
104.224000 104.512000 69
104.512000 105.440000 65
106.048000 106.272000 58
106.464000 108.256000 61
108.480000 109.216000 61
109.440000 110.496000 68
110.624000 110.784000 73
110.944000 111.168000 73
111.264000 111.424000 73
111.776000 111.872000 73
112.128000 112.416000 73
113.952000 114.496000 65
114.656000 114.880000 65
114.976000 115.072000 65
115.424000 115.680000 65
116.256000 116.576000 65
117.088000 117.952000 65
118.144000 118.304000 65
118.432000 118.720000 65
129.472000 129.632000 68
129.728000 129.920000 68
129.920000 130.144000 65
130.272000 131.712000 63
131.840000 132.224000 63
132.320000 132.512000 61
132.608000 132.992000 65
133.376000 133.856000 68
133.856000 135.136000 72
135.296000 136.192000 68
136.288000 136.416000 62
136.544000 136.800000 63
136.800000 137.152000 65
137.536000 139.360000 68
140.224000 140.608000 68
140.608000 140.768000 66
140.768000 141.376000 61
141.728000 141.920000 58
142.016000 142.208000 61
142.336000 142.624000 65
142.752000 143.264000 63
143.392000 143.680000 60
143.776000 144.000000 58
144.160000 144.320000 58
144.480000 144.736000 67
144.896000 145.120000 65
145.280000 145.856000 63
146.208000 146.720000 68
146.720000 146.912000 65
147.072000 149.056000 63
149.184000 149.344000 61
149.440000 149.888000 65
150.208000 150.624000 68
150.720000 151.168000 72
151.264000 151.424000 72
151.552000 152.096000 70
152.224000 153.056000 68
153.056000 153.248000 63
153.376000 153.632000 63
153.632000 154.080000 65
154.400000 154.816000 68
154.944000 155.616000 72
155.872000 156.544000 70
156.800000 156.896000 66
156.896000 157.216000 68
157.216000 157.536000 65
157.632000 158.016000 72
158.016000 158.560000 73
158.560000 159.744000 70
159.840000 160.064000 68
160.160000 160.992000 70
161.088000 161.376000 69
161.376000 161.632000 65
161.728000 162.400000 65
162.752000 163.136000 58
163.136000 164.000000 63
164.192000 164.736000 62
165.280000 166.656000 61
167.296000 167.488000 56
167.616000 167.808000 56
167.808000 168.032000 63
168.160000 170.112000 63
170.240000 170.400000 61
170.496000 170.624000 63
170.624000 170.976000 66
171.264000 171.680000 68
171.808000 172.576000 72
172.576000 173.056000 70
173.216000 174.112000 68
174.112000 174.304000 63
174.432000 174.592000 63
174.688000 175.200000 65
175.456000 176.192000 68
176.288000 177.440000 66
177.856000 178.560000 68
178.560000 179.392000 62
179.680000 179.872000 58
179.968000 180.160000 61
180.288000 180.576000 65
180.672000 181.216000 63
181.312000 181.536000 65
181.664000 181.952000 63
182.048000 182.208000 63
182.336000 182.624000 67
182.624000 182.944000 65
183.104000 183.936000 65
184.128000 184.640000 69
184.736000 184.864000 65
184.992000 186.944000 63
187.072000 187.328000 61
187.328000 187.808000 65
188.096000 188.608000 68
188.608000 189.312000 72
189.440000 190.016000 70
190.080000 190.944000 68
190.944000 191.168000 63
191.264000 191.488000 63
191.488000 191.968000 65
192.288000 192.736000 68
192.832000 193.504000 72
193.728000 194.336000 70
194.688000 195.520000 66
195.520000 196.224000 72
196.512000 196.704000 70
196.704000 197.056000 68
197.056000 197.664000 71
197.792000 197.984000 68
198.080000 199.296000 70
199.296000 199.456000 65
199.584000 200.192000 65
200.640000 201.056000 58
201.056000 201.792000 63
202.016000 204.352000 61
205.728000 205.952000 64
205.952000 206.240000 56
206.336000 206.784000 56
206.976000 207.264000 58
207.744000 208.608000 65
209.952000 210.112000 64
210.112000 210.176000 60
210.176000 210.752000 56
210.752000 210.976000 62
211.104000 211.616000 63
211.776000 212.640000 61
214.176000 214.400000 63
214.528000 214.688000 57
214.784000 214.912000 57
215.072000 215.264000 63
215.360000 215.872000 62
216.032000 216.640000 61
217.760000 219.328000 58
219.488000 219.840000 57
221.280000 222.080000 65
222.080000 222.208000 61
222.336000 223.904000 61
