6.880000 7.040000 58
7.968000 8.672000 56
8.672000 8.896000 54
9.824000 9.952000 56
10.080000 10.240000 62
10.240000 10.272000 56
10.592000 11.040000 55
11.264000 11.424000 57
11.424000 11.776000 55
11.904000 12.224000 56
12.544000 12.736000 60
12.736000 14.144000 54
14.240000 14.688000 54
14.880000 15.328000 54
15.616000 15.936000 54
30.624000 30.816000 59
30.912000 31.680000 59
32.000000 33.088000 59
34.080000 35.008000 59
35.328000 35.616000 59
37.056000 37.088000 56
37.600000 38.240000 59
38.432000 38.528000 59
38.688000 38.880000 59
39.136000 39.456000 59
39.456000 39.680000 61
41.152000 41.536000 59
41.536000 41.600000 58
41.600000 42.400000 55
44.640000 44.992000 59
45.952000 46.496000 61
47.616000 47.712000 71
47.840000 47.936000 68
48.064000 48.128000 59
48.192000 48.224000 59
48.256000 48.320000 59
48.320000 48.960000 64
49.056000 49.280000 59
49.504000 49.792000 54
50.144000 50.432000 56
51.168000 51.616000 59
51.808000 51.872000 59
52.000000 52.192000 59
52.480000 52.992000 60
54.464000 55.072000 59
56.320000 56.544000 69
56.544000 56.672000 68
56.672000 57.792000 65
57.824000 57.888000 64
57.952000 58.208000 66
58.304000 58.464000 63
58.624000 59.232000 66
59.680000 60.160000 68
60.160000 60.960000 64
61.056000 61.344000 64
61.344000 61.600000 66
61.728000 61.984000 64
61.984000 62.656000 67
63.008000 63.200000 69
63.200000 63.328000 68
63.328000 63.744000 66
63.840000 64.064000 71
64.064000 64.320000 68
64.512000 64.672000 71
64.672000 64.992000 68
65.152000 65.376000 71
65.376000 66.016000 66
67.360000 68.320000 66
68.416000 68.960000 66
69.056000 69.536000 66
69.696000 70.080000 68
70.688000 72.032000 66
72.192000 72.416000 71
72.416000 72.640000 69
72.800000 72.992000 71
72.992000 73.248000 68
73.408000 73.568000 66
73.568000 73.920000 64
74.048000 74.144000 66
74.240000 74.368000 66
74.656000 74.944000 66
75.072000 75.488000 66
75.680000 75.808000 66
75.968000 76.320000 68
76.800000 76.832000 66
76.896000 77.216000 64
77.376000 77.472000 67
78.208000 78.304000 66
78.400000 78.752000 64
78.816000 78.880000 67
78.880000 79.072000 71
79.072000 79.296000 69
79.456000 79.680000 71
79.680000 79.936000 68
80.128000 80.768000 65
80.768000 81.856000 71
82.048000 83.456000 69
84.032000 84.160000 68
84.288000 84.544000 68
84.672000 85.984000 68
86.144000 86.560000 67
86.688000 86.944000 64
87.360000 88.288000 71
88.448000 88.864000 71
89.024000 89.536000 69
89.632000 90.240000 69
91.968000 92.032000 63
92.032000 92.640000 67
92.832000 93.376000 67
93.376000 93.856000 64
94.176000 94.336000 64
99.840000 100.128000 57
100.128000 100.544000 55
100.768000 101.312000 56
101.696000 101.856000 54
103.328000 103.488000 62
103.488000 103.776000 69
103.776000 104.032000 62
104.032000 104.544000 66
104.864000 105.216000 63
105.504000 105.600000 75
105.824000 105.920000 70
106.144000 106.432000 71
106.432000 106.688000 68
108.320000 108.480000 62
110.688000 110.784000 71
110.784000 110.848000 69
110.848000 111.392000 66
111.808000 111.968000 60
112.576000 112.736000 67
112.928000 113.056000 64
113.408000 113.920000 59
114.016000 114.144000 65
114.432000 114.464000 59
114.656000 114.880000 59
115.200000 115.680000 60
116.576000 118.208000 59
118.432000 118.816000 54
119.744000 119.840000 59
120.224000 120.352000 54
120.352000 120.448000 58
120.832000 121.056000 58
121.216000 121.504000 59
121.728000 121.856000 59
121.952000 122.272000 61
123.776000 124.192000 59
124.192000 124.544000 57
124.672000 124.832000 54
125.856000 126.016000 56
126.432000 126.528000 63
127.968000 128.448000 66
129.024000 129.120000 69
129.216000 129.344000 68
129.344000 129.472000 67
129.472000 130.272000 65
130.432000 130.624000 64
130.624000 131.936000 66
132.352000 132.640000 69
132.768000 133.024000 65
133.024000 133.408000 61
136.704000 137.216000 66
137.344000 137.632000 66
137.824000 138.432000 66
138.496000 138.752000 63
138.752000 138.784000 61
138.784000 139.072000 56
139.072000 139.296000 59
140.000000 140.512000 66
140.672000 141.376000 66
141.536000 141.760000 71
141.760000 141.920000 69
142.272000 142.720000 69
142.720000 143.264000 64
143.360000 143.488000 66
143.584000 143.712000 66
143.808000 143.904000 66
144.000000 144.256000 66
144.480000 144.864000 66
145.280000 145.632000 68
146.144000 146.272000 65
146.272000 146.592000 61
146.720000 147.040000 60
147.200000 147.264000 63
147.456000 147.584000 61
147.840000 148.192000 56
149.056000 149.184000 68
149.440000 149.536000 71
149.728000 149.760000 69
151.616000 151.744000 59
151.744000 151.872000 57
151.968000 152.608000 55
152.768000 152.992000 54
152.992000 153.088000 55
153.088000 153.152000 56
153.152000 153.216000 57
153.216000 153.344000 60
153.344000 153.504000 64
154.464000 154.624000 64
154.624000 155.232000 62
155.488000 155.616000 63
155.616000 156.032000 61
156.032000 156.448000 55
157.216000 157.408000 54
157.408000 157.824000 56
158.144000 158.336000 58
158.784000 158.880000 63
159.200000 159.392000 61
160.608000 160.704000 57
161.248000 161.344000 71
163.168000 163.360000 64
163.360000 163.776000 66
163.840000 163.904000 64
164.032000 164.256000 66
164.864000 165.248000 66
165.824000 166.144000 68
166.144000 166.976000 65
167.104000 167.360000 64
167.360000 167.648000 67
167.808000 168.032000 64
168.032000 168.928000 67
169.120000 169.408000 68
169.664000 170.752000 61
173.344000 174.336000 66
174.464000 175.552000 66
175.680000 175.744000 66
175.744000 176.032000 68
176.032000 176.224000 65
176.416000 176.576000 69
176.608000 177.760000 71
177.952000 179.776000 69
180.032000 180.192000 68
180.288000 180.544000 68
180.672000 181.984000 68
182.144000 182.336000 66
182.336000 182.624000 68
182.784000 182.944000 64
183.392000 184.288000 71
184.416000 184.864000 71
185.024000 186.496000 69
186.560000 186.848000 68
188.000000 188.672000 67
188.800000 188.992000 66
188.992000 189.248000 68
189.568000 190.048000 64
190.048000 190.816000 66
194.848000 194.944000 61
201.216000 201.472000 76
205.792000 205.920000 60
206.368000 206.624000 60
213.344000 213.696000 66
213.888000 213.984000 68
214.080000 214.176000 73
214.176000 214.240000 72
214.240000 214.400000 69
214.400000 214.464000 67
214.464000 214.688000 63
214.880000 215.648000 72
216.608000 216.800000 69
217.152000 217.376000 68
217.952000 218.080000 72
218.080000 218.560000 69
218.560000 218.720000 67
218.816000 219.296000 68
219.296000 219.392000 63
219.936000 220.064000 64
220.064000 220.544000 67
220.640000 220.896000 68
220.896000 221.344000 70
221.536000 221.792000 72
222.016000 222.272000 73
222.560000 222.752000 64
222.848000 223.552000 68
223.712000 223.904000 62
223.904000 224.160000 58
224.352000 224.416000 63
224.416000 224.832000 67
225.056000 225.120000 71
225.120000 225.504000 74
225.504000 225.600000 69
225.600000 225.760000 64
225.856000 225.984000 62
236.960000 237.088000 70
237.088000 237.184000 67
240.416000 240.704000 58
240.800000 240.928000 54
244.064000 244.160000 78
245.568000 245.760000 61
246.464000 246.560000 60
247.392000 247.488000 66
249.312000 250.016000 74
250.592000 250.752000 74
250.752000 250.912000 72
255.328000 255.424000 72
255.584000 255.776000 59
256.192000 256.320000 67
256.448000 256.608000 73
257.184000 257.376000 63
257.376000 257.696000 58
258.400000 258.496000 58
258.592000 258.688000 59
259.136000 259.200000 67
259.200000 259.360000 70
259.776000 259.872000 72
260.320000 260.576000 70
260.576000 260.736000 67
260.736000 260.832000 65
260.832000 261.120000 61
261.216000 261.344000 64
261.440000 261.600000 63
262.112000 262.144000 71
262.432000 262.528000 71
263.520000 263.680000 63
264.224000 264.256000 61
264.544000 264.704000 63
265.888000 265.984000 62
266.304000 266.496000 63
266.592000 266.624000 61
266.944000 267.168000 67
267.200000 267.296000 66
267.328000 267.360000 65
267.648000 267.776000 65
268.032000 268.192000 65
268.256000 268.608000 65
268.736000 268.864000 64
269.280000 269.472000 64
269.504000 269.568000 63
270.272000 270.496000 73
