12.224000 13.472000 47
14.816000 15.904000 55
15.968000 16.288000 53
16.448000 16.928000 52
17.760000 17.920000 52
18.080000 18.336000 52
18.496000 19.232000 51
19.328000 19.488000 52
19.488000 19.680000 54
19.776000 20.192000 52
20.544000 20.800000 49
20.992000 21.440000 52
21.440000 21.856000 55
22.240000 22.464000 49
22.656000 23.072000 52
23.072000 23.616000 55
24.000000 24.192000 54
24.320000 24.640000 52
24.736000 25.920000 56
27.968000 28.128000 52
28.128000 28.160000 53
28.160000 29.568000 55
29.728000 30.496000 57
30.592000 30.944000 56
31.424000 31.648000 51
31.840000 31.904000 52
31.904000 32.992000 54
32.992000 33.504000 52
34.752000 35.040000 55
35.168000 35.616000 55
35.616000 36.288000 52
36.832000 37.376000 50
37.376000 37.472000 49
37.664000 38.016000 48
38.112000 40.224000 47
41.408000 42.528000 55
42.656000 43.552000 52
43.936000 44.544000 52
44.704000 45.088000 52
45.184000 45.248000 49
45.248000 45.376000 50
45.376000 46.240000 52
46.400000 46.784000 52
47.232000 47.552000 49
47.648000 48.032000 52
48.032000 48.576000 54
48.896000 49.216000 49
49.312000 49.600000 52
49.760000 50.208000 55
50.304000 50.400000 56
50.560000 50.752000 54
50.976000 52.640000 56
54.752000 55.008000 56
55.168000 56.384000 54
56.384000 56.864000 56
57.248000 57.664000 56
58.048000 58.464000 56
58.464000 59.136000 61
59.296000 59.616000 61
59.616000 60.480000 55
60.480000 60.768000 52
61.408000 62.560000 59
62.656000 64.224000 56
64.224000 64.640000 54
64.736000 64.896000 54
64.896000 65.184000 56
65.184000 65.472000 52
65.568000 66.464000 52
67.264000 67.520000 64
67.648000 67.712000 54
67.712000 68.032000 56
68.032000 68.576000 59
68.576000 69.728000 64
69.920000 70.144000 59
70.144000 71.360000 64
71.616000 71.840000 59
71.840000 72.128000 66
72.256000 72.512000 64
72.640000 73.248000 63
73.344000 73.632000 64
73.856000 74.208000 52
74.336000 74.400000 54
74.400000 74.752000 56
74.752000 75.136000 59
75.136000 76.224000 63
76.608000 76.736000 64
76.736000 79.712000 59
80.768000 80.896000 52
81.024000 81.120000 54
81.120000 81.312000 56
81.312000 82.304000 59
82.368000 83.008000 61
83.392000 83.456000 55
83.456000 83.520000 58
83.520000 83.808000 63
83.904000 84.064000 61
84.192000 84.608000 59
84.768000 85.344000 57
85.344000 85.664000 59
85.664000 85.696000 57
85.696000 86.944000 53
87.872000 88.064000 52
88.064000 89.600000 56
90.176000 90.528000 58
90.528000 91.296000 54
91.424000 91.616000 52
91.712000 92.992000 52
93.888000 94.208000 52
94.336000 94.656000 56
94.752000 95.136000 59
95.136000 96.224000 63
96.608000 96.832000 59
96.832000 97.888000 64
98.208000 98.368000 58
98.496000 98.784000 66
98.912000 99.200000 64
99.328000 100.224000 64
100.608000 100.896000 52
100.992000 101.088000 54
101.088000 101.408000 56
101.408000 101.792000 59
101.792000 102.976000 64
103.232000 103.392000 64
103.392000 106.720000 59
107.264000 107.520000 52
107.680000 107.776000 54
107.776000 108.032000 56
108.032000 108.960000 59
109.120000 109.664000 61
110.016000 110.176000 59
110.176000 110.464000 63
110.560000 110.752000 61
110.752000 111.680000 59
111.840000 112.320000 59
112.416000 113.888000 63
114.528000 114.752000 52
114.752000 115.744000 56
115.872000 116.384000 57
116.832000 117.120000 59
117.248000 118.048000 54
118.240000 120.960000 52
134.752000 136.352000 54
136.352000 136.736000 52
137.312000 137.568000 52
137.664000 137.888000 52
137.888000 138.432000 52
138.528000 138.720000 50
138.720000 139.584000 52
139.744000 140.160000 52
140.544000 140.896000 49
140.992000 141.376000 52
141.376000 141.920000 54
142.240000 142.560000 49
142.688000 142.944000 52
143.072000 143.584000 55
143.904000 144.096000 54
144.320000 146.144000 56
148.096000 148.352000 56
148.480000 149.728000 54
149.728000 150.272000 56
150.560000 151.008000 56
151.392000 151.808000 56
151.808000 152.480000 61
152.576000 152.928000 61
152.928000 152.960000 58
152.960000 153.984000 54
153.984000 154.112000 52
154.752000 155.488000 59
155.584000 155.872000 59
155.968000 157.568000 56
157.568000 157.984000 54
158.080000 158.240000 54
158.240000 158.528000 56
158.528000 158.816000 52
158.912000 159.808000 52
160.576000 160.832000 52
160.992000 161.312000 56
161.408000 161.856000 59
161.856000 163.072000 64
163.264000 163.488000 59
163.488000 164.608000 64
164.960000 165.184000 59
165.184000 165.472000 66
165.568000 165.856000 64
165.984000 166.560000 63
166.656000 166.976000 64
167.232000 167.552000 52
167.680000 167.968000 56
168.096000 168.512000 59
168.512000 169.568000 64
169.920000 170.080000 64
170.080000 173.088000 59
174.016000 174.240000 52
174.336000 174.464000 54
174.464000 174.720000 56
174.720000 175.008000 59
175.168000 175.616000 60
175.712000 176.320000 61
176.704000 176.832000 55
176.832000 177.120000 63
177.216000 177.408000 61
177.536000 177.952000 59
178.080000 178.688000 57
178.688000 179.008000 59
179.008000 180.352000 53
181.184000 181.408000 52
181.408000 182.944000 56
183.520000 183.872000 58
183.872000 184.608000 55
184.736000 184.928000 52
185.024000 186.400000 52
187.232000 187.616000 52
187.616000 187.776000 54
187.776000 188.064000 56
188.064000 188.480000 59
188.480000 189.536000 64
189.952000 190.144000 59
190.144000 191.264000 64
191.584000 191.712000 58
191.808000 192.128000 65
192.224000 192.544000 64
192.576000 193.600000 63
193.952000 194.208000 52
194.304000 194.368000 54
194.368000 194.464000 55
194.464000 194.752000 56
194.752000 195.168000 59
195.168000 196.352000 64
196.512000 196.736000 64
196.736000 197.472000 62
197.600000 200.064000 59
200.576000 200.832000 64
201.024000 201.088000 54
201.088000 201.408000 56
201.408000 202.304000 59
202.464000 202.976000 61
203.360000 203.424000 58
203.424000 203.808000 62
203.904000 204.096000 61
204.096000 205.024000 59
205.184000 205.664000 59
205.760000 207.200000 63
207.872000 208.096000 52
208.096000 209.088000 56
209.184000 209.696000 57
210.144000 210.272000 57
210.272000 210.432000 59
210.592000 211.360000 54
211.584000 213.440000 52
213.920000 214.176000 52
214.304000 214.432000 54
214.432000 214.720000 56
214.720000 215.232000 59
215.232000 216.320000 64
216.608000 216.832000 59
216.832000 217.952000 64
218.304000 218.496000 59
218.496000 218.816000 66
218.912000 219.200000 64
219.296000 219.904000 63
220.000000 220.320000 64
220.576000 220.960000 52
220.960000 221.312000 55
221.408000 221.856000 59
221.856000 222.944000 64
223.264000 223.424000 64
223.424000 226.240000 59
227.328000 227.552000 52
227.712000 227.808000 54
227.808000 228.032000 56
228.032000 228.384000 59
228.480000 228.960000 60
229.056000 229.664000 61
230.048000 230.144000 55
230.144000 230.176000 58
230.176000 230.464000 63
230.560000 230.720000 61
230.848000 231.264000 59
231.424000 232.000000 57
232.000000 232.320000 59
232.320000 232.352000 57
232.352000 233.632000 53
234.528000 234.752000 52
234.752000 236.256000 56
236.832000 237.184000 58
237.184000 237.888000 54
238.112000 238.272000 52
238.368000 239.744000 52
240.576000 240.864000 52
240.992000 241.120000 54
241.120000 241.408000 56
241.408000 241.824000 59
241.824000 242.880000 63
243.264000 243.488000 59
243.488000 244.576000 64
244.928000 245.024000 58
245.152000 245.472000 66
245.568000 245.856000 64
246.016000 246.592000 63
246.688000 246.880000 52
247.264000 247.648000 52
247.648000 247.744000 54
247.744000 248.096000 56
248.096000 248.480000 59
248.480000 249.600000 64
249.856000 250.976000 64
250.976000 253.440000 59
253.920000 254.176000 52
254.368000 254.432000 54
254.432000 254.720000 56
254.720000 255.616000 59
255.776000 256.288000 61
256.704000 256.768000 58
256.768000 256.832000 59
256.832000 257.024000 62
257.024000 257.120000 63
257.120000 258.368000 59
258.496000 258.560000 57
258.560000 259.232000 59
259.232000 260.896000 63
261.216000 261.408000 52
261.408000 262.432000 56
262.528000 263.040000 57
263.488000 263.616000 57
263.616000 263.776000 59
263.936000 264.704000 54
264.928000 267.552000 52
