1.376000 1.472000 71
1.920000 3.296000 71
3.392000 3.488000 71
12.768000 13.056000 53
13.056000 15.648000 58
15.648000 16.480000 55
16.640000 16.672000 55
16.928000 16.992000 55
17.344000 18.624000 68
18.880000 19.008000 65
20.192000 20.288000 53
20.448000 20.960000 56
20.960000 21.824000 59
21.824000 22.528000 53
23.072000 24.416000 70
24.576000 24.800000 60
24.800000 24.992000 61
24.992000 26.240000 62
26.240000 27.040000 59
27.168000 27.936000 55
27.936000 28.416000 57
28.448000 28.800000 57
28.928000 29.056000 56
29.152000 29.664000 57
30.176000 30.592000 53
30.592000 31.040000 57
31.264000 31.712000 57
31.712000 33.056000 54
33.184000 33.952000 51
36.064000 36.512000 54
36.512000 38.944000 58
38.944000 39.584000 55
39.680000 39.936000 55
40.640000 40.736000 57
40.960000 41.856000 68
41.952000 42.080000 65
43.392000 43.584000 52
43.776000 44.096000 56
44.192000 44.384000 59
44.384000 44.896000 61
44.896000 45.120000 59
45.120000 45.632000 53
46.400000 47.744000 70
47.904000 49.376000 62
49.536000 50.336000 58
50.464000 50.560000 54
50.592000 50.816000 54
50.912000 51.968000 57
52.352000 52.896000 57
53.408000 53.536000 53
53.536000 53.792000 54
53.792000 54.080000 58
54.144000 55.296000 57
55.488000 55.744000 50
56.064000 56.416000 51
56.512000 57.056000 47
57.376000 57.472000 47
57.664000 57.696000 47
71.040000 71.456000 54
71.456000 74.112000 58
74.112000 74.944000 55
75.040000 75.424000 55
75.456000 75.488000 54
76.064000 76.928000 68
78.048000 78.080000 65
78.112000 78.176000 65
78.784000 79.296000 56
79.296000 80.192000 59
80.192000 80.896000 53
81.632000 82.912000 70
83.040000 83.104000 60
83.104000 83.328000 61
83.328000 84.320000 62
84.320000 85.312000 59
85.440000 85.600000 56
85.600000 86.016000 54
86.016000 86.752000 57
86.784000 86.976000 56
87.072000 87.232000 56
87.296000 87.360000 56
87.392000 87.552000 56
87.808000 87.968000 57
88.576000 89.024000 53
89.024000 90.432000 57
90.560000 91.808000 54
91.808000 92.448000 51
92.736000 92.832000 50
94.688000 95.008000 54
95.008000 96.800000 59
96.800000 98.336000 57
98.432000 98.560000 56
98.624000 98.656000 54
99.520000 100.640000 68
102.080000 102.272000 52
102.464000 102.752000 56
102.912000 103.136000 59
103.136000 103.584000 61
103.584000 103.840000 59
103.840000 104.576000 53
105.088000 106.496000 70
106.560000 106.880000 58
106.880000 107.104000 61
107.104000 107.360000 63
107.360000 108.160000 62
108.160000 109.056000 59
109.184000 109.344000 55
109.344000 109.728000 54
109.728000 110.496000 58
110.560000 111.872000 57
112.352000 112.448000 52
112.448000 112.736000 54
112.736000 113.856000 57
113.856000 114.656000 54
114.656000 115.584000 62
115.584000 115.744000 61
115.744000 116.864000 59
116.864000 118.752000 65
118.752000 120.032000 59
122.592000 122.688000 70
130.784000 130.880000 59
131.040000 132.192000 59
132.256000 134.368000 64
