3.712000 4.608000 53
4.768000 4.992000 53
5.152000 5.536000 54
6.528000 7.360000 54
7.456000 7.840000 54
8.000000 8.576000 56
8.704000 8.928000 53
9.440000 10.624000 53
10.816000 11.296000 55
11.392000 11.776000 51
15.008000 15.936000 53
16.064000 16.800000 53
17.888000 19.040000 54
19.264000 19.520000 56
19.872000 20.192000 53
20.960000 21.536000 53
21.632000 21.792000 53
22.016000 22.464000 56
22.720000 23.072000 51
23.168000 23.264000 51
25.952000 26.304000 60
26.304000 26.496000 58
26.688000 27.008000 57
27.008000 27.392000 56
27.392000 27.584000 53
27.744000 28.160000 56
28.736000 28.800000 58
28.800000 29.088000 60
29.088000 29.280000 58
29.472000 30.080000 56
30.080000 30.528000 53
30.528000 30.912000 56
31.520000 31.648000 59
31.648000 31.840000 61
31.840000 32.832000 57
32.992000 34.080000 52
37.184000 37.536000 60
37.536000 38.528000 57
38.624000 38.944000 53
38.944000 39.424000 56
40.064000 40.128000 58
40.128000 40.384000 61
40.384000 40.608000 58
40.768000 41.056000 58
41.056000 41.344000 56
41.472000 41.664000 53
41.824000 42.208000 56
42.816000 42.944000 59
42.944000 43.136000 61
43.136000 43.392000 58
43.552000 44.128000 56
44.288000 44.480000 52
44.672000 45.344000 51
48.832000 49.152000 56
49.152000 49.184000 59
49.184000 49.440000 64
49.536000 51.360000 61
51.680000 51.872000 56
52.000000 52.640000 64
52.640000 53.056000 61
53.056000 53.984000 63
54.528000 54.720000 56
54.880000 55.072000 64
55.168000 55.424000 63
55.552000 56.192000 61
56.192000 56.864000 58
56.960000 57.216000 61
57.344000 57.632000 58
57.632000 58.272000 59
58.368000 58.688000 61
58.688000 59.680000 63
59.776000 60.448000 61
60.576000 62.176000 65
62.176000 62.464000 61
62.592000 63.136000 61
63.328000 63.552000 61
63.648000 64.000000 63
64.352000 65.856000 65
65.984000 66.496000 61
66.592000 66.688000 61
66.880000 67.168000 58
67.168000 67.520000 61
67.936000 68.256000 58
68.256000 68.576000 61
68.576000 68.960000 58
68.960000 69.504000 61
69.664000 71.136000 63
71.424000 71.776000 56
71.776000 72.032000 64
72.128000 73.888000 61
74.272000 74.496000 72
74.496000 75.104000 64
75.104000 76.384000 63
76.384000 76.672000 60
77.024000 77.312000 55
77.440000 77.504000 61
77.504000 77.760000 64
77.760000 78.400000 62
78.496000 78.816000 61
78.816000 79.392000 58
79.520000 79.808000 61
79.808000 80.192000 58
80.192000 80.544000 61
80.544000 80.928000 58
80.928000 82.240000 63
82.336000 83.072000 61
83.328000 83.968000 65
84.128000 84.320000 64
84.320000 84.736000 65
84.736000 85.088000 60
85.184000 85.728000 61
85.856000 86.208000 61
86.208000 86.560000 63
86.944000 87.136000 63
87.136000 88.224000 65
88.224000 89.024000 61
89.440000 89.824000 58
89.824000 90.016000 61
90.400000 90.528000 56
90.528000 90.784000 58
90.784000 91.424000 60
91.520000 92.096000 61
92.224000 93.728000 63
93.984000 94.208000 56
94.368000 94.944000 64
95.040000 98.912000 61
99.424000 99.712000 62
100.096000 100.288000 65
100.544000 100.672000 65
101.184000 101.280000 66
101.536000 101.696000 66
102.112000 102.368000 61
102.368000 103.232000 65
105.696000 106.496000 64
106.624000 106.688000 69
106.688000 107.424000 73
107.424000 107.712000 68
107.840000 108.032000 66
108.256000 108.320000 63
108.384000 109.280000 65
109.408000 110.848000 61
110.976000 111.168000 65
111.296000 111.616000 65
111.712000 112.320000 65
112.416000 112.672000 61
112.768000 113.088000 60
113.312000 115.232000 60
115.936000 116.608000 54
116.608000 116.896000 56
116.896000 118.560000 61
119.456000 119.648000 55
119.808000 120.352000 64
120.352000 121.472000 62
121.504000 121.728000 58
122.208000 122.400000 56
122.560000 122.816000 64
122.944000 123.200000 63
123.296000 123.456000 61
123.648000 123.968000 61
123.968000 124.160000 58
124.320000 124.704000 58
124.704000 124.992000 61
124.992000 125.440000 58
125.440000 126.592000 61
126.592000 127.424000 63
127.520000 127.744000 61
127.840000 128.224000 61
128.576000 128.800000 65
128.928000 129.888000 65
129.984000 130.240000 61
130.336000 130.944000 61
131.040000 131.392000 61
131.392000 131.744000 63
132.128000 133.056000 65
133.152000 133.344000 64
133.344000 134.144000 61
134.720000 134.944000 58
134.944000 135.232000 61
135.776000 135.872000 57
136.000000 136.320000 61
136.320000 136.576000 58
136.736000 136.800000 60
136.800000 137.280000 62
137.472000 137.920000 65
138.016000 141.568000 63
141.920000 141.984000 56
141.984000 142.144000 58
142.336000 142.624000 65
142.624000 143.328000 63
143.456000 144.512000 62
144.864000 145.024000 57
145.216000 145.792000 64
145.792000 146.144000 62
146.240000 146.912000 64
146.912000 147.296000 61
147.648000 147.840000 56
148.032000 148.640000 64
148.640000 149.472000 62
149.472000 150.752000 59
150.848000 151.136000 62
151.136000 151.360000 59
151.584000 151.776000 62
151.872000 152.960000 64
152.960000 153.664000 62
153.984000 154.624000 66
154.720000 155.264000 66
155.392000 156.704000 62
156.832000 157.184000 64
157.536000 158.432000 66
158.560000 159.040000 64
159.040000 159.680000 62
159.680000 160.288000 59
160.384000 160.736000 62
161.056000 161.152000 56
161.152000 161.376000 59
161.376000 161.664000 62
161.664000 162.016000 59
162.112000 162.656000 62
162.848000 166.144000 64
167.360000 167.520000 56
167.648000 167.712000 60
167.712000 168.288000 64
168.416000 168.672000 62
168.768000 170.400000 62
