0.320000 0.640000 56
16.672000 17.504000 59
17.600000 17.824000 59
18.144000 18.208000 55
18.208000 18.368000 56
18.368000 19.488000 59
19.584000 20.128000 59
20.640000 20.704000 58
20.704000 20.864000 61
21.152000 21.440000 61
21.632000 21.888000 61
22.144000 23.232000 63
23.328000 24.192000 65
24.640000 25.600000 66
25.696000 26.080000 64
26.176000 27.136000 59
27.136000 27.360000 65
27.488000 28.160000 64
28.640000 29.024000 63
29.152000 30.272000 62
30.464000 31.488000 59
32.608000 32.928000 59
33.152000 33.824000 59
34.144000 34.560000 56
34.688000 35.072000 59
35.232000 35.936000 60
36.640000 36.864000 60
37.152000 37.856000 61
38.144000 38.368000 61
38.368000 40.256000 64
40.640000 41.344000 67
41.344000 41.568000 66
41.664000 42.112000 64
42.208000 42.528000 60
42.528000 43.136000 59
43.136000 43.360000 65
43.488000 43.904000 65
44.672000 44.736000 58
44.736000 44.832000 60
44.832000 45.344000 63
45.344000 45.760000 59
45.760000 46.272000 63
46.656000 46.752000 65
46.752000 48.128000 68
48.128000 48.672000 64
48.960000 49.056000 61
49.056000 49.376000 59
49.376000 50.304000 64
50.400000 50.784000 67
51.104000 51.360000 59
51.360000 51.520000 64
51.680000 52.320000 67
52.416000 52.800000 64
53.184000 53.280000 59
53.408000 53.504000 64
53.664000 53.888000 66
53.888000 54.432000 64
54.432000 54.784000 68
55.104000 55.968000 68
56.064000 56.288000 61
56.448000 56.768000 64
57.120000 58.080000 70
58.080000 60.288000 68
60.640000 61.568000 68
61.664000 62.048000 64
62.048000 62.304000 61
62.400000 62.496000 59
62.656000 63.008000 69
63.168000 63.552000 68
63.648000 64.000000 64
64.160000 64.640000 66
65.120000 65.376000 59
65.376000 65.920000 65
66.016000 66.400000 64
66.400000 66.784000 68
67.104000 67.392000 59
67.392000 67.520000 64
67.680000 68.320000 66
68.448000 68.768000 64
69.664000 69.920000 66
69.920000 70.368000 64
70.368000 70.784000 67
71.136000 71.552000 68
71.648000 71.968000 67
72.064000 72.288000 63
72.448000 72.736000 64
73.152000 74.112000 70
74.112000 76.224000 67
76.608000 77.600000 68
77.600000 78.304000 64
78.304000 78.528000 59
78.656000 79.520000 68
79.616000 80.000000 64
80.128000 80.512000 66
80.704000 81.280000 64
81.440000 81.536000 64
81.696000 81.824000 66
83.264000 83.392000 76
83.680000 83.808000 75
84.416000 84.544000 76
84.896000 85.024000 73
85.184000 85.344000 74
85.728000 85.824000 75
86.432000 86.560000 68
87.296000 87.520000 67
88.032000 88.224000 61
88.896000 89.280000 61
90.432000 90.592000 61
91.136000 91.264000 64
91.264000 91.360000 66
91.712000 91.872000 62
91.872000 92.160000 66
92.288000 93.152000 64
93.280000 93.408000 66
94.016000 94.144000 66
94.336000 94.432000 64
94.912000 95.040000 62
95.456000 95.552000 65
95.712000 96.576000 65
96.576000 96.864000 59
97.152000 97.440000 59
97.600000 97.792000 59
98.112000 98.528000 56
98.688000 100.128000 59
100.608000 100.928000 60
101.088000 101.536000 61
101.632000 101.856000 61
102.208000 103.232000 63
103.328000 103.488000 66
103.584000 104.288000 64
104.672000 105.024000 68
105.152000 105.568000 66
105.664000 106.048000 64
106.048000 106.560000 61
106.688000 107.136000 59
107.136000 108.128000 65
108.672000 109.024000 64
109.184000 110.304000 62
110.400000 110.784000 60
110.944000 111.840000 59
112.608000 112.896000 59
113.152000 113.472000 59
113.632000 113.824000 59
114.176000 114.528000 56
114.688000 115.424000 59
115.584000 116.256000 59
116.608000 116.928000 61
117.152000 117.472000 61
117.568000 117.856000 61
118.144000 118.432000 61
118.432000 118.816000 63
118.912000 119.456000 64
119.616000 120.224000 65
120.224000 120.512000 68
120.640000 121.504000 67
121.664000 122.048000 64
122.208000 123.040000 59
123.168000 123.936000 65
124.384000 124.512000 67
124.672000 124.736000 59
124.736000 124.896000 61
124.896000 125.408000 63
125.408000 125.856000 59
125.952000 126.336000 64
126.656000 128.064000 68
128.192000 128.352000 66
128.352000 128.672000 64
128.672000 128.928000 63
128.928000 129.088000 62
129.088000 129.408000 59
129.408000 129.920000 65
130.048000 130.336000 64
130.496000 130.816000 68
131.392000 131.520000 64
131.680000 132.704000 66
132.704000 132.800000 63
133.184000 133.312000 59
133.440000 133.536000 64
133.696000 133.952000 66
133.952000 134.432000 64
134.432000 134.816000 67
135.136000 135.552000 68
135.648000 135.968000 67
136.096000 136.256000 63
136.448000 136.736000 64
137.184000 138.144000 69
138.144000 140.224000 67
140.608000 141.568000 68
141.568000 142.304000 64
142.400000 142.496000 59
142.656000 143.008000 69
143.168000 143.648000 67
143.648000 144.032000 64
144.192000 144.640000 66
145.152000 145.408000 59
145.408000 145.888000 65
146.016000 146.336000 64
146.464000 146.784000 68
147.104000 147.392000 59
147.392000 147.520000 64
147.680000 148.384000 66
148.480000 148.800000 64
149.664000 149.952000 66
149.952000 150.400000 64
150.400000 150.752000 68
151.104000 151.552000 68
151.648000 151.968000 68
152.064000 152.160000 65
152.160000 152.288000 61
152.448000 152.704000 64
153.120000 154.176000 69
154.176000 156.128000 67
156.576000 157.568000 68
157.568000 158.304000 64
158.304000 158.528000 59
158.624000 159.520000 68
159.648000 160.000000 64
160.224000 160.544000 66
160.672000 160.896000 64
160.896000 161.504000 66
161.632000 162.144000 65
162.144000 162.272000 62
162.272000 162.624000 59
162.944000 163.136000 68
163.648000 163.872000 66
163.872000 164.064000 64
164.352000 164.480000 61
164.896000 165.152000 68
165.408000 165.504000 64
165.696000 166.048000 66
170.880000 170.976000 71
178.432000 178.656000 71
178.784000 178.880000 75
178.880000 179.008000 71
179.552000 179.648000 70
181.120000 181.376000 59
181.376000 181.920000 65
182.016000 182.336000 64
182.464000 182.816000 68
183.200000 183.296000 62
183.392000 183.520000 64
183.680000 183.936000 66
184.160000 184.192000 66
184.256000 184.320000 67
184.512000 184.768000 64
185.184000 185.344000 59
185.664000 186.016000 66
186.016000 186.400000 64
186.400000 186.848000 67
187.136000 187.552000 68
187.648000 187.968000 67
188.096000 188.320000 62
188.480000 188.672000 64
189.152000 189.376000 70
189.440000 190.016000 69
190.112000 190.592000 68
190.592000 191.904000 66
192.000000 192.192000 68
192.608000 193.536000 68
193.664000 194.080000 64
194.080000 194.272000 61
194.688000 195.008000 69
195.200000 195.552000 68
195.648000 195.904000 64
196.192000 196.576000 66
197.088000 197.376000 59
197.376000 197.888000 65
198.016000 198.336000 64
198.432000 198.784000 68
199.392000 199.520000 64
199.680000 200.320000 66
200.448000 200.736000 64
201.216000 201.312000 60
201.664000 201.952000 66
201.952000 202.336000 64
202.336000 202.752000 67
203.136000 203.936000 68
204.448000 204.672000 64
205.120000 206.048000 70
206.048000 208.160000 67
208.608000 209.568000 68
209.568000 210.144000 64
210.144000 210.528000 59
210.656000 211.488000 69
211.904000 212.608000 64
212.608000 212.832000 69
212.928000 213.504000 64
215.104000 215.264000 64
215.424000 215.840000 64
232.064000 232.192000 75
232.192000 232.288000 74
232.288000 232.416000 72
232.416000 232.544000 69
232.544000 232.768000 66
