14.528000 14.688000 52
14.912000 15.136000 54
15.296000 15.680000 57
16.096000 16.384000 57
16.480000 16.768000 57
16.896000 17.248000 59
17.696000 18.016000 57
18.016000 18.720000 59
18.880000 19.200000 61
19.296000 19.808000 61
19.808000 20.000000 59
20.096000 20.480000 59
20.896000 21.120000 52
21.280000 21.568000 54
21.664000 22.368000 57
23.104000 23.424000 57
23.424000 24.192000 59
24.192000 24.736000 62
24.864000 26.560000 64
27.296000 27.616000 61
27.616000 28.704000 64
28.864000 29.376000 65
29.376000 30.112000 61
30.464000 32.128000 61
32.128000 32.576000 59
32.576000 32.800000 57
32.960000 33.376000 54
33.728000 34.016000 52
34.112000 34.400000 54
34.496000 34.976000 57
35.296000 35.584000 57
35.712000 36.096000 57
36.096000 36.512000 59
36.960000 37.088000 59
37.088000 37.248000 61
37.376000 38.560000 57
40.096000 40.736000 53
40.896000 41.440000 57
41.696000 42.912000 57
43.328000 43.616000 57
43.616000 44.352000 59
44.512000 45.184000 61
45.280000 45.600000 61
45.600000 46.080000 59
46.496000 46.912000 52
46.912000 47.968000 57
48.704000 49.984000 59
50.112000 52.288000 64
52.864000 53.312000 61
53.312000 54.400000 65
54.528000 55.040000 64
55.040000 55.712000 61
56.128000 56.352000 61
56.480000 56.800000 64
56.800000 57.568000 61
57.696000 58.240000 59
58.240000 59.168000 57
59.680000 60.064000 54
60.064000 60.512000 57
60.960000 62.176000 57
62.464000 62.784000 60
62.880000 63.168000 57
63.264000 64.640000 57
65.376000 65.792000 57
65.792000 66.112000 60
66.240000 66.560000 64
66.688000 67.424000 64
67.424000 67.904000 61
67.904000 68.384000 64
68.672000 69.056000 57
69.056000 69.216000 59
69.216000 69.664000 62
69.856000 70.592000 64
70.688000 71.520000 59
71.872000 72.128000 57
72.288000 72.416000 59
72.416000 72.608000 61
72.608000 72.896000 64
73.056000 73.184000 64
73.184000 73.536000 66
73.536000 73.792000 69
73.792000 74.656000 64
75.008000 75.808000 59
75.808000 76.160000 57
76.256000 76.416000 62
76.416000 76.640000 64
76.640000 77.056000 60
77.056000 77.888000 58
78.240000 78.624000 57
78.624000 78.944000 60
79.072000 79.360000 64
79.456000 80.192000 64
80.192000 80.704000 61
80.704000 81.184000 64
81.472000 81.856000 57
81.856000 81.984000 59
81.984000 82.496000 62
82.656000 83.136000 65
83.136000 83.456000 64
83.456000 83.808000 60
83.904000 85.408000 59
85.536000 87.104000 57
88.160000 88.416000 57
88.416000 88.864000 60
88.992000 89.760000 61
89.888000 90.848000 57
91.072000 91.744000 59
91.936000 92.896000 57
96.736000 97.024000 61
97.216000 97.344000 62
109.280000 109.536000 61
120.224000 120.544000 52
120.640000 120.960000 54
121.088000 121.536000 57
121.824000 122.176000 57
122.304000 122.528000 57
122.656000 123.072000 59
123.424000 123.776000 57
123.776000 125.728000 61
125.888000 126.240000 59
126.656000 127.264000 60
127.264000 128.224000 57
128.832000 129.248000 57
129.248000 130.496000 60
130.688000 132.224000 64
133.056000 133.344000 60
133.472000 133.984000 64
133.984000 135.072000 66
135.072000 135.872000 62
136.224000 136.608000 61
136.608000 136.960000 63
137.088000 137.376000 62
137.376000 138.432000 60
138.432000 139.168000 57
139.392000 139.712000 52
139.872000 140.384000 54
140.384000 142.400000 57
142.688000 142.976000 60
143.072000 145.152000 57
145.504000 145.888000 57
145.888000 146.144000 60
146.304000 146.528000 64
146.656000 147.488000 64
147.552000 147.776000 61
147.872000 148.384000 64
148.640000 148.960000 57
148.960000 149.184000 59
149.184000 149.632000 61
149.856000 150.528000 64
150.528000 150.592000 62
150.688000 151.456000 59
151.872000 152.096000 57
152.288000 152.384000 59
152.384000 152.640000 61
152.640000 152.832000 64
153.056000 153.120000 64
153.120000 154.304000 66
154.304000 154.688000 64
155.008000 155.744000 60
155.744000 156.160000 57
156.256000 156.672000 63
156.672000 156.992000 60
157.088000 157.504000 57
157.504000 157.920000 59
158.272000 158.592000 57
158.688000 158.912000 60
159.072000 159.392000 62
159.520000 160.256000 64
160.256000 160.544000 61
160.704000 161.120000 64
161.440000 161.792000 57
161.792000 162.464000 61
162.624000 163.392000 64
163.392000 163.744000 60
163.840000 165.408000 59
165.600000 167.392000 57
168.032000 168.416000 57
168.416000 168.896000 60
169.056000 169.728000 61
169.888000 170.688000 57
171.104000 171.808000 59
171.904000 175.072000 57
175.136000 175.200000 57
175.232000 175.296000 57
175.360000 177.088000 57
181.824000 182.656000 61
182.656000 187.296000 57
187.648000 187.840000 57
188.288000 188.864000 60
188.864000 191.296000 57
192.032000 192.320000 57
192.320000 194.048000 64
194.048000 195.392000 59
196.704000 197.056000 57
197.056000 197.376000 60
197.504000 198.624000 64
198.624000 199.040000 61
199.136000 199.552000 64
199.872000 200.256000 57
200.256000 200.352000 59
200.352000 200.896000 62
201.088000 201.792000 64
201.888000 202.720000 59
203.040000 203.296000 57
203.488000 203.616000 60
203.616000 203.840000 61
203.840000 204.096000 64
204.288000 204.448000 65
204.448000 204.832000 66
204.832000 205.024000 69
205.120000 205.952000 64
206.272000 207.008000 59
207.008000 207.360000 57
207.456000 207.584000 62
207.584000 207.840000 64
207.840000 208.288000 61
208.288000 209.184000 57
209.504000 209.888000 57
209.888000 210.144000 60
210.304000 210.432000 63
210.624000 210.656000 62
210.720000 211.264000 65
211.264000 211.712000 61
211.936000 212.608000 64
212.704000 213.152000 57
213.248000 213.472000 61
213.472000 213.728000 64
213.888000 214.624000 64
214.624000 215.040000 59
215.136000 216.160000 59
216.320000 216.928000 60
217.120000 217.344000 59
217.344000 218.080000 55
218.080000 218.976000 57
219.488000 219.712000 57
219.712000 220.160000 60
220.320000 221.120000 61
221.120000 223.264000 57
225.024000 225.920000 59
226.688000 229.664000 57
