11.328000 11.616000 69
11.904000 12.704000 66
12.704000 13.152000 63
13.280000 13.536000 63
14.048000 14.688000 65
15.232000 16.800000 69
17.184000 19.328000 64
19.456000 19.776000 66
19.936000 20.640000 69
20.672000 20.864000 71
20.960000 21.056000 71
22.048000 22.368000 69
22.848000 23.136000 69
24.928000 25.600000 52
25.760000 26.752000 54
27.008000 27.584000 52
27.744000 28.064000 54
28.192000 28.480000 54
28.480000 28.704000 56
28.992000 30.016000 50
31.040000 31.744000 50
33.056000 33.216000 52
33.312000 33.504000 54
33.504000 34.208000 53
34.336000 34.592000 54
34.592000 35.008000 56
35.008000 35.552000 53
35.680000 36.832000 51
37.088000 37.536000 52
37.664000 38.336000 50
38.432000 39.040000 52
39.200000 40.224000 52
41.184000 41.376000 52
41.472000 41.600000 54
41.696000 41.888000 52
41.984000 42.752000 54
42.752000 43.168000 57
43.264000 43.328000 50
43.328000 43.616000 53
43.744000 44.000000 52
44.000000 44.320000 54
44.512000 44.736000 54
44.736000 44.960000 56
45.184000 45.952000 50
46.112000 46.432000 50
46.560000 46.976000 53
47.072000 48.224000 50
49.216000 50.016000 52
50.144000 51.072000 54
51.424000 51.520000 51
51.616000 52.064000 52
52.192000 52.608000 54
52.608000 53.152000 57
53.440000 53.664000 54
53.664000 54.144000 58
54.240000 55.072000 59
55.200000 56.960000 63
57.344000 57.408000 51
57.408000 57.440000 53
57.440000 57.824000 56
57.952000 58.880000 57
59.008000 59.136000 55
59.264000 59.744000 55
59.744000 60.128000 57
60.288000 60.672000 57
60.800000 61.184000 55
61.504000 61.856000 55
62.016000 62.208000 54
62.336000 62.688000 54
62.848000 62.944000 50
63.360000 64.672000 54
64.768000 64.896000 55
65.376000 65.792000 52
65.792000 66.784000 55
66.912000 69.312000 62
69.632000 69.856000 62
69.856000 70.368000 64
70.464000 70.848000 64
70.944000 73.248000 64
73.472000 73.568000 56
73.696000 75.648000 64
75.776000 76.448000 62
76.544000 77.056000 57
77.056000 77.984000 59
77.984000 78.496000 62
78.592000 79.104000 62
79.104000 81.440000 65
81.856000 84.224000 64
84.384000 84.576000 62
84.576000 85.600000 58
85.888000 86.176000 59
86.176000 87.680000 62
87.808000 89.536000 64
89.728000 89.824000 56
89.984000 91.936000 64
92.032000 92.736000 62
92.864000 93.344000 57
93.344000 93.696000 59
93.696000 94.464000 62
94.560000 94.784000 62
94.880000 95.296000 62
95.360000 97.856000 65
98.144000 98.336000 62
98.336000 98.528000 64
98.624000 99.168000 64
99.168000 99.872000 62
100.128000 100.352000 62
100.352000 101.856000 63
102.048000 102.432000 57
102.432000 102.688000 59
102.688000 102.912000 62
103.040000 110.560000 62
112.736000 114.464000 69
114.656000 117.440000 64
117.600000 118.272000 69
118.272000 118.912000 71
122.528000 122.688000 51
122.816000 123.648000 53
123.808000 124.096000 54
124.096000 124.448000 56
124.672000 124.736000 51
124.736000 125.024000 53
125.120000 125.280000 52
125.408000 126.336000 54
126.560000 127.296000 50
127.488000 127.968000 50
128.672000 129.760000 50
130.688000 130.816000 52
130.912000 131.360000 53
131.456000 132.544000 54
132.704000 132.896000 52
132.992000 133.440000 53
133.536000 134.336000 51
134.688000 135.296000 52
135.296000 135.424000 50
135.616000 135.904000 50
136.064000 136.704000 52
136.832000 137.664000 51
137.920000 138.016000 51
138.784000 139.232000 52
139.360000 139.936000 53
140.096000 140.352000 54
140.352000 140.704000 57
140.928000 141.024000 50
141.152000 141.952000 53
142.112000 142.368000 54
142.368000 142.624000 57
142.688000 143.296000 50
143.456000 143.616000 50
143.744000 144.000000 50
144.224000 145.088000 52
145.088000 145.984000 50
146.912000 147.104000 52
147.232000 147.648000 52
147.776000 148.096000 54
148.224000 148.480000 54
148.480000 148.736000 56
149.024000 149.152000 51
149.248000 149.696000 52
149.824000 150.112000 54
150.304000 150.784000 57
150.976000 151.232000 54
151.232000 151.392000 57
151.552000 151.712000 59
151.808000 154.720000 63
155.040000 155.104000 54
155.104000 155.456000 57
155.584000 156.512000 57
156.640000 156.768000 55
156.896000 157.312000 55
157.408000 157.760000 57
157.888000 157.984000 58
157.984000 158.784000 56
159.136000 159.456000 55
159.648000 159.808000 54
159.968000 160.320000 54
160.480000 160.800000 50
160.960000 162.496000 54
163.008000 163.424000 52
163.424000 164.384000 55
164.512000 166.944000 62
167.264000 167.968000 63
168.064000 168.448000 64
168.576000 169.504000 64
169.600000 170.912000 64
171.072000 171.200000 56
171.328000 173.280000 64
173.376000 173.472000 65
173.472000 174.048000 62
174.176000 174.624000 57
174.624000 175.072000 59
175.360000 175.424000 58
175.424000 176.128000 62
176.224000 176.736000 61
176.736000 179.040000 65
179.456000 181.824000 64
181.984000 182.208000 62
182.304000 182.720000 57
182.816000 183.200000 59
183.424000 183.808000 59
183.808000 185.280000 62
185.440000 187.136000 64
187.616000 188.736000 64
188.832000 189.536000 65
189.632000 189.728000 65
189.728000 190.304000 62
190.464000 190.944000 57
190.976000 192.064000 59
192.192000 192.864000 61
192.992000 195.456000 65
195.744000 195.968000 62
195.968000 196.128000 64
196.256000 196.768000 64
196.768000 197.504000 62
197.760000 197.984000 62
197.984000 198.720000 64
198.720000 199.456000 62
199.680000 199.808000 56
199.808000 200.000000 57
200.000000 200.288000 59
200.288000 200.512000 62
200.672000 202.144000 61
203.168000 203.264000 62
203.360000 203.584000 55
203.584000 203.744000 58
203.872000 205.824000 65
205.920000 206.560000 63
206.688000 207.584000 58
207.872000 207.936000 58
207.936000 208.096000 60
208.096000 208.640000 63
208.768000 209.248000 63
209.248000 211.840000 66
212.032000 214.400000 65
214.560000 214.784000 63
214.784000 215.744000 59
216.096000 216.320000 60
216.320000 217.792000 63
217.952000 219.680000 65
219.840000 220.032000 58
220.128000 222.080000 65
222.176000 222.304000 66
222.304000 222.880000 63
223.040000 223.488000 58
223.488000 223.904000 60
224.192000 224.448000 60
224.448000 224.608000 63
224.736000 225.472000 63
225.568000 226.656000 65
226.752000 228.128000 67
228.288000 229.984000 64
230.304000 231.488000 65
231.584000 232.064000 63
232.224000 232.320000 56
232.320000 232.544000 58
232.544000 233.056000 60
233.216000 235.040000 63
235.392000 240.864000 62
243.328000 243.424000 70
243.808000 244.064000 70
244.384000 244.512000 70
245.376000 247.200000 65
248.032000 248.800000 71
249.632000 249.760000 70
