5.120000 5.376000 57
6.336000 6.720000 57
7.936000 8.160000 58
11.040000 11.168000 58
11.168000 11.360000 60
11.360000 11.456000 63
11.552000 11.744000 60
11.744000 12.000000 62
12.160000 12.288000 64
12.384000 12.576000 59
12.576000 12.992000 56
15.456000 15.744000 60
15.840000 16.320000 60
16.608000 16.992000 60
17.376000 17.632000 57
20.416000 20.640000 60
20.640000 21.600000 58
23.776000 24.640000 58
24.992000 25.312000 61
25.664000 26.144000 58
28.832000 29.280000 60
29.376000 29.664000 59
30.016000 30.368000 60
30.656000 30.944000 56
33.792000 33.952000 60
33.952000 34.912000 58
37.056000 37.184000 60
37.312000 37.920000 58
38.112000 38.208000 58
38.496000 38.592000 62
39.040000 39.552000 58
42.528000 43.040000 56
43.040000 43.616000 60
43.616000 44.128000 68
44.640000 44.832000 60
44.832000 45.184000 63
46.528000 46.880000 60
46.880000 47.424000 68
47.968000 48.544000 61
49.856000 50.176000 60
50.272000 50.560000 68
50.656000 50.752000 67
51.296000 51.936000 61
53.344000 53.728000 58
53.728000 54.048000 56
54.560000 54.880000 55
55.712000 56.448000 56
56.448000 56.960000 60
56.960000 57.472000 68
57.952000 58.144000 60
58.144000 58.528000 63
59.776000 60.224000 60
60.224000 60.640000 68
60.672000 60.832000 67
61.248000 61.856000 61
63.168000 63.584000 60
63.584000 64.224000 68
64.640000 65.216000 61
66.688000 67.072000 68
67.072000 68.416000 71
68.768000 70.336000 72
70.464000 71.904000 68
72.448000 72.736000 67
73.120000 73.600000 63
73.760000 74.624000 60
74.720000 75.040000 60
75.360000 75.616000 62
75.776000 76.160000 61
76.256000 76.864000 63
77.056000 77.536000 72
77.536000 78.144000 70
78.272000 78.432000 71
80.224000 80.416000 68
80.416000 80.832000 70
80.832000 83.776000 72
83.776000 85.216000 68
85.376000 85.664000 72
85.888000 86.080000 67
86.240000 86.944000 63
87.072000 87.904000 60
88.000000 88.544000 60
88.768000 88.928000 62
89.024000 89.248000 61
89.344000 89.472000 61
89.632000 89.920000 63
90.016000 90.208000 63
90.400000 91.552000 71
91.744000 92.096000 70
92.544000 92.640000 67
93.312000 93.792000 68
93.952000 94.528000 72
94.784000 94.912000 72
95.136000 95.616000 72
96.672000 97.088000 70
97.088000 97.984000 73
98.400000 98.880000 73
99.008000 99.584000 68
100.064000 100.256000 68
100.448000 101.184000 72
101.984000 102.208000 74
103.552000 104.480000 70
104.672000 104.800000 64
104.928000 105.088000 60
105.088000 105.152000 61
105.152000 105.632000 64
105.632000 106.368000 57
108.768000 110.368000 60
110.496000 111.072000 56
113.792000 114.656000 58
117.088000 118.208000 58
118.976000 119.552000 57
122.144000 123.584000 60
123.776000 124.384000 56
127.104000 127.360000 60
127.808000 128.192000 56
130.432000 131.264000 58
135.872000 136.064000 57
136.064000 136.192000 58
136.192000 136.928000 60
136.928000 137.056000 66
137.312000 137.504000 68
137.600000 137.632000 67
138.176000 138.592000 63
139.840000 140.096000 60
140.256000 140.448000 66
141.280000 141.888000 61
143.168000 143.552000 60
143.840000 144.288000 67
144.608000 145.216000 61
146.688000 147.392000 58
147.968000 148.192000 56
149.408000 149.760000 57
149.760000 150.176000 60
150.272000 150.784000 67
151.296000 151.488000 60
151.488000 151.872000 63
153.184000 153.600000 60
153.600000 153.888000 67
154.016000 154.144000 67
154.592000 154.720000 60
154.784000 155.200000 61
156.480000 156.928000 60
156.928000 157.600000 67
157.984000 158.624000 61
160.032000 160.384000 68
160.384000 161.792000 71
161.920000 163.680000 72
163.776000 165.216000 68
165.536000 165.728000 64
166.240000 166.304000 61
166.464000 166.880000 63
167.072000 167.968000 72
168.256000 168.960000 72
169.216000 169.408000 67
169.632000 170.176000 63
170.432000 170.880000 72
170.880000 171.488000 70
172.096000 172.320000 67
173.568000 173.792000 68
173.792000 174.176000 70
174.176000 177.120000 72
177.120000 178.016000 68
178.112000 178.336000 68
179.584000 180.160000 63
180.416000 181.248000 60
181.344000 181.696000 60
182.144000 182.240000 62
182.560000 182.848000 60
182.976000 183.552000 63
183.744000 184.896000 71
185.888000 185.984000 68
186.688000 187.104000 68
187.104000 188.960000 72
188.992000 189.024000 72
189.248000 189.600000 79
189.600000 189.856000 72
189.984000 190.432000 70
190.432000 191.456000 73
191.648000 192.320000 73
192.320000 192.960000 68
193.120000 193.632000 68
193.792000 195.008000 60
195.136000 196.192000 56
196.320000 196.896000 56
197.152000 198.112000 70
198.176000 198.400000 69
198.528000 198.688000 70
198.944000 200.672000 68
200.672000 202.400000 72
202.400000 202.752000 79
202.944000 203.040000 73
203.040000 204.864000 72
205.056000 205.632000 73
205.632000 206.272000 68
206.496000 206.976000 68
207.072000 207.232000 72
207.328000 208.128000 72
208.480000 208.928000 73
208.960000 209.568000 68
209.568000 210.272000 63
210.400000 211.520000 71
211.840000 212.032000 70
212.224000 213.952000 68
213.952000 215.200000 72
215.296000 215.488000 72
216.672000 217.152000 70
217.152000 218.368000 73
218.752000 218.912000 71
218.976000 219.616000 67
220.032000 220.320000 68
220.448000 221.536000 72
222.560000 222.976000 67
223.360000 224.704000 70
225.056000 225.664000 67
225.888000 226.144000 67
