9.504000 9.696000 63
9.824000 13.056000 77
13.088000 13.184000 74
13.504000 14.112000 64
14.272000 15.552000 60
15.744000 15.968000 60
16.288000 16.320000 57
16.384000 16.704000 56
16.992000 17.280000 60
17.504000 18.752000 60
18.752000 21.952000 65
22.816000 23.456000 65
23.456000 24.096000 68
24.128000 24.576000 65
25.056000 25.632000 69
25.632000 25.728000 67
25.856000 27.456000 60
27.744000 27.840000 57
28.896000 30.784000 53
31.136000 31.488000 56
31.488000 32.544000 57
32.640000 33.312000 53
33.536000 33.728000 56
33.728000 34.880000 53
34.976000 35.328000 53
35.808000 37.184000 57
37.280000 38.208000 60
38.400000 39.072000 58
39.264000 39.360000 62
39.456000 41.216000 58
41.312000 41.472000 56
41.568000 42.560000 53
42.720000 43.744000 53
43.872000 44.640000 54
44.960000 45.088000 59
45.312000 46.016000 63
46.208000 46.304000 62
46.432000 48.544000 65
48.896000 48.960000 61
48.992000 49.152000 60
49.344000 49.440000 56
49.664000 49.888000 55
50.240000 50.432000 55
50.688000 50.944000 55
51.744000 51.840000 56
51.936000 52.192000 55
52.320000 52.480000 53
52.608000 52.704000 54
52.864000 53.152000 55
53.440000 53.664000 56
53.984000 54.432000 55
54.624000 54.880000 54
55.136000 55.488000 55
55.744000 55.968000 56
56.288000 56.448000 60
57.152000 57.312000 61
57.408000 57.792000 59
58.080000 58.528000 53
58.624000 59.072000 58
59.616000 59.776000 60
59.872000 60.384000 60
60.608000 60.736000 60
60.896000 61.152000 68
61.248000 61.344000 67
61.472000 61.728000 65
61.728000 62.272000 67
62.656000 62.912000 68
63.232000 63.488000 68
63.488000 64.064000 66
64.352000 64.672000 67
64.832000 66.784000 67
67.200000 70.752000 65
71.232000 71.808000 64
71.968000 72.992000 60
73.376000 73.664000 59
74.112000 74.400000 56
74.400000 74.624000 59
74.720000 75.008000 60
75.136000 76.576000 61
76.576000 79.872000 65
80.448000 80.992000 65
80.992000 81.600000 68
81.600000 82.208000 65
82.784000 83.424000 69
83.456000 85.216000 72
85.344000 85.504000 67
86.528000 86.848000 56
86.976000 87.712000 54
88.832000 88.992000 56
89.216000 89.696000 58
89.696000 90.816000 54
91.136000 91.264000 56
91.520000 92.192000 53
92.288000 93.152000 54
93.440000 93.888000 56
93.888000 94.496000 58
94.624000 94.880000 56
94.880000 95.968000 60
96.128000 96.640000 58
96.960000 97.056000 62
97.280000 97.856000 58
98.080000 98.400000 56
98.400000 99.200000 57
99.200000 99.456000 55
99.552000 100.096000 53
100.384000 100.480000 56
100.736000 102.176000 53
102.688000 102.816000 60
102.976000 103.648000 63
103.872000 106.784000 65
107.072000 107.232000 56
107.360000 107.808000 54
107.968000 108.096000 55
108.320000 108.480000 55
108.768000 108.928000 54
109.344000 109.504000 55
109.952000 110.240000 54
110.272000 110.432000 55
110.624000 110.848000 55
111.040000 111.232000 55
111.680000 112.384000 55
112.544000 113.632000 55
113.984000 114.464000 59
115.072000 115.456000 58
116.352000 116.480000 59
116.640000 116.800000 57
116.896000 117.056000 55
117.376000 117.600000 60
117.632000 117.728000 59
117.760000 117.952000 60
118.208000 118.400000 61
118.560000 118.752000 68
119.168000 119.424000 65
119.680000 119.904000 65
119.904000 120.000000 67
120.000000 120.160000 73
120.320000 120.416000 72
120.928000 121.312000 68
121.600000 121.792000 74
122.048000 122.144000 68
122.272000 122.400000 67
122.688000 124.640000 67
124.864000 125.792000 64
126.048000 128.896000 65
129.088000 129.504000 63
129.696000 130.688000 60
131.040000 131.360000 58
131.584000 131.776000 58
131.776000 132.128000 56
132.128000 132.320000 59
132.448000 132.704000 60
132.896000 133.888000 60
134.112000 135.008000 65
135.136000 135.264000 65
135.360000 139.904000 65
140.448000 144.384000 72
155.648000 155.808000 63
156.128000 156.224000 64
156.544000 156.672000 63
157.536000 157.760000 63
158.112000 158.240000 63
158.400000 158.560000 64
158.848000 159.104000 63
161.152000 161.280000 64
163.008000 164.224000 65
164.352000 164.544000 68
164.672000 165.280000 67
165.280000 166.624000 60
166.976000 167.264000 65
167.264000 168.736000 60
169.280000 169.664000 60
169.664000 170.048000 57
170.208000 170.336000 59
170.336000 172.032000 60
172.032000 175.936000 65
176.224000 176.800000 65
176.800000 177.440000 68
177.440000 178.208000 65
178.528000 179.232000 69
179.232000 180.992000 72
181.440000 182.432000 65
182.496000 182.912000 65
183.072000 185.312000 65
185.504000 185.728000 65
185.728000 186.080000 63
186.272000 187.232000 60
187.744000 187.904000 60
188.096000 188.288000 58
188.288000 188.736000 56
188.736000 189.248000 60
189.408000 190.016000 64
190.080000 190.496000 63
190.624000 190.912000 63
191.008000 191.552000 65
191.872000 194.592000 65
194.688000 195.232000 65
195.232000 195.776000 68
195.808000 196.416000 65
197.024000 197.376000 70
197.376000 197.632000 68
197.632000 199.392000 72
199.392000 200.064000 67
200.896000 201.280000 65
205.536000 205.920000 65
210.912000 211.296000 67
214.272000 214.432000 67
215.616000 215.680000 67
215.712000 215.776000 67
216.416000 216.672000 68
216.800000 217.472000 67
217.600000 217.984000 71
