21.024000 21.216000 65
21.216000 21.632000 67
46.144000 46.368000 53
46.496000 46.784000 51
46.944000 47.296000 51
47.424000 48.576000 54
49.760000 50.272000 53
50.272000 50.528000 51
50.656000 50.816000 51
50.816000 51.328000 53
51.456000 52.256000 54
53.408000 53.728000 53
53.888000 54.176000 51
54.336000 54.496000 51
54.496000 55.008000 53
55.104000 55.360000 54
55.552000 55.680000 58
55.680000 56.128000 59
56.256000 56.736000 58
57.088000 57.408000 57
57.824000 58.528000 54
59.616000 59.808000 54
59.808000 60.288000 56
60.288000 60.480000 62
60.640000 62.464000 61
63.360000 63.520000 52
63.520000 63.840000 54
63.968000 64.160000 61
64.320000 64.768000 61
64.992000 66.080000 59
67.072000 67.520000 52
67.712000 68.448000 59
68.896000 69.504000 62
69.600000 69.792000 59
69.888000 70.688000 58
70.816000 72.768000 59
78.944000 79.104000 56
79.136000 79.392000 54
79.488000 79.616000 52
79.744000 79.936000 53
79.936000 80.128000 51
82.144000 82.336000 54
82.336000 82.496000 52
84.960000 85.248000 54
85.248000 85.568000 53
88.768000 88.864000 53
88.992000 89.120000 54
89.120000 89.632000 52
90.528000 90.560000 52
90.656000 91.040000 53
91.296000 91.424000 50
92.800000 93.088000 53
93.248000 94.016000 51
94.176000 95.168000 54
96.544000 96.768000 54
96.928000 97.568000 51
97.568000 99.040000 54
100.192000 100.480000 53
100.640000 101.408000 51
101.856000 102.048000 54
102.048000 102.240000 55
102.240000 102.400000 57
102.400000 103.040000 59
103.040000 103.456000 58
103.808000 104.160000 57
104.512000 105.696000 54
106.784000 106.880000 58
107.040000 108.192000 62
108.320000 109.440000 61
110.080000 110.240000 52
110.336000 110.656000 54
110.656000 111.552000 61
111.744000 113.024000 59
114.016000 114.304000 52
114.464000 114.656000 59
114.752000 115.264000 59
115.616000 115.904000 61
115.904000 116.256000 63
116.256000 116.480000 59
116.576000 117.120000 59
117.248000 121.376000 61
121.856000 122.336000 54
122.336000 122.592000 61
122.752000 123.680000 66
123.680000 124.576000 61
124.672000 126.336000 61
126.496000 128.064000 59
128.544000 128.672000 65
129.216000 130.144000 61
130.144000 130.560000 64
130.688000 130.816000 65
130.976000 131.232000 60
131.360000 132.032000 59
132.288000 132.448000 59
132.448000 132.512000 61
132.512000 133.664000 64
133.664000 136.160000 61
136.736000 137.024000 54
137.120000 137.376000 61
137.568000 138.368000 66
138.528000 140.416000 61
140.800000 141.088000 62
141.248000 141.408000 57
141.536000 142.688000 59
143.392000 143.904000 56
144.032000 144.992000 61
144.992000 145.312000 63
145.472000 145.632000 54
145.728000 145.856000 59
145.856000 146.016000 61
146.176000 146.720000 59
146.848000 146.976000 63
146.976000 147.232000 59
147.232000 147.264000 61
147.264000 148.512000 64
148.640000 149.152000 62
149.152000 152.832000 59
155.584000 155.904000 53
156.032000 156.800000 51
156.960000 158.528000 54
159.232000 159.392000 57
159.392000 159.936000 59
159.936000 162.016000 56
162.080000 162.304000 54
163.040000 163.552000 54
163.552000 163.776000 51
163.872000 164.064000 51
164.064000 164.832000 54
165.024000 165.120000 57
165.120000 165.440000 59
165.440000 165.696000 61
165.696000 166.208000 58
166.592000 166.848000 64
167.136000 167.232000 63
167.520000 167.808000 56
167.936000 168.416000 53
169.568000 169.728000 58
169.888000 170.624000 63
170.656000 170.688000 61
170.784000 171.136000 64
171.264000 171.520000 61
171.680000 172.192000 61
172.192000 172.320000 66
172.416000 172.544000 70
172.544000 172.608000 67
172.864000 172.992000 64
173.152000 173.600000 63
174.016000 174.240000 63
174.400000 174.656000 65
174.816000 175.424000 61
175.968000 176.448000 64
177.216000 177.504000 66
177.504000 178.272000 63
178.368000 179.008000 62
179.104000 179.296000 62
179.360000 179.744000 59
180.000000 180.160000 56
180.320000 184.224000 61
184.672000 185.056000 54
185.056000 185.344000 61
185.536000 185.600000 63
185.600000 186.368000 66
186.368000 187.328000 61
187.424000 187.968000 59
187.968000 188.448000 61
188.672000 189.024000 62
189.216000 189.408000 57
189.504000 190.752000 59
191.552000 191.968000 56
191.968000 192.864000 61
192.928000 193.056000 63
193.408000 193.568000 54
193.696000 193.952000 61
194.112000 194.720000 59
194.976000 195.232000 59
195.232000 196.416000 64
196.416000 198.976000 61
199.424000 199.840000 54
199.840000 200.096000 61
200.288000 201.088000 66
201.280000 203.232000 61
203.520000 203.840000 62
204.000000 204.160000 56
204.320000 205.632000 59
206.112000 206.656000 56
206.752000 207.648000 61
207.936000 208.032000 57
208.160000 208.416000 54
208.416000 208.736000 60
208.896000 209.440000 59
209.760000 209.952000 59
209.952000 211.264000 64
211.424000 211.904000 62
211.904000 212.992000 61
212.992000 217.280000 59
217.824000 217.856000 60
217.920000 218.624000 63
218.784000 219.616000 61
219.712000 219.840000 59
220.064000 220.320000 62
220.448000 220.608000 63
220.608000 220.800000 66
220.800000 221.088000 63
221.088000 221.440000 68
221.536000 221.664000 62
221.664000 222.048000 63
222.048000 222.624000 61
222.720000 223.264000 61
223.392000 224.096000 59
224.320000 224.608000 56
224.768000 225.472000 66
225.472000 226.784000 59
226.880000 227.840000 59
228.224000 228.448000 59
228.448000 234.048000 66
234.336000 234.464000 59
234.464000 235.168000 67
235.392000 235.456000 61
235.456000 236.320000 63
236.320000 237.152000 66
237.280000 237.824000 59
237.824000 238.944000 61
239.136000 240.768000 59
241.440000 241.856000 56
241.856000 242.784000 61
242.976000 243.104000 56
243.296000 243.488000 54
243.488000 243.872000 60
243.968000 244.480000 59
244.864000 245.088000 59
245.088000 246.304000 64
246.304000 246.656000 62
246.752000 248.864000 61
249.248000 249.728000 54
249.728000 249.984000 61
250.176000 250.976000 66
251.168000 252.192000 61
252.320000 253.056000 61
253.504000 253.632000 62
253.760000 253.952000 66
254.080000 254.560000 67
254.560000 254.656000 64
254.656000 255.552000 59
255.680000 255.840000 63
256.128000 256.512000 56
256.640000 257.504000 61
257.600000 257.728000 55
258.048000 258.336000 55
258.336000 258.592000 60
258.752000 259.264000 59
259.616000 259.840000 59
259.840000 260.480000 65
260.576000 261.152000 64
261.280000 261.728000 62
261.728000 262.816000 61
262.816000 265.280000 59
265.280000 266.944000 63
267.072000 269.120000 54
270.880000 270.976000 66
270.976000 271.200000 69
271.200000 272.768000 71
272.768000 276.480000 66
290.432000 290.560000 48
