12.064000 12.128000 54
12.128000 12.192000 56
12.192000 12.544000 59
12.704000 13.024000 59
13.152000 13.792000 58
13.888000 14.752000 60
14.912000 15.136000 57
15.264000 16.256000 61
17.472000 17.536000 54
17.536000 17.888000 59
18.080000 18.400000 59
18.496000 18.720000 57
18.880000 19.072000 59
19.072000 19.776000 58
19.904000 20.032000 59
20.224000 20.480000 57
20.480000 21.024000 53
23.008000 23.328000 64
23.488000 24.576000 62
24.672000 25.504000 61
25.600000 25.760000 64
25.760000 26.816000 59
28.320000 28.768000 62
28.928000 29.312000 62
29.408000 29.984000 61
30.080000 30.304000 60
30.432000 30.656000 60
30.752000 31.328000 61
31.424000 32.128000 64
33.792000 34.176000 59
34.304000 34.656000 60
34.816000 36.384000 60
36.480000 36.704000 57
36.800000 37.664000 60
37.760000 37.856000 60
39.232000 39.584000 59
39.776000 40.096000 59
40.192000 40.448000 57
40.576000 41.408000 58
41.504000 41.664000 59
41.888000 42.144000 57
42.240000 43.040000 52
43.264000 43.392000 51
44.448000 44.544000 52
44.640000 46.176000 63
46.336000 46.528000 61
46.624000 47.136000 62
47.328000 47.488000 60
47.648000 48.192000 62
49.984000 50.048000 51
50.048000 50.080000 57
50.080000 50.272000 62
50.336000 50.528000 60
50.752000 50.976000 62
50.976000 51.264000 61
51.456000 51.648000 62
51.968000 52.640000 60
52.736000 54.720000 64
57.536000 57.600000 57
57.632000 57.696000 57
57.760000 58.336000 58
58.560000 58.880000 60
58.976000 59.232000 59
59.328000 59.488000 60
59.872000 60.128000 59
60.224000 60.352000 60
60.512000 60.768000 60
60.768000 61.120000 62
61.120000 61.536000 64
61.536000 62.464000 62
62.912000 63.488000 65
63.552000 64.096000 65
64.096000 64.704000 63
64.704000 64.896000 58
64.992000 65.184000 61
65.184000 65.536000 64
65.696000 66.080000 62
66.240000 66.496000 62
66.560000 67.040000 62
67.232000 67.584000 60
68.576000 68.768000 58
68.928000 69.088000 60
69.344000 70.272000 60
70.688000 70.848000 58
71.008000 71.168000 60
71.296000 71.616000 61
71.616000 71.936000 62
71.936000 73.120000 64
73.120000 73.280000 71
73.792000 74.272000 65
74.400000 74.656000 65
74.752000 75.616000 64
75.712000 76.096000 60
76.096000 76.288000 64
76.448000 76.576000 62
76.768000 77.920000 62
78.304000 79.104000 61
79.104000 81.184000 64
81.472000 82.880000 64
109.632000 110.016000 58
110.144000 110.496000 60
110.656000 112.224000 59
112.352000 112.608000 57
112.704000 113.664000 60
115.008000 115.392000 59
115.616000 115.936000 59
116.064000 116.256000 57
116.352000 117.280000 57
117.408000 117.536000 59
117.760000 117.952000 57
117.952000 118.656000 52
120.416000 121.248000 63
121.440000 121.664000 62
121.792000 122.048000 62
122.112000 122.464000 60
122.464000 123.008000 62
123.136000 123.360000 63
123.520000 124.224000 59
125.888000 126.112000 63
126.240000 127.136000 61
127.232000 128.800000 61
128.960000 129.920000 64
131.168000 132.352000 59
132.448000 133.888000 60
134.016000 134.240000 57
134.368000 135.392000 60
136.640000 138.592000 59
138.816000 139.328000 59
139.456000 139.648000 57
139.808000 140.320000 52
140.416000 140.544000 54
140.800000 140.928000 51
142.112000 143.392000 63
143.488000 144.032000 60
144.160000 144.640000 62
144.800000 146.144000 59
147.488000 147.648000 63
147.648000 148.096000 60
148.192000 149.408000 61
149.568000 150.496000 61
150.592000 152.640000 64
154.912000 155.104000 58
155.296000 155.456000 57
155.616000 155.808000 59
155.968000 156.288000 60
156.416000 156.608000 60
156.640000 156.672000 59
156.736000 156.928000 61
156.928000 157.120000 63
157.248000 157.376000 68
157.600000 157.792000 61
157.952000 158.240000 60
158.240000 158.848000 63
159.040000 159.296000 61
159.296000 159.488000 62
159.488000 159.712000 64
159.712000 160.224000 71
160.352000 160.896000 64
161.024000 161.632000 65
161.632000 161.792000 61
161.792000 162.240000 64
162.240000 162.592000 60
162.688000 162.880000 63
162.880000 163.008000 60
163.264000 163.552000 62
163.712000 164.608000 62
164.704000 165.088000 59
165.760000 165.920000 58
166.080000 166.272000 57
166.400000 166.592000 59
166.848000 167.488000 60
167.680000 167.840000 59
168.128000 168.256000 69
168.512000 168.640000 61
168.800000 169.056000 60
169.056000 169.696000 62
169.888000 170.336000 62
170.336000 170.560000 64
170.560000 170.976000 59
171.168000 171.680000 65
171.904000 172.096000 63
172.192000 172.480000 65
172.480000 172.704000 62
172.704000 172.992000 64
172.992000 173.056000 63
173.056000 173.984000 61
174.080000 174.400000 62
174.560000 175.520000 62
175.808000 175.872000 58
175.872000 176.480000 61
176.480000 178.304000 65
179.456000 179.552000 68
179.808000 179.936000 69
180.032000 180.256000 59
180.416000 180.608000 60
180.736000 180.928000 60
181.056000 181.472000 60
181.792000 181.952000 58
182.048000 182.688000 60
182.784000 183.840000 63
183.968000 184.128000 64
184.928000 186.016000 65
186.016000 186.656000 63
186.784000 187.136000 61
187.136000 187.360000 64
187.584000 188.224000 62
188.256000 188.320000 62
188.608000 188.864000 61
188.928000 188.992000 60
188.992000 189.184000 63
189.184000 189.728000 59
190.176000 190.368000 57
190.496000 190.688000 57
190.848000 191.040000 60
191.200000 191.872000 60
192.032000 192.416000 61
192.544000 192.672000 70
192.896000 193.056000 60
193.216000 193.504000 60
193.504000 194.144000 63
194.336000 195.136000 62
195.616000 196.512000 65
196.640000 197.472000 64
197.600000 197.952000 61
197.952000 198.176000 64
198.528000 198.688000 63
198.784000 199.744000 62
199.840000 199.968000 62
200.192000 200.960000 61
200.960000 202.176000 64
202.976000 203.072000 69
248.736000 249.664000 64
249.760000 250.432000 63
250.560000 251.264000 64
251.424000 252.160000 63
252.192000 252.352000 60
252.448000 252.640000 62
252.832000 253.024000 62
253.120000 253.536000 62
253.664000 253.824000 61
254.080000 254.208000 62
254.304000 254.464000 61
255.328000 257.408000 62
257.536000 257.792000 61
257.888000 258.816000 63
258.816000 259.168000 61
259.392000 259.488000 62
260.544000 261.984000 63
262.016000 262.080000 64
262.112000 262.752000 64
262.752000 263.200000 61
263.296000 264.544000 62
264.800000 264.864000 58
266.048000 266.208000 62
266.944000 267.232000 60
267.328000 268.288000 62
268.864000 269.120000 65
269.152000 269.344000 64
269.344000 269.856000 62
269.984000 270.144000 60
270.208000 270.272000 57
270.272000 270.368000 54
271.648000 273.280000 64
273.504000 273.696000 64
274.112000 274.272000 62
274.464000 274.816000 63
