21.344000 21.472000 61
21.600000 22.976000 62
23.136000 23.264000 62
23.360000 24.096000 62
24.096000 25.344000 63
29.120000 29.248000 61
29.376000 30.208000 62
30.336000 32.096000 62
32.384000 33.536000 62
36.000000 36.256000 64
36.256000 38.400000 67
38.496000 39.072000 66
39.200000 39.808000 66
39.968000 40.128000 68
40.224000 40.384000 63
40.480000 41.216000 63
44.000000 44.352000 65
44.512000 45.088000 66
45.184000 45.568000 67
45.664000 46.080000 67
46.176000 46.784000 66
46.880000 48.096000 66
48.384000 49.056000 63
49.056000 49.568000 60
52.160000 52.640000 59
52.640000 53.472000 57
53.536000 53.952000 55
54.080000 54.272000 56
54.400000 54.848000 56
56.128000 57.952000 59
60.960000 61.600000 62
61.600000 61.920000 70
61.920000 63.200000 66
63.296000 64.000000 67
64.096000 65.216000 66
66.240000 66.656000 65
66.752000 67.104000 66
67.200000 67.392000 66
67.520000 67.712000 66
67.712000 68.192000 62
68.288000 68.800000 60
69.280000 69.696000 71
69.696000 69.792000 69
69.792000 70.400000 67
70.400000 70.912000 64
71.456000 71.744000 71
71.968000 72.352000 67
72.352000 72.992000 62
73.760000 75.008000 59
75.904000 76.576000 63
76.832000 77.280000 62
77.408000 77.888000 69
77.888000 79.744000 66
79.872000 80.032000 64
80.128000 81.280000 69
82.112000 83.584000 69
83.680000 84.032000 62
84.128000 84.864000 71
85.632000 86.016000 67
86.112000 86.176000 73
86.176000 86.528000 74
86.528000 87.328000 72
87.328000 88.096000 66
88.192000 88.768000 66
89.920000 91.968000 71
91.968000 92.832000 67
93.728000 93.984000 67
93.984000 94.912000 72
95.040000 95.296000 72
95.296000 95.904000 67
96.096000 97.344000 66
99.616000 99.808000 63
99.904000 101.376000 67
104.416000 104.576000 62
104.672000 105.280000 62
105.408000 105.792000 62
105.984000 107.392000 62
107.392000 108.160000 64
108.352000 108.512000 64
108.512000 109.248000 61
112.512000 113.120000 62
113.216000 113.920000 62
114.080000 115.104000 62
115.264000 115.520000 62
115.520000 116.000000 66
116.352000 116.480000 63
116.608000 117.248000 63
119.424000 119.488000 63
119.488000 120.800000 66
120.896000 121.024000 67
121.152000 123.328000 66
123.424000 123.520000 68
123.520000 123.584000 66
123.584000 124.160000 63
124.160000 124.576000 61
127.360000 127.424000 62
127.424000 129.440000 66
129.600000 130.496000 66
130.592000 130.976000 66
131.072000 131.296000 67
131.296000 131.488000 71
131.616000 132.544000 63
132.544000 133.600000 60
135.296000 135.616000 59
135.744000 136.160000 58
136.320000 136.704000 57
136.800000 137.408000 57
137.600000 138.336000 57
139.520000 140.320000 59
140.320000 142.080000 57
142.304000 142.816000 62
142.816000 142.880000 63
142.880000 142.912000 66
142.912000 143.392000 69
143.392000 144.384000 66
144.480000 144.608000 67
144.704000 145.344000 67
145.472000 146.560000 66
147.680000 147.840000 64
147.840000 149.120000 66
149.120000 150.304000 61
150.688000 151.104000 71
151.104000 151.680000 67
151.680000 152.480000 64
152.896000 153.152000 71
153.152000 153.280000 68
153.408000 153.728000 67
153.728000 153.856000 66
153.856000 154.432000 61
155.200000 155.360000 57
155.456000 156.960000 59
157.312000 158.016000 63
158.176000 158.816000 62
158.816000 159.168000 70
159.168000 161.024000 66
161.120000 161.216000 64
161.312000 161.472000 64
161.600000 161.760000 65
161.760000 162.016000 67
162.112000 162.880000 69
163.552000 163.840000 67
163.840000 164.992000 69
164.992000 165.408000 62
165.536000 166.816000 71
167.136000 167.616000 67
167.616000 168.768000 72
168.864000 170.464000 66
171.232000 173.440000 71
173.440000 174.400000 67
174.944000 175.392000 67
175.392000 176.320000 72
176.416000 176.832000 71
176.832000 177.280000 68
177.472000 177.664000 67
177.664000 178.208000 66
178.208000 179.040000 62
179.200000 179.296000 62
180.896000 181.120000 62
181.120000 187.584000 67
188.864000 190.528000 67
190.656000 191.744000 67
191.744000 191.840000 68
191.840000 194.464000 71
194.464000 195.424000 67
197.216000 197.920000 66
198.048000 198.912000 67
199.072000 199.232000 65
199.360000 199.712000 67
199.840000 200.256000 69
201.344000 201.472000 63
201.472000 201.568000 64
201.568000 201.824000 65
201.824000 203.200000 66
203.296000 203.648000 69
203.744000 204.256000 69
204.256000 204.544000 67
204.864000 205.344000 67
205.344000 206.144000 73
206.336000 206.912000 72
206.912000 208.768000 66
211.040000 211.200000 61
211.392000 213.952000 67
218.528000 218.752000 65
219.136000 219.232000 65
219.360000 221.888000 67
223.008000 225.120000 65
228.160000 228.800000 62
228.896000 229.280000 62
229.376000 229.568000 62
229.728000 231.424000 62
231.648000 232.352000 63
232.352000 233.280000 60
236.192000 236.320000 61
236.448000 237.280000 62
237.408000 237.984000 62
238.240000 238.400000 62
238.496000 238.656000 62
238.784000 239.296000 62
239.296000 239.808000 66
240.352000 242.112000 64
