11.712000 13.600000 60
13.600000 16.800000 67
17.184000 17.856000 61
18.144000 18.400000 57
18.400000 18.656000 60
18.656000 19.552000 62
19.552000 21.792000 60
22.720000 23.840000 56
24.000000 24.512000 57
24.640000 24.960000 55
24.960000 25.440000 53
25.856000 26.208000 55
26.304000 26.784000 57
26.784000 27.456000 60
27.456000 27.712000 64
27.968000 28.832000 62
28.832000 29.952000 65
30.048000 32.704000 60
32.800000 32.928000 60
33.408000 35.360000 67
35.456000 36.064000 72
36.096000 37.344000 68
37.472000 38.048000 65
38.176000 38.496000 62
38.880000 39.360000 59
39.360000 39.904000 57
39.904000 40.768000 62
40.864000 41.088000 63
41.088000 41.568000 61
41.664000 43.200000 60
44.128000 45.248000 68
45.248000 46.048000 71
46.048000 46.528000 69
46.528000 46.848000 65
46.912000 47.072000 65
47.072000 47.552000 63
47.616000 48.096000 65
48.096000 48.320000 62
48.544000 48.768000 60
48.768000 49.632000 57
50.080000 50.528000 60
50.528000 51.456000 62
51.456000 52.416000 66
52.416000 52.672000 62
52.800000 56.192000 65
66.240000 68.160000 60
68.160000 70.816000 67
70.944000 71.296000 65
71.584000 71.776000 62
71.776000 72.000000 61
72.000000 72.160000 58
72.288000 72.512000 57
72.512000 72.576000 58
72.576000 73.056000 60
73.056000 74.720000 62
74.720000 76.032000 60
76.864000 79.456000 57
80.000000 80.512000 55
80.608000 80.928000 57
81.152000 81.600000 60
81.600000 82.368000 64
82.688000 83.264000 62
83.264000 83.840000 66
83.840000 84.160000 62
84.352000 84.544000 60
84.544000 84.928000 57
85.056000 86.880000 59
87.712000 88.032000 65
88.032000 89.760000 67
89.760000 90.368000 72
90.368000 91.776000 68
91.776000 92.992000 65
93.184000 93.472000 60
93.472000 93.568000 59
93.568000 94.016000 57
94.016000 94.368000 60
94.368000 95.712000 62
95.840000 97.600000 60
98.432000 98.656000 67
98.656000 99.456000 68
99.456000 100.416000 71
100.576000 100.736000 67
100.736000 101.184000 65
101.184000 101.440000 62
101.440000 101.888000 66
102.048000 102.144000 66
102.144000 102.208000 65
102.208000 102.496000 63
102.496000 102.688000 62
102.688000 103.776000 58
104.256000 105.216000 60
105.216000 105.696000 62
105.696000 106.432000 67
106.432000 109.504000 64
116.672000 117.184000 65
130.976000 133.600000 67
152.576000 153.024000 58
153.024000 154.720000 60
154.720000 157.920000 67
158.080000 158.272000 63
158.272000 158.336000 62
158.336000 158.784000 60
158.784000 159.232000 58
159.392000 159.776000 62
159.776000 160.064000 65
160.064000 160.864000 62
160.960000 162.464000 60
162.560000 162.656000 59
163.360000 164.288000 56
164.384000 164.704000 57
164.832000 165.472000 57
165.472000 166.080000 54
166.432000 166.976000 55
167.072000 167.328000 57
167.328000 168.192000 60
168.192000 168.448000 65
168.640000 168.736000 65
168.960000 169.600000 62
169.600000 170.080000 65
170.272000 170.432000 66
170.432000 170.496000 65
170.496000 170.656000 63
170.656000 170.848000 62
170.848000 171.424000 58
171.648000 172.928000 60
174.112000 176.000000 67
176.128000 177.024000 72
177.024000 178.144000 68
178.144000 178.688000 65
178.816000 179.136000 62
179.488000 180.576000 58
180.576000 180.736000 60
180.736000 182.016000 62
182.144000 183.744000 60
184.800000 185.504000 68
185.600000 185.856000 69
185.856000 186.912000 70
186.912000 187.136000 68
187.136000 187.392000 65
187.520000 187.904000 63
187.904000 188.512000 66
188.512000 189.216000 62
189.216000 190.240000 57
190.688000 190.976000 60
190.976000 191.936000 61
191.936000 196.608000 65
205.472000 206.400000 65
206.496000 207.072000 65
207.360000 207.520000 65
