3.360000 3.840000 57
4.384000 5.536000 56
6.976000 7.168000 52
7.168000 7.904000 49
8.448000 8.896000 49
24.192000 24.416000 53
24.512000 24.768000 61
24.864000 25.120000 62
25.216000 25.728000 60
25.728000 26.784000 62
27.008000 27.584000 62
27.744000 28.192000 61
28.384000 28.992000 61
29.216000 29.824000 57
35.520000 35.680000 53
35.808000 36.416000 62
36.512000 37.056000 60
37.056000 37.824000 62
37.920000 38.144000 60
38.304000 38.816000 62
38.976000 39.520000 61
39.744000 40.320000 61
40.448000 41.344000 57
44.352000 44.640000 62
44.640000 44.896000 65
45.024000 45.440000 62
45.440000 46.080000 65
46.432000 46.656000 58
46.784000 47.392000 58
47.840000 48.064000 60
48.224000 48.864000 60
50.016000 50.208000 62
50.304000 50.496000 65
50.656000 50.816000 62
51.008000 51.552000 65
51.776000 53.024000 57
53.472000 53.760000 53
53.760000 54.368000 57
55.648000 55.808000 62
55.936000 56.192000 65
56.192000 56.672000 62
56.672000 57.312000 65
57.440000 58.624000 58
59.232000 59.360000 58
59.488000 60.704000 60
60.928000 61.536000 60
61.632000 61.824000 58
61.984000 62.464000 60
62.464000 63.136000 62
66.912000 67.200000 62
67.200000 67.456000 65
67.584000 67.808000 62
67.936000 68.512000 65
68.640000 71.296000 58
72.512000 73.440000 69
73.568000 74.240000 68
74.336000 75.520000 65
75.712000 76.512000 60
76.512000 77.152000 62
78.176000 78.400000 62
78.528000 79.520000 63
79.520000 79.808000 65
79.936000 81.152000 58
81.664000 81.952000 54
81.952000 82.080000 55
82.080000 83.872000 60
84.160000 84.416000 57
84.512000 85.312000 55
89.472000 90.112000 58
90.208000 91.456000 60
91.616000 92.320000 60
92.640000 92.896000 58
92.992000 93.216000 65
93.344000 94.592000 65
94.784000 95.328000 61
95.456000 95.712000 60
95.808000 96.160000 58
96.512000 96.928000 57
96.928000 97.120000 55
97.216000 97.440000 57
97.568000 97.984000 58
98.208000 98.592000 55
98.592000 100.192000 62
100.384000 100.864000 56
101.056000 101.248000 55
102.144000 102.432000 58
102.432000 102.752000 56
102.848000 103.552000 57
104.256000 104.864000 65
104.992000 105.472000 65
105.472000 105.632000 63
105.632000 106.368000 58
106.848000 107.360000 60
107.552000 108.128000 55
108.128000 109.088000 62
109.216000 110.656000 60
110.656000 111.616000 62
111.936000 112.000000 56
112.000000 112.800000 58
112.800000 114.080000 60
114.176000 114.944000 61
115.296000 115.456000 58
115.456000 115.552000 59
115.552000 115.808000 65
115.904000 117.216000 65
117.344000 117.888000 61
118.048000 118.688000 58
119.104000 119.360000 58
119.360000 120.544000 57
120.832000 121.216000 55
121.216000 121.440000 62
121.536000 121.664000 60
121.664000 121.824000 61
121.824000 122.560000 62
122.560000 123.552000 60
123.680000 124.000000 64
124.000000 124.416000 58
124.704000 125.024000 58
125.024000 126.208000 56
126.528000 126.752000 53
126.848000 127.712000 65
127.936000 128.416000 69
128.608000 128.992000 70
129.312000 129.536000 65
129.696000 130.016000 61
130.016000 130.624000 55
131.040000 131.104000 55
131.104000 131.424000 60
131.424000 131.904000 55
132.576000 132.768000 57
132.928000 133.568000 58
156.896000 157.056000 53
157.216000 157.472000 61
157.568000 157.824000 62
157.920000 158.080000 60
158.304000 158.880000 62
159.008000 159.584000 60
159.680000 160.224000 61
160.448000 161.728000 61
161.728000 162.496000 57
168.128000 168.352000 53
168.512000 169.120000 62
169.248000 170.016000 60
170.272000 170.848000 61
170.976000 171.584000 62
171.744000 172.992000 61
173.152000 173.856000 57
177.056000 177.344000 62
177.344000 177.600000 65
177.696000 177.888000 62
178.016000 178.656000 65
178.752000 181.536000 58
182.464000 183.584000 57
183.712000 184.288000 57
184.416000 184.992000 53
185.120000 185.664000 53
185.792000 187.200000 60
188.224000 188.288000 57
188.288000 188.800000 62
188.800000 188.960000 65
188.960000 189.408000 62
189.408000 189.952000 64
189.952000 191.520000 58
191.840000 192.160000 54
192.160000 193.984000 59
194.112000 194.528000 58
194.624000 195.616000 55
199.552000 200.192000 58
200.288000 201.600000 60
201.696000 202.176000 60
202.176000 202.432000 62
202.752000 202.976000 58
203.072000 204.672000 65
204.864000 205.440000 61
205.568000 205.824000 60
205.920000 206.272000 58
206.528000 207.552000 57
207.680000 208.064000 58
208.416000 208.736000 55
208.736000 210.368000 62
210.496000 211.072000 56
211.200000 211.424000 56
212.288000 213.600000 57
213.600000 213.696000 58
214.400000 214.688000 65
214.784000 215.712000 65
215.712000 216.512000 59
216.864000 217.504000 60
217.600000 218.240000 55
218.240000 219.200000 61
219.328000 219.424000 60
219.424000 219.808000 61
219.808000 220.768000 60
220.768000 221.696000 62
222.048000 222.784000 58
222.880000 222.944000 59
222.944000 223.680000 60
223.680000 223.840000 62
223.840000 225.024000 60
225.312000 225.632000 58
225.632000 227.360000 65
227.456000 228.064000 62
228.192000 228.448000 60
228.448000 228.896000 58
229.216000 229.440000 58
229.440000 230.464000 56
230.464000 230.720000 58
230.912000 231.296000 55
231.296000 231.584000 62
231.680000 231.744000 60
231.744000 233.664000 62
233.792000 234.080000 63
234.080000 234.560000 58
234.752000 235.168000 58
235.168000 235.520000 55
235.616000 236.320000 57
236.640000 236.896000 53
236.992000 237.888000 53
238.016000 238.528000 57
238.720000 239.360000 70
239.360000 239.680000 65
239.808000 240.128000 61
240.128000 240.768000 55
241.152000 241.216000 56
241.216000 241.536000 60
241.536000 242.048000 55
242.720000 242.944000 57
243.104000 243.680000 58
245.536000 245.824000 61
245.984000 246.528000 55
247.104000 247.232000 57
247.456000 248.160000 57
250.336000 250.592000 58
250.912000 251.808000 58
256.192000 257.056000 55
