17.792000 18.560000 59
18.688000 19.584000 62
19.776000 20.096000 63
20.736000 21.760000 57
21.760000 22.176000 55
22.400000 22.592000 57
22.784000 22.944000 59
23.072000 23.648000 59
24.416000 24.576000 57
24.576000 25.536000 59
25.696000 25.824000 60
25.824000 26.784000 63
27.104000 27.296000 55
27.296000 27.520000 57
27.776000 28.064000 57
28.160000 28.704000 56
28.864000 29.344000 55
31.008000 31.712000 59
31.808000 32.128000 62
32.224000 32.576000 62
32.576000 33.664000 64
33.856000 34.912000 57
35.104000 35.584000 60
35.840000 36.608000 59
37.536000 38.240000 59
38.400000 39.936000 62
40.256000 40.480000 56
40.480000 41.120000 58
41.248000 41.760000 56
41.920000 42.720000 56
43.072000 43.264000 54
43.712000 43.872000 62
43.872000 44.544000 64
44.544000 45.600000 67
45.824000 46.336000 62
46.752000 46.880000 59
47.040000 47.168000 59
47.168000 47.392000 60
47.392000 47.584000 57
47.584000 47.872000 59
47.872000 48.960000 57
49.408000 49.792000 58
49.888000 49.984000 58
49.984000 50.144000 57
50.144000 50.336000 54
50.432000 51.008000 55
51.104000 51.808000 67
51.904000 52.032000 67
52.032000 52.352000 69
52.352000 52.864000 63
53.248000 53.696000 60
53.824000 54.528000 67
54.816000 55.008000 64
55.008000 55.392000 66
55.392000 58.656000 69
59.296000 59.360000 60
59.360000 59.392000 62
59.392000 60.224000 66
60.224000 60.544000 64
60.608000 61.056000 60
61.056000 61.440000 64
61.440000 62.048000 70
62.208000 62.656000 67
62.656000 63.040000 69
63.328000 63.424000 57
63.424000 63.456000 62
63.456000 63.840000 66
63.840000 64.288000 62
64.288000 65.600000 67
65.920000 65.984000 61
65.984000 66.560000 67
66.560000 67.040000 64
67.040000 67.648000 61
67.904000 69.440000 68
69.440000 70.016000 62
70.016000 71.872000 71
72.384000 72.480000 62
72.480000 73.120000 66
73.120000 73.632000 64
73.632000 74.144000 60
74.144000 74.560000 64
74.560000 75.200000 70
75.328000 76.128000 67
76.576000 76.896000 70
77.056000 77.312000 74
77.312000 77.856000 73
77.856000 77.888000 67
78.080000 78.752000 68
79.040000 79.680000 66
79.680000 80.608000 64
81.120000 82.240000 69
82.240000 82.592000 66
82.752000 85.664000 64
87.616000 88.320000 55
90.304000 91.296000 59
94.368000 95.744000 64
96.128000 98.400000 59
99.968000 100.800000 59
100.896000 101.760000 62
101.984000 102.304000 63
102.912000 104.800000 57
104.960000 105.152000 59
105.280000 105.856000 59
106.624000 106.752000 57
106.752000 107.744000 59
107.872000 108.032000 60
108.032000 108.960000 63
109.280000 109.696000 56
109.952000 110.912000 57
111.040000 111.648000 55
113.184000 113.888000 59
114.016000 114.304000 62
114.432000 115.008000 62
115.104000 115.808000 64
116.064000 117.088000 57
117.280000 117.760000 59
118.016000 118.176000 57
118.176000 118.880000 59
118.880000 119.712000 54
119.712000 120.416000 59
120.608000 120.736000 60
120.736000 122.304000 63
122.528000 122.688000 56
122.688000 123.328000 58
123.488000 123.968000 56
124.096000 124.672000 57
125.920000 125.984000 62
125.984000 126.912000 64
126.912000 127.872000 67
128.032000 128.576000 62
129.216000 130.112000 59
130.112000 131.072000 57
131.072000 131.136000 59
131.616000 131.968000 58
132.096000 132.352000 57
132.352000 132.896000 55
133.312000 134.016000 67
134.112000 134.240000 67
134.240000 134.560000 69
134.560000 135.072000 63
135.392000 135.904000 59
136.032000 136.768000 67
136.992000 137.216000 64
137.216000 137.600000 66
137.600000 140.672000 69
141.472000 141.568000 59
141.568000 142.592000 65
142.592000 143.168000 60
143.168000 143.584000 64
143.584000 144.224000 70
144.448000 144.864000 67
144.864000 145.184000 69
145.536000 145.632000 58
145.632000 146.016000 66
146.016000 146.528000 62
146.528000 147.776000 67
148.032000 148.128000 60
148.128000 148.832000 66
148.832000 149.248000 64
149.248000 149.408000 59
149.408000 149.824000 63
150.112000 151.616000 69
151.616000 152.192000 62
152.192000 154.048000 71
154.560000 154.624000 62
154.624000 154.688000 63
154.688000 155.328000 66
155.328000 155.808000 64
155.808000 155.872000 61
155.872000 156.352000 60
156.352000 156.736000 64
156.736000 157.376000 70
157.536000 158.016000 67
158.016000 158.336000 69
158.688000 158.752000 64
158.752000 159.104000 70
159.264000 159.520000 74
159.520000 160.096000 73
160.256000 160.928000 68
161.248000 161.856000 66
161.856000 162.816000 64
163.296000 164.448000 69
164.448000 164.800000 66
164.928000 167.424000 64
167.808000 167.872000 59
167.872000 167.904000 62
167.904000 168.000000 65
168.000000 168.224000 67
168.224000 168.512000 66
168.512000 169.024000 64
169.024000 169.120000 57
169.120000 169.472000 60
169.472000 169.920000 64
169.920000 170.560000 70
170.688000 171.520000 68
171.840000 171.936000 57
171.936000 171.968000 62
171.968000 172.352000 66
172.352000 172.768000 62
172.768000 174.112000 67
174.400000 174.464000 61
174.464000 175.072000 67
175.072000 175.552000 64
175.648000 175.712000 57
175.712000 175.872000 60
175.872000 176.160000 64
176.416000 177.952000 69
177.952000 178.528000 62
178.528000 180.352000 71
180.864000 180.992000 62
180.992000 181.632000 66
181.632000 182.144000 64
182.144000 182.656000 60
182.656000 183.072000 64
183.072000 183.712000 70
183.872000 184.640000 67
185.088000 185.408000 70
185.568000 185.824000 74
185.824000 186.368000 73
186.368000 186.400000 67
186.560000 187.264000 68
187.552000 188.160000 66
188.160000 189.120000 64
189.632000 190.720000 69
190.880000 191.104000 66
191.264000 193.824000 64
