16.544000 17.728000 56
18.752000 19.424000 55
19.520000 20.064000 58
20.224000 21.408000 56
22.752000 23.168000 55
23.264000 24.032000 55
24.256000 24.416000 51
24.608000 25.280000 53
26.240000 26.688000 64
26.688000 27.360000 63
27.360000 27.936000 56
28.768000 29.120000 60
29.248000 29.984000 58
30.208000 30.496000 56
30.624000 31.488000 58
32.640000 33.760000 56
34.720000 34.848000 53
34.848000 35.264000 55
35.264000 35.872000 58
35.968000 36.256000 61
36.256000 36.576000 63
36.736000 37.824000 63
38.752000 39.424000 55
39.584000 40.000000 58
40.000000 41.728000 63
41.952000 42.016000 60
42.016000 42.368000 63
42.464000 43.104000 63
43.104000 43.328000 59
43.520000 43.872000 58
44.032000 44.320000 56
44.672000 44.768000 52
44.768000 45.440000 59
45.536000 46.016000 58
46.240000 49.152000 58
50.048000 50.464000 62
50.464000 50.624000 58
50.784000 51.072000 58
51.168000 51.488000 60
51.488000 51.584000 61
51.584000 52.256000 63
52.256000 52.576000 59
52.736000 53.088000 58
53.088000 53.440000 60
53.440000 54.464000 62
54.464000 54.560000 58
54.720000 55.392000 59
55.680000 56.032000 58
56.032000 56.384000 60
56.704000 57.024000 58
57.152000 57.312000 55
57.536000 57.760000 56
58.080000 58.112000 53
58.208000 58.272000 56
58.272000 58.368000 59
58.464000 60.576000 61
60.704000 61.024000 60
61.024000 61.376000 63
61.376000 61.760000 56
62.176000 62.240000 51
62.240000 62.272000 53
62.272000 62.592000 56
62.720000 63.072000 60
63.232000 64.064000 58
64.224000 64.384000 56
64.576000 65.664000 58
65.984000 66.048000 59
66.048000 66.304000 62
66.304000 66.592000 59
66.752000 67.136000 58
67.136000 67.456000 60
67.456000 67.584000 61
67.584000 68.288000 63
68.288000 69.568000 59
69.568000 70.112000 63
70.208000 70.272000 62
70.272000 70.432000 60
70.432000 70.624000 58
70.720000 70.912000 58
71.040000 71.424000 60
71.712000 72.576000 60
72.736000 72.992000 60
72.992000 73.472000 67
73.472000 73.856000 63
73.952000 74.080000 54
74.240000 74.304000 56
74.304000 74.336000 58
74.336000 75.104000 61
75.232000 75.648000 61
75.744000 76.096000 61
76.224000 77.376000 60
77.472000 77.984000 56
78.208000 78.272000 54
78.272000 78.400000 56
78.400000 79.072000 58
79.168000 79.616000 58
79.744000 80.384000 57
80.544000 81.568000 58
81.984000 84.736000 56
92.640000 93.856000 56
94.752000 95.136000 55
95.232000 96.032000 57
96.128000 96.448000 55
96.576000 97.600000 56
98.624000 98.720000 50
98.720000 100.000000 55
100.224000 101.440000 53
102.112000 102.176000 54
102.176000 103.360000 63
103.456000 104.032000 56
104.704000 105.920000 58
106.144000 106.432000 56
106.528000 107.712000 58
108.608000 110.112000 56
110.720000 110.880000 54
110.880000 111.776000 56
111.968000 113.856000 63
114.752000 114.912000 54
114.912000 115.744000 56
115.936000 116.608000 63
116.736000 117.696000 63
117.952000 118.592000 63
118.592000 119.104000 62
119.104000 119.392000 59
119.488000 119.584000 59
119.584000 120.288000 56
120.704000 122.080000 58
122.208000 125.600000 58
126.016000 126.464000 62
126.464000 126.624000 58
126.784000 127.104000 58
127.104000 127.456000 60
127.456000 127.584000 61
127.584000 128.288000 63
128.288000 128.608000 59
128.736000 129.056000 58
129.056000 129.440000 60
129.440000 130.432000 62
130.432000 130.592000 58
130.752000 131.392000 58
131.648000 131.936000 58
132.032000 132.416000 60
132.704000 133.056000 58
133.216000 133.344000 54
133.504000 134.016000 55
134.144000 134.208000 56
134.208000 134.336000 60
134.432000 137.376000 61
137.472000 137.760000 56
138.208000 138.272000 53
138.272000 138.464000 55
138.464000 138.592000 58
138.720000 139.072000 60
139.232000 140.032000 58
140.192000 140.352000 56
140.544000 141.632000 58
142.016000 142.432000 62
142.432000 142.624000 58
142.752000 143.136000 58
143.136000 143.456000 60
143.456000 143.584000 62
143.584000 144.256000 63
144.256000 145.632000 59
145.632000 146.112000 63
146.208000 146.304000 61
146.304000 146.624000 58
146.720000 146.912000 58
147.040000 147.456000 60
147.712000 148.544000 59
148.736000 148.992000 60
148.992000 149.024000 63
149.024000 149.472000 67
149.472000 149.856000 63
149.984000 150.208000 55
150.208000 150.272000 58
150.272000 151.104000 61
151.232000 152.096000 61
152.224000 153.312000 60
153.472000 153.920000 56
154.176000 154.272000 54
154.272000 154.464000 56
154.464000 156.416000 58
156.544000 157.600000 58
157.984000 162.112000 56
163.200000 163.328000 59
163.328000 163.904000 61
163.904000 164.576000 64
164.704000 165.856000 63
166.016000 166.496000 61
166.688000 168.352000 60
168.512000 169.632000 56
170.176000 170.240000 54
170.240000 170.432000 56
170.432000 171.072000 58
171.200000 171.360000 58
171.488000 172.256000 56
172.480000 172.576000 51
172.736000 172.896000 59
172.896000 173.152000 60
173.152000 176.416000 58
176.416000 178.432000 63
178.816000 179.104000 58
179.200000 179.520000 60
179.520000 180.160000 63
180.704000 181.024000 58
181.120000 181.472000 60
181.472000 181.984000 63
182.720000 183.488000 58
183.680000 183.936000 58
184.064000 184.448000 60
184.768000 185.024000 58
185.312000 185.408000 53
185.600000 185.856000 56
186.304000 186.368000 60
186.528000 188.576000 61
188.736000 188.960000 60
189.120000 189.440000 62
189.440000 189.824000 56
190.272000 190.368000 55
190.368000 190.624000 57
190.752000 191.072000 60
191.264000 191.968000 58
192.256000 192.416000 56
192.544000 194.336000 63
194.400000 194.432000 57
194.496000 194.560000 57
194.592000 196.256000 63
196.256000 197.088000 58
197.088000 197.472000 60
197.472000 198.112000 62
198.208000 198.400000 60
198.400000 198.624000 58
198.720000 198.880000 58
199.008000 199.392000 59
199.712000 200.512000 59
200.736000 201.024000 60
201.024000 201.472000 66
201.472000 201.888000 63
202.144000 202.208000 59
202.208000 203.040000 61
203.200000 203.616000 61
203.712000 204.064000 61
204.192000 205.408000 60
205.504000 205.952000 56
206.176000 206.464000 56
206.464000 207.040000 59
207.168000 208.416000 58
208.544000 209.696000 58
209.728000 212.928000 56
214.848000 215.040000 64
215.040000 215.552000 67
218.752000 218.944000 62
218.944000 219.584000 66
222.880000 223.200000 67
223.200000 223.296000 62
