11.904000 12.032000 64
16.256000 17.792000 66
17.952000 18.272000 65
18.464000 18.720000 63
18.816000 18.944000 61
19.072000 19.616000 62
19.776000 19.872000 61
21.792000 22.048000 59
22.272000 22.400000 58
23.584000 23.904000 61
24.000000 24.128000 65
24.288000 24.640000 63
24.992000 25.152000 59
25.152000 25.344000 61
25.440000 25.760000 63
25.920000 26.720000 65
30.880000 31.072000 65
31.168000 31.328000 65
31.328000 31.968000 67
32.096000 32.320000 66
32.512000 32.736000 65
33.024000 33.504000 62
33.632000 34.144000 62
34.304000 34.624000 61
36.256000 36.800000 59
36.800000 36.960000 57
37.120000 37.248000 57
38.112000 38.240000 58
38.240000 38.560000 61
38.560000 38.720000 64
38.912000 39.296000 63
39.584000 40.352000 61
40.576000 41.152000 61
44.928000 45.312000 66
45.408000 45.952000 65
46.048000 46.432000 65
46.720000 47.584000 63
48.608000 48.896000 68
49.056000 49.248000 68
49.472000 49.600000 68
49.760000 49.952000 68
49.952000 50.304000 66
50.400000 51.040000 66
51.552000 52.352000 65
52.576000 53.088000 66
53.184000 53.440000 68
53.536000 53.696000 70
54.304000 54.496000 62
54.624000 56.928000 63
58.816000 58.976000 56
58.976000 59.328000 59
59.424000 59.808000 62
59.968000 60.736000 62
60.928000 61.760000 65
62.720000 62.816000 58
62.912000 63.008000 61
63.136000 63.360000 63
63.552000 64.256000 62
64.448000 64.928000 67
65.280000 65.472000 68
65.472000 66.112000 71
66.272000 66.944000 74
67.136000 67.424000 74
67.552000 67.872000 73
68.032000 68.192000 65
68.320000 69.056000 71
69.376000 69.632000 68
69.632000 70.112000 65
70.304000 70.592000 58
71.008000 72.736000 66
73.312000 73.664000 59
73.888000 74.304000 66
74.752000 75.392000 66
75.520000 76.480000 63
76.928000 77.408000 61
77.408000 77.856000 67
78.368000 78.688000 67
78.784000 79.072000 64
79.168000 79.392000 63
79.392000 79.840000 61
80.096000 80.192000 59
80.192000 80.384000 61
80.608000 80.832000 65
80.928000 81.312000 61
81.856000 82.112000 61
82.112000 82.304000 63
82.432000 82.624000 65
82.816000 83.232000 63
83.552000 83.904000 61
84.096000 84.544000 60
84.704000 86.848000 61
89.472000 89.792000 65
89.920000 90.176000 66
90.336000 90.720000 68
90.720000 91.520000 66
91.648000 91.968000 63
92.096000 92.832000 62
93.056000 93.792000 61
95.072000 95.168000 60
95.168000 95.616000 56
95.744000 96.192000 58
96.800000 97.088000 61
97.216000 97.344000 65
97.472000 97.888000 63
98.112000 98.368000 60
98.368000 98.912000 63
99.072000 101.120000 65
101.760000 102.016000 62
103.776000 104.480000 65
104.480000 105.056000 67
105.152000 105.472000 66
105.600000 105.888000 65
106.048000 106.272000 63
106.368000 106.560000 61
106.720000 108.096000 61
109.344000 109.536000 60
109.536000 110.528000 57
111.104000 111.264000 58
111.264000 111.520000 61
111.520000 111.712000 65
111.840000 112.384000 63
112.384000 112.832000 60
112.928000 113.408000 60
113.632000 116.032000 61
117.792000 119.520000 66
119.616000 119.840000 63
120.000000 120.288000 63
120.384000 120.640000 65
121.248000 122.432000 68
122.592000 123.072000 67
123.200000 123.936000 65
124.256000 125.216000 65
125.344000 125.792000 66
125.888000 126.080000 68
126.240000 126.432000 68
126.432000 126.592000 70
126.816000 130.592000 63
130.912000 131.104000 57
131.360000 131.520000 55
131.520000 131.648000 56
131.648000 132.000000 60
132.096000 132.448000 62
132.576000 133.344000 61
133.504000 134.560000 65
135.168000 135.456000 56
135.456000 135.936000 63
136.128000 136.576000 61
136.576000 136.832000 63
137.056000 137.504000 67
137.856000 137.920000 67
137.920000 138.016000 68
138.016000 138.688000 71
138.816000 140.128000 73
140.160000 140.448000 73
140.640000 140.864000 66
140.864000 141.504000 71
141.952000 142.048000 69
142.048000 142.400000 67
142.432000 142.656000 64
142.880000 143.392000 59
143.552000 145.216000 66
145.984000 146.272000 58
146.400000 147.136000 66
147.360000 147.968000 66
148.064000 148.352000 65
148.512000 149.088000 63
149.536000 149.856000 61
150.016000 150.400000 68
150.816000 151.072000 68
151.232000 151.488000 65
151.584000 152.416000 62
152.672000 152.864000 61
152.864000 153.056000 63
153.152000 153.344000 64
153.504000 153.824000 61
154.432000 154.656000 61
154.656000 155.136000 63
155.232000 155.360000 63
155.776000 156.000000 62
156.000000 156.544000 64
156.736000 159.584000 63
160.096000 160.288000 55
160.288000 160.512000 56
160.512000 160.608000 60
160.768000 161.920000 62
162.080000 163.296000 65
163.872000 164.096000 57
164.096000 164.256000 61
164.384000 164.576000 61
164.576000 164.736000 63
164.832000 165.504000 61
165.696000 166.208000 67
166.496000 166.720000 68
166.720000 167.008000 70
167.008000 167.936000 73
168.032000 169.088000 73
169.088000 169.408000 65
169.504000 170.272000 70
170.560000 170.752000 67
170.752000 170.944000 61
171.040000 171.328000 61
171.328000 171.392000 62
171.392000 171.424000 63
171.424000 171.904000 68
172.160000 173.984000 70
174.560000 174.912000 58
175.040000 175.744000 66
175.968000 176.288000 66
176.384000 176.576000 65
176.704000 176.960000 65
177.152000 177.792000 63
178.112000 178.560000 61
178.688000 179.040000 68
179.264000 179.424000 67
179.552000 179.808000 68
179.936000 180.224000 65
180.320000 180.640000 63
180.640000 181.184000 61
181.344000 181.536000 61
181.536000 181.920000 63
181.920000 182.592000 61
183.104000 183.168000 58
183.168000 183.520000 62
183.616000 183.808000 65
183.904000 184.288000 63
184.384000 185.248000 60
185.408000 185.792000 67
185.920000 187.776000 61
189.024000 189.120000 57
189.120000 189.728000 61
189.888000 190.304000 61
190.304000 190.560000 63
190.752000 191.232000 67
191.232000 192.096000 65
192.416000 192.640000 55
192.640000 192.800000 56
192.800000 193.312000 63
193.440000 194.112000 62
194.336000 194.816000 67
195.168000 195.360000 68
195.360000 195.584000 70
195.680000 196.896000 73
196.992000 197.312000 73
197.440000 197.760000 73
197.920000 198.080000 66
198.080000 198.848000 71
199.264000 199.456000 68
199.456000 200.032000 65
200.192000 200.768000 58
200.768000 202.816000 66
203.232000 203.712000 58
203.712000 204.288000 66
204.544000 205.408000 66
205.408000 206.240000 63
206.560000 206.656000 60
206.752000 207.232000 60
207.360000 207.808000 68
208.096000 208.480000 68
208.640000 209.280000 64
209.376000 209.536000 61
210.240000 210.368000 62
210.464000 210.656000 65
210.784000 211.296000 61
211.680000 211.936000 61
211.936000 212.320000 64
212.448000 213.088000 61
213.088000 213.536000 63
213.600000 213.920000 64
214.016000 216.896000 63
217.280000 217.856000 56
217.856000 217.984000 61
218.080000 219.200000 61
219.392000 221.216000 65
221.440000 221.568000 61
221.664000 221.952000 63
222.112000 222.528000 61
222.528000 222.816000 63
223.008000 223.488000 67
223.808000 224.032000 68
224.032000 224.256000 70
224.352000 226.368000 73
226.560000 226.784000 65
226.880000 227.264000 71
227.264000 227.616000 69
227.904000 228.128000 68
228.352000 228.864000 62
228.864000 229.312000 68
229.472000 231.648000 70
231.968000 232.192000 58
232.384000 233.024000 66
233.152000 233.312000 62
233.312000 233.888000 65
234.048000 235.072000 63
235.520000 235.904000 60
236.032000 236.416000 68
236.832000 237.024000 68
237.184000 237.760000 65
237.984000 238.368000 61
238.624000 238.688000 57
238.688000 238.720000 59
238.720000 238.848000 61
238.848000 239.264000 64
239.392000 239.872000 62
240.448000 240.736000 61
240.736000 241.632000 63
241.760000 244.736000 61
245.856000 246.208000 61
246.208000 246.368000 63
246.496000 246.720000 65
246.944000 247.264000 61
247.840000 248.032000 61
248.192000 248.608000 63
248.800000 250.016000 63
252.224000 252.768000 60
253.152000 253.536000 60
253.952000 255.296000 61
255.424000 255.680000 61
260.832000 260.992000 60
261.184000 261.376000 58
261.728000 262.048000 65
262.048000 262.560000 61
262.656000 262.944000 60
263.200000 263.360000 57
263.808000 264.224000 61
264.352000 264.480000 58
264.576000 264.704000 58
264.800000 264.992000 57
265.632000 265.760000 59
265.920000 266.496000 59
266.912000 267.072000 61
267.456000 267.808000 62
268.224000 268.672000 59
268.992000 269.376000 59
270.144000 270.272000 58
270.528000 270.752000 59
270.912000 271.168000 58
271.584000 272.064000 59
272.224000 272.480000 60
272.480000 272.928000 62
273.024000 273.216000 63
273.216000 273.600000 58
273.760000 274.080000 61
274.176000 274.336000 60
274.528000 275.200000 59
275.392000 275.648000 56
275.968000 276.672000 61
277.120000 277.280000 63
277.408000 277.664000 59
277.792000 278.080000 58
