15.200000 15.616000 60
15.840000 16.864000 59
17.088000 17.440000 61
17.696000 17.824000 58
17.920000 17.952000 58
18.688000 19.040000 58
19.488000 20.064000 63
20.256000 20.416000 61
20.640000 21.376000 60
21.792000 22.912000 61
23.552000 24.000000 60
24.160000 24.320000 60
24.736000 24.928000 60
25.024000 25.184000 60
25.312000 25.472000 60
25.568000 25.696000 60
25.888000 26.400000 58
26.400000 27.008000 60
27.168000 27.488000 57
28.000000 28.736000 58
28.896000 30.016000 62
30.016000 30.720000 60
30.880000 31.072000 60
31.168000 32.384000 60
32.544000 32.896000 57
33.216000 34.208000 57
35.680000 37.248000 66
37.344000 37.888000 66
38.080000 38.336000 63
38.880000 39.104000 62
40.832000 41.440000 61
41.600000 41.888000 60
41.984000 42.304000 60
42.528000 44.096000 60
45.216000 46.016000 67
46.080000 47.904000 68
48.256000 48.480000 65
50.304000 50.784000 60
51.104000 51.360000 60
51.488000 51.744000 59
52.000000 52.512000 60
52.768000 53.728000 60
55.040000 56.512000 63
57.440000 58.976000 63
59.968000 60.928000 59
62.144000 63.712000 63
64.512000 66.048000 63
66.848000 68.608000 68
68.896000 70.304000 70
73.120000 73.440000 60
73.440000 73.728000 61
73.728000 74.048000 63
74.048000 75.616000 72
76.096000 76.864000 61
76.960000 77.408000 70
77.600000 78.592000 68
79.040000 79.296000 68
79.296000 80.320000 63
80.544000 81.952000 67
82.592000 82.880000 60
82.880000 83.168000 61
83.168000 83.456000 63
83.456000 84.960000 72
85.536000 85.696000 61
85.888000 86.368000 61
86.464000 86.528000 69
86.528000 86.912000 71
87.072000 87.168000 71
87.168000 87.520000 69
87.648000 88.032000 68
88.512000 88.672000 68
88.672000 88.992000 65
89.120000 89.760000 63
90.016000 91.904000 70
92.448000 93.248000 63
93.248000 93.376000 68
93.696000 94.048000 63
94.176000 94.784000 63
94.784000 95.072000 60
95.648000 95.744000 68
95.744000 96.416000 63
96.544000 97.152000 63
97.984000 98.144000 68
98.144000 98.752000 63
98.880000 99.648000 63
99.808000 100.896000 70
102.208000 102.720000 63
103.264000 103.584000 63
103.712000 104.128000 63
104.128000 104.576000 60
105.632000 105.920000 63
106.112000 106.944000 63
107.520000 107.616000 67
108.000000 108.288000 63
108.416000 109.152000 63
109.280000 110.656000 70
112.480000 112.928000 74
113.184000 113.792000 73
113.792000 115.520000 71
115.712000 116.448000 65
117.088000 118.784000 61
118.912000 120.704000 63
120.864000 121.312000 63
121.888000 122.496000 74
122.560000 124.768000 72
125.120000 125.792000 65
126.816000 126.976000 72
127.232000 127.360000 72
127.552000 130.304000 68
131.616000 132.096000 60
132.224000 132.320000 60
132.480000 133.184000 59
133.376000 133.920000 61
134.048000 134.400000 56
134.816000 135.392000 57
135.808000 136.480000 63
136.640000 136.800000 61
136.992000 137.664000 60
137.792000 139.520000 60
140.000000 140.768000 60
140.992000 141.504000 60
141.664000 141.760000 60
141.984000 142.624000 58
142.880000 143.296000 60
143.520000 143.872000 56
144.384000 144.896000 57
145.248000 145.888000 63
146.112000 147.200000 60
147.648000 148.288000 61
148.544000 148.736000 60
148.864000 149.248000 56
149.664000 151.136000 56
151.808000 153.376000 55
153.856000 154.432000 55
154.752000 155.040000 59
155.328000 155.552000 61
155.648000 155.840000 61
157.184000 157.824000 61
158.048000 158.752000 59
158.880000 159.424000 60
159.648000 160.512000 60
161.632000 161.664000 62
161.696000 161.888000 64
162.464000 165.248000 67
165.856000 165.952000 66
166.368000 166.496000 63
166.656000 167.456000 61
167.552000 169.984000 60
171.456000 172.992000 63
173.824000 175.488000 63
175.968000 176.128000 59
176.352000 177.504000 58
178.528000 180.160000 63
180.928000 182.528000 63
183.296000 183.584000 67
183.584000 185.184000 68
185.184000 186.784000 70
187.136000 187.456000 60
187.456000 188.000000 62
188.096000 189.536000 72
190.112000 190.784000 61
190.784000 191.008000 63
191.008000 191.488000 71
191.616000 192.608000 68
193.056000 193.344000 68
193.344000 194.368000 63
194.560000 196.128000 67
196.704000 197.536000 61
197.536000 199.072000 72
199.616000 199.776000 60
199.968000 200.416000 61
200.544000 200.928000 71
201.120000 201.600000 69
201.696000 202.080000 68
202.592000 202.784000 68
202.784000 203.072000 64
203.168000 203.808000 63
204.064000 206.144000 70
206.720000 207.296000 63
207.296000 207.456000 69
207.744000 208.128000 63
208.256000 208.640000 63
208.640000 209.184000 60
209.696000 209.792000 68
209.792000 210.464000 63
210.560000 211.136000 63
212.096000 212.256000 68
212.256000 212.832000 63
212.992000 213.728000 63
213.888000 215.104000 70
216.256000 216.864000 63
217.280000 217.600000 63
217.728000 217.856000 64
217.856000 218.144000 63
218.144000 218.592000 60
219.648000 220.000000 63
220.192000 221.024000 63
221.184000 221.280000 63
221.568000 221.664000 61
222.048000 222.368000 63
222.496000 223.232000 63
223.360000 225.088000 70
226.016000 226.304000 74
226.496000 228.736000 73
231.424000 231.904000 74
232.000000 233.152000 73
244.224000 244.672000 60
244.768000 244.960000 63
245.056000 246.528000 72
247.296000 247.776000 60
247.776000 248.032000 62
248.032000 248.448000 70
248.672000 248.960000 70
248.960000 249.152000 68
249.184000 249.632000 68
250.112000 250.368000 68
250.368000 251.360000 63
251.648000 252.000000 67
252.160000 253.120000 67
253.664000 254.432000 61
254.560000 256.064000 72
256.704000 256.768000 61
256.992000 257.440000 61
257.536000 257.600000 67
257.600000 258.048000 71
258.144000 259.104000 68
259.648000 259.808000 68
259.808000 260.768000 64
261.088000 261.440000 72
261.696000 263.008000 70
263.648000 263.808000 64
263.808000 264.128000 62
264.384000 264.544000 68
264.544000 265.152000 63
265.280000 265.728000 63
265.728000 266.144000 60
266.784000 268.160000 63
268.448000 268.576000 63
269.088000 269.280000 67
269.280000 269.856000 63
269.984000 270.752000 63
270.880000 272.320000 70
272.352000 272.384000 70
273.248000 273.824000 63
273.824000 274.080000 67
274.336000 274.656000 63
274.752000 274.912000 64
274.912000 275.200000 63
275.200000 275.616000 60
276.704000 276.992000 63
277.120000 277.952000 63
278.592000 278.688000 67
279.072000 279.392000 63
279.552000 280.256000 63
280.384000 282.080000 70
284.288000 284.896000 73
284.896000 286.560000 71
286.752000 287.424000 65
288.096000 288.928000 73
289.088000 290.016000 67
290.016000 291.936000 63
292.384000 292.480000 65
292.960000 293.568000 74
293.728000 294.848000 73
295.008000 295.360000 72
295.520000 295.744000 71
296.096000 296.256000 74
296.288000 296.384000 75
296.768000 296.928000 75
297.632000 298.464000 73
298.624000 301.728000 68
