40.736000 41.280000 60
41.280000 41.632000 62
41.632000 42.240000 65
42.368000 42.784000 65
43.296000 44.256000 59
44.704000 45.056000 58
45.056000 45.504000 60
45.664000 46.016000 55
46.016000 46.656000 59
48.000000 49.344000 60
49.344000 50.624000 65
51.072000 51.360000 59
51.456000 52.192000 60
52.384000 54.112000 62
55.744000 56.064000 60
56.192000 56.512000 61
56.704000 57.280000 66
57.408000 57.760000 65
57.888000 58.176000 65
58.304000 58.464000 61
58.464000 59.488000 59
59.936000 60.512000 60
60.704000 60.960000 55
61.152000 61.664000 57
62.272000 62.688000 55
62.688000 64.128000 67
64.480000 65.216000 67
65.408000 65.984000 66
66.336000 68.320000 60
70.720000 71.488000 60
71.616000 71.776000 65
71.872000 73.056000 65
73.312000 73.632000 60
73.632000 74.400000 58
74.720000 75.488000 60
75.648000 76.064000 56
76.064000 76.736000 60
77.984000 78.048000 57
78.048000 79.264000 59
79.360000 79.552000 62
79.552000 80.544000 65
81.056000 81.440000 59
81.440000 82.240000 64
82.400000 82.720000 61
82.912000 83.072000 60
83.072000 84.288000 62
84.288000 85.184000 60
85.696000 86.080000 60
86.176000 86.336000 60
86.336000 88.128000 65
88.352000 89.472000 60
89.984000 90.560000 60
90.656000 91.008000 55
91.104000 91.840000 58
92.288000 92.672000 55
92.768000 93.600000 67
93.664000 94.112000 67
94.592000 94.656000 65
94.656000 95.872000 67
96.000000 97.632000 61
97.632000 98.368000 60
99.328000 99.680000 67
99.840000 99.968000 64
99.968000 100.576000 60
100.736000 100.896000 62
100.992000 101.440000 65
101.632000 101.824000 67
101.824000 102.592000 60
102.848000 103.456000 66
103.520000 103.648000 65
103.648000 103.712000 64
103.712000 104.576000 60
104.704000 105.280000 65
105.408000 105.536000 67
105.696000 106.304000 61
106.304000 106.464000 58
106.720000 106.880000 68
106.880000 107.296000 70
107.296000 108.448000 65
108.672000 109.280000 71
109.376000 109.568000 60
109.568000 109.760000 62
109.856000 110.624000 65
111.008000 111.136000 65
111.232000 112.320000 60
112.416000 112.704000 67
112.864000 112.992000 65
113.152000 113.856000 58
114.080000 114.176000 63
114.304000 114.656000 67
114.784000 114.944000 64
114.944000 115.584000 60
115.712000 115.968000 62
115.968000 116.512000 65
116.672000 116.864000 67
116.960000 117.600000 60
118.080000 118.656000 66
118.656000 119.616000 60
119.744000 120.256000 65
120.384000 120.512000 67
120.640000 120.960000 62
121.088000 121.472000 59
121.824000 122.368000 70
122.368000 123.392000 65
123.648000 123.904000 71
124.000000 124.192000 70
124.384000 124.640000 60
124.640000 125.728000 65
126.208000 126.400000 61
126.400000 126.752000 59
126.848000 127.040000 60
127.168000 127.840000 62
128.192000 128.480000 65
128.480000 128.736000 67
128.736000 129.856000 69
129.952000 131.552000 70
132.832000 132.960000 70
142.880000 143.168000 60
149.376000 149.472000 57
149.472000 149.600000 60
149.696000 149.792000 60
149.920000 149.984000 60
149.984000 150.336000 62
150.336000 150.464000 65
150.656000 151.936000 65
152.096000 152.192000 61
152.192000 153.280000 59
153.536000 154.304000 60
154.432000 154.752000 55
154.752000 155.680000 60
156.736000 156.800000 57
156.800000 158.080000 60
158.080000 159.360000 65
159.744000 159.968000 59
159.968000 160.224000 58
160.224000 161.504000 63
161.664000 161.888000 60
161.888000 163.168000 62
163.168000 163.872000 60
164.480000 165.088000 60
165.088000 165.280000 62
165.280000 166.016000 65
166.112000 166.496000 65
166.592000 166.880000 65
167.072000 167.424000 60
167.424000 167.648000 58
167.776000 168.256000 60
168.672000 169.280000 60
169.440000 169.920000 56
169.920000 170.464000 58
171.264000 171.456000 56
171.456000 172.352000 67
172.448000 172.864000 67
173.248000 173.952000 67
174.048000 174.336000 67
174.336000 174.656000 70
174.784000 176.000000 62
176.000000 177.376000 60
178.048000 178.432000 66
178.432000 178.464000 63
178.560000 178.720000 65
178.720000 179.328000 60
179.488000 179.648000 62
179.744000 180.256000 65
180.416000 180.576000 67
180.576000 181.344000 60
181.792000 182.144000 67
182.272000 182.432000 65
182.432000 183.136000 60
183.232000 183.328000 62
183.456000 184.288000 65
184.416000 185.088000 60
185.088000 185.280000 58
185.504000 185.600000 68
185.600000 186.080000 70
186.080000 187.168000 65
187.424000 188.000000 71
188.000000 188.064000 67
188.064000 188.480000 61
188.608000 189.440000 65
189.760000 189.920000 64
190.016000 190.176000 62
190.176000 191.232000 60
191.232000 191.456000 67
191.584000 191.744000 65
191.904000 192.608000 59
192.800000 192.896000 64
193.056000 193.376000 67
193.504000 193.664000 65
193.664000 194.336000 60
194.464000 194.720000 62
194.720000 195.232000 65
195.424000 195.584000 67
195.584000 196.384000 60
196.576000 196.704000 64
196.800000 197.152000 67
197.312000 197.472000 65
197.472000 198.144000 60
198.240000 198.368000 62
198.496000 199.008000 65
199.168000 199.296000 67
199.456000 199.744000 61
199.872000 200.288000 59
200.544000 201.120000 70
201.120000 202.176000 65
202.432000 202.656000 71
202.784000 202.976000 70
203.104000 203.360000 60
203.360000 204.416000 65
204.832000 204.960000 64
204.960000 205.792000 60
205.920000 206.592000 62
206.848000 207.008000 65
207.104000 207.168000 65
207.168000 207.648000 67
207.648000 208.320000 70
208.320000 208.608000 67
208.736000 210.848000 70
213.312000 213.568000 65
213.664000 213.760000 68
213.760000 214.016000 70
214.016000 214.624000 72
214.624000 215.840000 69
216.256000 217.568000 68
217.728000 217.792000 63
217.792000 218.560000 64
218.656000 219.232000 61
219.232000 219.840000 59
219.936000 220.064000 61
220.224000 222.080000 63
222.752000 223.328000 63
223.424000 223.648000 58
223.648000 225.952000 65
226.112000 226.272000 65
226.784000 229.728000 66
230.592000 230.880000 68
231.072000 231.808000 61
232.000000 232.128000 63
232.224000 232.704000 66
232.960000 233.088000 68
233.216000 233.472000 61
233.600000 233.824000 63
234.368000 234.624000 68
234.816000 234.848000 66
235.040000 235.808000 61
235.968000 236.480000 66
236.608000 236.768000 68
236.928000 237.248000 63
237.344000 237.760000 60
237.984000 238.144000 69
238.144000 238.560000 71
238.560000 239.680000 66
239.904000 240.512000 72
240.512000 240.544000 69
240.640000 240.800000 61
240.800000 240.992000 63
241.120000 241.920000 66
242.272000 242.400000 66
242.496000 242.656000 63
242.656000 243.424000 61
243.424000 243.680000 63
243.680000 244.000000 68
244.096000 244.288000 64
244.416000 245.088000 59
245.568000 245.856000 67
246.048000 246.176000 66
246.176000 246.816000 61
246.944000 247.200000 63
247.200000 247.712000 66
247.936000 248.096000 68
248.192000 248.576000 61
248.576000 248.800000 63
249.312000 249.664000 68
249.792000 249.920000 66
249.920000 250.848000 61
250.912000 251.488000 66
251.648000 251.744000 68
251.904000 252.256000 62
252.416000 252.736000 60
253.024000 253.088000 68
253.088000 253.568000 71
253.568000 254.688000 66
254.976000 255.200000 72
255.328000 255.488000 71
255.648000 255.808000 61
255.808000 256.064000 63
256.064000 256.896000 66
257.344000 257.472000 65
257.472000 258.272000 61
258.400000 259.104000 63
259.360000 259.680000 66
259.680000 260.096000 68
260.096000 260.896000 71
260.896000 262.048000 68
263.072000 263.552000 70
263.648000 265.376000 71
267.712000 267.936000 67
