24.064000 24.224000 51
24.384000 24.640000 54
24.768000 25.056000 56
25.152000 25.728000 57
25.888000 26.528000 56
26.656000 26.944000 54
26.944000 27.616000 51
27.744000 28.224000 49
29.984000 30.144000 51
30.272000 30.560000 54
30.560000 30.880000 56
30.976000 31.520000 57
31.680000 32.224000 56
32.448000 33.056000 55
33.184000 33.504000 63
33.600000 34.176000 61
35.712000 36.128000 59
36.128000 36.640000 61
36.768000 37.344000 63
37.568000 38.144000 54
38.720000 39.008000 59
39.008000 39.232000 61
39.360000 39.648000 63
39.776000 40.000000 61
40.128000 40.640000 59
40.832000 42.976000 54
47.488000 47.712000 51
47.840000 48.384000 54
48.512000 49.152000 58
49.280000 49.824000 56
49.984000 50.272000 54
50.272000 51.008000 51
51.104000 51.744000 49
53.344000 53.472000 51
53.600000 53.920000 54
53.920000 54.176000 56
54.336000 54.880000 57
55.040000 55.648000 56
55.776000 56.096000 54
56.096000 56.384000 56
56.512000 56.832000 63
56.960000 57.536000 61
59.104000 59.392000 59
59.488000 59.616000 60
59.616000 60.032000 61
60.192000 60.640000 62
60.640000 60.704000 58
60.960000 61.504000 54
62.048000 62.624000 59
62.720000 63.200000 62
63.200000 63.744000 59
63.840000 64.096000 56
64.224000 64.800000 54
64.992000 67.296000 59
68.640000 69.600000 61
69.760000 70.080000 56
70.080000 70.304000 63
70.464000 71.072000 61
71.200000 71.552000 62
71.552000 71.744000 56
71.904000 72.512000 56
73.088000 74.016000 61
74.144000 74.400000 62
74.560000 75.072000 56
75.232000 75.456000 59
75.616000 76.192000 61
76.352000 76.928000 59
77.088000 77.440000 60
77.440000 77.632000 54
77.792000 78.304000 54
78.912000 79.840000 59
79.968000 80.288000 60
80.384000 80.800000 59
81.120000 81.248000 63
81.472000 81.728000 63
81.824000 82.720000 63
82.880000 83.136000 61
83.264000 83.936000 59
84.416000 84.576000 61
84.576000 85.408000 56
85.504000 85.856000 63
86.240000 86.464000 59
86.592000 91.200000 63
92.064000 92.544000 62
92.800000 93.504000 61
93.504000 95.136000 62
95.328000 96.000000 56
96.416000 97.728000 62
97.920000 98.784000 56
98.976000 99.552000 61
99.744000 100.320000 59
100.448000 100.864000 60
100.864000 101.088000 54
101.184000 101.760000 54
102.336000 102.496000 59
102.496000 103.008000 61
103.008000 103.264000 66
103.360000 103.456000 66
103.456000 103.520000 65
103.520000 103.584000 63
103.584000 104.224000 58
104.480000 105.824000 63
105.952000 107.648000 66
108.160000 108.448000 59
108.448000 108.928000 62
109.280000 109.440000 63
109.440000 110.368000 61
110.368000 110.560000 59
110.720000 114.048000 59
123.584000 123.872000 51
123.872000 124.224000 54
124.224000 125.088000 56
125.312000 125.984000 56
126.080000 126.336000 54
126.336000 126.656000 52
126.784000 127.744000 50
129.344000 129.632000 51
129.728000 130.048000 54
130.048000 130.976000 57
131.200000 131.808000 56
131.904000 132.224000 54
132.224000 132.544000 56
132.544000 132.928000 62
133.056000 133.664000 61
135.200000 135.904000 59
135.904000 136.832000 63
137.024000 137.568000 54
138.144000 138.304000 59
138.496000 138.560000 59
138.560000 138.880000 61
138.880000 139.232000 63
139.232000 139.520000 66
139.616000 140.224000 62
140.352000 140.736000 61
141.024000 144.096000 59
144.704000 146.784000 63
146.944000 147.552000 61
147.552000 148.064000 56
148.416000 149.024000 61
149.024000 149.504000 56
149.888000 150.816000 61
150.912000 151.264000 66
151.264000 152.672000 61
152.800000 153.408000 59
153.408000 153.824000 54
154.240000 154.848000 59
154.944000 155.296000 54
155.712000 156.672000 59
156.768000 157.248000 66
157.408000 160.480000 59
161.152000 162.272000 60
162.368000 162.688000 67
162.688000 163.392000 60
163.392000 164.768000 62
165.280000 166.112000 62
166.368000 166.688000 57
166.688000 166.912000 64
167.040000 167.616000 63
167.744000 168.160000 63
168.160000 168.352000 57
168.480000 169.088000 57
169.600000 170.496000 62
170.656000 170.912000 63
171.040000 171.808000 57
171.808000 171.936000 60
172.128000 172.704000 62
172.864000 173.440000 60
173.600000 173.984000 61
173.984000 174.208000 55
174.304000 174.976000 55
175.424000 176.416000 61
176.544000 177.408000 60
177.696000 177.856000 64
178.016000 179.360000 64
179.488000 179.744000 62
179.840000 180.480000 60
180.896000 181.120000 62
181.120000 181.952000 57
182.048000 182.400000 64
182.784000 183.040000 60
183.168000 183.456000 60
183.456000 183.968000 62
183.968000 186.784000 64
186.784000 188.192000 67
188.576000 189.152000 64
189.312000 189.600000 62
189.696000 190.048000 62
190.048000 190.368000 64
190.368000 191.776000 62
191.904000 192.576000 57
192.928000 193.024000 67
193.024000 194.336000 62
194.464000 194.624000 62
194.624000 195.424000 60
195.552000 196.160000 62
196.320000 196.928000 61
197.056000 197.408000 61
197.408000 198.432000 55
198.848000 199.584000 62
199.584000 199.808000 67
199.904000 200.128000 67
200.128000 200.192000 64
200.192000 200.736000 59
201.024000 202.432000 64
202.528000 204.352000 67
204.736000 205.024000 60
205.024000 205.472000 63
205.792000 205.952000 64
205.952000 207.136000 62
207.264000 211.360000 60
212.000000 214.144000 64
214.272000 214.880000 62
214.880000 215.328000 57
215.744000 216.320000 62
216.320000 216.832000 57
217.216000 218.208000 62
218.208000 218.528000 67
218.528000 220.000000 62
220.096000 220.640000 60
220.640000 221.312000 55
221.504000 222.112000 60
222.208000 222.656000 55
223.008000 223.968000 60
224.064000 224.480000 67
224.640000 228.128000 60
228.800000 229.312000 60
229.312000 230.208000 62
230.304000 230.528000 64
230.656000 234.912000 67
235.360000 238.368000 63
238.368000 238.528000 58
238.656000 239.392000 57
239.744000 240.192000 64
240.192000 240.960000 62
240.960000 241.248000 63
241.248000 241.984000 67
241.984000 242.976000 63
243.136000 243.712000 61
243.840000 244.192000 61
244.192000 244.480000 55
244.576000 245.312000 55
245.696000 245.888000 61
245.888000 246.400000 62
246.400000 246.624000 67
246.752000 246.912000 67
246.912000 247.040000 65
247.040000 247.552000 59
247.840000 247.968000 63
247.968000 248.576000 64
248.576000 251.104000 67
251.584000 251.872000 60
251.872000 252.320000 64
252.576000 252.768000 64
252.768000 253.920000 62
254.048000 258.816000 60
259.552000 259.616000 60
259.616000 259.840000 63
259.968000 260.224000 64
260.352000 260.512000 65
260.512000 260.608000 61
260.704000 261.216000 63
261.216000 261.568000 60
261.792000 262.464000 64
262.944000 263.200000 60
263.200000 263.968000 57
263.968000 264.832000 62
265.632000 267.616000 60
