41.216000 41.280000 62
41.280000 41.600000 64
42.112000 42.208000 65
42.432000 42.944000 64
42.944000 43.872000 62
44.064000 44.352000 60
45.472000 46.368000 60
46.528000 46.912000 62
47.232000 47.712000 60
47.840000 48.032000 60
48.160000 48.704000 58
48.896000 49.280000 57
50.816000 50.976000 63
50.976000 51.296000 65
51.936000 52.480000 64
52.608000 53.120000 62
53.216000 53.824000 60
54.464000 54.720000 60
54.720000 55.552000 67
55.648000 56.096000 70
56.256000 56.512000 68
56.672000 57.088000 67
57.472000 57.792000 65
58.272000 58.432000 60
60.384000 60.576000 63
60.576000 60.864000 65
61.120000 61.472000 65
61.600000 61.696000 63
61.696000 62.400000 64
62.496000 62.688000 63
62.816000 63.040000 62
63.136000 63.648000 60
64.544000 64.608000 55
64.608000 65.440000 60
65.664000 66.048000 61
66.464000 66.592000 61
66.688000 67.488000 60
68.128000 68.224000 57
69.536000 69.888000 60
70.016000 70.144000 62
70.144000 70.368000 65
70.560000 70.976000 65
71.072000 71.712000 64
71.712000 72.256000 62
72.512000 73.312000 60
73.312000 73.600000 64
73.696000 73.824000 59
73.952000 74.272000 65
74.272000 74.560000 67
74.560000 76.096000 69
76.768000 79.456000 67
80.160000 80.224000 57
80.224000 80.384000 60
80.512000 80.832000 64
80.832000 81.952000 70
81.952000 82.208000 65
82.208000 82.624000 67
82.624000 83.456000 69
83.456000 83.936000 65
84.096000 84.480000 67
84.928000 85.408000 67
85.536000 85.888000 71
86.016000 87.264000 67
87.680000 87.840000 65
87.840000 89.088000 67
89.184000 89.760000 65
90.368000 90.496000 67
90.496000 90.688000 69
90.816000 91.168000 70
91.264000 91.488000 72
91.488000 92.064000 70
92.160000 92.672000 69
92.768000 93.152000 68
93.152000 93.408000 65
93.760000 94.560000 65
94.880000 94.944000 57
94.944000 95.168000 60
95.168000 95.936000 67
96.064000 96.512000 65
96.512000 98.976000 69
99.648000 99.808000 60
99.904000 100.064000 69
100.064000 100.448000 72
100.448000 101.088000 70
101.184000 101.312000 64
101.312000 101.920000 67
102.080000 102.848000 69
102.944000 103.840000 67
104.192000 104.576000 67
104.736000 105.088000 72
105.216000 106.496000 67
106.624000 106.720000 59
106.944000 109.184000 66
109.568000 109.632000 66
109.632000 109.728000 67
109.728000 110.624000 70
110.752000 111.232000 70
111.360000 112.224000 69
112.320000 112.576000 65
112.928000 113.376000 64
113.504000 113.760000 64
114.176000 114.336000 60
114.464000 114.816000 69
114.976000 115.264000 67
115.264000 115.520000 65
115.680000 117.696000 65
134.784000 134.976000 63
134.976000 135.296000 65
135.648000 135.936000 65
136.032000 136.160000 63
136.288000 136.544000 64
136.544000 137.120000 62
137.248000 137.472000 62
137.568000 138.112000 60
138.912000 138.976000 55
138.976000 139.840000 60
140.064000 140.416000 61
140.832000 140.960000 62
141.056000 141.888000 60
142.016000 142.176000 58
142.272000 142.720000 58
143.904000 144.256000 60
144.416000 144.512000 62
144.512000 144.736000 65
144.928000 145.376000 65
145.376000 146.624000 64
147.040000 147.680000 60
147.680000 147.936000 64
148.288000 148.640000 65
148.640000 148.896000 67
148.896000 150.432000 69
151.136000 153.856000 67
154.400000 154.752000 60
154.912000 155.168000 65
155.168000 156.288000 70
156.288000 156.544000 65
156.544000 156.960000 67
156.960000 157.728000 69
157.728000 158.368000 65
158.496000 158.784000 67
159.328000 159.808000 67
159.936000 160.256000 71
160.384000 161.664000 67
161.760000 161.888000 59
162.080000 162.240000 65
162.240000 163.232000 67
163.232000 164.160000 65
164.704000 165.056000 68
165.184000 165.504000 70
165.632000 165.856000 72
165.856000 166.496000 70
166.496000 166.592000 67
166.592000 167.520000 69
167.520000 167.840000 65
168.128000 168.896000 65
169.248000 169.536000 61
169.536000 170.304000 67
170.432000 170.880000 65
170.880000 173.152000 68
174.016000 174.272000 60
174.368000 175.392000 70
175.392000 175.456000 68
175.552000 176.288000 67
176.416000 178.368000 68
178.624000 179.008000 67
179.136000 179.456000 71
179.616000 180.704000 67
180.928000 181.056000 59
181.280000 181.408000 65
181.408000 182.080000 67
182.176000 183.520000 66
183.968000 184.128000 67
184.128000 185.024000 70
185.152000 185.664000 70
185.728000 186.368000 69
186.368000 186.784000 68
186.784000 187.040000 65
187.424000 187.840000 65
187.968000 188.192000 64
188.576000 188.640000 69
188.832000 192.160000 65
195.392000 196.192000 69
196.320000 196.512000 69
196.512000 197.152000 67
197.152000 198.336000 64
198.688000 198.752000 59
198.752000 198.880000 61
198.976000 199.168000 64
199.328000 199.584000 65
199.936000 200.192000 62
200.192000 200.704000 64
200.800000 201.600000 64
201.600000 203.008000 60
204.960000 205.088000 68
205.088000 205.536000 70
205.536000 206.080000 69
206.080000 207.488000 65
207.648000 207.936000 72
208.256000 208.448000 69
208.576000 208.992000 70
208.992000 209.312000 72
209.440000 209.952000 69
210.080000 214.208000 72
214.752000 214.784000 59
215.008000 215.360000 65
215.360000 216.544000 70
216.544000 216.800000 65
216.800000 218.048000 68
218.048000 218.560000 65
218.752000 219.072000 67
219.648000 219.712000 60
219.712000 220.128000 67
220.256000 220.544000 71
220.704000 221.952000 67
222.048000 222.176000 60
222.400000 222.560000 66
222.560000 223.520000 67
223.520000 223.744000 65
223.872000 224.448000 65
225.024000 225.152000 67
225.152000 225.472000 69
225.472000 226.912000 70
226.912000 227.808000 69
227.808000 228.096000 65
228.416000 229.216000 65
229.536000 229.824000 60
229.824000 230.592000 67
230.752000 231.200000 65
231.200000 233.920000 69
234.336000 234.560000 59
234.656000 235.808000 70
235.808000 235.872000 66
235.872000 236.064000 65
236.064000 236.640000 67
236.768000 237.568000 69
237.664000 238.560000 67
238.912000 239.296000 67
239.456000 239.840000 72
239.968000 241.184000 67
241.280000 241.408000 60
241.600000 241.728000 67
241.728000 242.144000 69
242.144000 242.944000 73
243.072000 243.936000 69
244.256000 244.384000 66
244.384000 245.376000 70
245.504000 245.984000 70
246.080000 246.368000 69
246.368000 246.624000 70
246.624000 246.976000 68
246.976000 247.328000 65
247.680000 248.192000 65
248.352000 248.608000 64
249.184000 249.344000 60
249.472000 249.888000 68
250.080000 250.304000 67
250.400000 250.624000 65
250.752000 252.288000 65
