3.520000 3.776000 57
42.656000 42.944000 59
43.040000 43.424000 57
43.616000 44.032000 60
44.288000 44.480000 56
44.640000 44.832000 58
44.960000 45.152000 56
45.280000 45.536000 59
45.536000 46.112000 57
46.240000 46.464000 60
46.912000 47.136000 56
47.232000 47.776000 57
47.904000 49.344000 61
49.536000 49.984000 60
50.208000 50.880000 56
52.800000 53.024000 56
53.024000 53.088000 57
53.088000 53.600000 63
53.728000 55.296000 61
55.424000 55.840000 61
56.096000 56.256000 63
56.256000 56.960000 58
58.080000 58.272000 56
58.368000 58.848000 59
59.040000 59.264000 63
59.360000 60.288000 60
63.648000 63.808000 60
63.904000 64.416000 57
64.544000 64.960000 60
65.184000 65.376000 56
65.536000 65.728000 58
65.824000 66.144000 56
66.528000 67.008000 57
67.136000 67.456000 60
67.808000 68.608000 56
68.704000 68.768000 64
68.768000 69.216000 68
69.408000 69.632000 65
69.728000 70.080000 65
70.336000 70.752000 63
71.072000 71.712000 56
72.672000 73.120000 59
73.344000 73.600000 57
73.600000 74.176000 63
74.656000 74.848000 61
74.976000 76.160000 60
76.288000 77.440000 61
77.632000 78.112000 58
78.848000 80.160000 56
83.424000 83.904000 68
84.064000 84.704000 68
84.704000 85.280000 65
85.408000 85.760000 65
86.048000 86.528000 65
86.656000 86.912000 68
87.040000 87.488000 72
87.648000 87.936000 70
87.936000 88.512000 66
88.608000 89.152000 65
89.600000 90.944000 63
91.328000 91.872000 63
91.872000 92.768000 70
92.864000 93.120000 72
93.184000 94.464000 68
94.848000 96.256000 65
96.544000 96.864000 65
96.864000 96.992000 67
97.184000 97.376000 68
97.376000 97.696000 63
97.856000 98.592000 63
99.168000 99.264000 63
99.424000 99.680000 68
99.680000 100.064000 70
100.064000 100.608000 73
100.704000 101.216000 71
101.216000 101.568000 68
101.664000 102.368000 68
102.368000 103.680000 70
104.288000 104.832000 71
104.928000 105.504000 68
105.504000 105.792000 65
105.888000 106.112000 65
106.240000 106.560000 65
106.880000 107.520000 65
107.520000 107.776000 68
107.872000 108.384000 72
108.576000 108.864000 73
108.864000 110.048000 70
110.496000 110.752000 69
110.848000 112.000000 67
112.160000 112.640000 75
112.768000 112.992000 75
113.120000 115.200000 72
116.416000 117.216000 66
117.344000 117.824000 68
118.304000 118.720000 63
119.008000 119.936000 68
120.672000 121.120000 67
121.248000 123.744000 68
126.432000 126.944000 68
128.032000 128.576000 56
129.376000 129.792000 63
129.792000 130.368000 60
130.720000 130.848000 57
130.944000 131.040000 58
131.296000 131.392000 57
133.632000 133.792000 56
133.888000 133.984000 54
134.112000 134.528000 55
135.712000 135.808000 65
135.808000 136.320000 61
136.512000 136.800000 56
137.952000 138.464000 62
140.320000 140.480000 57
141.408000 141.824000 63
143.872000 143.968000 67
144.864000 145.120000 63
145.120000 145.504000 61
146.112000 146.336000 56
146.336000 146.528000 59
147.008000 147.200000 62
151.008000 151.136000 58
151.648000 152.288000 56
152.544000 153.024000 58
153.184000 153.440000 58
153.568000 153.824000 60
154.144000 154.336000 58
154.496000 154.720000 58
154.816000 155.040000 57
155.168000 155.328000 59
155.328000 155.840000 56
155.840000 156.384000 59
156.864000 157.344000 56
157.504000 157.760000 57
157.760000 158.624000 62
158.752000 159.136000 61
159.424000 159.872000 59
159.872000 160.800000 56
162.752000 162.848000 57
163.008000 163.136000 61
163.136000 163.584000 63
163.584000 164.448000 61
164.768000 165.824000 60
165.984000 166.272000 62
166.272000 167.008000 58
168.000000 168.160000 56
168.160000 168.256000 57
168.256000 169.056000 60
169.248000 170.304000 60
173.568000 173.728000 60
173.728000 174.048000 57
174.176000 174.336000 58
174.464000 174.816000 60
175.136000 175.840000 57
176.032000 176.256000 59
176.320000 176.576000 56
176.704000 177.344000 59
177.696000 178.560000 56
178.656000 178.720000 65
178.720000 179.328000 67
179.328000 180.128000 65
180.416000 180.768000 63
180.992000 181.440000 56
182.560000 182.784000 58
182.944000 183.104000 58
183.104000 183.552000 56
183.552000 184.032000 62
184.512000 185.440000 61
185.536000 186.656000 60
186.848000 187.072000 63
187.072000 187.968000 58
188.832000 188.992000 56
189.472000 189.728000 56
191.168000 191.264000 63
193.344000 193.856000 68
193.984000 194.240000 68
194.240000 195.168000 65
195.328000 195.616000 65
196.000000 196.448000 65
196.576000 196.832000 68
196.928000 197.376000 72
197.568000 197.856000 70
197.856000 199.072000 65
199.552000 199.840000 66
199.840000 200.448000 63
200.544000 200.896000 63
201.216000 201.696000 63
201.696000 202.976000 70
203.104000 204.320000 68
204.800000 204.992000 67
205.120000 206.080000 65
206.432000 206.880000 66
207.008000 207.200000 68
207.200000 207.520000 63
207.680000 208.480000 63
208.960000 209.120000 63
209.248000 209.472000 68
209.568000 209.824000 70
209.920000 210.464000 73
210.592000 211.232000 71
211.232000 212.224000 68
212.288000 213.696000 70
214.144000 214.752000 70
214.880000 215.456000 68
215.456000 215.744000 65
215.904000 216.032000 65
216.192000 216.448000 65
216.928000 217.472000 65
217.472000 217.728000 68
217.824000 218.336000 72
218.496000 218.784000 73
218.784000 219.744000 70
220.096000 220.704000 70
220.832000 221.344000 67
221.440000 222.080000 67
222.080000 222.688000 74
223.040000 223.872000 73
224.000000 225.344000 72
226.400000 227.744000 67
228.000000 228.480000 70
228.896000 229.184000 63
229.280000 229.856000 71
229.952000 233.696000 68
235.136000 235.584000 68
235.776000 236.608000 67
236.800000 236.960000 65
237.120000 237.344000 65
237.792000 238.240000 65
238.368000 238.592000 68
238.752000 239.136000 72
239.328000 239.552000 70
239.680000 240.704000 65
241.312000 241.536000 67
241.536000 242.208000 63
242.336000 242.560000 63
242.912000 243.424000 63
243.424000 244.448000 70
244.544000 244.704000 72
244.864000 246.048000 68
246.528000 246.688000 68
246.816000 247.776000 65
248.096000 248.640000 65
248.800000 249.088000 67
249.088000 249.344000 63
249.504000 250.432000 63
250.848000 250.944000 63
251.104000 251.392000 68
251.392000 251.712000 70
251.712000 252.384000 72
252.384000 253.312000 70
253.408000 253.952000 68
254.048000 255.648000 70
256.000000 256.512000 71
256.640000 257.440000 67
257.536000 257.728000 65
257.888000 258.144000 65
258.272000 258.432000 66
258.624000 259.104000 65
259.200000 259.424000 68
259.552000 260.000000 72
260.192000 260.800000 72
260.800000 261.664000 70
261.824000 262.016000 69
262.208000 262.464000 70
262.464000 263.776000 67
263.776000 264.384000 75
264.736000 265.632000 73
265.728000 267.712000 72
270.688000 271.392000 67
271.680000 272.256000 68
272.416000 273.024000 70
273.408000 273.664000 64
273.856000 274.560000 72
275.072000 275.360000 67
275.488000 279.264000 68
