1.408000 1.472000 58
2.560000 2.656000 67
3.872000 4.224000 60
4.352000 4.480000 61
4.480000 4.736000 63
4.928000 5.056000 68
5.344000 5.504000 68
6.976000 7.008000 69
14.560000 14.816000 61
14.912000 15.456000 61
15.584000 15.680000 61
16.544000 19.936000 66
23.808000 24.064000 68
24.064000 25.248000 72
25.344000 25.920000 71
26.944000 27.104000 63
27.264000 27.456000 73
27.744000 30.080000 71
30.432000 31.168000 71
32.000000 33.408000 62
33.504000 34.848000 66
34.944000 35.040000 63
35.040000 35.424000 62
35.424000 35.808000 61
35.808000 37.152000 59
37.376000 37.504000 57
37.504000 37.728000 55
37.856000 38.368000 56
38.464000 39.136000 56
39.744000 41.056000 58
41.216000 41.568000 61
41.728000 42.336000 62
42.464000 43.008000 66
43.104000 43.936000 66
44.096000 46.880000 66
47.488000 49.120000 62
49.248000 49.440000 63
49.440000 50.752000 65
50.752000 50.848000 61
50.944000 52.768000 59
52.832000 52.896000 59
52.896000 53.120000 56
53.120000 54.208000 54
54.304000 54.656000 57
55.232000 56.576000 60
56.768000 57.184000 59
57.184000 58.528000 61
58.560000 59.232000 61
59.232000 62.464000 59
62.816000 63.648000 67
63.776000 64.864000 68
65.024000 66.432000 67
66.880000 66.944000 61
66.944000 67.520000 71
67.616000 68.736000 71
68.832000 69.312000 65
69.952000 70.528000 63
70.528000 72.096000 67
72.192000 72.544000 68
72.736000 73.312000 66
73.568000 74.624000 66
74.624000 75.264000 63
75.584000 77.760000 61
78.528000 79.104000 66
79.104000 79.808000 68
79.936000 80.352000 66
80.512000 81.024000 66
81.440000 81.600000 63
81.600000 82.304000 61
82.304000 83.712000 62
83.840000 83.968000 62
83.968000 84.096000 60
84.096000 84.256000 59
84.256000 84.864000 55
85.280000 85.408000 61
85.408000 86.848000 59
87.136000 87.520000 61
87.680000 87.936000 63
88.160000 88.992000 66
89.152000 92.768000 66
92.768000 92.928000 65
93.024000 93.760000 66
93.760000 95.808000 63
96.032000 96.480000 67
96.992000 97.344000 60
97.600000 98.304000 62
98.592000 101.568000 59
117.184000 117.440000 64
117.440000 122.432000 66
123.552000 123.584000 69
124.928000 125.408000 73
125.408000 126.624000 71
126.880000 127.104000 66
127.584000 127.744000 63
127.872000 128.128000 73
128.288000 128.512000 75
128.512000 131.040000 71
131.232000 131.712000 59
131.904000 132.416000 59
132.640000 134.048000 62
134.144000 135.488000 66
135.616000 136.448000 62
136.544000 137.472000 59
137.472000 137.792000 56
138.016000 138.080000 58
138.080000 138.368000 56
138.496000 139.776000 56
140.384000 141.696000 59
141.856000 142.208000 61
142.400000 142.976000 62
143.136000 147.520000 66
148.128000 149.760000 62
149.888000 150.080000 63
150.080000 151.392000 65
151.392000 151.488000 62
151.584000 151.808000 61
151.808000 153.568000 59
153.568000 155.104000 55
155.872000 156.512000 60
156.608000 157.248000 61
157.408000 157.856000 59
157.856000 159.968000 61
159.968000 163.104000 59
163.456000 164.288000 66
164.416000 165.504000 68
165.664000 167.072000 67
167.520000 167.584000 61
167.584000 168.160000 71
168.256000 169.248000 71
169.248000 169.984000 66
170.592000 170.656000 61
170.656000 171.136000 63
171.136000 172.736000 67
172.832000 173.184000 68
173.376000 174.016000 66
174.208000 175.264000 66
175.264000 175.904000 63
176.064000 176.160000 66
176.256000 178.368000 61
179.200000 179.744000 66
179.744000 180.448000 68
180.576000 180.992000 66
181.152000 181.664000 65
182.080000 182.272000 63
182.272000 182.944000 61
182.944000 184.352000 62
184.480000 184.608000 63
184.608000 184.736000 60
184.736000 184.896000 59
184.896000 185.504000 55
185.920000 186.048000 61
186.048000 187.488000 59
187.776000 188.192000 61
188.320000 188.608000 63
188.832000 189.632000 66
189.792000 194.400000 66
194.400000 196.416000 63
196.672000 197.184000 67
197.632000 197.952000 60
198.240000 198.976000 62
199.232000 202.112000 59
233.248000 233.280000 58
233.344000 233.408000 60
233.408000 233.984000 68
234.112000 235.200000 68
235.328000 236.768000 66
237.152000 237.248000 60
237.248000 237.856000 71
237.952000 238.944000 71
238.944000 239.072000 68
239.168000 239.648000 65
240.256000 240.960000 63
241.056000 242.400000 67
242.496000 242.880000 67
243.040000 243.552000 66
243.904000 244.896000 66
244.896000 245.568000 63
245.920000 248.096000 61
248.864000 249.440000 66
249.440000 250.144000 68
250.272000 250.688000 66
250.816000 251.328000 65
251.744000 253.344000 62
253.344000 253.568000 64
253.664000 254.048000 61
254.144000 254.272000 63
254.272000 254.368000 61
254.368000 254.560000 59
254.560000 255.008000 54
255.616000 255.744000 61
255.744000 255.968000 59
256.064000 256.544000 59
256.544000 257.152000 61
257.440000 257.696000 59
257.696000 257.888000 61
257.984000 258.336000 63
258.496000 259.360000 66
259.552000 259.616000 64
259.616000 263.264000 66
263.360000 264.064000 66
264.064000 266.080000 63
266.336000 266.816000 67
267.296000 267.648000 60
267.904000 268.672000 61
268.864000 271.904000 59
276.352000 276.512000 68
276.960000 277.088000 68
277.824000 278.048000 69
283.264000 283.360000 66
283.392000 283.584000 66
283.712000 284.032000 68
284.128000 284.416000 61
284.640000 284.864000 68
285.248000 286.080000 71
286.144000 288.576000 71
288.768000 289.248000 71
