22.752000 23.296000 66
23.392000 23.712000 64
23.712000 25.600000 61
25.760000 26.624000 62
28.128000 28.224000 59
28.256000 28.992000 66
29.120000 29.760000 69
29.888000 30.752000 61
30.752000 31.040000 57
31.232000 32.416000 61
32.512000 33.120000 59
33.568000 34.624000 63
34.816000 35.840000 57
36.288000 36.512000 65
36.512000 36.608000 64
36.608000 37.024000 62
37.024000 38.016000 63
38.112000 39.488000 59
40.032000 40.288000 57
40.384000 41.312000 64
41.440000 42.624000 69
42.816000 43.168000 66
43.168000 43.392000 62
43.520000 44.160000 59
44.480000 44.736000 68
44.864000 45.536000 64
45.536000 45.984000 61
46.240000 47.584000 61
47.904000 48.256000 69
48.256000 48.448000 66
48.640000 48.832000 63
48.928000 49.088000 69
49.088000 51.008000 71
51.136000 51.392000 69
51.392000 52.224000 66
52.224000 52.672000 62
53.024000 53.280000 62
53.376000 53.856000 68
53.856000 53.920000 66
54.048000 54.240000 62
54.368000 55.296000 62
55.392000 55.616000 67
55.744000 56.512000 64
56.768000 56.864000 64
56.864000 57.024000 62
57.120000 58.176000 61
58.816000 59.264000 66
59.360000 59.616000 66
59.712000 61.952000 62
62.208000 63.008000 64
63.104000 63.296000 64
63.872000 64.192000 57
64.192000 64.864000 61
64.960000 65.120000 58
65.312000 66.944000 59
77.216000 77.280000 60
77.280000 77.824000 66
77.920000 79.520000 62
79.616000 80.192000 60
80.320000 81.312000 62
82.880000 83.584000 66
83.712000 84.320000 69
84.416000 85.280000 61
85.440000 85.568000 57
85.760000 85.888000 60
85.888000 86.816000 61
86.816000 87.680000 59
88.128000 89.280000 64
89.408000 90.400000 57
90.848000 94.208000 62
94.560000 94.912000 59
94.912000 95.872000 64
95.968000 96.768000 69
96.800000 97.216000 69
97.376000 97.696000 66
97.696000 98.080000 62
98.080000 98.496000 59
99.008000 99.296000 69
99.424000 100.096000 64
100.096000 100.544000 61
100.768000 101.344000 61
101.440000 101.984000 62
102.464000 102.816000 69
102.816000 103.040000 66
103.136000 103.392000 62
103.520000 103.584000 69
103.584000 105.536000 70
105.664000 105.888000 69
105.888000 106.944000 66
106.944000 107.168000 62
107.584000 107.808000 62
107.904000 107.968000 67
107.968000 108.480000 68
108.608000 108.832000 62
108.960000 109.888000 62
110.304000 110.912000 64
111.328000 111.552000 61
111.648000 112.224000 61
112.352000 112.832000 62
113.184000 113.344000 62
113.344000 113.792000 66
113.888000 114.112000 66
114.240000 116.640000 62
116.800000 117.696000 64
118.464000 118.656000 57
118.656000 118.848000 58
118.848000 119.360000 61
119.360000 119.744000 57
119.840000 120.064000 60
120.064000 122.560000 62
122.592000 124.352000 53
124.992000 125.696000 64
127.680000 128.704000 62
130.400000 131.584000 54
131.584000 132.416000 57
133.216000 133.952000 54
134.752000 135.232000 62
135.232000 135.360000 69
135.520000 136.032000 67
136.192000 136.544000 64
136.544000 137.216000 62
137.216000 137.440000 68
137.632000 138.304000 64
138.304000 138.560000 61
138.560000 138.784000 57
138.944000 139.488000 61
139.584000 140.160000 62
140.640000 140.992000 69
140.992000 141.216000 66
141.312000 141.536000 62
141.664000 141.824000 69
141.824000 142.400000 71
142.400000 144.320000 69
144.384000 144.896000 66
144.896000 145.376000 63
145.760000 145.984000 62
146.080000 146.176000 67
146.176000 146.464000 69
146.464000 146.656000 66
146.784000 147.744000 62
148.128000 148.384000 68
148.480000 149.312000 64
149.632000 149.792000 61
149.888000 151.072000 62
151.392000 151.552000 62
151.552000 151.968000 66
152.096000 152.416000 66
152.416000 154.432000 62
154.560000 155.808000 63
156.096000 156.704000 62
156.704000 157.376000 67
157.376000 158.048000 63
158.048000 158.944000 59
159.072000 159.392000 69
159.488000 159.712000 64
159.712000 159.936000 61
160.096000 160.384000 61
160.384000 160.608000 58
160.768000 161.856000 61
161.984000 162.112000 63
162.464000 162.752000 69
162.752000 163.104000 66
163.104000 163.392000 62
163.488000 163.552000 68
163.552000 163.776000 69
163.776000 165.920000 71
165.920000 166.720000 66
166.720000 167.072000 63
167.520000 167.968000 62
167.968000 168.128000 67
168.224000 168.480000 66
168.480000 169.536000 62
169.952000 170.304000 68
170.400000 170.944000 64
171.296000 172.800000 61
173.888000 174.048000 59
174.048000 174.304000 63
174.400000 174.592000 66
174.752000 174.880000 65
174.880000 175.040000 66
175.040000 175.360000 64
175.360000 177.664000 62
178.368000 178.720000 58
178.816000 178.880000 59
178.880000 179.392000 62
179.520000 179.680000 57
179.840000 181.216000 59
190.240000 190.336000 60
196.224000 196.352000 60
196.448000 196.736000 61
