14.944000 15.232000 64
15.232000 15.872000 68
15.968000 16.160000 64
16.256000 16.672000 67
16.928000 17.120000 64
17.216000 18.880000 67
19.296000 19.648000 60
19.648000 20.096000 63
20.192000 21.056000 62
21.152000 22.176000 57
23.360000 23.488000 60
23.584000 24.480000 62
24.800000 25.056000 57
25.056000 26.656000 62
27.232000 28.864000 67
28.992000 30.272000 62
30.688000 30.880000 64
30.976000 31.616000 67
31.616000 31.840000 64
31.968000 32.416000 67
32.608000 32.896000 64
32.896000 33.088000 67
33.184000 34.752000 67
34.880000 35.360000 60
35.360000 36.288000 62
36.416000 36.640000 64
36.640000 36.832000 61
36.960000 38.048000 57
38.976000 39.328000 59
39.328000 40.256000 62
40.544000 40.736000 56
40.832000 42.496000 62
42.944000 46.240000 67
46.400000 47.296000 69
47.424000 47.872000 69
47.872000 48.672000 67
48.672000 48.768000 69
48.768000 49.088000 71
49.088000 49.600000 72
49.600000 49.664000 69
49.664000 51.232000 67
51.232000 53.600000 62
54.304000 54.592000 62
54.592000 55.200000 66
55.328000 55.488000 66
55.488000 55.744000 64
55.840000 56.192000 62
56.288000 56.512000 62
56.512000 56.768000 64
56.768000 57.472000 67
57.472000 58.112000 62
58.240000 58.432000 62
58.432000 59.456000 57
59.552000 61.696000 64
62.176000 62.432000 67
62.432000 62.688000 69
62.688000 63.136000 72
63.136000 63.392000 70
63.392000 63.616000 69
63.616000 64.384000 67
64.384000 66.048000 69
66.048000 66.496000 67
66.624000 66.880000 67
66.976000 69.536000 62
70.048000 70.272000 62
70.272000 70.560000 64
70.560000 71.008000 67
71.008000 71.904000 64
72.000000 72.256000 62
72.256000 72.512000 64
72.512000 73.152000 67
73.152000 74.464000 62
74.560000 78.048000 60
94.432000 94.528000 62
94.688000 94.912000 64
95.008000 95.552000 67
95.680000 97.664000 67
98.048000 98.496000 60
98.496000 98.816000 63
98.912000 99.776000 62
99.904000 100.768000 57
102.112000 102.208000 60
102.304000 103.232000 62
103.552000 103.808000 57
103.808000 105.408000 62
105.984000 107.296000 67
107.424000 107.584000 67
107.712000 108.928000 62
109.440000 109.600000 64
109.696000 110.368000 67
110.368000 110.592000 64
110.688000 111.200000 67
111.360000 111.648000 64
111.648000 111.840000 67
111.936000 113.536000 67
113.792000 114.080000 60
114.080000 115.008000 62
115.136000 115.392000 64
115.392000 115.584000 61
115.712000 116.768000 57
117.728000 117.984000 59
118.080000 118.912000 62
119.296000 119.552000 56
119.552000 121.248000 62
121.696000 123.936000 67
123.936000 124.128000 70
124.224000 124.928000 67
125.184000 125.952000 69
126.208000 126.656000 69
126.656000 127.424000 67
127.424000 127.680000 69
127.680000 128.416000 72
128.416000 129.056000 67
129.152000 129.984000 67
130.080000 132.320000 62
133.088000 133.344000 62
133.344000 133.600000 64
133.600000 134.016000 67
134.112000 134.272000 66
134.272000 134.496000 64
134.624000 134.944000 62
135.040000 135.264000 62
135.264000 135.552000 64
135.552000 136.224000 67
136.224000 136.800000 63
136.992000 137.248000 62
137.504000 138.240000 57
138.336000 140.640000 64
140.960000 141.184000 67
141.184000 141.504000 69
141.504000 142.080000 71
142.208000 142.368000 69
142.464000 143.168000 67
143.168000 143.424000 69
143.424000 144.032000 72
144.032000 145.280000 67
145.408000 145.696000 67
145.696000 148.256000 62
148.800000 149.024000 62
149.024000 149.344000 64
149.344000 149.696000 67
149.792000 150.272000 64
150.272000 150.624000 62
150.752000 151.040000 62
151.040000 151.264000 64
151.264000 151.936000 67
151.936000 153.216000 62
153.312000 156.672000 60
164.384000 164.544000 68
188.160000 188.416000 67
188.416000 189.664000 69
189.664000 190.432000 67
190.432000 192.000000 69
192.160000 193.024000 67
193.024000 195.328000 62
196.064000 196.320000 62
196.320000 196.576000 64
196.576000 196.960000 67
197.088000 197.248000 66
197.248000 197.504000 64
197.600000 197.952000 62
198.048000 198.272000 62
198.272000 198.528000 64
198.528000 199.456000 67
199.552000 199.840000 62
200.000000 200.192000 62
200.288000 201.216000 57
201.312000 203.456000 64
203.936000 204.192000 67
204.192000 204.448000 69
204.448000 204.832000 72
204.928000 205.088000 70
205.184000 205.376000 69
205.376000 206.112000 67
206.112000 206.400000 69
206.400000 207.008000 72
207.008000 207.776000 67
207.808000 208.096000 67
208.096000 208.256000 69
208.384000 211.296000 62
211.808000 212.032000 62
212.032000 212.320000 64
212.320000 212.672000 67
212.768000 213.248000 64
213.248000 213.600000 62
213.792000 214.016000 62
214.016000 214.272000 64
214.272000 215.168000 67
215.296000 216.192000 62
216.320000 218.976000 60
219.680000 220.544000 69
220.704000 221.152000 69
221.152000 221.952000 67
221.952000 222.848000 72
222.944000 223.520000 67
223.648000 224.544000 67
224.544000 226.816000 62
227.584000 227.840000 62
227.840000 228.096000 64
228.096000 228.480000 67
228.608000 228.992000 64
229.088000 229.760000 62
229.760000 230.048000 64
230.048000 230.720000 67
230.720000 231.264000 63
231.552000 231.712000 62
232.064000 232.736000 57
232.832000 234.848000 64
235.456000 235.680000 67
235.680000 236.000000 69
236.000000 236.608000 72
236.704000 237.280000 67
237.408000 237.568000 67
237.664000 237.888000 69
237.888000 238.784000 72
238.880000 239.136000 67
239.392000 239.776000 68
239.904000 240.096000 67
240.096000 240.608000 63
240.704000 241.024000 63
241.152000 242.400000 62
