22.944000 23.136000 72
23.296000 23.584000 71
23.680000 23.840000 69
24.032000 24.128000 72
24.928000 25.024000 72
25.024000 25.248000 75
25.248000 25.408000 73
25.408000 25.632000 68
28.576000 28.672000 63
28.768000 28.864000 63
36.800000 37.024000 61
37.024000 38.336000 62
38.336000 38.432000 61
38.432000 39.104000 58
39.104000 40.480000 53
41.472000 41.952000 52
42.144000 42.720000 53
43.456000 44.000000 53
44.160000 44.704000 53
45.472000 47.232000 52
48.480000 48.736000 54
48.832000 49.408000 54
49.504000 49.728000 54
49.824000 50.720000 54
50.816000 50.912000 52
51.008000 51.232000 54
51.360000 51.680000 57
51.936000 52.096000 57
54.976000 55.296000 54
55.296000 56.416000 58
56.992000 57.344000 51
57.472000 58.528000 54
59.424000 60.352000 56
60.512000 61.216000 54
61.344000 61.664000 55
61.792000 62.688000 52
64.512000 65.376000 54
65.472000 66.368000 54
66.464000 67.168000 54
67.296000 67.584000 57
67.776000 68.736000 62
70.464000 70.816000 62
70.976000 71.168000 61
71.328000 72.416000 59
72.736000 72.960000 62
73.056000 73.408000 60
73.504000 73.696000 57
73.888000 75.104000 57
75.776000 76.128000 57
76.128000 76.448000 59
76.448000 76.864000 62
76.960000 77.664000 66
77.824000 78.368000 64
78.848000 79.360000 62
79.552000 79.904000 64
80.032000 81.184000 66
81.952000 83.680000 66
83.776000 85.312000 62
86.432000 86.496000 62
86.496000 87.168000 66
87.296000 87.584000 62
87.744000 88.352000 59
88.704000 89.216000 65
89.216000 89.376000 62
89.472000 89.728000 62
89.824000 90.560000 57
91.776000 92.096000 57
92.096000 92.480000 59
92.480000 92.896000 62
92.992000 94.208000 65
94.208000 94.368000 64
94.752000 95.872000 62
95.968000 97.152000 66
97.920000 98.080000 64
98.080000 99.328000 66
99.328000 99.424000 67
99.424000 100.192000 69
100.192000 102.144000 74
102.432000 102.592000 72
102.592000 102.816000 74
102.816000 103.232000 73
103.232000 103.552000 69
103.712000 104.384000 71
104.704000 105.344000 73
105.344000 105.600000 69
105.760000 107.264000 69
107.744000 109.664000 67
109.824000 110.752000 64
111.424000 113.696000 62
128.512000 129.920000 54
130.016000 131.328000 54
131.328000 131.680000 57
131.840000 132.672000 51
134.912000 135.264000 54
135.264000 135.424000 55
135.424000 136.448000 59
136.800000 137.664000 51
137.824000 138.368000 54
139.456000 139.680000 57
139.680000 140.384000 56
140.480000 140.832000 55
140.992000 141.184000 54
141.376000 141.632000 55
141.856000 141.952000 55
144.480000 144.704000 54
144.800000 145.888000 54
145.984000 146.368000 54
146.496000 147.712000 54
147.712000 149.376000 62
150.464000 151.232000 61
151.360000 152.384000 59
152.736000 152.960000 62
152.960000 153.440000 60
153.440000 153.664000 57
153.824000 154.240000 57
154.400000 154.592000 56
154.688000 154.944000 55
155.712000 156.288000 57
156.480000 156.960000 62
156.960000 158.496000 64
158.784000 159.296000 62
159.488000 159.840000 64
159.936000 161.312000 66
161.920000 162.144000 64
162.144000 163.904000 66
163.904000 164.992000 62
166.400000 166.528000 62
166.528000 167.264000 65
167.264000 167.648000 62
167.808000 168.320000 59
168.704000 169.248000 64
169.248000 169.376000 62
169.472000 169.728000 62
169.984000 170.944000 57
171.808000 172.096000 57
172.096000 172.480000 59
172.480000 172.960000 62
172.960000 174.368000 65
174.752000 175.840000 62
175.904000 177.152000 66
177.920000 178.176000 64
178.176000 179.392000 66
179.392000 180.256000 69
180.256000 182.048000 74
182.400000 183.264000 73
183.264000 183.520000 69
183.648000 184.416000 71
184.704000 185.312000 73
185.312000 185.600000 69
185.760000 187.584000 69
187.744000 188.832000 67
188.928000 189.664000 66
189.792000 191.264000 64
191.488000 194.464000 62
194.944000 195.008000 61
195.008000 195.104000 64
195.104000 195.840000 66
195.840000 198.624000 63
198.624000 198.848000 66
198.944000 199.040000 66
199.040000 199.264000 64
199.264000 200.160000 61
200.160000 201.056000 67
201.056000 201.696000 62
201.824000 201.888000 62
202.016000 202.144000 62
202.272000 202.336000 62
202.912000 203.360000 57
203.360000 204.672000 59
204.800000 204.864000 64
204.864000 205.056000 65
205.056000 205.984000 66
205.984000 206.624000 64
206.752000 207.264000 62
207.456000 207.872000 64
207.968000 209.184000 66
209.952000 210.112000 64
210.112000 211.648000 66
211.744000 213.088000 62
214.496000 214.752000 64
214.752000 215.072000 66
215.072000 215.712000 62
215.840000 216.448000 60
216.448000 216.736000 62
216.736000 217.728000 63
217.856000 219.040000 62
219.776000 220.064000 57
220.064000 220.192000 58
220.192000 220.896000 62
220.992000 221.760000 66
221.856000 222.432000 64
222.752000 223.488000 62
223.488000 225.312000 65
225.952000 226.848000 66
226.944000 227.200000 66
227.200000 227.392000 67
227.392000 228.256000 69
228.256000 230.048000 74
230.432000 231.232000 61
231.232000 231.552000 57
231.712000 232.608000 59
232.704000 233.280000 61
233.376000 233.600000 69
233.824000 235.552000 69
235.680000 235.840000 67
235.936000 236.352000 68
236.480000 236.864000 67
237.024000 237.696000 66
237.856000 238.880000 64
239.200000 239.296000 63
239.424000 239.968000 62
240.128000 241.120000 62
241.632000 242.304000 62
242.368000 245.152000 64
245.408000 246.688000 66
246.752000 246.912000 64
247.040000 247.200000 62
247.296000 247.712000 62
247.712000 253.088000 69
253.760000 254.048000 67
254.048000 257.760000 64
295.296000 295.456000 67
296.064000 296.160000 63
303.808000 304.512000 65
305.408000 305.568000 63
305.568000 305.792000 60
307.264000 307.552000 64
307.552000 307.616000 68
307.616000 307.808000 65
309.728000 309.984000 58
