3.552000 3.648000 65
5.120000 5.248000 64
5.376000 5.472000 66
6.144000 6.304000 69
6.720000 6.848000 69
7.808000 8.032000 66
8.864000 9.024000 62
9.792000 10.176000 59
10.688000 10.784000 64
11.392000 11.424000 65
12.608000 12.736000 64
13.088000 13.344000 62
13.536000 13.696000 58
13.888000 14.016000 59
14.336000 14.432000 57
17.536000 17.632000 59
17.824000 17.920000 64
17.920000 18.048000 61
21.728000 21.792000 56
21.792000 22.016000 59
22.112000 22.688000 56
22.880000 23.392000 54
23.520000 24.864000 56
25.984000 28.416000 53
30.176000 30.464000 56
30.560000 31.072000 54
31.232000 33.088000 54
34.784000 34.976000 53
35.456000 36.704000 54
38.592000 38.656000 54
38.656000 38.912000 59
39.008000 39.584000 55
39.712000 41.504000 56
42.496000 43.104000 56
43.200000 43.424000 59
43.552000 43.616000 62
43.616000 44.416000 64
44.416000 45.504000 61
47.008000 47.296000 56
47.392000 47.872000 54
48.064000 49.632000 54
50.912000 51.616000 54
51.616000 54.496000 59
55.424000 55.744000 59
55.840000 56.192000 71
56.192000 58.656000 68
59.328000 59.584000 68
59.712000 62.400000 64
63.840000 64.224000 61
64.224000 64.288000 67
64.288000 64.832000 70
64.928000 67.008000 69
67.808000 67.968000 59
68.064000 68.672000 68
68.800000 71.072000 66
72.640000 73.376000 64
73.376000 75.648000 68
76.480000 76.544000 68
76.544000 77.472000 73
77.696000 78.336000 66
78.464000 80.128000 64
81.024000 81.312000 61
81.440000 82.080000 64
82.176000 82.720000 66
82.848000 84.448000 66
84.864000 84.928000 58
84.928000 85.216000 65
85.312000 85.568000 68
85.664000 88.064000 71
88.640000 89.120000 59
89.120000 89.856000 68
89.856000 90.080000 71
90.240000 92.512000 64
111.712000 112.064000 67
115.968000 116.160000 67
117.472000 117.600000 76
118.784000 118.816000 78
122.112000 122.144000 77
122.208000 122.272000 77
127.008000 127.072000 56
127.072000 127.296000 59
127.392000 127.648000 56
127.776000 129.568000 56
131.232000 131.840000 54
132.000000 133.312000 53
135.424000 135.520000 58
135.520000 135.712000 56
135.808000 136.064000 54
136.192000 136.320000 53
136.448000 137.120000 54
137.280000 137.952000 54
139.680000 139.936000 55
140.032000 141.984000 54
143.872000 143.936000 56
143.936000 144.160000 59
144.256000 144.512000 56
144.512000 144.768000 54
144.928000 145.568000 54
145.664000 146.720000 56
147.744000 147.936000 56
148.064000 148.448000 56
148.448000 148.768000 59
148.768000 149.408000 64
149.504000 150.784000 61
152.288000 152.576000 55
152.672000 152.928000 54
153.024000 153.216000 53
153.344000 155.232000 54
156.192000 156.384000 54
156.512000 156.832000 54
156.832000 159.936000 59
160.704000 160.992000 59
161.088000 161.408000 71
161.408000 163.872000 68
164.608000 165.568000 67
165.664000 168.160000 64
169.120000 169.472000 61
169.472000 169.984000 71
169.984000 170.112000 68
170.208000 172.256000 69
173.056000 173.376000 61
173.376000 173.952000 68
174.080000 176.448000 66
177.888000 178.592000 64
178.592000 180.704000 68
181.792000 182.976000 73
183.072000 183.392000 66
183.520000 185.440000 64
186.272000 186.592000 61
186.688000 187.200000 64
187.200000 188.000000 66
188.096000 189.376000 66
190.176000 190.240000 64
190.240000 190.560000 66
190.560000 193.280000 71
193.984000 194.400000 59
194.400000 194.688000 68
194.784000 195.008000 68
195.008000 195.392000 71
195.520000 196.128000 66
196.256000 198.816000 64
211.200000 211.520000 59
211.616000 212.032000 70
212.032000 214.336000 68
215.104000 215.168000 63
215.168000 215.392000 67
215.488000 215.712000 68
215.808000 216.096000 66
216.096000 216.416000 64
216.512000 218.400000 64
219.648000 220.032000 61
220.032000 220.608000 69
220.736000 222.944000 69
223.712000 223.840000 58
223.840000 224.448000 67
224.608000 227.040000 66
228.416000 229.056000 64
229.152000 229.728000 68
229.824000 231.456000 68
232.352000 233.280000 73
233.440000 234.144000 66
234.240000 235.808000 64
236.832000 237.120000 61
237.216000 237.728000 64
237.728000 238.528000 66
238.624000 239.936000 66
240.672000 240.736000 59
240.736000 240.800000 63
240.896000 240.992000 66
241.088000 241.408000 68
241.440000 244.128000 71
244.960000 245.216000 59
245.312000 245.664000 71
245.664000 248.256000 68
248.800000 248.864000 68
248.864000 249.120000 71
249.120000 249.760000 69
249.856000 250.080000 66
250.176000 252.128000 64
253.344000 253.664000 61
253.664000 253.696000 64
253.696000 253.728000 67
253.728000 254.336000 70
254.432000 256.768000 69
257.248000 257.632000 61
257.632000 258.048000 67
258.304000 260.704000 66
262.144000 262.688000 64
262.816000 265.152000 68
265.984000 267.168000 73
267.264000 267.520000 66
267.648000 269.856000 64
270.528000 270.816000 61
270.912000 271.808000 64
271.936000 272.192000 66
272.352000 272.512000 66
272.640000 273.824000 66
274.400000 274.464000 65
274.464000 274.752000 66
274.752000 277.824000 71
280.352000 280.704000 59
280.704000 281.536000 68
281.536000 281.696000 71
281.824000 286.016000 64
297.408000 297.600000 61
298.624000 298.880000 57
