28.160000 28.896000 55
29.536000 29.824000 53
29.984000 30.304000 54
32.000000 32.832000 55
33.312000 33.600000 55
33.760000 34.336000 52
36.320000 36.928000 54
37.152000 37.824000 56
38.112000 38.400000 55
38.624000 39.136000 54
39.328000 39.616000 55
39.776000 40.832000 56
43.680000 44.576000 56
45.248000 45.376000 54
45.568000 45.856000 54
47.808000 48.704000 55
48.992000 49.312000 53
49.504000 50.048000 53
51.904000 52.480000 54
52.672000 53.472000 56
53.600000 53.952000 55
54.176000 54.688000 54
54.944000 55.200000 53
55.456000 56.512000 52
56.608000 56.704000 52
57.920000 58.240000 52
58.240000 58.368000 53
58.368000 58.560000 54
58.560000 59.648000 58
60.480000 60.832000 59
60.928000 61.216000 57
62.144000 62.272000 57
62.528000 62.720000 54
62.944000 64.288000 56
65.728000 66.240000 54
66.400000 67.392000 56
68.672000 69.024000 61
69.184000 70.240000 63
70.720000 70.880000 57
71.072000 72.480000 59
75.456000 75.520000 58
75.520000 77.344000 64
78.016000 78.272000 66
78.272000 79.456000 61
79.744000 80.768000 59
82.656000 83.680000 57
84.128000 84.768000 61
84.928000 85.504000 64
85.664000 85.920000 61
86.080000 88.096000 66
88.960000 89.120000 63
89.120000 89.824000 65
89.952000 91.712000 68
92.768000 93.024000 64
93.152000 95.008000 66
95.104000 95.584000 62
95.808000 96.032000 61
96.032000 96.448000 59
96.960000 97.088000 56
97.216000 97.408000 56
97.408000 97.920000 59
98.080000 98.880000 64
99.520000 100.000000 63
100.096000 100.832000 62
100.832000 101.952000 61
102.176000 102.720000 59
103.424000 103.936000 69
104.384000 105.248000 64
105.344000 106.304000 68
106.304000 107.456000 73
108.352000 109.664000 63
109.760000 110.112000 64
110.240000 110.624000 62
110.880000 111.328000 71
111.328000 111.904000 67
112.416000 112.576000 67
112.576000 112.896000 68
112.896000 113.472000 66
113.472000 114.048000 61
114.816000 114.976000 61
115.104000 116.352000 63
116.448000 121.248000 64
121.344000 121.440000 64
125.376000 125.696000 64
126.528000 126.656000 59
132.576000 133.440000 56
133.984000 134.336000 52
134.528000 135.008000 54
136.064000 136.192000 53
136.320000 137.312000 54
137.536000 137.920000 55
138.048000 139.200000 52
140.800000 141.504000 54
141.696000 142.400000 56
142.624000 142.912000 55
143.136000 143.648000 54
143.840000 144.192000 55
144.320000 146.016000 56
148.064000 149.312000 56
149.696000 149.856000 52
149.984000 150.624000 54
151.808000 152.128000 58
152.352000 153.280000 55
153.568000 153.888000 52
154.048000 154.592000 52
156.320000 156.928000 54
157.120000 157.920000 56
158.080000 158.400000 55
158.592000 158.784000 55
158.784000 159.136000 53
159.392000 159.744000 53
159.904000 160.960000 52
162.528000 162.848000 52
162.848000 163.168000 54
163.168000 164.384000 58
164.928000 165.888000 57
166.176000 166.560000 57
166.784000 167.008000 53
167.200000 169.056000 56
170.272000 170.752000 54
170.944000 172.096000 57
173.184000 173.312000 59
173.312000 173.504000 61
173.632000 174.720000 63
175.072000 175.264000 59
175.424000 177.504000 59
179.904000 179.968000 58
179.968000 182.016000 64
182.560000 182.816000 66
182.816000 184.000000 61
184.224000 185.568000 59
186.688000 186.816000 59
187.008000 188.160000 57
188.608000 189.248000 61
189.408000 189.984000 64
190.080000 190.400000 61
190.560000 190.720000 64
190.720000 192.896000 66
193.440000 193.728000 64
193.824000 193.920000 67
193.920000 194.272000 65
194.368000 196.096000 68
197.120000 197.248000 61
197.248000 197.568000 64
197.696000 199.488000 66
199.584000 200.064000 62
200.224000 200.992000 59
201.408000 201.504000 63
201.728000 201.888000 56
201.888000 202.432000 59
202.592000 203.296000 64
203.872000 204.032000 57
204.032000 204.064000 60
204.064000 205.888000 62
206.016000 207.296000 59
207.968000 208.512000 69
208.896000 209.248000 64
209.248000 210.432000 67
210.432000 210.912000 71
210.912000 211.936000 73
212.832000 214.592000 63
214.720000 214.784000 69
214.784000 215.168000 74
215.168000 215.840000 71
215.840000 216.480000 67
216.928000 217.088000 67
217.088000 217.408000 68
217.408000 217.952000 66
217.952000 218.208000 62
219.296000 219.456000 61
219.552000 220.544000 63
220.544000 221.184000 61
221.184000 223.488000 64
224.032000 224.192000 61
224.448000 225.568000 64
225.568000 227.264000 68
228.224000 228.544000 64
228.640000 230.080000 66
230.176000 230.496000 66
230.496000 231.040000 62
231.200000 232.096000 59
232.480000 232.576000 59
232.704000 233.376000 59
233.568000 234.272000 64
234.816000 234.912000 59
235.008000 235.424000 63
235.520000 236.512000 61
236.512000 236.832000 63
236.992000 238.208000 59
238.944000 239.488000 68
239.904000 239.936000 64
239.968000 240.000000 64
240.032000 240.160000 64
240.160000 240.736000 66
240.832000 241.664000 68
241.664000 242.880000 73
243.776000 245.600000 63
245.728000 246.144000 74
246.144000 246.848000 71
246.848000 247.488000 67
247.904000 248.864000 66
248.864000 249.536000 61
250.272000 250.464000 61
250.560000 251.776000 63
252.320000 256.320000 64
256.416000 257.376000 60
257.952000 259.360000 56
259.488000 259.648000 56
260.960000 265.728000 71
