21.312000 21.920000 64
22.048000 22.720000 67
23.104000 23.776000 66
23.936000 24.288000 67
24.288000 24.928000 64
25.504000 26.080000 62
26.272000 26.880000 62
27.104000 29.184000 59
29.696000 30.688000 57
30.816000 31.296000 57
31.808000 32.448000 60
32.576000 33.664000 62
34.208000 35.392000 67
35.552000 36.000000 64
36.000000 36.352000 67
36.416000 37.248000 66
38.144000 38.432000 59
38.432000 38.784000 64
38.944000 39.616000 67
39.936000 40.160000 67
40.288000 40.544000 66
40.736000 40.992000 65
40.992000 42.048000 62
42.336000 43.328000 64
43.456000 44.384000 62
44.480000 46.144000 59
46.528000 47.168000 57
47.296000 47.584000 55
47.680000 48.416000 55
48.640000 48.960000 59
48.960000 49.280000 62
49.408000 49.632000 59
49.696000 50.368000 64
50.784000 51.008000 67
51.168000 51.808000 67
51.808000 53.056000 66
53.056000 54.080000 64
54.400000 54.592000 64
54.720000 55.296000 67
55.296000 56.320000 69
56.544000 56.832000 67
56.832000 57.024000 69
57.120000 57.536000 71
57.536000 57.824000 69
57.824000 58.560000 64
59.232000 59.744000 69
59.936000 60.096000 69
60.096000 60.640000 71
60.736000 60.960000 67
61.056000 62.496000 71
62.912000 63.008000 64
63.104000 63.296000 67
63.424000 63.808000 69
63.936000 64.800000 69
64.960000 65.120000 69
65.248000 65.504000 67
65.504000 66.240000 70
66.368000 66.720000 67
66.848000 67.296000 64
67.648000 67.776000 64
67.968000 68.576000 66
68.672000 69.024000 66
69.024000 70.976000 64
71.360000 71.712000 64
71.840000 72.128000 59
72.128000 72.384000 64
72.576000 73.312000 66
73.408000 73.536000 66
73.536000 74.560000 64
74.720000 74.912000 67
75.008000 75.968000 69
76.352000 76.960000 71
77.120000 77.440000 67
77.600000 77.792000 67
77.792000 78.080000 64
78.176000 79.744000 64
88.672000 89.280000 64
89.440000 90.080000 67
90.496000 91.136000 66
91.296000 91.680000 67
91.680000 92.320000 64
92.864000 93.440000 62
93.632000 94.272000 62
94.464000 96.544000 59
97.056000 98.048000 57
98.176000 98.656000 57
99.200000 99.808000 60
99.968000 101.056000 62
101.408000 102.752000 67
102.912000 103.328000 64
103.424000 103.712000 67
103.872000 104.608000 66
105.536000 105.792000 59
105.792000 106.144000 64
106.304000 106.976000 67
107.360000 107.552000 67
107.680000 107.904000 66
108.128000 108.320000 65
108.320000 109.440000 62
109.696000 110.688000 64
110.816000 111.712000 62
111.840000 113.376000 59
113.888000 114.528000 57
114.688000 114.912000 55
115.040000 115.456000 55
115.456000 115.808000 57
116.032000 116.288000 59
116.288000 116.640000 61
116.800000 117.088000 59
117.088000 117.728000 64
118.144000 118.368000 67
118.528000 120.064000 67
120.064000 121.440000 64
121.792000 122.016000 64
122.112000 122.624000 67
122.624000 123.040000 69
123.136000 123.776000 69
123.904000 124.128000 67
124.224000 124.384000 69
124.480000 124.896000 71
124.896000 125.184000 69
125.184000 125.984000 64
126.560000 126.624000 64
126.624000 126.784000 69
126.880000 127.136000 69
127.296000 127.456000 69
127.456000 128.000000 71
128.128000 128.320000 67
128.416000 129.856000 71
130.272000 130.368000 64
130.496000 130.656000 67
130.784000 131.136000 69
131.296000 132.160000 69
132.320000 132.512000 69
132.608000 132.896000 67
132.896000 133.632000 70
133.760000 134.080000 67
134.240000 134.688000 64
135.040000 135.072000 64
135.328000 135.936000 66
136.032000 136.384000 66
136.384000 137.024000 64
137.120000 138.368000 64
139.200000 139.424000 59
139.488000 139.776000 64
139.936000 140.672000 66
140.768000 140.960000 66
141.056000 141.920000 64
142.080000 143.328000 69
143.712000 144.352000 71
144.480000 144.800000 67
144.992000 145.120000 67
145.120000 145.440000 65
145.536000 147.200000 64
163.808000 164.032000 63
164.448000 165.184000 64
165.184000 165.952000 67
166.272000 166.944000 66
167.072000 167.456000 67
167.456000 168.064000 64
168.672000 169.216000 62
169.408000 170.048000 62
170.272000 172.320000 59
172.864000 173.536000 57
173.536000 173.856000 55
173.952000 174.432000 57
175.008000 175.584000 60
175.744000 177.056000 62
177.184000 178.560000 67
178.720000 179.200000 64
179.200000 179.520000 67
179.584000 180.384000 66
181.312000 181.600000 59
181.600000 181.952000 64
182.048000 182.752000 67
183.136000 183.328000 67
183.456000 183.744000 66
183.904000 184.096000 65
184.096000 185.216000 62
185.504000 186.496000 64
186.592000 187.520000 62
187.648000 189.152000 59
189.664000 190.368000 57
190.560000 190.720000 56
190.848000 191.264000 55
191.264000 191.584000 57
191.808000 192.096000 59
192.096000 192.448000 62
192.576000 192.800000 59
192.896000 193.536000 64
193.952000 194.144000 67
194.336000 194.944000 67
195.008000 196.000000 66
196.096000 197.248000 64
197.600000 197.792000 64
197.888000 198.816000 67
198.912000 199.520000 69
199.712000 199.968000 67
199.968000 200.192000 69
200.288000 200.704000 71
200.704000 200.960000 69
200.960000 201.152000 68
201.152000 201.760000 64
202.400000 202.464000 65
202.464000 202.560000 69
202.656000 203.808000 69
203.904000 204.096000 67
204.224000 205.600000 71
206.048000 206.144000 64
206.272000 206.432000 67
206.592000 206.944000 69
207.040000 208.000000 69
208.096000 208.288000 69
208.416000 208.672000 67
208.672000 209.408000 70
209.536000 209.760000 67
209.760000 209.952000 64
209.984000 210.432000 64
210.848000 210.944000 63
211.104000 211.744000 66
211.840000 212.160000 66
212.160000 214.112000 64
214.336000 214.528000 64
215.072000 215.264000 60
215.264000 215.584000 64
215.744000 216.448000 66
216.544000 217.024000 64
217.120000 217.536000 64
217.536000 217.728000 68
217.888000 219.104000 69
219.488000 219.552000 64
219.552000 220.160000 71
220.256000 220.608000 67
220.768000 220.928000 67
220.928000 221.216000 65
221.312000 223.072000 64
225.760000 225.856000 70
