0.896000 2.912000 64
3.072000 3.264000 64
3.904000 3.968000 61
3.968000 4.384000 63
4.512000 7.200000 69
7.840000 8.448000 69
8.448000 8.512000 65
8.864000 11.264000 62
11.936000 12.736000 62
14.240000 14.336000 66
14.720000 15.136000 69
15.136000 15.520000 68
15.520000 16.928000 67
16.928000 19.360000 64
19.904000 19.968000 60
19.968000 20.064000 61
20.064000 20.416000 64
20.512000 22.912000 69
23.136000 23.424000 69
23.648000 23.744000 65
24.416000 26.464000 68
26.912000 30.880000 69
32.992000 34.496000 52
34.592000 34.624000 51
34.656000 34.720000 51
36.000000 36.384000 51
36.544000 36.832000 57
36.960000 37.376000 56
37.504000 39.392000 57
39.616000 39.712000 55
41.280000 43.072000 50
43.200000 43.296000 51
44.064000 44.384000 49
44.512000 47.392000 52
47.584000 48.608000 52
48.992000 50.976000 52
51.968000 52.320000 51
52.448000 52.800000 57
52.928000 53.344000 56
53.440000 55.680000 57
56.480000 58.816000 56
59.488000 59.808000 57
59.904000 59.968000 55
59.968000 60.352000 58
60.352000 60.864000 55
60.960000 63.232000 57
64.896000 65.792000 61
65.920000 66.848000 61
66.944000 67.840000 61
67.936000 68.192000 61
68.192000 68.320000 57
68.512000 68.992000 57
68.992000 71.808000 62
72.992000 76.288000 56
76.448000 76.704000 59
76.704000 76.768000 55
76.864000 78.400000 52
80.928000 83.328000 61
83.424000 84.288000 61
84.448000 84.640000 56
84.736000 84.864000 57
85.024000 85.376000 64
85.472000 85.824000 62
85.952000 86.368000 61
86.464000 88.000000 62
88.992000 89.856000 62
89.920000 90.304000 61
90.400000 90.688000 61
91.008000 91.360000 55
91.488000 91.872000 56
91.936000 92.000000 55
92.000000 92.640000 59
92.640000 92.864000 56
92.992000 93.312000 56
93.408000 94.784000 57
95.168000 96.064000 68
101.856000 102.752000 52
102.784000 102.816000 52
103.488000 103.648000 54
103.680000 103.712000 53
103.808000 103.840000 52
103.872000 103.936000 52
104.128000 104.320000 57
104.512000 106.784000 57
107.104000 107.968000 50
108.640000 108.736000 50
109.504000 109.792000 52
110.016000 110.432000 54
110.528000 111.584000 52
112.736000 113.472000 52
113.568000 114.240000 52
114.752000 114.880000 51
114.976000 115.232000 57
115.392000 115.744000 57
115.840000 117.376000 57
117.760000 119.360000 56
119.968000 120.096000 55
120.256000 123.040000 57
123.456000 123.520000 55
123.520000 124.096000 61
124.224000 125.504000 61
125.600000 125.856000 61
125.984000 126.272000 57
126.272000 127.008000 62
127.104000 127.232000 62
127.328000 128.480000 62
129.088000 131.296000 56
131.392000 131.616000 59
131.840000 132.384000 52
133.088000 133.184000 62
133.280000 133.760000 67
133.952000 134.080000 63
134.400000 136.704000 61
136.800000 137.120000 57
137.120000 137.440000 63
137.536000 137.760000 62
137.856000 139.680000 62
139.840000 141.184000 62
141.312000 143.968000 57
144.704000 144.800000 56
144.800000 144.864000 57
144.864000 147.744000 64
148.352000 148.448000 68
148.736000 148.864000 70
150.080000 150.496000 69
150.496000 151.296000 62
153.600000 154.272000 68
154.560000 154.880000 68
155.712000 158.688000 64
159.040000 160.224000 69
161.120000 161.408000 66
161.408000 161.568000 67
161.728000 163.232000 68
163.808000 164.320000 68
164.480000 165.728000 69
167.200000 167.616000 66
167.712000 168.032000 64
168.256000 168.416000 61
168.704000 168.800000 61
169.632000 169.888000 66
170.912000 171.136000 66
171.136000 171.744000 62
172.832000 172.992000 63
174.112000 174.496000 64
174.624000 175.136000 64
175.136000 177.312000 69
183.200000 183.360000 64
184.672000 185.184000 61
185.280000 185.696000 61
185.856000 186.912000 69
187.264000 187.552000 62
187.552000 187.968000 70
189.184000 189.696000 69
189.888000 190.048000 69
190.240000 190.432000 69
190.784000 190.912000 57
190.912000 190.976000 52
191.008000 191.072000 52
191.136000 193.056000 51
193.216000 193.824000 53
194.048000 194.432000 51
194.592000 194.816000 56
195.008000 195.424000 56
195.584000 197.696000 57
199.168000 200.512000 50
200.672000 201.056000 54
201.056000 201.856000 59
202.272000 202.432000 49
202.560000 203.712000 54
203.712000 205.376000 52
206.400000 206.592000 52
206.624000 206.656000 52
207.040000 208.000000 52
208.160000 208.672000 52
208.864000 208.896000 50
208.928000 208.992000 50
209.056000 210.080000 49
210.240000 210.528000 53
210.752000 210.848000 57
211.040000 211.296000 56
211.328000 211.360000 54
211.392000 213.504000 57
213.600000 213.728000 55
214.496000 217.056000 56
217.536000 217.824000 56
218.016000 218.368000 58
218.528000 218.848000 55
219.040000 221.184000 57
221.600000 222.272000 61
222.368000 223.968000 61
224.096000 224.320000 57
224.416000 225.376000 62
225.408000 226.624000 60
227.168000 229.376000 56
229.472000 229.696000 59
229.696000 229.920000 51
229.952000 230.592000 52
230.624000 230.880000 52
231.200000 231.680000 70
231.872000 231.968000 63
232.576000 234.144000 61
234.240000 234.816000 61
234.944000 235.200000 57
235.296000 235.552000 64
235.552000 235.872000 62
235.968000 237.280000 62
237.536000 237.856000 66
237.952000 239.104000 62
239.104000 240.000000 56
240.096000 240.352000 59
240.352000 240.672000 57
240.768000 242.016000 57
242.112000 242.208000 59
243.424000 244.064000 61
244.160000 245.440000 61
245.536000 245.760000 61
245.856000 246.144000 57
246.144000 246.848000 62
246.944000 247.136000 66
247.712000 248.384000 71
248.992000 250.176000 56
250.272000 250.848000 56
250.880000 251.168000 57
251.296000 251.488000 59
251.648000 252.320000 52
253.088000 253.216000 60
253.216000 253.728000 63
254.368000 256.352000 61
256.448000 256.704000 61
256.704000 257.024000 57
257.024000 257.312000 63
257.440000 257.664000 62
257.760000 258.016000 61
258.144000 259.328000 50
259.808000 261.088000 62
261.184000 261.760000 56
261.856000 262.112000 59
262.208000 263.776000 57
