3.456000 3.616000 74
11.776000 11.936000 74
20.096000 20.128000 72
20.160000 20.320000 74
27.872000 27.936000 56
27.936000 28.096000 61
28.096000 28.480000 64
28.480000 29.056000 64
29.664000 29.856000 56
29.952000 30.112000 61
30.112000 30.816000 64
31.744000 31.840000 56
31.840000 32.128000 58
32.224000 32.416000 64
32.512000 32.736000 64
32.832000 33.376000 62
33.536000 34.464000 63
34.464000 35.136000 67
36.096000 36.192000 55
36.192000 36.320000 57
36.320000 36.608000 64
36.608000 36.704000 60
36.704000 37.440000 64
38.016000 38.496000 70
38.496000 38.976000 67
38.976000 39.360000 62
40.128000 40.352000 58
40.352000 40.768000 64
40.864000 40.928000 62
40.928000 41.088000 64
41.088000 42.848000 62
43.008000 43.104000 63
43.296000 43.744000 64
43.744000 44.224000 62
44.512000 44.640000 59
44.640000 44.736000 60
44.736000 44.928000 64
44.928000 45.088000 61
45.088000 45.568000 65
46.400000 46.688000 57
46.688000 46.976000 63
47.168000 47.520000 64
48.512000 48.768000 58
48.768000 49.088000 63
49.248000 49.440000 64
49.440000 49.696000 62
49.792000 49.952000 64
49.952000 50.144000 62
50.240000 50.336000 65
50.336000 51.104000 63
51.104000 51.744000 67
52.800000 52.896000 55
52.896000 53.056000 57
53.056000 53.312000 64
53.312000 53.408000 60
53.408000 54.176000 64
54.720000 55.104000 70
55.104000 55.776000 67
55.776000 56.064000 62
56.800000 57.056000 58
57.056000 57.248000 62
57.248000 60.384000 64
60.608000 60.800000 64
61.472000 61.792000 67
61.792000 63.072000 69
63.072000 63.904000 67
63.904000 64.960000 72
65.184000 65.504000 71
65.664000 65.856000 67
65.856000 66.336000 64
67.232000 67.520000 58
67.520000 67.904000 64
68.000000 68.288000 64
69.856000 70.624000 67
70.624000 71.360000 69
71.360000 72.128000 67
72.128000 72.928000 60
73.024000 73.216000 71
73.376000 73.536000 66
73.536000 73.856000 71
74.016000 74.208000 67
74.208000 74.624000 64
75.584000 75.872000 58
75.872000 76.256000 64
76.384000 76.640000 64
77.920000 78.016000 56
78.016000 78.176000 61
78.176000 78.560000 64
78.560000 79.072000 64
79.744000 79.872000 56
79.872000 80.032000 58
80.032000 80.896000 64
81.856000 81.920000 56
81.920000 82.208000 58
82.304000 82.816000 64
82.816000 83.456000 62
83.648000 84.512000 63
84.512000 85.248000 67
86.208000 86.304000 55
86.304000 86.368000 57
86.368000 86.432000 59
86.432000 86.688000 64
86.688000 86.816000 61
86.816000 87.520000 64
88.096000 88.576000 70
88.576000 89.024000 67
89.024000 89.440000 62
90.208000 90.464000 58
90.464000 92.000000 62
92.000000 92.992000 62
93.088000 93.184000 63
93.376000 93.824000 64
93.824000 94.304000 62
94.624000 94.816000 60
94.816000 95.008000 64
95.008000 95.168000 61
95.168000 95.776000 65
96.512000 96.768000 57
96.768000 97.056000 63
97.248000 97.600000 64
98.592000 98.848000 58
98.848000 99.168000 63
99.360000 99.520000 64
99.520000 99.776000 62
99.904000 100.032000 64
100.032000 100.256000 62
100.352000 101.184000 63
101.184000 101.856000 67
102.880000 103.136000 56
103.136000 103.392000 64
103.392000 103.520000 60
103.520000 104.224000 64
104.800000 105.216000 70
105.216000 105.760000 67
105.760000 106.144000 62
106.880000 107.136000 58
107.136000 107.328000 62
107.328000 110.528000 64
110.688000 110.880000 63
111.584000 111.872000 67
111.872000 113.152000 69
113.152000 113.984000 67
113.984000 115.040000 72
115.264000 115.584000 71
115.744000 115.936000 67
115.936000 116.416000 64
117.312000 117.600000 58
117.600000 118.368000 64
119.968000 120.704000 67
120.704000 121.408000 69
121.408000 122.336000 67
122.336000 123.328000 72
123.616000 123.936000 71
124.128000 124.288000 67
124.288000 124.704000 64
125.280000 125.376000 64
125.664000 125.888000 58
125.888000 125.952000 59
125.952000 126.368000 64
126.464000 126.816000 64
127.488000 127.584000 65
127.776000 127.904000 58
128.576000 128.640000 69
128.640000 128.704000 69
128.704000 128.736000 74
128.768000 128.800000 65
129.600000 129.728000 57
129.728000 129.824000 55
130.048000 130.304000 58
130.624000 130.784000 57
130.944000 131.072000 56
131.200000 131.488000 58
131.680000 131.776000 58
132.128000 132.192000 59
132.352000 132.544000 57
132.992000 133.120000 55
133.120000 133.248000 57
133.440000 133.920000 57
134.848000 135.008000 56
135.232000 135.392000 57
135.552000 135.968000 58
136.128000 136.608000 57
136.896000 137.088000 60
137.120000 137.184000 57
137.184000 137.440000 55
137.440000 137.568000 57
137.856000 138.016000 57
138.016000 138.144000 54
138.208000 138.272000 54
138.336000 138.432000 55
138.432000 138.624000 58
139.168000 139.392000 56
139.392000 139.616000 58
139.776000 139.872000 63
140.160000 140.192000 57
140.352000 140.672000 57
140.928000 141.184000 57
141.344000 141.504000 58
141.632000 141.984000 57
142.176000 142.976000 58
143.168000 143.360000 59
143.680000 143.904000 58
144.064000 144.480000 57
144.896000 144.992000 65
144.992000 145.248000 67
145.248000 147.648000 69
147.648000 148.160000 72
148.160000 148.416000 71
148.640000 148.992000 71
149.152000 149.344000 67
149.344000 149.824000 64
150.720000 150.976000 58
150.976000 151.776000 63
153.344000 155.680000 68
155.680000 156.416000 60
156.512000 156.704000 71
157.024000 157.312000 71
157.504000 157.664000 67
157.664000 158.080000 65
159.072000 159.456000 59
159.456000 159.744000 64
159.840000 160.096000 64
161.408000 161.504000 56
161.504000 161.632000 61
161.632000 162.048000 64
162.048000 162.560000 64
163.264000 163.424000 56
163.520000 164.384000 64
165.344000 165.408000 56
165.408000 165.696000 58
165.792000 165.984000 64
166.080000 166.304000 64
166.400000 166.944000 62
167.104000 168.032000 63
168.032000 168.736000 67
169.664000 169.888000 56
169.888000 169.952000 60
169.952000 170.176000 64
170.176000 170.272000 60
170.272000 171.008000 65
171.584000 172.064000 70
172.064000 172.512000 67
172.512000 172.992000 63
173.696000 173.920000 58
173.920000 174.336000 63
174.432000 174.496000 62
174.496000 174.656000 64
174.656000 176.640000 62
176.864000 177.728000 64
178.080000 178.304000 60
178.304000 178.496000 64
178.496000 178.624000 59
178.624000 179.392000 65
179.968000 180.256000 57
180.256000 180.544000 63
180.736000 181.088000 64
182.080000 182.336000 58
182.336000 182.656000 63
182.816000 182.976000 64
182.976000 183.264000 62
183.360000 183.552000 64
183.552000 183.712000 62
183.808000 183.904000 65
183.904000 184.672000 63
184.672000 185.376000 67
186.368000 186.464000 55
186.464000 186.624000 57
186.624000 186.880000 64
186.880000 187.008000 60
187.008000 187.712000 64
188.288000 188.672000 70
188.672000 189.344000 67
189.344000 189.632000 62
190.336000 190.656000 58
190.656000 192.352000 64
192.448000 193.376000 62
193.376000 193.952000 64
194.112000 194.368000 64
195.040000 195.360000 67
195.360000 196.832000 68
196.928000 197.120000 69
197.120000 197.472000 67
197.472000 198.560000 71
198.752000 199.072000 71
199.232000 199.424000 67
199.424000 199.904000 64
200.800000 201.088000 58
201.088000 201.504000 63
201.568000 201.888000 64
203.424000 204.192000 67
204.192000 204.928000 69
204.928000 205.792000 67
205.792000 206.848000 72
207.104000 207.424000 71
207.584000 207.776000 67
207.776000 208.160000 65
209.152000 209.344000 58
209.344000 209.408000 59
209.408000 209.824000 64
209.952000 210.176000 64
210.176000 210.336000 56
210.720000 210.880000 57
211.296000 211.424000 56
211.744000 211.872000 58
212.992000 213.696000 58
214.144000 214.304000 58
214.656000 214.880000 58
215.168000 216.096000 58
216.256000 216.352000 57
216.672000 216.768000 57
216.992000 217.472000 56
217.632000 217.760000 58
217.888000 218.432000 57
219.136000 219.584000 58
219.744000 219.872000 60
220.160000 220.320000 57
220.640000 220.704000 59
221.696000 222.080000 58
222.176000 222.304000 57
222.496000 222.784000 57
222.880000 223.456000 58
223.776000 223.936000 58
224.096000 224.288000 58
224.768000 224.800000 56
225.056000 225.088000 58
225.600000 226.016000 58
226.112000 226.720000 57
226.880000 226.976000 58
227.136000 227.680000 57
227.968000 228.064000 59
228.288000 228.448000 65
