16.064000 16.608000 60
16.960000 17.152000 58
40.768000 41.088000 56
41.280000 41.600000 56
42.240000 43.008000 55
43.008000 43.616000 57
44.352000 44.672000 56
44.864000 45.120000 55
45.568000 46.080000 55
46.208000 46.816000 57
47.584000 47.936000 61
49.248000 49.408000 57
49.408000 49.792000 60
50.208000 50.368000 56
51.680000 52.416000 56
52.576000 52.800000 58
52.992000 53.728000 59
53.984000 54.208000 55
54.592000 54.816000 55
55.296000 55.648000 55
55.808000 56.064000 55
56.704000 57.024000 55
57.120000 57.696000 55
57.824000 58.176000 57
58.880000 59.008000 56
59.136000 59.648000 56
60.032000 60.640000 55
60.736000 60.992000 58
60.992000 61.344000 60
61.856000 62.464000 61
63.968000 64.288000 60
64.288000 64.832000 55
66.208000 66.496000 55
66.688000 67.040000 56
67.040000 68.768000 59
68.896000 69.536000 61
69.536000 70.304000 59
70.944000 71.616000 60
72.160000 72.288000 63
72.448000 72.608000 58
72.608000 72.864000 61
72.960000 74.016000 58
74.656000 75.744000 58
76.160000 76.480000 61
76.672000 77.184000 59
77.344000 77.728000 59
77.728000 78.112000 65
78.432000 79.072000 58
79.168000 79.392000 59
79.616000 79.936000 65
80.224000 80.608000 58
80.704000 81.312000 59
81.504000 83.744000 66
84.352000 85.120000 66
85.728000 86.304000 68
86.432000 87.168000 66
87.552000 87.680000 68
87.680000 87.872000 70
88.032000 88.224000 73
88.224000 89.184000 68
89.344000 89.920000 69
89.920000 90.400000 66
91.168000 91.456000 69
91.584000 91.744000 70
91.840000 92.640000 69
92.640000 92.864000 66
93.024000 93.824000 70
93.952000 94.400000 69
94.400000 94.752000 66
94.880000 95.648000 68
95.744000 95.904000 68
96.064000 96.448000 63
96.448000 97.280000 68
97.376000 98.368000 66
98.944000 99.680000 66
100.064000 100.192000 61
100.288000 100.608000 67
100.736000 100.928000 68
100.928000 101.728000 67
102.080000 102.432000 70
102.560000 102.880000 73
103.040000 104.128000 68
104.288000 104.480000 68
104.576000 104.992000 66
105.504000 105.632000 60
105.728000 105.792000 67
105.792000 105.984000 70
106.112000 106.880000 73
106.976000 107.520000 66
107.520000 107.680000 69
107.680000 108.352000 73
108.480000 108.704000 73
108.800000 109.024000 65
109.120000 109.312000 66
109.408000 110.720000 68
111.584000 112.352000 68
112.640000 113.216000 65
114.016000 116.448000 66
117.504000 118.016000 57
124.288000 124.384000 56
124.512000 124.704000 56
124.864000 125.120000 56
125.760000 126.848000 55
126.848000 127.392000 58
127.936000 128.320000 55
128.480000 128.800000 56
129.184000 129.696000 55
129.824000 130.432000 57
130.880000 131.072000 59
131.200000 131.552000 60
132.928000 133.056000 58
133.056000 133.408000 60
135.200000 136.032000 56
136.192000 136.416000 58
136.608000 137.376000 59
138.976000 139.296000 55
139.424000 139.744000 56
140.320000 140.672000 55
140.768000 141.376000 55
141.472000 141.984000 58
142.528000 142.656000 56
142.752000 143.328000 56
143.680000 144.096000 55
144.224000 144.672000 58
144.672000 144.992000 60
145.504000 145.728000 61
145.792000 146.176000 60
147.616000 147.968000 60
148.096000 148.352000 55
149.888000 150.144000 55
150.304000 150.720000 56
150.720000 153.984000 59
154.624000 155.456000 59
155.552000 155.744000 59
156.192000 157.728000 58
158.272000 159.456000 59
159.808000 160.032000 61
160.288000 160.832000 60
160.992000 161.376000 59
161.376000 161.728000 65
162.112000 162.432000 57
162.528000 163.040000 58
163.264000 163.520000 65
163.584000 163.712000 61
163.904000 164.256000 59
164.384000 164.864000 59
165.088000 165.632000 66
165.632000 166.624000 68
166.624000 167.584000 61
168.032000 168.832000 66
169.376000 169.952000 68
170.112000 170.432000 66
170.528000 170.848000 68
171.200000 171.520000 69
171.648000 171.872000 73
171.872000 172.800000 68
172.992000 173.664000 69
173.664000 174.176000 66
174.816000 174.944000 68
174.944000 175.072000 70
175.200000 175.360000 70
175.488000 176.288000 69
176.384000 176.544000 66
176.640000 176.896000 70
176.992000 177.792000 70
177.888000 178.112000 68
178.272000 178.688000 66
178.688000 179.264000 68
179.616000 180.032000 63
180.032000 180.256000 67
180.256000 181.824000 68
182.560000 183.264000 66
183.648000 183.904000 61
183.904000 184.224000 68
184.320000 185.280000 67
185.696000 185.824000 68
185.824000 186.144000 70
186.144000 186.464000 73
186.624000 187.360000 68
187.552000 187.648000 68
187.648000 187.776000 70
187.904000 188.608000 66
189.120000 189.248000 61
189.344000 189.408000 67
189.408000 189.600000 70
189.728000 190.528000 73
190.528000 190.816000 66
190.912000 191.072000 66
191.168000 191.424000 70
191.520000 192.224000 73
192.224000 192.672000 66
192.928000 194.368000 67
195.104000 195.360000 69
195.360000 195.776000 68
195.776000 196.320000 65
196.448000 199.680000 66
200.256000 200.576000 63
200.768000 201.600000 66
202.048000 202.208000 63
202.208000 202.560000 65
202.560000 203.296000 68
203.904000 204.000000 63
204.000000 204.224000 66
204.384000 204.544000 68
204.672000 205.504000 70
205.696000 206.048000 71
206.176000 206.304000 70
206.432000 206.816000 68
206.816000 207.200000 66
207.552000 207.680000 62
207.680000 208.832000 66
209.376000 209.504000 63
209.504000 210.528000 66
210.752000 211.104000 61
211.200000 214.464000 73
214.848000 218.464000 74
218.944000 219.744000 67
220.352000 220.896000 69
221.024000 221.312000 66
221.440000 221.568000 66
221.568000 222.016000 69
222.112000 222.432000 71
222.592000 222.784000 74
222.784000 225.088000 69
225.184000 225.408000 69
225.408000 225.760000 67
225.760000 225.984000 71
226.112000 226.304000 71
226.400000 226.560000 71
226.656000 226.880000 71
226.976000 227.200000 69
227.296000 227.552000 67
227.552000 228.736000 71
228.832000 229.056000 69
229.216000 230.336000 69
230.624000 230.976000 64
230.976000 231.200000 67
231.200000 231.552000 71
231.648000 231.872000 74
231.872000 232.288000 67
232.384000 232.992000 69
233.536000 234.240000 67
234.592000 234.848000 62
234.848000 235.136000 69
235.264000 236.288000 68
236.640000 236.768000 69
236.768000 237.088000 71
237.088000 237.440000 74
237.568000 238.240000 69
238.464000 238.688000 71
238.848000 239.040000 69
239.136000 239.424000 66
239.424000 239.712000 63
239.840000 240.288000 62
240.320000 240.416000 69
240.416000 240.544000 71
240.544000 241.440000 74
241.440000 242.112000 67
242.112000 242.240000 69
242.240000 242.368000 71
242.368000 243.136000 74
243.136000 243.584000 67
243.872000 245.472000 69
246.080000 246.400000 70
246.400000 246.720000 69
246.720000 247.264000 66
247.584000 248.096000 66
248.096000 248.704000 67
248.704000 250.464000 70
250.880000 251.072000 62
251.168000 251.456000 70
251.584000 251.936000 74
252.064000 252.192000 72
252.192000 252.352000 74
252.448000 252.640000 67
252.736000 252.896000 67
253.024000 253.376000 71
253.376000 254.080000 74
254.080000 254.624000 67
254.816000 255.104000 67
255.104000 255.232000 69
255.232000 255.904000 71
255.904000 256.832000 69
258.464000 258.944000 70
259.072000 259.232000 69
259.232000 259.680000 67
259.680000 261.216000 62
261.920000 266.080000 67
