10.368000 10.944000 52
11.104000 11.232000 52
11.424000 11.584000 52
11.904000 12.416000 52
12.608000 13.312000 52
13.440000 14.464000 56
14.688000 14.848000 56
15.424000 15.680000 55
15.840000 16.000000 56
16.096000 16.256000 56
16.576000 17.056000 54
17.248000 17.344000 54
17.824000 18.016000 54
18.112000 18.464000 54
18.624000 18.720000 52
20.320000 20.480000 54
20.480000 20.704000 56
20.832000 20.928000 56
21.280000 21.472000 56
21.568000 21.952000 56
22.080000 22.176000 56
22.368000 22.752000 56
22.848000 22.944000 58
23.136000 23.712000 55
23.872000 24.800000 55
24.896000 25.248000 52
25.408000 25.632000 52
26.272000 26.944000 54
27.328000 27.456000 54
27.680000 28.224000 54
28.448000 28.608000 54
28.832000 29.056000 49
29.792000 30.112000 49
30.368000 31.232000 49
31.904000 32.192000 56
32.352000 32.512000 54
32.800000 33.344000 54
33.472000 33.760000 54
34.464000 34.496000 53
34.528000 34.592000 53
34.720000 34.848000 56
34.848000 35.264000 53
35.968000 36.128000 58
36.128000 36.256000 56
36.384000 36.544000 56
36.544000 37.184000 52
37.824000 38.304000 54
38.496000 38.720000 54
39.072000 39.232000 54
39.392000 39.840000 51
40.032000 40.224000 49
40.320000 40.640000 49
40.928000 41.056000 49
41.920000 42.048000 54
42.208000 42.336000 52
42.336000 42.496000 54
42.784000 43.584000 54
43.744000 44.000000 52
44.384000 44.544000 52
44.704000 45.312000 54
45.440000 45.568000 59
45.952000 46.048000 58
46.048000 46.720000 55
46.720000 47.104000 52
47.136000 47.360000 49
47.552000 47.680000 49
47.936000 48.448000 55
48.448000 48.576000 54
48.576000 48.928000 52
48.928000 49.280000 49
49.632000 49.824000 46
49.824000 50.464000 48
51.296000 52.032000 54
52.192000 52.384000 52
52.480000 52.960000 54
53.856000 54.496000 54
54.592000 55.328000 52
56.224000 56.320000 52
56.320000 56.864000 54
57.184000 57.568000 52
57.632000 57.984000 54
58.784000 59.424000 54
59.456000 59.488000 53
59.520000 60.192000 53
61.280000 61.408000 54
61.536000 61.632000 54
61.632000 62.112000 56
62.208000 63.040000 52
63.648000 63.776000 50
63.776000 64.288000 54
64.416000 64.544000 54
64.704000 65.216000 52
65.504000 66.080000 49
66.240000 66.400000 52
66.400000 66.624000 54
67.040000 67.104000 50
67.136000 67.584000 52
67.584000 67.936000 54
68.800000 69.472000 54
69.728000 69.856000 52
69.856000 70.240000 54
70.400000 70.880000 49
71.040000 71.264000 52
71.360000 71.648000 52
71.648000 73.024000 55
73.856000 74.528000 54
74.720000 74.848000 52
74.848000 75.200000 54
75.328000 75.808000 49
76.000000 76.640000 52
76.640000 77.888000 54
78.848000 80.192000 54
80.352000 80.896000 49
81.056000 81.632000 52
81.632000 82.976000 55
83.872000 84.736000 54
84.800000 85.216000 54
85.344000 85.792000 49
86.272000 86.720000 54
86.880000 87.040000 50
87.232000 87.520000 52
87.616000 87.904000 54
88.864000 89.472000 54
89.728000 89.856000 52
89.984000 90.368000 53
90.400000 90.656000 51
90.912000 91.264000 52
91.552000 91.936000 52
92.064000 92.992000 52
93.152000 93.312000 52
93.632000 93.792000 55
93.888000 94.208000 55
94.720000 94.848000 56
95.040000 95.328000 56
95.424000 95.680000 54
95.840000 95.936000 54
96.224000 97.280000 54
97.376000 97.728000 54
97.792000 98.304000 54
98.496000 98.592000 52
98.912000 99.072000 52
99.840000 100.128000 55
100.320000 101.056000 61
101.216000 101.280000 55
101.696000 101.920000 54
102.080000 102.720000 54
102.880000 103.296000 54
103.456000 104.096000 54
105.088000 105.280000 52
105.472000 105.664000 52
105.824000 105.920000 56
106.112000 106.240000 56
107.072000 107.168000 56
107.520000 107.744000 56
107.840000 108.288000 54
108.320000 108.832000 54
108.928000 109.152000 52
109.824000 110.144000 49
110.368000 111.232000 49
111.904000 112.000000 54
112.096000 112.544000 53
112.928000 113.344000 54
113.472000 113.792000 54
113.856000 113.920000 53
114.400000 114.720000 53
114.720000 115.232000 53
115.968000 116.128000 59
116.128000 116.256000 56
116.384000 116.512000 56
116.512000 117.120000 52
117.216000 117.440000 50
117.856000 118.304000 54
118.464000 118.720000 54
118.912000 119.200000 54
119.392000 119.584000 52
120.032000 120.128000 60
120.320000 120.608000 61
120.832000 121.088000 61
121.248000 121.440000 59
121.920000 122.048000 54
122.176000 122.496000 53
122.816000 123.584000 54
123.744000 124.000000 52
124.128000 124.256000 50
124.384000 124.608000 52
124.640000 124.832000 56
124.832000 125.312000 54
125.984000 126.048000 57
126.048000 126.656000 55
126.656000 127.040000 52
127.264000 127.360000 49
127.552000 127.680000 49
127.936000 128.448000 55
128.480000 128.544000 54
128.544000 128.928000 52
128.928000 129.248000 49
129.440000 129.664000 56
129.664000 130.304000 59
130.368000 130.432000 61
130.464000 130.560000 61
131.392000 132.064000 54
132.192000 132.960000 53
133.920000 134.464000 54
134.592000 135.296000 52
136.224000 136.320000 52
136.320000 136.864000 54
137.184000 137.984000 53
138.784000 140.160000 54
141.248000 141.408000 54
141.536000 141.632000 54
141.632000 142.112000 56
142.208000 142.912000 52
143.648000 143.776000 50
143.776000 144.288000 54
144.416000 144.512000 54
144.672000 145.216000 52
145.536000 145.728000 49
145.792000 146.112000 49
146.240000 146.688000 54
146.944000 147.040000 50
147.200000 147.584000 52
147.584000 147.904000 54
148.832000 149.472000 54
149.600000 149.856000 52
149.856000 150.144000 54
150.144000 150.816000 49
151.072000 151.264000 52
151.392000 151.616000 52
151.616000 152.416000 54
152.416000 153.024000 56
153.856000 154.528000 54
154.720000 155.232000 53
155.328000 155.808000 49
156.064000 156.608000 52
156.608000 158.112000 55
158.880000 159.520000 54
159.776000 160.224000 54
160.480000 160.832000 49
161.024000 161.632000 52
161.632000 162.912000 54
163.872000 164.416000 54
164.800000 165.152000 54
165.344000 166.048000 49
166.336000 166.720000 54
166.912000 167.104000 50
167.168000 167.456000 52
167.616000 167.872000 54
168.832000 168.896000 53
168.896000 169.600000 54
169.696000 169.856000 52
169.984000 170.368000 53
170.656000 171.264000 55
171.264000 171.488000 53
171.584000 171.904000 53
171.936000 172.160000 56
172.288000 172.768000 61
173.152000 173.824000 55
173.824000 174.624000 52
174.784000 175.200000 49
175.648000 176.096000 56
176.160000 176.576000 53
176.736000 177.120000 55
177.280000 177.408000 60
177.504000 177.696000 61
178.144000 178.560000 56
178.560000 178.976000 54
179.072000 179.232000 52
179.424000 179.520000 53
179.776000 180.320000 60
180.608000 180.800000 66
181.056000 181.664000 65
181.760000 182.080000 66
182.272000 182.752000 62
183.104000 183.296000 66
183.584000 183.936000 66
184.064000 184.512000 65
184.736000 185.248000 61
185.664000 186.016000 56
186.144000 186.304000 54
188.160000 188.768000 56
189.408000 189.536000 52
189.728000 190.240000 49
191.296000 192.064000 54
192.224000 192.800000 52
193.920000 194.464000 55
194.688000 195.296000 52
196.224000 196.864000 54
197.024000 197.920000 53
198.592000 198.912000 53
198.912000 199.392000 55
199.680000 200.160000 54
200.320000 200.704000 50
200.768000 200.928000 50
201.280000 201.408000 54
201.504000 201.696000 54
201.696000 202.112000 56
202.112000 202.848000 52
203.648000 203.776000 50
203.776000 204.288000 54
204.384000 205.216000 53
205.376000 206.048000 49
206.272000 206.656000 54
206.912000 207.264000 50
207.264000 207.872000 53
208.832000 209.312000 54
209.440000 209.824000 64
209.824000 210.144000 66
210.144000 210.912000 61
211.296000 211.424000 65
211.616000 212.320000 66
213.184000 213.312000 66
213.664000 214.176000 66
214.368000 215.296000 65
215.296000 215.616000 62
215.712000 216.000000 61
216.288000 216.352000 65
216.608000 216.992000 66
217.024000 217.344000 66
218.144000 218.336000 66
218.752000 219.136000 65
219.552000 219.936000 66
220.160000 220.640000 61
221.056000 221.408000 66
221.728000 222.080000 61
222.240000 222.336000 61
222.336000 222.720000 57
223.168000 223.328000 54
223.872000 224.512000 54
224.800000 225.120000 54
225.344000 225.728000 49
225.792000 225.856000 49
225.888000 226.080000 49
226.336000 226.592000 54
226.912000 227.104000 49
227.264000 227.360000 51
227.360000 227.872000 53
228.640000 228.736000 54
228.864000 229.312000 55
229.664000 229.920000 65
230.016000 230.240000 65
230.304000 230.976000 61
