22.816000 22.880000 59
22.880000 23.168000 63
23.168000 23.328000 60
23.456000 24.224000 63
24.224000 24.480000 60
24.608000 25.056000 61
25.568000 27.200000 60
27.328000 27.744000 60
28.352000 29.472000 59
29.568000 30.560000 58
30.720000 30.912000 59
31.072000 31.648000 59
31.680000 32.384000 60
32.480000 33.248000 59
33.824000 34.016000 63
34.016000 34.496000 61
34.496000 35.392000 62
35.520000 35.936000 61
36.544000 36.800000 60
36.896000 37.088000 59
37.088000 37.632000 61
37.792000 38.112000 59
38.240000 38.688000 60
39.264000 39.520000 59
39.648000 40.384000 59
40.512000 41.760000 58
41.952000 42.208000 59
42.304000 42.464000 58
42.560000 42.816000 59
42.912000 43.456000 60
43.872000 44.160000 57
44.352000 44.608000 57
44.608000 45.344000 60
45.344000 46.464000 64
46.464000 46.976000 61
47.072000 47.296000 62
47.424000 48.320000 62
48.704000 48.864000 56
48.928000 49.056000 57
49.440000 50.336000 60
50.816000 51.520000 60
51.520000 51.904000 57
52.032000 52.288000 59
52.768000 52.832000 60
52.832000 53.888000 64
53.888000 53.984000 62
53.984000 54.656000 59
54.656000 54.784000 56
54.784000 55.552000 57
55.552000 56.384000 60
56.448000 56.800000 64
56.800000 57.056000 68
57.152000 57.472000 62
57.536000 57.856000 62
57.984000 58.592000 62
58.688000 59.200000 61
59.296000 59.456000 65
59.616000 59.808000 62
59.840000 60.064000 60
60.064000 60.576000 58
60.736000 61.280000 60
61.376000 61.472000 60
61.728000 62.368000 60
62.368000 63.232000 57
63.776000 64.320000 64
64.448000 64.768000 64
64.928000 65.024000 61
65.152000 65.408000 57
65.504000 66.976000 57
76.128000 76.608000 62
77.472000 77.664000 63
77.664000 78.144000 61
78.144000 78.400000 64
78.400000 79.616000 61
80.128000 80.896000 60
80.896000 81.088000 62
81.184000 81.728000 59
81.824000 82.240000 59
82.976000 83.328000 58
83.424000 84.000000 59
84.128000 85.472000 58
85.600000 85.824000 59
85.952000 86.432000 58
86.560000 87.040000 60
87.200000 87.776000 59
88.384000 88.512000 63
88.512000 89.728000 62
89.728000 90.464000 60
91.072000 91.456000 60
91.552000 92.096000 62
92.096000 93.056000 60
93.760000 94.240000 59
94.336000 94.912000 60
95.008000 95.968000 57
96.096000 96.352000 59
96.448000 97.088000 59
97.184000 97.920000 59
98.432000 98.752000 57
98.880000 99.168000 57
99.168000 99.456000 60
99.552000 99.808000 60
99.904000 100.480000 64
100.480000 100.704000 68
100.704000 102.176000 62
102.272000 102.784000 62
103.264000 103.712000 57
104.032000 104.896000 60
105.376000 105.920000 60
105.920000 106.432000 58
106.592000 106.912000 59
107.264000 107.392000 61
107.392000 108.320000 64
108.320000 108.480000 61
108.480000 110.944000 59
110.944000 111.392000 64
111.392000 111.648000 69
111.744000 112.032000 61
112.096000 112.416000 62
112.512000 113.728000 62
113.824000 114.016000 65
114.432000 114.592000 60
114.592000 114.784000 58
114.912000 115.104000 60
115.296000 115.840000 60
116.288000 116.384000 60
116.512000 116.832000 60
116.832000 117.184000 58
117.216000 117.504000 57
117.536000 117.792000 59
118.272000 119.712000 64
119.840000 119.968000 64
119.968000 120.192000 67
120.320000 120.928000 71
121.088000 122.080000 67
122.240000 122.496000 67
122.592000 122.752000 69
122.752000 123.008000 72
123.104000 123.584000 72
123.776000 124.160000 67
124.320000 124.512000 60
124.512000 124.832000 63
124.832000 125.536000 68
125.536000 126.720000 72
126.816000 127.360000 67
127.456000 127.616000 62
127.744000 128.192000 60
128.320000 128.800000 61
128.896000 129.120000 62
129.248000 129.632000 62
129.664000 129.728000 60
129.856000 130.272000 61
131.296000 131.488000 70
131.488000 131.904000 72
131.904000 132.352000 67
132.672000 132.768000 63
133.280000 133.472000 67
133.472000 133.568000 68
133.568000 133.888000 72
133.984000 134.496000 73
134.688000 135.072000 67
135.200000 135.328000 62
135.424000 135.616000 61
135.712000 135.776000 62
135.776000 135.872000 65
135.872000 136.288000 68
136.384000 137.344000 71
137.568000 137.952000 67
138.048000 138.784000 71
139.232000 139.712000 62
139.808000 140.096000 73
140.192000 140.416000 72
140.416000 140.672000 69
140.768000 141.408000 67
141.504000 141.664000 65
142.048000 142.368000 57
142.496000 142.816000 57
142.816000 143.072000 60
143.168000 143.456000 60
143.552000 144.128000 64
144.128000 144.416000 69
144.416000 144.704000 62
144.864000 145.312000 62
145.536000 145.728000 62
146.080000 146.240000 60
146.240000 146.432000 62
146.624000 146.816000 56
146.976000 147.136000 58
147.296000 147.328000 59
147.680000 148.544000 60
149.024000 149.472000 60
149.600000 150.080000 58
150.208000 150.528000 59
151.008000 151.104000 63
151.104000 152.160000 64
152.288000 152.832000 59
152.928000 153.056000 57
153.216000 153.696000 57
153.696000 154.464000 60
154.592000 155.008000 64
155.008000 155.200000 68
155.360000 155.584000 62
155.808000 156.032000 62
156.160000 156.320000 61
156.480000 157.600000 62
157.760000 157.952000 62
158.080000 158.272000 60
158.272000 158.496000 57
158.912000 159.456000 60
159.872000 160.544000 60
160.544000 161.568000 57
161.888000 163.136000 64
163.296000 163.968000 57
164.032000 164.416000 56
164.640000 164.704000 58
164.704000 165.504000 60
165.536000 165.920000 64
165.920000 166.144000 69
166.240000 166.592000 62
166.656000 166.912000 62
166.912000 167.072000 59
167.200000 167.328000 59
167.392000 167.648000 62
167.808000 168.544000 62
168.576000 168.832000 62
168.992000 169.120000 60
169.120000 169.376000 57
169.504000 169.728000 59
169.728000 169.952000 61
170.080000 170.368000 60
170.816000 170.976000 58
170.976000 171.424000 60
171.424000 172.320000 57
172.800000 173.440000 64
173.568000 174.080000 64
174.080000 174.240000 65
174.240000 174.496000 71
174.624000 174.688000 69
174.688000 175.136000 71
175.136000 178.336000 69
178.336000 178.752000 64
178.880000 182.816000 69
183.072000 183.680000 69
183.680000 184.224000 64
184.384000 184.928000 69
184.928000 185.120000 72
185.312000 188.512000 69
188.928000 189.056000 70
189.184000 189.376000 73
189.472000 189.632000 74
189.632000 190.112000 72
190.112000 192.640000 69
193.120000 193.376000 73
193.440000 193.792000 69
194.528000 194.624000 64
194.720000 194.880000 69
194.944000 195.136000 69
197.824000 198.208000 64
200.384000 200.480000 62
200.608000 200.704000 62
