32.736000 32.928000 46
32.928000 33.056000 48
33.216000 33.440000 54
33.536000 33.824000 50
33.824000 34.080000 55
34.208000 34.400000 49
34.400000 34.688000 54
34.784000 34.976000 49
35.136000 35.872000 57
37.888000 38.016000 48
38.016000 38.080000 50
38.080000 38.304000 54
38.304000 38.560000 49
38.656000 38.848000 55
38.848000 39.328000 50
39.328000 39.488000 54
39.488000 39.712000 50
39.904000 40.544000 57
41.152000 41.280000 64
41.280000 41.440000 58
41.440000 41.632000 57
41.632000 42.080000 55
42.080000 42.304000 59
42.496000 42.912000 52
44.032000 44.512000 54
44.640000 44.896000 57
44.896000 45.312000 49
46.208000 46.400000 46
46.400000 46.784000 55
46.880000 47.168000 50
47.168000 47.328000 54
47.456000 47.712000 56
47.712000 47.904000 59
47.904000 48.352000 54
48.352000 49.152000 56
49.344000 50.976000 57
52.896000 52.992000 49
53.120000 53.184000 51
53.184000 53.344000 54
53.344000 54.368000 50
54.368000 54.560000 54
54.720000 55.008000 50
55.008000 55.776000 57
57.792000 58.048000 59
58.048000 58.272000 62
58.272000 58.560000 59
58.656000 58.944000 61
58.944000 59.200000 59
59.328000 59.616000 57
59.616000 59.872000 59
60.032000 60.704000 62
60.992000 61.120000 67
61.184000 61.760000 62
61.888000 62.080000 59
62.208000 62.464000 52
62.464000 63.008000 55
63.552000 64.448000 59
64.704000 64.864000 62
64.864000 65.504000 54
66.752000 66.976000 62
67.136000 67.552000 55
67.552000 67.968000 58
68.064000 68.320000 55
68.320000 69.088000 57
69.088000 69.152000 55
69.312000 69.536000 59
69.536000 69.632000 55
69.792000 70.944000 57
72.640000 73.024000 54
73.120000 73.536000 55
73.696000 74.144000 55
74.304000 74.464000 57
74.464000 74.656000 59
74.912000 75.968000 54
76.128000 76.640000 54
76.736000 77.152000 58
77.408000 77.728000 51
78.016000 78.368000 51
78.368000 79.424000 59
79.552000 79.840000 54
79.840000 80.192000 58
80.576000 80.736000 49
80.736000 81.216000 56
81.376000 81.568000 59
81.728000 81.920000 57
81.920000 84.160000 55
84.160000 84.704000 60
84.864000 85.152000 53
85.792000 85.952000 59
86.048000 86.272000 60
86.400000 86.592000 59
86.592000 86.912000 57
87.008000 87.232000 55
87.360000 88.128000 55
88.672000 88.992000 52
89.216000 90.624000 62
91.040000 91.296000 58
91.424000 91.968000 60
92.128000 92.352000 62
92.480000 93.280000 59
93.664000 93.792000 48
93.792000 93.952000 58
94.112000 94.400000 60
94.400000 94.912000 62
95.040000 95.776000 59
96.224000 96.320000 54
96.320000 96.480000 59
96.576000 96.896000 60
96.896000 97.408000 62
97.536000 97.984000 59
98.080000 98.368000 57
98.464000 99.136000 54
99.136000 99.328000 56
99.328000 100.448000 62
101.088000 101.440000 58
101.568000 101.824000 60
101.824000 102.080000 62
102.176000 102.464000 62
102.464000 103.296000 55
103.616000 103.680000 51
103.680000 103.936000 54
103.936000 104.160000 57
104.256000 104.448000 59
104.544000 104.832000 55
104.832000 105.696000 62
106.144000 106.304000 53
106.304000 106.592000 57
106.720000 106.944000 59
107.008000 107.360000 55
107.360000 107.840000 57
107.968000 108.256000 54
108.256000 110.528000 57
111.040000 111.232000 55
111.232000 111.456000 59
111.456000 112.032000 61
112.128000 112.352000 64
112.352000 113.344000 59
113.824000 114.240000 60
114.368000 114.912000 62
115.104000 115.872000 66
116.192000 116.416000 61
116.544000 117.024000 65
117.152000 117.440000 62
117.440000 119.520000 66
119.648000 119.968000 65
119.968000 120.704000 62
121.184000 121.376000 64
121.376000 121.696000 62
121.824000 122.016000 59
122.016000 122.048000 56
122.048000 122.368000 51
122.368000 123.168000 55
123.680000 124.160000 60
124.288000 124.896000 59
124.896000 125.760000 55
126.432000 126.496000 59
126.496000 126.688000 61
126.816000 127.008000 59
127.008000 127.264000 55
127.424000 127.616000 57
127.712000 127.872000 59
128.032000 128.224000 55
128.384000 128.832000 57
129.024000 129.312000 55
129.312000 130.176000 62
130.400000 130.880000 58
131.040000 131.360000 57
132.512000 132.768000 52
132.864000 134.432000 55
142.528000 142.656000 52
142.656000 142.944000 55
143.104000 143.936000 54
143.936000 144.480000 55
144.480000 144.672000 59
145.024000 145.952000 54
146.176000 146.432000 53
146.432000 146.752000 54
146.752000 147.232000 57
147.232000 147.328000 54
147.424000 147.680000 51
148.128000 148.320000 48
148.320000 148.352000 51
148.352000 148.384000 54
148.384000 149.472000 59
149.472000 149.792000 55
149.920000 150.208000 58
150.528000 150.656000 49
150.816000 151.616000 57
151.712000 153.888000 55
154.272000 154.624000 61
154.624000 155.360000 54
155.360000 155.616000 49
155.776000 155.936000 59
156.064000 156.288000 60
156.288000 156.608000 59
156.608000 158.112000 55
158.592000 158.656000 49
158.656000 158.976000 51
159.200000 160.640000 62
160.992000 161.088000 63
161.088000 161.248000 58
161.376000 161.664000 60
161.664000 162.304000 62
162.432000 163.296000 59
163.776000 163.840000 57
164.000000 164.288000 60
164.288000 164.832000 63
164.960000 165.728000 59
166.016000 166.208000 57
166.208000 166.368000 59
166.464000 166.752000 60
166.752000 167.296000 62
167.424000 167.872000 59
168.000000 168.288000 57
168.352000 168.960000 55
169.248000 169.344000 52
169.344000 170.528000 62
171.008000 171.136000 56
171.136000 171.296000 58
171.424000 171.712000 60
171.712000 171.968000 62
172.128000 172.320000 64
172.320000 173.088000 54
173.568000 173.632000 50
173.632000 173.888000 54
173.888000 174.048000 57
174.144000 174.368000 59
174.496000 174.848000 55
174.848000 175.616000 62
176.032000 176.352000 54
176.352000 176.544000 57
176.672000 176.896000 59
177.024000 177.280000 55
177.280000 177.760000 57
177.888000 178.208000 55
178.208000 180.512000 57
180.928000 181.088000 55
181.088000 181.184000 56
181.184000 181.408000 59
181.408000 181.760000 60
181.760000 182.368000 62
182.464000 183.200000 59
183.648000 183.904000 58
184.000000 184.192000 60
184.288000 184.864000 62
185.088000 185.856000 66
186.208000 186.432000 62
186.528000 187.008000 65
187.168000 187.392000 62
187.392000 189.472000 66
189.632000 190.272000 65
190.272000 190.784000 62
191.168000 191.360000 64
191.360000 191.680000 62
191.680000 191.968000 59
191.968000 192.992000 55
193.376000 193.440000 53
193.632000 194.144000 60
194.272000 194.912000 59
194.912000 195.840000 55
196.352000 196.480000 59
196.480000 196.608000 61
196.736000 196.960000 59
196.960000 197.248000 55
197.344000 197.632000 57
197.632000 197.824000 59
197.984000 198.144000 55
198.272000 198.432000 57
198.560000 198.784000 59
198.784000 199.072000 54
199.232000 200.096000 57
200.192000 200.352000 59
200.448000 200.576000 57
200.576000 200.960000 59
200.960000 201.664000 55
201.792000 201.888000 53
201.984000 204.128000 55
209.600000 209.664000 52
209.664000 209.728000 53
209.728000 209.792000 55
209.792000 209.888000 56
209.888000 210.176000 59
210.176000 210.496000 62
210.496000 211.040000 65
211.040000 211.904000 62
217.984000 218.176000 50
218.176000 218.400000 58
218.528000 218.848000 59
218.848000 219.104000 62
219.200000 219.520000 63
219.520000 220.480000 59
220.704000 220.800000 56
220.800000 221.024000 58
221.152000 221.472000 60
221.472000 222.112000 62
222.112000 223.584000 59
223.680000 224.000000 60
224.000000 224.480000 62
224.640000 225.120000 59
225.248000 225.568000 57
225.568000 226.112000 55
226.432000 226.496000 56
226.496000 227.648000 62
227.648000 227.712000 55
228.128000 228.192000 51
228.192000 228.320000 55
228.320000 228.480000 59
228.640000 228.896000 60
228.896000 229.120000 62
229.216000 229.536000 63
229.536000 230.304000 55
230.720000 230.848000 51
230.848000 231.072000 54
231.072000 231.264000 57
231.360000 231.552000 59
231.744000 232.256000 55
232.256000 232.864000 62
233.248000 233.536000 54
233.536000 233.728000 57
233.856000 234.080000 59
234.176000 234.496000 54
234.496000 234.976000 57
235.136000 236.448000 56
236.448000 236.800000 65
236.800000 237.824000 62
238.048000 238.272000 56
238.272000 238.752000 60
238.752000 239.008000 62
239.104000 239.360000 64
239.360000 240.192000 59
240.704000 240.768000 56
240.768000 241.184000 59
241.280000 241.600000 62
241.600000 242.048000 64
242.272000 243.040000 66
243.040000 243.296000 60
243.424000 243.904000 65
244.032000 244.384000 62
244.384000 244.672000 66
244.864000 245.184000 67
245.184000 246.464000 66
246.592000 246.912000 65
246.912000 247.776000 62
248.160000 248.672000 62
248.768000 249.024000 58
249.024000 249.344000 51
249.440000 249.920000 54
250.592000 251.744000 60
251.744000 252.992000 55
253.280000 253.408000 59
253.408000 253.568000 62
253.696000 253.920000 59
254.016000 254.144000 55
254.304000 254.528000 57
254.624000 254.784000 59
254.944000 255.040000 55
255.200000 255.392000 57
255.488000 255.744000 59
255.744000 256.064000 54
256.256000 256.544000 58
256.672000 257.056000 57
257.504000 258.432000 55
259.104000 260.864000 55
263.328000 263.552000 62
263.552000 263.872000 59
263.872000 264.192000 55
264.416000 264.608000 56
264.608000 264.800000 59
264.992000 265.120000 54
265.280000 265.536000 57
265.536000 265.792000 59
265.888000 266.112000 55
266.240000 267.488000 62
267.776000 269.280000 55
271.264000 271.680000 56
271.904000 273.696000 55
273.728000 273.952000 56
