10.016000 10.304000 57
10.496000 12.736000 64
12.736000 15.616000 61
17.536000 17.952000 60
18.272000 18.464000 63
19.104000 19.936000 60
21.248000 21.536000 57
21.664000 21.920000 60
22.720000 22.816000 50
23.008000 23.200000 49
25.984000 26.240000 59
26.240000 28.000000 67
28.000000 30.048000 64
33.120000 34.176000 57
34.720000 35.008000 52
35.008000 35.136000 53
35.136000 35.648000 56
36.224000 37.280000 57
37.536000 37.920000 52
37.920000 38.112000 56
38.208000 39.072000 56
39.264000 39.552000 56
39.744000 40.704000 54
42.784000 43.136000 52
43.232000 43.616000 57
44.032000 44.256000 53
44.256000 44.608000 58
44.608000 44.896000 56
45.056000 45.344000 57
45.600000 45.856000 52
46.048000 46.720000 56
47.200000 47.552000 57
47.744000 48.960000 54
50.208000 50.944000 61
51.232000 51.648000 57
51.648000 53.440000 52
54.016000 54.176000 52
54.176000 54.944000 59
55.040000 55.360000 58
55.520000 56.864000 57
57.760000 57.888000 54
57.888000 58.208000 57
58.208000 58.496000 62
58.720000 59.136000 61
59.136000 59.840000 57
60.032000 60.320000 53
60.800000 61.152000 55
61.568000 62.080000 54
62.240000 62.624000 61
62.720000 63.040000 62
63.200000 63.552000 61
63.712000 63.904000 57
64.032000 64.288000 57
64.480000 65.568000 59
66.176000 67.520000 62
67.680000 69.536000 62
69.728000 69.952000 57
69.952000 70.496000 59
70.496000 73.120000 64
74.208000 74.656000 63
74.656000 75.488000 62
75.712000 76.160000 61
76.320000 76.512000 64
76.704000 77.344000 64
77.536000 78.656000 67
78.656000 81.344000 64
82.176000 82.240000 58
82.240000 82.496000 63
82.656000 83.552000 62
83.680000 84.000000 61
84.000000 84.480000 62
84.480000 85.760000 69
85.920000 86.048000 69
86.208000 87.040000 68
87.168000 87.584000 68
87.680000 89.568000 66
90.304000 91.840000 62
92.064000 92.352000 61
92.480000 93.536000 57
93.984000 94.080000 58
94.240000 94.304000 58
94.304000 95.040000 61
95.136000 97.344000 59
97.344000 98.848000 57
114.752000 115.104000 52
115.200000 115.584000 57
116.000000 116.096000 62
116.224000 116.480000 58
116.672000 116.928000 56
117.024000 117.216000 57
117.696000 117.824000 52
118.016000 119.040000 56
119.232000 120.672000 54
122.752000 123.040000 52
123.232000 123.584000 57
123.968000 124.096000 51
124.096000 124.160000 52
124.160000 124.480000 58
124.608000 124.896000 56
124.992000 125.216000 57
125.472000 125.920000 52
126.016000 126.112000 57
126.272000 126.720000 56
127.232000 127.488000 57
127.712000 128.704000 54
130.176000 130.944000 61
131.232000 131.584000 57
131.712000 133.280000 52
134.016000 134.176000 53
134.176000 134.688000 59
134.688000 134.944000 61
134.944000 135.392000 58
135.520000 137.088000 57
137.696000 137.760000 52
137.760000 137.920000 54
137.920000 138.208000 57
138.208000 138.496000 62
138.720000 139.136000 61
139.136000 139.872000 57
140.032000 140.288000 53
140.960000 141.216000 58
141.536000 142.112000 54
142.240000 143.072000 61
143.168000 143.520000 61
143.744000 143.872000 56
144.032000 144.288000 57
144.512000 145.632000 59
146.208000 146.528000 63
146.528000 147.520000 62
147.744000 147.840000 61
147.872000 147.936000 61
147.968000 148.864000 62
148.960000 149.216000 62
149.312000 149.472000 61
149.664000 150.432000 59
150.560000 153.184000 64
154.208000 155.040000 62
155.136000 155.264000 62
155.264000 155.456000 64
155.712000 156.160000 61
156.288000 156.512000 64
156.704000 156.960000 64
157.056000 157.376000 64
157.536000 158.560000 68
158.688000 161.248000 64
162.208000 162.272000 61
162.272000 162.464000 64
162.656000 163.584000 62
163.680000 164.352000 61
164.480000 165.664000 69
165.952000 166.080000 69
166.240000 166.368000 67
166.368000 167.680000 68
167.680000 169.600000 66
170.304000 171.840000 62
172.064000 172.128000 59
172.128000 172.288000 61
172.288000 172.384000 64
172.608000 173.504000 57
173.984000 174.112000 50
174.208000 175.040000 61
175.200000 175.360000 60
175.360000 175.616000 61
175.616000 178.400000 59
178.400000 179.904000 57
181.856000 182.464000 59
182.688000 183.424000 60
183.552000 183.904000 60
184.000000 185.344000 62
185.696000 186.016000 61
186.016000 186.656000 63
186.752000 187.104000 57
187.104000 189.792000 59
190.560000 190.688000 58
190.752000 190.816000 56
190.816000 191.136000 60
191.232000 191.872000 60
191.872000 192.800000 63
193.024000 193.472000 62
193.984000 194.400000 50
194.624000 194.880000 64
195.008000 197.888000 64
197.888000 200.096000 68
200.096000 200.704000 66
200.704000 201.856000 61
201.856000 203.360000 56
203.456000 203.872000 53
203.872000 204.320000 52
204.320000 204.928000 49
206.208000 206.560000 63
206.560000 207.520000 62
207.712000 208.064000 61
208.320000 208.608000 64
208.704000 209.536000 61
209.696000 210.272000 59
210.368000 213.280000 64
214.208000 214.720000 62
214.720000 215.360000 61
215.360000 215.520000 64
215.712000 216.128000 61
216.320000 216.512000 64
216.704000 216.928000 64
217.024000 217.344000 64
217.504000 218.400000 68
218.400000 221.024000 64
222.208000 222.528000 64
222.720000 223.552000 62
223.712000 224.000000 61
224.000000 224.544000 62
224.544000 226.656000 69
226.752000 229.376000 69
230.304000 231.840000 62
232.032000 232.320000 61
232.480000 233.440000 57
234.176000 234.240000 58
234.240000 237.792000 60
237.792000 239.488000 57
239.488000 239.712000 53
239.712000 239.808000 52
241.440000 241.856000 59
242.016000 242.752000 59
243.968000 244.480000 52
244.640000 246.208000 57
246.336000 246.464000 56
246.560000 246.688000 57
248.544000 248.896000 59
249.056000 249.696000 57
251.328000 253.376000 64
253.760000 253.920000 61
254.208000 254.432000 62
254.688000 255.200000 61
261.568000 261.984000 61
262.240000 262.464000 63
262.720000 263.232000 62
263.360000 263.936000 61
269.184000 269.664000 58
269.888000 269.920000 59
270.208000 270.400000 62
270.848000 270.976000 52
271.104000 271.200000 52
271.904000 272.192000 49
