14.720000 14.880000 57
14.880000 15.392000 62
15.392000 16.672000 65
17.248000 17.888000 62
17.888000 19.616000 65
21.152000 23.264000 63
23.424000 23.488000 61
23.488000 24.352000 60
24.352000 25.056000 62
28.768000 28.832000 60
28.832000 28.928000 62
29.024000 30.144000 65
30.912000 31.232000 63
31.328000 33.184000 65
34.432000 37.440000 63
37.568000 37.664000 61
37.664000 37.984000 59
38.208000 39.360000 60
41.344000 41.440000 57
41.568000 43.232000 65
43.328000 44.576000 65
44.704000 44.832000 58
44.832000 44.896000 62
44.896000 45.184000 67
45.280000 45.600000 67
45.600000 45.824000 63
47.040000 47.968000 60
48.608000 51.200000 62
51.200000 51.840000 58
51.840000 53.696000 60
54.400000 54.464000 65
54.464000 54.560000 66
54.560000 55.200000 69
55.264000 59.168000 70
59.200000 60.128000 65
62.304000 64.960000 70
65.056000 66.112000 69
66.112000 67.136000 66
68.864000 69.024000 68
69.024000 73.088000 70
73.088000 74.368000 65
75.520000 75.776000 58
75.776000 77.056000 63
77.216000 78.272000 61
78.368000 80.000000 60
82.400000 82.592000 56
82.592000 82.624000 57
82.624000 82.752000 60
82.752000 85.056000 63
85.056000 87.456000 60
93.696000 93.888000 62
93.888000 94.272000 65
94.304000 95.168000 65
95.808000 97.632000 65
97.728000 97.952000 65
97.952000 98.080000 63
98.080000 98.240000 60
99.648000 99.904000 62
99.904000 102.208000 63
102.208000 103.584000 61
107.136000 107.264000 54
107.360000 108.928000 65
109.504000 109.568000 61
109.568000 110.112000 63
110.112000 111.744000 65
112.480000 114.016000 63
114.464000 114.944000 63
115.072000 115.936000 63
116.000000 116.192000 62
116.192000 116.320000 63
116.320000 117.120000 65
117.120000 118.336000 60
120.256000 120.384000 63
120.384000 121.728000 65
121.728000 122.016000 62
122.176000 122.496000 65
122.496000 122.656000 63
122.752000 123.232000 65
123.392000 123.552000 65
123.552000 124.000000 67
124.000000 124.288000 63
125.536000 126.432000 60
127.392000 130.176000 63
130.240000 131.264000 60
133.024000 133.728000 67
133.728000 133.888000 74
133.888000 136.256000 70
136.256000 137.568000 69
137.568000 138.784000 65
140.896000 143.552000 70
143.648000 144.704000 69
144.704000 145.792000 66
147.488000 148.736000 70
148.832000 149.504000 70
149.600000 151.712000 70
151.712000 152.864000 65
154.144000 154.400000 59
154.400000 155.712000 63
155.808000 156.800000 61
156.896000 157.056000 61
157.056000 158.368000 60
158.368000 158.656000 62
161.024000 161.184000 58
161.184000 161.248000 59
161.248000 161.376000 61
161.376000 163.616000 63
163.616000 163.712000 58
163.712000 166.048000 60
169.760000 169.888000 71
179.904000 180.000000 74
191.744000 192.000000 58
192.000000 192.128000 63
192.128000 193.408000 66
193.408000 193.760000 62
193.888000 194.688000 66
194.688000 195.040000 68
195.136000 195.616000 72
195.616000 196.640000 68
196.960000 197.056000 66
197.440000 198.592000 61
199.584000 199.808000 66
199.808000 200.192000 69
200.224000 201.280000 74
201.312000 201.664000 71
201.760000 201.952000 68
202.048000 202.112000 70
202.112000 202.784000 72
202.784000 203.360000 66
203.360000 203.488000 64
203.584000 203.712000 63
204.736000 204.800000 63
204.800000 204.896000 65
204.896000 205.184000 68
205.184000 207.680000 71
207.808000 209.184000 70
209.184000 210.752000 66
212.608000 215.232000 71
215.392000 215.552000 69
215.552000 216.480000 70
216.480000 217.472000 67
219.488000 223.680000 71
223.680000 223.776000 68
223.872000 224.800000 66
225.984000 227.424000 64
227.488000 228.800000 62
228.800000 230.560000 61
232.704000 232.896000 59
232.896000 233.152000 62
233.152000 235.520000 64
235.520000 236.704000 61
237.888000 238.048000 63
238.240000 240.000000 59
