25.856000 25.952000 56
26.400000 27.744000 59
28.288000 28.384000 55
28.544000 28.864000 58
28.864000 29.696000 60
29.792000 30.272000 59
30.720000 30.816000 56
31.040000 31.200000 57
31.360000 31.808000 60
31.936000 32.224000 57
32.224000 32.512000 60
32.608000 32.768000 56
32.864000 33.088000 60
33.184000 33.376000 57
33.536000 33.760000 60
33.760000 33.984000 62
34.144000 35.072000 60
36.032000 36.512000 59
36.608000 36.768000 60
36.896000 37.184000 58
37.184000 37.632000 61
38.144000 38.624000 57
38.752000 38.944000 62
39.040000 39.168000 62
39.680000 39.808000 60
39.968000 40.064000 60
40.608000 40.896000 57
41.248000 41.344000 61
41.344000 41.760000 62
42.144000 42.432000 60
42.624000 42.784000 57
42.784000 42.912000 60
43.104000 43.488000 58
43.648000 43.840000 62
44.032000 45.024000 60
45.568000 45.664000 60
45.856000 46.528000 60
46.784000 47.072000 60
47.392000 47.616000 59
47.744000 48.224000 58
48.320000 49.152000 59
49.568000 49.824000 54
49.920000 50.176000 60
50.528000 51.104000 60
51.392000 52.000000 60
52.384000 52.544000 60
52.544000 52.640000 59
52.640000 53.024000 58
53.024000 55.104000 55
55.456000 55.520000 56
55.776000 56.896000 60
57.024000 57.280000 55
57.280000 59.360000 59
59.520000 59.840000 64
60.064000 61.632000 64
61.952000 62.112000 62
62.272000 63.648000 65
63.840000 64.128000 62
64.224000 64.352000 60
64.448000 64.960000 60
65.664000 66.176000 60
66.336000 67.360000 63
67.360000 67.456000 64
67.456000 67.968000 66
68.192000 68.640000 64
68.736000 69.760000 62
70.400000 70.656000 55
70.656000 70.720000 58
70.720000 70.912000 60
70.912000 71.936000 62
71.936000 73.568000 66
73.728000 74.080000 67
74.080000 74.176000 72
74.336000 74.816000 63
74.944000 75.392000 60
75.616000 76.320000 59
76.320000 76.704000 62
76.800000 76.928000 62
76.928000 77.376000 64
77.376000 77.824000 60
78.048000 78.272000 67
78.400000 78.592000 59
78.592000 78.784000 56
78.976000 79.840000 60
80.544000 80.832000 60
80.832000 81.024000 57
81.120000 81.664000 62
81.760000 83.168000 64
83.328000 83.840000 63
83.840000 84.064000 60
84.192000 84.672000 60
85.472000 85.952000 61
86.144000 86.624000 63
86.720000 86.784000 62
86.784000 87.008000 63
87.008000 87.744000 65
87.936000 88.160000 67
88.160000 88.416000 64
88.576000 89.536000 62
90.496000 90.560000 58
90.560000 90.912000 61
91.072000 91.552000 62
91.648000 91.968000 63
91.968000 93.248000 67
93.696000 93.824000 66
93.824000 93.920000 63
94.304000 94.560000 64
94.720000 95.104000 60
95.392000 95.584000 60
95.584000 95.840000 57
95.968000 96.448000 61
96.640000 97.216000 64
97.216000 97.600000 60
97.888000 98.080000 55
98.496000 98.688000 55
98.784000 98.944000 59
99.104000 99.648000 60
100.352000 100.512000 60
100.512000 100.992000 57
100.992000 101.376000 62
101.568000 103.104000 64
103.360000 103.552000 62
103.680000 104.320000 60
104.640000 106.816000 60
107.104000 108.640000 58
108.736000 108.832000 55
108.992000 109.056000 56
109.056000 110.464000 59
114.048000 114.240000 60
114.240000 114.592000 62
114.624000 114.656000 59
114.720000 114.784000 63
114.816000 114.848000 60
115.168000 115.456000 64
115.456000 115.648000 60
115.712000 115.744000 63
115.808000 116.000000 63
116.064000 116.288000 63
116.288000 116.544000 60
116.608000 117.120000 60
117.280000 117.952000 59
117.952000 118.784000 57
119.008000 119.104000 57
119.232000 119.552000 59
119.840000 119.904000 60
119.968000 120.384000 60
125.120000 125.504000 58
125.664000 125.856000 60
126.016000 126.272000 58
126.272000 126.720000 60
127.200000 127.648000 57
128.160000 128.448000 60
128.736000 129.216000 60
129.696000 130.240000 57
130.336000 130.816000 60
130.816000 131.488000 58
131.616000 131.872000 58
131.872000 131.968000 60
132.160000 132.416000 57
132.512000 132.768000 59
132.768000 132.992000 61
133.088000 133.632000 62
133.760000 133.984000 60
133.984000 134.176000 62
134.176000 134.336000 64
134.336000 134.976000 67
134.976000 136.736000 60
136.896000 137.024000 58
137.184000 137.312000 60
137.408000 137.824000 60
137.984000 138.208000 60
138.368000 138.880000 60
139.008000 139.136000 59
139.296000 139.872000 67
139.872000 140.064000 60
140.064000 140.480000 64
140.480000 143.552000 59
143.648000 144.160000 55
144.256000 144.704000 67
144.864000 146.048000 60
146.144000 146.400000 55
146.400000 147.616000 59
147.712000 147.744000 59
148.032000 148.064000 60
148.224000 148.384000 62
148.576000 148.960000 64
149.184000 150.688000 64
151.040000 151.200000 62
151.360000 152.736000 65
152.896000 153.984000 60
154.784000 155.296000 60
155.360000 155.456000 59
155.456000 156.896000 64
156.896000 157.024000 66
157.184000 157.472000 66
157.472000 157.728000 65
157.824000 158.880000 62
159.488000 159.648000 55
159.648000 159.712000 56
159.712000 159.744000 57
159.744000 160.192000 60
160.288000 161.024000 62
161.024000 161.312000 64
161.312000 162.592000 66
162.816000 163.008000 67
163.424000 163.840000 63
164.000000 164.448000 60
164.704000 165.376000 58
165.376000 165.792000 62
165.888000 166.464000 63
166.464000 166.880000 60
167.136000 167.328000 67
167.488000 167.584000 60
167.584000 167.840000 57
168.064000 168.992000 60
169.632000 169.888000 59
169.888000 170.176000 57
170.176000 170.720000 62
170.816000 172.256000 64
172.384000 173.024000 63
173.024000 173.760000 60
174.560000 174.880000 60
174.880000 175.040000 62
175.200000 176.096000 63
176.096000 176.800000 65
177.024000 177.536000 65
177.632000 178.176000 63
178.272000 178.752000 62
179.488000 179.616000 59
179.616000 180.000000 61
180.096000 180.160000 59
180.160000 180.608000 62
180.672000 180.768000 62
180.768000 181.024000 63
181.024000 181.312000 64
181.312000 182.400000 67
182.784000 182.944000 66
182.944000 183.040000 61
183.200000 183.680000 63
183.776000 184.128000 60
184.480000 184.704000 59
184.704000 184.928000 57
185.056000 185.536000 62
185.696000 186.304000 64
186.304000 186.656000 60
186.912000 187.168000 67
187.616000 187.744000 57
187.872000 188.032000 59
188.160000 188.704000 60
189.408000 189.600000 60
189.600000 190.080000 57
190.080000 190.432000 62
190.624000 191.456000 64
191.552000 192.128000 64
192.448000 192.608000 62
192.768000 193.344000 60
193.728000 193.920000 59
193.920000 194.944000 60
194.944000 196.000000 65
196.000000 197.280000 59
197.696000 197.984000 55
198.080000 198.400000 63
198.400000 199.904000 60
199.904000 200.384000 67
200.480000 202.272000 62
202.368000 202.944000 61
203.040000 203.616000 60
203.712000 203.776000 60
203.776000 203.840000 63
204.000000 204.192000 60
204.192000 204.384000 63
204.384000 204.736000 60
204.928000 204.960000 64
205.024000 205.184000 66
205.280000 205.376000 65
205.376000 206.080000 63
206.080000 206.208000 60
206.272000 206.528000 61
206.528000 206.688000 59
206.912000 207.328000 59
207.456000 207.808000 66
208.160000 208.192000 57
208.352000 208.512000 59
208.896000 209.632000 60
209.760000 209.920000 63
209.920000 210.080000 64
210.080000 210.432000 68
210.432000 211.520000 63
211.648000 212.544000 62
212.544000 213.056000 60
214.176000 214.656000 60
214.752000 215.264000 62
215.360000 215.424000 62
215.424000 216.384000 65
216.576000 217.088000 66
217.184000 217.728000 63
217.824000 218.208000 62
218.528000 218.656000 59
218.848000 219.040000 55
219.040000 219.104000 56
219.104000 219.168000 57
219.168000 219.392000 60
219.392000 220.384000 62
220.384000 222.080000 67
222.176000 222.496000 55
222.624000 222.784000 55
222.912000 223.008000 63
223.008000 223.072000 58
223.200000 223.904000 60
224.224000 224.320000 61
224.320000 224.576000 57
224.576000 224.640000 58
224.640000 225.952000 64
225.952000 226.368000 60
226.528000 226.720000 67
226.944000 227.008000 58
227.008000 227.328000 56
227.456000 229.376000 60
229.408000 229.600000 59
229.664000 229.728000 60
229.728000 232.384000 64
232.384000 232.576000 60
232.672000 233.152000 60
233.952000 234.432000 60
234.592000 235.488000 63
235.488000 236.192000 65
236.384000 236.896000 65
236.992000 237.984000 62
238.848000 239.104000 59
239.104000 239.424000 62
239.520000 240.160000 62
240.160000 240.832000 64
240.832000 241.760000 67
241.952000 242.048000 67
242.144000 242.304000 66
242.304000 242.432000 61
242.560000 243.072000 63
243.168000 243.584000 60
243.840000 244.064000 59
244.064000 244.320000 57
244.416000 244.896000 62
245.056000 245.664000 64
245.664000 246.048000 60
246.272000 246.560000 66
246.560000 246.624000 60
246.944000 247.136000 55
247.232000 247.392000 59
247.552000 248.128000 60
248.800000 249.568000 59
249.568000 249.824000 62
250.016000 251.584000 64
251.840000 252.736000 60
253.088000 254.048000 60
257.120000 257.536000 56
