6.848000 7.168000 62
7.328000 7.904000 65
8.000000 8.320000 59
8.608000 8.928000 60
9.152000 9.600000 67
9.728000 12.000000 66
12.256000 12.352000 66
12.672000 12.896000 67
13.056000 13.760000 69
13.952000 14.944000 75
15.072000 15.648000 71
15.648000 16.064000 68
16.160000 16.224000 67
16.224000 16.768000 69
16.768000 17.312000 67
17.312000 17.728000 65
17.728000 18.784000 69
18.880000 19.104000 69
19.104000 19.552000 65
19.552000 19.936000 68
19.936000 21.088000 70
21.088000 22.368000 71
22.880000 22.944000 73
22.944000 23.392000 74
23.392000 23.904000 76
24.032000 24.608000 71
24.608000 25.856000 69
25.856000 26.144000 67
26.464000 26.592000 64
26.688000 27.040000 67
27.040000 27.456000 69
27.552000 27.712000 68
27.808000 28.032000 69
28.160000 28.320000 64
28.448000 29.216000 68
29.216000 29.664000 71
29.664000 31.872000 67
32.480000 32.608000 62
32.864000 33.024000 63
33.120000 33.248000 64
33.376000 33.760000 64
33.856000 34.528000 66
34.624000 34.720000 66
34.880000 34.944000 66
34.944000 35.648000 68
36.032000 36.800000 62
36.928000 37.312000 64
37.408000 38.080000 66
38.592000 42.464000 69
42.912000 43.456000 74
43.552000 44.480000 74
44.480000 46.048000 71
46.112000 46.496000 67
46.752000 46.912000 67
46.912000 47.776000 69
47.776000 48.320000 67
48.512000 48.576000 66
48.576000 49.568000 69
49.568000 49.824000 64
49.824000 50.112000 67
50.112000 51.840000 71
52.096000 52.320000 62
52.320000 52.800000 64
52.800000 53.472000 66
53.632000 55.104000 74
55.200000 56.704000 71
56.832000 57.216000 67
57.472000 57.696000 68
57.696000 58.464000 69
58.464000 58.944000 65
59.264000 60.256000 69
60.256000 60.512000 64
60.512000 60.800000 67
60.800000 62.560000 71
62.784000 62.976000 62
62.976000 63.456000 64
63.456000 65.664000 67
81.760000 81.824000 73
81.824000 82.752000 75
82.880000 83.552000 70
83.552000 84.256000 68
84.256000 85.024000 68
85.120000 85.248000 64
85.376000 85.504000 64
85.504000 86.336000 69
86.432000 86.560000 68
86.656000 87.072000 70
87.168000 87.360000 64
87.360000 87.648000 67
87.648000 88.896000 69
88.896000 89.280000 75
89.280000 90.464000 71
90.656000 91.264000 74
91.264000 91.680000 76
91.776000 92.384000 71
92.384000 93.440000 69
93.536000 93.888000 67
94.016000 94.304000 64
94.432000 94.688000 67
94.784000 95.456000 69
95.488000 95.744000 70
95.744000 96.352000 64
96.384000 96.608000 67
96.608000 97.440000 70
97.440000 98.144000 66
98.240000 99.808000 67
100.256000 100.384000 61
100.480000 101.024000 62
101.152000 101.760000 64
101.760000 102.336000 66
102.688000 103.104000 67
103.104000 103.424000 69
103.840000 104.640000 62
104.736000 105.344000 64
105.344000 105.856000 66
106.336000 110.336000 69
110.464000 110.560000 70
110.816000 112.224000 74
112.320000 113.856000 71
113.856000 114.272000 67
114.528000 114.688000 67
114.688000 115.552000 69
115.552000 116.064000 66
116.352000 117.344000 69
117.344000 117.792000 66
117.920000 119.168000 71
119.168000 119.648000 67
119.872000 120.096000 62
120.096000 120.448000 64
120.544000 120.960000 66
120.960000 121.280000 68
121.440000 122.944000 74
122.944000 124.960000 71
125.280000 125.440000 67
125.440000 126.272000 69
126.272000 126.784000 65
127.040000 128.096000 69
128.096000 128.480000 65
128.576000 130.048000 71
130.144000 130.304000 67
130.592000 130.880000 62
130.880000 131.104000 64
131.232000 131.904000 66
132.352000 133.632000 74
133.728000 134.784000 71
134.784000 135.712000 68
135.968000 136.544000 69
136.640000 136.992000 69
136.992000 137.504000 66
137.760000 138.784000 69
138.880000 139.008000 64
139.008000 139.200000 67
139.328000 140.320000 71
140.416000 140.608000 71
140.608000 140.768000 69
140.864000 141.056000 67
141.312000 141.536000 63
141.536000 141.984000 65
141.984000 142.656000 66
142.848000 142.976000 73
143.072000 144.352000 74
144.448000 144.576000 71
144.672000 146.016000 71
146.048000 146.432000 67
146.688000 146.880000 67
146.880000 147.680000 69
147.680000 148.160000 65
148.512000 149.472000 69
149.472000 149.952000 66
149.952000 151.744000 71
152.032000 152.544000 64
152.640000 153.312000 66
153.536000 157.152000 74
157.568000 157.632000 68
157.632000 158.112000 72
158.112000 158.528000 67
158.688000 158.752000 69
158.752000 159.136000 71
159.136000 159.392000 75
159.392000 160.320000 78
160.864000 161.536000 73
161.536000 161.760000 69
161.760000 162.528000 67
162.720000 162.912000 61
162.912000 163.264000 64
163.328000 163.392000 64
163.392000 163.840000 66
163.840000 164.256000 69
164.256000 166.016000 74
166.048000 167.264000 71
167.392000 167.872000 68
168.064000 168.288000 67
168.288000 169.088000 69
169.088000 169.664000 67
169.856000 170.944000 69
170.944000 171.328000 65
171.424000 172.000000 71
172.064000 172.704000 71
172.704000 173.152000 68
173.376000 173.600000 62
173.600000 173.952000 64
174.048000 178.016000 67
