12.096000 12.384000 55
30.368000 31.328000 57
31.488000 32.704000 57
32.864000 33.056000 56
33.152000 33.888000 57
34.560000 34.688000 60
34.784000 35.040000 61
35.168000 35.424000 60
36.256000 38.304000 53
38.752000 38.880000 51
39.040000 39.904000 53
40.384000 40.480000 49
40.608000 41.248000 50
41.344000 41.600000 53
41.600000 41.792000 51
41.792000 42.048000 57
42.048000 42.240000 60
42.240000 43.264000 62
43.360000 44.704000 62
44.896000 45.184000 62
45.184000 46.624000 57
47.584000 49.696000 55
50.272000 51.168000 49
51.264000 51.936000 48
53.664000 54.752000 57
54.880000 55.040000 55
55.136000 57.344000 57
58.016000 58.784000 60
58.912000 59.104000 59
59.296000 60.576000 53
60.704000 60.832000 52
60.992000 62.304000 53
62.432000 62.720000 53
62.720000 63.264000 50
63.776000 64.192000 50
64.416000 64.928000 53
65.152000 65.280000 57
65.504000 65.568000 58
65.568000 65.792000 60
65.792000 66.432000 62
66.560000 66.688000 60
66.848000 68.096000 62
68.320000 68.576000 62
68.576000 70.208000 57
70.752000 70.848000 50
71.360000 71.616000 57
71.712000 72.320000 55
72.416000 72.736000 58
72.736000 73.632000 60
73.632000 74.112000 63
74.272000 74.528000 65
74.656000 74.912000 64
75.008000 75.264000 65
75.360000 76.896000 67
76.896000 79.776000 60
81.376000 81.504000 55
81.600000 81.888000 65
82.048000 82.272000 64
82.400000 82.624000 60
82.752000 86.400000 57
86.432000 86.496000 58
87.008000 87.360000 53
87.360000 87.456000 61
87.456000 87.680000 65
87.776000 88.096000 64
88.192000 88.320000 60
88.576000 89.536000 55
89.632000 90.240000 55
90.336000 90.624000 55
90.720000 91.296000 60
91.456000 92.608000 57
92.992000 93.088000 49
93.248000 93.376000 48
93.440000 93.472000 49
93.536000 94.176000 52
94.304000 94.784000 58
94.784000 95.392000 62
95.392000 95.840000 62
96.640000 97.088000 52
97.312000 97.760000 57
97.760000 98.272000 60
99.104000 99.424000 50
99.520000 100.064000 52
100.192000 100.608000 57
100.608000 101.824000 62
101.824000 101.952000 64
102.080000 102.336000 64
102.432000 103.104000 64
103.200000 103.360000 67
103.520000 105.632000 64
106.496000 107.328000 57
107.552000 107.648000 55
107.840000 108.736000 57
108.992000 110.240000 57
110.592000 110.720000 60
110.880000 111.392000 61
111.392000 111.456000 55
111.616000 111.808000 53
112.352000 113.504000 53
113.696000 114.592000 53
114.848000 115.968000 53
116.768000 116.960000 50
117.120000 117.344000 52
117.472000 117.760000 53
117.760000 118.048000 57
118.144000 119.328000 62
119.552000 121.280000 62
121.440000 121.600000 60
121.696000 122.976000 57
123.680000 123.744000 52
123.744000 124.352000 55
124.448000 124.896000 55
124.896000 125.376000 58
125.504000 126.336000 60
126.336000 126.848000 63
126.944000 127.552000 64
127.680000 127.936000 65
128.064000 128.512000 67
128.512000 128.960000 69
129.056000 129.472000 67
129.472000 129.760000 60
129.856000 130.560000 60
131.296000 131.424000 61
131.424000 131.584000 65
131.712000 131.968000 64
132.096000 132.352000 60
132.480000 133.952000 55
133.952000 136.032000 57
136.736000 137.152000 53
137.184000 137.248000 57
137.248000 137.440000 65
137.568000 137.824000 64
137.952000 138.080000 60
138.336000 139.296000 55
139.392000 140.416000 55
140.512000 141.024000 60
141.216000 142.144000 57
142.176000 142.240000 57
143.712000 144.160000 53
144.160000 144.416000 57
144.416000 145.376000 62
145.440000 145.504000 59
145.504000 145.664000 57
146.016000 146.336000 50
146.336000 146.944000 52
147.104000 147.424000 57
147.424000 148.064000 60
148.768000 148.992000 50
149.248000 149.696000 52
149.696000 149.888000 53
149.888000 150.336000 57
150.336000 151.744000 62
151.872000 152.128000 65
152.224000 152.800000 64
152.928000 153.088000 67
153.216000 154.240000 64
154.720000 154.816000 62
154.816000 154.976000 64
155.104000 155.296000 64
155.488000 155.680000 60
155.968000 157.344000 55
157.344000 159.616000 57
160.224000 160.864000 65
160.992000 161.312000 64
161.312000 161.600000 60
161.600000 161.920000 55
162.048000 163.040000 55
163.168000 163.840000 54
163.904000 164.480000 60
164.672000 165.760000 57
165.888000 166.016000 57
166.816000 167.424000 52
167.552000 167.808000 57
167.936000 168.736000 62
169.408000 169.696000 62
169.696000 170.080000 66
170.176000 170.432000 64
170.432000 171.808000 60
172.032000 172.224000 62
173.408000 173.664000 57
173.856000 174.048000 62
174.176000 174.592000 60
174.592000 177.440000 64
178.144000 178.208000 64
178.208000 178.432000 69
178.528000 178.656000 69
178.656000 179.040000 67
179.040000 179.456000 65
179.584000 182.528000 65
183.520000 183.680000 64
191.808000 191.936000 59
192.288000 192.672000 53
192.768000 192.832000 61
192.832000 193.056000 65
193.216000 193.376000 64
193.536000 193.824000 60
193.920000 195.232000 55
195.360000 197.408000 57
198.208000 198.528000 53
198.528000 198.592000 55
198.592000 198.624000 57
198.624000 198.848000 63
199.040000 199.296000 64
199.424000 199.552000 59
199.808000 200.800000 55
200.928000 201.504000 54
201.600000 201.856000 55
201.984000 202.560000 60
202.688000 203.392000 56
203.392000 203.808000 53
204.288000 204.416000 49
204.544000 204.736000 49
204.736000 205.440000 52
205.632000 205.952000 57
205.952000 206.912000 62
207.264000 207.360000 49
207.488000 207.680000 49
207.680000 208.384000 52
208.576000 208.928000 57
208.928000 209.600000 60
209.984000 210.496000 48
210.496000 211.360000 51
211.488000 211.840000 57
211.840000 212.672000 60
212.672000 213.248000 63
213.344000 213.600000 65
213.728000 214.272000 64
214.432000 215.712000 64
216.128000 216.512000 64
216.608000 216.864000 64
216.960000 217.216000 60
217.312000 218.720000 55
218.816000 221.056000 57
221.824000 222.208000 63
222.496000 222.720000 64
222.816000 223.136000 60
223.136000 223.424000 55
223.552000 224.512000 55
224.640000 225.280000 54
225.408000 225.920000 60
225.920000 227.168000 57
227.616000 227.744000 51
227.872000 228.000000 49
228.000000 228.224000 50
228.224000 228.640000 52
228.640000 229.216000 53
229.408000 230.304000 62
230.400000 230.496000 59
230.912000 230.976000 60
230.976000 231.200000 62
231.200000 231.680000 66
231.680000 232.224000 63
232.352000 233.632000 60
234.656000 234.880000 53
234.880000 235.232000 57
235.232000 236.384000 61
236.384000 238.848000 64
238.912000 239.264000 64
239.648000 240.224000 64
240.352000 240.608000 60
241.056000 242.240000 55
242.240000 244.544000 57
245.024000 245.248000 62
245.472000 246.336000 64
246.336000 246.464000 60
246.592000 246.912000 55
246.912000 247.552000 67
247.680000 248.672000 67
248.864000 249.280000 60
249.504000 249.632000 67
249.632000 250.048000 69
250.048000 250.752000 65
251.360000 251.840000 50
252.096000 252.256000 53
252.480000 252.768000 57
252.768000 253.696000 62
254.080000 254.624000 62
254.624000 254.880000 67
255.008000 255.392000 64
255.392000 256.512000 60
256.832000 257.120000 50
257.216000 257.760000 51
257.952000 258.080000 52
258.080000 258.304000 53
258.304000 258.560000 57
258.688000 258.944000 62
259.040000 259.328000 60
259.424000 259.488000 60
259.488000 260.064000 63
260.160000 260.416000 65
260.544000 261.184000 64
261.280000 261.440000 67
261.536000 262.656000 64
263.104000 263.392000 69
263.488000 263.680000 69
263.840000 264.096000 67
264.096000 264.320000 65
264.416000 264.608000 65
264.768000 267.296000 65
267.808000 268.000000 67
269.472000 269.600000 58
