8.096000 8.416000 51
8.608000 8.800000 55
8.800000 9.152000 57
9.280000 9.536000 59
9.536000 9.600000 57
9.600000 9.856000 55
9.856000 9.984000 53
9.984000 11.104000 57
11.168000 11.328000 56
11.680000 11.744000 53
11.744000 12.032000 58
12.160000 12.800000 62
12.800000 13.888000 59
13.952000 14.080000 57
14.240000 14.400000 55
14.400000 14.816000 58
15.392000 16.672000 56
17.056000 17.120000 53
17.120000 18.464000 57
18.848000 19.232000 59
19.392000 19.456000 57
19.520000 19.712000 57
19.808000 20.480000 59
20.640000 21.088000 59
21.088000 21.216000 62
21.312000 21.984000 64
22.400000 23.136000 52
23.136000 23.328000 57
23.616000 24.096000 57
24.224000 24.288000 56
24.288000 24.512000 59
24.672000 24.832000 56
25.024000 25.088000 55
25.088000 25.408000 57
26.048000 26.112000 56
26.112000 26.240000 57
26.240000 26.496000 59
26.496000 26.816000 62
26.944000 27.104000 62
27.104000 27.488000 59
27.584000 28.288000 59
28.288000 28.608000 56
28.704000 29.184000 58
29.568000 29.632000 53
29.632000 29.952000 56
30.048000 30.432000 56
30.528000 30.976000 57
31.392000 31.776000 56
31.872000 32.736000 56
33.184000 33.728000 59
33.824000 34.016000 57
34.016000 34.336000 55
34.528000 35.648000 52
36.992000 37.056000 61
37.056000 37.632000 66
37.760000 37.856000 64
38.048000 38.560000 59
38.560000 40.288000 60
40.640000 40.768000 64
40.768000 40.928000 66
41.024000 41.216000 64
41.216000 41.408000 62
41.408000 43.904000 58
44.192000 44.384000 62
44.384000 44.768000 63
44.864000 45.120000 60
45.216000 45.472000 55
45.472000 46.208000 57
46.336000 47.200000 56
47.232000 47.488000 56
47.488000 47.808000 58
47.936000 48.128000 60
48.128000 48.416000 63
48.448000 48.512000 61
48.512000 49.440000 64
49.664000 49.696000 60
49.792000 49.920000 57
49.920000 50.208000 54
50.208000 50.720000 65
50.816000 51.904000 66
52.032000 52.160000 63
52.320000 54.656000 60
54.880000 55.072000 50
55.584000 55.776000 62
55.776000 56.608000 57
56.736000 57.888000 59
58.464000 59.200000 62
59.200000 59.360000 60
59.520000 59.776000 55
59.776000 60.608000 57
60.704000 60.928000 56
61.024000 61.376000 56
61.536000 61.696000 56
61.824000 62.144000 57
62.272000 62.496000 60
62.496000 62.624000 64
62.752000 63.328000 64
63.424000 63.648000 64
63.776000 63.872000 66
64.032000 64.448000 64
64.896000 65.376000 64
65.728000 65.856000 66
66.176000 66.752000 65
67.264000 67.488000 52
67.616000 67.840000 55
67.840000 68.128000 57
68.128000 69.312000 58
69.440000 69.760000 57
69.888000 70.144000 58
70.304000 70.400000 55
70.784000 70.848000 54
70.848000 71.104000 59
71.200000 71.840000 63
71.840000 72.032000 59
72.160000 72.448000 59
72.544000 72.928000 59
72.960000 73.920000 57
74.368000 74.656000 57
74.816000 75.712000 56
76.064000 76.128000 54
76.128000 76.416000 57
76.544000 77.504000 56
77.952000 78.016000 54
78.016000 78.176000 59
78.240000 78.496000 59
78.592000 78.784000 57
78.784000 79.104000 55
79.232000 79.808000 54
80.224000 81.952000 52
86.336000 86.432000 68
86.528000 86.624000 69
93.504000 93.600000 67
93.824000 93.920000 66
94.816000 94.912000 66
95.136000 95.360000 66
95.552000 95.648000 66
96.224000 96.448000 66
97.184000 97.376000 68
104.704000 105.088000 52
105.248000 105.440000 55
105.440000 105.792000 57
105.920000 106.176000 59
106.176000 106.432000 56
106.528000 106.592000 53
106.592000 106.688000 56
106.816000 107.008000 59
107.008000 108.064000 57
108.064000 108.128000 53
108.320000 108.384000 54
108.384000 108.672000 58
108.832000 108.992000 62
108.992000 109.216000 64
109.280000 109.440000 62
109.440000 110.528000 58
110.656000 110.752000 57
110.912000 111.072000 55
111.072000 111.520000 58
112.064000 112.256000 57
112.352000 112.608000 57
112.608000 113.344000 55
113.696000 115.104000 56
115.520000 115.872000 59
116.000000 117.152000 58
117.536000 117.600000 59
117.728000 117.920000 62
117.920000 118.400000 64
118.400000 118.656000 66
119.072000 119.328000 51
119.584000 119.744000 55
119.744000 120.128000 58
120.256000 120.672000 58
120.672000 120.736000 55
120.864000 121.280000 59
121.344000 121.504000 57
121.760000 121.888000 57
121.888000 122.048000 59
122.688000 122.880000 57
122.880000 123.104000 59
123.104000 123.488000 62
123.584000 123.776000 62
123.776000 124.128000 59
124.224000 124.928000 59
124.928000 125.248000 57
125.376000 125.856000 58
126.144000 126.272000 50
126.272000 126.592000 56
126.720000 127.072000 56
127.168000 127.616000 56
128.000000 129.472000 56
129.568000 129.728000 58
129.760000 129.984000 57
129.984000 130.464000 59
130.464000 130.976000 56
131.232000 133.024000 52
133.664000 134.272000 66
134.432000 134.560000 64
134.688000 136.992000 60
137.248000 137.568000 64
137.696000 137.888000 64
137.888000 138.080000 62
138.080000 140.544000 58
140.864000 141.440000 62
141.504000 141.696000 60
141.856000 142.080000 55
142.080000 142.848000 57
143.072000 143.776000 56
143.936000 144.480000 57
144.608000 144.800000 60
144.800000 144.992000 64
145.056000 145.120000 61
145.120000 145.920000 65
145.920000 146.048000 64
146.208000 146.304000 64
146.656000 146.880000 66
146.880000 147.776000 66
147.936000 148.000000 65
148.000000 148.320000 66
148.416000 148.576000 66
148.704000 148.800000 63
148.960000 151.296000 60
151.488000 151.744000 51
152.256000 152.448000 62
152.448000 153.280000 57
153.440000 154.912000 59
155.168000 155.776000 62
155.776000 156.032000 60
156.192000 156.448000 55
156.448000 156.704000 58
156.800000 157.088000 57
157.120000 157.216000 57
157.408000 157.600000 56
157.696000 158.112000 56
158.144000 158.336000 56
158.464000 158.816000 57
158.912000 159.072000 60
159.168000 159.264000 63
159.424000 159.936000 65
160.064000 160.384000 64
160.384000 160.512000 66
160.608000 160.800000 66
160.800000 161.120000 64
161.312000 161.376000 63
161.376000 161.440000 66
161.536000 161.696000 66
161.696000 162.080000 64
162.176000 162.240000 62
162.240000 162.304000 66
162.368000 162.528000 66
162.720000 162.944000 68
162.944000 163.616000 65
163.616000 163.712000 58
164.096000 164.704000 66
164.832000 164.960000 64
165.120000 167.424000 60
167.712000 168.064000 64
168.192000 168.384000 63
168.384000 168.576000 62
168.576000 171.040000 58
171.296000 171.840000 62
171.968000 172.192000 60
172.192000 172.608000 55
172.608000 173.312000 57
173.504000 174.144000 57
174.368000 174.848000 57
175.040000 175.264000 60
175.264000 175.424000 64
175.648000 175.712000 64
175.712000 176.544000 65
176.640000 176.800000 64
177.088000 177.376000 62
177.504000 178.080000 62
178.080000 178.240000 65
178.400000 178.976000 66
179.104000 179.200000 64
179.392000 181.728000 60
181.984000 182.112000 51
182.688000 182.848000 61
182.848000 183.712000 58
183.872000 185.344000 59
185.600000 186.080000 63
186.080000 186.464000 60
186.656000 186.880000 55
186.880000 188.032000 57
188.128000 188.480000 57
188.640000 188.768000 56
188.960000 189.120000 57
189.120000 189.248000 59
189.376000 189.504000 60
189.600000 189.696000 64
189.824000 190.400000 64
190.496000 190.752000 64
191.040000 191.648000 65
191.744000 191.840000 66
191.936000 192.128000 66
192.128000 192.512000 64
192.768000 192.928000 66
193.216000 193.312000 69
193.312000 193.856000 65
194.368000 194.720000 52
194.720000 194.880000 55
194.976000 195.296000 57
195.296000 195.680000 59
195.680000 196.032000 56
196.160000 196.544000 59
196.544000 196.864000 56
196.992000 197.344000 58
197.824000 198.176000 59
198.496000 198.784000 64
198.784000 198.912000 62
198.912000 199.072000 59
199.232000 199.520000 59
199.680000 200.256000 59
200.256000 200.448000 55
200.576000 201.024000 58
201.472000 201.760000 58
201.920000 202.208000 56
202.304000 202.592000 57
203.232000 203.488000 57
203.648000 203.808000 57
203.808000 204.032000 55
204.128000 204.416000 57
204.928000 205.088000 59
205.344000 205.536000 59
205.696000 206.176000 55
206.336000 206.976000 54
207.264000 209.248000 51
