8.192000 8.320000 53
8.576000 9.184000 50
9.952000 10.464000 50
14.976000 15.136000 53
15.296000 15.616000 54
16.128000 16.256000 50
16.384000 16.992000 54
17.152000 17.600000 50
17.600000 17.888000 52
18.048000 18.336000 54
22.144000 22.400000 61
22.592000 22.912000 57
23.072000 23.232000 57
23.232000 23.360000 59
23.520000 23.776000 57
23.904000 25.536000 57
25.696000 25.792000 52
26.016000 26.080000 50
26.112000 26.208000 50
26.432000 27.264000 53
29.312000 29.856000 54
29.856000 29.952000 50
29.984000 30.080000 50
30.112000 30.304000 50
32.384000 33.184000 54
33.344000 34.080000 52
35.008000 35.392000 50
36.480000 37.120000 50
37.248000 37.440000 50
38.272000 38.432000 49
38.560000 39.648000 50
39.904000 41.216000 54
41.440000 41.632000 52
41.728000 42.848000 50
43.680000 44.160000 59
44.384000 44.960000 59
44.992000 45.152000 56
45.152000 46.048000 55
46.144000 46.912000 57
47.104000 48.640000 52
48.832000 49.024000 52
49.216000 49.568000 54
51.104000 51.296000 54
51.424000 51.872000 52
52.384000 52.544000 50
52.800000 53.120000 54
53.504000 54.592000 62
54.592000 55.264000 66
57.056000 57.696000 62
57.696000 58.432000 64
58.528000 59.328000 61
59.456000 60.960000 62
61.216000 61.536000 64
61.664000 62.624000 66
64.128000 64.768000 62
64.768000 66.464000 66
66.560000 66.848000 62
67.008000 68.064000 62
68.352000 68.512000 69
68.736000 70.304000 66
70.464000 70.752000 62
70.816000 70.848000 62
71.296000 71.392000 62
71.840000 72.608000 66
73.664000 73.888000 66
74.048000 74.400000 66
74.400000 75.104000 62
75.392000 75.904000 66
76.096000 76.224000 66
76.352000 77.088000 64
77.248000 77.760000 62
78.112000 78.176000 60
78.176000 78.368000 61
78.368000 79.808000 63
79.936000 80.320000 61
80.608000 80.800000 58
80.800000 81.728000 62
86.112000 86.208000 54
86.304000 86.688000 54
86.688000 87.424000 50
88.032000 88.192000 49
88.864000 89.056000 49
89.760000 90.048000 49
93.184000 93.408000 57
93.504000 94.336000 57
94.464000 94.912000 54
95.104000 96.000000 50
96.608000 97.888000 54
98.048000 98.336000 52
100.128000 100.320000 56
100.320000 100.640000 62
100.832000 101.056000 57
101.280000 101.536000 58
101.696000 101.984000 56
102.112000 102.592000 54
102.592000 103.296000 57
103.904000 104.000000 55
104.000000 104.960000 57
104.960000 105.632000 55
105.632000 106.752000 53
107.456000 107.648000 54
107.744000 108.096000 54
108.224000 108.704000 50
110.624000 111.360000 54
111.584000 112.416000 52
112.768000 113.088000 52
113.312000 113.856000 50
114.016000 114.144000 49
114.720000 114.880000 49
115.040000 115.360000 50
115.456000 115.680000 50
116.416000 116.704000 49
116.832000 116.960000 50
117.216000 117.472000 50
117.856000 118.016000 51
118.112000 118.432000 52
118.592000 118.752000 54
119.008000 119.584000 55
119.680000 119.808000 53
120.032000 120.128000 51
120.224000 120.544000 51
120.800000 120.960000 50
121.664000 122.400000 59
122.560000 123.168000 59
123.168000 123.680000 55
123.904000 124.928000 57
125.248000 126.464000 52
126.592000 126.848000 54
127.008000 127.360000 53
127.456000 127.872000 54
129.312000 129.536000 54
129.632000 130.112000 52
130.592000 130.784000 50
131.104000 131.392000 55
131.712000 131.808000 61
131.808000 132.320000 62
132.320000 133.536000 65
135.232000 135.904000 62
135.904000 136.640000 64
136.736000 137.568000 61
137.664000 138.848000 62
139.456000 139.744000 64
139.872000 140.800000 66
142.016000 142.208000 67
142.368000 143.008000 62
143.008000 143.456000 64
143.456000 145.088000 66
145.248000 146.240000 62
146.560000 146.688000 68
146.912000 147.840000 66
147.840000 149.120000 64
150.048000 150.880000 66
151.872000 152.096000 65
152.288000 152.576000 66
152.576000 153.408000 62
153.600000 154.144000 66
154.304000 154.400000 66
154.592000 155.328000 64
155.456000 155.712000 62
155.808000 156.064000 62
156.352000 156.640000 61
156.640000 158.016000 63
158.144000 158.496000 61
158.816000 159.008000 57
159.008000 159.968000 62
160.768000 161.344000 65
161.440000 161.600000 62
161.600000 162.368000 64
162.368000 163.136000 62
163.392000 163.552000 59
163.552000 163.712000 60
163.712000 165.120000 64
165.248000 165.632000 61
166.144000 167.232000 69
167.904000 168.480000 65
168.576000 169.248000 64
169.312000 169.440000 62
169.696000 169.792000 62
170.016000 170.112000 62
170.528000 170.592000 60
170.592000 170.816000 61
170.816000 172.224000 63
172.352000 172.736000 61
173.024000 175.424000 62
182.112000 182.176000 51
182.176000 182.400000 54
182.528000 183.296000 54
184.320000 184.576000 50
185.664000 186.336000 54
186.560000 187.840000 53
188.096000 188.384000 54
188.960000 189.472000 57
189.664000 190.464000 57
190.976000 191.072000 51
191.232000 191.648000 50
193.184000 193.504000 53
193.664000 194.048000 54
194.048000 194.112000 53
194.112000 195.008000 50
195.008000 195.328000 54
196.320000 197.888000 57
198.112000 198.208000 57
198.368000 198.816000 54
199.904000 200.224000 57
200.384000 200.576000 57
200.736000 201.152000 57
201.472000 201.568000 51
201.664000 201.888000 50
202.144000 202.496000 54
203.488000 203.744000 54
203.872000 204.640000 54
204.800000 205.696000 50
205.824000 206.656000 54
206.880000 207.296000 54
207.456000 208.160000 52
208.288000 208.384000 51
208.768000 210.240000 50
210.336000 210.624000 51
210.624000 211.904000 54
213.472000 213.824000 50
214.144000 214.944000 52
215.264000 217.088000 50
217.664000 217.952000 52
218.112000 218.848000 54
218.944000 219.104000 56
220.064000 220.544000 57
220.544000 221.120000 62
221.248000 222.368000 66
222.688000 222.976000 67
222.976000 223.296000 62
223.456000 224.512000 62
224.704000 224.800000 62
225.184000 225.376000 66
225.440000 226.048000 66
226.048000 227.104000 64
227.328000 227.648000 66
228.256000 228.448000 64
228.448000 228.544000 66
228.704000 229.056000 66
230.112000 230.336000 66
230.496000 230.880000 66
230.880000 231.904000 62
231.904000 232.352000 67
232.512000 232.640000 66
232.800000 233.536000 64
233.696000 234.368000 62
234.496000 234.560000 60
234.560000 235.616000 62
235.616000 236.160000 64
236.352000 236.736000 61
237.056000 237.248000 58
237.248000 238.144000 62
239.008000 239.552000 66
239.680000 239.808000 62
239.808000 241.408000 63
241.600000 241.760000 59
241.760000 241.888000 60
241.888000 243.232000 63
243.488000 243.840000 61
244.192000 244.256000 67
244.320000 244.512000 66
244.512000 245.408000 69
246.112000 246.688000 65
246.784000 247.520000 64
247.552000 247.616000 62
247.680000 247.968000 64
248.768000 248.832000 60
248.832000 249.024000 61
249.024000 249.696000 62
249.696000 250.336000 64
250.592000 251.008000 61
251.232000 251.424000 57
251.424000 252.384000 62
