24.768000 24.864000 51
25.504000 25.728000 51
25.728000 25.984000 49
26.080000 26.560000 50
27.104000 27.296000 51
27.296000 27.616000 49
27.680000 28.192000 50
29.696000 29.728000 47
29.952000 30.048000 47
30.560000 30.848000 48
31.488000 31.584000 47
32.160000 32.256000 47
33.280000 33.472000 50
33.568000 33.888000 51
34.240000 34.720000 49
36.448000 36.704000 53
36.832000 37.312000 52
37.472000 38.048000 50
39.712000 40.448000 51
40.448000 40.576000 55
40.704000 41.376000 53
41.472000 41.568000 52
42.080000 42.176000 49
42.176000 42.784000 53
42.880000 43.200000 56
43.296000 43.680000 53
43.680000 45.696000 58
45.792000 47.232000 63
47.392000 47.488000 56
47.584000 47.712000 52
48.160000 49.344000 51
49.824000 50.336000 51
50.432000 50.848000 51
52.224000 52.320000 47
52.576000 52.768000 47
53.216000 53.536000 48
53.856000 54.336000 47
54.848000 55.104000 47
55.936000 56.576000 51
56.704000 56.832000 52
56.960000 57.664000 49
59.136000 59.232000 51
59.328000 60.064000 53
60.064000 60.864000 50
62.400000 63.072000 51
63.168000 64.320000 53
64.736000 64.832000 50
64.832000 65.568000 53
65.568000 65.856000 56
66.016000 66.272000 53
66.272000 66.336000 54
66.336000 66.560000 56
66.560000 68.032000 58
68.032000 68.448000 60
68.480000 68.544000 60
69.120000 69.280000 56
69.472000 69.696000 55
69.792000 69.824000 54
70.240000 70.784000 60
71.424000 71.808000 62
71.968000 73.344000 63
73.504000 74.176000 64
74.464000 75.136000 60
75.296000 77.472000 63
78.144000 78.624000 60
78.784000 79.808000 60
79.968000 80.544000 60
80.800000 81.280000 57
81.376000 81.792000 64
81.824000 82.400000 64
82.400000 84.160000 62
84.896000 85.952000 63
86.048000 86.272000 62
86.432000 87.072000 64
87.424000 88.128000 60
88.256000 90.592000 62
91.072000 91.616000 59
91.712000 92.384000 60
92.480000 92.736000 59
92.928000 93.504000 60
93.632000 94.240000 57
94.368000 95.360000 64
95.360000 97.312000 61
98.208000 100.288000 60
100.480000 101.344000 53
101.376000 101.440000 53
101.440000 101.664000 56
101.664000 101.952000 60
102.304000 103.296000 60
103.648000 103.968000 60
104.096000 104.544000 64
104.640000 104.768000 64
104.896000 104.960000 62
104.960000 105.376000 64
105.472000 105.792000 56
105.888000 106.816000 60
106.816000 107.328000 56
107.648000 110.368000 60
135.680000 136.896000 50
137.248000 137.344000 51
137.440000 137.760000 50
137.888000 138.176000 50
140.736000 141.024000 48
141.312000 141.472000 47
142.368000 142.464000 47
142.560000 142.656000 47
143.424000 144.064000 51
144.160000 144.288000 52
144.416000 144.928000 48
146.624000 146.880000 52
147.008000 147.520000 52
147.680000 148.160000 51
149.888000 150.624000 51
150.624000 150.784000 55
150.880000 151.744000 52
152.320000 152.576000 52
152.672000 152.960000 53
153.088000 153.344000 56
153.344000 153.824000 53
153.920000 156.000000 58
158.368000 158.848000 50
158.944000 159.456000 50
160.000000 160.544000 50
160.640000 160.896000 50
162.016000 162.112000 47
162.400000 162.496000 47
162.592000 162.976000 47
163.424000 163.744000 48
164.000000 164.512000 47
165.024000 165.120000 47
165.408000 165.536000 47
166.112000 166.336000 50
166.464000 166.752000 51
166.848000 166.976000 52
167.104000 167.648000 48
169.504000 170.240000 53
170.336000 170.912000 51
172.608000 173.056000 51
173.056000 173.280000 53
173.376000 173.504000 56
173.504000 174.336000 52
175.040000 175.712000 53
175.712000 176.064000 56
176.224000 176.512000 53
176.512000 176.736000 56
176.736000 178.656000 58
178.656000 179.936000 60
180.576000 180.928000 70
181.824000 182.272000 62
182.464000 182.624000 62
182.624000 183.200000 64
183.296000 183.552000 62
183.712000 184.384000 64
184.672000 185.376000 60
185.536000 186.432000 62
186.528000 187.808000 62
188.288000 188.800000 59
188.960000 190.016000 59
190.176000 190.720000 59
191.168000 191.488000 56
191.584000 191.968000 64
192.000000 192.512000 64
192.512000 194.400000 62
194.784000 195.264000 62
195.424000 196.800000 62
196.800000 197.248000 64
197.600000 198.304000 60
198.432000 198.720000 62
198.784000 200.896000 62
201.408000 201.696000 59
201.888000 202.560000 59
202.656000 202.912000 59
203.072000 203.712000 60
204.064000 204.416000 57
204.544000 204.896000 63
204.960000 205.472000 64
205.504000 207.584000 61
208.384000 208.640000 57
208.640000 210.560000 60
210.784000 210.944000 56
210.976000 211.488000 56
211.520000 211.840000 56
211.840000 212.160000 60
212.256000 212.352000 56
212.512000 213.408000 60
213.792000 214.176000 60
214.272000 214.976000 64
215.072000 215.264000 62
215.264000 215.424000 64
215.520000 215.872000 55
215.872000 216.064000 57
216.160000 217.024000 60
217.152000 217.248000 58
217.888000 220.448000 60
220.480000 220.544000 59
