37.568000 38.432000 51
38.592000 39.040000 53
39.040000 39.968000 59
40.608000 41.120000 52
41.216000 41.472000 51
41.632000 41.888000 52
42.016000 42.656000 56
43.552000 44.448000 52
44.608000 44.832000 52
45.664000 46.016000 56
46.432000 46.656000 54
47.200000 47.744000 52
49.472000 50.080000 52
50.176000 50.752000 52
50.912000 51.520000 59
51.648000 51.904000 59
52.064000 52.320000 59
52.448000 53.024000 61
53.216000 53.504000 63
53.504000 53.792000 61
53.792000 54.592000 56
55.520000 56.032000 61
56.256000 56.832000 63
56.832000 58.752000 56
58.848000 59.040000 56
59.584000 59.936000 53
60.032000 60.608000 52
67.520000 68.832000 52
69.024000 69.600000 59
69.760000 70.144000 59
70.528000 71.424000 51
71.616000 71.840000 52
71.840000 72.544000 55
73.536000 74.816000 52
75.712000 76.064000 56
76.512000 76.768000 53
76.928000 77.248000 50
77.248000 77.632000 51
77.632000 78.624000 54
79.488000 80.864000 52
81.024000 82.048000 59
82.464000 82.624000 59
82.624000 82.944000 61
83.200000 83.776000 63
83.776000 84.672000 59
85.408000 86.080000 61
86.176000 86.816000 63
86.976000 87.456000 59
87.712000 87.968000 56
88.064000 88.256000 56
88.448000 88.640000 57
88.800000 89.024000 56
89.632000 90.304000 53
90.752000 90.816000 61
90.816000 91.008000 64
91.136000 91.360000 63
91.488000 91.744000 61
92.256000 92.608000 57
92.608000 93.216000 54
93.728000 94.272000 62
94.496000 94.816000 59
95.232000 96.384000 52
96.800000 96.864000 53
96.864000 97.024000 54
97.024000 97.824000 57
98.272000 98.400000 57
98.592000 98.752000 61
98.912000 99.360000 59
99.680000 99.872000 56
100.032000 100.256000 54
100.416000 102.208000 57
102.688000 103.264000 63
103.488000 103.808000 61
104.224000 104.800000 57
104.928000 105.184000 63
105.312000 105.600000 64
105.696000 106.112000 66
106.464000 106.912000 59
107.200000 107.488000 66
107.584000 108.608000 63
109.088000 109.408000 62
109.536000 110.016000 64
110.784000 111.616000 64
112.064000 112.288000 65
112.480000 114.688000 59
118.592000 119.136000 52
119.264000 119.872000 52
120.064000 121.120000 59
121.664000 122.432000 52
122.624000 122.912000 52
123.040000 123.392000 55
124.640000 125.856000 52
126.784000 127.136000 56
127.520000 127.840000 53
127.936000 128.800000 51
128.992000 129.664000 54
130.464000 131.744000 52
131.936000 132.640000 59
132.704000 133.088000 59
133.344000 133.440000 56
133.440000 133.504000 57
133.504000 134.496000 61
134.592000 134.752000 64
134.976000 135.616000 59
136.480000 137.024000 61
137.184000 137.824000 63
138.016000 139.360000 56
139.520000 139.744000 57
139.872000 140.160000 56
140.672000 141.568000 53
156.384000 156.480000 57
165.504000 165.568000 61
165.568000 165.760000 64
165.856000 166.624000 61
166.880000 167.008000 57
167.008000 167.936000 54
168.384000 168.608000 63
168.704000 168.896000 61
169.056000 169.472000 59
169.792000 170.432000 53
170.560000 170.912000 52
171.328000 172.352000 56
172.640000 172.800000 57
173.024000 173.152000 61
173.312000 173.664000 59
174.080000 174.304000 56
174.432000 174.688000 55
174.752000 176.512000 56
177.024000 177.568000 64
177.728000 177.888000 61
178.368000 178.944000 57
179.136000 179.360000 63
179.488000 179.712000 64
179.840000 180.192000 66
180.544000 181.088000 59
181.280000 181.504000 66
181.984000 182.688000 64
183.104000 183.456000 62
183.552000 184.064000 64
184.736000 184.864000 63
184.928000 185.536000 64
185.952000 186.112000 66
186.336000 187.808000 59
188.704000 188.864000 64
189.056000 189.248000 63
189.472000 189.792000 61
189.792000 190.112000 57
190.272000 191.264000 54
191.744000 192.064000 63
192.064000 192.288000 61
192.544000 192.832000 59
193.184000 194.304000 52
194.656000 194.720000 53
194.720000 194.976000 54
194.976000 195.776000 57
196.032000 196.192000 60
196.448000 196.640000 61
196.800000 197.216000 59
197.504000 197.696000 56
197.856000 198.048000 54
198.176000 199.936000 56
200.448000 200.928000 63
201.152000 201.408000 61
201.856000 202.368000 57
202.528000 202.784000 63
202.912000 203.232000 64
203.232000 203.616000 66
204.000000 204.576000 59
204.704000 204.960000 65
204.960000 205.216000 63
205.376000 206.112000 63
206.464000 206.784000 62
206.912000 207.488000 64
208.384000 208.992000 64
209.472000 209.664000 66
209.856000 210.496000 66
210.496000 211.040000 64
211.136000 211.840000 63
211.840000 212.352000 59
212.736000 214.080000 68
214.368000 215.168000 66
215.232000 215.520000 65
215.648000 215.840000 56
216.192000 217.632000 54
217.760000 218.240000 61
218.496000 218.784000 61
219.136000 220.128000 53
220.352000 220.640000 54
220.640000 221.344000 58
222.272000 223.392000 54
223.616000 223.744000 56
224.288000 224.608000 58
225.120000 225.280000 55
225.440000 225.728000 52
225.728000 227.072000 55
227.904000 228.480000 54
228.608000 229.216000 54
229.216000 230.208000 61
230.336000 230.784000 61
230.784000 231.168000 63
231.424000 232.032000 65
232.032000 232.800000 61
233.568000 234.528000 63
234.624000 234.880000 66
235.040000 235.296000 61
235.296000 235.584000 58
235.712000 235.968000 58
236.128000 236.288000 58
236.480000 236.672000 59
236.864000 237.024000 58
237.312000 237.472000 53
237.600000 238.752000 54
239.488000 239.552000 60
239.552000 240.160000 63
240.160000 240.640000 66
240.800000 241.184000 61
241.184000 241.760000 58
241.920000 242.912000 58
243.456000 244.480000 55
245.376000 246.208000 63
246.208000 246.784000 65
246.912000 247.936000 66
248.096000 249.120000 58
249.760000 250.176000 55
251.072000 252.192000 54
