1.248000 7.168000 63
7.488000 8.704000 61
8.928000 9.856000 61
10.528000 11.264000 67
11.328000 12.000000 63
12.160000 12.256000 63
12.352000 13.408000 65
25.216000 25.920000 56
26.208000 26.528000 56
26.624000 26.784000 56
26.944000 27.264000 56
27.264000 27.552000 62
27.680000 27.936000 63
28.064000 28.736000 61
28.864000 31.840000 56
32.864000 33.152000 56
33.280000 33.568000 58
33.568000 34.048000 68
34.048000 35.360000 66
35.360000 35.936000 61
36.032000 36.384000 66
36.384000 37.824000 62
38.496000 38.688000 66
38.848000 39.968000 61
40.064000 40.352000 59
40.448000 41.952000 61
42.464000 43.488000 62
43.648000 44.800000 59
45.216000 45.408000 61
45.408000 46.112000 63
46.112000 46.752000 61
47.264000 48.352000 56
48.448000 48.768000 54
48.928000 49.664000 58
49.664000 51.392000 55
52.224000 52.352000 56
52.512000 52.864000 57
52.864000 53.120000 62
53.248000 53.504000 63
53.664000 53.856000 59
53.856000 54.336000 61
54.336000 54.400000 60
54.400000 55.136000 55
55.264000 56.672000 56
56.768000 57.248000 56
58.496000 59.488000 56
59.648000 60.192000 66
60.320000 60.864000 66
60.864000 60.896000 65
60.896000 60.992000 64
60.992000 61.120000 63
61.120000 62.720000 61
62.720000 65.536000 63
65.536000 65.952000 59
66.048000 66.688000 63
66.688000 67.520000 61
67.968000 68.096000 56
68.448000 69.152000 59
69.504000 70.208000 55
70.304000 70.432000 56
71.264000 72.448000 61
72.448000 72.960000 63
73.120000 73.280000 55
73.600000 73.760000 56
73.760000 75.264000 58
75.264000 76.224000 56
76.864000 77.152000 71
77.312000 77.632000 70
77.632000 79.040000 66
79.328000 79.392000 63
79.392000 79.552000 66
79.680000 80.352000 66
80.448000 82.752000 61
83.296000 83.424000 63
83.424000 84.000000 61
84.000000 84.928000 64
85.248000 85.440000 70
85.440000 86.176000 71
86.176000 88.768000 69
89.024000 89.120000 70
89.664000 90.208000 70
90.208000 91.616000 68
92.224000 92.384000 66
92.480000 93.184000 66
93.184000 93.824000 62
93.920000 94.048000 62
94.208000 94.560000 63
94.656000 95.872000 63
96.352000 96.736000 63
96.864000 96.928000 58
96.928000 97.056000 59
97.056000 98.336000 60
98.464000 99.296000 71
99.296000 99.904000 66
100.064000 104.576000 68
104.768000 105.024000 74
105.184000 106.080000 75
106.080000 106.528000 71
106.784000 109.280000 64
126.816000 127.040000 56
127.264000 128.672000 56
129.024000 129.152000 55
129.312000 129.632000 56
129.632000 129.920000 62
130.080000 130.304000 63
130.464000 131.136000 61
131.264000 131.424000 57
131.424000 131.936000 55
132.032000 132.288000 56
132.480000 134.272000 56
135.296000 136.288000 56
136.448000 136.960000 66
136.960000 137.184000 65
137.280000 137.536000 66
137.664000 140.288000 61
140.832000 141.152000 66
141.152000 141.696000 63
141.696000 142.560000 61
142.656000 142.752000 59
142.848000 144.352000 62
144.800000 144.896000 56
145.280000 145.952000 59
146.112000 146.176000 58
146.368000 147.616000 56
148.064000 149.248000 61
149.248000 149.792000 63
149.952000 150.112000 55
150.400000 150.464000 55
150.464000 150.656000 57
150.656000 152.096000 58
152.096000 152.992000 55
153.664000 153.952000 71
154.080000 154.432000 70
154.432000 155.840000 66
156.128000 156.192000 63
156.192000 156.352000 66
156.480000 156.832000 67
156.832000 157.120000 66
157.120000 159.520000 62
160.064000 160.832000 61
160.832000 161.728000 64
162.048000 162.240000 70
162.240000 162.976000 71
162.976000 165.568000 69
166.464000 167.008000 70
167.008000 168.512000 68
169.024000 169.184000 65
169.280000 169.984000 66
169.984000 170.624000 62
170.720000 170.880000 62
170.944000 172.704000 63
173.152000 173.536000 63
173.664000 174.400000 61
174.496000 175.136000 59
175.264000 176.064000 71
176.064000 176.736000 66
176.864000 180.448000 68
180.672000 180.832000 68
182.432000 182.752000 71
182.880000 183.232000 70
183.232000 184.640000 66
184.928000 185.152000 65
185.280000 185.952000 67
186.048000 186.976000 61
187.136000 188.224000 62
188.224000 188.800000 65
188.896000 189.024000 63
189.024000 189.632000 61
189.632000 190.560000 64
190.848000 191.008000 70
191.008000 191.776000 71
191.776000 192.480000 68
192.608000 194.464000 70
194.816000 194.848000 68
195.200000 195.872000 70
195.968000 197.280000 68
197.824000 197.984000 65
198.080000 198.720000 66
198.720000 201.504000 63
201.952000 202.336000 63
202.496000 202.592000 58
202.592000 202.656000 59
202.656000 203.936000 60
204.064000 204.896000 71
204.896000 205.568000 66
205.664000 209.984000 68
210.144000 211.680000 75
211.680000 214.848000 64
215.552000 218.080000 73
218.464000 219.392000 75
219.712000 220.064000 75
220.288000 221.056000 75
221.248000 221.344000 75
225.984000 226.272000 59
226.368000 226.496000 59
226.752000 226.976000 59
227.168000 227.680000 59
