7.136000 7.456000 52
7.744000 8.448000 53
8.896000 9.184000 59
9.568000 9.856000 62
10.656000 10.976000 60
11.296000 11.392000 59
11.872000 12.128000 57
12.128000 12.768000 61
15.200000 15.296000 53
15.680000 16.000000 58
16.096000 17.056000 56
17.152000 17.248000 56
17.440000 18.240000 57
18.944000 19.136000 50
19.136000 19.584000 52
22.016000 22.304000 56
22.304000 22.944000 61
23.200000 23.392000 63
23.616000 23.904000 62
24.000000 24.192000 63
24.384000 24.576000 59
24.736000 25.824000 57
25.952000 26.656000 61
29.024000 29.312000 56
29.312000 30.112000 59
30.240000 30.560000 61
30.944000 31.648000 60
31.744000 32.192000 63
32.480000 32.800000 63
33.120000 33.984000 61
67.104000 67.520000 60
67.744000 68.224000 63
68.864000 69.376000 60
69.472000 69.760000 60
69.760000 70.624000 58
70.784000 71.136000 61
73.376000 73.472000 59
73.728000 73.824000 56
73.952000 75.328000 56
75.424000 75.520000 56
75.680000 76.032000 56
76.288000 76.576000 56
77.184000 77.952000 53
80.352000 80.576000 55
80.576000 80.640000 57
80.640000 81.280000 61
81.440000 81.664000 63
81.856000 82.464000 63
82.592000 82.784000 60
82.976000 83.968000 56
84.096000 85.056000 61
87.456000 87.648000 56
87.648000 88.448000 59
88.544000 88.800000 61
89.184000 89.824000 60
89.824000 90.432000 63
90.720000 91.040000 63
91.360000 92.224000 61
94.528000 94.752000 64
94.880000 95.168000 63
95.168000 95.392000 65
95.392000 95.488000 66
95.488000 96.352000 67
96.512000 96.800000 63
96.800000 97.120000 65
97.120000 97.600000 68
97.984000 98.208000 65
98.304000 98.688000 64
98.784000 99.296000 68
99.456000 99.808000 68
100.960000 101.856000 60
102.048000 102.880000 58
103.072000 103.360000 60
103.360000 103.712000 61
103.712000 105.408000 65
108.256000 108.832000 63
108.832000 109.056000 65
109.056000 109.280000 68
109.440000 109.696000 68
109.696000 110.656000 65
110.784000 110.976000 68
111.104000 111.328000 68
111.744000 112.000000 65
112.096000 112.288000 63
112.288000 113.440000 68
114.624000 115.616000 60
115.776000 115.968000 61
115.968000 116.128000 59
116.128000 116.640000 58
116.640000 118.080000 60
118.080000 118.304000 56
118.304000 119.424000 61
135.648000 135.712000 58
135.712000 136.160000 61
136.320000 136.832000 63
137.376000 137.536000 58
137.536000 138.496000 60
138.496000 138.944000 56
138.944000 139.936000 61
142.368000 142.464000 56
142.560000 145.152000 56
145.152000 146.592000 52
148.928000 149.024000 55
149.024000 149.184000 56
149.184000 149.408000 58
149.408000 149.920000 61
150.048000 150.656000 63
150.656000 151.296000 61
151.520000 152.064000 56
152.064000 152.640000 58
152.640000 153.120000 61
155.776000 156.000000 55
156.000000 156.288000 56
156.288000 156.736000 59
156.896000 157.632000 59
157.984000 158.880000 61
159.072000 160.512000 61
163.072000 163.200000 63
163.200000 163.392000 65
163.392000 163.648000 63
163.648000 164.032000 65
164.032000 164.928000 68
165.024000 165.408000 63
165.408000 165.760000 65
165.760000 166.144000 68
166.496000 166.720000 65
166.848000 167.040000 63
167.040000 167.328000 65
167.328000 167.808000 68
167.968000 168.480000 68
169.536000 170.432000 60
170.624000 171.488000 59
171.648000 171.968000 60
172.096000 174.304000 65
176.800000 177.376000 63
177.376000 177.664000 65
177.664000 178.144000 68
178.272000 178.528000 65
178.528000 178.656000 71
178.656000 179.328000 64
179.328000 179.872000 68
180.288000 180.512000 64
180.640000 180.864000 63
180.864000 181.024000 65
181.024000 182.016000 68
183.264000 184.160000 60
184.384000 184.992000 58
185.376000 185.600000 60
185.696000 186.016000 61
186.016000 186.208000 63
186.208000 186.496000 61
186.720000 186.752000 57
187.040000 187.936000 61
190.560000 193.120000 64
193.120000 194.848000 61
197.408000 197.504000 58
197.504000 197.568000 59
197.568000 199.136000 61
199.136000 201.792000 63
204.256000 207.648000 64
207.648000 208.832000 61
211.136000 215.680000 61
217.920000 218.208000 66
218.304000 218.560000 65
218.560000 218.688000 67
218.688000 218.784000 72
218.784000 218.944000 68
218.944000 219.232000 70
219.232000 219.360000 72
219.360000 221.152000 67
221.376000 221.568000 67
221.728000 221.920000 65
222.016000 222.240000 67
222.240000 222.720000 70
222.880000 223.296000 70
224.384000 225.760000 62
225.760000 226.112000 58
226.496000 226.816000 62
226.912000 227.392000 64
227.488000 229.408000 67
231.616000 232.384000 66
232.512000 233.216000 70
233.376000 234.080000 66
234.208000 234.880000 70
234.880000 236.224000 67
236.224000 237.184000 73
237.184000 237.600000 70
238.112000 238.336000 63
238.336000 239.040000 61
239.232000 240.032000 60
240.288000 240.640000 62
240.640000 241.344000 64
241.504000 241.888000 58
241.888000 242.752000 63
245.376000 245.760000 66
245.856000 246.176000 65
246.368000 246.496000 67
246.880000 247.008000 67
247.456000 248.160000 65
249.472000 249.632000 67
249.824000 250.144000 65
250.240000 250.368000 66
250.496000 250.720000 70
250.944000 251.264000 73
251.424000 252.064000 73
255.264000 256.000000 61
256.160000 256.384000 62
256.608000 256.768000 63
256.768000 257.184000 60
258.560000 258.752000 62
258.976000 259.168000 63
259.360000 259.744000 65
262.208000 262.464000 59
263.584000 263.680000 60
263.776000 264.416000 62
271.552000 271.872000 61
273.888000 274.272000 61
275.296000 275.680000 58
279.040000 279.776000 58
279.872000 280.000000 62
280.320000 280.512000 61
280.608000 280.800000 62
282.784000 282.976000 62
283.136000 283.264000 63
