15.520000 15.808000 52
15.808000 15.936000 53
15.936000 16.768000 55
16.864000 17.088000 56
17.280000 18.240000 56
19.328000 19.808000 57
19.904000 20.736000 58
20.832000 21.088000 56
21.088000 22.272000 52
23.456000 23.744000 52
23.840000 24.256000 54
24.256000 24.640000 56
24.800000 26.112000 56
26.816000 27.552000 55
27.552000 28.224000 52
28.800000 30.080000 53
31.392000 31.680000 52
31.808000 34.112000 56
35.008000 35.680000 57
35.776000 37.056000 57
37.312000 37.568000 54
37.696000 39.136000 57
40.160000 40.960000 56
40.960000 41.504000 64
42.144000 42.720000 55
42.720000 43.584000 54
43.680000 45.568000 52
47.168000 47.520000 52
47.520000 48.480000 54
48.608000 48.832000 56
48.960000 50.144000 56
51.040000 52.672000 57
52.672000 53.856000 52
55.136000 55.904000 53
56.032000 56.480000 56
56.576000 56.704000 56
56.960000 57.824000 56
58.528000 58.944000 55
59.040000 59.808000 52
60.512000 62.368000 53
62.720000 63.904000 52
64.032000 64.352000 56
64.480000 66.176000 56
66.976000 67.808000 57
67.968000 68.256000 57
68.448000 70.944000 52
71.936000 72.576000 56
72.768000 73.248000 63
73.920000 74.368000 56
74.688000 77.824000 64
78.368000 78.496000 66
78.496000 79.008000 67
79.008000 79.104000 66
79.104000 79.680000 64
79.680000 79.840000 68
79.840000 80.544000 61
80.672000 82.080000 66
82.176000 83.296000 66
83.296000 83.680000 64
83.872000 84.288000 59
84.288000 84.512000 65
84.608000 85.888000 64
86.272000 86.336000 65
86.336000 87.008000 67
87.008000 87.744000 64
87.744000 87.936000 60
87.936000 88.224000 61
88.224000 89.376000 66
89.568000 89.728000 68
89.728000 90.080000 69
90.080000 90.752000 67
90.752000 91.232000 64
91.744000 92.128000 68
92.224000 92.736000 68
92.736000 93.312000 66
93.472000 93.632000 67
93.632000 95.456000 68
95.456000 96.256000 72
96.256000 97.792000 67
98.208000 99.328000 66
99.488000 100.032000 71
100.160000 101.088000 65
101.088000 102.240000 64
102.912000 103.264000 59
103.392000 104.032000 57
104.160000 104.224000 61
104.224000 104.416000 63
104.512000 104.768000 64
105.088000 105.216000 65
105.440000 106.368000 68
106.368000 107.008000 66
107.104000 111.424000 64
122.688000 123.392000 54
123.488000 123.840000 56
124.000000 124.192000 56
124.352000 125.408000 56
126.528000 128.224000 57
128.224000 129.216000 52
130.560000 131.328000 53
131.456000 132.096000 56
132.224000 133.280000 56
133.952000 134.528000 55
134.528000 135.168000 52
136.000000 137.728000 54
138.496000 139.232000 53
139.360000 139.744000 56
139.840000 141.376000 56
141.568000 141.760000 56
142.400000 142.880000 56
142.880000 143.200000 59
143.360000 143.712000 57
143.808000 144.064000 56
144.064000 144.736000 52
144.832000 144.896000 63
144.896000 145.824000 66
145.824000 146.720000 64
147.328000 147.904000 56
148.160000 148.640000 64
149.312000 149.792000 55
150.112000 153.184000 64
153.760000 154.528000 67
154.528000 155.136000 64
155.168000 155.232000 67
155.360000 155.616000 61
155.712000 155.936000 66
156.032000 157.280000 66
157.728000 157.856000 66
157.856000 158.400000 68
158.400000 159.104000 64
159.648000 159.840000 66
160.000000 160.608000 66
160.704000 161.312000 64
161.632000 161.696000 65
161.696000 162.304000 67
162.304000 162.944000 64
162.944000 163.072000 67
163.072000 163.776000 62
163.776000 164.800000 66
164.960000 165.600000 68
165.600000 166.048000 67
166.048000 166.592000 64
167.136000 167.488000 68
167.584000 169.312000 67
169.600000 170.720000 68
170.880000 171.488000 72
171.488000 173.248000 67
173.568000 174.752000 66
174.880000 175.424000 70
175.552000 176.384000 66
176.384000 177.216000 64
177.344000 177.888000 64
178.272000 178.624000 59
178.752000 179.392000 57
179.520000 179.584000 61
179.584000 179.776000 63
179.872000 180.128000 64
180.544000 180.640000 66
180.832000 181.728000 68
181.728000 182.400000 66
182.496000 184.800000 64
185.408000 186.368000 66
186.368000 186.720000 64
186.720000 187.424000 61
187.424000 187.680000 66
187.776000 188.928000 66
189.376000 190.176000 67
190.176000 190.784000 64
191.040000 191.296000 59
191.424000 191.584000 65
191.712000 192.288000 66
192.384000 192.576000 68
192.576000 193.056000 64
193.344000 193.408000 65
193.408000 194.144000 67
194.144000 194.720000 64
194.720000 194.880000 67
194.880000 195.360000 61
195.360000 196.544000 65
196.704000 197.824000 67
197.824000 198.400000 64
198.624000 198.848000 59
198.848000 199.232000 68
199.360000 199.968000 68
200.128000 201.152000 68
201.312000 202.496000 68
202.592000 203.360000 72
203.360000 204.448000 67
204.576000 204.896000 66
205.312000 206.432000 66
206.560000 207.168000 70
207.168000 210.720000 64
212.256000 212.384000 59
212.544000 213.056000 56
213.216000 213.760000 64
214.208000 214.336000 66
214.528000 215.776000 68
215.776000 216.096000 66
216.192000 223.552000 64
