16.704000 17.376000 65
17.504000 17.920000 65
18.432000 18.624000 62
18.624000 19.040000 66
19.136000 19.488000 60
19.616000 19.808000 60
19.936000 20.864000 58
21.056000 21.856000 58
22.688000 23.232000 61
24.256000 24.736000 64
24.832000 25.504000 65
26.080000 26.240000 62
26.240000 26.720000 65
26.720000 27.072000 61
27.232000 27.456000 60
27.456000 27.680000 58
27.968000 29.280000 58
29.376000 29.504000 58
29.600000 29.728000 58
29.728000 30.688000 59
30.688000 30.944000 58
32.448000 33.280000 65
33.408000 33.760000 62
33.888000 34.144000 66
34.240000 34.720000 60
34.720000 35.104000 58
35.584000 35.680000 58
35.808000 37.408000 58
37.728000 38.304000 63
38.304000 38.464000 62
40.032000 40.800000 64
41.024000 41.344000 63
41.504000 41.856000 65
41.856000 42.208000 61
42.304000 42.720000 58
43.200000 43.392000 58
43.392000 43.424000 62
43.424000 44.608000 66
44.608000 47.200000 65
49.472000 49.536000 68
49.536000 49.696000 72
49.888000 49.984000 74
50.080000 50.240000 74
50.240000 51.520000 72
51.520000 51.712000 74
51.712000 53.056000 65
53.056000 54.496000 68
54.688000 55.424000 62
56.064000 56.800000 59
57.216000 57.376000 65
57.376000 57.536000 67
57.696000 57.952000 65
58.464000 59.040000 64
59.616000 59.680000 61
59.680000 60.448000 65
60.544000 60.768000 60
60.864000 62.208000 62
64.800000 64.864000 52
64.864000 66.080000 55
66.272000 66.880000 60
67.008000 68.288000 65
68.288000 68.928000 68
69.088000 69.216000 67
69.408000 69.504000 69
69.504000 69.760000 65
69.920000 70.528000 60
70.528000 71.104000 62
71.360000 72.064000 59
72.416000 73.248000 65
73.408000 73.568000 63
73.664000 74.240000 64
75.296000 75.840000 60
75.840000 76.128000 65
76.224000 76.608000 61
76.736000 79.200000 58
94.848000 95.200000 64
95.296000 95.456000 65
95.616000 95.904000 65
96.512000 96.608000 62
96.704000 97.120000 65
97.216000 97.568000 61
97.664000 97.888000 60
98.016000 98.304000 58
98.432000 99.968000 58
100.064000 100.160000 58
100.768000 100.832000 59
100.832000 101.280000 61
102.304000 103.648000 65
104.128000 104.352000 62
104.352000 104.672000 66
104.832000 105.152000 60
105.344000 106.496000 58
106.720000 106.912000 60
107.008000 108.096000 59
108.096000 108.256000 61
108.448000 108.864000 58
110.528000 111.360000 65
111.488000 111.872000 62
111.968000 112.320000 66
112.320000 112.640000 61
112.768000 113.152000 58
113.696000 113.792000 58
113.888000 114.240000 59
114.336000 115.200000 58
115.328000 115.552000 58
115.776000 116.192000 64
116.192000 116.480000 62
118.176000 118.528000 64
118.624000 118.976000 65
119.072000 119.584000 62
119.584000 119.904000 65
119.904000 120.832000 59
121.312000 121.504000 58
121.504000 121.536000 65
121.536000 121.664000 68
121.664000 122.048000 70
122.048000 122.784000 66
122.784000 123.296000 63
123.456000 125.376000 65
125.760000 125.824000 71
125.824000 125.920000 72
125.920000 126.496000 74
126.496000 127.904000 72
128.032000 128.544000 65
128.640000 129.216000 65
129.216000 129.536000 67
129.536000 130.080000 70
130.080000 130.720000 67
130.848000 131.584000 62
132.256000 132.960000 59
133.408000 133.760000 66
133.856000 134.144000 65
134.656000 135.168000 65
135.840000 135.968000 63
136.064000 136.448000 65
136.544000 137.568000 61
137.664000 137.984000 61
140.928000 140.992000 69
140.992000 141.088000 71
141.088000 142.048000 74
142.048000 143.072000 72
143.200000 144.448000 65
144.448000 145.664000 69
145.792000 145.984000 65
146.112000 147.136000 60
147.520000 148.256000 59
148.576000 148.640000 62
148.640000 149.472000 66
149.600000 149.760000 63
149.856000 150.528000 65
151.296000 151.808000 60
151.968000 152.032000 62
152.032000 152.352000 65
152.448000 152.800000 61
152.928000 153.280000 58
153.408000 154.592000 58
166.464000 166.656000 72
166.656000 166.944000 74
167.872000 167.968000 70
171.424000 171.488000 69
171.488000 171.520000 72
171.520000 172.672000 74
172.672000 173.024000 71
173.024000 173.600000 73
173.728000 174.272000 66
174.368000 174.944000 66
174.944000 175.264000 68
175.264000 176.448000 70
176.608000 177.216000 63
178.016000 178.688000 60
179.136000 179.808000 66
179.808000 179.968000 62
180.064000 180.224000 60
180.320000 180.928000 66
181.024000 181.184000 66
181.312000 181.376000 63
181.504000 181.632000 66
181.952000 182.144000 65
182.240000 183.744000 62
183.872000 184.000000 62
184.960000 185.056000 62
185.600000 185.728000 63
186.688000 186.752000 68
186.752000 187.968000 74
187.968000 188.832000 73
188.960000 190.176000 66
190.176000 190.528000 68
190.528000 190.976000 71
190.976000 191.488000 69
191.488000 192.768000 62
193.216000 193.600000 60
193.696000 194.016000 59
194.336000 195.136000 66
195.296000 195.488000 64
195.584000 195.808000 64
195.808000 196.096000 66
196.992000 197.088000 60
197.216000 197.760000 59
198.144000 198.496000 67
198.624000 198.944000 66
199.104000 199.296000 64
199.392000 200.576000 66
200.800000 201.376000 66
201.504000 201.856000 66
201.984000 202.336000 63
202.464000 202.816000 59
202.944000 204.800000 59
