21.952000 22.112000 55
22.240000 22.592000 56
23.008000 23.232000 58
23.360000 24.128000 59
24.224000 25.056000 55
26.592000 26.944000 55
27.136000 27.296000 56
27.424000 27.552000 57
27.680000 27.904000 58
28.032000 28.352000 60
28.352000 28.832000 63
29.120000 29.376000 63
29.376000 30.272000 60
30.880000 31.136000 60
31.136000 31.424000 63
31.520000 31.872000 63
32.352000 32.576000 65
32.576000 33.184000 67
33.312000 33.504000 64
33.696000 34.240000 63
34.400000 35.232000 59
35.392000 35.648000 60
36.160000 36.480000 56
36.640000 36.928000 58
37.088000 37.312000 56
37.856000 38.080000 59
38.080000 39.040000 57
40.576000 40.736000 55
40.864000 40.960000 55
41.120000 41.376000 55
41.568000 41.856000 58
42.016000 42.432000 59
42.528000 42.784000 58
42.784000 43.456000 55
45.120000 45.280000 55
45.440000 45.664000 55
45.792000 45.952000 56
46.080000 46.208000 56
46.368000 46.592000 58
46.688000 47.168000 60
47.168000 47.968000 63
47.968000 48.800000 60
49.568000 49.792000 60
49.920000 50.464000 63
50.976000 51.200000 65
51.392000 51.584000 68
51.584000 51.776000 65
51.904000 52.032000 65
52.384000 52.928000 63
53.024000 53.856000 58
54.016000 54.240000 60
54.848000 55.040000 56
55.296000 55.584000 58
55.712000 55.936000 56
56.192000 56.512000 55
56.704000 56.896000 58
57.152000 58.336000 56
58.848000 59.776000 65
59.936000 60.512000 65
60.864000 61.120000 60
61.120000 61.440000 63
61.536000 62.656000 63
63.552000 64.032000 59
64.192000 64.448000 56
64.576000 64.864000 56
65.024000 65.312000 55
65.312000 65.472000 56
65.472000 66.080000 61
66.240000 67.296000 60
68.224000 68.416000 59
68.544000 68.736000 58
68.928000 69.600000 56
69.696000 69.920000 57
70.208000 70.400000 56
71.168000 71.616000 63
71.616000 71.680000 61
71.680000 71.936000 58
71.936000 72.608000 62
73.120000 73.408000 60
73.408000 74.784000 65
74.912000 75.360000 63
75.456000 77.952000 63
79.712000 80.032000 68
80.160000 80.320000 70
80.480000 80.960000 75
81.056000 81.280000 75
81.280000 81.536000 72
81.664000 82.016000 72
82.176000 83.392000 70
85.152000 86.688000 67
86.688000 87.104000 63
87.232000 88.352000 68
89.536000 89.984000 65
90.080000 90.464000 68
90.656000 91.200000 68
91.200000 91.936000 65
92.128000 92.928000 75
93.088000 93.728000 68
94.528000 95.136000 68
95.264000 95.488000 68
95.616000 96.128000 66
96.128000 96.352000 65
96.512000 97.568000 70
98.336000 98.720000 68
98.848000 98.976000 70
99.136000 99.264000 73
99.264000 100.160000 75
100.288000 100.672000 72
100.832000 101.952000 70
103.776000 103.904000 65
104.000000 104.224000 67
104.352000 105.248000 67
105.792000 107.040000 68
108.288000 108.960000 65
108.960000 109.856000 68
109.856000 110.496000 65
110.720000 111.584000 75
111.584000 111.648000 71
111.744000 112.384000 68
113.056000 113.600000 65
113.600000 115.456000 68
116.288000 116.512000 70
116.672000 119.712000 68
141.088000 141.408000 56
141.632000 142.048000 56
142.240000 142.624000 59
142.720000 143.008000 58
143.136000 143.616000 55
146.592000 146.784000 58
146.880000 147.200000 60
147.296000 147.680000 63
147.808000 148.064000 63
148.064000 148.896000 60
149.760000 149.952000 60
150.112000 150.592000 63
151.168000 151.360000 64
151.584000 151.776000 68
151.776000 152.000000 65
152.096000 152.192000 65
152.416000 153.120000 63
153.248000 154.048000 59
154.176000 154.432000 60
155.040000 155.168000 55
155.456000 155.712000 58
155.872000 156.064000 56
156.832000 156.992000 58
159.040000 160.032000 65
160.256000 161.632000 65
161.632000 162.784000 63
163.744000 164.192000 59
164.736000 165.056000 56
165.504000 165.696000 57
165.792000 166.272000 61
166.464000 168.032000 60
168.384000 168.640000 58
168.768000 168.960000 59
169.216000 169.664000 56
169.888000 170.048000 56
170.496000 170.624000 56
171.328000 171.808000 63
171.808000 172.064000 58
172.192000 172.480000 63
172.480000 172.800000 60
173.344000 178.400000 63
180.096000 180.224000 68
180.384000 180.512000 70
181.024000 181.152000 75
181.280000 181.504000 75
181.504000 181.728000 72
181.888000 182.208000 72
182.432000 182.624000 68
182.752000 183.424000 70
185.344000 186.880000 67
186.976000 187.296000 63
187.456000 188.544000 68
189.696000 189.888000 66
189.888000 190.272000 65
190.272000 190.688000 68
190.880000 191.392000 68
191.392000 192.224000 65
192.320000 193.056000 75
193.056000 193.888000 68
194.624000 195.328000 68
195.456000 195.648000 68
195.776000 196.192000 67
196.192000 196.544000 65
196.704000 197.856000 70
198.592000 198.912000 68
199.008000 199.200000 70
199.360000 199.552000 73
199.552000 200.320000 75
200.480000 200.832000 72
200.992000 201.280000 68
201.376000 202.144000 70
204.032000 205.600000 67
205.696000 205.856000 63
205.952000 206.944000 68
208.384000 209.120000 65
209.120000 210.112000 68
210.112000 210.848000 65
210.976000 211.808000 75
211.904000 212.576000 68
213.152000 213.728000 65
213.728000 215.488000 68
216.416000 216.704000 70
216.832000 220.992000 68
221.792000 222.144000 68
222.272000 222.432000 70
222.592000 222.752000 72
222.752000 223.616000 75
223.744000 224.128000 72
224.288000 225.472000 70
227.200000 228.672000 67
228.672000 229.184000 63
229.312000 230.176000 68
231.776000 231.872000 62
231.872000 232.160000 65
232.160000 232.576000 68
232.768000 233.376000 68
233.376000 234.016000 65
234.208000 234.976000 75
234.976000 235.808000 68
236.544000 237.216000 68
237.344000 238.016000 68
238.016000 238.368000 71
238.528000 240.160000 71
240.448000 240.832000 68
240.960000 241.120000 70
241.280000 241.408000 73
241.408000 242.272000 75
242.400000 242.912000 72
243.040000 244.128000 70
245.984000 246.368000 67
246.464000 247.456000 67
247.648000 247.808000 63
247.936000 249.056000 68
250.368000 251.104000 65
251.104000 252.000000 68
252.000000 252.768000 65
252.896000 253.728000 75
253.728000 254.656000 68
255.136000 255.808000 65
255.808000 257.280000 68
258.464000 258.688000 70
258.880000 259.296000 68
259.456000 259.680000 65
259.808000 261.984000 68
264.608000 264.736000 63
264.736000 265.280000 65
265.280000 266.944000 68
269.216000 269.472000 70
269.664000 270.208000 69
270.656000 270.944000 65
271.168000 274.048000 68
