18.624000 18.752000 66
18.880000 19.392000 64
19.584000 19.648000 63
19.648000 19.776000 64
19.776000 20.256000 65
20.256000 21.024000 67
21.152000 21.536000 66
21.632000 22.208000 65
22.208000 23.360000 62
23.456000 23.808000 61
23.936000 24.064000 58
24.256000 24.704000 56
25.760000 26.112000 55
26.272000 27.104000 58
27.616000 28.064000 58
28.064000 28.448000 60
28.576000 29.376000 59
29.472000 30.656000 58
31.296000 31.648000 58
31.744000 31.808000 59
31.808000 32.064000 62
32.256000 32.672000 61
32.768000 33.024000 58
33.216000 33.600000 54
33.600000 34.464000 58
34.560000 34.880000 56
35.456000 36.000000 58
36.416000 36.736000 55
36.864000 38.592000 58
40.768000 40.928000 65
40.928000 41.120000 63
41.120000 41.632000 65
41.760000 42.272000 65
42.400000 42.560000 66
42.656000 43.168000 67
43.296000 43.712000 66
43.776000 44.608000 65
44.608000 45.024000 61
45.152000 45.984000 61
45.984000 46.080000 59
46.080000 46.880000 56
47.904000 48.032000 53
48.032000 48.608000 56
48.608000 49.184000 58
49.728000 51.616000 59
51.616000 53.280000 56
55.552000 55.648000 57
55.776000 56.288000 59
56.288000 57.024000 65
57.184000 57.664000 63
57.664000 58.432000 65
58.528000 60.640000 63
62.656000 62.816000 66
62.944000 63.200000 68
63.200000 63.520000 69
63.520000 63.968000 66
64.064000 64.128000 69
64.128000 64.864000 72
64.864000 65.376000 68
65.536000 65.824000 61
65.952000 66.368000 72
66.368000 66.752000 65
66.912000 67.232000 64
67.328000 67.520000 66
67.520000 67.872000 63
67.872000 68.448000 66
68.576000 69.440000 70
69.920000 70.464000 69
70.560000 70.624000 66
70.624000 70.976000 68
70.976000 71.648000 70
71.744000 72.032000 68
72.352000 72.416000 62
72.416000 72.448000 63
72.448000 72.576000 65
72.576000 73.472000 68
73.632000 73.792000 63
74.272000 74.400000 62
74.496000 76.224000 65
76.224000 76.576000 58
76.576000 76.736000 64
76.832000 77.024000 63
77.440000 77.600000 65
77.728000 78.528000 68
78.528000 78.752000 66
78.848000 78.912000 70
78.912000 79.008000 71
79.008000 79.680000 73
79.776000 80.128000 68
80.256000 80.704000 61
80.704000 81.024000 72
81.152000 81.568000 65
81.568000 82.208000 64
82.336000 82.464000 63
82.560000 82.624000 63
82.624000 83.168000 66
83.328000 84.160000 70
84.640000 84.704000 65
84.704000 85.312000 70
85.312000 85.664000 67
85.792000 85.984000 70
86.112000 86.432000 70
86.560000 86.784000 67
87.200000 87.264000 63
87.264000 87.808000 66
87.904000 88.192000 69
88.576000 88.768000 63
88.768000 89.504000 65
89.504000 89.920000 63
90.400000 92.416000 68
93.216000 93.440000 67
93.440000 94.176000 65
94.176000 94.464000 61
94.752000 94.976000 58
95.072000 95.968000 63
96.064000 96.256000 63
112.768000 112.928000 66
112.928000 113.568000 64
113.696000 114.272000 65
114.400000 114.560000 66
114.656000 115.712000 66
115.712000 116.480000 65
116.480000 117.056000 61
117.216000 117.536000 63
117.632000 118.016000 61
118.016000 118.816000 56
119.520000 120.032000 54
120.032000 120.992000 57
121.632000 122.624000 61
122.624000 123.808000 58
123.808000 124.992000 56
126.208000 126.368000 63
127.552000 127.680000 58
127.776000 128.160000 58
128.160000 128.992000 65
129.152000 130.400000 64
130.496000 132.288000 63
132.384000 133.408000 77
134.688000 134.816000 66
134.976000 135.200000 68
135.200000 135.552000 69
135.552000 135.968000 66
136.064000 136.128000 71
136.128000 136.224000 71
136.224000 136.736000 73
136.736000 136.960000 70
137.056000 137.344000 68
137.536000 137.792000 61
137.952000 138.368000 72
138.368000 138.752000 65
138.912000 139.232000 64
139.328000 139.456000 66
139.552000 139.840000 63
139.840000 140.160000 65
140.256000 140.416000 68
140.544000 141.440000 70
141.696000 142.432000 69
142.528000 142.656000 67
142.656000 143.616000 69
143.744000 144.032000 68
144.384000 144.448000 63
144.448000 144.832000 66
144.832000 145.472000 68
145.600000 145.856000 63
146.080000 146.304000 63
146.304000 148.256000 65
148.256000 148.480000 57
148.576000 149.088000 63
149.472000 149.632000 66
149.728000 150.016000 68
150.016000 150.336000 69
150.336000 150.848000 66
150.848000 151.872000 71
151.872000 152.096000 68
152.288000 152.704000 61
152.704000 152.992000 72
153.152000 153.568000 65
153.664000 153.856000 62
153.856000 154.208000 65
154.336000 154.464000 63
154.560000 155.168000 66
155.296000 156.064000 70
156.448000 156.672000 70
156.672000 157.696000 69
157.792000 158.016000 70
158.112000 158.464000 70
158.592000 158.944000 68
159.168000 159.232000 62
159.232000 159.264000 63
159.264000 159.648000 66
159.648000 160.192000 68
160.544000 160.768000 63
160.768000 161.536000 65
161.536000 161.952000 63
162.368000 164.416000 68
165.088000 165.216000 68
165.216000 166.048000 65
166.240000 166.432000 61
170.496000 170.720000 57
170.720000 170.976000 62
170.976000 171.616000 65
171.616000 172.448000 62
172.448000 173.376000 69
173.472000 173.632000 66
173.888000 174.048000 66
174.048000 174.752000 63
174.912000 175.200000 65
175.552000 176.160000 65
176.160000 176.576000 62
176.736000 177.600000 63
177.856000 178.080000 60
178.080000 178.304000 65
178.304000 179.232000 68
179.232000 179.360000 66
179.488000 179.552000 67
179.552000 179.584000 69
179.584000 180.416000 73
180.416000 181.056000 69
181.408000 181.472000 61
181.472000 181.728000 63
181.728000 181.952000 65
182.048000 182.848000 68
183.104000 183.584000 65
184.160000 184.512000 65
184.640000 185.376000 65
185.600000 187.456000 63
188.224000 188.384000 66
188.512000 188.800000 68
188.800000 189.120000 69
189.120000 189.536000 66
189.632000 189.696000 70
189.696000 190.368000 72
190.368000 190.880000 68
191.040000 191.328000 61
191.488000 191.872000 72
191.872000 192.288000 65
192.384000 192.768000 63
192.864000 193.024000 66
193.024000 193.376000 63
193.376000 193.696000 66
193.792000 193.984000 68
194.112000 194.912000 70
195.264000 195.968000 70
196.096000 196.160000 66
196.160000 196.288000 67
196.288000 197.152000 70
197.280000 197.536000 67
197.920000 197.984000 64
197.984000 198.400000 66
198.400000 198.976000 68
199.104000 199.264000 62
199.584000 199.840000 62
199.840000 201.088000 65
201.184000 201.824000 65
201.824000 202.112000 58
202.112000 202.560000 63
202.944000 203.104000 65
203.232000 203.552000 68
203.552000 203.840000 69
203.840000 204.416000 66
204.416000 205.024000 73
205.024000 205.664000 69
205.824000 206.240000 61
206.240000 206.560000 72
206.688000 206.880000 65
206.976000 207.104000 64
207.200000 207.424000 63
207.424000 207.776000 66
207.872000 208.000000 63
208.096000 208.160000 63
208.160000 208.704000 66
208.864000 209.664000 70
210.176000 210.240000 66
210.240000 210.848000 70
210.848000 211.200000 68
211.328000 211.488000 70
211.648000 211.968000 70
212.096000 212.384000 68
212.768000 212.832000 65
212.832000 213.120000 66
213.120000 213.728000 68
214.048000 214.112000 63
214.112000 214.272000 64
214.272000 214.976000 65
214.976000 215.808000 63
215.936000 218.176000 68
218.720000 218.912000 68
219.040000 219.296000 65
219.392000 219.744000 65
219.840000 220.192000 60
221.184000 221.856000 63
225.920000 226.336000 77
