6.240000 6.624000 56
7.264000 8.032000 56
8.320000 8.896000 49
8.992000 9.568000 52
9.664000 10.208000 48
10.336000 10.912000 49
11.680000 12.192000 49
12.352000 13.920000 49
14.080000 15.648000 54
15.744000 16.416000 54
17.056000 17.120000 54
17.120000 18.112000 56
18.112000 18.464000 59
18.464000 20.576000 57
20.576000 21.984000 54
22.496000 22.912000 51
23.008000 23.744000 51
23.808000 24.736000 47
24.928000 25.184000 50
25.184000 25.984000 51
25.984000 26.432000 48
26.560000 27.488000 49
29.216000 29.664000 57
30.176000 30.816000 56
31.200000 31.648000 49
31.872000 32.352000 53
32.544000 33.120000 48
33.280000 33.920000 49
34.560000 34.656000 49
34.912000 35.840000 49
35.936000 36.448000 49
36.576000 36.896000 49
36.896000 39.648000 54
40.000000 43.616000 57
43.616000 45.120000 54
45.472000 46.400000 52
46.400000 48.000000 48
48.160000 48.608000 51
48.864000 48.960000 51
48.960000 49.440000 48
49.568000 50.976000 49
52.192000 53.184000 61
53.280000 53.472000 56
53.568000 54.560000 61
54.560000 56.160000 59
56.288000 57.280000 60
57.280000 58.208000 58
58.368000 59.008000 57
59.008000 60.384000 54
60.384000 60.960000 56
61.056000 61.344000 53
61.344000 62.816000 56
63.072000 64.096000 61
64.096000 64.448000 56
64.448000 66.688000 60
66.848000 67.168000 55
67.168000 68.512000 59
68.512000 69.088000 58
69.248000 69.568000 58
69.568000 69.920000 60
69.920000 70.432000 61
70.432000 71.168000 57
71.264000 72.480000 55
72.608000 73.440000 60
73.440000 73.856000 56
79.616000 80.000000 56
80.672000 80.896000 56
80.992000 81.504000 56
81.696000 81.888000 48
82.016000 82.208000 49
82.368000 82.944000 52
82.944000 83.552000 48
83.680000 84.448000 50
84.544000 84.640000 52
85.024000 85.632000 49
85.728000 87.360000 49
87.488000 89.024000 54
89.120000 90.016000 55
90.432000 90.496000 54
90.496000 91.488000 56
91.488000 91.904000 59
91.904000 94.048000 57
94.048000 95.616000 53
95.968000 97.248000 51
97.344000 98.208000 48
98.368000 98.656000 50
98.656000 99.424000 51
99.424000 99.936000 48
100.096000 101.280000 49
128.672000 129.664000 61
129.664000 129.984000 56
129.984000 131.008000 62
131.008000 132.608000 60
132.736000 133.696000 60
133.696000 134.592000 58
134.784000 135.424000 57
135.424000 136.768000 54
136.864000 137.440000 56
137.536000 137.856000 53
137.856000 139.360000 57
139.520000 140.544000 62
140.544000 140.896000 57
140.896000 141.952000 62
141.952000 143.104000 60
143.104000 145.568000 58
145.728000 146.080000 58
146.080000 147.424000 60
147.424000 148.992000 55
149.152000 149.984000 60
149.984000 150.368000 56
156.128000 156.576000 57
157.120000 157.888000 56
158.176000 158.720000 49
158.880000 159.456000 52
159.456000 160.064000 49
160.224000 160.704000 49
160.704000 161.088000 52
161.568000 162.848000 50
162.976000 163.520000 50
163.616000 163.968000 50
163.968000 166.496000 55
166.944000 170.752000 57
170.752000 172.032000 53
172.416000 173.312000 52
173.440000 173.728000 49
173.728000 174.752000 48
174.752000 175.680000 51
175.872000 175.968000 51
175.968000 176.480000 48
176.576000 178.336000 49
181.856000 182.816000 51
182.912000 183.104000 49
183.200000 184.480000 48
184.608000 185.056000 51
185.376000 185.504000 50
185.504000 185.952000 48
186.112000 187.776000 49
188.704000 190.016000 51
190.016000 191.328000 48
191.456000 192.000000 51
192.224000 192.800000 48
192.960000 194.912000 49
