13.056000 13.152000 55
19.936000 20.224000 56
20.800000 20.992000 57
22.304000 22.528000 57
28.256000 28.704000 57
28.704000 29.376000 60
29.728000 30.144000 57
30.144000 30.272000 59
30.432000 30.816000 60
31.168000 31.424000 62
31.552000 32.192000 64
32.192000 32.224000 62
32.224000 33.696000 60
34.048000 34.464000 62
34.464000 34.944000 64
35.136000 35.424000 60
35.424000 35.968000 57
35.968000 36.608000 60
36.704000 36.896000 56
37.024000 37.248000 55
37.408000 37.632000 53
37.792000 38.560000 55
38.848000 39.200000 53
39.200000 39.584000 55
40.000000 40.160000 57
40.352000 40.608000 59
40.736000 41.056000 60
41.440000 42.016000 57
42.144000 42.528000 60
42.880000 43.264000 62
43.264000 43.904000 64
43.904000 44.352000 60
44.352000 44.672000 65
44.736000 45.024000 67
45.120000 45.344000 68
45.376000 45.440000 64
45.472000 45.536000 62
45.824000 46.112000 57
46.240000 46.496000 60
46.592000 47.200000 57
47.296000 47.520000 55
47.616000 47.904000 53
48.000000 48.224000 52
48.352000 48.416000 56
48.416000 48.640000 59
48.736000 48.928000 60
48.928000 48.992000 58
48.992000 49.280000 53
49.504000 50.336000 53
50.912000 51.104000 57
51.264000 51.392000 57
51.552000 51.776000 55
51.872000 52.256000 53
52.384000 53.664000 53
65.216000 65.344000 58
67.264000 67.392000 57
67.456000 67.744000 57
68.608000 69.024000 57
69.472000 69.696000 57
70.304000 70.464000 50
70.848000 70.944000 50
71.040000 71.200000 50
71.488000 71.936000 50
72.000000 72.160000 53
72.512000 72.672000 50
72.864000 73.088000 52
73.248000 73.440000 50
74.336000 74.496000 55
74.688000 74.816000 55
74.976000 75.040000 55
75.168000 75.744000 55
75.968000 76.096000 56
76.224000 76.352000 56
77.120000 77.312000 56
78.048000 78.144000 59
78.784000 78.880000 60
80.960000 81.056000 48
81.728000 81.856000 47
82.432000 82.624000 48
82.784000 82.976000 50
83.136000 83.328000 50
83.520000 83.712000 50
84.224000 84.480000 50
84.512000 84.576000 50
84.576000 84.832000 52
84.832000 85.184000 50
85.600000 85.888000 50
86.112000 86.368000 55
86.656000 86.784000 57
87.072000 87.392000 55
87.552000 87.776000 55
87.872000 88.032000 57
88.160000 89.184000 55
89.632000 89.664000 57
90.080000 90.304000 54
90.816000 90.976000 55
90.976000 91.200000 53
91.264000 91.296000 53
91.552000 91.680000 55
91.872000 92.032000 62
92.480000 92.672000 67
93.280000 93.376000 67
93.568000 94.656000 62
94.848000 95.040000 62
95.232000 95.648000 64
95.936000 96.096000 62
96.096000 96.416000 59
96.640000 96.960000 62
97.088000 97.248000 64
97.408000 98.208000 60
98.368000 98.528000 61
98.752000 99.712000 60
99.968000 100.352000 57
100.736000 100.800000 59
100.864000 100.928000 60
100.960000 101.024000 59
101.568000 101.952000 58
102.208000 102.496000 60
102.848000 103.072000 62
103.232000 103.520000 64
103.680000 103.872000 65
103.872000 104.160000 60
104.352000 104.736000 57
104.768000 105.024000 62
105.120000 105.408000 60
105.760000 106.240000 62
106.336000 106.720000 64
106.816000 107.168000 60
107.200000 107.584000 57
107.744000 108.000000 62
108.032000 108.256000 60
108.288000 108.608000 56
108.768000 109.312000 54
109.504000 110.304000 55
110.976000 111.072000 54
111.520000 111.840000 57
112.032000 112.768000 60
113.152000 113.600000 57
113.600000 113.760000 60
113.856000 114.368000 60
114.592000 114.944000 62
114.944000 115.648000 64
115.648000 115.968000 60
116.064000 116.416000 65
116.416000 116.704000 67
116.800000 116.992000 67
116.992000 117.184000 69
117.184000 117.248000 62
117.504000 117.664000 57
117.920000 118.016000 60
118.272000 118.816000 58
119.008000 119.232000 55
119.424000 119.680000 53
119.744000 119.968000 52
120.192000 120.416000 48
120.512000 120.736000 48
120.832000 120.960000 51
121.216000 122.112000 53
122.752000 123.040000 57
123.264000 123.424000 55
123.616000 125.824000 53
135.360000 135.744000 57
136.448000 136.544000 57
137.728000 137.824000 59
138.016000 138.144000 60
138.624000 138.816000 60
139.584000 139.776000 56
140.416000 140.544000 56
141.728000 142.240000 49
142.496000 142.656000 49
142.752000 143.008000 50
143.168000 143.648000 50
144.096000 144.384000 51
144.640000 144.672000 52
145.312000 145.536000 56
145.664000 145.824000 51
146.048000 146.144000 55
147.104000 147.424000 55
148.352000 148.448000 55
148.960000 149.056000 52
149.760000 149.920000 48
150.656000 150.880000 46
152.256000 152.384000 46
153.504000 154.048000 49
154.240000 154.688000 50
154.912000 155.584000 51
155.968000 156.128000 50
156.448000 156.544000 51
156.672000 156.992000 49
157.408000 157.568000 50
157.888000 158.208000 55
158.368000 158.560000 57
158.784000 159.104000 55
159.584000 161.248000 56
161.408000 161.472000 57
161.632000 161.792000 56
161.824000 161.888000 55
162.400000 162.656000 55
163.104000 163.392000 55
163.744000 164.096000 58
164.192000 164.480000 55
164.544000 164.896000 53
165.120000 165.216000 60
165.216000 165.664000 62
165.664000 165.856000 60
165.888000 166.048000 61
166.144000 166.688000 62
166.688000 167.168000 64
167.488000 167.968000 62
168.192000 168.704000 62
168.864000 169.312000 62
169.440000 169.920000 60
170.080000 170.304000 62
170.432000 172.320000 60
173.056000 173.696000 57
173.824000 173.888000 58
173.888000 174.400000 59
174.464000 174.496000 57
174.560000 174.624000 57
174.656000 175.104000 57
175.360000 175.904000 60
176.096000 176.320000 62
176.512000 176.704000 64
176.864000 177.184000 65
177.184000 177.472000 60
177.472000 177.920000 57
178.016000 178.272000 62
178.336000 178.816000 60
178.976000 179.392000 62
179.488000 179.840000 64
179.840000 180.032000 65
180.032000 180.352000 60
180.352000 180.800000 57
180.800000 181.792000 60
181.952000 182.208000 55
182.304000 182.528000 53
182.848000 183.488000 55
183.712000 184.448000 54
184.608000 184.992000 58
185.216000 185.856000 60
186.304000 186.880000 57
187.040000 187.360000 60
187.744000 188.000000 62
188.096000 188.800000 64
188.800000 189.280000 60
189.280000 190.464000 67
190.720000 190.976000 57
191.072000 191.360000 60
191.360000 192.064000 58
192.192000 192.384000 55
192.544000 192.768000 53
192.896000 193.120000 52
193.312000 193.536000 48
193.696000 193.888000 48
194.016000 194.208000 52
194.400000 195.264000 53
195.904000 196.320000 57
196.448000 196.640000 55
196.736000 197.120000 53
197.248000 197.408000 53
197.504000 198.080000 53
198.272000 198.528000 53
213.312000 213.696000 56
214.112000 214.496000 57
214.496000 215.200000 60
215.584000 216.032000 57
216.032000 216.160000 60
216.320000 216.672000 60
217.024000 217.280000 62
217.408000 218.080000 64
218.080000 218.112000 62
218.112000 218.432000 60
218.432000 218.880000 57
218.880000 219.584000 60
219.680000 219.776000 60
219.936000 220.288000 62
220.288000 221.056000 64
221.056000 221.696000 58
221.888000 222.112000 62
222.208000 222.496000 60
222.496000 222.816000 57
222.944000 223.136000 55
223.264000 223.488000 53
223.744000 224.512000 55
224.704000 225.344000 54
226.144000 226.464000 60
226.592000 226.976000 60
227.392000 227.648000 57
228.032000 228.288000 60
228.384000 228.512000 61
228.704000 228.992000 62
229.088000 229.376000 64
229.472000 229.760000 65
229.760000 230.176000 60
230.176000 230.240000 62
230.240000 231.424000 67
231.680000 231.904000 57
232.064000 232.320000 60
232.384000 232.960000 58
233.152000 233.376000 55
233.504000 233.728000 53
233.856000 234.144000 52
234.304000 234.496000 48
234.688000 234.816000 48
234.976000 235.168000 52
235.456000 236.128000 53
236.800000 236.992000 57
237.024000 237.216000 57
237.408000 237.536000 55
237.728000 238.112000 53
238.304000 238.432000 53
238.784000 239.040000 53
239.264000 239.744000 53
239.936000 240.224000 54
240.448000 240.768000 59
240.768000 241.184000 62
241.312000 241.536000 61
241.984000 242.208000 59
242.208000 242.528000 61
242.624000 243.008000 62
243.200000 243.648000 64
243.648000 244.384000 66
244.384000 244.736000 62
244.896000 245.184000 59
245.184000 245.472000 63
245.632000 246.016000 62
246.336000 246.624000 64
246.624000 247.360000 66
247.360000 247.680000 62
247.776000 248.096000 59
248.256000 248.384000 64
248.576000 248.640000 61
248.864000 249.472000 58
249.632000 249.792000 55
249.984000 250.848000 57
251.136000 251.456000 55
251.456000 251.744000 57
252.160000 252.576000 59
252.928000 253.248000 62
253.664000 253.760000 59
253.952000 254.720000 61
255.040000 256.064000 66
256.192000 256.448000 62
256.576000 256.768000 67
256.896000 257.280000 69
257.344000 257.376000 63
257.440000 257.728000 59
257.984000 258.240000 59
258.400000 258.976000 61
259.136000 259.648000 58
259.840000 260.064000 55
260.192000 260.480000 54
260.480000 260.896000 50
261.312000 261.536000 54
261.696000 262.528000 55
263.104000 263.584000 59
263.712000 263.872000 57
264.064000 264.480000 55
264.576000 264.832000 55
264.960000 265.504000 55
265.568000 265.600000 55
266.080000 266.240000 59
266.432000 266.816000 57
267.008000 267.392000 54
267.712000 268.512000 62
268.608000 268.896000 64
268.992000 269.504000 59
269.504000 270.272000 55
270.496000 272.192000 64
272.288000 272.608000 64
272.960000 273.216000 66
273.312000 273.408000 65
273.536000 273.728000 67
273.824000 273.984000 67
274.144000 274.304000 62
274.400000 274.752000 62
274.784000 276.064000 67
276.448000 277.216000 55
277.312000 277.664000 57
277.760000 278.240000 59
279.264000 280.256000 60
280.256000 280.896000 58
281.088000 281.280000 55
281.440000 281.760000 55
282.176000 283.072000 63
283.072000 283.904000 60
285.120000 285.440000 60
285.440000 287.680000 57
288.096000 288.640000 55
288.736000 288.896000 55
288.992000 289.344000 57
289.440000 289.984000 59
290.944000 291.936000 60
291.936000 292.608000 58
292.608000 292.736000 56
292.768000 292.928000 55
293.056000 293.440000 55
293.888000 294.720000 63
294.720000 295.616000 60
295.744000 295.840000 58
296.032000 296.416000 55
296.736000 297.568000 59
297.568000 297.664000 57
297.824000 298.176000 55
298.304000 299.360000 57
299.744000 300.608000 55
300.704000 301.056000 57
301.152000 301.632000 59
302.656000 303.648000 60
303.648000 304.352000 58
304.416000 304.448000 56
304.480000 304.672000 55
304.768000 305.184000 55
305.600000 306.464000 63
306.464000 307.296000 60
307.712000 308.128000 55
308.480000 309.312000 59
309.504000 311.168000 57
311.456000 312.032000 55
312.128000 312.320000 55
312.320000 312.448000 56
312.448000 313.344000 59
314.368000 315.360000 60
315.360000 316.000000 58
316.192000 316.320000 55
316.544000 316.832000 55
317.280000 318.144000 63
318.144000 319.008000 60
319.424000 319.872000 55
320.160000 320.736000 59
320.736000 321.056000 57
321.184000 321.568000 55
321.696000 322.752000 57
323.104000 323.680000 55
323.808000 324.416000 56
324.512000 324.992000 59
325.248000 325.376000 61
325.984000 327.040000 60
327.040000 327.712000 58
328.192000 328.352000 60
328.416000 328.448000 60
328.896000 329.920000 63
329.920000 330.592000 60
330.720000 330.848000 62
331.872000 332.160000 60
332.160000 332.832000 57
332.960000 333.152000 55
333.408000 334.528000 57
336.384000 336.544000 55
336.992000 337.952000 55
338.144000 338.464000 55
345.376000 345.632000 56
345.792000 345.888000 56
346.560000 347.872000 55
347.968000 348.448000 59
348.576000 348.800000 62
348.928000 349.184000 65
349.440000 350.496000 60
350.496000 351.232000 58
351.328000 352.160000 55
352.416000 353.344000 63
353.344000 354.304000 61
355.328000 355.616000 60
355.616000 355.904000 59
355.904000 356.608000 56
356.832000 357.984000 57
358.304000 359.104000 55
359.296000 360.192000 58
361.152000 362.208000 60
362.208000 362.912000 58
363.104000 363.648000 55
364.256000 364.960000 63
364.960000 365.664000 60
366.080000 366.592000 55
367.072000 367.488000 59
367.680000 367.904000 57
368.064000 368.512000 55
368.544000 368.832000 57
368.992000 369.824000 57
