15.552000 15.872000 65
16.000000 16.576000 66
16.864000 17.152000 65
17.312000 17.856000 61
18.048000 18.464000 63
19.904000 20.192000 59
20.320000 20.544000 59
20.672000 20.864000 59
21.056000 21.888000 57
23.296000 23.520000 57
23.744000 24.256000 58
24.448000 25.440000 56
29.280000 29.984000 66
30.144000 30.912000 65
31.008000 31.200000 63
31.360000 31.584000 61
31.744000 32.480000 63
33.568000 33.856000 58
34.016000 34.592000 59
34.688000 34.912000 58
35.072000 35.840000 58
36.992000 38.048000 58
38.208000 39.328000 56
42.336000 42.752000 66
43.008000 43.328000 70
43.520000 43.680000 67
43.872000 44.224000 57
44.480000 44.736000 56
44.864000 45.504000 56
45.952000 46.304000 66
46.432000 46.560000 68
46.720000 47.136000 67
47.328000 47.584000 69
47.584000 48.288000 66
48.384000 49.280000 69
50.016000 51.296000 73
51.456000 52.128000 70
52.320000 52.992000 68
53.312000 53.984000 65
56.352000 56.544000 66
56.768000 57.792000 68
57.920000 58.144000 66
58.240000 58.560000 66
58.656000 58.752000 68
58.880000 59.264000 69
59.872000 60.000000 56
60.192000 60.512000 57
60.768000 60.864000 56
61.088000 61.152000 56
61.152000 61.344000 59
61.440000 61.632000 66
61.824000 62.208000 66
62.304000 62.848000 70
63.328000 63.488000 67
63.616000 63.776000 71
63.776000 64.704000 73
64.704000 65.696000 70
65.888000 67.776000 68
68.864000 69.472000 67
69.600000 70.688000 70
70.848000 71.040000 61
71.328000 71.648000 61
72.544000 72.736000 68
72.960000 74.144000 70
74.240000 74.464000 61
74.592000 75.008000 61
75.616000 75.872000 66
76.000000 76.096000 66
76.416000 76.928000 69
77.088000 77.152000 68
77.280000 77.568000 70
77.728000 77.856000 68
78.016000 78.464000 70
79.072000 79.968000 66
80.096000 80.352000 68
80.480000 80.896000 68
81.120000 81.696000 67
82.528000 82.592000 63
82.592000 82.848000 66
82.848000 83.424000 68
83.424000 84.736000 70
84.864000 85.248000 73
85.824000 85.952000 69
85.952000 86.176000 67
86.272000 86.624000 68
86.752000 87.840000 70
87.904000 87.968000 69
88.192000 88.288000 72
88.288000 88.736000 74
88.864000 88.992000 74
89.280000 89.568000 67
89.696000 90.016000 66
90.112000 91.200000 68
91.264000 91.552000 68
91.712000 92.128000 70
93.152000 93.728000 66
93.856000 94.048000 68
94.208000 94.336000 66
94.432000 95.424000 68
96.192000 96.736000 68
97.184000 97.408000 66
97.600000 98.880000 66
103.584000 105.536000 61
111.584000 112.608000 66
112.832000 113.120000 65
113.280000 113.440000 63
113.664000 113.856000 61
114.048000 114.528000 62
115.872000 116.160000 58
116.288000 116.544000 59
116.704000 117.280000 58
117.376000 118.240000 57
119.360000 120.352000 58
120.448000 120.704000 56
120.960000 121.312000 56
121.440000 121.632000 56
124.672000 125.120000 66
125.312000 125.440000 68
125.632000 125.856000 66
125.856000 127.296000 68
127.424000 127.648000 68
128.224000 128.608000 66
128.704000 128.896000 68
129.088000 129.472000 67
129.568000 129.856000 69
129.952000 130.208000 66
130.208000 131.456000 68
131.904000 132.032000 66
132.160000 132.320000 71
132.320000 133.216000 73
133.216000 134.080000 70
134.272000 136.576000 68
137.376000 137.664000 66
137.664000 138.304000 68
138.304000 139.648000 70
139.744000 140.288000 73
140.800000 140.960000 66
141.152000 141.760000 68
141.760000 142.848000 70
142.848000 143.872000 73
144.160000 144.480000 66
144.576000 144.928000 66
145.024000 145.184000 68
145.280000 146.208000 69
146.304000 147.168000 70
147.712000 148.704000 66
148.704000 149.568000 68
149.696000 150.592000 68
151.008000 151.392000 66
151.392000 152.096000 68
152.096000 153.344000 70
153.408000 153.888000 73
153.888000 153.984000 77
154.432000 154.784000 66
154.880000 155.424000 68
155.424000 156.576000 70
156.576000 157.568000 73
157.856000 158.176000 66
158.272000 158.656000 66
158.656000 160.128000 69
160.224000 160.864000 70
161.248000 161.600000 66
161.760000 162.304000 66
162.432000 162.624000 68
162.784000 162.976000 66
162.976000 164.128000 68
164.128000 164.288000 72
164.736000 165.376000 69
165.504000 168.640000 66
168.640000 169.600000 62
171.936000 172.000000 64
172.000000 172.640000 66
172.640000 175.360000 70
175.488000 175.776000 70
175.904000 176.000000 70
176.192000 179.040000 67
180.128000 180.448000 66
180.576000 180.736000 65
180.832000 181.376000 66
181.856000 182.016000 66
182.176000 182.400000 65
182.528000 183.168000 66
183.616000 183.776000 66
183.872000 184.064000 65
184.192000 184.864000 66
185.344000 185.536000 66
185.664000 186.048000 67
186.144000 191.776000 68
192.992000 193.056000 70
193.056000 194.400000 73
194.560000 195.968000 68
196.448000 197.600000 73
197.696000 197.824000 70
197.952000 199.008000 68
199.872000 201.408000 73
201.568000 202.464000 69
202.784000 202.912000 71
202.912000 203.072000 67
203.296000 207.648000 68
219.552000 219.680000 73
219.680000 219.968000 67
219.968000 220.544000 68
220.544000 222.016000 70
222.112000 222.464000 73
223.040000 223.232000 66
223.424000 224.064000 68
224.064000 225.312000 70
225.440000 225.856000 73
226.528000 226.720000 66
226.880000 227.200000 66
227.296000 227.488000 68
227.584000 228.416000 69
228.544000 228.704000 68
228.864000 229.280000 70
230.016000 231.776000 66
231.968000 232.192000 66
232.192000 232.928000 68
233.024000 233.056000 68
233.312000 233.696000 66
233.696000 234.336000 68
234.336000 235.424000 70
235.424000 236.320000 73
236.704000 237.056000 66
237.152000 237.504000 68
237.600000 237.760000 68
237.760000 238.752000 70
238.752000 239.936000 74
240.128000 240.448000 66
240.576000 240.992000 66
240.992000 242.400000 69
242.496000 243.104000 70
243.712000 243.840000 64
244.000000 244.576000 66
244.672000 244.960000 68
245.056000 247.936000 68
248.032000 248.928000 73
249.184000 249.376000 71
249.376000 249.728000 69
249.760000 249.792000 70
250.112000 251.392000 68
251.488000 251.840000 73
251.936000 252.032000 73
252.160000 252.224000 72
252.640000 252.800000 72
252.800000 253.184000 69
253.312000 254.144000 67
254.272000 254.688000 66
254.688000 256.000000 73
256.032000 256.224000 75
256.224000 257.312000 69
257.472000 257.632000 67
257.856000 260.000000 68
260.192000 260.256000 67
260.288000 260.640000 68
260.736000 261.312000 69
261.504000 264.640000 66
264.640000 265.376000 62
267.872000 267.968000 70
267.968000 268.128000 66
268.448000 270.336000 66
270.464000 270.560000 66
