5.312000 5.408000 64
55.776000 56.320000 61
56.320000 57.312000 56
57.792000 58.432000 61
58.432000 59.168000 56
59.264000 59.424000 55
59.936000 60.800000 61
61.056000 61.312000 61
61.408000 61.696000 59
61.696000 62.176000 57
64.096000 64.544000 61
64.640000 65.376000 56
65.472000 65.728000 56
66.080000 66.784000 61
66.784000 67.680000 56
68.256000 69.120000 61
69.376000 69.600000 61
69.728000 70.176000 59
71.264000 71.424000 56
71.424000 71.648000 59
71.776000 72.192000 60
72.288000 72.672000 61
72.800000 72.928000 59
73.024000 74.304000 60
74.432000 75.968000 61
75.968000 76.192000 67
76.192000 77.536000 61
77.536000 78.688000 59
79.776000 79.968000 59
80.064000 83.264000 60
83.456000 84.192000 59
84.288000 84.544000 67
84.544000 84.704000 64
84.864000 85.792000 61
85.792000 86.688000 59
86.912000 87.104000 56
87.104000 87.424000 59
87.424000 88.352000 61
88.352000 88.928000 57
89.184000 89.568000 59
89.728000 90.112000 61
90.240000 90.944000 56
91.072000 91.488000 59
91.584000 92.704000 61
92.864000 93.888000 56
94.176000 94.816000 61
95.360000 96.288000 61
96.288000 96.704000 55
96.800000 96.896000 53
97.024000 97.376000 56
97.504000 97.920000 59
98.080000 98.464000 61
98.656000 99.008000 56
99.040000 99.232000 56
99.424000 99.776000 59
99.936000 100.416000 61
100.480000 101.056000 61
101.216000 102.208000 56
102.528000 103.232000 61
103.776000 104.544000 61
104.672000 104.800000 58
104.800000 105.536000 56
105.536000 106.560000 58
106.592000 106.688000 58
106.912000 107.104000 57
107.328000 107.520000 56
108.480000 108.608000 54
108.608000 108.960000 55
108.960000 109.536000 56
109.536000 110.784000 61
110.880000 112.832000 56
113.728000 113.920000 61
114.432000 114.592000 61
114.816000 114.944000 61
115.264000 115.584000 60
116.800000 117.216000 61
117.440000 118.080000 68
118.400000 118.912000 68
122.304000 122.400000 55
122.400000 123.104000 61
123.104000 123.808000 56
123.904000 124.096000 56
124.640000 125.152000 61
125.152000 125.984000 56
126.720000 127.680000 61
127.808000 128.032000 61
128.160000 128.800000 59
128.800000 129.024000 63
130.784000 131.360000 61
131.488000 132.448000 56
132.832000 133.408000 61
133.568000 134.368000 56
135.104000 135.936000 61
136.288000 136.320000 55
136.384000 137.152000 56
138.048000 139.424000 60
139.776000 141.120000 60
141.216000 142.624000 61
142.720000 142.976000 67
142.976000 143.040000 61
143.072000 144.192000 61
144.320000 145.088000 59
145.088000 145.280000 56
146.560000 146.784000 59
146.880000 150.080000 61
150.176000 150.432000 61
150.432000 151.040000 59
151.040000 151.392000 66
151.552000 152.576000 61
152.576000 153.312000 59
153.696000 153.824000 56
153.920000 155.328000 61
155.424000 155.680000 56
156.000000 156.384000 59
156.512000 156.928000 61
157.088000 157.440000 56
157.536000 157.728000 56
157.888000 158.240000 59
158.368000 159.552000 61
159.648000 160.640000 56
160.960000 161.632000 61
162.208000 162.464000 61
162.560000 163.040000 61
163.040000 163.104000 60
163.104000 163.488000 54
163.584000 163.680000 54
163.776000 164.096000 56
164.288000 164.704000 59
164.832000 165.280000 61
165.376000 165.792000 56
165.888000 166.080000 56
166.176000 166.560000 59
166.688000 167.872000 61
167.968000 168.192000 56
168.320000 168.992000 56
169.344000 169.952000 61
170.592000 171.328000 61
171.424000 171.584000 58
171.584000 171.968000 54
172.128000 172.832000 58
172.928000 173.504000 58
173.760000 174.112000 58
175.584000 176.192000 56
176.288000 177.600000 67
177.696000 178.496000 61
178.496000 179.136000 56
179.232000 180.128000 59
180.128000 180.512000 61
181.248000 181.504000 61
182.080000 182.368000 60
183.680000 184.000000 62
184.448000 184.640000 60
188.032000 188.160000 56
188.160000 188.448000 59
188.544000 189.184000 60
189.280000 190.880000 60
190.880000 194.336000 61
194.464000 195.200000 59
195.200000 195.488000 56
196.672000 196.832000 59
197.024000 199.328000 60
199.328000 200.192000 63
200.288000 200.576000 61
200.576000 201.152000 59
201.152000 201.568000 66
201.696000 201.856000 62
201.856000 202.208000 61
202.208000 203.104000 63
203.104000 203.488000 59
203.776000 203.872000 56
203.968000 205.408000 61
205.504000 205.696000 55
206.048000 206.400000 59
206.560000 206.912000 61
207.104000 207.776000 56
207.936000 208.320000 59
208.448000 209.120000 61
209.216000 209.600000 61
209.600000 210.144000 56
210.240000 210.720000 56
211.040000 211.648000 61
212.320000 212.544000 61
212.640000 213.216000 61
213.216000 213.312000 56
213.344000 213.664000 54
213.856000 214.176000 56
214.400000 214.752000 59
214.912000 215.296000 61
215.456000 216.096000 56
216.256000 216.672000 59
216.800000 217.280000 61
217.408000 217.536000 63
217.536000 217.856000 61
218.080000 219.072000 56
219.424000 220.000000 61
220.000000 220.544000 64
220.640000 221.056000 61
221.152000 221.408000 61
221.408000 221.600000 58
222.176000 222.368000 56
222.784000 222.912000 59
222.976000 223.168000 58
223.232000 223.680000 66
223.808000 224.224000 66
224.320000 224.512000 61
224.608000 224.928000 61
225.152000 225.696000 59
225.696000 225.760000 61
225.760000 226.400000 63
226.400000 227.840000 59
227.840000 228.416000 61
228.576000 228.672000 59
228.992000 229.152000 61
229.312000 230.016000 61
230.016000 230.368000 54
230.528000 230.880000 56
231.040000 231.424000 59
231.616000 232.032000 66
232.128000 232.672000 66
232.672000 232.896000 70
233.024000 233.184000 70
233.184000 233.344000 67
233.472000 233.952000 65
234.048000 234.240000 63
234.496000 234.592000 63
234.816000 235.744000 59
236.064000 236.704000 61
237.344000 238.112000 61
238.112000 238.720000 58
238.976000 239.392000 59
239.520000 239.648000 58
239.968000 240.448000 56
240.736000 241.184000 56
241.472000 242.272000 61
242.496000 243.648000 66
243.648000 244.256000 68
244.256000 244.704000 66
244.704000 245.824000 61
245.952000 246.144000 59
246.144000 246.688000 57
246.688000 247.040000 61
247.136000 248.800000 62
249.024000 249.344000 63
249.664000 250.464000 62
250.880000 251.264000 56
251.552000 251.776000 63
251.776000 254.944000 56
255.168000 255.232000 56
255.296000 255.360000 54
255.392000 259.872000 56
