45.376000 45.568000 55
45.728000 46.176000 60
46.176000 47.488000 62
48.096000 48.224000 63
48.224000 48.416000 64
48.416000 48.896000 62
48.896000 49.728000 60
49.728000 50.272000 57
51.456000 51.520000 54
51.520000 51.808000 57
51.808000 51.936000 59
52.128000 52.640000 60
52.640000 53.088000 62
53.088000 54.144000 59
54.144000 55.136000 55
56.192000 56.416000 54
56.416000 56.512000 56
56.512000 56.992000 60
56.992000 58.112000 62
59.232000 59.296000 62
59.296000 59.520000 64
59.520000 60.416000 60
60.416000 60.992000 57
62.208000 62.336000 55
62.336000 62.368000 56
62.368000 62.624000 58
62.624000 63.744000 60
63.936000 65.984000 59
66.976000 67.136000 60
67.328000 68.864000 64
68.992000 70.624000 60
72.384000 72.736000 60
72.736000 73.184000 63
73.376000 73.536000 64
73.536000 74.336000 65
74.336000 74.656000 64
74.656000 75.936000 60
77.408000 78.752000 65
78.752000 79.552000 62
80.096000 80.160000 58
80.160000 80.224000 60
80.224000 81.952000 64
82.496000 82.560000 58
82.560000 83.488000 60
83.488000 85.504000 62
85.504000 86.400000 60
86.496000 87.296000 55
88.160000 88.224000 63
88.224000 88.480000 67
88.608000 88.768000 67
88.768000 89.440000 65
89.440000 90.336000 62
90.848000 90.976000 60
90.976000 91.520000 62
91.520000 92.608000 64
93.248000 93.536000 60
93.536000 95.488000 64
95.584000 96.288000 63
96.288000 98.624000 60
98.752000 98.848000 59
104.704000 104.864000 55
105.024000 106.880000 62
107.744000 108.064000 63
108.064000 108.160000 60
108.384000 108.928000 61
108.928000 109.376000 57
110.720000 110.848000 55
110.848000 111.232000 57
111.392000 111.904000 60
111.904000 112.224000 62
112.224000 113.184000 57
113.440000 114.400000 55
115.520000 115.744000 55
115.744000 117.664000 62
118.144000 118.272000 62
118.272000 118.400000 65
118.528000 118.720000 64
119.168000 119.744000 61
119.744000 120.256000 57
121.504000 121.632000 55
121.632000 121.856000 57
121.856000 122.112000 59
122.208000 125.344000 60
126.304000 126.464000 59
126.592000 127.040000 63
127.264000 128.480000 65
128.608000 129.824000 60
129.824000 130.240000 57
131.648000 131.712000 58
131.712000 131.968000 60
131.968000 133.952000 65
134.080000 135.488000 60
136.704000 136.832000 64
136.960000 137.344000 67
137.344000 138.016000 65
138.016000 138.848000 62
139.360000 139.424000 60
139.424000 139.520000 61
139.520000 141.216000 64
141.792000 142.752000 60
142.752000 144.672000 62
144.672000 145.728000 60
145.824000 146.656000 55
147.456000 147.520000 65
147.520000 148.160000 67
148.160000 148.672000 65
148.800000 148.960000 60
148.960000 149.408000 63
150.144000 150.208000 59
150.208000 150.272000 60
150.272000 150.816000 62
150.816000 151.936000 64
152.512000 152.576000 59
152.576000 152.832000 60
152.832000 153.536000 62
153.536000 156.448000 64
156.640000 158.112000 60
158.976000 159.200000 55
159.200000 159.232000 56
159.232000 159.264000 57
159.264000 159.584000 60
159.584000 160.864000 64
160.960000 161.824000 64
162.016000 163.552000 57
164.288000 164.416000 59
164.576000 165.536000 60
165.536000 165.856000 56
169.728000 169.952000 55
169.952000 170.080000 56
170.080000 170.336000 60
170.336000 172.416000 64
172.512000 172.864000 55
172.992000 173.696000 57
174.048000 175.424000 60
175.584000 175.680000 65
175.872000 178.688000 67
201.728000 202.048000 59
202.048000 202.368000 62
202.688000 203.776000 65
204.064000 205.216000 60
205.216000 205.696000 56
207.072000 207.136000 56
207.136000 207.392000 59
207.392000 209.440000 65
209.536000 210.464000 60
210.464000 210.784000 56
212.096000 212.160000 62
212.160000 213.088000 66
213.088000 214.336000 62
214.816000 214.880000 58
214.880000 215.840000 62
215.840000 216.672000 64
217.184000 218.208000 60
218.208000 220.192000 62
220.192000 221.184000 60
221.280000 222.080000 55
222.912000 223.488000 67
223.552000 224.160000 65
224.256000 224.384000 60
224.384000 224.832000 63
225.568000 225.664000 59
225.664000 226.240000 62
226.240000 227.008000 64
227.008000 227.840000 62
227.968000 228.320000 60
228.320000 229.312000 63
229.568000 229.728000 62
229.824000 230.208000 65
230.208000 230.848000 63
230.848000 234.336000 60
235.808000 236.352000 55
236.800000 237.088000 55
237.504000 237.696000 55
242.112000 243.040000 58
243.040000 244.608000 55
