7.712000 7.968000 62
8.128000 8.320000 62
8.320000 8.384000 59
8.384000 8.768000 56
8.768000 8.992000 60
9.216000 10.112000 62
10.400000 11.424000 57
13.440000 13.792000 56
14.080000 15.040000 62
15.168000 15.392000 62
15.840000 17.216000 62
17.440000 18.112000 57
20.736000 21.472000 66
21.568000 22.176000 67
22.176000 23.264000 64
24.224000 24.448000 62
24.704000 25.664000 62
25.760000 25.888000 61
25.984000 26.208000 60
26.208000 26.848000 57
27.584000 27.776000 55
27.776000 28.128000 58
28.192000 29.504000 62
29.984000 30.976000 62
31.104000 31.296000 62
31.648000 32.480000 57
34.496000 34.624000 75
34.624000 35.360000 66
35.456000 35.712000 67
35.904000 36.096000 72
36.096000 36.576000 74
36.576000 37.184000 67
37.440000 38.112000 74
38.560000 39.232000 67
39.424000 39.584000 72
39.584000 40.096000 74
40.096000 40.320000 70
40.544000 40.960000 69
41.600000 42.432000 66
42.528000 42.784000 67
42.944000 43.136000 72
43.136000 43.648000 74
43.648000 44.224000 67
44.512000 45.152000 74
45.664000 45.824000 65
45.824000 46.496000 67
46.496000 46.688000 72
46.688000 47.136000 74
47.136000 47.424000 67
47.584000 48.000000 69
48.800000 49.152000 66
49.152000 49.760000 64
50.048000 50.240000 66
50.240000 50.688000 67
50.688000 51.328000 62
51.648000 52.288000 67
52.736000 53.568000 62
53.568000 54.176000 69
54.272000 54.496000 67
54.720000 55.136000 69
56.160000 56.288000 73
56.288000 56.576000 66
56.576000 57.088000 67
57.088000 57.728000 74
58.176000 58.400000 67
58.400000 59.104000 74
59.264000 59.584000 67
59.776000 60.640000 69
63.904000 64.800000 62
65.216000 65.792000 62
65.888000 66.560000 62
66.848000 67.616000 57
69.888000 70.304000 56
70.528000 71.840000 62
72.288000 73.504000 62
73.664000 74.304000 67
74.304000 74.848000 69
75.616000 76.000000 66
77.152000 78.592000 67
78.752000 79.776000 64
80.448000 80.864000 62
81.152000 81.344000 60
81.344000 82.720000 62
82.720000 83.264000 69
84.032000 84.416000 68
84.704000 85.984000 71
85.984000 86.592000 67
86.816000 87.648000 62
87.744000 88.352000 67
88.352000 90.528000 69
91.008000 91.808000 66
91.904000 92.192000 67
92.352000 92.512000 72
92.512000 93.024000 74
93.024000 93.696000 67
93.888000 94.592000 74
95.040000 95.808000 67
95.904000 96.512000 74
96.608000 96.960000 67
96.960000 97.536000 69
98.080000 99.232000 66
99.392000 99.552000 72
99.552000 100.128000 74
100.128000 100.736000 67
100.928000 101.664000 74
102.016000 102.080000 63
102.080000 102.272000 65
102.272000 102.976000 67
102.976000 103.104000 72
103.104000 103.616000 74
103.616000 103.936000 67
104.032000 104.640000 69
105.184000 105.760000 66
105.760000 106.240000 63
106.496000 107.136000 67
107.360000 107.808000 61
108.064000 108.672000 67
109.152000 110.048000 62
110.048000 111.776000 69
112.640000 112.704000 62
112.704000 113.344000 66
113.568000 114.304000 74
114.656000 114.816000 67
114.912000 115.040000 60
115.040000 115.552000 55
115.712000 116.064000 67
116.192000 118.336000 69
119.072000 119.168000 61
119.296000 119.456000 67
119.456000 120.416000 69
120.544000 120.640000 74
120.736000 120.928000 71
120.928000 121.120000 74
121.280000 121.504000 67
121.664000 121.984000 67
122.176000 122.336000 60
122.816000 122.880000 65
122.880000 123.040000 67
123.040000 124.704000 71
124.800000 125.760000 69
126.336000 126.560000 67
126.560000 127.424000 69
127.616000 127.808000 71
128.096000 128.352000 71
128.352000 128.608000 67
128.736000 129.184000 67
129.184000 129.408000 72
129.952000 130.112000 67
130.112000 130.976000 69
131.232000 131.712000 71
131.840000 132.128000 69
132.288000 132.832000 69
133.440000 135.520000 71
135.808000 136.416000 67
137.152000 137.504000 69
137.600000 138.464000 58
138.464000 139.200000 69
139.392000 139.936000 65
140.544000 141.024000 67
141.216000 141.632000 68
141.920000 142.560000 63
143.136000 143.552000 63
143.552000 144.256000 65
144.448000 146.912000 67
149.248000 150.816000 71
152.768000 153.888000 70
153.888000 154.144000 69
155.040000 155.200000 67
155.200000 157.504000 70
157.728000 157.856000 68
158.592000 158.784000 67
158.784000 160.896000 70
161.408000 161.504000 67
161.632000 161.856000 67
161.856000 162.112000 69
162.496000 162.752000 67
162.944000 163.136000 72
163.136000 163.648000 74
163.648000 164.224000 67
164.480000 165.152000 62
165.536000 166.432000 67
166.592000 167.072000 74
167.168000 167.584000 67
167.584000 168.160000 69
168.704000 169.824000 66
170.016000 170.112000 66
170.112000 170.752000 74
170.752000 171.360000 67
171.616000 172.224000 74
172.480000 173.536000 67
173.536000 173.760000 72
173.760000 174.208000 74
174.208000 174.496000 67
174.592000 175.200000 69
175.776000 176.256000 66
176.256000 176.864000 64
177.120000 177.888000 67
177.984000 178.400000 60
178.656000 179.264000 67
179.712000 179.936000 61
179.936000 180.576000 62
180.576000 181.600000 67
181.696000 182.400000 69
183.232000 183.488000 64
183.488000 183.936000 67
184.128000 184.896000 74
185.120000 185.344000 67
185.344000 185.408000 64
185.408000 185.600000 60
185.600000 186.144000 55
186.368000 186.656000 67
186.784000 187.296000 69
187.392000 188.992000 69
191.200000 191.552000 62
191.648000 191.904000 62
192.320000 193.440000 62
193.568000 193.696000 61
194.176000 195.040000 57
