14.720000 15.072000 65
15.296000 15.872000 61
16.480000 17.696000 58
18.816000 18.944000 55
19.072000 19.776000 56
20.000000 20.288000 55
20.384000 21.120000 54
21.120000 22.176000 57
23.552000 23.712000 57
23.776000 23.904000 56
23.904000 24.608000 54
24.608000 25.472000 58
28.352000 28.576000 64
28.576000 28.832000 66
28.928000 29.472000 61
30.240000 31.456000 58
32.384000 32.608000 61
32.768000 32.832000 64
32.832000 33.088000 66
33.216000 33.952000 69
34.144000 34.336000 69
34.336000 34.784000 66
35.328000 35.680000 70
35.808000 36.160000 70
36.320000 36.544000 62
36.640000 37.312000 61
37.696000 39.008000 66
39.200000 39.392000 67
39.392000 39.936000 68
40.096000 40.736000 65
40.896000 41.120000 61
41.344000 42.016000 61
42.208000 42.592000 61
42.848000 43.296000 61
43.552000 43.808000 63
43.904000 44.864000 61
45.216000 45.760000 66
46.048000 46.496000 64
46.496000 46.784000 61
46.880000 47.232000 61
47.392000 47.648000 56
47.808000 48.000000 55
48.192000 48.544000 57
48.768000 48.864000 54
49.024000 49.984000 58
49.984000 50.240000 65
50.368000 50.560000 61
50.752000 50.880000 64
50.880000 51.520000 67
52.032000 52.480000 72
52.480000 53.280000 68
53.408000 54.016000 65
54.176000 54.528000 65
54.656000 54.880000 61
55.040000 55.392000 61
55.488000 55.904000 57
56.288000 56.608000 61
56.736000 56.960000 64
56.960000 57.920000 66
58.016000 59.360000 69
59.776000 60.032000 60
60.224000 61.280000 65
61.280000 62.176000 61
62.336000 62.720000 57
63.200000 63.872000 61
64.032000 64.416000 72
64.416000 66.080000 66
66.528000 66.752000 69
66.752000 68.128000 70
68.128000 68.832000 66
69.184000 69.760000 70
69.856000 70.496000 66
70.784000 71.040000 67
71.040000 71.648000 70
71.776000 72.480000 73
72.640000 73.376000 70
73.376000 75.360000 68
75.360000 76.320000 63
77.312000 77.376000 64
77.376000 79.328000 69
80.736000 81.504000 66
81.632000 82.240000 61
82.240000 83.200000 58
93.120000 93.792000 61
94.272000 94.432000 59
96.800000 97.056000 59
97.056000 97.536000 65
97.568000 98.208000 61
98.720000 100.032000 58
100.928000 101.152000 61
101.312000 101.632000 66
101.760000 102.496000 69
102.656000 103.456000 66
103.872000 104.224000 71
104.352000 104.704000 70
104.704000 105.920000 61
106.080000 107.584000 66
107.776000 108.448000 67
108.608000 109.280000 65
109.440000 109.664000 61
109.664000 109.792000 58
110.112000 110.592000 61
110.816000 111.232000 61
111.328000 111.360000 57
111.392000 111.456000 57
111.456000 111.936000 61
112.064000 112.384000 62
112.512000 113.280000 61
113.792000 114.368000 65
114.592000 115.168000 64
115.168000 115.328000 61
115.456000 115.808000 61
116.064000 116.288000 61
116.384000 116.640000 66
116.736000 116.928000 69
117.280000 117.376000 58
117.632000 117.952000 58
118.496000 118.816000 66
119.392000 119.616000 66
119.680000 120.160000 68
120.608000 121.024000 73
121.024000 121.248000 68
121.280000 121.312000 68
121.504000 121.888000 68
121.952000 122.592000 66
122.720000 123.104000 65
123.264000 123.584000 61
123.840000 123.904000 58
124.032000 124.512000 58
124.864000 125.184000 61
125.344000 126.496000 66
126.592000 127.904000 68
128.288000 128.576000 61
128.864000 129.120000 66
129.216000 129.760000 65
129.760000 130.016000 61
130.112000 130.720000 61
130.912000 131.008000 57
131.104000 131.328000 58
131.776000 132.032000 61
132.384000 132.416000 62
132.576000 133.024000 72
133.024000 134.752000 66
135.168000 135.328000 69
135.328000 136.704000 70
136.704000 136.928000 68
136.928000 137.344000 67
137.344000 138.240000 70
138.240000 139.040000 66
139.424000 139.648000 67
139.648000 139.840000 68
139.840000 140.352000 70
140.352000 141.568000 72
141.568000 143.936000 68
143.936000 144.160000 61
144.160000 144.768000 63
145.696000 145.920000 60
145.920000 148.128000 69
149.152000 149.280000 62
149.280000 150.080000 65
150.176000 150.784000 61
150.784000 151.616000 58
151.776000 151.872000 58
152.640000 155.200000 66
156.128000 156.192000 69
156.192000 157.696000 73
157.696000 159.040000 69
159.488000 159.648000 69
160.672000 160.896000 68
162.560000 162.848000 71
162.848000 163.424000 69
163.936000 165.408000 69
165.536000 166.080000 70
166.464000 167.200000 70
168.512000 169.056000 68
169.280000 169.408000 61
169.504000 169.760000 61
169.984000 170.592000 66
170.784000 171.072000 65
171.264000 171.488000 61
171.680000 171.904000 60
171.904000 172.544000 57
172.992000 173.248000 61
173.440000 174.432000 66
174.656000 175.328000 69
175.520000 175.776000 68
176.384000 176.480000 70
176.800000 177.120000 66
177.216000 177.600000 66
177.600000 177.792000 65
177.792000 178.816000 61
178.944000 179.296000 58
179.808000 180.448000 61
180.608000 180.768000 71
180.768000 180.960000 73
180.960000 181.376000 66
181.472000 181.536000 65
181.536000 181.728000 67
181.728000 183.328000 68
183.328000 184.704000 70
184.704000 185.536000 66
185.760000 185.888000 68
185.888000 186.304000 70
186.304000 187.104000 66
187.456000 187.616000 67
187.616000 187.840000 68
187.840000 188.352000 70
188.352000 190.048000 71
190.048000 191.648000 68
191.648000 192.768000 63
193.920000 197.408000 68
197.568000 198.208000 68
198.528000 198.848000 61
199.008000 199.360000 61
199.392000 200.256000 57
200.320000 200.352000 58
200.544000 201.856000 66
202.016000 203.296000 68
203.360000 203.712000 70
203.712000 204.096000 61
204.224000 204.512000 66
204.608000 205.056000 68
205.056000 205.760000 61
206.080000 206.240000 61
206.336000 206.944000 57
207.200000 207.552000 61
207.744000 207.840000 65
208.064000 208.128000 70
208.192000 208.320000 73
208.320000 210.048000 66
210.592000 211.744000 70
211.872000 212.128000 69
212.128000 212.320000 68
212.320000 213.088000 66
213.088000 214.080000 67
214.080000 214.368000 66
214.848000 215.008000 67
215.008000 215.680000 69
215.776000 215.840000 69
215.840000 215.968000 71
215.968000 216.608000 73
216.608000 217.440000 71
217.440000 219.424000 68
219.424000 220.736000 63
221.312000 221.376000 64
221.376000 221.472000 68
221.472000 222.496000 70
222.496000 223.424000 68
224.768000 225.504000 66
225.792000 227.424000 61
241.216000 241.344000 68
241.504000 241.664000 68
