22.496000 22.720000 70
23.392000 23.584000 70
23.904000 24.352000 65
24.800000 25.184000 60
32.864000 33.312000 55
33.312000 33.440000 57
33.632000 34.336000 59
34.432000 35.008000 58
36.096000 36.320000 53
36.320000 36.384000 54
36.384000 37.024000 58
37.216000 37.536000 60
37.632000 38.240000 58
39.296000 39.616000 51
39.616000 40.256000 54
40.352000 41.472000 61
41.472000 43.488000 57
43.488000 43.584000 58
43.584000 44.096000 58
45.632000 45.888000 59
45.984000 48.128000 63
48.128000 48.640000 60
48.832000 49.056000 58
49.152000 49.472000 59
49.568000 50.336000 54
50.432000 51.072000 50
52.032000 52.288000 47
52.448000 52.800000 51
52.800000 53.024000 52
53.024000 55.264000 54
55.264000 56.384000 50
60.704000 60.768000 53
60.768000 61.184000 55
61.184000 61.472000 58
61.568000 61.888000 65
61.888000 63.520000 67
63.520000 64.544000 65
64.544000 65.888000 57
66.048000 66.400000 57
67.136000 67.392000 54
67.392000 67.488000 55
67.488000 67.936000 58
67.936000 68.992000 63
69.120000 69.824000 63
69.952000 70.240000 60
70.368000 71.168000 59
71.360000 71.680000 55
73.664000 73.952000 55
73.952000 74.400000 58
74.400000 76.224000 67
76.352000 76.736000 66
76.736000 77.504000 64
77.632000 79.104000 59
79.872000 80.352000 60
80.352000 82.624000 65
82.752000 83.104000 66
83.104000 83.488000 62
83.584000 83.904000 60
83.904000 85.376000 57
85.472000 85.568000 56
87.232000 87.712000 55
88.000000 88.736000 58
88.832000 89.376000 58
90.496000 90.592000 52
90.752000 90.816000 54
90.816000 91.904000 58
92.064000 92.640000 58
93.632000 94.272000 52
94.368000 94.624000 55
94.752000 94.816000 60
94.816000 95.040000 63
95.232000 95.840000 60
95.936000 96.640000 55
96.768000 98.784000 58
99.936000 100.064000 57
100.064000 100.288000 60
100.416000 101.504000 63
101.696000 103.104000 63
103.200000 103.520000 58
103.616000 103.872000 59
104.032000 104.224000 55
104.384000 104.768000 53
104.928000 105.344000 51
106.368000 106.688000 48
106.784000 107.136000 51
107.136000 107.456000 53
107.616000 107.936000 57
108.032000 108.608000 55
108.832000 109.472000 53
109.472000 110.592000 50
110.688000 110.848000 50
118.528000 118.752000 70
128.704000 128.768000 54
128.768000 129.408000 55
129.600000 131.008000 58
132.000000 132.320000 53
132.320000 132.992000 57
133.152000 133.824000 58
133.824000 134.368000 56
135.264000 135.520000 51
135.648000 135.872000 53
135.968000 136.384000 55
136.384000 137.472000 60
137.472000 138.560000 55
138.560000 140.576000 58
141.568000 141.984000 60
141.984000 143.136000 64
143.232000 144.640000 63
144.736000 145.376000 58
145.376000 145.760000 55
145.888000 146.240000 53
146.496000 146.848000 52
148.352000 148.640000 51
148.736000 148.992000 53
149.152000 150.176000 55
150.464000 151.040000 53
151.360000 151.744000 50
153.600000 153.952000 55
153.952000 154.304000 58
154.304000 154.624000 65
154.624000 156.288000 67
156.288000 156.992000 65
156.992000 159.232000 58
159.936000 160.352000 55
160.352000 160.704000 58
160.704000 161.792000 63
161.920000 162.208000 63
162.336000 162.624000 63
162.752000 163.040000 60
163.168000 163.488000 60
163.488000 164.000000 58
164.000000 164.768000 55
166.432000 166.720000 55
166.720000 167.168000 58
167.168000 168.992000 67
169.120000 169.504000 66
169.504000 170.272000 64
170.400000 171.712000 59
172.640000 173.088000 60
173.184000 175.392000 65
175.552000 175.808000 65
175.808000 176.256000 62
176.384000 177.056000 60
177.056000 178.208000 58
178.976000 179.456000 63
179.456000 180.256000 65
180.256000 181.888000 67
181.888000 183.040000 65
183.136000 184.640000 57
184.736000 184.896000 58
184.928000 184.992000 58
185.504000 185.888000 55
185.888000 186.304000 58
186.304000 187.392000 63
187.520000 188.224000 63
188.320000 188.576000 61
188.704000 189.088000 60
189.088000 189.664000 59
189.664000 190.272000 53
190.400000 190.752000 53
191.872000 192.224000 55
192.384000 192.640000 58
192.640000 195.392000 67
195.488000 195.776000 63
195.776000 197.504000 59
198.336000 198.688000 60
198.688000 200.224000 65
200.320000 200.992000 65
201.120000 201.472000 66
201.472000 201.952000 62
202.112000 204.832000 58
208.992000 209.056000 53
209.056000 209.152000 55
209.152000 209.504000 57
209.504000 209.856000 60
209.952000 210.176000 60
210.272000 211.200000 60
211.200000 211.616000 59
212.192000 212.672000 55
212.672000 212.992000 60
213.088000 214.688000 60
215.552000 215.616000 52
215.616000 216.192000 54
216.192000 216.544000 57
216.672000 217.696000 62
217.920000 218.528000 57
218.656000 221.184000 60
221.792000 221.952000 60
221.952000 224.480000 65
224.640000 224.960000 62
225.056000 225.824000 60
225.824000 226.528000 56
226.528000 227.648000 53
228.256000 228.608000 50
228.608000 228.992000 53
228.992000 229.408000 55
229.408000 229.792000 59
229.856000 230.528000 57
230.720000 231.424000 55
231.424000 232.608000 53
234.592000 234.784000 59
234.784000 235.072000 62
235.072000 235.744000 65
235.808000 237.280000 66
237.472000 237.728000 62
237.888000 238.592000 61
238.592000 239.392000 56
239.488000 240.064000 52
240.576000 240.768000 50
241.408000 241.696000 53
242.176000 242.240000 57
242.240000 242.592000 60
242.656000 242.912000 57
243.008000 243.392000 57
243.520000 244.256000 55
244.256000 245.856000 53
246.048000 246.144000 51
247.520000 247.936000 49
247.936000 248.320000 52
248.320000 248.384000 53
248.384000 248.800000 55
248.800000 249.280000 60
249.440000 250.400000 57
250.656000 252.352000 55
253.728000 256.224000 53
