4.448000 4.576000 60
5.984000 9.184000 65
10.080000 13.088000 70
13.280000 13.440000 65
13.536000 14.400000 63
14.624000 15.040000 64
15.168000 16.672000 58
16.832000 17.280000 58
22.944000 25.280000 64
25.376000 25.472000 63
27.072000 27.296000 59
27.392000 28.320000 58
28.448000 28.704000 55
28.800000 28.992000 55
29.216000 29.376000 58
29.504000 29.600000 59
30.528000 31.232000 69
31.456000 32.256000 63
32.288000 33.568000 63
33.728000 33.856000 63
33.952000 34.080000 63
34.176000 34.272000 63
35.616000 36.864000 63
36.864000 37.536000 60
37.696000 37.984000 63
37.984000 38.144000 60
38.240000 39.040000 58
39.136000 39.328000 55
39.584000 43.008000 58
44.064000 44.224000 58
44.352000 44.704000 59
44.832000 45.248000 60
45.248000 45.664000 61
45.664000 46.528000 63
46.528000 47.200000 59
47.264000 47.296000 58
47.552000 48.480000 58
48.576000 49.088000 55
49.216000 50.272000 52
50.496000 51.104000 48
53.888000 54.816000 58
54.976000 55.232000 54
55.520000 56.128000 51
56.224000 58.688000 51
58.816000 58.976000 51
59.136000 59.264000 51
59.392000 59.552000 51
59.712000 59.840000 51
61.024000 61.504000 55
61.504000 61.792000 58
61.792000 63.776000 60
63.776000 64.480000 63
64.544000 65.088000 63
65.248000 65.408000 63
65.440000 65.728000 63
65.728000 65.920000 60
66.208000 66.336000 58
66.464000 66.656000 58
67.040000 69.248000 58
69.440000 69.664000 55
69.728000 70.144000 56
70.240000 70.720000 60
70.880000 71.104000 59
71.360000 71.456000 63
71.584000 71.744000 63
72.384000 72.480000 55
73.216000 75.264000 53
75.296000 75.360000 52
75.520000 75.616000 53
75.744000 75.904000 52
76.032000 76.192000 52
77.984000 78.112000 54
78.240000 78.400000 53
78.528000 79.072000 52
79.296000 79.520000 49
80.064000 80.192000 51
80.320000 80.416000 52
81.728000 82.048000 51
82.176000 82.624000 53
82.912000 85.984000 58
86.176000 86.304000 61
86.432000 86.592000 63
86.688000 87.168000 60
87.168000 87.680000 58
88.288000 88.416000 55
88.512000 88.640000 55
88.640000 88.768000 58
88.928000 89.216000 53
89.344000 89.824000 52
89.920000 90.048000 51
90.432000 92.704000 51
92.832000 92.960000 51
93.440000 93.536000 56
93.696000 93.760000 56
94.848000 95.008000 67
95.008000 95.104000 68
95.104000 97.696000 70
97.696000 98.496000 65
98.592000 99.104000 63
99.360000 99.776000 64
99.872000 100.320000 59
100.416000 101.856000 58
106.400000 106.528000 63
106.976000 109.984000 65
110.080000 110.208000 63
111.808000 112.032000 59
112.128000 112.608000 58
112.704000 113.056000 58
113.184000 113.440000 55
113.536000 113.728000 55
113.984000 114.144000 58
115.264000 115.744000 69
115.872000 116.032000 68
116.192000 116.992000 63
117.120000 118.016000 63
118.176000 118.272000 63
118.400000 118.656000 63
118.688000 118.784000 63
118.816000 118.880000 63
120.352000 121.600000 63
121.600000 122.272000 60
122.432000 122.784000 63
122.816000 123.776000 58
123.872000 124.064000 55
124.320000 127.808000 58
127.840000 128.000000 58
128.800000 128.928000 58
129.120000 129.472000 58
129.568000 129.984000 60
130.112000 130.400000 61
130.400000 130.720000 63
130.848000 131.264000 63
131.264000 131.936000 59
132.288000 133.216000 58
133.312000 133.664000 56
133.664000 134.208000 54
134.304000 135.008000 52
135.296000 135.872000 48
137.280000 137.472000 51
138.624000 139.264000 58
139.392000 139.552000 56
139.744000 139.936000 53
140.288000 140.864000 51
140.992000 143.424000 51
143.584000 143.712000 51
143.872000 144.000000 51
144.160000 144.288000 51
144.448000 144.576000 51
145.760000 146.240000 55
146.240000 146.528000 58
146.528000 146.720000 61
146.720000 146.880000 58
146.880000 147.840000 60
147.840000 149.312000 63
149.408000 149.696000 63
149.696000 149.856000 65
149.984000 150.112000 63
150.240000 150.464000 63
150.464000 150.656000 60
150.944000 151.104000 58
151.232000 151.456000 58
151.776000 153.952000 58
154.176000 154.400000 55
154.464000 154.624000 56
154.752000 154.880000 58
155.008000 155.424000 60
155.808000 156.192000 63
156.320000 156.512000 63
157.120000 157.248000 55
157.952000 159.904000 53
159.968000 160.160000 53
160.256000 160.448000 53
160.768000 160.896000 52
162.720000 162.880000 54
162.976000 163.168000 53
163.264000 163.808000 52
164.032000 164.192000 49
164.800000 164.960000 51
165.056000 165.152000 52
166.336000 166.816000 51
166.880000 167.072000 53
167.232000 170.752000 58
170.944000 171.040000 61
171.200000 171.328000 63
171.456000 171.936000 60
171.936000 172.384000 58
173.248000 173.376000 54
173.376000 173.504000 58
173.664000 174.560000 53
174.656000 174.784000 51
175.168000 177.440000 51
177.568000 177.728000 51
177.888000 177.984000 51
178.208000 178.560000 56
179.648000 179.712000 68
179.712000 180.864000 70
180.992000 182.464000 67
182.560000 187.008000 63
188.064000 189.216000 63
189.408000 190.208000 72
190.464000 190.688000 72
190.688000 191.488000 70
191.616000 195.104000 70
196.576000 198.176000 72
198.976000 199.168000 72
199.168000 201.056000 70
201.152000 201.984000 67
202.144000 202.400000 63
202.496000 203.136000 60
203.424000 203.712000 60
204.736000 205.184000 63
205.184000 205.792000 61
205.888000 206.016000 63
206.368000 207.008000 70
207.008000 207.104000 69
207.104000 207.456000 67
207.456000 208.448000 64
208.544000 209.536000 63
209.664000 209.792000 63
209.920000 210.080000 63
210.176000 210.272000 63
210.784000 211.968000 63
213.568000 213.952000 55
213.952000 214.272000 58
214.368000 215.680000 60
215.680000 217.664000 63
217.792000 218.464000 63
218.720000 218.880000 58
219.040000 219.200000 58
219.552000 221.696000 58
221.952000 222.688000 56
222.880000 223.552000 60
223.552000 224.448000 63
224.480000 224.640000 60
224.928000 225.120000 56
225.760000 228.160000 53
228.704000 228.768000 52
228.800000 228.864000 52
230.560000 230.688000 54
230.816000 230.976000 53
231.296000 231.616000 52
232.640000 232.768000 51
234.304000 234.464000 52
234.752000 235.136000 53
235.264000 238.432000 58
238.752000 238.848000 62
239.008000 239.136000 63
239.264000 239.712000 60
239.808000 240.192000 57
241.024000 241.184000 52
241.376000 242.560000 53
242.944000 243.104000 49
243.232000 245.280000 51
245.440000 245.536000 51
245.984000 246.144000 56
247.488000 249.728000 70
251.136000 251.584000 63
251.968000 252.128000 63
252.224000 252.320000 63
261.568000 263.072000 65
