38.304000 38.560000 59
38.560000 39.616000 63
40.288000 40.416000 57
40.512000 40.864000 58
41.024000 41.792000 61
41.920000 42.656000 58
43.360000 43.776000 60
44.480000 44.736000 60
44.736000 45.568000 63
45.696000 45.792000 59
46.624000 46.944000 58
46.944000 48.320000 60
48.320000 48.672000 58
49.440000 50.016000 60
51.072000 51.360000 60
51.360000 51.968000 67
52.192000 53.760000 63
54.304000 55.200000 61
55.296000 56.000000 58
56.416000 56.736000 57
56.736000 57.088000 59
57.216000 57.568000 56
58.080000 60.192000 60
60.416000 60.832000 58
61.152000 61.696000 56
61.856000 62.976000 56
63.136000 63.296000 56
68.928000 68.992000 56
68.992000 69.056000 57
69.056000 69.184000 58
69.184000 69.472000 60
69.472000 70.400000 63
71.168000 71.264000 58
71.392000 71.584000 59
71.584000 72.576000 61
72.672000 73.664000 58
74.144000 74.688000 59
75.360000 75.488000 60
75.616000 76.096000 63
76.096000 76.576000 59
77.184000 77.280000 57
77.408000 77.632000 58
77.632000 78.688000 61
78.816000 79.264000 58
79.360000 79.456000 58
80.224000 80.800000 60
81.760000 82.144000 60
82.144000 82.752000 67
82.944000 84.480000 63
84.832000 84.864000 65
85.056000 85.952000 61
86.048000 86.144000 59
86.400000 86.784000 60
87.232000 87.552000 57
87.552000 87.840000 60
87.968000 88.352000 56
88.832000 89.024000 56
89.024000 90.144000 60
90.272000 90.592000 60
90.720000 90.944000 60
91.072000 91.648000 58
92.032000 92.512000 56
92.608000 94.176000 56
99.584000 99.776000 57
99.872000 101.248000 68
101.408000 102.176000 63
102.560000 102.816000 60
102.976000 103.904000 58
104.128000 105.312000 60
105.888000 106.272000 67
106.400000 107.040000 68
107.168000 108.000000 69
108.000000 108.608000 71
108.736000 109.120000 70
109.120000 110.848000 68
111.040000 111.424000 68
112.224000 113.504000 68
113.632000 114.432000 63
114.912000 115.168000 61
115.264000 116.288000 58
116.544000 116.704000 60
116.832000 117.120000 61
117.216000 117.632000 60
117.888000 118.560000 56
118.752000 119.136000 63
119.552000 119.712000 56
119.840000 120.064000 56
120.256000 120.704000 62
121.376000 121.600000 56
121.824000 122.432000 63
122.592000 123.680000 60
124.192000 124.768000 56
124.768000 125.216000 62
125.696000 125.888000 56
126.048000 126.336000 56
126.336000 126.752000 62
127.552000 127.840000 56
127.840000 128.576000 61
128.704000 129.024000 60
129.216000 129.472000 60
129.664000 130.848000 56
142.752000 142.816000 56
142.816000 142.912000 57
142.912000 143.200000 60
143.296000 144.000000 63
144.000000 144.320000 59
144.864000 145.120000 57
145.248000 145.408000 58
145.408000 146.496000 61
146.656000 147.712000 58
147.968000 148.576000 60
149.120000 149.184000 59
149.440000 149.920000 63
149.920000 150.432000 58
150.976000 151.104000 55
151.232000 151.520000 58
151.520000 152.576000 61
152.768000 153.696000 58
154.080000 154.912000 60
155.648000 156.000000 60
156.000000 156.576000 67
156.800000 158.304000 63
158.880000 159.808000 61
159.904000 160.384000 58
160.384000 160.608000 60
161.184000 161.408000 57
161.408000 161.696000 60
161.824000 162.208000 56
162.528000 162.944000 56
162.944000 163.872000 60
164.064000 164.864000 60
164.896000 165.568000 58
165.792000 166.240000 55
166.432000 167.616000 56
167.776000 168.256000 56
168.256000 168.768000 59
168.960000 169.152000 56
169.408000 170.016000 56
170.016000 170.368000 54
170.496000 170.720000 56
171.008000 171.584000 56
171.744000 172.160000 54
172.384000 172.736000 56
173.888000 174.080000 55
174.080000 174.336000 56
174.336000 174.912000 60
175.104000 175.264000 56
175.616000 176.000000 56
176.000000 176.512000 54
176.608000 176.864000 56
177.120000 177.536000 56
177.536000 178.048000 53
178.144000 178.368000 55
178.528000 178.848000 56
179.744000 180.320000 56
180.608000 180.800000 59
180.800000 181.536000 60
181.536000 182.464000 56
182.880000 183.680000 59
183.936000 184.224000 58
184.416000 184.608000 58
184.832000 185.312000 56
185.984000 187.296000 60
187.552000 188.576000 56
188.704000 188.960000 57
189.152000 191.008000 59
191.808000 191.968000 57
192.128000 193.504000 67
193.664000 194.432000 63
194.848000 195.072000 60
195.232000 196.288000 59
196.384000 197.728000 60
198.240000 198.592000 67
198.720000 199.328000 68
199.424000 200.864000 70
200.992000 201.472000 70
201.472000 203.200000 68
203.296000 204.032000 68
204.480000 205.824000 68
205.984000 206.080000 66
206.080000 206.688000 63
206.880000 206.976000 65
207.168000 207.424000 61
207.520000 207.680000 61
207.680000 208.288000 58
208.768000 208.896000 60
209.088000 210.016000 60
210.208000 210.432000 55
210.592000 210.816000 56
211.008000 211.424000 62
211.904000 212.032000 55
212.160000 212.416000 56
212.576000 212.960000 62
213.344000 213.568000 55
213.696000 213.920000 57
214.080000 214.784000 62
214.880000 216.064000 60
216.416000 217.152000 56
217.152000 217.600000 62
217.952000 218.176000 55
218.304000 218.528000 56
218.528000 218.688000 57
218.688000 219.072000 62
219.520000 219.680000 56
219.872000 220.192000 56
220.192000 220.896000 62
221.056000 222.656000 60
223.328000 223.616000 58
223.616000 224.000000 60
224.096000 225.792000 56
226.464000 226.752000 60
226.848000 227.328000 58
227.456000 227.936000 56
228.064000 230.432000 56
231.200000 231.584000 60
232.416000 232.704000 56
232.928000 233.984000 62
234.112000 234.816000 60
234.944000 235.168000 60
235.232000 235.520000 56
235.584000 235.648000 56
235.648000 236.032000 62
236.320000 236.352000 57
236.448000 236.608000 55
236.768000 236.928000 55
237.120000 237.600000 62
237.984000 238.144000 56
238.368000 238.528000 57
238.656000 239.232000 63
239.424000 240.608000 60
240.960000 241.632000 56
241.632000 242.208000 62
242.560000 242.720000 56
242.912000 243.264000 56
243.264000 243.680000 62
244.448000 244.640000 56
244.640000 244.800000 57
244.800000 245.440000 62
245.568000 247.200000 60
247.936000 248.576000 60
248.736000 249.888000 57
251.040000 251.328000 60
251.520000 252.000000 58
252.160000 252.480000 56
252.672000 255.040000 56
257.248000 257.696000 60
257.888000 258.912000 58
259.744000 260.512000 55
260.896000 262.720000 56
