17.440000 17.536000 56
17.536000 17.824000 58
17.824000 18.016000 61
18.144000 18.368000 68
18.752000 18.848000 67
19.008000 19.200000 66
19.584000 19.744000 65
19.872000 20.064000 63
20.288000 20.512000 65
20.928000 21.216000 61
21.312000 21.408000 61
21.632000 21.888000 68
22.176000 22.336000 60
22.336000 22.464000 58
22.624000 22.816000 58
23.520000 23.744000 58
23.840000 24.032000 60
24.032000 24.192000 58
24.448000 24.704000 54
25.280000 25.472000 54
25.632000 25.824000 56
25.984000 26.176000 55
26.400000 26.720000 63
27.488000 27.776000 54
27.904000 28.064000 58
28.576000 28.768000 63
29.728000 30.144000 57
31.360000 31.712000 58
31.712000 31.936000 61
32.096000 32.384000 68
32.672000 33.248000 66
33.440000 33.920000 64
34.144000 34.368000 65
34.848000 35.104000 61
35.232000 35.328000 62
35.552000 35.712000 68
36.096000 36.384000 61
36.544000 36.768000 58
37.408000 37.568000 58
37.728000 37.920000 61
38.016000 38.112000 59
38.304000 38.496000 66
39.168000 39.680000 66
39.872000 40.224000 70
40.320000 40.640000 63
41.376000 42.112000 59
42.208000 42.400000 59
42.592000 42.848000 66
43.360000 43.552000 65
43.840000 44.768000 66
46.208000 46.464000 66
46.656000 46.912000 65
47.072000 47.328000 64
47.456000 48.064000 70
48.320000 48.416000 66
48.736000 48.960000 62
49.216000 49.728000 69
50.496000 50.816000 61
50.944000 51.232000 68
51.328000 51.520000 66
52.608000 52.736000 68
52.928000 53.184000 66
53.984000 54.240000 63
54.336000 54.656000 65
54.848000 55.232000 66
55.232000 55.520000 68
55.712000 55.968000 70
56.576000 56.704000 67
56.928000 57.280000 70
57.472000 57.792000 70
58.784000 58.944000 68
59.168000 59.392000 68
60.064000 60.224000 70
60.224000 60.416000 68
60.416000 60.832000 65
60.928000 61.664000 66
61.888000 62.048000 62
62.688000 62.848000 63
63.072000 63.744000 71
64.416000 64.608000 68
64.768000 65.472000 68
65.664000 66.528000 70
66.976000 67.136000 70
67.136000 67.776000 66
67.904000 68.608000 66
68.704000 69.120000 69
69.632000 70.016000 60
70.016000 70.528000 62
70.720000 71.008000 70
71.296000 71.648000 68
71.744000 71.904000 68
72.032000 72.480000 69
72.640000 72.768000 65
72.928000 73.216000 66
73.504000 73.760000 70
73.952000 74.304000 73
74.304000 74.688000 70
74.688000 75.104000 62
75.264000 75.840000 63
76.064000 76.416000 69
76.576000 76.928000 68
77.408000 77.568000 68
77.568000 77.760000 70
77.856000 78.176000 68
78.336000 78.624000 60
78.752000 78.912000 61
79.008000 79.296000 61
79.584000 79.904000 67
80.096000 80.512000 66
81.312000 82.112000 66
82.112000 82.464000 63
82.464000 82.976000 70
83.072000 83.264000 63
83.264000 83.776000 66
83.936000 84.192000 63
84.192000 84.608000 70
85.248000 85.824000 70
86.016000 86.368000 70
86.528000 86.912000 70
87.072000 87.296000 68
87.904000 88.064000 70
88.064000 88.448000 68
88.544000 89.600000 65
89.600000 89.952000 61
90.464000 90.688000 63
90.880000 91.584000 71
92.192000 92.480000 67
92.640000 93.344000 68
93.504000 93.952000 71
93.952000 94.368000 69
94.784000 95.168000 69
95.264000 96.928000 66
97.440000 97.664000 60
97.824000 98.016000 61
98.144000 98.304000 63
98.560000 98.816000 70
99.168000 99.712000 68
99.808000 100.256000 69
100.480000 100.896000 66
101.344000 101.568000 70
101.760000 102.112000 73
102.208000 102.528000 70
102.528000 102.944000 62
103.072000 103.776000 63
103.904000 104.736000 68
105.280000 105.600000 70
105.696000 106.048000 68
106.144000 106.720000 61
106.720000 106.784000 65
106.784000 107.104000 72
107.424000 108.064000 70
108.064000 108.672000 66
109.184000 109.344000 59
109.440000 109.856000 58
110.048000 111.296000 66
111.840000 112.416000 68
112.704000 112.864000 68
112.864000 113.344000 66
114.976000 115.328000 70
115.488000 116.160000 70
117.344000 117.504000 68
117.824000 118.336000 66
125.056000 125.408000 58
125.408000 125.696000 61
125.792000 126.080000 68
126.304000 126.432000 66
126.592000 126.976000 66
127.168000 127.264000 65
127.424000 128.064000 63
128.448000 128.960000 61
129.152000 129.440000 68
129.760000 129.888000 61
129.888000 130.048000 58
130.176000 130.432000 58
131.040000 131.168000 58
131.296000 131.488000 61
131.488000 131.648000 58
131.872000 132.192000 66
132.672000 133.248000 66
133.408000 133.792000 70
133.984000 134.272000 63
134.784000 134.880000 58
135.008000 135.872000 59
135.872000 136.256000 66
136.448000 136.576000 66
136.736000 138.464000 67
139.424000 139.680000 66
139.872000 140.160000 65
140.288000 140.576000 63
140.672000 141.312000 69
141.536000 141.952000 66
141.952000 142.208000 62
142.368000 143.040000 68
143.648000 143.968000 61
144.064000 144.192000 67
144.192000 144.704000 66
144.928000 145.088000 61
145.344000 145.632000 58
145.728000 145.888000 68
146.048000 146.432000 66
146.784000 146.944000 66
147.040000 147.424000 63
147.424000 147.776000 65
147.872000 148.608000 67
148.736000 149.024000 70
149.152000 149.760000 67
149.984000 150.240000 70
150.400000 151.136000 70
151.648000 151.808000 75
152.000000 152.352000 68
152.960000 153.120000 70
153.120000 153.344000 68
153.344000 154.528000 66
154.688000 155.168000 61
155.360000 155.488000 60
155.488000 155.744000 63
155.872000 156.608000 71
157.184000 157.472000 68
157.600000 158.304000 68
158.464000 158.816000 71
158.816000 159.360000 69
159.680000 159.936000 69
159.936000 160.448000 66
160.576000 161.344000 66
161.344000 161.856000 70
162.240000 162.688000 60
162.688000 163.168000 63
163.296000 164.288000 68
164.384000 165.120000 68
165.216000 165.312000 66
165.472000 165.792000 66
166.048000 166.240000 70
166.464000 166.848000 73
166.848000 167.200000 70
167.200000 167.616000 62
167.776000 168.256000 63
168.384000 168.896000 70
169.024000 169.472000 68
169.856000 170.624000 68
170.720000 171.008000 60
171.136000 171.232000 61
171.328000 171.776000 61
171.776000 172.224000 68
172.384000 173.024000 66
173.632000 174.656000 66
174.752000 175.232000 70
175.360000 176.480000 64
176.480000 176.608000 69
176.608000 176.960000 70
177.280000 177.376000 60
177.472000 178.016000 70
178.240000 178.432000 70
178.528000 178.976000 71
179.168000 179.616000 68
180.000000 180.160000 70
180.160000 180.512000 67
180.608000 181.664000 65
181.664000 182.144000 61
182.432000 182.528000 59
182.528000 182.784000 63
182.944000 183.776000 71
184.224000 184.512000 67
184.640000 185.312000 68
185.472000 185.824000 71
185.824000 186.400000 69
186.720000 186.976000 69
186.976000 187.104000 68
187.104000 188.832000 66
189.280000 189.536000 60
189.696000 189.856000 61
189.952000 190.112000 63
190.336000 190.752000 70
190.976000 191.296000 68
191.552000 191.616000 67
191.616000 192.256000 68
192.256000 192.704000 66
193.152000 193.312000 70
193.504000 193.888000 73
193.888000 194.272000 70
194.272000 194.688000 62
194.816000 195.392000 63
195.392000 195.456000 65
195.456000 196.768000 69
196.768000 196.960000 73
197.056000 197.536000 70
197.696000 198.368000 60
198.368000 198.880000 73
199.008000 199.584000 69
199.584000 200.256000 66
200.672000 200.832000 59
200.928000 201.440000 59
201.504000 201.568000 62
201.568000 203.264000 66
203.264000 204.480000 68
204.480000 205.120000 65
206.240000 206.560000 70
206.688000 207.328000 70
207.456000 207.616000 68
207.616000 207.776000 66
207.904000 210.368000 66
210.816000 210.976000 66
211.072000 211.168000 65
211.264000 212.416000 66
212.512000 212.672000 66
212.768000 213.600000 65
213.600000 214.016000 67
214.208000 214.336000 61
214.432000 214.592000 58
214.592000 215.392000 61
215.488000 215.840000 61
215.840000 216.192000 66
216.320000 216.608000 66
216.608000 217.568000 69
218.080000 218.592000 70
218.592000 218.880000 66
218.880000 220.032000 70
220.128000 220.448000 70
220.544000 220.736000 71
220.864000 221.216000 69
221.216000 221.600000 66
221.696000 221.984000 67
222.144000 223.456000 68
223.968000 224.128000 70
224.128000 224.512000 68
224.608000 225.472000 65
225.472000 225.920000 61
226.432000 226.656000 63
226.880000 227.520000 71
228.128000 228.416000 67
228.576000 229.248000 68
229.408000 230.240000 70
230.624000 231.008000 69
231.104000 231.904000 66
232.064000 232.416000 66
232.416000 232.800000 70
232.800000 233.216000 66
233.216000 234.080000 61
234.272000 234.752000 69
234.912000 235.712000 68
235.904000 236.032000 70
236.192000 236.640000 66
237.440000 237.536000 75
237.536000 237.760000 72
237.760000 237.792000 68
237.888000 238.176000 70
238.176000 238.624000 62
238.752000 239.360000 63
239.360000 240.512000 69
240.832000 241.248000 69
241.248000 241.600000 68
241.600000 242.304000 61
242.304000 242.784000 73
242.912000 243.264000 74
243.264000 244.192000 66
244.640000 245.280000 59
245.440000 247.104000 66
247.104000 247.840000 68
248.128000 248.928000 65
250.816000 251.200000 70
251.424000 252.000000 70
253.472000 253.632000 68
