3.232000 4.544000 57
4.672000 4.800000 55
4.800000 5.056000 57
5.056000 5.440000 54
6.080000 6.240000 55
6.720000 7.008000 52
7.008000 8.544000 55
8.992000 9.152000 57
9.408000 9.760000 61
9.920000 10.080000 57
10.176000 11.584000 55
11.872000 12.256000 55
12.768000 13.216000 54
13.312000 14.208000 55
14.720000 14.880000 56
14.976000 15.296000 58
15.296000 16.384000 56
16.576000 16.768000 55
17.600000 17.760000 55
18.144000 18.176000 62
18.592000 19.936000 55
20.480000 20.800000 58
20.960000 21.120000 62
21.120000 21.312000 59
21.440000 23.104000 56
23.360000 24.032000 55
24.128000 24.320000 52
24.320000 25.056000 55
25.152000 25.600000 57
26.208000 26.464000 57
26.464000 27.072000 59
27.232000 27.424000 57
28.128000 28.288000 54
28.288000 28.672000 56
28.832000 29.568000 55
30.112000 30.336000 57
30.336000 30.752000 59
30.912000 30.976000 55
30.976000 31.776000 56
31.936000 32.288000 55
32.704000 32.992000 55
33.600000 33.728000 52
33.824000 35.168000 55
35.648000 35.872000 57
35.872000 36.128000 58
36.128000 36.416000 61
36.608000 36.768000 57
37.056000 37.280000 57
37.440000 37.792000 56
38.432000 38.912000 55
39.168000 39.328000 52
39.328000 40.064000 55
40.192000 40.768000 55
41.376000 42.144000 58
42.240000 42.560000 57
42.688000 42.848000 57
43.136000 44.384000 56
44.928000 44.992000 56
44.992000 46.208000 57
46.208000 47.040000 55
47.520000 47.680000 52
47.680000 47.776000 53
47.776000 48.032000 55
48.032000 48.704000 58
48.832000 49.248000 58
50.048000 50.112000 58
50.112000 50.464000 60
50.464000 51.104000 62
51.296000 52.256000 59
52.864000 52.960000 55
52.960000 54.816000 59
55.648000 57.920000 55
59.360000 60.064000 66
60.064000 60.544000 63
60.544000 60.640000 59
60.768000 61.216000 64
61.216000 61.408000 59
61.632000 61.696000 60
61.696000 62.624000 64
62.624000 62.976000 59
63.104000 66.624000 66
66.816000 68.160000 66
68.256000 68.448000 66
68.448000 68.864000 62
68.864000 69.792000 67
70.048000 70.176000 63
70.304000 70.496000 63
70.496000 71.008000 64
71.008000 72.288000 67
72.384000 72.576000 61
72.832000 73.696000 67
74.240000 74.848000 66
75.008000 76.224000 64
76.512000 77.440000 64
77.440000 77.792000 60
77.952000 79.264000 66
79.360000 79.712000 66
79.744000 81.536000 66
81.696000 83.296000 66
83.392000 83.744000 62
83.744000 84.000000 64
84.000000 84.640000 67
84.768000 84.928000 66
84.928000 84.992000 63
85.248000 85.664000 64
85.824000 85.888000 65
85.888000 86.016000 67
86.144000 86.976000 67
87.072000 87.808000 64
87.808000 88.672000 67
90.528000 91.488000 63
91.744000 91.936000 60
91.936000 93.280000 64
93.376000 94.336000 63
94.496000 94.592000 63
94.720000 95.200000 62
95.200000 95.808000 64
96.096000 97.216000 66
97.312000 97.952000 65
97.952000 98.496000 62
98.880000 99.680000 66
99.808000 100.320000 63
100.480000 101.312000 62
101.664000 102.176000 62
102.176000 102.688000 64
102.688000 102.880000 67
102.880000 103.104000 75
103.392000 103.488000 71
103.616000 103.904000 62
104.064000 104.544000 64
104.544000 104.832000 66
105.152000 106.272000 63
106.336000 106.592000 59
106.848000 108.128000 64
108.224000 109.120000 64
109.504000 109.536000 57
109.568000 109.632000 58
109.632000 109.664000 60
109.664000 110.656000 63
110.912000 111.168000 65
111.168000 112.608000 66
112.608000 113.152000 63
113.152000 113.728000 69
113.824000 114.464000 63
114.720000 115.200000 59
115.200000 116.512000 64
116.608000 116.736000 64
116.992000 117.728000 64
117.728000 117.824000 72
117.824000 118.112000 75
118.432000 119.360000 63
119.360000 119.616000 67
119.616000 119.808000 74
120.128000 120.352000 64
120.352000 120.800000 62
120.800000 121.056000 64
121.056000 121.504000 62
121.504000 123.136000 65
123.328000 124.608000 64
124.896000 125.824000 64
125.824000 126.208000 59
126.336000 129.984000 66
130.080000 131.616000 66
131.744000 132.064000 62
132.064000 132.320000 64
132.320000 132.992000 67
133.056000 133.312000 67
133.600000 133.728000 62
133.728000 134.400000 64
134.496000 135.168000 67
135.168000 136.096000 64
136.096000 136.928000 67
137.408000 137.984000 66
138.048000 138.176000 66
138.176000 138.304000 62
138.304000 139.264000 64
139.264000 139.584000 59
139.744000 140.064000 64
140.096000 140.800000 64
141.152000 146.528000 66
146.688000 146.976000 62
146.976000 147.808000 67
148.000000 148.192000 67
148.448000 148.576000 62
148.576000 149.280000 64
149.376000 150.048000 67
150.048000 151.008000 64
151.008000 152.128000 67
153.664000 153.824000 63
153.984000 154.624000 59
154.720000 155.520000 60
155.680000 155.936000 59
156.448000 156.608000 56
156.640000 156.800000 58
156.992000 157.536000 62
157.792000 158.208000 58
158.208000 158.368000 55
158.624000 158.656000 57
158.816000 159.296000 55
159.392000 159.616000 54
160.000000 160.192000 53
160.320000 160.544000 57
160.544000 162.336000 60
162.560000 162.688000 66
162.752000 163.104000 67
163.552000 163.584000 57
164.000000 164.192000 55
164.192000 164.416000 57
164.480000 165.056000 58
165.152000 167.552000 55
167.904000 168.128000 58
168.128000 169.664000 60
169.984000 170.080000 55
170.240000 170.560000 55
170.688000 170.848000 55
170.848000 171.680000 59
171.680000 172.320000 67
172.448000 173.472000 66
173.760000 174.176000 66
174.240000 174.592000 64
174.624000 174.688000 66
174.752000 174.784000 65
174.848000 174.912000 65
175.104000 176.064000 59
176.352000 176.448000 60
176.768000 176.960000 60
177.440000 177.632000 57
178.336000 178.560000 59
178.688000 178.944000 66
179.072000 179.360000 67
179.744000 180.608000 57
180.800000 180.832000 55
181.280000 183.424000 55
184.384000 186.880000 58
186.976000 187.072000 58
188.160000 189.248000 73
189.632000 192.608000 67
193.344000 193.408000 65
193.408000 193.760000 67
193.920000 197.376000 59
197.376000 198.496000 57
199.776000 200.480000 65
200.544000 203.040000 64
203.168000 203.328000 64
203.392000 207.008000 66
207.232000 208.576000 66
208.608000 208.896000 66
208.896000 209.344000 62
209.344000 210.240000 67
210.496000 210.592000 62
210.752000 210.944000 63
210.944000 211.456000 64
211.456000 212.320000 67
212.320000 213.344000 64
213.344000 214.048000 67
214.400000 214.752000 64
214.752000 215.264000 66
215.424000 216.576000 64
216.576000 216.672000 60
216.864000 217.056000 63
217.056000 217.856000 64
217.856000 218.112000 60
218.336000 219.584000 66
219.680000 220.608000 65
220.704000 222.016000 66
222.080000 223.456000 66
223.808000 224.224000 62
224.224000 224.448000 64
224.448000 225.088000 67
225.408000 225.536000 63
225.632000 225.792000 62
225.792000 226.400000 64
226.400000 227.264000 67
227.264000 228.192000 64
228.192000 229.376000 65
229.696000 230.080000 64
238.208000 238.304000 59
