23.488000 23.808000 60
23.808000 24.608000 55
24.768000 24.960000 60
24.960000 25.184000 58
25.184000 25.568000 55
25.728000 26.368000 60
26.464000 26.720000 58
26.720000 27.136000 60
27.136000 27.424000 55
27.424000 28.256000 59
28.352000 30.368000 53
31.872000 31.968000 47
32.128000 34.752000 53
35.712000 36.128000 53
36.128000 36.384000 51
36.384000 37.376000 48
37.536000 38.432000 50
39.328000 39.552000 48
39.552000 40.192000 53
40.288000 40.512000 53
40.512000 40.704000 51
40.928000 42.656000 46
46.368000 46.752000 59
46.752000 47.424000 55
47.424000 47.584000 60
47.584000 48.064000 58
48.064000 49.024000 55
49.280000 49.472000 58
49.472000 49.984000 55
49.984000 50.848000 58
51.200000 53.600000 53
54.784000 54.880000 47
55.008000 57.856000 53
58.336000 58.464000 47
58.560000 58.976000 53
58.976000 59.136000 52
59.136000 59.296000 50
59.296000 60.064000 48
60.064000 61.536000 50
62.144000 62.240000 52
62.368000 63.296000 51
64.416000 64.768000 46
64.864000 64.960000 46
71.296000 71.424000 59
74.144000 74.560000 53
74.560000 74.784000 55
74.784000 75.008000 52
75.168000 75.488000 53
75.584000 75.680000 53
77.408000 77.600000 53
77.600000 77.952000 55
77.952000 78.048000 56
78.048000 79.008000 58
79.008000 80.416000 56
80.608000 81.024000 54
81.024000 81.280000 52
84.960000 85.664000 52
85.664000 86.176000 55
86.176000 87.008000 58
88.768000 88.832000 58
88.832000 89.568000 60
89.568000 90.304000 63
90.304000 91.616000 60
91.872000 92.128000 60
92.128000 92.512000 62
92.640000 92.832000 63
92.832000 95.584000 58
96.448000 96.800000 51
96.864000 97.824000 53
97.824000 97.984000 51
98.080000 98.624000 52
98.720000 98.816000 52
100.256000 100.384000 52
100.384000 100.672000 54
100.768000 100.832000 56
100.832000 101.856000 58
101.856000 103.200000 55
103.488000 103.584000 55
103.680000 104.096000 53
105.952000 106.240000 53
107.840000 108.320000 52
108.320000 108.480000 54
108.480000 108.992000 55
108.992000 109.696000 58
111.648000 112.288000 60
112.416000 113.184000 63
113.184000 114.368000 60
114.720000 120.320000 65
160.672000 160.992000 59
160.992000 161.056000 58
161.056000 161.792000 56
161.792000 162.528000 56
162.656000 162.784000 59
162.784000 163.072000 55
163.072000 163.296000 58
163.584000 165.472000 58
165.472000 167.584000 53
169.088000 169.184000 47
169.312000 171.776000 53
172.608000 172.832000 48
172.832000 173.024000 53
173.120000 173.216000 54
173.216000 173.280000 53
173.280000 173.568000 51
173.568000 174.304000 48
174.304000 175.520000 50
176.448000 176.672000 48
176.672000 177.344000 53
177.440000 177.568000 53
177.568000 177.856000 51
178.432000 179.232000 46
183.520000 183.872000 59
183.872000 184.384000 55
184.576000 184.736000 59
184.736000 185.184000 58
185.184000 185.920000 57
186.432000 186.688000 60
186.688000 186.912000 55
187.136000 187.328000 60
187.328000 187.808000 56
187.808000 188.256000 50
188.352000 190.560000 53
191.936000 192.064000 47
192.192000 194.944000 53
195.488000 195.712000 48
195.712000 195.872000 53
195.968000 196.096000 53
196.096000 196.384000 51
196.384000 197.184000 48
197.184000 198.656000 50
199.296000 199.392000 53
199.488000 199.680000 52
199.776000 200.416000 52
207.872000 208.352000 53
210.752000 210.848000 55
211.232000 211.488000 53
211.520000 211.680000 59
211.680000 211.936000 55
211.936000 212.032000 51
212.160000 212.288000 51
212.352000 213.056000 53
214.560000 214.752000 53
214.752000 215.168000 54
215.296000 215.456000 58
215.584000 215.904000 58
216.000000 217.472000 55
217.792000 218.304000 53
218.304000 218.688000 50
222.144000 222.848000 53
222.848000 223.680000 56
223.680000 224.032000 58
225.888000 226.656000 60
226.656000 227.488000 63
227.488000 228.704000 60
228.992000 229.280000 60
229.280000 229.632000 62
229.760000 229.952000 63
229.952000 232.320000 58
233.568000 233.952000 51
234.080000 234.272000 53
234.272000 234.528000 59
234.528000 234.784000 55
234.784000 235.072000 51
235.264000 235.776000 53
235.872000 236.000000 53
237.408000 237.632000 53
237.632000 237.824000 55
237.888000 237.952000 53
237.952000 238.048000 56
238.048000 238.336000 59
238.784000 240.416000 55
240.896000 241.184000 53
241.184000 241.632000 51
244.992000 245.536000 53
245.536000 245.632000 54
245.632000 246.144000 55
246.144000 246.816000 58
248.768000 249.440000 59
249.536000 250.368000 63
250.368000 251.520000 60
251.872000 257.312000 65
259.648000 259.904000 60
259.904000 260.864000 55
260.960000 261.184000 60
261.184000 261.408000 58
261.408000 261.856000 55
261.952000 262.336000 60
262.656000 262.912000 58
262.912000 263.328000 60
263.328000 263.616000 56
263.616000 264.480000 59
264.576000 266.848000 53
268.160000 268.256000 47
268.352000 270.720000 53
271.712000 271.872000 48
271.872000 272.064000 53
272.160000 272.288000 53
272.288000 272.544000 51
272.544000 272.832000 47
272.928000 273.280000 47
273.280000 274.560000 51
275.456000 275.552000 51
275.712000 275.808000 51
276.000000 276.608000 51
277.632000 278.240000 46
279.872000 279.936000 47
279.936000 280.320000 51
294.272000 294.464000 59
299.232000 299.616000 55
