22.016000 22.336000 69
22.688000 26.368000 70
26.464000 26.656000 70
27.776000 28.544000 68
41.760000 44.800000 67
44.928000 46.848000 67
48.864000 49.088000 67
51.936000 52.416000 62
52.512000 52.960000 62
53.216000 53.504000 58
53.696000 53.952000 58
53.952000 54.656000 62
54.816000 55.328000 67
55.968000 56.320000 62
56.544000 57.120000 70
57.248000 57.408000 69
57.824000 58.528000 63
58.752000 59.648000 63
60.448000 60.800000 60
60.960000 61.504000 69
61.728000 61.920000 67
62.016000 62.272000 65
62.272000 63.360000 62
63.488000 64.096000 62
64.256000 64.352000 62
64.768000 65.024000 58
65.152000 65.376000 59
65.376000 65.984000 68
66.144000 66.336000 66
66.496000 66.912000 63
66.912000 67.552000 59
68.096000 68.256000 61
69.120000 69.312000 67
69.408000 70.176000 67
70.400000 70.752000 67
70.944000 71.872000 67
72.032000 73.984000 69
73.984000 74.848000 62
76.416000 77.216000 62
77.312000 77.504000 62
77.664000 78.432000 58
78.432000 79.232000 62
79.296000 79.840000 67
80.352000 80.928000 62
80.928000 81.568000 70
81.696000 81.952000 69
82.048000 82.272000 67
82.272000 82.720000 63
82.816000 83.008000 62
83.136000 84.256000 63
84.736000 84.928000 60
85.056000 85.216000 60
85.376000 85.792000 69
86.144000 86.336000 67
86.496000 86.688000 65
86.688000 87.232000 63
87.648000 88.000000 63
88.160000 88.512000 62
89.184000 89.344000 58
89.472000 89.632000 58
89.856000 90.336000 67
90.560000 90.752000 65
90.752000 91.296000 63
91.360000 91.872000 59
92.000000 92.192000 60
93.536000 94.016000 67
94.208000 94.784000 67
94.944000 95.648000 69
95.744000 95.936000 67
96.064000 98.336000 67
101.120000 101.728000 62
101.920000 102.656000 59
102.656000 102.976000 60
102.976000 103.200000 62
103.200000 103.424000 63
103.424000 104.608000 67
104.608000 105.664000 63
105.856000 106.272000 63
106.272000 107.360000 60
107.456000 107.904000 63
108.032000 108.608000 63
109.056000 109.664000 63
109.664000 113.984000 72
114.080000 115.200000 70
115.744000 115.936000 67
115.936000 116.064000 62
116.256000 116.320000 63
116.320000 118.400000 70
118.496000 120.128000 70
120.128000 120.640000 73
120.736000 122.304000 75
122.304000 122.848000 70
123.008000 123.936000 69
124.576000 124.832000 70
124.832000 125.280000 72
125.280000 126.656000 74
126.656000 128.736000 68
128.960000 129.248000 69
129.248000 130.976000 72
131.072000 131.328000 69
131.328000 132.224000 67
132.224000 133.760000 74
133.888000 135.360000 70
135.488000 137.888000 70
138.016000 139.808000 70
139.904000 140.160000 72
140.160000 141.920000 75
141.920000 142.624000 71
142.752000 143.744000 69
144.192000 144.448000 70
144.448000 145.024000 73
145.024000 146.400000 74
146.400000 148.384000 68
148.544000 148.832000 69
148.832000 150.336000 72
150.720000 150.944000 69
150.944000 151.872000 67
151.872000 153.440000 74
153.632000 157.536000 74
160.672000 161.440000 62
161.568000 161.696000 62
161.984000 162.304000 58
162.400000 162.624000 58
162.720000 162.944000 60
163.040000 163.424000 62
163.552000 164.000000 67
164.608000 165.184000 62
165.184000 165.760000 70
166.016000 166.208000 69
166.400000 166.560000 67
166.560000 166.784000 65
166.784000 167.008000 63
167.104000 167.328000 62
167.520000 168.384000 63
169.632000 170.080000 69
170.432000 170.624000 67
170.752000 170.944000 65
170.944000 171.456000 63
171.936000 172.352000 63
172.448000 172.832000 62
173.408000 173.856000 58
174.080000 174.592000 67
174.816000 175.008000 65
175.008000 175.744000 63
175.904000 176.096000 58
176.256000 176.416000 60
177.824000 178.272000 67
178.464000 178.816000 66
178.912000 179.104000 67
179.264000 181.152000 69
181.664000 182.080000 67
182.272000 185.312000 67
185.440000 187.552000 69
187.648000 187.904000 70
187.904000 188.096000 68
188.544000 188.640000 67
