18.240000 18.752000 67
18.752000 19.200000 69
19.200000 19.648000 71
19.648000 20.096000 67
20.160000 21.792000 71
22.016000 22.528000 67
22.528000 23.840000 69
23.968000 25.472000 69
25.856000 26.336000 67
26.336000 27.680000 69
27.776000 29.408000 71
29.632000 34.144000 69
35.296000 36.416000 66
36.512000 37.088000 62
37.248000 37.760000 62
37.888000 38.592000 63
38.880000 39.040000 62
39.136000 39.392000 64
39.488000 40.448000 65
40.800000 40.960000 59
41.024000 41.376000 61
41.504000 41.632000 62
42.080000 42.208000 62
42.656000 43.040000 63
43.136000 43.520000 64
43.648000 44.224000 64
44.512000 44.672000 62
44.832000 45.024000 61
45.024000 45.216000 59
45.312000 45.472000 59
45.568000 46.368000 58
46.976000 47.008000 59
48.672000 49.248000 66
49.248000 49.696000 65
49.696000 50.400000 61
50.496000 51.584000 62
51.680000 51.808000 60
51.968000 52.128000 60
52.128000 52.288000 62
52.416000 53.696000 64
54.048000 54.176000 59
54.272000 54.688000 61
54.784000 55.680000 62
55.968000 56.320000 62
56.416000 56.832000 64
56.928000 57.536000 64
57.856000 59.552000 64
59.552000 61.408000 66
61.888000 62.272000 67
62.272000 63.296000 69
63.296000 63.808000 67
63.808000 67.264000 71
67.360000 67.616000 67
67.744000 67.936000 69
67.936000 68.896000 64
68.992000 69.376000 62
69.664000 70.560000 64
70.656000 71.360000 67
71.840000 72.064000 65
72.064000 77.952000 69
78.944000 79.456000 68
79.456000 79.904000 69
79.904000 80.288000 71
80.288000 80.704000 67
80.832000 82.368000 71
82.720000 83.136000 67
83.136000 83.680000 69
83.680000 84.064000 71
84.064000 84.544000 67
84.640000 86.048000 69
86.528000 87.040000 67
87.040000 88.224000 69
88.224000 88.352000 68
88.448000 89.856000 71
90.304000 90.816000 67
90.816000 92.160000 69
92.256000 95.168000 69
107.008000 107.136000 66
113.056000 114.208000 65
114.208000 114.880000 62
114.976000 116.352000 62
116.640000 116.800000 62
116.896000 117.280000 63
117.376000 118.112000 64
118.560000 118.976000 60
119.040000 119.168000 61
119.296000 119.392000 62
119.552000 120.192000 62
120.416000 120.768000 62
120.896000 121.280000 64
121.376000 121.952000 64
122.240000 122.944000 61
123.072000 123.200000 59
123.296000 123.648000 58
124.448000 124.704000 65
126.336000 127.520000 65
127.520000 128.128000 62
128.224000 128.864000 63
128.960000 129.376000 62
129.472000 129.600000 60
129.696000 129.888000 60
129.888000 130.048000 62
130.176000 131.392000 64
131.808000 132.032000 59
132.032000 132.416000 61
132.512000 133.344000 62
133.696000 134.048000 62
134.144000 135.232000 64
135.584000 136.992000 63
136.992000 139.424000 66
139.616000 140.096000 67
140.096000 141.280000 69
141.280000 141.440000 67
141.568000 143.296000 71
143.392000 143.616000 74
143.616000 144.288000 71
144.384000 144.544000 67
144.544000 144.832000 69
144.832000 145.024000 72
145.024000 145.792000 68
145.792000 146.944000 64
147.264000 148.320000 64
148.448000 149.312000 67
149.600000 149.792000 65
149.792000 155.840000 69
156.704000 157.088000 67
157.088000 157.664000 69
157.664000 158.016000 71
158.016000 158.624000 67
158.624000 160.032000 71
160.480000 160.960000 67
160.960000 164.000000 69
164.320000 164.736000 67
164.736000 165.248000 69
165.248000 165.600000 71
165.600000 166.080000 68
166.176000 167.584000 71
167.872000 168.064000 62
168.064000 168.480000 67
168.576000 168.992000 69
168.992000 169.440000 71
169.440000 169.856000 67
169.984000 171.328000 69
171.840000 172.288000 67
172.288000 173.760000 69
173.760000 175.136000 71
175.680000 175.872000 67
176.096000 177.056000 69
177.056000 177.440000 67
177.504000 178.176000 69
178.208000 179.200000 69
179.232000 179.328000 69
179.456000 179.872000 67
179.872000 180.416000 69
180.416000 180.768000 71
180.768000 181.248000 68
181.344000 182.784000 71
183.264000 183.712000 68
183.712000 186.688000 69
186.720000 186.784000 69
187.040000 187.520000 67
187.520000 188.736000 69
188.736000 188.832000 68
188.960000 190.304000 71
190.848000 191.296000 67
191.296000 192.544000 69
192.544000 192.608000 67
192.704000 193.728000 69
193.792000 194.080000 69
194.432000 195.552000 69
195.552000 196.000000 71
196.000000 196.416000 67
196.544000 196.736000 74
196.800000 198.080000 71
198.464000 199.264000 68
199.392000 199.744000 71
