6.336000 6.816000 59
6.912000 7.328000 62
7.648000 7.936000 59
7.936000 8.096000 62
8.192000 8.928000 66
9.120000 9.408000 63
9.600000 10.208000 62
10.368000 10.912000 61
10.912000 11.200000 64
11.584000 11.808000 53
11.808000 11.936000 56
12.096000 12.224000 62
12.224000 12.896000 64
12.992000 13.728000 62
14.016000 14.144000 52
14.144000 15.904000 55
16.000000 16.128000 56
16.128000 16.480000 59
16.480000 17.152000 62
17.408000 20.192000 62
23.040000 24.000000 54
24.256000 24.320000 58
24.320000 25.056000 61
25.280000 25.632000 57
25.728000 26.976000 57
28.000000 28.096000 53
30.336000 31.360000 55
31.584000 32.416000 53
32.544000 32.640000 51
32.960000 33.280000 50
33.280000 33.600000 52
33.792000 33.888000 50
33.888000 35.040000 53
35.328000 35.424000 52
38.336000 39.232000 52
39.392000 39.680000 55
39.936000 40.736000 61
40.864000 43.008000 57
46.432000 46.688000 64
46.688000 47.136000 66
47.136000 47.520000 59
47.648000 47.712000 58
47.712000 48.800000 61
48.928000 49.408000 57
49.408000 52.704000 62
53.280000 53.408000 59
53.792000 53.952000 53
53.952000 54.496000 55
54.496000 54.784000 62
54.976000 55.264000 62
55.488000 55.744000 61
55.936000 56.288000 59
56.416000 57.088000 60
57.184000 57.344000 62
57.664000 58.496000 57
58.496000 59.264000 61
59.360000 59.744000 62
59.872000 60.928000 58
61.088000 61.216000 61
61.728000 62.336000 55
62.336000 63.104000 59
63.328000 64.192000 57
64.288000 64.512000 55
65.024000 67.456000 54
69.376000 70.240000 59
70.240000 70.400000 66
70.560000 70.912000 66
71.072000 71.392000 64
71.552000 72.160000 62
72.160000 72.640000 64
72.832000 72.992000 62
73.312000 73.440000 60
73.440000 73.984000 61
73.984000 74.400000 57
74.496000 74.880000 63
75.008000 75.328000 62
75.520000 76.576000 61
76.704000 76.800000 63
77.120000 77.184000 58
77.184000 77.504000 65
77.504000 77.952000 62
78.304000 78.432000 56
78.432000 79.264000 61
79.424000 79.552000 59
79.552000 79.872000 61
79.872000 80.480000 57
80.608000 84.128000 62
84.416000 85.120000 59
85.120000 85.312000 62
85.664000 85.952000 59
85.952000 86.080000 62
86.208000 86.592000 66
86.720000 87.040000 67
87.200000 87.904000 63
87.904000 88.352000 61
88.448000 88.800000 61
88.896000 89.216000 64
89.568000 89.920000 54
90.112000 90.464000 64
90.560000 92.064000 61
92.768000 93.120000 65
93.120000 93.664000 62
93.984000 94.304000 62
94.528000 94.848000 61
94.976000 95.616000 59
95.616000 96.896000 61
96.896000 98.400000 57
99.488000 99.584000 59
100.000000 100.480000 59
100.576000 100.960000 62
101.248000 101.312000 57
101.312000 101.568000 59
101.568000 101.824000 62
101.824000 102.624000 66
102.784000 103.104000 64
103.264000 103.840000 62
104.032000 104.576000 61
104.576000 104.864000 64
105.248000 105.536000 54
105.728000 105.792000 62
105.792000 106.560000 64
106.688000 107.712000 62
108.384000 108.736000 65
108.864000 109.312000 62
109.568000 109.632000 56
109.632000 109.984000 61
110.144000 111.360000 60
111.360000 114.976000 62
115.392000 115.584000 61
129.952000 130.048000 65
130.368000 130.464000 62
130.464000 130.752000 57
130.912000 131.232000 58
131.808000 132.672000 55
132.672000 132.864000 62
133.088000 133.376000 61
133.536000 133.760000 61
133.984000 134.368000 59
134.464000 135.136000 60
135.360000 135.744000 54
135.744000 135.840000 55
135.840000 136.480000 57
136.480000 136.768000 61
136.960000 137.312000 61
137.408000 137.760000 62
137.920000 138.400000 57
138.400000 138.976000 59
139.776000 140.448000 55
140.448000 141.120000 59
141.344000 142.656000 61
142.880000 143.712000 61
143.808000 144.768000 57
146.432000 146.496000 57
147.392000 148.160000 59
148.160000 148.448000 66
148.640000 148.992000 66
149.120000 149.440000 64
149.632000 150.752000 62
151.328000 152.448000 64
152.544000 152.608000 63
152.608000 152.896000 67
153.024000 153.376000 66
153.568000 154.144000 64
154.144000 154.368000 66
154.368000 154.496000 64
154.496000 154.880000 62
154.880000 155.136000 66
155.136000 156.320000 63
156.416000 157.280000 61
157.440000 157.568000 59
157.568000 157.824000 61
157.824000 158.496000 57
158.656000 161.952000 62
162.464000 162.912000 59
163.040000 163.520000 62
163.712000 164.096000 60
164.224000 164.384000 64
164.384000 164.640000 66
164.768000 165.120000 67
165.280000 166.368000 62
166.464000 166.944000 61
166.944000 167.264000 63
167.680000 168.000000 54
168.192000 168.768000 63
168.768000 170.176000 61
170.752000 171.136000 65
171.136000 171.648000 62
172.064000 172.160000 63
172.160000 172.352000 61
172.576000 172.928000 61
173.024000 173.664000 59
173.664000 174.880000 61
174.880000 176.352000 57
178.144000 178.528000 59
178.624000 179.072000 62
179.296000 179.360000 55
179.360000 179.648000 59
179.648000 179.840000 61
179.840000 180.672000 66
180.832000 181.152000 63
181.312000 181.888000 62
182.080000 182.560000 61
182.560000 182.912000 64
183.296000 183.520000 54
183.520000 183.648000 57
183.776000 183.936000 62
183.936000 184.608000 64
184.704000 185.664000 62
185.760000 187.552000 55
187.744000 187.872000 57
187.872000 188.128000 59
188.128000 188.832000 61
189.120000 191.776000 62
194.592000 195.168000 62
195.264000 195.776000 64
195.936000 196.416000 62
196.416000 196.704000 60
196.960000 197.344000 57
197.440000 198.656000 57
198.752000 198.912000 57
198.912000 199.296000 54
199.392000 199.680000 54
199.872000 200.704000 55
200.896000 201.088000 49
201.504000 201.920000 53
202.144000 202.272000 57
202.432000 202.496000 60
202.496000 203.616000 64
203.808000 204.256000 62
204.256000 204.544000 60
204.736000 206.624000 57
206.688000 207.328000 56
207.424000 207.552000 55
207.648000 208.000000 56
208.128000 208.512000 56
208.640000 208.800000 67
208.896000 209.056000 69
209.472000 209.760000 53
210.368000 211.392000 64
211.552000 211.872000 62
212.096000 212.448000 60
212.448000 213.056000 57
213.056000 215.584000 62
216.064000 220.704000 61
220.960000 221.472000 59
221.600000 222.048000 62
222.272000 222.624000 59
222.816000 223.168000 66
223.328000 223.616000 67
223.840000 224.288000 64
224.288000 224.928000 61
225.056000 225.472000 61
225.472000 225.888000 63
226.208000 226.464000 54
226.720000 227.072000 64
227.168000 228.736000 62
229.344000 229.696000 65
229.696000 230.208000 62
230.592000 230.880000 62
231.104000 231.456000 61
231.552000 232.160000 59
232.160000 233.440000 61
233.440000 234.976000 57
234.976000 236.288000 64
236.608000 236.672000 56
236.672000 237.312000 59
237.312000 237.600000 62
237.856000 238.080000 59
238.176000 238.432000 62
238.432000 239.200000 66
239.360000 239.712000 64
239.872000 240.416000 62
240.608000 241.024000 61
241.088000 241.312000 63
241.312000 241.440000 60
241.824000 242.080000 54
242.336000 242.432000 62
242.432000 243.328000 64
243.328000 244.032000 61
244.288000 245.184000 54
245.280000 245.440000 55
245.440000 246.080000 56
246.304000 246.368000 57
246.368000 246.880000 59
246.976000 247.392000 62
247.616000 250.368000 62
252.096000 253.344000 55
253.472000 253.696000 55
253.792000 254.176000 57
254.176000 255.392000 61
255.488000 259.168000 61
259.328000 263.520000 62
263.616000 263.904000 63
263.904000 266.176000 64
266.176000 268.480000 61
273.632000 273.728000 66
274.080000 274.368000 65
274.496000 274.592000 62
275.424000 276.160000 54
276.256000 276.480000 55
276.672000 277.600000 57
277.600000 277.984000 59
277.984000 278.656000 62
278.848000 279.104000 61
279.392000 280.032000 54
280.128000 280.224000 55
280.384000 280.544000 57
280.800000 281.088000 55
281.088000 281.280000 57
281.408000 281.856000 59
281.856000 282.656000 65
282.656000 282.752000 61
282.816000 283.168000 62
283.616000 284.800000 55
284.800000 285.184000 59
285.280000 285.472000 57
285.664000 285.952000 57
286.176000 286.432000 53
286.432000 286.720000 56
287.296000 287.360000 51
287.360000 287.392000 53
287.392000 288.320000 59
288.448000 289.760000 59
289.888000 289.984000 61
289.984000 290.048000 58
290.208000 290.272000 59
290.304000 290.592000 61
290.624000 290.688000 60
290.688000 292.128000 62
292.288000 292.736000 63
292.736000 292.864000 61
292.864000 293.888000 58
294.560000 298.400000 62
