19.712000 20.544000 63
20.544000 21.760000 61
21.888000 22.272000 58
22.368000 22.880000 53
23.008000 23.296000 54
23.456000 23.904000 56
24.064000 24.928000 59
26.496000 26.720000 57
26.720000 27.968000 60
28.192000 28.960000 64
29.824000 30.368000 63
30.464000 30.944000 59
31.136000 32.288000 56
34.784000 35.488000 57
35.616000 35.872000 59
36.064000 36.416000 56
36.544000 37.152000 54
37.952000 39.232000 59
39.360000 39.520000 57
39.648000 40.352000 64
41.184000 41.984000 63
42.208000 42.752000 64
42.880000 43.200000 61
44.224000 44.608000 60
44.928000 45.088000 59
45.312000 46.912000 54
48.800000 49.600000 63
49.600000 50.784000 61
50.912000 51.136000 59
51.136000 51.296000 57
51.296000 51.488000 53
51.584000 51.936000 53
52.032000 52.256000 54
52.256000 53.920000 59
55.712000 56.000000 58
56.096000 57.088000 60
57.248000 57.952000 64
58.848000 59.232000 63
59.360000 59.648000 61
59.648000 59.968000 59
60.192000 61.280000 56
63.840000 65.024000 57
65.120000 65.504000 55
65.632000 66.368000 54
67.104000 68.160000 59
68.320000 68.448000 57
68.640000 69.376000 65
70.208000 70.528000 61
70.656000 71.680000 63
71.680000 72.544000 64
73.216000 73.376000 61
73.504000 73.696000 61
73.888000 74.048000 64
74.208000 76.064000 59
78.304000 78.464000 54
78.464000 79.712000 56
79.712000 80.384000 60
80.512000 82.976000 64
83.168000 83.808000 61
84.704000 84.768000 58
84.768000 85.120000 62
85.216000 85.376000 63
85.376000 85.888000 64
85.888000 86.176000 61
86.400000 87.296000 64
87.776000 88.224000 59
88.384000 92.192000 68
92.960000 93.248000 66
93.344000 93.664000 66
93.856000 94.112000 68
94.240000 94.912000 68
95.168000 95.360000 66
95.808000 96.032000 64
96.032000 96.832000 66
96.832000 97.120000 64
97.248000 97.888000 64
97.888000 98.464000 61
99.488000 100.704000 63
100.704000 101.952000 64
102.400000 102.528000 59
102.528000 102.880000 61
102.880000 105.600000 66
106.176000 109.120000 64
109.696000 109.824000 69
109.824000 110.080000 71
110.080000 110.560000 68
110.560000 111.456000 65
111.456000 111.904000 68
112.448000 113.952000 69
114.144000 115.936000 68
115.936000 116.576000 64
117.472000 117.664000 65
117.664000 117.984000 66
117.984000 118.624000 68
118.816000 119.424000 67
119.424000 119.904000 64
119.904000 120.512000 60
121.120000 121.184000 65
121.248000 121.312000 65
121.312000 121.664000 66
121.664000 122.784000 69
122.880000 123.072000 68
123.168000 123.488000 68
123.648000 123.936000 66
124.256000 124.416000 69
124.416000 124.864000 71
124.864000 125.088000 73
125.088000 126.432000 66
126.752000 126.976000 59
126.976000 127.072000 67
127.072000 127.168000 68
127.168000 128.096000 69
128.096000 129.856000 71
129.856000 131.296000 64
132.032000 132.192000 64
132.192000 132.352000 66
132.512000 132.640000 67
132.640000 133.568000 69
133.696000 134.144000 69
134.144000 135.168000 67
135.680000 136.064000 60
136.064000 136.864000 68
136.960000 137.280000 67
137.408000 137.600000 66
137.728000 137.920000 64
138.112000 139.840000 66
140.672000 141.440000 66
141.440000 144.640000 64
160.000000 161.408000 56
161.536000 162.176000 60
162.304000 164.800000 64
165.024000 165.664000 61
166.496000 166.560000 57
166.560000 166.752000 61
166.752000 167.968000 63
168.192000 169.120000 64
169.728000 170.048000 59
170.240000 173.952000 68
174.752000 175.072000 66
175.168000 175.520000 66
175.680000 176.704000 68
176.960000 177.216000 66
177.632000 178.016000 65
178.016000 178.240000 68
178.240000 178.912000 65
179.072000 179.712000 64
179.712000 180.256000 61
181.088000 181.184000 61
181.312000 182.560000 63
182.560000 183.808000 64
184.256000 184.384000 60
184.384000 184.672000 61
184.672000 185.120000 64
185.216000 187.360000 66
187.872000 188.512000 65
188.608000 191.040000 64
191.520000 191.616000 69
191.616000 191.936000 71
191.936000 192.320000 68
192.320000 193.312000 65
193.312000 193.728000 68
194.048000 194.176000 59
194.272000 195.744000 69
195.936000 196.064000 66
196.064000 197.440000 68
197.440000 198.496000 64
199.264000 199.488000 65
199.488000 199.712000 66
199.712000 200.416000 68
200.640000 201.376000 66
201.376000 201.792000 64
201.792000 202.400000 60
202.976000 203.104000 64
203.104000 203.456000 66
203.456000 205.312000 68
205.440000 205.760000 66
206.048000 206.208000 69
206.208000 206.944000 71
206.944000 207.904000 65
207.904000 208.288000 68
208.608000 208.800000 59
208.800000 208.960000 67
208.960000 209.920000 69
209.920000 210.624000 71
210.624000 211.424000 72
211.424000 212.992000 66
213.760000 213.952000 75
214.080000 214.432000 66
214.432000 215.392000 69
215.520000 216.032000 69
216.032000 216.736000 67
216.736000 217.088000 64
217.408000 217.824000 59
217.824000 218.688000 68
218.784000 219.328000 67
219.456000 219.776000 64
219.776000 220.192000 66
220.672000 221.440000 66
221.536000 226.016000 64
226.304000 226.688000 71
226.688000 226.848000 67
228.352000 234.208000 71
234.656000 235.008000 71
235.136000 235.328000 70
235.328000 235.584000 71
235.584000 236.032000 68
236.032000 237.312000 66
237.664000 237.792000 59
237.920000 239.424000 69
239.680000 239.808000 67
239.808000 241.280000 68
241.280000 242.304000 65
242.880000 243.104000 65
243.104000 244.096000 68
244.288000 244.736000 67
244.736000 245.312000 64
245.504000 245.984000 59
246.624000 246.688000 62
246.688000 246.784000 64
246.784000 247.136000 66
247.136000 247.456000 68
247.456000 247.872000 69
247.872000 248.704000 71
248.864000 249.216000 66
249.216000 249.312000 72
249.728000 249.824000 69
249.824000 250.560000 71
250.656000 251.584000 65
251.584000 251.936000 68
252.192000 252.320000 59
252.416000 254.112000 69
254.112000 258.240000 76
259.520000 259.616000 66
259.808000 261.024000 69
261.184000 261.472000 69
261.472000 261.888000 68
261.888000 262.464000 66
262.912000 263.040000 59
263.136000 263.296000 60
263.296000 264.128000 68
264.448000 264.640000 68
264.800000 264.992000 66
265.152000 265.312000 64
265.504000 267.296000 66
269.248000 270.112000 66
270.848000 271.168000 64
271.264000 271.776000 61
271.776000 272.576000 64
