9.632000 9.920000 62
10.048000 10.336000 63
10.528000 11.040000 64
11.200000 11.840000 66
12.064000 12.320000 63
12.416000 12.736000 64
12.896000 13.120000 64
13.312000 13.440000 64
13.600000 14.208000 66
14.432000 14.688000 63
14.784000 15.104000 64
15.296000 15.552000 64
15.648000 15.808000 63
15.808000 16.480000 66
16.672000 17.088000 64
17.216000 17.888000 62
19.104000 20.576000 63
20.736000 21.376000 66
21.504000 22.688000 64
22.816000 22.944000 63
22.944000 23.296000 65
23.392000 23.712000 67
23.936000 24.608000 64
24.736000 25.088000 64
25.184000 25.312000 63
25.312000 25.984000 66
26.080000 26.208000 64
26.208000 26.336000 66
26.336000 27.104000 67
27.104000 27.808000 69
28.128000 28.672000 66
28.672000 29.184000 64
29.376000 29.792000 70
29.920000 30.272000 69
30.272000 30.656000 67
30.784000 31.872000 64
32.768000 33.568000 66
33.568000 33.824000 64
33.952000 34.080000 64
34.080000 35.040000 66
35.040000 35.456000 62
35.552000 36.416000 64
36.928000 36.992000 64
36.992000 37.760000 69
37.984000 39.040000 67
39.040000 39.776000 69
40.512000 40.832000 63
40.928000 42.016000 63
42.112000 42.720000 66
42.944000 43.200000 63
43.296000 43.648000 64
43.744000 44.032000 64
44.256000 45.120000 66
45.312000 45.600000 63
45.856000 46.016000 64
46.144000 46.432000 64
46.624000 46.848000 64
46.848000 47.040000 66
47.168000 47.520000 66
47.520000 48.512000 62
50.048000 50.464000 63
50.592000 51.488000 64
51.616000 52.192000 66
52.416000 53.152000 64
53.248000 53.440000 64
53.536000 53.920000 64
53.920000 54.624000 66
54.816000 55.328000 63
55.328000 56.544000 64
56.544000 58.656000 67
59.008000 59.712000 66
59.712000 60.064000 64
60.288000 60.672000 71
60.800000 61.504000 68
61.664000 62.880000 64
63.648000 63.872000 65
63.872000 64.320000 67
64.320000 64.704000 64
64.864000 64.992000 64
64.992000 65.952000 66
65.952000 66.336000 63
66.432000 67.200000 64
67.488000 67.648000 64
67.808000 67.872000 65
67.872000 67.968000 66
67.968000 68.256000 69
68.384000 70.720000 69
71.520000 71.936000 67
72.064000 72.704000 64
72.704000 73.152000 67
73.280000 74.080000 70
74.080000 74.496000 67
74.496000 75.360000 69
75.360000 76.064000 65
76.576000 76.672000 67
77.088000 77.376000 64
77.600000 77.888000 67
78.016000 78.720000 61
78.880000 79.424000 59
79.552000 79.776000 60
79.776000 80.864000 64
81.056000 81.472000 67
81.600000 82.176000 64
82.240000 82.272000 67
82.432000 82.688000 67
82.816000 84.864000 69
84.864000 85.536000 65
85.792000 86.240000 67
86.368000 86.784000 64
86.912000 87.392000 67
87.520000 88.096000 61
88.288000 88.320000 62
88.352000 89.248000 69
89.376000 90.112000 65
90.112000 90.368000 64
99.936000 100.224000 62
100.352000 100.608000 64
100.832000 101.120000 64
101.344000 102.112000 66
102.368000 102.592000 63
102.688000 103.008000 63
103.168000 103.328000 64
103.456000 103.776000 63
103.872000 104.512000 66
104.736000 104.992000 63
105.088000 105.408000 63
105.568000 106.240000 63
106.240000 106.464000 66
106.592000 106.880000 66
106.880000 107.904000 62
109.376000 110.624000 64
110.752000 110.944000 64
110.944000 111.200000 66
111.296000 111.776000 66
112.096000 112.544000 71
112.640000 112.832000 71
112.992000 113.184000 70
113.184000 113.888000 68
113.888000 113.984000 64
114.272000 114.624000 64
114.784000 115.776000 64
115.776000 116.992000 67
117.120000 117.408000 67
117.408000 118.080000 69
118.368000 119.040000 66
119.040000 119.328000 64
119.648000 120.032000 70
120.256000 120.544000 69
120.640000 121.312000 67
121.312000 122.336000 64
123.616000 123.904000 63
123.904000 124.544000 66
124.672000 125.280000 66
125.472000 125.760000 63
125.856000 126.688000 64
126.944000 127.264000 64
127.264000 130.048000 69
130.880000 131.360000 67
131.488000 131.712000 65
131.808000 131.840000 64
131.904000 131.936000 64
132.032000 132.544000 67
132.672000 133.280000 70
133.280000 134.880000 69
134.880000 135.520000 64
135.776000 135.936000 59
136.992000 137.280000 59
137.440000 138.048000 61
138.176000 138.816000 59
138.976000 139.200000 61
139.200000 139.744000 64
139.840000 140.192000 64
140.352000 140.864000 67
141.152000 141.504000 64
141.792000 141.888000 70
142.592000 142.752000 71
142.752000 144.384000 69
144.384000 145.152000 64
145.344000 145.664000 59
146.496000 146.848000 59
146.976000 147.648000 61
147.776000 147.840000 67
147.840000 148.640000 70
148.800000 149.024000 64
149.024000 149.824000 65
150.016000 150.144000 69
150.528000 150.944000 78
152.064000 153.984000 74
154.112000 154.432000 70
154.432000 155.584000 67
155.680000 155.712000 67
155.936000 156.064000 69
156.224000 157.824000 70
157.824000 158.592000 64
160.000000 160.096000 67
160.672000 160.832000 70
160.992000 161.120000 67
161.280000 161.408000 70
161.536000 161.792000 71
161.792000 163.456000 69
163.456000 164.064000 64
164.800000 165.248000 78
165.440000 165.536000 79
165.984000 166.688000 67
166.784000 167.648000 70
167.840000 168.064000 64
168.064000 168.288000 67
168.288000 168.832000 64
181.056000 181.184000 64
181.184000 181.952000 66
181.952000 182.272000 63
183.104000 183.232000 67
183.648000 184.224000 66
184.224000 184.608000 63
184.864000 184.960000 63
185.632000 186.304000 69
186.560000 186.720000 73
187.616000 187.712000 77
187.904000 188.096000 78
188.096000 188.192000 76
188.192000 188.384000 73
206.656000 206.720000 71
206.720000 206.848000 73
206.848000 207.136000 75
207.168000 207.200000 75
207.360000 208.096000 76
208.608000 208.736000 69
209.408000 209.760000 74
209.760000 210.272000 70
210.272000 211.104000 67
211.936000 212.128000 55
213.088000 213.280000 60
213.440000 213.984000 61
214.208000 214.592000 59
214.688000 214.848000 59
214.976000 215.264000 60
215.264000 215.744000 64
215.872000 216.256000 64
216.576000 216.928000 67
217.344000 217.472000 64
217.760000 217.792000 69
218.304000 218.432000 70
218.496000 218.624000 71
218.752000 220.320000 69
220.320000 221.184000 65
221.824000 221.952000 78
222.080000 222.208000 79
222.784000 223.648000 68
223.808000 224.672000 70
224.800000 225.920000 64
227.584000 227.904000 69
228.224000 228.448000 76
228.448000 228.992000 74
228.992000 230.112000 68
230.720000 230.880000 78
231.296000 231.616000 78
232.256000 233.056000 70
233.152000 233.504000 70
233.504000 233.984000 69
233.984000 234.688000 64
235.616000 235.904000 55
236.096000 236.224000 55
236.416000 236.448000 55
236.768000 237.088000 55
237.280000 237.536000 57
237.696000 237.728000 58
237.824000 237.888000 61
237.888000 238.048000 64
238.144000 238.208000 71
238.208000 239.648000 74
239.648000 241.056000 68
241.120000 241.440000 67
242.016000 242.208000 69
242.208000 242.464000 67
242.560000 242.784000 67
242.784000 243.712000 70
243.840000 244.064000 64
244.064000 244.320000 67
244.320000 244.800000 64
245.184000 246.080000 70
246.176000 246.880000 65
246.880000 247.168000 64
247.520000 248.448000 70
248.576000 249.312000 65
249.312000 249.568000 64
249.984000 251.648000 70
252.096000 252.448000 72
252.448000 252.736000 71
252.736000 253.280000 68
253.696000 253.792000 67
254.080000 254.176000 69
