21.728000 21.760000 45
21.760000 21.792000 45
21.792000 21.824000 45
21.824000 21.856000 45
23.776000 23.808000 45
23.808000 23.840000 45
23.840000 23.872000 45
23.872000 23.904000 45
23.904000 23.936000 45
23.936000 23.968000 45
23.968000 24.000000 45
24.000000 24.032000 45
24.032000 24.064000 45
24.128000 24.192000 45
24.192000 24.608000 45
24.800000 25.952000 49
26.336000 26.848000 48
27.136000 27.168000 45
27.168000 27.200000 45
27.200000 27.232000 45
27.232000 27.264000 45
27.264000 27.296000 45
27.296000 27.328000 45
27.328000 27.360000 45
27.616000 27.648000 45
27.648000 27.680000 45
27.680000 27.712000 45
27.712000 27.744000 45
27.744000 27.776000 45
27.776000 27.808000 45
27.808000 27.840000 45
27.840000 27.872000 45
27.872000 27.904000 45
27.904000 27.936000 45
27.936000 27.968000 45
28.096000 28.128000 45
28.128000 28.160000 45
28.160000 28.192000 45
28.192000 28.224000 45
29.024000 29.120000 48
29.216000 29.664000 48
29.664000 29.888000 58
29.984000 33.376000 56
34.304000 34.400000 53
34.528000 35.040000 54
35.136000 36.000000 54
36.128000 36.384000 61
36.480000 36.704000 58
36.704000 36.768000 57
36.768000 36.960000 56
36.960000 37.440000 54
37.440000 37.632000 50
37.792000 38.016000 48
38.752000 39.008000 54
39.104000 40.320000 54
40.416000 40.896000 49
41.312000 41.568000 50
41.728000 43.232000 49
43.328000 43.360000 48
43.392000 43.552000 48
44.704000 44.768000 45
44.768000 44.832000 45
45.568000 45.600000 45
45.600000 45.632000 45
45.632000 45.664000 45
45.664000 45.696000 45
45.696000 45.728000 45
45.728000 45.760000 45
45.760000 45.792000 45
45.792000 45.824000 45
45.824000 45.856000 45
45.856000 45.888000 45
45.888000 45.920000 45
45.920000 45.952000 45
45.952000 45.984000 45
45.984000 46.016000 45
46.016000 46.048000 45
46.048000 46.080000 45
46.080000 46.112000 45
46.112000 46.144000 45
46.144000 46.176000 45
46.176000 46.208000 45
46.208000 46.240000 45
46.240000 46.272000 45
46.272000 46.304000 45
46.304000 46.336000 45
46.336000 46.368000 45
46.592000 47.008000 46
47.168000 47.360000 48
47.488000 47.872000 49
47.872000 47.936000 52
47.936000 48.416000 53
48.416000 48.864000 49
48.960000 49.120000 48
49.792000 50.016000 46
50.144000 50.624000 49
50.848000 51.360000 54
51.424000 52.032000 58
52.032000 53.600000 56
54.176000 54.720000 57
54.784000 56.480000 61
56.480000 56.640000 59
56.640000 57.344000 57
57.344000 58.144000 54
58.272000 58.560000 51
58.560000 58.848000 49
59.424000 59.552000 45
59.968000 60.800000 48
61.056000 61.856000 57
61.888000 62.400000 57
62.400000 64.608000 53
76.608000 76.800000 46
76.992000 77.952000 49
78.016000 78.240000 48
78.592000 78.784000 48
78.848000 79.040000 48
79.200000 79.264000 49
79.872000 80.000000 48
80.160000 80.320000 49
81.184000 81.344000 49
81.536000 81.632000 52
81.920000 85.952000 56
86.592000 88.288000 53
88.448000 88.704000 60
88.832000 88.992000 58
88.992000 89.248000 55
89.408000 89.600000 53
89.600000 90.208000 50
90.656000 91.200000 53
91.392000 92.544000 54
92.736000 93.152000 49
93.600000 93.792000 51
93.888000 95.552000 49
95.584000 95.616000 48
95.680000 95.744000 48
96.736000 96.768000 45
96.768000 96.800000 45
96.800000 96.832000 45
96.832000 96.864000 45
96.864000 96.896000 45
96.896000 96.928000 45
96.928000 96.960000 45
97.184000 97.216000 45
97.216000 97.248000 45
97.248000 97.280000 45
97.536000 97.568000 45
97.568000 97.600000 45
97.600000 97.632000 45
97.632000 97.664000 45
97.664000 97.696000 45
97.696000 97.728000 45
97.952000 97.984000 45
97.984000 98.016000 45
98.016000 98.048000 45
98.048000 98.080000 45
98.080000 98.112000 45
98.112000 98.144000 45
98.144000 98.176000 45
98.176000 98.208000 45
98.208000 98.240000 45
98.240000 98.272000 45
98.272000 98.304000 45
98.976000 99.360000 46
99.520000 99.712000 48
99.872000 100.000000 48
100.000000 100.096000 49
100.096000 100.256000 50
100.256000 100.800000 53
100.800000 101.312000 48
102.176000 102.272000 45
102.464000 102.656000 49
102.656000 102.880000 51
103.040000 103.552000 54
103.680000 104.320000 58
104.448000 105.824000 56
106.368000 106.976000 57
107.104000 108.800000 61
108.800000 109.504000 57
109.600000 110.368000 53
110.496000 110.592000 51
110.688000 111.072000 49
111.680000 111.840000 45
111.968000 112.032000 45
112.224000 113.056000 48
113.344000 114.048000 56
114.048000 114.112000 59
114.112000 114.720000 57
114.720000 117.024000 53
123.040000 123.072000 45
123.072000 123.104000 45
123.104000 123.136000 45
123.136000 123.168000 45
123.168000 123.200000 45
123.200000 123.232000 45
123.424000 123.488000 45
123.488000 123.808000 45
124.032000 124.864000 49
124.896000 125.280000 48
125.536000 126.048000 49
126.144000 126.272000 47
126.272000 126.464000 45
126.592000 126.624000 45
126.624000 126.656000 45
126.656000 126.688000 45
126.688000 126.720000 45
126.720000 126.752000 45
126.752000 126.784000 45
126.784000 126.816000 45
126.816000 126.848000 45
126.848000 126.880000 45
126.880000 126.912000 45
127.072000 127.104000 45
127.104000 127.136000 45
127.136000 127.168000 45
127.296000 127.328000 45
127.328000 127.360000 45
127.360000 127.392000 45
128.256000 128.384000 48
128.672000 128.928000 48
129.056000 129.792000 57
129.984000 132.576000 56
133.824000 133.920000 53
134.048000 135.488000 54
135.584000 135.872000 60
135.872000 136.448000 57
136.544000 136.736000 54
136.736000 137.024000 51
137.152000 137.440000 49
137.888000 138.432000 53
138.528000 139.776000 54
139.936000 140.160000 51
140.160000 140.448000 48
140.544000 142.720000 49
142.848000 143.168000 48
144.736000 144.768000 45
144.768000 144.800000 45
144.800000 144.832000 45
145.216000 145.248000 45
145.248000 145.280000 45
145.280000 145.312000 45
145.312000 145.344000 45
145.344000 145.376000 45
145.376000 145.408000 45
145.408000 145.440000 45
145.440000 145.472000 45
145.472000 145.504000 45
145.600000 145.632000 45
145.632000 145.664000 45
145.664000 145.696000 45
145.696000 145.728000 45
145.728000 145.760000 45
145.760000 145.792000 45
145.792000 145.824000 45
145.824000 145.856000 45
145.856000 145.888000 45
145.888000 145.920000 45
145.920000 145.952000 45
145.952000 145.984000 45
145.984000 146.016000 45
146.016000 146.048000 45
146.272000 146.560000 46
146.848000 147.072000 48
147.168000 147.392000 49
147.392000 147.616000 51
147.616000 148.128000 53
148.128000 148.704000 49
148.736000 148.800000 48
148.928000 148.992000 48
149.504000 149.664000 45
149.920000 150.400000 50
150.592000 150.656000 52
150.656000 150.848000 53
150.848000 150.912000 54
150.912000 151.168000 56
151.168000 151.808000 58
151.904000 153.280000 56
153.888000 154.432000 57
154.560000 155.744000 61
155.840000 156.256000 61
156.256000 157.056000 57
157.152000 157.984000 54
158.080000 158.624000 50
159.264000 159.328000 45
159.328000 159.744000 45
159.872000 160.736000 48
160.832000 160.960000 48
161.184000 161.472000 57
161.600000 162.400000 57
162.400000 164.448000 53
164.480000 164.512000 54
164.768000 165.312000 58
165.312000 165.696000 61
165.824000 166.016000 61
166.144000 166.368000 61
