1.888000 2.976000 59
3.712000 4.096000 61
15.712000 15.808000 63
15.936000 16.096000 61
18.784000 20.256000 54
20.352000 22.592000 64
22.656000 23.584000 59
23.712000 23.808000 55
23.904000 24.096000 54
24.608000 24.736000 54
24.832000 24.928000 57
25.056000 25.312000 59
25.312000 25.632000 61
25.760000 25.920000 65
26.208000 26.848000 60
26.944000 27.168000 57
27.168000 27.456000 59
27.456000 27.936000 54
29.184000 29.440000 53
29.600000 29.760000 55
29.888000 29.952000 56
30.304000 30.368000 60
30.496000 30.656000 60
30.752000 31.200000 58
31.264000 31.328000 56
31.456000 31.680000 53
31.712000 31.808000 54
32.192000 32.288000 54
32.416000 32.576000 57
32.576000 32.832000 59
32.832000 33.184000 61
33.344000 33.536000 65
33.760000 34.176000 60
34.272000 34.464000 59
34.464000 34.656000 57
34.752000 35.008000 59
35.008000 35.584000 54
36.672000 37.472000 54
37.568000 38.688000 58
42.464000 42.848000 59
42.848000 43.936000 57
45.408000 45.504000 60
45.632000 45.792000 59
45.792000 46.432000 57
46.432000 46.912000 54
47.456000 47.520000 56
47.520000 48.224000 59
48.224000 48.704000 64
48.768000 49.248000 59
49.440000 50.048000 59
50.432000 50.496000 54
51.744000 52.448000 54
52.928000 53.152000 60
53.280000 53.344000 59
53.344000 53.856000 57
54.176000 54.496000 54
54.848000 55.040000 54
55.040000 55.200000 57
55.296000 55.424000 59
55.552000 55.680000 61
55.776000 56.128000 64
56.224000 58.208000 60
59.488000 60.096000 54
60.256000 60.608000 58
60.768000 61.248000 57
62.144000 62.528000 60
62.624000 63.680000 65
64.064000 64.224000 61
64.224000 64.480000 64
64.480000 64.736000 66
64.736000 65.120000 60
65.248000 65.664000 57
65.920000 65.984000 59
65.984000 66.144000 61
66.144000 66.720000 64
66.720000 67.008000 59
67.136000 67.488000 57
67.776000 68.000000 64
68.128000 68.416000 57
68.416000 69.248000 60
69.664000 70.080000 61
70.144000 70.816000 64
70.816000 71.104000 66
71.104000 71.488000 62
71.584000 72.064000 68
72.064000 72.288000 66
72.288000 72.640000 59
72.800000 73.024000 57
73.216000 73.408000 61
73.504000 73.952000 68
73.952000 74.208000 66
74.304000 74.496000 59
74.688000 74.784000 57
74.912000 75.072000 59
75.424000 75.552000 59
75.552000 76.704000 57
77.280000 77.632000 61
77.728000 78.784000 65
79.360000 79.552000 64
79.552000 79.872000 66
79.872000 79.904000 64
79.904000 80.736000 57
81.024000 81.184000 61
81.280000 81.824000 64
81.824000 82.112000 59
82.240000 82.624000 57
82.720000 82.816000 63
82.816000 82.848000 60
82.912000 82.976000 61
82.976000 83.168000 64
83.360000 83.648000 57
83.648000 84.320000 61
84.448000 84.544000 60
84.736000 84.800000 57
84.800000 85.152000 61
85.280000 86.368000 65
86.688000 87.168000 68
87.232000 87.360000 66
87.360000 87.520000 64
87.520000 87.776000 60
87.968000 88.128000 56
88.352000 88.480000 61
88.576000 89.184000 68
89.440000 89.696000 59
89.792000 89.920000 57
90.016000 90.368000 59
90.528000 90.656000 59
90.752000 90.976000 57
91.200000 91.264000 56
91.264000 91.872000 58
91.872000 92.544000 60
92.544000 93.536000 57
94.272000 94.720000 59
94.848000 94.944000 59
95.168000 95.424000 58
101.984000 102.208000 59
102.304000 102.432000 59
102.560000 102.944000 59
102.944000 103.584000 55
103.968000 104.096000 54
104.256000 104.896000 59
104.896000 105.376000 64
105.696000 106.176000 60
106.176000 106.784000 58
106.848000 107.392000 55
107.968000 108.064000 52
108.960000 109.120000 55
109.632000 109.760000 60
109.952000 110.240000 57
110.368000 110.784000 61
110.784000 110.912000 58
110.912000 111.264000 55
111.744000 111.904000 57
111.904000 112.288000 59
112.288000 112.544000 63
112.672000 112.864000 65
113.024000 113.280000 59
113.408000 113.536000 61
113.696000 114.336000 59
114.336000 114.400000 55
114.624000 115.136000 57
115.680000 115.776000 50
116.096000 116.800000 54
116.960000 117.312000 58
117.440000 118.208000 57
118.880000 119.232000 60
119.328000 120.416000 65
120.800000 121.184000 64
121.184000 121.472000 66
121.472000 121.760000 60
121.920000 122.208000 57
122.624000 122.688000 61
122.688000 122.848000 62
122.848000 123.232000 65
123.328000 123.424000 62
123.424000 123.648000 59
123.808000 124.192000 57
124.512000 124.736000 64
124.896000 125.088000 57
125.088000 125.984000 60
126.400000 126.528000 59
126.528000 126.848000 61
126.848000 127.904000 64
128.256000 128.768000 68
128.800000 128.992000 66
128.992000 129.376000 60
129.536000 129.760000 57
129.920000 130.048000 61
130.176000 130.816000 68
130.976000 131.200000 59
131.360000 131.488000 57
131.584000 131.776000 59
132.064000 132.160000 60
132.160000 133.344000 57
133.952000 134.304000 61
134.400000 135.424000 65
135.872000 136.032000 61
136.032000 136.256000 64
136.256000 136.544000 66
136.544000 136.960000 59
137.056000 137.472000 57
137.760000 137.888000 60
137.984000 138.112000 64
138.208000 138.432000 66
138.432000 138.528000 64
138.528000 138.784000 59
138.912000 139.072000 57
139.168000 139.296000 58
139.392000 139.744000 64
139.968000 140.288000 57
140.288000 140.960000 60
141.152000 141.248000 60
141.408000 141.472000 57
141.472000 141.856000 59
141.984000 143.104000 65
143.392000 143.840000 68
143.840000 144.128000 66
144.128000 144.224000 64
144.224000 144.832000 58
145.056000 145.152000 61
145.280000 145.440000 69
145.536000 145.888000 67
146.112000 146.592000 59
146.720000 147.040000 59
147.232000 147.328000 59
147.456000 147.680000 57
147.936000 148.512000 58
148.512000 148.736000 59
148.832000 149.120000 61
149.120000 149.248000 59
149.248000 150.176000 57
150.176000 150.368000 62
150.496000 150.592000 62
150.912000 151.136000 64
151.136000 151.616000 59
151.744000 152.000000 59
152.256000 152.320000 54
152.512000 152.768000 54
154.592000 154.944000 63
157.600000 159.424000 66
159.712000 159.808000 68
160.192000 160.320000 68
160.672000 160.768000 68
160.992000 161.216000 68
166.112000 166.432000 60
166.560000 167.840000 66
168.032000 168.096000 63
168.128000 168.768000 64
168.768000 169.056000 59
169.184000 169.600000 57
169.856000 170.080000 62
170.080000 170.208000 64
170.368000 170.432000 66
170.624000 170.656000 59
170.720000 170.880000 59
171.072000 171.424000 57
171.712000 171.936000 64
172.128000 172.416000 57
172.544000 173.216000 61
173.600000 173.984000 61
174.080000 175.104000 65
175.520000 176.000000 68
176.000000 176.256000 66
176.256000 176.576000 59
176.768000 176.992000 57
177.216000 177.312000 61
177.408000 177.472000 65
177.472000 177.600000 69
177.600000 178.144000 67
178.592000 178.688000 57
178.848000 179.200000 59
179.296000 179.392000 61
179.392000 180.608000 57
181.184000 181.600000 60
181.696000 182.208000 64
182.208000 182.848000 66
183.104000 183.232000 61
183.232000 183.872000 64
183.872000 184.192000 59
184.256000 184.672000 57
184.992000 185.120000 60
185.248000 185.568000 64
185.696000 185.920000 65
186.176000 186.304000 64
186.400000 186.976000 66
187.072000 187.328000 68
187.424000 188.096000 69
188.096000 188.416000 65
188.608000 189.408000 69
189.504000 190.496000 66
190.656000 190.816000 61
190.816000 190.976000 63
191.072000 191.232000 66
191.232000 191.424000 65
191.424000 191.488000 63
191.488000 191.776000 60
191.776000 192.128000 57
192.288000 192.416000 61
192.512000 193.024000 68
193.024000 193.184000 66
193.312000 193.536000 59
193.728000 193.952000 57
193.952000 194.112000 59
194.208000 194.304000 61
194.496000 194.592000 59
194.720000 194.912000 57
195.168000 195.552000 59
195.616000 196.000000 58
196.128000 196.288000 62
196.288000 196.480000 64
196.640000 196.672000 59
196.736000 196.896000 62
197.184000 197.248000 60
197.248000 197.792000 66
198.208000 198.880000 68
199.168000 201.920000 57
201.920000 205.792000 61
206.080000 206.432000 72
206.624000 206.976000 72
207.040000 207.200000 72
207.328000 207.680000 72
207.840000 207.872000 72
211.136000 211.232000 61
211.520000 211.680000 61
212.256000 212.352000 63
