10.240000 10.432000 69
10.592000 10.848000 67
16.352000 16.864000 69
16.864000 17.024000 66
18.752000 18.848000 69
18.848000 18.944000 67
19.904000 20.032000 60
20.320000 21.088000 54
21.088000 21.280000 56
21.280000 21.984000 53
23.328000 23.520000 54
23.616000 23.744000 54
23.840000 23.904000 52
23.904000 24.192000 54
24.192000 24.320000 57
24.416000 25.312000 57
26.336000 26.784000 57
26.912000 27.168000 57
27.264000 27.360000 61
27.488000 28.160000 61
29.376000 29.440000 64
29.440000 29.536000 65
29.536000 29.792000 66
29.792000 29.984000 69
30.176000 30.528000 66
30.624000 30.816000 59
30.944000 31.200000 62
32.672000 32.992000 54
33.088000 33.184000 54
33.280000 33.472000 54
34.240000 35.104000 54
35.200000 35.296000 56
35.584000 35.872000 54
36.192000 36.608000 54
36.768000 37.216000 58
37.216000 37.664000 62
37.920000 38.176000 59
38.304000 38.464000 57
38.752000 39.776000 54
40.352000 40.864000 54
40.992000 41.088000 54
41.216000 41.312000 54
41.984000 42.848000 54
42.944000 43.584000 57
43.904000 44.384000 57
44.480000 44.992000 62
45.088000 45.248000 59
45.248000 45.472000 61
45.664000 45.792000 61
45.792000 45.952000 59
46.080000 46.496000 59
47.936000 48.096000 60
48.192000 48.736000 61
48.960000 49.984000 62
51.072000 51.616000 71
51.712000 52.544000 59
52.640000 54.752000 64
55.168000 55.392000 62
55.712000 56.000000 62
56.096000 56.416000 62
56.736000 56.896000 61
57.664000 57.792000 62
58.048000 58.176000 65
58.368000 58.528000 67
58.624000 58.720000 67
66.752000 67.040000 68
67.136000 67.264000 71
67.392000 67.488000 69
67.616000 67.776000 71
67.904000 68.224000 71
69.504000 69.568000 71
69.600000 69.792000 69
70.048000 70.176000 65
71.008000 71.072000 67
71.136000 72.096000 66
72.384000 72.480000 65
72.768000 72.864000 65
72.960000 73.056000 64
73.152000 73.248000 65
73.344000 73.440000 64
73.536000 73.792000 62
74.496000 74.976000 64
75.936000 76.032000 59
77.216000 77.312000 59
82.560000 83.200000 60
83.232000 84.736000 58
85.184000 85.280000 57
85.568000 85.728000 55
86.752000 87.328000 58
87.456000 87.616000 59
90.208000 90.720000 59
94.432000 95.296000 54
95.392000 95.520000 57
95.616000 96.096000 53
96.384000 96.480000 54
96.736000 96.864000 54
97.728000 98.016000 54
98.112000 98.208000 52
98.304000 98.464000 54
98.464000 99.648000 58
100.448000 101.120000 57
101.216000 101.312000 57
101.408000 102.592000 61
103.744000 104.896000 66
104.896000 105.280000 59
105.280000 105.504000 62
105.504000 106.816000 60
106.944000 107.136000 54
107.168000 107.232000 54
108.512000 108.640000 54
108.928000 109.056000 54
110.112000 110.400000 54
110.496000 110.816000 54
110.912000 111.456000 57
111.488000 111.552000 59
111.552000 111.936000 62
111.936000 112.800000 58
113.088000 113.504000 54
113.600000 113.696000 54
113.984000 114.208000 54
114.912000 115.008000 54
115.520000 115.648000 54
116.096000 116.384000 54
116.672000 116.800000 54
117.056000 117.152000 57
117.248000 117.888000 57
118.048000 118.176000 61
118.336000 118.816000 57
118.816000 119.200000 62
119.200000 119.552000 59
119.712000 120.864000 59
120.864000 122.368000 65
122.592000 122.944000 59
122.944000 123.264000 57
123.264000 124.352000 62
124.352000 124.608000 69
125.024000 125.152000 66
125.152000 125.344000 64
125.344000 126.944000 59
126.944000 129.632000 64
130.048000 130.784000 61
131.072000 131.200000 61
143.616000 143.808000 69
149.760000 149.856000 73
156.384000 156.576000 64
156.736000 157.152000 66
157.344000 158.112000 69
158.304000 158.720000 64
158.880000 159.616000 69
160.096000 160.256000 73
160.608000 161.664000 66
161.792000 161.984000 71
161.984000 162.400000 73
162.560000 162.912000 71
162.912000 163.328000 66
163.328000 164.320000 69
164.512000 164.960000 64
164.960000 165.792000 69
166.080000 166.560000 62
166.784000 167.872000 66
168.000000 168.064000 59
168.064000 168.256000 62
168.256000 168.512000 64
168.736000 168.832000 55
168.960000 169.056000 54
169.152000 169.248000 54
169.344000 169.440000 52
169.536000 169.632000 54
169.632000 169.792000 56
169.920000 170.592000 54
172.032000 172.704000 54
172.800000 173.760000 57
175.168000 175.808000 57
175.904000 176.896000 61
178.048000 178.176000 64
178.176000 178.432000 66
178.432000 178.752000 69
178.752000 179.200000 64
179.200000 179.840000 59
180.000000 180.160000 62
189.312000 189.472000 62
189.664000 189.760000 62
193.952000 194.080000 62
194.336000 194.752000 62
194.944000 195.040000 62
196.000000 196.224000 62
196.224000 196.800000 64
196.960000 197.216000 66
197.280000 197.600000 66
197.824000 197.920000 67
198.176000 198.336000 65
198.496000 198.752000 65
198.752000 199.328000 66
199.328000 199.680000 69
199.904000 200.000000 69
200.096000 201.248000 69
202.144000 202.368000 69
202.464000 202.784000 69
203.200000 203.488000 71
204.352000 204.448000 69
204.736000 204.928000 69
204.928000 205.696000 71
206.016000 206.208000 54
206.336000 206.752000 54
206.912000 207.136000 54
207.488000 207.776000 54
207.872000 208.608000 54
208.672000 208.736000 52
209.216000 209.344000 54
209.504000 209.792000 54
209.984000 210.464000 57
210.592000 211.136000 61
211.296000 211.616000 59
212.096000 213.312000 54
213.728000 213.824000 54
213.920000 214.656000 54
215.360000 215.936000 54
216.352000 216.512000 59
216.960000 217.312000 60
217.312000 217.344000 57
217.536000 217.728000 57
217.920000 218.400000 62
218.400000 218.624000 59
218.816000 218.880000 59
219.072000 220.160000 59
220.320000 220.416000 59
220.512000 220.608000 59
221.408000 221.600000 57
221.600000 222.272000 61
222.368000 223.680000 62
224.448000 225.056000 71
225.280000 226.048000 59
226.048000 228.128000 64
228.896000 229.056000 63
229.152000 229.408000 62
229.536000 229.824000 62
230.176000 230.304000 62
233.056000 233.152000 67
237.312000 237.664000 66
238.176000 238.432000 62
238.624000 239.104000 61
239.808000 239.968000 63
240.192000 240.928000 62
243.840000 243.936000 68
244.416000 244.608000 69
244.832000 245.440000 67
245.600000 246.240000 69
246.368000 246.720000 69
246.720000 246.848000 72
246.944000 247.104000 69
247.104000 247.616000 67
247.616000 248.320000 69
248.320000 249.952000 66
250.016000 250.656000 66
250.656000 250.880000 69
251.008000 251.456000 64
251.456000 251.776000 66
251.776000 253.376000 73
253.536000 255.168000 66
255.168000 255.712000 71
