0.768000 1.184000 68
1.280000 1.312000 68
1.504000 2.016000 69
2.176000 2.560000 69
2.592000 3.136000 66
3.264000 4.288000 68
4.928000 5.248000 64
5.280000 5.440000 63
5.440000 6.176000 66
7.136000 7.328000 61
7.904000 8.064000 61
8.384000 8.576000 68
8.832000 10.336000 69
10.432000 10.688000 66
10.784000 11.328000 68
11.488000 11.744000 67
11.936000 14.240000 64
14.240000 14.624000 61
14.816000 15.424000 61
15.424000 15.872000 67
16.192000 16.384000 61
16.384000 16.736000 67
16.736000 16.800000 62
16.832000 16.896000 62
17.120000 18.336000 66
18.720000 18.944000 61
19.168000 19.488000 67
19.872000 20.032000 61
20.128000 20.384000 67
20.544000 20.704000 61
20.704000 20.800000 63
20.800000 21.120000 67
21.248000 21.728000 66
21.728000 22.528000 63
23.104000 24.032000 68
24.160000 24.352000 64
24.416000 24.640000 61
24.736000 25.120000 70
25.216000 25.792000 68
25.792000 26.464000 64
26.592000 27.072000 70
27.072000 27.712000 68
27.840000 28.960000 66
29.536000 29.792000 68
29.792000 30.400000 72
30.592000 30.688000 65
30.912000 31.264000 61
31.264000 31.936000 71
32.096000 32.224000 71
32.352000 32.704000 71
32.800000 32.832000 72
33.088000 33.280000 66
33.280000 33.568000 68
33.568000 34.240000 65
34.464000 34.784000 60
35.104000 35.232000 71
35.328000 35.680000 71
35.808000 36.672000 71
36.672000 37.760000 66
38.368000 38.528000 59
38.624000 38.976000 70
38.976000 39.680000 68
39.680000 40.224000 64
40.416000 40.896000 59
40.896000 41.632000 66
42.048000 42.272000 64
42.272000 42.368000 68
42.496000 42.880000 69
42.880000 43.424000 65
43.488000 43.744000 66
43.808000 44.096000 66
44.096000 44.864000 61
45.088000 45.728000 68
45.792000 46.336000 69
46.464000 46.784000 69
46.880000 47.488000 66
47.616000 47.968000 68
48.032000 48.640000 68
48.896000 49.056000 64
49.248000 49.984000 64
49.984000 50.656000 66
50.880000 51.104000 63
51.168000 51.200000 61
51.296000 51.328000 61
51.360000 51.744000 61
52.224000 52.480000 61
52.480000 52.672000 67
52.832000 54.656000 69
54.816000 55.936000 68
56.256000 56.992000 64
57.088000 57.312000 64
57.312000 57.440000 66
57.504000 57.952000 66
57.952000 58.464000 64
58.624000 58.944000 61
59.104000 59.424000 61
59.584000 59.680000 61
59.776000 59.904000 66
59.904000 60.128000 68
60.128000 60.224000 64
60.480000 60.736000 61
60.736000 61.088000 67
61.184000 61.408000 74
61.696000 62.656000 66
63.040000 63.360000 61
63.520000 63.872000 67
63.872000 63.904000 63
64.192000 64.352000 61
64.352000 64.480000 63
64.480000 64.576000 65
64.576000 64.800000 67
65.120000 65.472000 62
65.472000 65.888000 66
66.048000 66.464000 64
66.464000 66.784000 68
66.784000 67.264000 73
67.520000 68.096000 61
68.224000 68.864000 71
69.024000 69.120000 71
69.248000 69.600000 71
69.728000 69.824000 72
69.984000 70.208000 66
70.208000 70.496000 68
70.496000 71.168000 65
71.584000 71.680000 60
72.032000 72.160000 71
72.256000 72.608000 71
72.736000 73.632000 71
73.632000 74.816000 66
75.328000 75.456000 60
75.552000 75.936000 70
75.936000 76.608000 68
76.608000 77.088000 64
77.344000 77.824000 59
77.824000 78.560000 66
78.720000 78.944000 64
78.944000 79.104000 66
79.200000 80.256000 69
80.256000 80.704000 64
81.056000 81.984000 68
82.080000 82.784000 68
83.200000 83.264000 64
83.488000 84.384000 64
84.512000 85.536000 68
85.728000 85.984000 64
86.144000 86.880000 64
86.880000 87.680000 66
88.000000 88.032000 61
88.416000 88.800000 61
89.120000 89.376000 62
89.440000 89.504000 66
89.696000 89.792000 68
89.824000 89.856000 68
89.920000 91.584000 69
91.776000 91.936000 66
91.936000 92.160000 68
92.192000 92.640000 68
92.768000 92.928000 66
93.088000 93.472000 64
93.632000 94.336000 64
94.464000 94.848000 66
94.848000 95.392000 64
96.608000 96.672000 63
96.864000 96.992000 64
97.312000 97.408000 63
97.952000 98.080000 61
98.720000 99.040000 61
99.648000 99.776000 65
100.160000 100.896000 57
101.056000 101.280000 56
101.600000 101.792000 57
101.920000 102.016000 59
102.400000 102.976000 63
103.040000 103.200000 64
103.296000 103.680000 61
103.808000 103.968000 62
104.448000 104.480000 65
104.832000 105.024000 64
105.152000 105.472000 61
106.080000 106.208000 60
107.008000 107.136000 65
107.488000 107.808000 69
107.904000 108.704000 69
109.312000 109.408000 67
109.792000 110.400000 63
110.400000 110.784000 60
111.648000 111.872000 64
111.968000 112.096000 66
112.192000 112.320000 66
112.448000 113.920000 66
114.048000 114.720000 64
115.392000 116.032000 67
116.128000 117.248000 68
117.248000 117.792000 66
117.792000 118.944000 64
119.136000 119.488000 66
119.584000 121.344000 66
121.472000 122.112000 64
122.784000 123.872000 68
123.968000 124.192000 64
124.192000 124.672000 66
124.672000 127.680000 68
127.680000 129.536000 73
129.600000 129.952000 73
129.952000 130.688000 71
130.688000 132.320000 69
132.480000 132.768000 69
132.832000 133.888000 66
134.080000 134.176000 62
134.720000 134.848000 61
135.296000 135.584000 61
135.584000 136.096000 68
136.192000 137.376000 69
137.376000 139.264000 71
139.328000 140.064000 72
140.192000 140.544000 67
140.704000 141.088000 64
141.088000 141.600000 67
141.600000 142.464000 61
142.688000 142.784000 63
142.976000 143.136000 65
143.296000 143.552000 61
143.680000 143.840000 64
143.840000 144.576000 68
144.736000 144.864000 66
145.120000 145.760000 66
145.792000 146.176000 68
146.560000 146.656000 64
146.752000 147.488000 64
147.584000 148.320000 66
148.448000 148.832000 64
149.024000 149.152000 61
149.216000 149.824000 61
149.952000 150.208000 63
150.272000 150.304000 64
150.336000 150.432000 64
150.464000 150.496000 63
150.560000 150.624000 64
151.008000 151.104000 57
151.264000 151.712000 57
151.744000 151.808000 56
151.936000 152.672000 59
152.832000 153.120000 59
153.504000 153.664000 59
153.792000 154.720000 57
154.944000 155.072000 57
155.328000 155.360000 54
155.424000 155.456000 54
156.096000 156.288000 59
156.832000 156.928000 61
