23.136000 23.392000 56
23.584000 23.744000 57
23.744000 23.872000 58
23.872000 25.440000 61
25.440000 26.048000 58
26.432000 26.688000 63
26.848000 27.072000 64
27.200000 27.872000 63
27.872000 28.480000 61
28.480000 28.928000 56
29.408000 29.632000 58
29.792000 30.016000 61
30.144000 31.008000 63
31.200000 31.456000 61
31.616000 31.872000 58
31.872000 32.192000 56
32.320000 32.544000 58
32.704000 33.248000 64
33.408000 34.784000 65
35.616000 35.872000 61
36.000000 36.480000 62
36.608000 37.152000 61
37.152000 37.760000 58
38.176000 38.400000 63
38.592000 38.816000 64
38.944000 39.552000 63
39.648000 40.192000 61
40.384000 40.704000 56
41.152000 41.344000 58
41.472000 41.728000 61
41.824000 42.496000 62
42.944000 43.200000 61
43.200000 43.808000 58
44.000000 44.544000 64
44.736000 45.984000 61
47.328000 48.256000 62
48.448000 48.992000 61
49.152000 49.664000 58
49.664000 51.136000 63
51.360000 51.808000 61
51.808000 52.384000 57
52.768000 53.120000 58
53.120000 54.528000 61
54.656000 54.848000 58
55.040000 55.328000 57
55.648000 58.016000 65
59.008000 59.552000 61
59.552000 60.000000 63
60.128000 61.376000 61
61.568000 61.792000 63
61.792000 62.848000 61
63.072000 63.648000 65
63.776000 64.128000 65
64.512000 64.768000 63
64.864000 65.120000 61
65.312000 65.760000 58
65.952000 66.592000 65
66.720000 66.944000 63
66.944000 67.328000 61
67.456000 67.712000 58
67.872000 70.272000 61
71.136000 71.328000 61
73.312000 73.568000 61
73.664000 74.176000 63
74.176000 74.720000 65
74.720000 75.360000 70
75.520000 75.712000 68
75.712000 76.064000 65
76.192000 76.448000 63
76.608000 77.568000 62
77.696000 78.720000 65
79.168000 79.392000 63
79.552000 79.744000 61
79.744000 80.224000 58
80.224000 80.512000 69
80.608000 80.864000 70
80.960000 81.216000 70
81.344000 81.536000 68
81.536000 81.600000 67
81.600000 82.336000 65
82.496000 82.848000 67
82.848000 83.072000 65
83.200000 84.576000 65
84.896000 85.088000 58
85.088000 85.536000 61
85.728000 85.888000 63
85.888000 86.432000 65
86.432000 87.488000 69
87.488000 88.128000 64
88.288000 88.640000 61
88.640000 90.016000 63
90.144000 90.496000 65
90.848000 91.072000 63
91.232000 91.488000 61
91.616000 91.840000 58
91.936000 92.224000 64
92.352000 92.928000 65
92.928000 93.472000 63
93.600000 94.080000 61
94.176000 96.928000 61
108.032000 108.288000 56
108.448000 108.672000 58
108.672000 108.768000 59
108.768000 110.272000 61
110.272000 111.552000 58
111.712000 111.936000 65
112.064000 112.416000 63
112.736000 113.120000 61
113.120000 114.080000 56
114.272000 114.496000 58
114.624000 114.880000 61
115.008000 115.296000 61
115.296000 115.680000 63
116.096000 116.288000 61
116.480000 116.704000 58
116.704000 117.056000 56
117.184000 117.376000 58
117.568000 118.144000 64
118.272000 119.808000 65
120.480000 120.768000 61
120.864000 122.240000 61
122.240000 123.072000 58
123.072000 123.264000 63
123.392000 123.648000 64
123.744000 124.416000 63
124.416000 125.088000 61
125.248000 125.536000 56
125.984000 126.208000 58
126.336000 126.592000 61
126.688000 127.424000 62
127.808000 128.128000 61
128.224000 128.736000 58
128.928000 129.440000 65
129.632000 131.360000 61
132.096000 132.352000 61
132.544000 133.120000 63
133.280000 133.824000 61
134.048000 134.656000 58
134.656000 135.808000 63
136.192000 136.704000 61
136.704000 136.768000 60
136.768000 138.016000 56
138.016000 139.328000 61
139.520000 139.776000 58
139.872000 140.096000 57
140.448000 143.360000 65
143.840000 146.304000 61
146.496000 146.752000 63
146.752000 147.744000 62
147.968000 148.992000 65
149.408000 149.632000 63
149.632000 150.016000 61
150.144000 150.656000 58
150.848000 151.488000 65
151.552000 151.808000 63
151.808000 152.160000 61
152.352000 152.512000 57
152.704000 155.296000 61
156.096000 156.192000 60
158.208000 158.432000 61
158.528000 159.072000 63
159.072000 159.616000 65
159.616000 160.224000 70
160.352000 160.640000 68
160.640000 161.280000 64
161.472000 161.952000 61
161.952000 162.432000 63
162.592000 163.616000 65
164.064000 164.256000 63
164.384000 164.576000 61
164.576000 165.056000 58
165.056000 165.376000 69
165.472000 166.080000 70
166.208000 166.400000 68
166.400000 166.496000 67
166.496000 167.200000 64
167.328000 167.936000 68
168.064000 169.376000 65
169.760000 169.888000 60
169.888000 170.432000 62
170.656000 171.232000 65
171.232000 171.328000 67
171.328000 172.384000 69
172.384000 172.992000 64
173.184000 173.536000 61
173.536000 174.848000 63
175.008000 175.392000 65
175.712000 175.968000 63
176.096000 176.352000 61
176.448000 176.704000 58
176.800000 177.088000 64
177.184000 177.792000 65
177.792000 181.152000 61
181.568000 181.824000 61
181.920000 182.464000 63
182.464000 183.008000 65
183.008000 183.680000 70
183.808000 184.032000 68
184.032000 184.352000 65
184.480000 184.736000 63
184.864000 185.344000 61
185.344000 185.856000 63
185.984000 187.104000 65
187.424000 187.616000 63
187.776000 187.968000 61
187.968000 188.448000 58
188.448000 189.472000 70
189.600000 189.824000 68
189.824000 189.888000 67
189.888000 190.624000 64
190.752000 191.360000 68
191.488000 192.864000 65
193.184000 193.312000 60
193.312000 193.824000 61
194.016000 194.752000 65
194.752000 195.840000 69
195.840000 196.416000 64
196.608000 196.960000 61
196.960000 198.304000 63
198.432000 198.848000 65
199.104000 199.360000 63
199.488000 199.808000 61
199.936000 200.128000 58
200.224000 200.480000 64
200.608000 201.248000 65
201.248000 202.336000 62
202.432000 205.344000 61
