12.768000 13.312000 56
13.472000 13.728000 54
13.856000 14.336000 52
14.592000 15.200000 55
15.392000 16.096000 54
16.960000 17.152000 49
17.248000 20.544000 52
24.736000 24.800000 56
24.800000 25.024000 59
25.024000 25.312000 56
25.472000 26.080000 53
26.560000 26.624000 53
26.624000 27.200000 54
27.360000 28.192000 54
28.864000 29.312000 49
29.312000 29.792000 52
29.952000 30.368000 50
30.368000 31.264000 52
31.680000 31.808000 52
35.616000 35.712000 57
35.968000 37.280000 59
37.472000 37.696000 55
37.856000 38.464000 54
38.976000 39.168000 52
39.456000 39.712000 54
39.712000 41.152000 55
41.504000 41.632000 58
41.984000 42.240000 60
42.368000 42.976000 59
42.976000 43.584000 56
43.840000 44.224000 56
44.608000 45.184000 58
45.376000 46.144000 52
47.936000 48.160000 59
48.320000 49.184000 59
49.440000 50.048000 55
50.144000 50.464000 54
50.464000 50.848000 52
50.976000 51.072000 51
51.296000 52.416000 52
52.640000 52.928000 52
53.216000 53.984000 53
54.656000 55.360000 63
55.456000 55.552000 65
55.840000 56.480000 65
56.608000 56.864000 63
56.864000 57.536000 61
57.536000 58.464000 63
58.816000 59.200000 58
59.200000 59.392000 61
59.392000 59.808000 58
59.968000 62.368000 58
66.656000 66.720000 59
66.720000 67.008000 63
67.104000 67.360000 64
67.488000 67.584000 65
67.840000 68.128000 65
68.224000 68.480000 64
68.608000 68.896000 63
68.992000 69.152000 60
69.312000 69.952000 67
69.952000 70.048000 65
70.144000 70.528000 65
70.720000 71.040000 59
71.200000 71.392000 61
71.392000 71.808000 58
71.936000 72.128000 61
72.128000 74.912000 58
75.008000 76.096000 49
77.824000 78.016000 56
78.272000 78.592000 57
78.720000 79.008000 61
79.104000 80.000000 58
80.192000 80.800000 61
80.960000 81.568000 61
81.568000 82.720000 63
82.880000 83.520000 60
83.648000 83.904000 60
84.320000 84.480000 58
84.480000 84.704000 60
84.704000 84.896000 56
85.120000 85.472000 58
85.472000 86.048000 60
86.208000 86.336000 61
86.336000 86.848000 65
86.944000 87.232000 63
87.392000 92.416000 65
92.704000 93.792000 60
94.272000 94.560000 60
94.848000 95.840000 60
96.000000 96.608000 61
96.832000 96.992000 61
97.088000 97.696000 61
97.856000 98.464000 60
98.624000 98.720000 58
98.816000 99.168000 60
99.328000 99.968000 60
100.064000 100.704000 61
100.800000 101.408000 60
101.568000 102.176000 60
102.336000 102.912000 56
104.576000 104.864000 54
104.960000 105.216000 53
105.376000 105.920000 51
107.360000 107.584000 56
107.712000 108.256000 56
108.736000 109.632000 61
109.824000 110.496000 60
110.592000 110.720000 57
110.880000 111.232000 60
111.360000 113.568000 60
113.568000 114.304000 61
114.304000 118.784000 63
123.744000 124.032000 58
124.128000 124.352000 56
124.544000 124.736000 54
124.832000 125.152000 52
125.600000 126.176000 55
126.336000 127.264000 54
127.840000 128.096000 49
128.192000 128.832000 52
128.992000 129.216000 50
129.344000 130.848000 52
135.680000 136.000000 58
136.096000 136.288000 56
136.480000 137.056000 52
137.632000 138.208000 55
138.368000 139.456000 55
139.968000 140.128000 49
140.224000 140.864000 52
140.992000 141.248000 50
141.376000 142.144000 53
142.528000 142.720000 54
146.976000 147.968000 59
148.448000 148.768000 55
148.896000 149.472000 54
149.952000 150.144000 51
150.400000 152.192000 56
152.960000 153.248000 60
153.376000 154.080000 59
154.080000 154.624000 56
154.912000 155.232000 56
155.648000 156.256000 57
156.512000 157.280000 52
158.592000 158.848000 59
158.976000 159.200000 59
159.360000 160.256000 59
160.480000 161.088000 55
161.216000 161.920000 53
162.400000 163.360000 53
163.808000 163.968000 53
164.288000 164.512000 55
164.608000 164.896000 52
165.632000 165.696000 56
165.696000 165.984000 63
166.112000 166.336000 64
166.464000 166.560000 65
166.848000 167.488000 65
167.616000 167.872000 63
167.872000 168.224000 60
168.320000 168.384000 59
168.384000 168.576000 61
168.576000 169.728000 64
169.824000 170.848000 58
170.944000 173.280000 58
173.408000 173.568000 60
174.240000 174.336000 59
177.664000 177.728000 59
177.728000 177.984000 63
178.112000 178.336000 64
178.464000 178.592000 65
178.816000 179.456000 65
179.584000 179.840000 63
179.968000 180.128000 61
180.320000 180.960000 67
180.960000 181.536000 65
181.792000 182.080000 57
182.208000 182.400000 62
182.400000 182.784000 58
182.976000 183.136000 62
183.136000 184.768000 58
184.768000 186.336000 56
186.400000 187.008000 49
187.168000 187.392000 49
189.344000 189.600000 58
189.728000 189.984000 61
190.112000 191.008000 58
191.200000 191.584000 61
191.584000 191.808000 64
191.968000 192.672000 61
192.672000 193.728000 63
193.856000 194.720000 60
195.360000 195.808000 58
195.808000 195.872000 56
196.096000 196.416000 58
196.416000 196.800000 60
196.800000 197.056000 63
197.216000 197.344000 62
197.344000 197.824000 64
197.952000 198.240000 63
198.336000 200.128000 65
200.224000 202.336000 66
202.432000 202.688000 66
202.816000 203.360000 66
203.584000 204.288000 59
204.384000 204.640000 60
205.088000 205.120000 56
205.280000 205.600000 60
205.824000 206.848000 60
206.976000 207.808000 61
207.808000 208.608000 63
208.864000 209.472000 65
209.600000 209.856000 63
209.856000 210.208000 61
210.208000 211.360000 63
211.776000 212.800000 58
213.024000 214.400000 58
214.720000 216.256000 61
216.352000 217.664000 58
217.792000 218.400000 61
218.400000 219.104000 64
219.296000 219.424000 59
219.648000 219.712000 58
219.712000 220.128000 62
220.128000 220.608000 65
220.832000 221.440000 65
221.568000 221.856000 63
222.016000 222.080000 61
222.368000 223.040000 67
223.040000 223.456000 65
223.776000 224.032000 58
224.192000 224.416000 61
224.480000 224.736000 58
224.992000 225.120000 61
225.120000 227.936000 58
228.384000 229.536000 58
229.824000 231.008000 56
231.328000 231.616000 58
231.744000 232.000000 61
232.128000 233.056000 58
233.216000 233.504000 61
233.504000 233.792000 63
233.984000 234.624000 61
234.624000 235.680000 63
235.872000 236.096000 58
236.096000 236.448000 60
236.448000 236.832000 56
237.344000 237.504000 58
237.504000 237.728000 60
237.728000 237.952000 56
238.112000 238.400000 58
238.400000 238.752000 60
238.752000 239.040000 63
239.200000 239.808000 64
239.936000 240.224000 63
240.320000 241.632000 65
241.824000 242.144000 65
242.272000 242.720000 65
242.816000 243.200000 66
243.328000 244.768000 66
244.864000 245.472000 66
245.632000 246.624000 59
247.040000 247.168000 68
247.328000 247.648000 60
247.872000 248.864000 60
248.992000 250.400000 61
254.592000 255.040000 54
255.040000 256.128000 53
256.128000 256.960000 56
258.048000 259.072000 51
