13.760000 13.888000 48
25.280000 27.296000 51
28.192000 28.416000 51
28.416000 28.736000 50
28.736000 29.536000 47
33.280000 34.144000 50
34.304000 34.912000 51
35.904000 36.000000 48
36.000000 37.440000 55
39.616000 39.680000 50
39.680000 40.896000 55
40.896000 41.344000 59
41.568000 41.824000 51
42.016000 42.336000 50
43.328000 43.744000 46
43.968000 44.768000 55
44.896000 45.216000 55
45.216000 46.048000 51
47.328000 47.488000 48
47.584000 48.192000 50
48.288000 48.480000 51
48.672000 48.960000 51
50.720000 50.976000 48
51.168000 51.360000 50
51.584000 52.576000 51
56.384000 57.408000 50
57.504000 58.080000 51
58.240000 58.304000 52
58.304000 58.688000 54
58.784000 59.296000 53
59.456000 60.128000 52
64.000000 65.888000 50
66.880000 67.040000 51
67.136000 67.200000 54
67.200000 67.488000 58
67.648000 68.000000 54
68.000000 68.832000 55
71.936000 72.000000 50
72.000000 72.640000 56
72.640000 73.792000 50
75.776000 75.840000 51
75.840000 76.480000 53
76.576000 77.472000 51
78.496000 79.328000 50
79.584000 80.096000 48
81.632000 83.264000 50
86.464000 86.528000 55
86.528000 87.200000 62
87.200000 88.800000 55
89.728000 90.144000 55
90.144000 90.304000 58
90.400000 91.552000 62
91.712000 92.864000 55
94.272000 94.336000 54
94.336000 94.912000 58
94.912000 95.840000 51
97.184000 97.376000 48
97.376000 97.568000 50
97.696000 97.824000 48
97.824000 98.208000 51
98.208000 98.944000 58
99.072000 99.296000 55
99.424000 100.768000 53
101.920000 102.720000 62
102.816000 103.008000 56
103.008000 104.192000 55
104.576000 104.768000 54
104.896000 105.152000 55
105.152000 105.600000 58
105.600000 105.888000 55
105.888000 106.688000 63
106.880000 107.904000 62
107.904000 108.736000 60
109.760000 110.304000 59
110.304000 111.392000 51
112.672000 112.864000 48
112.864000 113.600000 51
113.600000 114.016000 58
114.112000 114.304000 58
114.304000 114.400000 54
114.400000 114.912000 57
115.040000 115.456000 51
115.456000 115.904000 53
116.032000 116.256000 53
116.960000 117.024000 58
117.024000 117.728000 62
117.728000 120.832000 63
120.832000 122.784000 58
125.024000 125.184000 50
125.184000 125.824000 58
125.824000 127.072000 51
128.160000 128.320000 48
128.320000 128.544000 51
128.704000 128.800000 48
128.800000 129.088000 51
129.088000 129.504000 58
129.600000 129.792000 58
129.792000 130.400000 57
132.896000 132.992000 57
133.600000 135.392000 58
144.416000 144.576000 66
145.280000 145.472000 61
145.792000 146.048000 61
147.296000 147.392000 61
156.896000 158.048000 50
158.144000 158.752000 51
158.880000 158.944000 52
158.944000 159.296000 54
159.392000 159.968000 53
160.096000 160.928000 51
164.608000 165.536000 50
165.632000 166.464000 51
167.392000 167.584000 50
167.584000 167.872000 51
167.872000 168.192000 57
168.288000 168.736000 54
168.736000 168.992000 58
168.992000 169.440000 55
172.512000 172.608000 49
172.608000 173.280000 56
173.280000 174.176000 50
174.304000 174.528000 55
176.416000 176.512000 49
176.512000 176.576000 51
176.576000 178.400000 53
178.848000 179.296000 49
179.296000 180.032000 51
180.192000 180.576000 48
182.368000 184.064000 50
187.104000 187.168000 55
187.168000 187.872000 62
187.872000 189.344000 55
190.496000 190.816000 55
190.816000 191.072000 58
191.072000 192.192000 62
192.384000 193.568000 55
194.912000 195.488000 58
195.488000 196.512000 51
197.824000 197.984000 48
197.984000 198.208000 51
198.336000 198.528000 49
198.528000 198.784000 51
198.784000 199.584000 58
199.712000 199.936000 55
200.032000 200.640000 51
200.640000 201.408000 53
202.656000 203.392000 62
203.392000 204.800000 55
205.280000 205.408000 55
205.536000 205.760000 55
205.760000 206.208000 58
206.208000 206.464000 55
206.464000 207.328000 63
207.488000 208.448000 62
208.448000 209.376000 60
210.336000 210.720000 58
210.720000 210.912000 60
210.912000 210.976000 54
211.072000 211.296000 49
211.328000 211.648000 49
213.312000 213.536000 48
213.536000 214.016000 49
214.272000 214.624000 58
214.720000 214.944000 58
214.944000 215.072000 54
215.072000 215.552000 57
215.680000 216.928000 53
217.792000 217.856000 63
217.856000 218.016000 65
218.144000 218.816000 62
218.912000 220.320000 55
220.704000 220.896000 55
221.024000 221.280000 55
221.280000 221.888000 58
221.984000 222.816000 63
223.008000 224.000000 62
224.000000 224.800000 60
225.888000 226.432000 59
226.528000 227.168000 60
227.680000 227.776000 60
228.736000 228.896000 55
228.992000 229.152000 51
229.440000 229.472000 49
229.664000 229.728000 55
229.728000 230.112000 58
230.208000 230.368000 58
230.496000 230.560000 54
230.560000 231.104000 57
231.104000 231.264000 51
231.552000 232.160000 53
237.792000 238.016000 50
238.016000 239.168000 46
240.320000 240.384000 51
240.384000 241.088000 54
241.280000 243.488000 51
247.552000 248.224000 53
248.800000 248.960000 52
249.088000 250.112000 51
250.112000 252.160000 49
