6.560000 6.624000 55
6.624000 6.720000 57
6.720000 6.880000 58
6.880000 8.512000 63
8.640000 9.248000 59
9.376000 9.568000 51
9.664000 9.952000 53
10.112000 11.104000 55
11.904000 12.480000 53
12.480000 13.056000 55
13.056000 13.568000 58
13.856000 14.112000 63
14.112000 14.848000 60
14.848000 15.552000 48
15.648000 16.672000 53
17.792000 18.400000 51
18.624000 19.360000 55
19.360000 19.840000 53
19.968000 20.320000 55
20.576000 20.640000 54
20.640000 20.864000 57
20.960000 21.344000 60
21.344000 22.528000 62
22.688000 23.584000 60
23.936000 24.128000 52
24.128000 24.416000 53
24.416000 24.800000 55
24.800000 25.408000 63
25.408000 26.240000 60
26.240000 28.160000 58
29.024000 29.376000 58
29.376000 29.760000 60
29.760000 30.688000 63
30.784000 31.040000 62
31.296000 31.520000 60
31.520000 32.032000 56
32.032000 32.896000 52
32.896000 33.824000 55
34.560000 35.104000 53
35.104000 36.032000 55
36.352000 36.480000 62
36.672000 37.536000 59
38.112000 38.336000 52
38.432000 39.424000 53
40.256000 40.864000 51
41.024000 41.664000 55
41.856000 42.240000 53
42.432000 42.880000 55
43.040000 43.104000 53
43.104000 43.328000 57
43.456000 43.808000 60
43.808000 44.960000 62
45.152000 45.920000 60
46.592000 47.136000 53
47.296000 47.456000 65
47.456000 47.488000 63
47.488000 48.544000 60
48.544000 48.704000 56
48.704000 49.248000 60
49.344000 50.816000 63
52.160000 53.440000 63
53.440000 54.880000 60
54.976000 56.896000 58
57.824000 58.752000 55
58.848000 59.104000 58
59.264000 59.360000 53
59.520000 59.744000 53
59.968000 60.256000 50
60.256000 60.544000 53
60.768000 61.568000 48
62.560000 62.688000 46
63.040000 63.168000 47
63.360000 63.648000 48
63.648000 64.704000 51
64.832000 65.088000 55
65.376000 65.440000 52
65.440000 65.504000 55
65.504000 65.792000 58
65.792000 67.072000 62
67.296000 68.352000 60
68.992000 69.152000 65
69.152000 69.248000 63
69.344000 69.600000 53
69.696000 69.824000 64
69.920000 71.712000 60
71.840000 73.248000 58
73.984000 74.368000 58
74.368000 74.656000 60
74.656000 76.032000 63
76.192000 76.416000 60
76.416000 77.024000 56
77.024000 77.408000 51
77.536000 78.656000 55
79.520000 80.096000 53
80.096000 81.056000 56
81.280000 81.536000 62
81.664000 82.464000 59
82.656000 83.008000 59
83.392000 84.416000 53
85.216000 85.824000 51
86.016000 87.168000 55
87.328000 87.616000 55
87.936000 88.000000 53
88.000000 88.256000 58
88.352000 89.632000 62
89.728000 89.824000 65
90.016000 90.784000 60
91.456000 92.064000 53
92.224000 92.384000 64
92.384000 93.536000 60
93.632000 97.376000 63
107.168000 107.200000 58
107.360000 107.584000 58
107.648000 108.032000 58
108.032000 109.344000 63
109.472000 109.728000 62
109.888000 110.464000 58
110.656000 110.816000 51
110.912000 111.200000 53
111.360000 112.224000 55
113.280000 113.696000 53
113.696000 114.368000 55
114.368000 114.816000 58
115.136000 115.392000 63
115.392000 116.128000 60
116.288000 116.640000 48
116.640000 116.800000 51
116.928000 118.144000 53
119.072000 119.680000 51
119.776000 120.544000 55
120.736000 121.088000 53
121.248000 121.696000 55
121.856000 121.920000 53
121.920000 122.144000 58
122.240000 122.592000 59
122.592000 123.712000 62
124.000000 124.800000 60
125.344000 125.792000 53
125.792000 126.176000 55
126.176000 126.688000 63
126.880000 127.712000 60
127.712000 129.696000 58
130.464000 130.752000 58
130.752000 131.200000 60
131.200000 132.544000 63
132.736000 132.992000 59
132.992000 133.216000 55
133.216000 133.536000 57
133.536000 134.240000 51
134.240000 135.072000 55
136.032000 136.608000 53
136.608000 137.600000 55
137.824000 137.952000 63
138.208000 138.976000 58
139.904000 141.024000 53
141.792000 142.400000 51
142.560000 143.232000 55
143.456000 143.808000 53
143.968000 144.448000 55
144.576000 144.640000 51
144.640000 144.896000 58
144.992000 145.376000 60
145.376000 146.880000 62
146.880000 147.488000 60
148.160000 148.480000 52
148.576000 148.768000 55
148.928000 149.056000 64
149.056000 150.176000 60
150.176000 150.304000 54
150.304000 150.336000 56
150.336000 150.560000 58
150.560000 152.384000 63
153.888000 154.944000 63
154.944000 155.136000 62
155.136000 158.688000 58
159.392000 160.320000 55
160.608000 160.832000 57
161.248000 161.600000 53
161.728000 162.016000 50
162.016000 162.336000 53
162.464000 163.584000 48
164.576000 164.896000 46
164.896000 165.088000 47
165.088000 165.408000 48
165.408000 166.336000 51
166.336000 166.976000 54
166.976000 167.136000 55
167.136000 167.680000 58
167.680000 168.928000 62
169.120000 170.272000 60
170.912000 171.072000 65
171.072000 171.136000 59
171.296000 171.456000 52
171.584000 171.712000 64
171.808000 173.568000 60
173.696000 175.168000 58
175.872000 176.192000 58
176.192000 176.704000 60
176.704000 178.016000 63
178.208000 178.368000 60
178.368000 178.944000 56
178.944000 179.392000 51
179.392000 180.864000 55
181.536000 182.048000 52
182.048000 182.144000 53
182.144000 182.688000 55
182.688000 183.264000 58
183.360000 183.520000 63
183.744000 184.512000 59
184.704000 184.928000 59
185.472000 186.400000 53
187.296000 187.904000 51
188.064000 188.896000 55
188.896000 189.312000 52
189.440000 190.400000 55
190.528000 192.032000 62
192.224000 192.992000 60
193.696000 194.048000 53
194.048000 194.272000 55
194.400000 194.528000 65
194.528000 194.592000 63
194.592000 195.744000 60
195.744000 196.448000 59
196.576000 201.728000 63
202.112000 203.936000 68
