1.056000 2.304000 66
2.432000 2.720000 64
2.912000 4.032000 61
4.320000 4.544000 59
4.800000 5.120000 59
5.248000 5.600000 60
5.728000 5.888000 59
6.208000 6.368000 57
8.576000 8.704000 64
8.800000 9.728000 66
9.920000 10.688000 62
10.880000 11.168000 60
11.328000 11.520000 61
11.840000 12.032000 59
12.288000 12.448000 59
12.736000 13.120000 60
13.216000 13.376000 59
13.728000 13.824000 57
16.768000 17.312000 58
17.440000 17.760000 59
17.920000 18.240000 58
18.368000 18.880000 60
19.296000 19.648000 58
19.776000 20.128000 59
20.256000 20.576000 60
21.184000 21.376000 59
21.376000 22.208000 58
22.208000 22.624000 61
22.624000 22.816000 55
23.040000 23.456000 57
24.320000 24.832000 58
24.928000 25.728000 58
25.856000 26.272000 60
26.784000 27.584000 58
27.744000 28.160000 60
28.704000 28.864000 59
29.152000 29.536000 58
29.632000 30.368000 60
30.368000 30.976000 55
31.808000 33.024000 61
33.120000 33.696000 61
33.824000 34.176000 63
34.272000 34.976000 61
35.264000 35.456000 60
35.648000 35.712000 57
35.712000 36.288000 61
36.416000 37.024000 62
37.152000 37.344000 61
37.600000 38.016000 63
38.016000 38.464000 60
38.592000 38.784000 63
39.136000 39.232000 61
39.520000 39.616000 61
39.712000 41.184000 62
41.344000 41.664000 64
41.824000 42.624000 61
43.232000 44.032000 57
44.160000 44.928000 59
45.088000 45.216000 60
45.216000 45.696000 57
46.016000 46.112000 63
46.112000 46.272000 64
46.272000 47.712000 66
47.904000 49.056000 61
49.344000 49.600000 59
49.760000 50.144000 58
50.240000 50.592000 60
50.720000 50.912000 59
51.200000 51.328000 57
51.424000 51.808000 56
51.904000 52.256000 54
52.576000 52.960000 55
53.600000 55.104000 66
55.200000 55.776000 62
55.872000 56.192000 61
56.352000 56.544000 61
56.800000 57.024000 59
57.280000 57.632000 58
57.728000 58.112000 60
58.240000 58.400000 59
58.720000 58.816000 57
59.168000 59.488000 56
61.024000 61.824000 66
61.952000 62.304000 65
62.432000 62.624000 64
62.624000 63.264000 62
63.392000 63.712000 61
63.840000 64.032000 61
64.320000 64.512000 59
64.800000 65.120000 58
65.248000 65.600000 60
65.696000 65.888000 59
66.176000 66.496000 57
66.656000 67.040000 56
67.136000 67.328000 54
67.584000 67.968000 55
68.576000 68.800000 64
68.992000 69.344000 66
69.472000 70.176000 64
70.176000 70.240000 61
70.400000 70.784000 61
70.880000 71.136000 61
71.360000 71.552000 61
71.808000 72.064000 59
72.256000 72.544000 59
72.736000 73.376000 60
73.696000 74.496000 55
74.624000 74.880000 53
74.976000 75.392000 54
75.872000 76.000000 55
76.000000 76.064000 57
76.064000 76.384000 61
76.480000 77.312000 60
77.664000 77.824000 54
77.824000 77.888000 55
77.888000 78.208000 60
78.368000 78.528000 60
78.624000 79.136000 59
79.552000 79.680000 54
79.776000 80.160000 61
80.256000 80.608000 60
80.736000 81.088000 59
81.088000 81.504000 57
81.664000 82.016000 61
82.112000 82.496000 60
82.592000 82.784000 59
82.784000 83.360000 57
83.520000 84.256000 60
84.480000 84.736000 59
85.184000 85.376000 55
85.376000 85.952000 61
86.112000 86.592000 59
87.008000 87.168000 54
87.168000 87.232000 55
87.232000 87.648000 60
87.744000 88.576000 59
88.768000 88.896000 57
89.152000 89.984000 61
90.080000 90.208000 60
90.208000 90.720000 57
91.072000 91.840000 66
91.968000 92.512000 65
92.512000 93.760000 62
93.856000 94.272000 60
94.848000 94.976000 57
94.976000 96.128000 59
96.224000 96.512000 55
96.640000 97.024000 58
97.152000 97.632000 60
97.632000 98.016000 55
98.560000 98.624000 62
98.624000 98.720000 64
98.720000 99.968000 66
99.968000 100.320000 61
100.480000 100.640000 61
100.640000 101.440000 62
101.440000 101.856000 59
102.304000 103.104000 58
103.200000 103.488000 60
103.776000 104.096000 54
104.096000 104.160000 55
104.160000 104.224000 56
104.224000 104.992000 59
105.088000 105.184000 60
105.184000 105.312000 59
105.312000 106.048000 57
106.208000 106.464000 56
106.592000 106.880000 66
106.880000 107.712000 64
107.872000 109.024000 61
109.312000 109.568000 59
109.760000 110.464000 59
110.464000 110.592000 61
110.720000 110.912000 59
111.200000 111.360000 57
111.456000 111.552000 56
111.648000 112.736000 55
112.800000 113.280000 59
113.760000 114.336000 54
114.368000 114.432000 57
114.432000 115.072000 65
115.168000 115.776000 61
115.872000 116.128000 60
116.352000 116.512000 61
116.800000 117.024000 59
117.280000 117.632000 58
117.760000 118.112000 60
118.240000 118.400000 59
118.720000 118.816000 61
118.944000 119.040000 61
119.200000 119.520000 61
119.648000 120.000000 63
120.096000 121.280000 60
121.280000 121.824000 66
121.984000 122.304000 65
122.432000 122.624000 64
122.624000 123.264000 62
123.392000 123.616000 60
123.840000 126.112000 59
126.208000 126.496000 56
126.688000 126.784000 57
126.784000 127.296000 54
127.616000 128.096000 55
128.608000 128.864000 64
128.992000 129.344000 66
129.472000 130.144000 64
130.144000 130.272000 61
130.400000 130.528000 62
130.528000 131.488000 61
131.584000 131.712000 56
131.872000 132.096000 58
132.256000 132.544000 59
132.736000 132.960000 59
132.960000 133.408000 60
133.408000 133.632000 64
133.760000 134.656000 55
135.200000 135.232000 55
136.032000 136.096000 63
136.096000 137.696000 66
137.888000 139.040000 61
139.360000 139.584000 59
139.776000 140.128000 58
140.256000 140.608000 60
140.704000 140.896000 59
141.216000 141.344000 57
141.440000 141.568000 55
141.664000 141.792000 57
141.792000 142.304000 54
142.656000 142.944000 54
143.552000 144.800000 66
144.928000 145.088000 64
145.184000 145.760000 61
145.888000 146.112000 60
146.304000 146.560000 61
146.816000 147.072000 59
147.264000 147.584000 58
147.744000 148.384000 60
148.672000 148.800000 57
149.760000 149.920000 54
150.112000 150.432000 55
151.072000 151.808000 66
151.968000 152.320000 65
152.416000 152.608000 64
152.608000 153.248000 62
153.376000 153.696000 60
153.856000 154.048000 61
154.304000 154.592000 59
154.784000 155.104000 58
155.232000 155.616000 60
155.712000 155.904000 59
156.192000 156.512000 56
156.672000 156.800000 57
156.800000 157.056000 55
157.152000 157.344000 54
157.600000 157.984000 55
158.592000 158.880000 64
159.008000 159.360000 66
159.488000 160.128000 64
160.128000 160.256000 62
160.416000 160.800000 61
160.896000 161.120000 60
161.344000 161.536000 61
161.824000 162.080000 59
162.272000 162.560000 58
162.752000 163.392000 60
163.744000 165.472000 54
