18.368000 18.848000 58
18.912000 20.896000 59
21.120000 21.856000 58
21.984000 22.080000 57
22.176000 22.464000 59
22.464000 22.560000 55
22.752000 23.584000 55
24.736000 25.120000 57
25.216000 25.440000 57
25.728000 26.272000 58
27.104000 27.392000 57
27.392000 29.184000 59
29.312000 29.536000 60
29.536000 29.696000 57
29.824000 30.112000 57
30.112000 30.784000 59
30.944000 31.104000 59
31.456000 31.776000 55
31.776000 32.544000 63
33.376000 33.568000 64
33.664000 33.888000 64
33.920000 34.304000 64
34.496000 34.912000 64
35.552000 35.680000 57
35.840000 36.256000 60
36.384000 36.832000 66
36.960000 37.760000 62
37.760000 38.848000 60
38.848000 39.552000 62
39.648000 39.872000 62
39.872000 40.416000 60
40.416000 41.184000 59
42.368000 42.560000 55
42.656000 42.816000 55
42.944000 43.904000 60
44.000000 44.352000 63
44.352000 44.832000 60
45.088000 45.248000 65
45.248000 45.504000 67
45.600000 46.112000 62
46.208000 47.136000 60
47.296000 47.648000 62
47.808000 48.768000 61
48.896000 49.152000 60
49.152000 49.920000 59
50.752000 50.912000 55
51.072000 51.456000 55
51.648000 52.032000 62
52.160000 52.320000 62
52.320000 52.512000 64
52.768000 53.120000 61
53.280000 54.496000 64
54.944000 55.008000 58
55.008000 55.200000 60
55.200000 55.680000 63
55.776000 55.840000 60
55.840000 56.576000 62
57.024000 57.120000 57
57.120000 57.472000 63
57.632000 58.560000 60
58.784000 59.136000 60
59.136000 59.968000 62
60.224000 61.312000 60
61.408000 61.504000 69
61.504000 61.664000 64
61.760000 61.888000 62
62.048000 62.208000 60
62.304000 62.688000 60
62.816000 63.808000 59
63.904000 65.056000 60
65.312000 66.272000 60
66.368000 66.816000 59
66.816000 66.976000 60
66.976000 67.232000 62
67.232000 69.504000 58
69.568000 69.760000 56
69.888000 70.048000 59
70.240000 70.464000 57
70.528000 71.168000 59
88.224000 88.448000 57
88.448000 88.672000 59
88.736000 90.656000 59
90.944000 91.680000 59
91.776000 91.904000 57
92.000000 92.288000 59
92.288000 93.408000 55
94.560000 95.264000 57
95.552000 96.096000 58
96.928000 97.376000 57
97.472000 99.040000 59
99.200000 99.360000 60
99.360000 99.520000 57
99.680000 99.936000 57
99.936000 100.608000 59
100.768000 100.928000 59
101.280000 101.568000 55
101.568000 102.368000 63
103.200000 103.712000 64
103.744000 104.128000 64
104.288000 104.704000 64
105.376000 105.504000 57
105.632000 106.080000 60
106.176000 106.656000 66
106.752000 107.584000 62
107.584000 108.576000 60
108.576000 109.376000 62
109.472000 109.696000 62
109.696000 110.240000 60
110.240000 110.944000 58
111.872000 111.968000 55
112.192000 112.384000 55
112.480000 112.640000 55
112.736000 113.632000 60
113.824000 114.176000 63
114.176000 114.624000 60
114.912000 115.072000 65
115.072000 115.328000 67
115.424000 115.936000 62
116.032000 116.768000 60
117.088000 117.440000 62
117.632000 118.144000 62
118.144000 118.592000 60
118.720000 118.976000 60
118.976000 120.000000 59
120.640000 120.736000 55
120.864000 121.280000 55
121.472000 121.856000 62
121.984000 122.144000 62
122.144000 122.368000 64
122.592000 122.944000 61
123.104000 124.352000 64
124.736000 124.800000 57
124.800000 124.832000 58
124.832000 125.024000 60
125.024000 126.592000 62
126.816000 126.944000 57
126.944000 127.296000 63
127.456000 128.384000 60
128.576000 128.896000 60
128.896000 129.824000 62
129.984000 131.136000 60
131.232000 131.328000 59
131.328000 131.712000 62
131.808000 132.480000 60
132.640000 134.880000 60
135.136000 136.096000 60
136.192000 136.640000 59
136.640000 137.280000 60
137.280000 139.328000 57
139.424000 139.584000 60
139.712000 139.904000 59
140.000000 140.064000 58
140.064000 140.384000 60
140.544000 141.760000 63
142.240000 142.304000 57
142.304000 142.496000 60
142.496000 143.936000 62
144.256000 144.384000 57
144.384000 144.736000 63
144.928000 145.824000 60
146.048000 146.336000 60
146.336000 147.264000 62
147.424000 148.256000 60
148.736000 148.928000 64
148.928000 149.152000 62
149.248000 149.472000 60
149.568000 149.952000 60
150.112000 151.072000 59
151.168000 152.352000 60
152.576000 153.536000 60
153.632000 155.456000 59
155.456000 156.800000 57
156.864000 157.056000 56
157.152000 157.344000 59
157.536000 157.696000 57
157.696000 157.888000 62
157.984000 158.432000 59
171.360000 171.648000 67
