15.552000 16.416000 52
16.576000 16.640000 50
16.640000 17.216000 52
17.216000 18.368000 56
18.880000 19.168000 61
19.360000 19.680000 58
19.808000 20.224000 55
20.352000 20.768000 53
20.864000 21.088000 49
21.376000 21.920000 47
23.392000 23.488000 52
23.808000 24.000000 52
24.160000 24.768000 52
24.864000 25.088000 54
25.088000 25.504000 56
25.504000 25.536000 57
25.536000 26.176000 64
26.560000 27.200000 59
27.200000 27.392000 57
27.520000 28.224000 56
28.224000 29.920000 52
30.432000 30.656000 46
30.880000 32.736000 52
32.832000 33.184000 56
33.184000 34.048000 59
34.176000 34.528000 61
34.528000 34.688000 60
34.688000 34.848000 59
34.848000 35.520000 56
35.520000 36.288000 52
36.928000 37.216000 47
38.496000 40.384000 52
40.384000 40.768000 56
40.928000 41.504000 64
41.888000 42.368000 61
42.368000 43.040000 56
43.232000 43.584000 53
43.744000 44.064000 54
44.288000 45.888000 52
48.512000 49.216000 64
49.216000 49.888000 61
49.984000 50.336000 59
50.432000 50.624000 61
50.624000 51.008000 64
51.392000 53.504000 61
53.504000 54.848000 56
56.064000 57.312000 56
57.632000 58.112000 54
58.112000 58.656000 59
59.104000 59.584000 54
59.584000 59.904000 52
60.032000 60.192000 54
60.192000 60.576000 52
60.576000 60.768000 49
61.024000 61.376000 56
61.472000 63.424000 54
63.616000 63.744000 53
64.832000 65.088000 46
65.408000 66.144000 52
66.336000 66.976000 52
66.976000 67.264000 54
67.264000 67.648000 56
67.648000 68.224000 59
68.672000 69.568000 59
69.696000 70.080000 55
70.080000 70.240000 54
70.240000 70.400000 52
70.400000 71.296000 47
72.448000 72.608000 58
73.024000 74.624000 52
74.624000 75.296000 55
75.392000 75.904000 64
76.352000 76.736000 61
76.960000 77.312000 58
77.440000 80.576000 52
114.912000 115.776000 52
115.936000 116.768000 52
116.768000 117.824000 56
117.920000 118.464000 60
118.656000 118.912000 58
118.912000 119.520000 55
119.648000 119.808000 54
119.808000 120.032000 52
120.032000 120.448000 49
120.640000 121.184000 47
121.920000 122.144000 48
122.528000 123.328000 52
123.520000 124.096000 52
124.224000 124.448000 54
124.448000 124.896000 56
124.896000 125.568000 64
125.920000 125.984000 59
125.984000 126.336000 60
126.336000 126.592000 59
126.592000 127.680000 56
127.680000 129.120000 52
130.208000 130.400000 49
130.400000 131.872000 52
131.872000 133.024000 56
133.504000 133.952000 61
133.952000 134.240000 59
134.240000 134.880000 56
134.880000 135.008000 55
135.008000 135.808000 49
135.968000 136.896000 47
137.120000 137.248000 46
137.728000 137.792000 48
137.792000 137.888000 50
137.888000 139.712000 52
139.712000 140.160000 56
140.256000 140.832000 64
141.216000 141.664000 61
141.664000 142.496000 56
142.624000 143.392000 53
143.584000 145.408000 52
145.504000 145.632000 52
147.840000 148.576000 64
148.576000 149.216000 61
149.312000 149.664000 59
149.792000 149.984000 61
149.984000 150.304000 64
150.720000 152.928000 61
152.928000 154.144000 56
155.488000 155.840000 56
155.840000 156.448000 59
156.448000 156.544000 58
156.544000 157.792000 55
157.792000 157.952000 59
158.368000 158.720000 56
158.848000 159.392000 54
159.392000 159.520000 53
159.520000 160.128000 49
160.320000 160.704000 56
160.800000 162.400000 54
164.160000 164.320000 45
164.384000 164.448000 45
164.448000 164.544000 46
164.544000 164.640000 47
164.640000 165.504000 52
165.664000 166.272000 52
166.272000 166.560000 54
166.560000 167.456000 58
167.680000 167.808000 58
168.000000 168.288000 61
168.288000 168.928000 59
168.928000 168.992000 57
168.992000 169.248000 56
169.248000 169.376000 55
169.376000 169.568000 54
169.568000 170.112000 49
170.208000 170.976000 47
171.168000 171.264000 47
171.872000 171.968000 47
172.192000 172.256000 49
172.256000 173.920000 52
173.920000 174.176000 54
174.176000 174.656000 56
174.656000 175.168000 64
175.648000 176.064000 60
176.160000 176.256000 59
176.256000 176.480000 58
176.480000 180.032000 52
