26.272000 26.912000 58
27.072000 27.296000 56
27.488000 27.776000 56
27.776000 28.320000 58
28.320000 28.928000 60
29.088000 29.792000 60
29.920000 30.592000 55
30.752000 31.552000 53
32.736000 32.896000 56
32.896000 33.504000 58
33.504000 33.888000 61
33.984000 35.424000 59
36.000000 37.664000 65
39.232000 40.160000 58
40.448000 41.152000 58
41.248000 41.984000 60
42.080000 42.688000 58
42.880000 43.584000 56
43.712000 44.288000 53
44.800000 44.864000 57
44.864000 45.472000 60
45.472000 46.272000 58
46.496000 47.232000 60
47.296000 47.776000 60
47.776000 48.768000 56
48.992000 50.368000 58
52.160000 52.288000 54
52.288000 52.416000 56
52.416000 53.184000 58
53.184000 54.784000 60
54.784000 56.512000 65
56.672000 57.696000 65
58.688000 59.392000 58
59.488000 59.552000 57
59.552000 59.808000 61
59.936000 60.384000 59
60.640000 60.736000 56
60.736000 60.896000 60
60.896000 61.120000 61
61.120000 61.696000 63
61.696000 62.976000 65
63.136000 63.872000 64
63.936000 64.096000 63
64.096000 64.384000 65
64.384000 64.608000 68
64.768000 65.440000 70
65.600000 66.240000 66
66.240000 66.752000 63
66.912000 67.072000 61
67.168000 67.488000 61
67.616000 69.536000 63
69.728000 69.824000 59
70.464000 70.560000 63
70.560000 70.848000 65
70.848000 71.584000 68
71.680000 71.904000 70
72.032000 72.192000 66
72.192000 72.416000 68
72.416000 72.800000 65
72.896000 73.312000 63
73.632000 73.824000 61
73.824000 74.176000 63
74.176000 74.848000 66
74.976000 76.224000 65
76.832000 76.896000 60
76.896000 76.992000 62
76.992000 77.088000 63
77.088000 77.312000 65
77.312000 77.888000 68
77.888000 78.400000 70
78.528000 78.848000 67
78.976000 79.776000 63
80.160000 80.480000 61
80.576000 80.864000 63
80.992000 81.632000 65
81.824000 83.360000 70
83.840000 84.064000 68
84.224000 84.544000 68
84.544000 85.440000 70
85.440000 86.112000 72
86.240000 86.656000 72
86.656000 86.912000 70
87.008000 87.104000 74
87.104000 87.712000 68
87.808000 89.408000 70
117.088000 117.696000 58
117.888000 118.112000 56
118.272000 118.592000 56
118.592000 119.136000 58
119.136000 119.712000 60
119.904000 120.608000 60
120.736000 121.408000 55
121.568000 122.304000 53
123.520000 123.712000 56
123.712000 124.320000 58
124.320000 124.704000 61
124.800000 126.240000 59
126.784000 128.608000 65
130.048000 130.976000 58
131.264000 131.456000 56
131.456000 132.128000 58
132.128000 132.800000 60
132.896000 133.504000 58
133.696000 134.400000 56
134.528000 135.040000 53
135.616000 135.680000 58
135.680000 136.288000 60
136.288000 137.024000 58
137.312000 138.048000 60
138.112000 138.560000 60
138.560000 139.584000 56
139.808000 141.184000 58
142.944000 143.072000 54
143.072000 143.232000 56
143.232000 144.000000 58
144.000000 145.472000 60
145.472000 147.296000 65
147.488000 148.512000 65
149.504000 150.208000 58
150.336000 150.624000 60
150.752000 151.200000 59
151.424000 151.552000 56
151.552000 152.256000 61
152.352000 154.592000 65
154.784000 155.104000 65
155.200000 155.424000 68
155.584000 156.256000 70
156.416000 157.024000 67
157.024000 157.600000 63
157.664000 157.888000 61
158.016000 158.304000 61
158.400000 160.320000 63
160.480000 160.800000 58
161.248000 161.376000 63
161.376000 161.664000 65
161.664000 162.400000 68
162.496000 162.720000 70
162.880000 162.976000 66
162.976000 163.232000 68
163.232000 163.616000 65
163.712000 164.128000 63
164.448000 164.640000 61
164.640000 164.992000 63
164.992000 165.664000 66
165.792000 167.136000 65
167.776000 167.840000 63
167.840000 168.160000 65
168.160000 168.448000 68
168.544000 169.216000 70
169.376000 169.664000 67
169.792000 170.592000 63
170.976000 171.296000 61
171.392000 171.680000 63
171.808000 172.416000 65
172.640000 174.176000 70
174.624000 174.848000 68
175.008000 175.360000 68
175.360000 176.256000 70
176.256000 176.928000 73
177.056000 177.472000 72
177.472000 180.224000 69
180.736000 181.056000 65
181.152000 181.376000 68
181.536000 182.176000 70
182.368000 183.008000 66
183.008000 183.520000 63
183.904000 184.224000 61
184.384000 185.856000 63
185.952000 186.016000 61
186.016000 186.272000 64
186.400000 186.784000 58
187.136000 187.200000 61
187.200000 187.296000 63
187.296000 187.616000 65
187.616000 188.352000 68
188.448000 188.672000 70
188.800000 189.344000 66
189.344000 190.112000 63
190.368000 190.592000 61
190.592000 190.912000 63
190.912000 191.648000 66
191.744000 192.960000 65
193.728000 193.792000 63
193.792000 194.112000 65
194.112000 194.400000 68
194.496000 195.136000 70
195.328000 195.616000 67
195.744000 196.544000 63
196.928000 197.248000 61
197.344000 197.632000 63
197.760000 198.368000 65
198.592000 200.128000 70
200.576000 200.832000 68
200.960000 201.312000 68
201.312000 202.208000 70
202.208000 202.848000 73
203.008000 203.392000 72
203.392000 204.448000 69
204.640000 206.688000 70
