21.472000 21.600000 56
21.728000 22.624000 58
22.784000 23.232000 55
23.584000 24.064000 52
24.896000 24.960000 51
24.992000 25.376000 51
25.824000 26.368000 54
26.656000 26.848000 51
29.728000 29.856000 55
30.048000 30.496000 58
30.496000 31.200000 56
31.360000 31.840000 55
32.064000 32.352000 52
32.512000 32.576000 51
33.184000 33.696000 51
34.016000 34.624000 54
34.784000 34.912000 54
35.040000 35.200000 53
35.360000 36.736000 51
37.920000 38.112000 53
38.112000 38.240000 57
38.432000 38.784000 58
38.912000 39.328000 57
39.456000 39.584000 54
39.712000 39.936000 56
40.256000 40.416000 52
41.696000 42.272000 51
42.496000 43.040000 54
43.424000 43.520000 51
46.304000 46.464000 51
46.464000 46.624000 55
46.752000 46.848000 58
47.008000 47.296000 58
47.520000 47.680000 56
47.776000 48.704000 54
48.704000 48.992000 51
50.048000 50.304000 51
50.496000 51.296000 54
51.456000 51.520000 53
51.712000 51.936000 52
52.224000 52.512000 52
52.736000 53.632000 51
55.296000 55.456000 63
55.584000 56.032000 64
56.128000 56.256000 66
56.416000 56.800000 65
56.896000 57.120000 62
57.248000 57.344000 56
57.440000 57.760000 56
58.528000 59.392000 61
59.488000 60.288000 61
60.288000 61.152000 54
62.944000 63.360000 57
63.680000 63.968000 59
64.160000 64.608000 61
64.704000 64.928000 61
64.928000 65.408000 63
65.792000 65.920000 66
65.920000 66.432000 68
66.560000 69.088000 65
70.752000 71.008000 63
71.008000 72.448000 65
72.448000 72.672000 58
72.832000 72.928000 61
72.928000 73.056000 63
73.056000 73.312000 66
73.312000 74.176000 65
74.176000 74.336000 61
74.688000 74.816000 58
74.944000 75.520000 63
75.968000 76.128000 62
76.256000 78.272000 60
79.296000 79.456000 58
79.776000 80.032000 58
80.128000 80.576000 59
80.960000 81.344000 57
81.344000 81.600000 54
81.696000 82.112000 55
82.240000 82.336000 58
82.528000 83.104000 64
83.104000 83.360000 62
83.776000 84.256000 63
84.576000 84.960000 68
85.088000 85.280000 66
85.280000 86.592000 64
87.200000 87.328000 59
87.424000 87.680000 63
87.680000 87.872000 65
87.968000 88.256000 66
88.352000 89.120000 65
89.504000 89.760000 63
89.760000 89.952000 66
90.048000 90.752000 65
90.752000 91.040000 61
91.392000 91.456000 58
91.584000 92.256000 61
92.640000 92.832000 66
92.928000 93.856000 66
93.952000 95.328000 70
96.064000 96.576000 68
96.576000 97.024000 70
97.024000 98.048000 68
98.048000 98.816000 66
98.912000 99.264000 66
99.264000 99.936000 64
100.480000 100.704000 63
100.704000 100.992000 66
101.248000 101.632000 64
101.632000 101.856000 61
102.304000 104.064000 63
122.528000 122.720000 63
122.816000 123.232000 63
123.360000 123.488000 66
123.648000 124.000000 65
124.160000 124.352000 62
124.352000 124.576000 56
124.672000 124.992000 56
125.760000 126.592000 61
126.720000 127.552000 61
127.552000 128.256000 54
130.144000 130.624000 56
130.944000 131.232000 59
131.456000 131.872000 61
132.000000 132.064000 61
132.064000 132.160000 62
132.160000 132.672000 63
133.024000 133.888000 67
133.888000 136.416000 65
137.792000 137.952000 58
137.952000 138.496000 64
138.528000 138.784000 65
138.912000 139.584000 65
139.808000 139.936000 58
140.064000 140.256000 63
140.256000 140.736000 65
140.832000 141.312000 66
141.312000 141.568000 61
141.920000 142.048000 58
142.176000 142.688000 62
143.488000 145.536000 61
146.848000 147.264000 57
147.360000 147.680000 59
148.160000 148.544000 57
148.544000 148.800000 54
148.928000 149.184000 54
149.184000 149.568000 56
149.728000 149.856000 63
149.856000 150.560000 64
151.040000 151.296000 63
151.296000 151.520000 65
151.808000 152.192000 67
152.288000 152.544000 66
152.544000 153.856000 64
154.432000 154.528000 59
154.656000 154.912000 63
154.912000 155.072000 65
155.200000 155.456000 66
155.584000 155.680000 69
155.680000 156.192000 65
156.352000 156.608000 57
156.736000 156.992000 63
156.992000 157.152000 66
157.280000 158.080000 64
158.080000 158.272000 60
158.560000 158.752000 58
158.848000 159.488000 61
159.872000 160.064000 66
160.160000 161.088000 66
161.184000 161.248000 66
161.248000 162.688000 70
163.296000 163.360000 64
163.360000 163.808000 68
163.808000 164.256000 70
164.256000 165.760000 68
165.856000 166.016000 65
166.112000 167.200000 65
167.712000 168.032000 64
168.032000 168.224000 66
168.480000 168.960000 64
168.960000 169.088000 61
169.536000 171.072000 63
173.248000 173.376000 58
173.504000 173.728000 63
173.728000 173.888000 65
173.984000 174.304000 66
174.432000 174.976000 65
175.264000 175.424000 58
175.552000 175.776000 63
175.776000 176.256000 66
176.256000 176.832000 65
176.832000 177.088000 61
177.440000 177.568000 58
177.696000 177.920000 61
177.920000 178.176000 63
179.040000 180.768000 60
182.368000 182.496000 58
182.592000 182.752000 58
182.880000 183.328000 59
183.648000 184.032000 57
184.032000 184.192000 55
184.672000 185.024000 56
185.216000 185.344000 63
185.344000 186.016000 65
186.496000 186.784000 63
186.784000 186.976000 65
187.296000 187.680000 67
187.808000 189.536000 64
189.952000 190.048000 60
190.176000 190.592000 64
190.688000 190.976000 66
191.104000 191.200000 68
191.200000 191.872000 66
191.968000 192.128000 58
192.224000 192.480000 63
192.480000 192.672000 66
192.672000 192.928000 63
192.928000 193.248000 65
193.248000 193.792000 61
194.080000 194.208000 58
194.336000 194.976000 61
195.360000 195.552000 66
195.648000 196.704000 66
196.704000 198.144000 70
198.784000 198.848000 63
198.848000 198.912000 69
199.008000 200.576000 68
200.576000 201.216000 66
201.344000 201.504000 65
201.632000 201.888000 66
201.888000 202.656000 64
203.168000 203.456000 63
203.456000 203.680000 66
203.936000 204.352000 64
204.352000 204.576000 61
204.736000 204.832000 60
204.992000 206.592000 63
207.072000 207.136000 61
207.136000 207.872000 68
207.872000 208.928000 68
208.928000 209.568000 66
209.696000 209.856000 65
209.952000 210.976000 65
211.552000 211.840000 63
211.840000 212.032000 66
212.320000 212.768000 64
212.768000 212.928000 61
213.120000 213.248000 58
213.376000 215.456000 63
