1.600000 4.032000 67
5.824000 6.272000 57
6.368000 7.360000 57
7.712000 8.032000 57
17.120000 17.376000 62
17.376000 18.176000 64
18.176000 18.912000 62
18.912000 19.968000 64
20.064000 20.224000 63
20.256000 20.288000 64
20.384000 20.640000 64
21.088000 21.312000 69
21.408000 21.792000 72
22.048000 22.464000 74
22.560000 23.008000 69
23.104000 23.328000 64
23.520000 23.616000 67
29.248000 32.320000 72
32.896000 33.280000 62
33.280000 35.456000 67
35.808000 37.088000 67
37.088000 37.376000 64
37.792000 38.208000 62
38.336000 39.296000 62
39.296000 40.160000 60
40.736000 41.088000 57
41.184000 41.376000 60
41.472000 41.600000 60
41.728000 43.616000 60
44.064000 44.416000 67
44.416000 44.736000 65
44.736000 45.600000 64
45.600000 46.560000 62
46.752000 48.032000 62
48.576000 48.672000 57
48.672000 48.704000 59
48.704000 50.464000 64
50.656000 52.096000 67
52.544000 54.432000 62
54.528000 55.008000 57
55.296000 55.776000 55
55.776000 55.872000 60
55.872000 56.832000 67
56.928000 58.304000 67
58.304000 58.848000 62
59.136000 59.840000 63
60.000000 60.096000 62
60.096000 60.224000 60
60.224000 60.416000 57
60.512000 64.064000 60
65.152000 65.664000 60
65.664000 66.336000 62
66.784000 67.008000 63
67.008000 67.552000 60
67.552000 68.224000 64
68.576000 69.408000 67
69.408000 69.536000 72
69.536000 70.208000 68
70.304000 70.752000 64
71.456000 71.616000 64
71.744000 72.224000 67
72.224000 72.736000 69
72.960000 74.176000 68
74.432000 74.496000 62
74.496000 75.104000 69
75.232000 75.776000 72
75.776000 76.512000 69
76.640000 76.736000 67
76.736000 77.216000 64
77.216000 78.656000 67
78.976000 79.072000 70
79.072000 79.328000 67
79.328000 79.712000 69
79.712000 79.808000 67
79.808000 81.408000 66
81.440000 81.824000 69
81.824000 82.144000 67
82.144000 83.552000 63
84.096000 84.192000 59
84.352000 85.376000 62
85.504000 85.920000 60
85.920000 86.528000 56
87.008000 87.232000 55
87.456000 87.904000 67
88.000000 88.096000 71
88.096000 88.640000 69
88.640000 89.856000 67
90.016000 90.304000 62
90.656000 90.912000 60
90.912000 91.360000 62
91.456000 92.224000 62
92.384000 96.320000 60
111.552000 112.064000 63
112.192000 112.480000 64
112.480000 113.344000 62
113.344000 113.504000 67
113.504000 114.080000 63
114.176000 114.656000 64
115.520000 115.808000 69
115.808000 116.416000 72
116.512000 116.736000 74
116.736000 116.896000 72
116.896000 117.440000 69
117.536000 117.760000 65
117.984000 118.144000 56
124.128000 126.752000 72
127.328000 127.680000 62
127.680000 129.856000 67
130.240000 131.808000 67
132.224000 132.640000 62
132.768000 133.728000 62
133.728000 134.592000 60
135.200000 135.616000 57
135.616000 135.808000 60
135.904000 136.032000 60
136.160000 138.048000 60
138.496000 139.008000 67
139.104000 140.032000 64
140.032000 140.992000 62
141.184000 142.464000 62
143.008000 143.104000 57
143.104000 143.136000 59
143.136000 144.896000 64
145.056000 146.528000 67
146.976000 148.896000 62
148.896000 149.408000 57
149.760000 150.208000 55
150.208000 150.272000 58
150.272000 151.264000 67
151.360000 152.736000 67
152.736000 153.248000 62
153.568000 154.272000 63
154.432000 154.560000 61
154.560000 154.848000 58
154.944000 158.496000 60
159.584000 160.096000 60
160.096000 160.672000 62
161.216000 161.440000 62
161.440000 162.016000 60
162.016000 162.624000 64
162.976000 164.544000 67
164.544000 165.152000 64
165.824000 166.080000 64
166.144000 166.208000 65
166.208000 167.136000 67
167.392000 168.576000 68
168.864000 168.928000 63
168.928000 169.536000 69
169.632000 170.240000 72
170.240000 170.944000 69
171.072000 171.168000 67
171.168000 171.392000 64
171.456000 171.648000 64
171.648000 173.152000 67
173.376000 173.472000 71
173.472000 174.240000 68
174.240000 175.008000 64
175.008000 175.840000 67
175.872000 176.256000 69
176.256000 176.576000 67
176.576000 177.984000 63
178.464000 178.624000 58
178.784000 179.808000 62
179.936000 180.384000 60
180.384000 180.960000 56
181.376000 181.664000 55
181.888000 182.304000 67
182.400000 182.528000 71
182.528000 183.040000 69
183.040000 184.288000 67
184.480000 184.704000 62
185.088000 185.248000 60
185.344000 185.792000 62
185.888000 186.656000 62
186.784000 190.688000 60
206.080000 206.304000 62
206.400000 207.872000 64
208.096000 209.536000 67
209.984000 210.496000 64
210.720000 211.296000 62
211.456000 211.840000 62
217.856000 217.984000 62
218.176000 219.008000 63
219.104000 220.480000 64
220.704000 220.768000 63
220.800000 220.992000 64
221.344000 221.792000 64
222.496000 222.560000 55
222.560000 222.592000 57
222.592000 223.040000 60
223.040000 223.648000 62
224.160000 224.384000 62
224.384000 224.576000 60
224.736000 224.864000 55
224.864000 224.896000 58
224.896000 225.600000 64
225.920000 227.488000 67
227.488000 228.096000 64
228.768000 228.832000 61
228.832000 229.024000 64
229.088000 229.152000 65
229.152000 230.112000 68
230.144000 230.176000 69
230.368000 230.976000 67
231.008000 231.488000 69
231.776000 231.840000 63
231.840000 232.448000 69
232.576000 233.120000 72
233.120000 233.888000 69
234.016000 234.112000 68
234.112000 234.336000 64
234.432000 234.464000 64
234.528000 234.592000 64
234.592000 235.936000 67
236.352000 236.448000 70
236.448000 236.736000 67
236.736000 237.152000 69
237.152000 238.368000 65
238.368000 238.720000 67
238.720000 239.552000 69
239.552000 240.928000 64
241.728000 242.752000 62
242.880000 243.360000 60
243.680000 243.872000 57
244.864000 245.280000 67
245.376000 245.472000 71
245.472000 246.144000 69
246.144000 247.232000 67
247.392000 247.680000 62
248.032000 248.224000 60
248.224000 248.896000 62
249.024000 249.696000 62
249.824000 253.216000 60
253.312000 253.408000 61
253.792000 255.136000 67
255.168000 255.360000 67
255.552000 255.744000 67
257.376000 259.104000 57
259.648000 259.872000 57
263.904000 264.064000 63
264.064000 264.832000 67
264.832000 266.368000 62
267.872000 269.536000 72
