10.752000 10.848000 75
11.936000 12.224000 72
13.568000 13.664000 71
14.624000 14.752000 67
14.976000 15.104000 68
15.328000 15.616000 68
20.224000 21.312000 66
21.376000 22.496000 68
23.008000 23.456000 63
23.552000 23.808000 64
23.904000 24.160000 61
24.256000 25.120000 68
25.888000 26.112000 69
26.112000 27.008000 67
27.552000 28.096000 69
28.096000 29.088000 65
29.248000 29.376000 66
30.336000 30.432000 64
30.848000 30.944000 74
31.040000 31.136000 78
31.232000 31.328000 77
31.328000 31.488000 72
31.744000 32.000000 66
32.128000 32.832000 66
32.832000 33.760000 68
34.400000 34.848000 64
35.008000 35.232000 64
35.328000 35.616000 61
35.712000 36.512000 68
37.312000 37.536000 69
37.536000 38.528000 67
38.720000 38.784000 64
38.784000 38.976000 68
39.072000 41.632000 69
41.760000 41.824000 64
41.824000 42.464000 69
42.464000 43.296000 71
43.424000 43.936000 66
43.936000 44.160000 73
44.320000 44.768000 71
44.768000 46.144000 69
46.144000 46.592000 64
46.752000 47.008000 71
47.136000 48.480000 69
48.928000 49.184000 66
49.248000 49.312000 67
49.312000 49.568000 68
49.568000 49.856000 69
49.856000 50.304000 73
50.464000 50.688000 73
50.688000 51.264000 70
51.456000 52.064000 64
54.464000 54.912000 66
55.008000 55.232000 66
55.360000 56.544000 67
57.312000 57.408000 63
57.504000 57.728000 62
57.824000 58.048000 64
58.048000 58.560000 61
58.560000 59.040000 68
59.136000 59.328000 66
60.160000 60.480000 69
60.480000 60.608000 67
60.704000 60.960000 69
60.960000 61.248000 66
61.792000 62.400000 68
62.528000 63.104000 65
63.520000 63.776000 66
65.920000 65.984000 64
65.984000 67.104000 66
67.104000 67.904000 68
68.000000 68.096000 68
68.768000 68.896000 64
68.896000 69.504000 62
69.600000 69.856000 61
69.984000 70.816000 68
71.552000 72.384000 69
72.480000 72.704000 66
73.056000 73.120000 66
73.120000 73.472000 68
73.472000 75.648000 69
75.968000 76.736000 69
76.736000 77.664000 71
77.664000 78.080000 66
78.208000 78.272000 69
78.272000 78.976000 72
79.072000 80.096000 69
80.096000 80.448000 71
80.448000 81.216000 64
81.440000 82.784000 69
83.136000 83.552000 66
83.552000 83.904000 68
83.904000 84.224000 69
84.224000 85.568000 74
85.824000 86.336000 73
86.336000 87.008000 70
87.104000 88.064000 69
88.896000 89.152000 69
89.248000 89.504000 69
89.632000 89.824000 71
91.936000 92.352000 69
92.480000 92.672000 69
92.832000 93.088000 71
93.376000 93.504000 73
93.504000 93.728000 71
93.728000 94.240000 69
96.064000 96.640000 67
96.736000 96.960000 69
96.960000 97.056000 74
97.472000 97.792000 73
97.920000 98.016000 71
98.176000 98.528000 69
101.600000 101.696000 64
101.696000 102.816000 66
102.816000 103.744000 68
103.776000 103.936000 68
104.448000 104.736000 63
104.736000 104.896000 61
104.992000 105.280000 64
105.280000 105.664000 62
105.664000 106.464000 68
107.104000 107.200000 71
107.328000 108.128000 69
108.128000 108.448000 67
108.864000 108.928000 65
108.928000 109.536000 68
109.536000 110.496000 64
111.392000 111.488000 58
113.184000 113.248000 62
113.248000 113.792000 66
113.952000 114.112000 66
114.304000 114.496000 68
114.592000 115.328000 68
115.872000 115.968000 60
115.968000 116.672000 63
116.768000 117.152000 61
117.152000 118.112000 68
118.528000 118.720000 70
118.720000 118.944000 69
118.944000 119.136000 66
119.232000 119.552000 68
119.648000 120.320000 65
120.320000 120.608000 69
120.736000 122.912000 69
123.168000 123.232000 64
123.232000 123.424000 69
123.520000 123.776000 69
123.904000 124.640000 71
124.832000 125.312000 66
125.312000 126.080000 72
126.176000 127.520000 69
127.680000 128.064000 64
128.160000 128.224000 68
128.224000 128.480000 71
128.576000 129.312000 69
129.504000 129.600000 69
130.304000 130.688000 66
130.688000 131.040000 68
131.040000 131.360000 69
131.360000 132.800000 74
133.024000 133.696000 72
133.696000 134.208000 70
134.272000 135.648000 69
