14.592000 14.976000 58
15.296000 15.328000 54
15.488000 15.648000 54
15.776000 16.000000 54
16.160000 16.288000 52
16.864000 16.928000 58
16.928000 17.568000 62
18.240000 19.040000 58
19.200000 20.000000 58
20.192000 20.928000 54
21.824000 22.176000 57
22.336000 22.560000 54
22.688000 22.848000 54
22.976000 23.296000 54
24.000000 24.672000 62
25.344000 25.728000 61
25.824000 26.016000 63
26.144000 26.432000 59
26.656000 27.040000 58
27.168000 27.296000 60
27.296000 27.488000 62
27.648000 28.224000 60
28.960000 30.848000 58
30.848000 31.616000 65
32.000000 32.384000 65
32.576000 33.792000 58
33.888000 34.240000 58
34.240000 35.552000 63
36.032000 36.192000 63
36.192000 37.696000 65
37.824000 38.784000 60
39.840000 40.192000 58
40.384000 40.416000 55
40.512000 40.864000 58
41.280000 41.728000 67
41.856000 42.720000 60
43.136000 43.584000 58
43.968000 44.224000 55
44.384000 44.512000 55
44.608000 44.704000 55
44.960000 45.056000 57
45.280000 46.336000 62
46.720000 47.456000 62
47.584000 48.096000 58
48.192000 49.632000 58
49.760000 50.080000 58
50.080000 50.816000 61
51.008000 52.320000 60
53.888000 54.336000 57
54.784000 55.360000 58
55.360000 55.424000 59
55.424000 56.288000 65
57.184000 57.856000 65
57.952000 59.168000 58
59.264000 60.704000 63
61.024000 61.184000 63
61.184000 62.752000 65
62.752000 63.456000 62
63.456000 63.680000 65
63.680000 64.512000 60
64.608000 65.088000 58
65.216000 65.472000 58
66.368000 66.816000 67
66.816000 67.744000 60
68.160000 68.288000 63
68.288000 69.952000 65
69.952000 71.264000 62
71.360000 71.616000 58
71.712000 72.160000 58
72.320000 72.576000 58
73.088000 79.392000 65
93.184000 93.600000 58
93.792000 94.272000 54
94.400000 94.912000 53
95.456000 95.520000 58
95.520000 96.224000 62
96.736000 97.120000 58
97.216000 97.568000 59
97.888000 98.528000 58
98.752000 99.392000 54
99.712000 99.808000 54
100.320000 100.544000 58
100.544000 101.056000 55
102.560000 103.328000 62
103.840000 104.576000 62
104.704000 105.600000 58
105.696000 106.848000 60
107.456000 107.808000 57
107.808000 109.184000 58
109.184000 110.176000 65
110.528000 110.944000 65
111.072000 112.320000 58
112.416000 112.704000 58
112.704000 114.048000 63
114.528000 116.192000 65
116.416000 117.344000 60
118.496000 118.720000 58
118.848000 119.040000 55
119.040000 119.392000 58
119.808000 119.968000 65
119.968000 120.288000 67
120.352000 121.280000 61
121.664000 122.080000 58
122.336000 122.688000 55
122.880000 123.008000 55
123.744000 124.768000 62
125.248000 125.376000 59
125.376000 126.016000 62
126.016000 126.592000 58
126.688000 127.008000 58
127.136000 128.608000 58
128.608000 129.728000 62
129.824000 131.808000 60
132.384000 132.864000 57
133.408000 133.760000 57
133.760000 133.920000 58
133.920000 135.072000 65
135.744000 136.416000 65
136.544000 137.696000 58
137.824000 139.104000 63
139.520000 141.344000 65
141.344000 142.752000 62
142.752000 143.072000 58
143.168000 143.616000 58
143.776000 144.032000 58
144.320000 144.416000 58
144.544000 144.864000 58
144.928000 144.992000 61
144.992000 145.472000 67
145.600000 146.240000 60
146.656000 146.784000 63
146.784000 148.480000 65
148.480000 149.888000 62
149.888000 150.176000 58
150.272000 150.784000 58
150.912000 151.200000 59
151.616000 159.168000 65
182.400000 182.816000 58
183.264000 183.840000 57
183.840000 183.968000 59
183.968000 184.672000 65
185.728000 186.368000 65
186.464000 187.072000 58
187.296000 187.712000 58
187.776000 189.056000 63
189.504000 191.328000 65
191.328000 192.576000 62
192.704000 193.056000 58
193.120000 193.600000 58
193.728000 194.048000 59
194.240000 194.848000 58
194.848000 195.360000 67
195.424000 196.192000 60
196.640000 198.432000 65
198.592000 199.008000 62
199.008000 199.104000 63
199.104000 199.360000 65
199.360000 199.776000 61
199.904000 200.160000 58
200.256000 200.640000 57
200.800000 201.056000 58
201.536000 207.520000 65
209.280000 209.536000 60
209.728000 210.112000 60
210.880000 211.392000 58
211.808000 212.480000 57
212.480000 213.600000 65
214.272000 215.008000 65
215.136000 216.256000 58
216.256000 217.504000 63
218.016000 219.808000 65
219.808000 221.024000 62
221.024000 222.528000 58
222.816000 223.328000 58
223.456000 224.064000 67
224.128000 224.768000 60
225.184000 227.008000 65
227.136000 227.456000 62
227.456000 227.648000 63
227.648000 227.936000 65
227.936000 228.672000 60
228.768000 229.280000 58
229.376000 229.600000 58
230.080000 231.712000 65
231.808000 237.376000 65
237.792000 238.112000 67
238.112000 238.784000 60
239.456000 239.840000 58
240.320000 240.992000 58
240.992000 242.112000 65
242.784000 243.424000 65
243.552000 244.192000 58
244.384000 244.736000 58
244.832000 246.016000 63
246.592000 248.320000 65
248.448000 248.576000 61
248.576000 248.896000 62
248.896000 249.024000 63
249.024000 249.440000 65
249.440000 249.792000 61
249.824000 250.016000 58
250.304000 250.464000 58
252.000000 252.544000 67
252.832000 252.928000 72
253.024000 253.152000 72
253.792000 254.624000 65
254.848000 255.168000 65
255.712000 255.904000 62
256.000000 256.160000 63
256.160000 256.384000 65
