12.032000 12.288000 60
12.736000 12.992000 53
12.992000 13.280000 55
13.632000 14.336000 58
14.848000 15.136000 59
15.232000 15.616000 57
16.064000 16.320000 59
16.416000 17.056000 54
19.232000 19.520000 55
19.616000 20.160000 56
20.160000 20.320000 59
20.416000 20.800000 58
21.184000 21.504000 59
21.664000 21.952000 57
22.496000 22.784000 58
23.072000 23.616000 55
23.968000 24.224000 52
25.664000 25.952000 55
26.080000 26.464000 57
26.464000 26.752000 59
26.880000 27.232000 59
27.648000 27.936000 59
27.936000 28.384000 56
28.928000 29.280000 57
29.280000 29.696000 53
29.728000 29.984000 54
32.096000 32.416000 54
32.640000 32.768000 56
32.832000 32.896000 56
32.896000 33.152000 59
33.280000 33.536000 58
34.112000 34.368000 59
34.528000 35.008000 62
35.104000 35.584000 62
35.712000 35.968000 64
35.968000 37.632000 59
37.760000 38.112000 57
39.520000 39.776000 55
39.936000 40.064000 55
40.160000 40.384000 55
40.512000 40.800000 58
40.960000 41.216000 56
42.592000 43.072000 54
43.328000 43.520000 55
43.712000 44.384000 57
44.384000 44.480000 59
44.512000 44.544000 59
45.824000 45.984000 53
45.984000 46.272000 55
46.368000 46.464000 55
46.560000 46.816000 55
47.360000 47.552000 63
47.776000 48.128000 62
48.128000 48.448000 59
48.448000 48.864000 55
48.960000 49.504000 55
52.160000 52.832000 63
52.864000 53.216000 64
53.536000 53.888000 63
55.008000 55.040000 61
55.104000 55.360000 59
55.360000 55.968000 62
56.384000 56.736000 62
56.928000 57.312000 64
57.408000 57.600000 64
57.600000 57.984000 62
58.624000 58.816000 51
58.912000 59.040000 51
59.328000 59.584000 52
59.648000 59.712000 53
59.712000 59.840000 58
59.872000 59.968000 59
60.160000 60.320000 64
60.480000 60.704000 64
61.376000 61.696000 63
61.792000 62.048000 65
62.144000 62.464000 66
62.624000 62.976000 67
63.232000 63.328000 64
63.328000 63.648000 66
63.648000 63.840000 62
64.320000 64.544000 62
65.088000 65.280000 64
65.376000 66.240000 64
66.304000 66.848000 64
67.008000 67.200000 64
67.808000 68.928000 61
69.248000 69.472000 62
69.600000 69.696000 63
69.856000 70.176000 64
70.272000 70.464000 65
70.464000 70.720000 62
71.424000 71.648000 63
71.840000 72.032000 63
72.160000 72.416000 64
72.768000 73.184000 63
73.344000 73.600000 63
74.240000 74.624000 64
74.784000 74.912000 66
74.912000 74.976000 62
75.008000 75.072000 62
75.296000 75.488000 62
75.552000 75.584000 62
75.584000 75.616000 64
75.648000 75.872000 66
76.160000 76.608000 65
76.704000 77.024000 66
77.152000 77.248000 65
77.408000 77.696000 66
77.888000 78.016000 55
104.384000 104.832000 55
105.216000 105.984000 59
106.400000 106.720000 59
106.720000 107.136000 57
107.328000 107.424000 57
107.584000 107.776000 60
107.776000 107.872000 58
107.872000 108.704000 55
110.816000 111.072000 55
111.200000 111.712000 56
111.712000 111.872000 59
112.000000 112.320000 58
112.768000 113.056000 58
113.216000 113.536000 57
114.112000 114.304000 59
114.592000 115.008000 55
115.328000 115.680000 53
117.600000 118.048000 57
118.048000 118.272000 59
118.432000 118.816000 59
119.200000 119.488000 59
119.488000 120.000000 56
120.384000 120.864000 57
120.960000 121.088000 53
123.680000 123.904000 55
124.032000 124.192000 57
124.448000 124.576000 57
124.576000 124.704000 59
124.896000 125.088000 60
126.144000 126.560000 62
126.656000 127.040000 62
127.264000 127.488000 64
127.584000 127.680000 56
127.808000 128.096000 58
129.536000 129.568000 57
129.760000 129.824000 56
131.104000 131.328000 54
131.424000 131.552000 55
131.712000 132.032000 55
132.032000 132.288000 58
132.576000 132.928000 55
134.208000 134.624000 54
134.976000 135.072000 55
135.296000 135.520000 57
135.712000 135.872000 57
135.872000 136.192000 59
137.440000 137.952000 54
138.080000 138.336000 55
138.880000 139.136000 64
139.328000 139.648000 63
139.744000 140.032000 58
140.128000 141.152000 55
143.648000 143.968000 64
144.128000 144.800000 64
145.056000 145.504000 64
145.696000 145.888000 63
146.496000 146.624000 62
146.624000 147.072000 60
147.072000 147.584000 62
147.872000 148.320000 62
148.480000 149.088000 64
149.216000 149.536000 62
149.568000 149.632000 62
150.080000 150.336000 64
150.496000 150.656000 63
150.784000 151.168000 64
151.424000 151.936000 63
152.000000 152.352000 64
152.960000 153.600000 64
153.696000 154.016000 66
154.272000 154.560000 67
154.816000 155.136000 66
156.512000 156.832000 64
156.896000 157.664000 64
158.048000 158.304000 65
158.560000 158.720000 63
159.392000 159.456000 62
159.456000 159.744000 59
159.744000 160.192000 62
160.224000 160.512000 62
160.736000 161.184000 63
161.376000 162.016000 64
162.112000 162.336000 62
162.336000 162.592000 59
162.944000 163.168000 51
163.296000 164.128000 52
164.384000 164.416000 58
164.448000 165.152000 64
165.760000 166.144000 64
166.240000 166.368000 65
166.592000 166.688000 66
166.912000 166.976000 62
167.008000 167.296000 64
167.616000 168.224000 65
168.384000 168.800000 66
168.960000 169.664000 66
170.240000 170.688000 55
171.040000 171.744000 59
172.608000 172.992000 57
173.408000 173.600000 60
173.728000 173.824000 55
173.952000 174.048000 53
174.208000 174.464000 55
176.832000 176.928000 54
177.024000 177.312000 57
177.376000 177.440000 55
177.440000 177.696000 58
178.016000 178.048000 59
178.624000 178.880000 58
179.072000 179.360000 58
179.872000 180.160000 59
180.448000 180.864000 54
181.088000 181.216000 62
183.488000 183.680000 57
183.872000 184.160000 59
184.320000 184.640000 59
185.056000 185.472000 58
185.504000 185.888000 57
186.240000 186.496000 57
186.656000 186.752000 54
187.168000 187.488000 55
190.432000 190.464000 58
190.752000 191.040000 59
191.552000 191.744000 59
191.968000 192.832000 62
193.056000 193.312000 64
193.408000 193.536000 57
193.696000 193.728000 58
193.760000 194.176000 59
194.368000 194.528000 59
194.816000 194.976000 59
195.168000 195.296000 68
195.968000 196.288000 55
196.736000 197.472000 59
198.112000 198.144000 59
198.336000 198.624000 57
199.168000 199.328000 59
199.680000 199.840000 53
200.096000 200.128000 55
202.304000 202.912000 57
203.104000 203.168000 56
203.168000 203.424000 59
203.520000 203.616000 58
204.320000 204.640000 58
204.800000 205.184000 57
205.568000 205.792000 59
209.152000 209.408000 57
209.632000 209.792000 58
210.208000 210.304000 59
210.816000 211.104000 59
211.104000 211.296000 56
211.456000 211.552000 57
211.968000 212.192000 59
212.256000 212.608000 54
212.800000 212.960000 55
215.264000 215.488000 56
216.128000 216.224000 58
216.640000 216.800000 59
217.664000 218.016000 62
218.176000 218.656000 62
218.816000 219.040000 64
219.456000 219.488000 58
219.744000 220.000000 59
220.512000 220.576000 60
220.800000 220.896000 69
221.664000 221.920000 66
222.400000 223.168000 59
223.776000 223.936000 59
224.544000 224.672000 57
224.864000 224.992000 59
225.248000 225.408000 54
225.792000 225.984000 55
226.208000 226.272000 55
228.160000 228.256000 55
228.448000 228.608000 57
228.608000 228.864000 55
228.864000 229.120000 59
229.568000 229.600000 58
230.048000 230.304000 58
230.464000 230.752000 57
231.136000 231.328000 56
231.360000 231.552000 59
232.224000 232.320000 55
234.912000 235.072000 57
235.296000 235.520000 59
235.840000 235.936000 58
236.544000 236.864000 59
237.024000 237.216000 57
237.696000 238.112000 57
238.208000 238.336000 55
238.976000 239.232000 53
240.928000 241.120000 55
241.760000 241.920000 59
242.144000 242.304000 59
243.040000 243.104000 58
243.360000 243.520000 61
243.584000 243.616000 62
243.680000 243.744000 62
243.776000 244.352000 62
244.576000 244.736000 64
245.024000 245.536000 58
245.600000 246.112000 59
246.176000 246.240000 59
247.360000 247.552000 55
248.192000 248.416000 59
248.544000 248.800000 59
249.728000 250.016000 57
250.304000 250.400000 56
250.592000 250.752000 58
254.112000 254.336000 57
254.624000 254.816000 58
256.192000 256.384000 58
