30.944000 31.136000 60
31.136000 31.296000 61
31.296000 31.808000 62
31.808000 32.256000 65
32.256000 33.408000 60
33.408000 33.600000 57
33.824000 34.304000 57
34.656000 34.784000 56
36.544000 36.608000 59
36.608000 36.768000 60
36.768000 38.976000 62
38.976000 40.800000 58
40.800000 40.960000 65
40.960000 41.344000 65
41.536000 42.624000 62
43.488000 43.552000 65
43.552000 43.712000 66
43.712000 44.640000 67
44.640000 45.760000 69
45.856000 47.584000 65
47.584000 48.160000 62
48.640000 53.408000 62
54.464000 54.528000 65
54.528000 54.624000 65
54.624000 54.720000 66
54.720000 55.616000 67
55.616000 59.264000 69
59.552000 59.840000 65
59.968000 60.960000 67
60.960000 61.728000 69
61.728000 62.528000 67
62.752000 64.928000 67
65.408000 65.504000 64
65.504000 65.792000 67
65.792000 66.016000 69
66.112000 66.592000 69
66.688000 67.104000 67
67.232000 67.392000 69
67.680000 67.808000 70
68.192000 68.448000 67
68.544000 68.768000 72
68.768000 69.344000 70
69.440000 69.952000 67
69.952000 70.144000 72
70.304000 70.496000 69
70.624000 75.872000 69
76.320000 76.704000 67
76.800000 77.024000 70
77.120000 77.600000 70
77.696000 78.048000 68
78.208000 78.336000 69
78.528000 78.688000 74
78.816000 78.912000 70
79.168000 79.488000 67
79.488000 80.096000 71
80.192000 80.288000 70
80.288000 80.832000 67
80.832000 81.088000 61
81.408000 81.472000 66
81.472000 81.536000 69
81.632000 83.168000 69
83.168000 83.680000 70
83.680000 84.384000 72
84.384000 86.912000 67
87.488000 88.992000 69
88.992000 89.504000 70
89.536000 89.888000 71
89.888000 92.288000 69
92.288000 96.224000 73
96.224000 96.352000 70
96.448000 96.512000 68
96.512000 96.960000 72
96.960000 98.400000 67
98.624000 98.656000 69
98.752000 99.168000 67
99.168000 100.192000 70
100.608000 100.672000 66
100.672000 100.896000 69
100.896000 101.184000 72
101.184000 101.792000 70
102.144000 102.304000 70
102.304000 102.528000 67
102.688000 106.432000 67
130.080000 130.848000 62
130.848000 131.200000 66
131.200000 131.296000 63
131.296000 132.608000 60
132.800000 133.216000 58
133.440000 133.888000 56
134.016000 134.208000 56
135.616000 135.968000 61
136.064000 138.112000 62
138.112000 138.208000 60
138.208000 140.000000 57
140.000000 140.576000 65
140.736000 141.600000 62
142.464000 142.752000 65
142.752000 143.552000 67
143.552000 144.896000 69
144.896000 146.400000 65
146.496000 146.976000 62
147.680000 152.352000 62
153.504000 153.760000 66
153.760000 154.688000 67
154.688000 158.336000 69
158.592000 158.912000 65
159.008000 159.456000 66
159.552000 160.000000 67
160.000000 160.256000 69
160.352000 160.704000 69
160.704000 161.056000 67
161.152000 163.840000 67
164.448000 164.512000 65
164.512000 164.704000 67
164.800000 165.056000 70
165.152000 165.792000 69
165.792000 166.112000 67
166.592000 166.752000 70
167.264000 167.552000 67
167.552000 167.840000 72
167.840000 168.896000 69
169.344000 174.976000 69
175.488000 175.744000 67
175.840000 176.064000 69
176.160000 177.216000 68
177.888000 178.048000 70
178.208000 178.304000 70
178.304000 178.560000 67
178.560000 179.392000 70
179.488000 179.904000 67
180.512000 180.736000 70
180.736000 180.928000 67
181.024000 181.152000 67
181.152000 182.176000 69
182.176000 184.160000 70
184.160000 186.112000 67
186.528000 187.072000 69
187.200000 187.552000 70
187.552000 188.064000 69
188.064000 188.480000 71
188.608000 188.960000 71
188.960000 189.856000 70
189.952000 191.328000 69
191.328000 191.680000 74
191.840000 192.032000 74
192.032000 192.608000 73
192.704000 195.360000 73
195.488000 195.552000 69
195.552000 195.936000 73
196.032000 197.536000 67
197.600000 197.632000 69
197.888000 198.272000 67
198.272000 199.232000 71
199.520000 199.648000 63
199.648000 199.872000 69
199.968000 200.128000 72
200.224000 200.384000 71
200.672000 200.864000 69
201.280000 201.408000 69
201.408000 201.568000 67
201.728000 202.656000 67
202.752000 203.008000 66
203.040000 203.136000 66
204.352000 204.992000 69
205.088000 205.920000 69
205.920000 207.648000 70
207.872000 208.096000 70
208.096000 208.256000 72
208.256000 209.024000 69
209.024000 209.312000 73
209.344000 209.504000 73
209.856000 210.464000 73
210.560000 213.216000 73
213.248000 213.312000 74
213.312000 213.440000 70
213.440000 213.856000 73
214.112000 214.368000 66
214.464000 215.136000 67
215.168000 215.488000 67
215.680000 216.096000 67
216.096000 217.056000 70
217.600000 217.824000 69
217.824000 218.016000 72
218.176000 218.208000 71
218.432000 218.656000 69
218.912000 219.456000 71
219.456000 219.616000 68
219.808000 221.504000 67
222.272000 222.752000 69
222.912000 223.424000 70
223.616000 224.192000 71
224.288000 224.576000 71
224.576000 227.168000 70
227.168000 227.392000 74
227.744000 228.224000 73
228.224000 228.576000 70
228.576000 231.680000 74
232.000000 233.248000 67
233.344000 233.440000 69
233.632000 233.696000 65
233.696000 234.016000 67
234.016000 234.944000 70
235.264000 235.360000 63
235.456000 235.712000 68
235.712000 236.192000 71
236.448000 236.608000 70
237.536000 237.728000 67
237.824000 242.848000 67
243.264000 243.328000 69
243.360000 243.392000 70
243.616000 243.776000 70
244.000000 244.320000 63
244.576000 244.864000 65
245.024000 245.344000 65
245.376000 245.536000 64
246.880000 247.456000 67
247.744000 247.936000 67
248.512000 248.736000 62
249.088000 249.216000 62
249.280000 250.336000 62
250.656000 250.784000 62
250.976000 251.072000 62
