16.256000 16.544000 59
16.544000 16.864000 62
16.992000 17.504000 62
17.728000 18.880000 63
19.136000 19.328000 65
20.032000 20.160000 58
20.384000 21.664000 61
21.760000 22.336000 61
22.496000 23.168000 63
23.872000 25.696000 62
25.792000 26.016000 62
26.016000 26.912000 64
27.296000 27.552000 63
27.680000 27.840000 63
27.904000 28.160000 65
28.256000 28.448000 67
28.576000 29.408000 67
29.504000 29.728000 63
29.888000 30.048000 61
30.784000 31.008000 62
31.744000 32.800000 70
33.184000 34.848000 63
35.648000 35.840000 64
36.032000 36.704000 65
36.704000 37.120000 67
37.120000 37.344000 62
37.440000 38.048000 64
38.240000 38.560000 63
39.072000 39.232000 68
39.360000 39.776000 67
39.776000 40.000000 63
40.096000 40.288000 63
40.288000 40.448000 61
40.448000 40.736000 58
40.960000 41.472000 58
42.048000 42.816000 63
43.008000 44.544000 63
46.048000 47.200000 68
47.200000 47.328000 70
47.584000 48.224000 63
48.384000 48.576000 62
48.672000 48.832000 62
48.832000 49.472000 65
50.080000 50.656000 64
50.752000 51.008000 68
51.008000 51.200000 70
51.424000 51.712000 62
51.808000 51.840000 62
51.872000 52.160000 62
52.480000 52.800000 62
52.960000 53.280000 63
53.696000 53.856000 63
53.856000 55.040000 67
55.552000 56.128000 63
56.352000 56.640000 62
56.768000 57.120000 65
57.600000 58.304000 63
58.400000 58.816000 67
59.040000 59.904000 67
60.032000 60.320000 63
60.320000 60.832000 67
61.280000 61.536000 69
61.536000 62.208000 67
62.208000 62.592000 70
62.880000 63.456000 63
63.680000 63.840000 62
63.936000 64.064000 62
64.064000 64.704000 64
64.800000 64.832000 64
65.344000 65.632000 64
65.792000 65.984000 73
65.984000 67.360000 70
67.392000 68.800000 63
69.600000 71.424000 67
71.424000 72.128000 65
72.736000 74.752000 63
78.880000 80.576000 66
82.208000 82.912000 69
82.912000 83.808000 66
83.808000 84.352000 64
87.904000 88.992000 65
88.992000 90.400000 63
92.480000 92.672000 59
92.672000 93.088000 63
93.216000 95.808000 63
96.256000 96.384000 59
96.512000 97.856000 61
97.952000 98.528000 61
98.688000 99.584000 63
100.096000 101.856000 62
102.016000 102.208000 62
102.208000 103.104000 64
103.488000 103.744000 63
103.872000 104.000000 65
104.128000 104.672000 66
104.768000 105.472000 67
105.472000 106.592000 65
106.688000 107.008000 70
107.904000 108.960000 70
109.152000 109.280000 63
109.376000 111.104000 63
111.488000 111.616000 59
111.840000 112.032000 64
112.192000 112.896000 65
112.896000 113.088000 68
113.088000 113.536000 63
113.632000 114.304000 63
114.464000 114.912000 63
115.264000 115.392000 67
115.552000 115.744000 68
115.744000 115.936000 67
115.936000 116.160000 63
116.288000 116.736000 63
116.832000 117.632000 58
118.208000 118.752000 63
118.912000 119.200000 65
119.552000 121.152000 63
122.240000 123.392000 68
123.392000 123.488000 70
123.712000 124.416000 63
124.576000 124.768000 62
124.864000 125.024000 62
125.024000 125.632000 64
126.048000 126.080000 61
126.240000 126.432000 63
126.432000 127.008000 64
127.008000 127.392000 69
127.584000 127.904000 62
128.352000 128.544000 59
128.640000 128.992000 62
129.120000 129.440000 63
129.888000 130.048000 63
130.048000 131.168000 67
131.712000 132.320000 63
132.544000 132.832000 62
132.960000 133.280000 65
133.792000 134.496000 63
134.592000 135.072000 67
135.200000 135.456000 67
135.616000 136.096000 66
136.256000 136.512000 63
136.512000 137.056000 67
137.472000 137.728000 69
137.728000 138.400000 67
138.400000 138.784000 70
139.040000 139.648000 63
139.872000 140.032000 62
140.128000 140.256000 62
140.256000 140.864000 64
141.536000 141.824000 64
141.984000 142.176000 73
142.176000 142.688000 70
142.912000 143.360000 70
143.360000 144.896000 64
145.792000 147.616000 67
147.616000 148.288000 65
148.896000 150.592000 63
152.704000 153.824000 68
153.824000 154.048000 70
154.240000 154.912000 63
155.136000 155.328000 62
155.424000 156.000000 63
156.544000 156.672000 62
156.768000 157.472000 63
157.472000 157.920000 69
158.048000 158.816000 62
159.168000 159.456000 62
159.616000 159.904000 63
160.352000 160.512000 63
160.512000 161.632000 67
161.984000 162.016000 63
162.304000 162.848000 63
163.040000 163.296000 62
163.456000 163.808000 64
164.192000 164.992000 63
165.088000 165.216000 65
165.216000 165.504000 67
165.696000 165.856000 67
166.112000 166.624000 67
166.752000 166.912000 70
166.912000 167.584000 67
167.936000 169.504000 68
169.504000 169.568000 63
169.568000 171.040000 63
171.040000 171.872000 58
172.032000 172.160000 63
172.448000 173.952000 70
173.952000 175.584000 64
176.288000 178.144000 67
178.144000 178.880000 65
179.392000 182.912000 63
