4.736000 4.960000 64
5.056000 5.216000 62
5.504000 5.760000 62
8.672000 9.408000 63
9.536000 9.632000 62
9.920000 10.112000 62
10.272000 10.464000 62
16.384000 18.144000 69
18.240000 20.928000 69
21.024000 21.344000 69
21.824000 21.920000 69
22.016000 22.240000 69
24.832000 25.856000 66
25.984000 26.176000 66
26.176000 26.784000 64
26.784000 26.944000 69
27.136000 27.328000 66
27.552000 27.744000 66
28.320000 29.024000 64
29.184000 30.016000 64
30.208000 31.136000 59
32.672000 33.024000 62
33.120000 33.280000 62
33.376000 33.472000 62
33.632000 33.856000 64
33.952000 34.112000 62
34.624000 34.944000 61
35.072000 35.232000 62
35.232000 35.456000 60
35.552000 35.680000 63
35.808000 36.224000 62
36.352000 36.608000 62
37.184000 37.408000 64
37.600000 38.272000 64
38.496000 39.104000 64
40.480000 40.544000 63
40.544000 40.800000 65
40.928000 42.080000 66
42.240000 42.304000 64
42.304000 42.400000 66
42.400000 43.328000 69
43.488000 44.320000 65
44.416000 45.216000 64
45.376000 45.632000 64
45.760000 46.016000 62
46.144000 46.912000 59
48.448000 49.792000 62
50.144000 50.336000 59
50.336000 50.656000 62
50.784000 50.912000 62
50.912000 51.424000 60
51.616000 51.872000 62
52.256000 52.928000 64
53.024000 53.408000 64
53.760000 54.048000 65
54.272000 55.168000 64
56.032000 57.536000 69
57.696000 58.208000 69
58.208000 58.816000 74
58.944000 59.072000 71
59.072000 59.808000 69
59.808000 60.000000 63
60.160000 60.928000 64
61.120000 61.792000 65
61.984000 62.656000 59
64.064000 64.128000 59
64.128000 64.896000 62
65.056000 65.248000 64
65.248000 65.536000 62
65.856000 65.984000 59
66.080000 66.240000 60
66.336000 66.880000 62
67.072000 67.616000 62
68.000000 68.256000 69
68.256000 68.960000 71
68.960000 69.472000 70
69.472000 69.696000 66
69.856000 72.992000 69
73.728000 74.112000 69
74.208000 74.560000 65
74.720000 74.976000 66
75.200000 76.832000 66
77.888000 78.048000 62
78.240000 78.720000 64
78.880000 79.168000 64
79.168000 79.712000 59
79.712000 80.672000 64
81.760000 81.920000 60
82.016000 83.264000 62
83.648000 84.160000 62
84.288000 84.672000 62
84.800000 84.864000 63
85.024000 85.632000 62
85.728000 86.592000 69
86.720000 87.584000 69
87.712000 87.840000 69
87.840000 88.064000 71
88.192000 89.312000 69
89.376000 90.304000 70
90.400000 91.104000 69
91.360000 91.456000 72
91.456000 91.808000 67
91.904000 92.416000 67
92.416000 92.512000 66
92.640000 93.952000 69
94.080000 94.528000 71
94.528000 95.296000 69
95.392000 96.512000 66
97.280000 97.344000 68
97.344000 97.440000 66
97.568000 97.920000 62
98.016000 98.432000 63
98.560000 98.752000 64
98.752000 99.040000 70
99.360000 99.872000 61
99.968000 100.384000 61
100.480000 100.672000 62
100.800000 101.088000 71
101.472000 101.824000 73
101.952000 102.336000 74
102.432000 102.816000 73
102.976000 105.856000 71
107.040000 109.568000 69
111.840000 114.080000 69
115.168000 117.376000 69
117.952000 118.080000 69
118.912000 121.568000 69
123.296000 127.104000 69
129.056000 129.120000 61
129.120000 129.216000 64
129.216000 130.496000 66
130.496000 131.200000 64
131.328000 131.520000 66
131.776000 131.872000 66
132.448000 133.184000 65
133.312000 134.208000 64
134.304000 135.392000 59
136.864000 137.696000 62
137.856000 138.464000 63
138.656000 138.848000 59
138.848000 139.200000 62
139.360000 139.520000 62
139.520000 139.712000 60
139.808000 139.968000 63
140.064000 140.704000 62
140.800000 141.408000 63
141.536000 142.592000 64
142.752000 143.680000 64
144.768000 146.336000 66
146.464000 146.656000 66
146.656000 147.584000 69
147.712000 148.544000 65
148.672000 149.504000 64
149.632000 149.856000 64
150.016000 150.272000 62
150.368000 151.264000 59
152.576000 152.640000 59
152.640000 153.280000 62
153.280000 153.536000 59
153.536000 153.792000 64
153.888000 154.112000 62
154.400000 154.656000 59
154.656000 154.944000 62
155.072000 155.200000 62
155.200000 155.680000 60
155.840000 156.064000 62
156.544000 157.152000 64
157.248000 157.664000 64
157.984000 158.368000 65
158.528000 159.488000 64
160.256000 161.792000 69
161.920000 162.400000 69
162.400000 162.720000 71
162.720000 163.136000 74
163.136000 163.360000 71
163.360000 164.256000 69
164.416000 164.800000 64
164.928000 165.312000 65
165.408000 166.048000 65
166.272000 167.008000 60
168.352000 169.120000 62
169.312000 169.472000 64
169.472000 169.792000 62
170.112000 170.240000 59
170.336000 170.464000 59
170.592000 171.104000 62
171.264000 171.456000 64
171.552000 171.776000 62
172.000000 172.224000 57
172.224000 172.256000 61
172.256000 172.672000 70
172.768000 173.216000 71
173.216000 173.664000 70
173.664000 173.888000 66
174.048000 177.440000 69
177.984000 178.368000 69
178.464000 178.816000 65
178.944000 179.200000 66
179.424000 181.472000 66
182.144000 182.336000 63
182.528000 183.008000 65
183.136000 183.360000 63
183.360000 183.904000 59
183.904000 185.088000 64
186.048000 186.144000 59
186.272000 186.688000 62
186.784000 187.168000 62
187.168000 187.520000 59
187.776000 187.872000 59
187.872000 188.160000 62
188.288000 188.416000 61
188.512000 189.184000 62
189.280000 189.856000 62
189.984000 190.816000 69
190.944000 191.776000 69
191.936000 192.320000 70
192.416000 193.248000 69
193.664000 194.528000 69
194.656000 195.136000 69
195.136000 195.776000 70
195.776000 196.064000 67
196.160000 196.352000 66
196.352000 196.512000 69
196.512000 196.768000 66
196.864000 197.472000 69
197.600000 198.176000 69
198.304000 199.200000 71
199.296000 199.456000 69
199.584000 200.928000 66
201.568000 201.728000 66
201.728000 202.208000 64
202.304000 203.072000 64
203.072000 203.296000 71
203.584000 204.160000 62
204.256000 204.640000 61
204.768000 204.928000 62
205.056000 205.376000 71
205.664000 206.080000 73
206.208000 206.560000 74
206.688000 207.040000 74
207.200000 209.856000 71
209.984000 210.272000 65
210.464000 210.688000 66
210.912000 212.608000 66
213.696000 213.824000 63
214.048000 214.304000 64
214.400000 214.528000 66
214.688000 214.880000 63
214.880000 215.456000 60
215.456000 216.256000 64
217.792000 218.176000 62
218.272000 218.656000 62
218.656000 219.008000 60
219.392000 219.904000 62
220.000000 220.448000 62
220.544000 220.672000 63
220.768000 221.344000 62
221.440000 222.304000 69
222.464000 223.264000 69
223.392000 224.736000 69
225.152000 226.016000 69
226.112000 227.072000 69
227.136000 227.520000 67
227.616000 227.808000 66
227.808000 228.000000 69
228.000000 228.256000 66
228.384000 228.960000 57
229.088000 229.664000 57
229.824000 230.176000 59
230.272000 230.720000 69
230.816000 230.976000 69
231.104000 232.320000 66
233.056000 233.248000 66
233.248000 233.664000 63
233.760000 234.176000 63
234.272000 234.528000 64
234.528000 234.784000 71
235.072000 235.648000 61
235.744000 236.096000 62
236.224000 236.384000 62
236.512000 236.832000 71
237.152000 237.536000 73
237.664000 238.048000 74
238.144000 238.528000 73
238.656000 243.072000 71
