25.952000 26.336000 59
26.496000 27.232000 55
27.488000 27.808000 51
28.000000 28.608000 50
30.240000 30.624000 49
30.784000 31.136000 52
31.264000 32.128000 55
32.256000 32.736000 55
32.736000 33.216000 59
33.888000 34.272000 57
34.400000 34.496000 59
34.496000 34.688000 56
34.912000 35.104000 55
36.224000 36.352000 62
36.352000 36.544000 60
36.704000 37.088000 59
37.920000 38.368000 59
38.656000 38.816000 54
38.944000 39.168000 52
39.168000 39.616000 57
40.000000 40.128000 54
40.128000 40.736000 50
41.632000 42.272000 59
42.432000 42.816000 57
42.912000 43.296000 55
43.392000 43.776000 51
44.096000 44.224000 50
45.120000 45.568000 54
46.400000 46.624000 50
46.720000 47.136000 52
47.136000 48.096000 55
48.256000 49.024000 59
49.408000 49.472000 52
49.472000 49.664000 56
49.664000 49.920000 59
49.920000 50.560000 61
50.688000 51.072000 55
51.424000 51.488000 55
51.488000 51.552000 57
51.648000 51.776000 59
51.936000 52.064000 62
52.160000 52.320000 64
52.416000 52.544000 61
52.640000 52.768000 59
52.896000 53.088000 55
53.472000 53.632000 59
53.760000 53.920000 55
54.048000 54.432000 52
54.944000 55.008000 49
55.008000 55.040000 50
55.040000 55.456000 54
56.000000 56.800000 55
59.488000 59.712000 55
59.712000 60.288000 59
60.448000 60.608000 64
60.608000 60.800000 62
60.960000 61.120000 62
61.120000 61.344000 59
61.472000 61.792000 59
61.792000 62.496000 62
63.456000 63.520000 53
63.520000 63.584000 54
63.584000 64.320000 57
64.512000 64.864000 50
64.960000 65.280000 50
65.440000 65.792000 57
65.952000 67.008000 56
67.008000 67.072000 55
67.424000 67.648000 55
67.648000 67.840000 57
67.936000 68.320000 59
68.416000 68.832000 63
68.928000 69.120000 62
69.120000 69.312000 59
69.440000 69.632000 59
69.632000 69.952000 62
70.400000 70.464000 54
70.464000 70.592000 57
70.720000 71.072000 57
71.392000 71.584000 55
71.744000 72.768000 59
75.648000 75.904000 57
75.904000 76.288000 59
76.448000 76.608000 64
76.608000 76.800000 62
76.928000 77.120000 62
77.120000 77.312000 59
77.440000 77.728000 59
77.728000 78.208000 62
79.424000 79.488000 58
79.488000 80.256000 60
80.352000 80.640000 59
80.640000 80.992000 62
81.152000 82.272000 66
82.272000 82.464000 64
83.488000 83.648000 55
83.744000 84.000000 57
84.000000 84.288000 59
84.448000 84.768000 63
84.928000 85.056000 62
85.056000 85.248000 60
85.408000 85.792000 57
85.920000 86.336000 57
86.912000 86.976000 50
86.976000 87.136000 54
87.328000 87.712000 52
88.032000 88.352000 54
88.576000 89.760000 55
98.176000 98.784000 69
107.168000 107.456000 64
107.616000 107.808000 66
113.888000 114.272000 59
114.464000 115.296000 55
115.424000 115.808000 51
115.936000 116.544000 50
118.400000 118.592000 50
118.720000 118.944000 52
119.200000 120.032000 55
120.160000 120.480000 55
120.672000 121.184000 58
121.920000 122.688000 57
122.688000 123.008000 55
123.936000 124.160000 51
124.256000 124.384000 62
124.384000 124.576000 60
124.736000 125.184000 59
125.920000 126.400000 59
126.656000 126.848000 55
126.944000 127.072000 52
127.200000 127.648000 57
127.904000 128.064000 55
128.224000 128.352000 51
129.920000 130.304000 58
130.432000 130.848000 56
134.432000 134.560000 50
134.752000 135.136000 52
135.136000 135.552000 55
135.680000 136.032000 57
136.224000 137.024000 59
137.472000 137.664000 57
137.664000 137.920000 59
137.920000 138.240000 62
138.432000 138.624000 59
138.624000 139.104000 55
139.424000 139.488000 51
139.488000 139.584000 56
139.584000 139.648000 57
139.648000 139.904000 59
139.904000 140.576000 62
140.704000 140.832000 59
140.832000 141.088000 55
141.440000 141.600000 58
141.792000 141.920000 55
141.920000 142.432000 52
144.000000 144.160000 56
146.368000 146.784000 63
146.944000 147.104000 62
147.104000 147.328000 59
147.424000 147.744000 59
147.744000 148.576000 62
149.440000 149.600000 54
149.600000 150.240000 57
150.784000 151.840000 55
151.968000 153.024000 56
153.472000 153.856000 55
153.952000 154.400000 59
154.400000 154.816000 63
154.912000 155.072000 62
155.072000 155.296000 60
155.424000 155.616000 59
155.616000 155.968000 62
156.608000 156.672000 52
156.672000 156.832000 55
156.960000 157.216000 57
157.408000 157.568000 55
157.792000 159.328000 59
161.504000 161.696000 55
161.696000 162.272000 59
162.400000 163.008000 63
163.008000 163.328000 60
163.424000 164.736000 62
165.472000 165.664000 58
165.664000 166.048000 60
166.048000 166.400000 63
166.400000 166.560000 71
166.560000 167.072000 62
167.200000 169.216000 66
169.216000 169.536000 62
169.664000 170.208000 58
170.400000 170.752000 63
170.912000 171.072000 62
171.072000 171.232000 60
171.424000 171.840000 59
171.936000 173.248000 57
177.504000 177.632000 56
177.632000 178.336000 59
178.432000 178.816000 64
178.944000 179.136000 63
179.136000 179.680000 60
179.680000 180.864000 63
181.440000 181.664000 56
181.664000 182.304000 58
182.496000 182.624000 58
182.720000 182.816000 55
182.976000 183.136000 58
183.232000 183.328000 58
183.424000 183.840000 58
183.968000 185.312000 57
185.408000 185.664000 56
185.664000 185.952000 57
185.952000 186.432000 60
186.432000 187.328000 63
187.424000 187.648000 60
187.648000 188.000000 63
188.096000 188.192000 62
188.576000 188.640000 55
188.640000 188.736000 58
188.864000 189.216000 58
189.312000 189.504000 56
189.664000 189.920000 58
189.920000 190.304000 60
190.304000 190.560000 65
191.168000 191.232000 58
191.232000 192.704000 60
193.024000 193.152000 62
193.440000 193.632000 56
193.632000 194.176000 60
194.400000 194.624000 65
194.624000 195.104000 63
195.104000 195.712000 60
195.712000 196.672000 63
197.376000 197.440000 55
197.440000 197.568000 59
197.568000 199.328000 62
199.328000 200.608000 67
200.768000 202.656000 68
205.408000 205.472000 54
205.472000 205.664000 56
205.664000 206.336000 59
206.432000 206.784000 64
206.944000 207.136000 63
207.136000 207.296000 60
207.456000 207.808000 59
207.968000 209.216000 58
212.512000 212.736000 55
212.896000 213.344000 53
214.208000 214.464000 54
214.464000 214.688000 56
215.104000 216.288000 56
