14.240000 15.072000 67
15.072000 15.712000 70
15.840000 16.896000 63
17.312000 21.280000 67
22.400000 22.784000 65
22.784000 23.200000 66
23.200000 23.904000 69
24.032000 24.416000 65
24.416000 24.992000 62
25.152000 25.472000 62
25.472000 25.824000 65
25.824000 28.192000 60
30.528000 31.296000 67
31.296000 32.480000 71
32.576000 32.672000 67
33.088000 33.504000 68
33.632000 33.728000 69
33.728000 33.888000 67
33.888000 34.208000 65
34.208000 34.560000 62
35.168000 35.584000 71
35.712000 35.936000 70
35.936000 36.480000 66
36.640000 36.960000 66
37.216000 37.440000 66
37.536000 38.272000 62
38.400000 38.496000 62
38.496000 38.624000 61
38.624000 39.584000 59
39.584000 41.376000 56
47.008000 47.744000 67
47.744000 48.064000 70
48.064000 48.928000 65
49.120000 49.952000 62
50.112000 54.144000 67
55.104000 55.616000 65
55.616000 56.032000 66
56.160000 56.544000 67
56.640000 57.152000 65
57.152000 57.984000 62
58.208000 58.656000 65
58.656000 61.568000 60
63.136000 63.936000 67
63.936000 64.096000 72
64.256000 65.184000 71
65.184000 65.952000 67
65.952000 66.112000 71
66.112000 66.464000 69
66.464000 67.136000 64
67.840000 68.480000 70
68.480000 69.184000 66
69.312000 69.632000 65
69.856000 70.048000 65
70.048000 70.784000 61
70.880000 71.136000 60
71.136000 71.776000 59
71.776000 73.824000 56
74.112000 74.176000 56
79.488000 79.936000 67
80.032000 80.480000 70
80.576000 81.312000 68
81.312000 81.632000 63
81.632000 82.080000 67
82.208000 82.368000 68
82.368000 82.624000 65
82.784000 83.200000 67
83.776000 84.320000 62
84.608000 84.864000 67
84.864000 85.280000 65
85.408000 85.568000 65
85.568000 85.824000 63
85.952000 86.400000 61
86.400000 86.944000 58
87.040000 87.360000 60
88.128000 89.088000 62
89.280000 89.760000 67
89.760000 91.904000 70
91.904000 92.064000 65
92.064000 92.480000 62
93.120000 93.600000 70
93.760000 93.952000 70
93.952000 94.176000 68
94.176000 95.296000 65
95.616000 95.776000 66
95.776000 95.936000 65
95.936000 96.512000 60
96.512000 100.256000 65
101.504000 102.336000 67
102.336000 102.560000 71
102.656000 102.752000 70
102.752000 102.816000 69
102.816000 103.552000 66
103.712000 104.384000 62
104.672000 108.896000 67
109.792000 110.464000 65
110.528000 110.816000 67
110.816000 110.976000 70
110.976000 111.808000 65
112.032000 112.704000 62
112.864000 113.184000 65
113.184000 115.872000 60
117.952000 118.720000 67
118.720000 119.488000 72
119.488000 120.768000 67
120.864000 120.960000 70
120.960000 121.152000 68
121.152000 121.344000 67
121.344000 121.632000 65
121.632000 122.048000 62
122.688000 123.200000 70
123.328000 123.424000 71
123.424000 123.488000 70
123.488000 123.744000 68
123.744000 123.840000 66
123.840000 125.024000 65
125.024000 126.048000 61
126.048000 126.976000 59
126.976000 128.704000 56
134.336000 134.688000 67
134.688000 136.096000 68
136.096000 136.576000 63
136.576000 136.704000 67
136.704000 136.928000 67
137.024000 137.280000 68
137.280000 137.440000 65
137.632000 138.016000 67
138.624000 139.296000 62
139.456000 139.712000 67
139.712000 140.704000 65
140.832000 141.280000 61
141.280000 142.176000 58
143.104000 143.968000 62
144.096000 144.672000 67
144.672000 146.336000 71
146.336000 146.976000 66
147.968000 148.448000 71
148.544000 148.768000 70
148.768000 148.832000 69
148.832000 148.896000 68
148.896000 149.088000 67
149.088000 149.792000 65
149.792000 150.176000 61
150.496000 150.784000 65
150.912000 151.328000 60
151.328000 155.520000 65
156.480000 157.440000 67
157.536000 157.696000 69
157.696000 157.952000 68
157.952000 158.464000 65
158.624000 159.424000 62
159.648000 160.128000 65
160.128000 160.576000 69
160.640000 164.032000 67
164.736000 165.376000 65
165.504000 166.240000 68
166.240000 166.784000 65
166.912000 167.616000 62
167.808000 168.096000 65
168.096000 170.912000 60
172.960000 173.728000 67
173.728000 174.528000 72
174.528000 175.904000 68
176.000000 176.128000 69
176.128000 176.320000 67
176.320000 176.608000 65
176.608000 177.120000 62
177.664000 178.112000 70
178.240000 178.368000 70
178.368000 179.968000 66
179.968000 180.128000 62
180.128000 181.664000 60
181.664000 183.776000 57
188.384000 190.208000 70
190.208000 190.496000 65
190.496000 190.656000 62
190.752000 191.040000 60
191.040000 192.288000 62
192.288000 199.936000 67
