0.864000 3.456000 67
3.680000 4.640000 66
4.896000 5.792000 66
6.080000 6.240000 61
6.944000 6.976000 65
7.008000 7.264000 65
7.648000 8.032000 65
8.256000 8.800000 65
8.896000 9.088000 65
9.280000 9.376000 65
9.824000 9.920000 66
10.208000 11.136000 66
16.832000 16.960000 61
19.456000 19.744000 53
20.224000 22.016000 52
22.016000 22.400000 51
22.720000 22.976000 51
22.976000 23.296000 53
23.392000 23.520000 56
23.680000 24.544000 50
24.832000 27.168000 48
28.032000 28.320000 50
28.320000 28.704000 52
28.704000 29.344000 58
29.440000 29.632000 55
29.696000 29.888000 56
30.144000 32.544000 53
33.440000 33.728000 53
33.728000 34.848000 56
34.848000 35.616000 53
35.712000 36.928000 51
37.824000 38.080000 45
38.176000 38.208000 45
38.368000 38.688000 45
39.232000 39.936000 46
40.512000 40.640000 46
40.896000 41.120000 46
41.120000 42.048000 45
43.872000 44.160000 59
44.288000 44.672000 60
45.056000 46.016000 60
46.016000 46.144000 58
46.272000 46.528000 55
46.624000 47.808000 60
47.968000 48.864000 58
49.344000 49.568000 58
49.760000 49.888000 57
49.984000 50.176000 58
50.176000 50.432000 55
50.432000 50.624000 53
50.720000 52.064000 58
52.288000 52.704000 58
52.832000 54.016000 56
54.144000 54.368000 52
54.464000 55.008000 50
55.328000 55.744000 47
55.904000 56.224000 55
56.224000 56.512000 53
56.928000 57.056000 48
57.152000 57.472000 51
57.568000 59.552000 56
59.840000 60.064000 52
60.064000 60.256000 55
60.448000 60.736000 60
60.896000 61.696000 60
61.984000 62.048000 60
62.496000 62.880000 58
62.976000 64.704000 58
64.864000 64.960000 57
65.056000 65.312000 58
65.312000 65.600000 62
65.696000 68.960000 55
77.152000 77.504000 54
77.728000 79.712000 52
80.320000 80.480000 50
80.640000 80.896000 53
81.024000 81.184000 55
81.312000 82.272000 51
82.656000 84.864000 48
85.792000 85.952000 50
85.952000 86.432000 53
86.432000 87.104000 58
87.200000 87.712000 55
88.000000 90.528000 52
91.360000 91.616000 53
91.744000 93.024000 56
93.312000 93.472000 56
93.600000 94.592000 51
94.688000 95.008000 50
95.712000 96.192000 45
96.320000 96.928000 45
97.440000 97.600000 46
97.792000 97.920000 47
98.112000 98.208000 48
98.496000 98.656000 46
98.944000 99.616000 45
99.872000 99.904000 45
99.904000 99.936000 45
99.936000 99.968000 45
101.760000 102.560000 60
102.912000 103.232000 60
103.328000 103.456000 62
103.552000 104.096000 59
104.224000 104.576000 56
104.608000 105.856000 60
105.952000 106.752000 58
107.264000 107.520000 57
107.584000 107.776000 57
107.872000 108.096000 58
108.096000 108.224000 55
108.576000 110.208000 58
110.336000 111.008000 57
111.008000 111.936000 56
111.936000 112.928000 51
113.472000 113.824000 48
113.824000 114.368000 52
114.784000 114.944000 48
114.944000 115.296000 51
115.424000 116.704000 56
116.800000 117.440000 56
117.760000 117.856000 53
117.984000 118.208000 56
118.208000 118.336000 60
118.656000 119.584000 60
120.256000 120.640000 57
120.736000 120.928000 56
120.992000 123.008000 58
123.072000 123.136000 60
123.136000 123.360000 62
123.360000 124.032000 58
124.032000 124.832000 56
124.864000 124.896000 55
124.992000 126.528000 56
126.848000 127.744000 66
128.384000 129.088000 67
129.088000 130.208000 65
130.688000 131.296000 66
131.872000 132.032000 60
132.736000 132.896000 61
132.992000 133.120000 61
133.312000 133.472000 58
134.016000 134.304000 58
134.528000 134.656000 58
134.720000 134.912000 58
135.104000 135.296000 66
136.096000 137.120000 67
146.368000 147.456000 53
147.456000 148.320000 52
148.896000 149.088000 50
149.088000 149.728000 53
149.888000 150.144000 53
150.144000 150.752000 50
151.136000 153.152000 48
153.312000 153.344000 48
154.304000 154.528000 50
154.656000 154.944000 53
155.040000 155.712000 58
155.808000 156.320000 56
156.576000 159.040000 53
160.096000 160.448000 53
160.448000 161.344000 56
161.344000 161.408000 55
161.408000 162.400000 53
162.400000 163.552000 51
164.320000 165.472000 45
165.696000 165.920000 46
166.112000 166.592000 46
166.752000 166.880000 46
167.520000 167.552000 45
167.552000 167.584000 45
167.584000 167.616000 45
167.616000 167.648000 45
167.648000 167.680000 45
167.680000 167.712000 45
167.712000 167.744000 45
167.744000 167.776000 45
167.776000 167.808000 45
167.808000 167.840000 45
167.840000 167.872000 45
167.872000 167.904000 45
167.904000 167.936000 45
167.936000 167.968000 45
167.968000 168.000000 45
168.000000 168.032000 45
168.032000 168.064000 45
168.064000 168.096000 45
168.096000 168.128000 45
168.128000 168.160000 45
168.160000 168.192000 45
168.192000 168.224000 45
168.224000 168.256000 45
168.256000 168.288000 45
168.288000 168.320000 45
168.320000 168.352000 45
168.352000 168.384000 45
170.496000 171.296000 60
171.776000 171.968000 60
172.064000 172.256000 62
172.256000 172.896000 60
172.992000 173.216000 56
173.376000 174.560000 60
174.912000 175.264000 58
175.360000 175.648000 58
175.744000 176.032000 58
176.128000 176.320000 58
176.544000 176.960000 58
176.992000 177.152000 55
177.152000 177.376000 53
177.472000 178.240000 58
178.336000 178.784000 58
179.104000 179.296000 56
179.296000 179.488000 59
179.584000 180.896000 56
180.960000 181.312000 52
181.312000 182.016000 48
182.432000 182.656000 48
182.784000 182.848000 54
182.848000 182.944000 56
183.040000 183.424000 52
183.840000 184.032000 48
184.032000 184.352000 51
184.448000 186.464000 56
186.784000 186.912000 53
187.008000 187.168000 56
187.232000 187.296000 59
187.328000 187.520000 59
187.648000 188.544000 60
189.312000 189.632000 58
189.792000 189.952000 56
190.016000 191.296000 58
191.552000 191.712000 61
191.872000 192.096000 58
192.192000 197.952000 56
198.752000 198.976000 57
199.328000 199.424000 54
204.704000 204.896000 51
204.896000 205.056000 52
205.056000 207.168000 53
207.488000 209.728000 53
210.208000 210.784000 52
211.104000 211.392000 53
