23.680000 23.776000 57
34.176000 34.720000 53
34.720000 34.784000 56
34.784000 34.976000 60
35.200000 35.808000 59
36.736000 36.928000 55
42.208000 42.368000 54
42.656000 42.720000 53
42.720000 43.456000 59
43.712000 44.160000 60
44.160000 44.576000 62
44.736000 44.960000 55
45.088000 45.760000 57
50.176000 50.944000 57
50.944000 51.968000 62
53.952000 54.592000 62
54.592000 55.424000 60
55.520000 56.608000 60
58.240000 58.432000 57
58.528000 59.104000 57
59.712000 59.904000 55
60.032000 60.288000 60
61.184000 61.792000 60
62.016000 62.272000 57
62.784000 62.944000 52
63.072000 63.264000 55
63.712000 63.808000 55
66.176000 66.912000 54
66.912000 67.808000 59
74.208000 74.400000 54
74.528000 74.656000 52
74.752000 75.680000 59
75.808000 76.928000 62
77.152000 78.240000 57
82.240000 82.432000 57
82.560000 83.360000 60
83.360000 84.288000 62
85.984000 86.752000 62
86.752000 86.976000 59
87.136000 88.640000 60
90.240000 90.432000 56
90.528000 90.912000 57
91.040000 91.904000 55
92.096000 92.608000 59
93.280000 93.344000 60
93.344000 94.016000 62
94.144000 95.936000 62
97.984000 98.496000 62
98.496000 99.008000 67
99.008000 99.232000 64
99.360000 99.808000 67
99.808000 99.904000 61
100.096000 100.736000 63
100.864000 100.960000 62
101.792000 102.016000 57
102.016000 102.848000 59
102.848000 103.072000 57
103.072000 103.360000 60
103.360000 105.056000 67
105.856000 105.984000 55
105.984000 106.304000 58
106.432000 107.360000 60
107.456000 107.712000 60
108.224000 108.480000 63
108.928000 109.184000 57
109.184000 109.376000 60
109.568000 109.792000 61
109.952000 110.240000 60
110.432000 110.912000 61
111.040000 111.424000 64
111.552000 112.288000 62
114.048000 114.272000 60
114.272000 114.560000 62
114.560000 114.752000 64
114.752000 115.488000 67
115.616000 115.744000 65
115.744000 116.032000 67
116.032000 117.344000 62
117.952000 118.304000 57
118.304000 119.520000 59
119.680000 120.128000 64
120.128000 121.088000 67
122.208000 122.272000 56
122.272000 122.624000 58
122.784000 123.008000 60
123.168000 123.968000 60
124.128000 124.416000 55
124.544000 124.896000 64
125.216000 125.472000 57
125.472000 125.632000 60
125.760000 126.144000 61
126.272000 126.496000 60
126.816000 127.360000 64
127.616000 129.440000 60
155.200000 155.296000 49
155.296000 155.840000 52
155.840000 157.056000 59
157.824000 159.456000 52
163.296000 163.488000 55
163.936000 164.800000 59
164.960000 166.112000 62
166.336000 167.040000 57
171.328000 171.616000 57
171.616000 172.416000 60
172.416000 173.568000 62
175.072000 175.232000 63
175.232000 175.424000 64
175.424000 176.192000 62
176.352000 177.760000 60
178.336000 178.688000 65
178.816000 179.360000 53
179.360000 179.520000 57
179.616000 180.000000 57
180.128000 180.320000 55
181.184000 181.696000 60
181.888000 182.304000 55
182.400000 183.072000 62
183.200000 184.992000 62
186.880000 187.104000 60
187.104000 187.424000 62
187.424000 188.352000 66
188.448000 188.544000 65
188.544000 188.832000 67
188.832000 190.048000 62
190.688000 191.104000 57
191.104000 192.480000 59
192.480000 194.432000 67
194.432000 194.688000 61
194.944000 195.040000 55
195.040000 195.392000 58
195.552000 195.808000 60
195.904000 196.864000 60
197.312000 197.632000 63
198.048000 198.240000 57
198.240000 198.464000 60
198.656000 199.456000 60
199.584000 199.968000 62
200.128000 200.480000 64
200.576000 201.472000 62
201.824000 202.368000 67
202.368000 202.560000 62
203.168000 203.264000 60
203.264000 203.872000 62
203.872000 204.576000 67
204.640000 204.832000 65
204.832000 205.152000 67
205.248000 206.528000 62
206.976000 207.104000 56
207.104000 207.616000 57
207.712000 207.968000 60
207.968000 208.608000 58
208.768000 209.216000 64
209.216000 210.144000 67
211.296000 211.360000 54
211.360000 211.520000 57
211.520000 211.712000 59
211.840000 212.064000 60
212.224000 213.056000 61
213.184000 213.472000 55
213.632000 213.984000 63
214.304000 214.496000 57
214.496000 215.200000 61
215.328000 215.552000 60
215.968000 216.288000 63
216.288000 218.144000 60
221.440000 221.632000 60
221.632000 221.984000 62
221.984000 222.176000 64
222.176000 222.912000 67
223.008000 223.488000 67
223.488000 223.968000 60
223.968000 224.256000 64
224.352000 224.832000 62
225.536000 225.792000 57
225.888000 226.592000 60
226.592000 226.816000 57
226.912000 227.168000 60
227.168000 229.024000 67
229.696000 229.760000 55
229.760000 229.920000 57
229.920000 230.112000 60
230.272000 231.552000 60
231.552000 231.872000 55
232.032000 232.416000 64
232.736000 232.928000 57
232.928000 233.152000 60
233.344000 234.176000 60
234.368000 234.720000 61
234.848000 235.232000 64
235.360000 236.768000 62
236.768000 237.376000 67
237.824000 238.048000 55
238.048000 238.592000 62
238.592000 239.040000 67
239.136000 239.296000 64
239.360000 241.408000 67
241.824000 243.008000 59
243.136000 243.328000 60
243.456000 243.584000 62
243.584000 243.872000 64
243.872000 245.184000 67
246.016000 246.400000 58
246.496000 246.752000 60
246.944000 247.744000 60
247.904000 248.192000 55
248.288000 248.672000 63
248.992000 249.280000 56
249.280000 249.472000 60
249.632000 250.048000 62
250.144000 250.528000 59
250.624000 250.720000 58
250.880000 252.416000 64
253.536000 257.152000 60
