15.552000 16.416000 52
18.464000 18.688000 49
18.816000 19.264000 47
19.424000 19.968000 48
21.792000 22.016000 48
22.144000 22.464000 57
22.464000 22.880000 55
22.976000 23.488000 52
23.648000 23.840000 51
28.544000 28.640000 45
28.992000 30.176000 52
31.072000 31.360000 54
31.360000 32.288000 47
32.384000 32.576000 49
32.736000 33.152000 48
34.752000 35.328000 45
35.648000 36.736000 53
37.312000 37.504000 55
37.600000 38.784000 50
41.696000 41.728000 45
41.728000 41.760000 45
41.760000 41.792000 45
41.792000 41.824000 45
41.824000 41.856000 45
41.856000 41.888000 45
41.888000 41.920000 45
41.920000 41.952000 45
41.952000 41.984000 45
42.208000 43.456000 52
44.544000 44.640000 45
45.056000 45.248000 50
45.376000 45.824000 49
45.952000 46.656000 48
48.320000 48.384000 51
48.608000 48.896000 57
48.896000 49.248000 55
49.248000 49.920000 52
50.016000 50.464000 50
50.560000 50.912000 48
51.040000 51.840000 50
51.968000 52.064000 50
55.104000 56.736000 52
56.960000 57.664000 53
57.792000 57.920000 48
58.080000 59.168000 48
60.384000 60.608000 47
60.704000 61.600000 48
61.600000 61.888000 52
63.232000 63.616000 50
63.712000 64.768000 48
67.456000 67.904000 54
67.904000 68.224000 52
68.352000 68.640000 55
68.640000 70.208000 52
70.368000 70.592000 55
70.816000 71.008000 52
71.008000 71.392000 49
74.624000 75.264000 57
75.264000 76.224000 53
76.448000 76.864000 55
76.992000 79.104000 50
80.640000 81.280000 48
81.376000 81.600000 50
81.760000 82.848000 45
83.872000 84.128000 57
84.224000 84.512000 55
84.608000 84.896000 50
85.376000 86.496000 52
86.688000 87.840000 50
88.640000 89.024000 49
89.120000 89.248000 48
89.248000 90.016000 46
91.168000 91.264000 45
93.216000 93.408000 52
93.408000 93.728000 55
93.728000 94.048000 52
94.240000 94.528000 55
94.624000 95.488000 50
95.584000 97.024000 52
97.024000 98.976000 48
100.384000 101.344000 56
101.504000 101.984000 55
102.112000 102.304000 52
102.304000 104.544000 50
106.048000 106.176000 48
106.272000 106.592000 50
106.720000 106.976000 48
107.104000 107.392000 50
107.392000 107.840000 48
108.032000 108.320000 50
109.568000 109.888000 57
110.016000 110.304000 55
110.400000 110.720000 50
110.880000 111.936000 52
112.640000 112.704000 53
112.704000 113.056000 50
113.248000 113.568000 48
113.664000 114.016000 47
115.936000 116.064000 50
116.192000 117.024000 52
117.888000 118.240000 52
121.440000 121.984000 52
123.008000 123.200000 50
123.296000 123.616000 50
140.448000 140.832000 51
140.928000 142.144000 52
143.648000 144.000000 50
144.096000 144.288000 50
144.288000 144.576000 48
144.736000 145.600000 48
146.912000 147.104000 48
147.360000 147.712000 57
147.712000 148.096000 55
148.192000 149.088000 51
149.088000 149.184000 49
149.344000 149.472000 48
149.600000 149.696000 48
149.888000 151.040000 50
151.776000 152.032000 47
153.312000 153.760000 49
153.920000 155.616000 52
155.808000 156.640000 53
156.640000 156.800000 47
156.960000 158.272000 48
158.720000 159.136000 45
159.136000 159.392000 47
159.488000 160.000000 48
160.224000 160.544000 51
161.024000 161.280000 45
161.792000 161.984000 46
163.200000 163.296000 50
165.600000 165.920000 51
165.920000 166.112000 55
166.112000 168.448000 52
168.672000 168.832000 55
169.024000 171.264000 48
171.456000 171.616000 48
172.768000 173.344000 57
173.440000 173.792000 55
173.792000 174.400000 52
174.496000 175.456000 53
175.456000 176.736000 50
178.432000 178.592000 46
178.752000 179.040000 50
179.136000 179.456000 48
179.456000 179.808000 50
179.904000 180.992000 45
181.856000 182.240000 56
182.336000 182.624000 55
182.720000 183.008000 50
183.168000 184.576000 52
184.704000 186.144000 50
186.720000 186.976000 50
186.976000 187.168000 47
187.264000 187.584000 48
187.680000 187.936000 48
187.936000 188.352000 45
188.512000 190.976000 50
191.232000 191.456000 52
191.456000 191.808000 55
191.808000 192.128000 52
192.288000 192.576000 55
192.704000 193.568000 50
193.664000 195.040000 52
195.040000 196.960000 48
198.176000 198.240000 53
198.240000 199.264000 55
199.424000 199.872000 55
200.032000 200.192000 52
200.192000 200.480000 48
200.736000 203.168000 50
204.128000 204.416000 50
204.544000 204.736000 48
204.896000 205.184000 50
205.312000 205.472000 48
205.472000 205.696000 45
205.824000 206.464000 45
207.584000 207.744000 57
207.872000 208.160000 55
208.224000 208.576000 50
208.736000 209.888000 52
210.560000 210.912000 50
211.072000 211.392000 48
211.488000 211.584000 45
211.584000 211.872000 48
211.968000 212.512000 45
213.760000 213.888000 50
214.016000 214.816000 52
215.520000 215.776000 55
216.000000 216.192000 52
216.192000 217.312000 48
220.032000 220.704000 52
220.864000 221.376000 45
222.816000 222.976000 50
223.200000 224.064000 48
