29.536000 29.952000 59
30.048000 30.912000 58
31.168000 31.232000 60
31.232000 31.808000 63
31.936000 32.992000 56
35.264000 35.872000 67
35.904000 39.264000 65
39.360000 40.448000 65
41.664000 43.552000 67
43.680000 44.128000 67
44.480000 45.152000 67
45.152000 45.792000 65
45.920000 45.984000 65
46.240000 46.464000 65
46.560000 46.752000 65
47.200000 48.064000 67
48.160000 50.624000 77
50.688000 50.752000 76
50.976000 51.200000 65
51.712000 51.744000 65
51.936000 52.448000 65
54.112000 54.208000 59
54.560000 54.816000 57
54.912000 55.712000 59
57.312000 57.568000 57
57.664000 57.888000 59
57.984000 58.880000 60
59.008000 59.264000 65
59.264000 59.584000 63
59.712000 59.968000 65
60.320000 60.896000 64
61.696000 62.464000 59
62.560000 62.816000 60
65.024000 65.120000 57
65.632000 65.728000 58
65.888000 66.048000 58
66.240000 66.400000 58
68.256000 68.416000 57
68.736000 68.832000 58
69.088000 69.120000 58
71.232000 71.264000 67
71.552000 71.808000 67
72.512000 72.896000 66
72.896000 73.664000 63
74.816000 74.976000 66
74.976000 75.552000 64
75.968000 76.128000 65
95.520000 96.800000 71
98.240000 99.456000 71
100.992000 102.144000 71
107.008000 107.584000 71
109.184000 110.368000 71
111.488000 111.584000 68
111.744000 112.320000 68
112.512000 112.768000 65
113.280000 114.016000 65
114.144000 116.032000 65
116.896000 117.056000 59
117.216000 118.080000 60
118.208000 119.008000 60
119.232000 119.616000 60
119.712000 120.544000 58
120.832000 121.600000 53
122.304000 122.464000 59
122.656000 122.816000 59
122.976000 123.488000 60
123.712000 123.840000 59
124.352000 125.216000 59
125.408000 125.920000 58
127.776000 128.000000 59
128.128000 128.256000 60
128.352000 128.896000 60
129.152000 129.920000 60
130.048000 130.624000 60
130.880000 131.040000 63
131.520000 131.808000 69
131.808000 132.288000 67
133.280000 133.376000 58
133.600000 133.728000 59
133.920000 134.368000 60
134.624000 134.944000 59
135.328000 136.896000 59
137.024000 137.184000 59
138.144000 138.688000 68
139.008000 139.552000 65
139.680000 139.904000 70
140.416000 141.088000 67
141.088000 141.216000 66
141.216000 141.952000 58
142.784000 143.072000 58
143.168000 143.552000 60
143.808000 144.384000 65
144.512000 144.608000 65
148.928000 149.632000 68
149.984000 150.528000 65
150.656000 152.096000 67
152.768000 152.864000 64
154.048000 154.400000 58
154.752000 155.296000 67
164.256000 164.352000 71
166.528000 167.648000 71
169.248000 170.304000 71
174.720000 176.000000 73
177.440000 178.720000 72
179.744000 179.904000 68
180.032000 180.640000 68
180.768000 181.056000 65
181.536000 182.336000 65
182.496000 182.560000 63
182.592000 184.320000 65
185.472000 185.632000 60
185.632000 185.728000 61
185.728000 186.624000 65
187.776000 187.872000 66
190.560000 190.784000 68
190.912000 191.200000 68
191.520000 192.128000 65
192.224000 193.152000 65
193.248000 194.208000 65
194.624000 194.848000 65
197.280000 197.440000 71
197.472000 197.664000 69
197.664000 198.048000 66
198.816000 198.912000 65
199.296000 200.480000 71
201.600000 201.696000 68
201.856000 202.176000 68
202.176000 203.072000 65
203.552000 204.096000 66
204.672000 206.112000 65
206.368000 208.160000 63
208.352000 208.512000 59
208.672000 209.024000 57
209.216000 209.344000 57
210.368000 211.008000 56
211.008000 211.584000 58
213.120000 213.280000 56
213.408000 213.984000 57
215.424000 215.712000 65
215.840000 215.968000 68
216.192000 216.416000 65
216.512000 216.736000 69
216.832000 217.312000 65
217.504000 217.984000 70
218.240000 218.688000 65
218.912000 219.360000 70
219.616000 220.000000 76
220.672000 220.768000 74
220.928000 221.472000 70
221.472000 221.632000 67
221.728000 222.240000 65
222.336000 222.656000 68
222.752000 222.880000 68
222.976000 223.232000 68
223.648000 223.936000 71
223.936000 224.288000 70
224.544000 224.992000 65
224.992000 225.376000 68
225.504000 225.600000 67
225.728000 226.016000 68
226.400000 226.720000 68
228.256000 228.768000 68
228.768000 228.960000 65
229.088000 229.728000 65
229.792000 230.304000 70
230.528000 231.264000 67
231.552000 232.032000 63
232.896000 233.472000 59
233.920000 234.496000 65
239.040000 239.776000 68
240.064000 240.640000 65
240.672000 240.736000 65
240.736000 241.216000 69
241.312000 242.208000 67
244.096000 244.992000 58
250.016000 250.656000 68
250.944000 251.648000 65
252.352000 253.184000 67
253.504000 253.536000 63
254.400000 254.496000 59
254.752000 255.008000 59
255.104000 255.328000 60
255.776000 256.512000 65
260.864000 261.600000 68
261.920000 262.400000 65
262.528000 263.040000 69
263.136000 263.808000 67
263.840000 264.224000 66
264.864000 264.896000 65
265.056000 265.152000 65
266.656000 267.136000 67
267.552000 268.736000 71
270.176000 272.224000 70
272.288000 274.112000 70
274.240000 274.848000 67
276.608000 276.832000 67
276.960000 277.088000 66
277.600000 277.888000 65
278.048000 278.144000 65
278.528000 278.784000 65
278.880000 279.008000 64
281.248000 281.760000 65
282.752000 283.520000 59
284.480000 284.864000 61
284.960000 285.248000 63
286.208000 286.464000 62
288.800000 288.896000 63
292.096000 292.288000 64
292.512000 292.672000 65
292.992000 293.088000 65
296.224000 296.512000 68
300.128000 300.256000 72
300.256000 300.416000 74
300.416000 300.928000 77
302.976000 303.136000 75
303.136000 303.584000 77
311.168000 311.808000 77
313.888000 313.952000 74
313.952000 314.720000 77
