22.528000 24.096000 64
24.320000 24.576000 60
26.336000 27.072000 61
27.168000 27.392000 60
27.616000 28.032000 64
30.208000 30.272000 61
30.272000 32.352000 64
33.952000 34.176000 60
34.464000 34.816000 60
34.912000 35.136000 57
35.392000 36.160000 63
36.320000 36.736000 60
36.960000 37.440000 56
37.824000 37.984000 63
38.112000 38.688000 64
38.752000 38.784000 63
39.072000 39.328000 63
39.520000 39.616000 60
41.696000 42.304000 61
42.432000 42.656000 60
42.880000 43.328000 64
45.440000 46.112000 64
46.240000 47.584000 64
48.320000 48.928000 59
49.248000 49.472000 57
49.472000 49.792000 60
49.984000 50.368000 63
50.496000 51.040000 62
51.872000 52.128000 64
52.128000 53.376000 67
53.760000 54.272000 64
54.272000 54.720000 70
54.912000 55.296000 69
55.424000 55.776000 67
55.872000 57.952000 64
58.080000 58.528000 62
59.520000 59.680000 65
59.776000 61.024000 67
61.472000 61.792000 64
61.984000 62.880000 69
63.072000 63.264000 67
63.264000 63.616000 64
64.032000 64.512000 65
64.768000 65.088000 65
65.216000 65.568000 67
65.856000 70.688000 67
72.864000 74.464000 71
74.848000 75.072000 67
75.392000 76.224000 69
76.800000 77.056000 69
77.344000 78.016000 74
78.112000 78.624000 72
78.752000 79.840000 67
80.448000 81.696000 71
82.432000 83.104000 67
83.840000 84.384000 60
84.992000 85.216000 62
85.216000 86.272000 60
86.368000 87.712000 64
94.944000 96.000000 64
96.224000 96.480000 64
98.784000 99.392000 61
99.520000 99.776000 60
100.000000 100.480000 63
102.560000 103.264000 64
103.392000 104.768000 64
105.440000 106.016000 59
106.176000 106.272000 63
106.432000 106.592000 58
106.688000 106.912000 60
107.104000 108.064000 62
108.960000 109.472000 64
109.568000 110.560000 67
110.912000 111.424000 64
111.424000 111.936000 70
112.096000 112.448000 69
112.576000 112.800000 67
113.056000 113.408000 65
113.536000 114.208000 64
114.304000 114.656000 66
114.784000 115.104000 64
115.232000 115.872000 62
116.704000 118.144000 67
118.528000 118.848000 64
119.072000 120.000000 69
120.192000 121.056000 64
121.152000 121.664000 65
121.888000 122.176000 65
122.368000 122.720000 67
123.040000 123.584000 68
123.584000 124.160000 65
124.256000 124.608000 68
124.736000 127.904000 67
130.048000 131.456000 71
131.872000 132.160000 67
132.352000 133.472000 69
133.888000 134.304000 69
134.464000 135.136000 74
135.232000 135.776000 72
135.904000 137.024000 67
137.600000 138.848000 71
139.680000 140.224000 67
140.448000 140.608000 67
140.928000 141.472000 60
142.048000 142.368000 63
142.528000 143.392000 60
143.520000 144.768000 63
145.312000 146.752000 71
147.200000 147.424000 67
147.648000 148.704000 69
149.216000 149.504000 69
149.696000 150.496000 74
150.656000 151.072000 72
151.072000 152.288000 67
152.896000 154.368000 71
154.848000 154.912000 70
154.912000 155.264000 72
155.264000 155.456000 75
155.744000 156.288000 72
156.864000 157.088000 69
157.088000 157.312000 72
157.312000 157.632000 75
157.792000 158.432000 74
158.432000 158.912000 72
159.008000 164.032000 72
164.768000 164.864000 60
164.960000 165.312000 71
165.472000 166.144000 67
166.144000 166.560000 65
166.720000 168.672000 64
170.144000 170.720000 62
170.944000 171.392000 60
172.544000 172.608000 68
172.608000 172.896000 71
173.056000 173.728000 67
173.728000 174.176000 65
174.400000 176.896000 67
178.848000 178.944000 60
179.104000 179.296000 60
179.488000 179.872000 60
182.816000 182.880000 67
182.880000 182.944000 70
189.888000 189.984000 69
191.104000 191.168000 65
191.168000 191.264000 62
