34.656000 34.976000 53
35.104000 35.392000 57
35.552000 36.256000 56
36.352000 37.184000 51
37.184000 37.440000 49
38.496000 38.624000 50
38.624000 38.688000 52
38.688000 39.584000 58
39.680000 40.352000 58
40.352000 40.512000 60
40.512000 42.880000 56
42.880000 43.872000 52
44.896000 45.152000 53
45.312000 45.760000 56
45.760000 48.224000 61
48.608000 48.704000 57
48.800000 49.184000 54
49.280000 50.624000 56
50.720000 51.296000 52
51.616000 51.840000 49
52.000000 52.352000 51
52.480000 53.024000 51
54.016000 54.176000 50
54.592000 54.880000 53
55.008000 55.232000 53
55.232000 55.520000 55
55.712000 55.808000 55
55.808000 56.416000 51
56.576000 56.896000 51
58.976000 59.360000 51
59.456000 60.384000 53
60.512000 60.832000 49
61.088000 61.248000 49
61.792000 62.048000 53
62.176000 62.496000 57
62.496000 63.328000 55
63.456000 63.712000 51
64.032000 64.672000 49
64.928000 65.216000 49
65.600000 65.728000 53
65.728000 67.616000 58
67.808000 68.000000 57
68.096000 69.056000 56
69.184000 69.632000 56
69.952000 71.264000 53
71.904000 72.032000 49
72.032000 72.288000 53
72.288000 72.576000 56
72.576000 73.120000 58
73.120000 75.168000 61
75.680000 75.808000 59
75.808000 76.320000 53
76.480000 76.832000 56
76.960000 77.536000 57
77.536000 77.728000 53
77.856000 78.368000 52
78.816000 79.040000 49
79.040000 79.392000 52
79.520000 80.256000 50
80.768000 81.088000 49
81.280000 81.440000 51
81.632000 82.080000 51
82.208000 82.848000 51
83.008000 83.200000 49
88.768000 88.832000 54
88.832000 88.960000 58
88.960000 89.152000 61
89.152000 89.216000 62
89.216000 89.696000 63
89.696000 91.200000 65
91.200000 91.680000 61
91.744000 92.480000 61
92.480000 93.536000 58
93.536000 95.584000 61
95.968000 96.032000 59
96.032000 98.240000 64
98.240000 98.880000 60
98.880000 99.392000 62
99.392000 99.808000 58
99.808000 100.064000 61
100.192000 100.256000 61
100.288000 100.352000 61
100.352000 101.792000 64
102.304000 102.368000 57
102.368000 102.464000 58
102.464000 102.784000 61
102.784000 104.896000 65
104.960000 105.280000 61
105.344000 105.408000 59
105.408000 105.600000 60
105.600000 106.048000 61
106.048000 107.136000 58
107.136000 107.328000 62
107.424000 107.776000 61
107.776000 108.128000 63
108.128000 109.120000 60
109.408000 109.856000 57
110.016000 110.272000 58
110.368000 110.560000 58
110.560000 111.168000 60
111.200000 116.704000 61
143.136000 143.328000 49
143.456000 144.960000 52
145.120000 145.376000 49
146.400000 146.624000 53
146.752000 147.104000 57
147.168000 147.904000 56
148.032000 148.352000 51
148.640000 149.248000 49
149.344000 149.600000 49
150.240000 150.304000 53
150.304000 150.720000 56
150.720000 153.664000 57
153.760000 154.208000 56
154.304000 154.432000 55
154.592000 155.424000 53
156.864000 157.120000 56
157.120000 157.216000 57
157.216000 157.696000 58
157.696000 159.840000 61
160.288000 160.448000 58
160.448000 160.864000 53
160.864000 161.408000 56
161.632000 161.824000 58
162.144000 162.208000 51
162.464000 162.912000 52
163.424000 163.648000 49
163.648000 163.968000 52
164.096000 164.992000 50
165.344000 165.696000 49
166.560000 166.816000 51
166.976000 167.104000 51
167.296000 167.392000 51
173.312000 173.760000 61
173.760000 174.400000 63
174.400000 175.680000 65
175.680000 176.256000 61
176.416000 176.832000 61
176.832000 177.760000 57
177.760000 179.872000 61
180.288000 180.352000 59
180.352000 180.480000 61
180.480000 180.800000 63
180.800000 182.112000 64
182.112000 183.616000 61
183.712000 184.096000 58
184.096000 184.448000 61
184.480000 185.664000 63
185.696000 185.728000 64
186.656000 186.816000 58
186.816000 187.072000 61
187.072000 188.768000 65
188.864000 188.992000 65
188.992000 189.568000 61
189.696000 190.528000 61
190.528000 190.816000 56
190.912000 191.040000 56
191.040000 191.456000 58
191.456000 192.704000 61
192.704000 193.472000 60
193.728000 194.144000 57
194.336000 194.880000 58
194.880000 195.744000 60
195.744000 195.936000 61
195.936000 197.760000 63
197.920000 199.392000 49
199.520000 200.992000 61
203.552000 203.744000 57
203.744000 203.872000 61
203.872000 204.000000 62
204.000000 204.544000 63
204.544000 205.856000 65
205.856000 206.432000 61
206.496000 206.592000 58
206.592000 207.232000 61
207.232000 207.744000 56
207.776000 207.840000 56
207.840000 208.192000 58
208.192000 209.408000 61
209.760000 210.336000 60
210.752000 210.816000 60
210.816000 210.912000 62
210.912000 212.320000 65
212.544000 212.672000 62
212.672000 213.888000 61
213.888000 214.976000 60
214.976000 216.224000 63
217.088000 217.216000 58
217.216000 217.248000 59
217.248000 217.440000 61
217.440000 217.504000 62
217.504000 218.048000 63
218.048000 219.424000 65
219.424000 221.440000 60
221.568000 221.888000 58
221.888000 222.976000 61
223.008000 223.200000 58
223.200000 223.840000 61
224.160000 224.640000 57
224.736000 225.280000 58
225.280000 226.112000 60
226.112000 226.336000 61
226.336000 228.256000 63
228.256000 230.176000 61
230.816000 230.880000 55
230.880000 230.976000 58
230.976000 231.072000 61
231.072000 231.264000 62
231.264000 231.808000 63
231.808000 233.184000 65
233.184000 233.312000 63
233.312000 234.592000 61
234.592000 235.776000 58
235.776000 237.024000 61
237.120000 237.600000 62
238.048000 238.208000 58
238.208000 238.464000 56
238.624000 238.912000 57
239.008000 239.744000 61
239.872000 239.936000 60
239.936000 240.256000 61
240.256000 240.896000 63
240.896000 241.760000 65
241.760000 242.944000 61
243.360000 246.816000 61
