10.848000 10.976000 54
11.168000 13.024000 53
13.920000 14.240000 57
14.240000 14.432000 59
14.528000 14.976000 62
15.104000 15.360000 64
15.456000 15.872000 65
15.872000 17.856000 62
18.816000 18.880000 59
18.880000 19.552000 61
19.680000 19.968000 57
19.968000 20.704000 55
20.704000 21.376000 58
21.568000 22.112000 57
22.784000 23.136000 55
23.136000 23.744000 53
23.744000 24.832000 55
25.056000 25.216000 54
25.216000 25.376000 49
25.376000 26.016000 53
26.176000 27.488000 57
28.032000 29.728000 53
31.136000 31.200000 55
31.200000 31.328000 57
31.328000 31.392000 58
31.392000 31.712000 59
31.712000 33.248000 64
33.344000 34.912000 62
34.912000 35.872000 57
35.968000 36.032000 58
36.032000 36.384000 62
36.512000 39.264000 57
39.968000 40.768000 53
40.928000 42.048000 55
42.752000 43.328000 53
43.328000 46.272000 57
46.432000 47.296000 57
47.456000 47.680000 60
47.680000 48.256000 62
48.256000 51.040000 64
51.040000 52.160000 60
52.288000 53.888000 57
55.008000 56.096000 57
56.224000 57.024000 57
57.120000 57.248000 55
57.408000 58.048000 62
58.048000 60.736000 64
60.864000 61.632000 60
61.760000 64.416000 65
64.704000 64.928000 55
65.056000 66.400000 53
66.688000 67.072000 53
67.776000 67.840000 51
67.840000 68.352000 57
68.512000 68.768000 61
68.768000 68.864000 62
68.864000 70.336000 64
70.336000 72.000000 62
72.544000 72.768000 57
72.768000 73.632000 60
73.632000 73.824000 58
73.824000 74.240000 55
74.272000 76.032000 57
76.704000 76.992000 55
76.992000 77.696000 53
77.696000 78.784000 55
79.168000 79.456000 49
79.456000 79.968000 53
80.128000 81.664000 57
81.952000 83.040000 57
83.200000 84.128000 57
84.384000 84.448000 60
84.448000 85.056000 62
85.056000 87.616000 64
87.808000 88.896000 60
89.024000 90.464000 57
91.744000 92.864000 57
92.992000 93.984000 57
94.208000 94.816000 62
94.816000 97.696000 64
97.696000 98.368000 60
98.528000 99.136000 64
99.136000 99.808000 65
99.808000 100.416000 60
100.416000 101.728000 57
101.856000 103.072000 53
104.544000 104.608000 49
104.608000 105.152000 57
105.280000 105.504000 61
105.600000 108.000000 63
108.000000 108.800000 62
109.568000 110.496000 60
110.496000 110.688000 57
110.688000 110.944000 55
111.040000 112.864000 57
113.536000 113.792000 55
113.792000 114.464000 53
114.464000 115.328000 55
115.552000 115.680000 52
116.032000 116.352000 50
116.352000 116.800000 53
116.960000 118.976000 57
119.232000 120.160000 53
120.160000 121.664000 55
122.400000 122.592000 50
122.592000 122.944000 53
123.328000 127.392000 58
