0.128000 3.008000 65
33.120000 34.208000 60
34.368000 34.432000 60
34.432000 35.968000 65
35.968000 37.056000 67
37.600000 37.920000 67
38.048000 38.336000 70
38.432000 39.360000 63
39.360000 39.616000 60
39.744000 40.000000 58
40.000000 40.224000 60
40.480000 40.608000 55
40.608000 40.960000 58
41.088000 42.240000 60
46.240000 46.368000 60
46.464000 46.784000 61
46.784000 47.392000 65
47.392000 47.616000 60
47.936000 48.160000 63
48.928000 49.184000 58
49.184000 50.048000 60
50.208000 50.688000 61
50.784000 51.008000 68
51.008000 51.776000 69
52.064000 53.312000 65
54.176000 54.368000 66
54.368000 55.520000 67
55.520000 56.640000 70
56.768000 59.392000 72
59.488000 60.032000 67
60.448000 60.640000 68
60.640000 60.800000 62
60.800000 61.536000 66
61.536000 61.984000 60
62.080000 62.720000 63
63.968000 64.096000 57
64.096000 64.384000 60
64.384000 65.408000 64
66.624000 66.688000 65
66.688000 67.328000 67
67.328000 67.808000 70
67.968000 68.416000 64
69.248000 69.728000 62
69.728000 70.336000 59
71.104000 71.488000 60
71.488000 71.840000 56
72.224000 74.560000 60
75.168000 77.056000 70
77.216000 77.568000 67
77.568000 80.384000 72
80.512000 80.992000 74
81.120000 81.728000 73
81.856000 83.424000 70
83.680000 84.256000 67
85.152000 85.664000 64
85.824000 86.304000 66
87.680000 88.448000 66
88.640000 88.928000 60
90.336000 90.656000 60
90.656000 90.912000 64
91.040000 91.360000 63
91.360000 91.904000 65
91.904000 92.160000 61
92.416000 92.928000 64
93.024000 93.728000 70
93.856000 94.048000 68
94.304000 95.520000 65
96.224000 97.472000 70
97.600000 98.112000 70
98.272000 98.528000 67
98.528000 101.440000 72
101.568000 103.040000 74
103.232000 103.744000 70
103.936000 104.320000 72
104.672000 105.408000 67
106.112000 106.432000 60
106.432000 106.656000 63
106.912000 107.392000 64
108.576000 109.024000 67
109.152000 109.696000 67
109.696000 110.368000 64
111.456000 111.712000 63
111.712000 112.224000 61
114.304000 114.400000 59
117.440000 118.528000 60
118.624000 119.232000 65
119.328000 119.616000 63
119.616000 121.312000 67
121.888000 122.176000 67
122.336000 122.592000 70
122.688000 123.616000 63
123.616000 123.872000 60
124.000000 124.192000 58
124.192000 124.512000 60
124.704000 124.864000 55
124.864000 125.216000 58
125.344000 126.560000 60
130.784000 131.072000 61
131.072000 131.584000 66
131.584000 131.904000 61
132.192000 132.416000 63
133.184000 133.504000 58
133.504000 134.336000 60
134.464000 134.976000 61
135.072000 135.296000 68
135.296000 136.032000 69
136.288000 137.536000 65
138.432000 139.776000 67
139.776000 140.928000 70
141.024000 143.616000 72
143.712000 144.288000 67
144.640000 144.896000 68
144.896000 145.376000 65
145.376000 145.696000 67
145.696000 146.240000 60
146.336000 146.976000 63
148.256000 148.320000 57
148.320000 148.672000 60
148.672000 149.664000 64
150.880000 150.944000 65
150.944000 151.584000 67
151.584000 152.064000 70
152.224000 152.672000 64
153.504000 153.984000 62
153.984000 154.592000 59
155.328000 155.680000 60
155.968000 156.064000 57
156.480000 158.848000 60
159.424000 161.280000 70
161.472000 161.824000 67
161.824000 164.640000 72
164.768000 165.280000 74
165.376000 165.952000 73
166.144000 167.712000 70
167.936000 168.576000 67
169.408000 169.920000 64
170.048000 170.560000 66
172.000000 172.704000 66
172.928000 173.184000 60
174.592000 174.912000 60
174.912000 175.168000 64
175.328000 175.616000 63
175.616000 176.128000 65
176.128000 176.416000 61
176.672000 177.184000 64
177.280000 178.112000 69
178.112000 178.304000 68
178.560000 179.808000 65
180.480000 181.696000 70
181.792000 182.400000 70
182.528000 182.752000 67
182.752000 185.696000 72
185.824000 187.296000 74
187.488000 187.968000 70
188.192000 188.576000 72
188.928000 189.632000 67
190.336000 190.688000 60
190.688000 190.912000 63
191.136000 191.616000 64
192.832000 193.280000 67
193.376000 194.016000 67
194.016000 194.688000 64
195.712000 195.968000 63
195.968000 196.480000 61
199.712000 199.808000 61
201.632000 201.888000 58
201.984000 202.976000 60
202.976000 204.128000 65
204.320000 205.312000 67
206.112000 206.400000 66
206.528000 206.784000 71
206.880000 207.360000 64
207.520000 207.776000 63
207.776000 208.032000 61
208.224000 208.704000 59
209.696000 210.784000 60
212.512000 213.184000 55
213.472000 213.760000 58
214.784000 215.008000 59
215.008000 215.392000 60
215.392000 215.776000 65
215.776000 216.096000 61
216.288000 216.736000 64
217.472000 219.296000 60
219.424000 219.744000 67
219.744000 220.288000 69
220.704000 221.824000 65
222.656000 223.488000 67
223.616000 223.936000 68
223.936000 225.696000 71
225.696000 227.872000 72
228.096000 228.640000 67
228.928000 229.824000 67
230.144000 230.592000 60
232.576000 232.640000 58
232.640000 232.896000 60
232.896000 233.120000 63
233.376000 234.112000 65
235.136000 235.776000 67
235.776000 236.160000 70
236.160000 236.736000 64
237.792000 238.080000 62
238.080000 238.624000 60
243.136000 243.488000 60
243.488000 243.616000 63
243.904000 244.288000 64
244.480000 244.576000 65
245.632000 246.272000 67
246.272000 246.624000 70
246.624000 247.200000 63
248.416000 248.640000 63
248.640000 248.800000 62
248.800000 249.504000 60
250.560000 250.624000 55
250.624000 250.688000 57
250.688000 251.328000 60
251.328000 252.288000 56
252.448000 252.704000 58
252.928000 253.024000 59
266.592000 267.840000 65
