20.192000 20.512000 52
20.512000 21.024000 57
21.408000 21.856000 57
23.456000 23.680000 50
23.808000 24.128000 54
24.448000 24.736000 50
24.864000 25.376000 55
27.008000 27.232000 52
27.424000 27.744000 58
27.872000 28.352000 59
28.640000 28.928000 56
29.056000 30.912000 58
32.992000 33.216000 52
33.440000 33.728000 57
33.824000 33.920000 54
34.016000 34.144000 54
34.144000 34.240000 57
34.240000 35.360000 63
35.520000 35.744000 66
35.840000 36.192000 64
36.192000 36.544000 61
36.672000 37.088000 61
37.376000 37.920000 57
39.456000 39.648000 52
39.776000 40.448000 58
40.576000 40.928000 58
41.088000 41.408000 54
41.920000 43.776000 56
45.760000 46.048000 51
46.208000 46.688000 58
46.976000 47.264000 52
47.264000 48.128000 58
49.088000 49.408000 51
49.408000 49.888000 55
50.272000 50.656000 50
50.656000 50.720000 51
50.720000 51.200000 56
52.640000 52.832000 51
53.024000 54.016000 59
54.240000 56.480000 58
58.592000 58.880000 51
58.976000 59.392000 58
59.872000 60.416000 63
60.576000 61.792000 65
61.920000 62.176000 61
62.272000 62.720000 61
62.976000 63.392000 57
63.904000 64.192000 56
64.192000 65.728000 59
65.824000 66.176000 57
66.592000 66.880000 54
67.072000 67.680000 58
67.872000 69.568000 58
70.016000 70.496000 50
70.592000 70.848000 54
71.008000 71.392000 60
71.392000 71.680000 58
72.128000 72.384000 54
72.576000 72.896000 60
72.992000 73.280000 57
73.440000 73.728000 51
73.824000 74.112000 54
74.208000 74.784000 56
75.328000 75.712000 52
75.840000 76.160000 54
76.480000 76.800000 50
76.800000 77.184000 54
77.344000 77.760000 60
77.760000 78.048000 57
78.208000 78.560000 51
78.560000 78.880000 54
78.880000 78.912000 55
78.912000 79.680000 61
79.840000 81.152000 65
81.376000 82.624000 66
83.040000 83.936000 64
83.936000 84.128000 63
84.512000 84.704000 62
84.704000 85.248000 64
85.376000 86.080000 65
86.176000 86.656000 63
86.784000 88.128000 61
88.608000 89.344000 63
89.344000 91.392000 59
91.712000 92.096000 58
92.224000 92.480000 58
92.480000 92.544000 54
92.544000 93.248000 52
93.408000 93.696000 60
93.824000 94.112000 59
94.208000 94.912000 58
95.040000 96.448000 58
96.576000 96.960000 56
97.376000 97.664000 50
97.760000 98.048000 54
98.176000 98.528000 60
98.624000 98.976000 57
98.976000 99.456000 51
99.456000 99.776000 54
99.776000 100.512000 58
100.672000 100.896000 51
101.056000 101.312000 54
101.440000 101.952000 55
102.496000 102.880000 52
103.008000 103.328000 54
103.616000 104.000000 50
104.000000 104.384000 54
104.576000 104.896000 60
104.992000 105.312000 57
105.408000 105.696000 51
105.856000 106.080000 54
106.176000 106.304000 59
106.304000 106.496000 61
106.592000 108.224000 65
108.608000 108.960000 66
109.088000 109.696000 66
110.048000 111.136000 64
111.136000 111.296000 63
111.712000 111.840000 61
111.840000 112.448000 64
112.576000 113.408000 65
113.408000 114.784000 62
114.976000 115.296000 61
115.776000 116.416000 63
116.544000 116.736000 61
116.736000 117.280000 58
117.376000 118.560000 59
118.784000 119.104000 57
119.104000 119.744000 58
119.744000 120.160000 51
120.160000 120.448000 54
120.448000 122.048000 59
122.176000 122.816000 58
122.976000 124.000000 56
124.544000 124.928000 54
125.024000 127.136000 54
152.704000 154.432000 58
154.432000 154.592000 54
154.592000 155.008000 51
155.008000 155.552000 57
155.776000 156.096000 51
156.224000 157.024000 58
157.856000 158.112000 49
158.208000 158.624000 56
158.848000 159.008000 51
159.360000 159.776000 57
159.776000 160.544000 53
161.440000 161.600000 58
161.856000 162.592000 59
162.976000 165.344000 58
167.200000 167.296000 51
167.392000 167.616000 51
167.776000 168.064000 57
168.224000 168.448000 51
168.576000 168.992000 63
169.280000 170.048000 65
170.208000 170.624000 64
170.624000 170.848000 61
171.008000 171.296000 61
171.488000 171.968000 57
172.352000 172.448000 55
172.544000 172.704000 54
172.704000 173.184000 58
173.312000 174.368000 59
174.528000 174.880000 58
175.200000 175.648000 54
175.776000 176.160000 58
176.256000 177.792000 58
177.792000 179.360000 65
179.456000 179.776000 53
179.776000 180.480000 59
180.640000 180.960000 51
180.960000 181.184000 54
181.376000 181.792000 59
181.792000 182.112000 57
182.208000 182.496000 51
182.624000 182.880000 54
183.040000 183.584000 56
184.064000 184.320000 51
184.320000 184.512000 53
184.640000 185.024000 54
185.216000 185.536000 50
185.536000 185.760000 51
185.760000 185.984000 54
186.144000 186.208000 59
186.208000 186.592000 61
186.592000 186.880000 58
187.008000 187.328000 51
187.328000 187.776000 54
187.776000 188.512000 61
188.608000 189.952000 65
190.176000 191.328000 66
191.808000 191.872000 63
191.872000 192.448000 65
192.448000 192.992000 63
193.312000 193.504000 61
193.504000 193.952000 64
194.176000 194.976000 65
194.976000 195.424000 63
195.616000 196.992000 61
197.440000 198.176000 63
198.176000 198.496000 61
198.496000 200.160000 59
200.480000 200.896000 58
201.024000 201.216000 58
201.216000 201.280000 57
201.280000 201.344000 55
201.344000 201.792000 51
201.792000 202.080000 54
202.240000 202.688000 60
202.688000 203.488000 58
203.584000 203.744000 58
203.840000 205.312000 58
205.408000 205.792000 56
206.304000 206.464000 51
206.592000 206.848000 54
206.976000 207.328000 60
207.424000 207.552000 56
207.552000 207.744000 58
207.840000 208.160000 51
208.160000 208.512000 54
208.512000 209.248000 59
209.408000 209.696000 51
209.824000 210.048000 54
210.176000 210.624000 56
211.200000 211.680000 57
211.808000 212.128000 54
212.384000 212.960000 51
212.960000 213.184000 54
213.376000 213.696000 60
213.792000 214.016000 57
214.272000 214.464000 51
214.656000 214.848000 54
214.976000 215.104000 59
215.104000 215.392000 61
215.392000 216.704000 64
217.376000 217.952000 67
218.048000 218.880000 66
218.976000 219.104000 63
219.104000 219.712000 65
219.712000 220.128000 63
220.320000 220.416000 59
220.608000 220.672000 61
220.672000 220.960000 63
220.960000 221.216000 65
221.344000 221.472000 64
221.472000 221.760000 66
221.760000 222.048000 68
222.048000 223.616000 63
223.776000 224.128000 61
224.576000 225.344000 63
225.344000 226.048000 58
226.176000 227.328000 59
227.712000 227.776000 55
227.776000 228.512000 58
228.672000 228.992000 51
228.992000 229.344000 54
229.344000 230.880000 59
230.976000 231.616000 58
231.776000 232.768000 56
233.408000 233.728000 54
233.824000 234.016000 54
234.016000 235.296000 55
235.488000 237.824000 66
240.640000 240.768000 54
240.768000 240.832000 55
240.832000 241.344000 59
241.504000 241.792000 61
241.888000 242.336000 66
242.336000 242.816000 65
243.136000 243.552000 61
243.552000 244.128000 57
244.608000 244.768000 57
244.768000 245.312000 55
245.504000 246.080000 56
246.304000 246.688000 57
247.008000 247.232000 53
247.232000 247.744000 55
247.872000 248.192000 58
248.288000 248.576000 63
248.704000 249.344000 65
249.472000 249.984000 66
249.984000 251.456000 61
251.584000 252.832000 61
253.440000 253.632000 56
253.632000 254.144000 59
254.240000 254.592000 61
254.688000 255.072000 67
255.072000 255.520000 65
255.840000 256.160000 61
256.320000 256.864000 66
257.472000 257.600000 63
257.600000 258.240000 65
258.240000 258.560000 61
258.656000 259.136000 58
259.136000 259.808000 61
260.320000 260.448000 63
260.448000 261.120000 65
261.120000 261.856000 63
261.952000 262.688000 61
263.136000 264.160000 58
264.352000 264.608000 66
264.736000 265.280000 58
265.536000 267.776000 54
