16.832000 18.720000 54
18.880000 18.944000 55
18.944000 19.488000 57
19.488000 19.744000 56
21.376000 21.440000 57
21.440000 22.304000 59
22.304000 23.008000 56
23.136000 23.392000 61
23.520000 23.904000 63
24.864000 25.952000 63
26.144000 27.744000 63
28.320000 28.448000 59
28.448000 28.992000 61
29.120000 29.344000 59
29.536000 29.824000 54
29.824000 30.208000 56
32.896000 33.984000 59
34.080000 34.304000 61
34.496000 34.784000 52
36.704000 36.960000 49
37.088000 37.152000 52
37.152000 37.408000 58
37.408000 37.696000 54
37.696000 38.400000 56
38.400000 39.712000 52
40.640000 41.088000 49
41.088000 42.048000 56
42.144000 42.368000 57
42.496000 43.136000 57
44.096000 44.736000 57
44.864000 45.376000 59
45.504000 45.760000 55
45.952000 46.400000 54
48.640000 48.704000 54
48.704000 48.832000 56
48.832000 49.984000 60
50.080000 50.368000 61
50.368000 50.464000 58
50.464000 50.816000 63
50.912000 51.648000 63
52.128000 52.736000 63
52.736000 53.504000 61
53.632000 54.240000 59
54.464000 54.816000 59
54.816000 55.264000 56
56.384000 56.768000 56
56.864000 57.984000 56
58.112000 58.592000 57
58.592000 59.680000 59
60.128000 60.320000 59
60.320000 60.768000 56
60.896000 61.216000 54
61.376000 61.664000 59
61.664000 62.272000 56
64.640000 64.864000 56
64.864000 64.992000 59
65.088000 66.272000 60
66.400000 66.496000 62
66.592000 67.552000 63
68.096000 68.384000 64
68.480000 68.768000 63
68.768000 69.728000 60
69.856000 70.432000 59
70.432000 70.752000 56
70.880000 71.296000 56
72.576000 75.200000 56
75.936000 76.672000 52
76.800000 76.928000 52
77.088000 77.344000 54
77.504000 77.696000 52
77.856000 78.144000 51
78.336000 79.040000 52
80.608000 80.672000 54
80.672000 80.832000 56
80.832000 81.056000 59
81.120000 81.984000 60
82.112000 82.560000 61
82.560000 82.784000 64
82.880000 83.648000 63
83.840000 83.968000 63
84.096000 84.832000 63
84.832000 85.024000 61
85.120000 85.504000 60
85.632000 86.208000 59
86.400000 86.816000 59
86.816000 87.264000 56
88.384000 88.768000 56
88.864000 89.952000 56
90.112000 91.648000 59
92.128000 92.320000 59
92.320000 92.768000 56
92.864000 93.184000 54
93.376000 93.600000 59
93.600000 94.688000 56
96.576000 96.640000 54
96.640000 96.800000 56
96.800000 96.992000 59
97.088000 97.760000 60
97.856000 98.272000 60
98.336000 99.584000 63
100.128000 100.384000 64
100.480000 100.768000 64
100.768000 101.728000 68
101.824000 102.048000 68
102.048000 102.688000 66
102.816000 103.648000 64
104.640000 107.360000 59
107.936000 108.384000 53
108.480000 108.704000 52
108.832000 108.960000 52
109.120000 109.408000 54
109.504000 109.728000 52
109.888000 110.208000 51
110.400000 111.072000 52
129.376000 129.760000 68
130.240000 130.432000 64
131.328000 131.872000 63
133.376000 133.568000 64
133.568000 133.792000 68
142.816000 143.360000 61
144.768000 146.752000 54
146.848000 147.936000 56
149.376000 149.440000 55
149.440000 150.272000 59
150.272000 150.976000 56
151.104000 151.328000 61
151.424000 151.968000 63
152.832000 153.920000 63
154.112000 155.744000 63
156.384000 157.024000 60
157.152000 157.344000 59
157.536000 158.176000 55
160.832000 161.952000 59
162.080000 162.240000 61
162.240000 162.432000 54
162.464000 162.816000 52
164.608000 164.736000 49
165.120000 165.408000 57
165.408000 165.632000 54
165.632000 166.144000 56
166.144000 167.552000 52
168.416000 169.152000 49
169.152000 169.504000 56
169.600000 170.336000 56
170.464000 171.040000 57
171.360000 171.520000 57
171.616000 172.480000 57
172.576000 172.736000 57
172.864000 173.344000 59
173.472000 173.696000 55
173.888000 174.176000 54
176.672000 176.768000 55
176.768000 176.832000 56
176.832000 177.152000 58
177.152000 177.920000 60
178.048000 178.560000 61
178.560000 178.784000 64
178.880000 179.680000 63
180.128000 180.192000 61
180.192000 180.544000 64
180.544000 181.472000 61
181.632000 182.176000 59
182.432000 182.784000 59
182.784000 183.136000 56
184.320000 185.920000 56
186.080000 186.624000 57
186.624000 187.616000 59
188.128000 188.352000 59
188.352000 188.768000 56
188.864000 189.152000 54
189.408000 190.496000 56
192.608000 192.672000 54
192.672000 192.832000 56
192.832000 192.960000 59
193.088000 193.760000 60
193.856000 194.272000 60
194.400000 195.648000 63
196.128000 196.384000 64
196.512000 196.768000 62
196.768000 197.664000 60
197.792000 198.336000 59
198.464000 198.688000 56
198.848000 199.328000 56
200.576000 202.784000 56
202.880000 203.168000 57
203.872000 204.384000 52
204.480000 204.672000 52
204.768000 204.896000 52
205.088000 205.344000 54
205.504000 205.664000 52
205.856000 206.176000 51
206.336000 206.752000 52
208.576000 208.800000 56
208.800000 209.920000 60
210.048000 210.496000 60
210.496000 210.752000 64
210.880000 211.584000 63
212.128000 212.576000 64
212.576000 212.992000 62
213.120000 213.312000 61
213.312000 213.472000 59
213.632000 214.144000 59
214.400000 214.784000 59
214.784000 215.264000 56
216.384000 216.768000 56
216.864000 217.920000 56
218.080000 218.528000 57
218.528000 219.616000 59
220.096000 220.288000 59
220.288000 220.480000 57
220.608000 220.768000 56
220.864000 221.152000 54
221.376000 221.632000 59
221.632000 222.336000 56
222.624000 222.720000 56
224.576000 224.832000 56
224.864000 224.928000 59
225.088000 225.728000 60
225.824000 226.048000 59
226.048000 227.584000 63
228.032000 228.320000 64
228.448000 228.768000 64
228.768000 229.664000 68
229.792000 229.984000 68
230.080000 230.336000 66
230.336000 230.720000 64
230.816000 231.648000 64
232.576000 233.504000 59
233.600000 234.784000 60
234.880000 235.328000 59
235.872000 236.000000 52
236.096000 236.352000 54
236.480000 236.672000 52
236.800000 236.896000 52
237.120000 237.344000 54
237.472000 237.728000 51
237.888000 238.176000 51
238.400000 238.816000 52
240.896000 241.792000 54
241.888000 242.720000 54
242.880000 242.944000 55
242.944000 243.328000 58
243.424000 243.872000 56
245.376000 245.440000 56
245.440000 246.272000 59
246.272000 246.752000 56
246.848000 246.976000 56
247.136000 247.328000 61
247.424000 248.192000 63
248.832000 249.952000 63
250.112000 251.776000 63
252.352000 252.544000 60
252.640000 252.800000 61
252.800000 252.992000 59
253.152000 253.376000 59
253.568000 253.760000 54
253.920000 254.400000 56
256.832000 256.896000 53
256.896000 257.984000 59
258.080000 258.304000 61
258.528000 258.848000 52
260.768000 260.960000 49
261.088000 261.152000 55
261.152000 261.408000 58
261.408000 261.632000 54
261.632000 262.016000 56
262.016000 263.648000 52
264.608000 265.088000 49
265.088000 265.984000 56
266.080000 266.368000 57
266.496000 267.008000 57
267.008000 267.808000 54
268.640000 268.768000 51
268.896000 269.440000 53
269.568000 269.696000 52
269.920000 270.720000 52
