7.616000 7.840000 61
8.320000 8.448000 61
8.608000 8.928000 61
13.632000 14.112000 58
14.112000 14.208000 59
14.208000 14.528000 64
14.624000 15.104000 65
15.104000 16.640000 63
17.056000 17.248000 63
17.248000 17.984000 61
18.112000 18.976000 63
19.136000 19.712000 63
20.352000 20.512000 61
20.512000 20.960000 58
20.960000 21.664000 60
22.048000 22.688000 58
22.816000 23.072000 58
23.072000 23.552000 61
23.648000 24.320000 60
24.448000 24.928000 60
24.928000 25.600000 58
25.696000 26.368000 60
27.136000 27.232000 67
27.360000 27.520000 64
27.520000 28.512000 65
28.512000 29.728000 68
30.208000 31.168000 64
31.296000 31.744000 65
31.872000 32.096000 66
32.288000 32.832000 61
33.408000 33.760000 57
33.920000 34.688000 61
35.552000 35.904000 60
36.000000 36.320000 61
36.416000 36.896000 61
37.056000 37.440000 61
37.536000 38.880000 60
40.512000 41.120000 65
41.344000 42.016000 65
42.112000 42.560000 64
42.560000 43.424000 63
43.776000 44.480000 65
44.576000 45.280000 65
45.440000 46.080000 63
46.080000 46.624000 61
47.072000 49.920000 65
50.336000 51.456000 63
51.552000 53.216000 63
53.600000 53.696000 63
53.696000 54.880000 65
54.880000 56.032000 68
56.448000 56.544000 66
56.544000 57.408000 64
57.600000 58.336000 65
58.592000 59.136000 61
59.776000 60.224000 57
60.224000 60.704000 61
60.832000 61.120000 61
61.664000 61.824000 57
61.824000 64.448000 61
64.448000 65.280000 65
65.280000 66.368000 66
66.464000 66.592000 67
66.784000 66.944000 72
66.944000 69.088000 73
69.088000 69.504000 68
69.664000 69.888000 68
70.048000 71.232000 75
71.232000 71.840000 68
71.840000 72.384000 73
72.384000 73.856000 71
74.016000 76.032000 70
76.032000 76.512000 68
76.672000 78.240000 68
79.040000 79.104000 65
79.104000 81.088000 70
81.088000 82.048000 73
82.432000 83.200000 68
83.200000 84.320000 75
84.416000 84.800000 68
84.800000 84.864000 69
84.864000 86.368000 73
86.368000 88.448000 70
88.576000 91.712000 70
105.696000 106.176000 58
106.176000 106.272000 59
106.272000 106.560000 64
106.688000 107.136000 65
107.136000 108.672000 63
109.120000 109.280000 63
109.280000 110.048000 61
110.176000 111.008000 63
111.168000 111.744000 63
112.416000 112.544000 61
112.544000 113.024000 58
113.024000 113.728000 60
114.080000 114.464000 58
114.464000 114.720000 60
114.848000 115.040000 58
115.136000 115.584000 61
115.712000 116.352000 60
116.512000 116.992000 60
116.992000 117.632000 58
117.760000 118.432000 60
119.392000 119.712000 64
119.808000 120.608000 65
120.608000 121.760000 68
122.240000 123.232000 64
123.328000 123.808000 65
123.904000 124.128000 66
124.352000 124.928000 61
125.472000 125.792000 57
125.952000 126.688000 61
127.616000 127.936000 61
128.032000 128.928000 61
129.088000 129.472000 61
129.568000 130.816000 60
132.576000 133.152000 65
133.376000 134.048000 65
134.176000 135.232000 63
135.232000 135.488000 65
135.808000 136.512000 65
136.640000 137.280000 65
137.472000 138.080000 63
138.080000 138.656000 61
139.104000 141.024000 65
141.120000 141.984000 63
142.400000 143.520000 63
143.616000 145.248000 63
145.632000 146.848000 65
146.944000 148.064000 68
148.512000 149.440000 65
149.664000 150.368000 65
150.624000 151.168000 61
151.840000 152.256000 57
152.256000 152.768000 61
152.864000 153.184000 61
153.696000 153.888000 57
153.888000 156.480000 61
156.480000 158.400000 66
158.496000 158.656000 68
158.816000 159.008000 72
159.008000 161.152000 73
161.152000 161.568000 68
161.696000 161.920000 68
162.080000 162.240000 75
162.240000 162.784000 77
162.784000 163.264000 75
163.360000 163.648000 68
163.648000 163.712000 69
163.712000 165.920000 72
166.048000 166.528000 70
166.624000 167.584000 71
167.584000 168.576000 68
168.704000 170.368000 68
171.104000 171.168000 67
171.168000 171.808000 73
171.808000 173.152000 70
173.152000 174.080000 73
174.464000 175.168000 68
175.264000 176.416000 75
176.416000 176.960000 68
176.960000 178.656000 72
178.656000 179.072000 70
179.168000 179.808000 70
179.808000 180.512000 72
180.608000 181.760000 69
181.888000 183.744000 70
184.576000 184.832000 61
185.152000 185.312000 72
185.312000 187.488000 73
187.488000 187.872000 68
188.032000 188.288000 68
188.416000 188.576000 75
188.576000 189.120000 77
189.120000 189.600000 75
189.600000 189.984000 68
189.984000 192.256000 72
192.384000 194.336000 70
194.336000 194.880000 68
195.040000 196.544000 68
197.344000 197.440000 63
197.440000 199.520000 70
199.520000 200.416000 73
200.800000 201.472000 68
201.568000 201.632000 73
201.632000 202.144000 77
202.240000 202.400000 74
202.400000 202.784000 75
202.784000 203.200000 68
203.200000 206.272000 71
206.272000 206.816000 72
206.944000 208.096000 69
208.224000 210.080000 70
