12.608000 13.056000 70
13.056000 13.504000 69
13.504000 14.080000 65
20.032000 20.192000 58
27.200000 27.328000 60
27.328000 27.680000 62
27.680000 27.968000 65
27.968000 28.704000 60
28.832000 29.184000 62
29.408000 30.112000 58
31.008000 32.448000 58
33.440000 35.424000 60
35.904000 36.352000 62
36.448000 36.640000 65
36.800000 37.920000 60
38.048000 38.976000 58
39.744000 41.472000 58
41.888000 43.200000 58
44.576000 44.736000 60
44.736000 45.088000 62
45.088000 45.408000 65
45.408000 46.272000 60
46.272000 46.624000 65
46.816000 47.584000 58
48.960000 49.024000 64
49.024000 49.408000 67
49.504000 49.760000 67
49.760000 50.400000 65
50.656000 50.880000 65
50.976000 51.392000 62
51.424000 51.488000 62
53.280000 53.504000 60
53.504000 54.432000 62
54.432000 54.880000 60
54.976000 55.232000 62
55.360000 55.520000 58
56.256000 56.416000 58
56.416000 56.576000 60
56.576000 57.184000 62
57.184000 57.632000 59
57.696000 58.144000 55
58.272000 59.104000 57
59.424000 59.776000 58
59.968000 60.832000 58
63.136000 63.392000 62
63.392000 63.680000 65
63.680000 64.736000 70
64.832000 66.176000 65
66.176000 66.880000 62
67.360000 68.064000 62
68.064000 68.320000 60
68.320000 69.120000 58
69.120000 69.888000 65
70.304000 70.496000 60
70.656000 71.392000 62
71.712000 72.096000 62
72.096000 72.288000 65
72.448000 72.608000 70
72.736000 73.184000 69
73.184000 73.536000 70
73.536000 74.912000 65
74.912000 75.552000 62
75.872000 76.128000 62
76.224000 76.672000 62
76.832000 77.792000 58
78.464000 78.752000 57
79.008000 79.552000 58
79.744000 80.160000 58
80.512000 81.536000 58
101.216000 101.696000 62
101.888000 102.176000 65
102.176000 102.720000 60
103.008000 103.488000 61
103.488000 104.128000 58
104.928000 105.600000 58
105.728000 105.920000 65
105.920000 106.144000 67
106.240000 106.464000 67
106.528000 107.008000 66
107.296000 107.616000 65
107.616000 108.672000 62
110.016000 110.528000 62
110.624000 110.816000 65
110.816000 111.456000 60
111.680000 112.064000 61
112.288000 112.384000 58
112.480000 112.672000 58
113.152000 113.440000 60
113.440000 113.728000 63
113.728000 114.336000 60
114.528000 114.880000 55
114.976000 115.232000 58
115.328000 115.808000 57
116.064000 117.120000 58
117.664000 117.920000 62
117.920000 118.208000 65
118.208000 119.232000 70
119.360000 120.704000 65
120.800000 121.440000 62
121.856000 122.624000 62
122.624000 123.584000 58
123.680000 124.416000 65
124.864000 125.024000 60
125.184000 125.760000 62
125.920000 126.048000 62
126.240000 126.624000 62
126.624000 126.848000 65
127.008000 127.136000 70
127.264000 127.712000 69
127.712000 128.064000 70
128.064000 129.472000 65
129.472000 130.272000 62
130.464000 130.720000 62
130.816000 131.040000 63
131.136000 131.232000 62
131.360000 132.320000 58
132.928000 133.024000 61
133.024000 133.344000 57
133.568000 134.560000 58
135.104000 135.392000 62
135.392000 135.680000 65
135.680000 136.736000 69
136.832000 138.176000 65
138.272000 139.008000 62
139.168000 139.392000 62
139.520000 140.000000 62
140.096000 140.320000 60
140.416000 140.544000 58
140.672000 140.992000 58
141.184000 141.888000 65
142.240000 142.560000 67
142.688000 143.008000 65
143.008000 143.424000 62
143.840000 144.096000 62
144.096000 144.448000 65
144.448000 145.728000 70
145.824000 146.016000 70
146.016000 146.912000 72
147.008000 147.776000 74
147.936000 148.160000 62
148.256000 148.800000 63
148.800000 149.056000 60
149.056000 150.624000 58
150.976000 152.128000 58
152.224000 152.352000 58
152.608000 153.056000 58
178.752000 179.008000 62
179.008000 179.328000 65
179.328000 180.320000 70
180.480000 181.760000 65
181.760000 182.528000 62
182.880000 183.904000 62
183.904000 184.768000 58
184.768000 185.504000 65
185.920000 186.144000 60
186.304000 186.848000 62
187.360000 187.776000 62
187.776000 187.936000 65
188.384000 188.800000 69
189.024000 189.184000 69
189.184000 190.528000 65
190.528000 191.168000 62
191.552000 191.808000 62
191.968000 192.128000 63
192.224000 192.320000 62
192.448000 192.736000 60
192.736000 193.504000 58
194.048000 194.400000 57
194.656000 195.584000 58
196.224000 196.480000 62
196.480000 196.800000 65
196.800000 197.792000 70
197.920000 199.296000 65
199.296000 200.000000 62
200.288000 201.088000 62
201.184000 202.304000 58
202.336000 202.496000 66
202.624000 203.072000 65
203.328000 203.744000 66
203.872000 204.192000 65
204.192000 204.640000 62
204.864000 205.248000 62
205.248000 205.504000 65
205.504000 205.984000 69
206.080000 206.368000 69
206.368000 207.552000 72
207.712000 208.800000 74
208.928000 208.992000 67
208.992000 209.248000 63
209.344000 209.920000 62
209.920000 210.080000 60
210.176000 210.848000 58
211.008000 211.200000 58
211.392000 211.840000 57
212.064000 212.256000 58
212.448000 212.544000 58
