21.792000 22.816000 51
23.168000 23.552000 60
23.552000 24.832000 56
24.928000 25.376000 53
25.376000 26.464000 56
27.200000 27.776000 58
27.776000 28.320000 60
28.928000 29.568000 51
29.568000 30.400000 53
30.400000 32.384000 56
32.480000 32.928000 53
32.928000 33.408000 57
33.536000 33.664000 58
34.272000 35.520000 52
36.064000 37.216000 51
37.376000 37.792000 59
37.792000 40.864000 56
41.376000 42.720000 58
43.136000 43.936000 51
43.936000 44.896000 54
44.992000 46.016000 57
46.336000 46.816000 60
46.816000 47.520000 61
47.520000 48.960000 63
49.056000 49.248000 58
49.248000 49.824000 56
50.400000 51.808000 61
52.160000 53.344000 60
53.472000 54.656000 56
54.848000 55.104000 53
55.104000 55.392000 56
55.520000 56.928000 60
57.472000 57.888000 56
57.888000 58.272000 64
58.368000 58.752000 61
58.752000 60.704000 56
61.088000 65.056000 63
67.328000 67.744000 51
67.744000 68.160000 56
68.160000 69.952000 58
69.952000 70.432000 60
70.432000 70.912000 62
71.296000 72.096000 63
72.096000 72.960000 55
73.056000 73.504000 56
73.504000 73.952000 62
73.952000 74.688000 60
75.232000 75.712000 56
75.712000 75.872000 63
75.872000 77.024000 65
77.024000 77.792000 67
77.920000 78.432000 63
78.816000 79.200000 63
79.200000 79.616000 59
79.616000 79.776000 55
79.904000 80.608000 62
80.608000 81.088000 58
81.440000 81.824000 51
81.824000 81.888000 53
81.888000 82.336000 56
82.336000 82.912000 58
82.912000 83.328000 60
83.328000 84.032000 56
84.032000 85.024000 60
85.376000 86.304000 63
86.304000 86.656000 67
86.752000 87.008000 63
87.008000 87.968000 58
88.096000 88.224000 56
88.224000 89.056000 57
89.376000 89.824000 56
89.824000 90.208000 64
90.304000 90.656000 61
90.656000 91.104000 57
91.200000 92.160000 53
92.608000 96.672000 56
100.064000 101.344000 51
101.472000 101.856000 59
101.856000 102.240000 56
102.336000 102.784000 57
102.784000 103.552000 54
103.648000 104.832000 56
105.408000 106.688000 59
107.200000 107.264000 49
107.264000 107.392000 50
107.392000 107.808000 51
107.808000 108.352000 53
108.352000 108.576000 53
108.576000 108.928000 55
108.928000 109.504000 56
109.504000 110.432000 58
110.432000 112.032000 56
112.448000 113.472000 53
113.472000 113.760000 51
114.208000 115.200000 51
115.488000 115.648000 58
115.648000 115.872000 60
115.872000 117.056000 56
117.056000 119.104000 55
119.488000 119.872000 58
119.968000 120.096000 59
120.096000 120.480000 61
120.480000 120.992000 58
121.280000 121.536000 50
121.536000 121.888000 51
121.888000 122.720000 53
122.720000 124.032000 56
124.384000 124.736000 60
124.832000 125.504000 61
125.504000 126.496000 63
126.592000 127.296000 59
127.296000 127.936000 56
128.384000 131.040000 61
131.040000 131.872000 59
131.968000 132.736000 56
132.832000 132.960000 54
133.056000 133.408000 56
133.408000 134.976000 60
135.456000 135.808000 55
135.904000 136.064000 64
136.064000 136.320000 65
136.320000 136.736000 61
136.736000 138.496000 56
139.008000 144.672000 63
145.088000 145.408000 51
145.408000 145.440000 53
145.440000 145.504000 55
145.504000 145.856000 56
145.856000 146.016000 57
146.016000 147.936000 58
147.936000 148.320000 60
148.320000 148.768000 63
149.024000 149.824000 63
149.824000 150.528000 55
150.784000 151.200000 56
151.200000 151.264000 58
151.264000 151.616000 63
151.616000 152.608000 59
152.992000 153.472000 56
153.472000 153.632000 63
153.632000 154.784000 65
154.784000 155.616000 67
155.616000 156.256000 63
156.544000 156.608000 61
156.608000 156.960000 63
156.960000 157.376000 59
157.376000 157.632000 56
157.632000 158.560000 62
158.560000 158.880000 58
159.168000 159.424000 51
159.424000 159.584000 52
159.584000 160.064000 56
160.064000 161.120000 58
161.280000 161.760000 56
161.760000 162.240000 60
162.240000 162.816000 63
163.104000 164.704000 64
164.704000 165.088000 60
165.088000 165.728000 58
165.824000 165.952000 56
165.952000 166.432000 58
166.432000 166.880000 56
167.136000 167.616000 56
167.616000 168.128000 63
168.128000 168.384000 61
168.480000 168.832000 57
168.960000 169.920000 53
170.208000 170.976000 56
171.072000 173.696000 56
174.176000 177.440000 56
177.728000 177.920000 55
177.920000 177.984000 56
177.984000 178.336000 58
178.336000 178.784000 60
178.784000 179.328000 63
179.328000 179.488000 56
179.584000 179.808000 56
179.808000 179.968000 61
179.968000 180.448000 65
180.448000 181.056000 68
181.312000 181.664000 56
181.792000 181.920000 63
181.920000 182.144000 65
182.144000 182.528000 61
182.656000 183.936000 56
184.032000 184.224000 59
184.224000 184.928000 63
185.376000 185.440000 61
185.440000 185.536000 63
185.536000 185.792000 65
185.792000 186.144000 63
186.144000 187.392000 67
187.392000 192.032000 63
192.064000 192.288000 63
195.904000 196.352000 51
196.352000 196.832000 56
196.832000 198.592000 58
198.688000 199.264000 60
199.264000 199.680000 63
200.064000 200.832000 64
200.832000 201.792000 55
201.888000 202.336000 56
202.336000 202.688000 63
202.784000 203.648000 60
204.128000 204.576000 56
204.576000 204.608000 59
204.608000 204.736000 62
204.736000 205.888000 65
205.888000 206.720000 67
206.720000 207.328000 63
207.680000 208.064000 62
208.064000 208.768000 58
208.768000 209.472000 62
209.472000 209.888000 58
210.240000 210.688000 51
210.688000 211.456000 57
211.552000 211.744000 58
211.744000 212.224000 60
212.384000 212.832000 56
212.832000 213.440000 60
213.440000 213.888000 63
214.176000 214.240000 61
214.240000 215.104000 63
215.104000 215.584000 66
215.584000 215.744000 64
215.744000 216.736000 59
216.832000 216.992000 56
216.992000 217.792000 57
218.144000 218.624000 56
218.624000 218.752000 63
218.752000 219.008000 65
219.008000 219.424000 61
219.424000 219.872000 56
219.968000 220.128000 56
220.128000 220.928000 53
221.376000 224.864000 56
224.960000 225.056000 56
226.624000 227.296000 56
227.296000 227.744000 65
227.840000 228.896000 67
229.120000 229.632000 63
229.632000 231.392000 56
233.152000 239.040000 56
239.296000 239.584000 56
