0.768000 0.960000 60
0.960000 1.184000 62
1.280000 1.408000 65
1.408000 1.760000 63
1.760000 2.304000 68
2.432000 2.656000 73
2.656000 2.752000 69
2.912000 3.072000 67
3.168000 3.296000 69
3.488000 5.088000 65
6.432000 6.784000 62
6.912000 7.488000 64
7.488000 7.840000 68
7.840000 8.224000 73
8.416000 8.576000 68
8.736000 8.864000 69
8.960000 10.688000 65
10.944000 11.136000 60
12.224000 12.288000 65
12.288000 12.576000 69
12.736000 13.152000 65
13.152000 13.504000 69
13.600000 14.144000 69
14.144000 14.624000 64
15.104000 15.936000 63
16.096000 16.256000 61
16.512000 16.992000 64
18.016000 18.144000 61
18.144000 18.400000 63
18.496000 18.880000 63
18.976000 19.392000 61
19.392000 20.192000 65
20.928000 21.152000 69
21.376000 21.792000 68
21.888000 22.240000 64
22.336000 22.560000 63
22.784000 23.104000 64
23.264000 23.584000 68
23.744000 24.032000 73
24.224000 24.640000 70
24.640000 24.896000 68
24.992000 25.088000 65
25.184000 25.472000 64
26.208000 26.336000 58
26.560000 27.840000 63
27.968000 28.448000 64
28.928000 29.120000 63
29.408000 30.048000 63
30.176000 30.560000 63
30.720000 31.360000 63
31.584000 31.936000 62
32.224000 32.480000 70
32.608000 32.992000 68
33.152000 33.408000 64
33.600000 34.560000 63
34.816000 35.072000 61
35.072000 36.032000 65
36.288000 36.352000 68
36.512000 37.280000 65
37.440000 37.792000 67
37.888000 39.424000 65
42.208000 42.528000 61
42.624000 42.784000 63
43.104000 43.424000 64
43.648000 45.024000 63
47.424000 47.552000 55
47.712000 48.000000 60
48.160000 48.448000 63
48.608000 48.928000 64
48.928000 49.408000 58
49.600000 51.008000 63
51.808000 52.096000 61
52.096000 52.320000 63
52.512000 52.768000 63
52.960000 53.184000 63
53.184000 53.568000 61
53.568000 53.984000 63
54.368000 54.688000 70
54.944000 56.064000 65
56.288000 57.120000 75
57.568000 57.632000 67
57.632000 58.016000 64
58.208000 58.368000 59
58.560000 58.912000 64
59.008000 59.392000 62
59.488000 59.840000 61
59.968000 60.064000 58
60.384000 60.704000 64
60.896000 61.152000 58
61.344000 61.632000 64
61.824000 62.208000 62
62.304000 62.784000 61
63.200000 63.552000 64
63.648000 63.968000 59
64.128000 64.544000 64
64.544000 64.960000 62
65.056000 65.504000 61
65.984000 66.272000 69
66.272000 66.304000 66
66.304000 68.288000 63
68.288000 68.640000 60
68.704000 68.768000 59
68.768000 69.088000 64
69.248000 69.536000 58
69.696000 69.760000 62
69.760000 70.112000 65
70.208000 70.528000 63
70.656000 70.752000 60
70.944000 71.488000 58
72.032000 72.416000 72
72.416000 72.704000 70
72.992000 73.312000 64
73.440000 75.328000 63
75.584000 76.128000 64
76.256000 76.992000 63
76.992000 78.048000 60
78.976000 79.136000 55
79.392000 79.680000 57
79.904000 81.696000 58
82.368000 82.656000 60
82.656000 82.752000 61
82.752000 84.256000 63
84.256000 84.896000 65
85.280000 85.568000 63
85.664000 86.240000 64
86.240000 86.688000 68
86.784000 86.976000 73
87.104000 87.680000 69
87.808000 89.504000 65
92.352000 92.864000 65
93.056000 93.344000 66
93.504000 95.840000 65
96.768000 97.600000 60
98.272000 98.400000 59
98.400000 98.880000 63
99.200000 99.424000 64
99.648000 101.632000 63
101.888000 102.080000 60
102.080000 103.232000 64
103.872000 103.936000 61
103.936000 104.704000 65
104.800000 106.304000 65
106.336000 106.528000 64
108.032000 108.704000 63
108.960000 109.184000 61
109.440000 109.792000 63
109.856000 110.176000 65
110.400000 110.688000 69
110.976000 112.096000 65
112.256000 113.152000 75
113.664000 113.920000 64
114.080000 114.400000 59
114.560000 114.880000 64
115.008000 115.776000 62
115.936000 116.032000 58
116.416000 116.480000 61
116.480000 116.704000 64
116.864000 117.248000 59
117.344000 117.664000 65
117.792000 118.688000 61
118.688000 118.880000 59
119.200000 119.584000 64
119.680000 120.000000 59
120.192000 120.480000 65
120.608000 120.736000 61
120.736000 120.960000 63
121.088000 121.568000 61
122.016000 122.336000 69
122.336000 122.848000 63
122.880000 123.328000 63
123.424000 123.552000 61
123.552000 124.320000 63
124.320000 124.512000 60
124.768000 125.152000 64
125.280000 125.568000 58
125.728000 125.792000 61
125.792000 126.048000 64
126.304000 126.528000 63
126.656000 126.752000 61
126.912000 127.456000 58
128.032000 128.160000 71
128.160000 128.320000 73
128.320000 128.928000 70
129.024000 129.312000 64
129.472000 131.488000 63
131.808000 132.096000 64
132.224000 133.120000 63
133.120000 134.112000 60
135.072000 135.360000 55
135.456000 135.744000 57
135.904000 137.792000 58
138.432000 138.720000 60
138.720000 139.808000 63
139.904000 140.064000 60
140.064000 141.056000 65
141.376000 142.816000 65
142.912000 143.936000 65
144.480000 144.608000 75
144.608000 144.736000 74
144.736000 145.600000 72
145.728000 146.368000 64
146.496000 147.136000 61
147.136000 147.872000 63
148.288000 148.480000 61
148.480000 148.896000 64
148.992000 149.376000 58
149.376000 150.080000 64
150.208000 151.264000 58
152.416000 152.544000 60
152.544000 152.864000 62
152.896000 153.504000 64
153.504000 154.016000 68
154.112000 154.304000 73
154.304000 154.496000 70
154.496000 155.040000 68
155.040000 157.408000 65
