19.168000 19.616000 63
19.776000 21.088000 63
21.216000 21.856000 65
22.400000 22.624000 67
22.720000 24.224000 63
25.056000 26.112000 63
26.272000 27.712000 61
28.032000 28.992000 60
29.472000 29.600000 60
29.792000 30.336000 60
30.336000 30.496000 65
30.624000 30.816000 63
30.816000 31.168000 59
31.808000 32.416000 63
32.672000 32.960000 65
32.960000 34.240000 67
34.240000 38.368000 65
38.368000 38.592000 67
38.944000 40.128000 63
40.128000 40.672000 66
41.216000 41.440000 67
41.536000 42.976000 63
43.520000 44.032000 63
44.128000 44.928000 63
45.088000 46.528000 61
46.848000 47.616000 60
48.288000 49.600000 68
49.760000 49.952000 63
50.304000 51.232000 62
51.520000 52.000000 66
52.096000 52.896000 67
52.896000 53.280000 63
53.280000 54.304000 67
54.464000 55.264000 70
55.424000 55.648000 60
55.648000 56.576000 63
56.576000 56.992000 62
57.088000 57.184000 65
57.184000 57.632000 66
57.728000 58.048000 65
58.048000 58.432000 62
58.528000 59.680000 65
59.680000 60.768000 68
60.768000 61.248000 65
61.376000 61.664000 64
61.856000 62.592000 65
62.592000 62.848000 63
62.976000 63.232000 63
63.232000 64.064000 65
64.320000 64.928000 62
65.600000 65.856000 67
65.856000 66.368000 70
66.848000 68.448000 63
68.608000 69.120000 70
69.120000 69.312000 63
69.440000 70.016000 62
70.304000 71.616000 67
71.744000 72.320000 65
72.640000 74.208000 65
74.400000 74.784000 65
75.264000 75.488000 60
75.488000 75.552000 61
75.552000 75.872000 63
75.872000 76.032000 66
76.032000 76.256000 67
76.256000 77.728000 64
77.728000 78.592000 67
78.592000 79.136000 70
79.136000 79.584000 67
79.776000 79.872000 64
80.064000 80.224000 60
80.224000 80.288000 61
80.288000 80.608000 63
80.608000 81.408000 66
81.440000 82.048000 63
82.048000 83.168000 65
83.168000 83.680000 62
83.840000 83.936000 61
84.416000 84.640000 67
84.640000 84.704000 68
84.704000 85.760000 71
85.856000 86.112000 72
86.112000 87.584000 70
87.968000 88.224000 58
88.224000 88.352000 59
88.352000 88.864000 63
89.088000 89.472000 63
89.472000 89.664000 65
89.664000 91.360000 67
91.488000 91.680000 63
92.064000 92.800000 67
92.928000 93.472000 65
93.856000 94.016000 67
94.112000 94.656000 63
111.872000 112.928000 65
113.184000 113.664000 63
113.792000 115.104000 63
115.232000 115.840000 65
116.384000 116.608000 67
116.704000 118.240000 63
119.072000 120.096000 63
120.288000 121.728000 61
122.048000 122.976000 60
123.488000 123.616000 60
123.808000 124.320000 60
124.320000 124.512000 64
124.640000 124.832000 63
124.832000 125.184000 59
125.792000 125.952000 65
126.112000 126.432000 63
126.656000 126.944000 65
126.944000 128.256000 67
128.256000 128.832000 65
128.832000 129.312000 63
129.312000 132.544000 65
132.928000 133.792000 63
133.792000 134.656000 65
135.232000 135.392000 69
135.552000 137.088000 63
137.536000 138.912000 63
139.040000 140.576000 61
140.864000 141.632000 60
142.304000 143.584000 68
143.744000 143.968000 63
144.544000 145.152000 62
145.504000 145.728000 65
145.728000 145.952000 67
146.080000 146.912000 68
146.912000 147.264000 63
147.264000 148.288000 67
148.448000 149.056000 70
149.280000 149.984000 63
150.176000 150.464000 65
150.464000 150.720000 60
150.720000 150.784000 61
150.784000 151.712000 65
151.744000 152.064000 65
152.064000 152.448000 62
152.576000 153.664000 65
153.664000 154.784000 68
154.784000 155.296000 65
155.360000 155.680000 64
155.808000 156.608000 65
156.608000 156.800000 63
156.992000 157.248000 63
157.248000 157.568000 64
157.568000 158.048000 66
158.336000 158.976000 62
159.584000 159.840000 67
159.840000 160.384000 70
160.832000 161.632000 63
161.728000 162.432000 63
162.592000 163.104000 70
163.104000 163.328000 63
163.456000 164.032000 63
164.288000 164.576000 65
164.576000 164.800000 67
164.896000 165.632000 67
165.760000 166.336000 65
166.656000 168.256000 65
168.416000 168.768000 65
169.280000 169.504000 60
169.504000 169.568000 61
169.568000 169.888000 63
169.888000 170.400000 66
170.496000 170.720000 65
170.720000 170.816000 64
170.816000 171.328000 62
171.328000 172.352000 65
172.512000 173.152000 70
173.152000 173.600000 67
173.792000 173.856000 64
174.080000 174.240000 60
174.240000 174.304000 61
174.304000 174.560000 63
174.560000 175.392000 65
175.456000 176.064000 63
176.064000 177.152000 65
177.152000 177.376000 62
177.856000 177.952000 62
178.400000 178.656000 67
178.656000 178.720000 68
178.720000 179.744000 72
179.872000 180.224000 73
180.384000 180.800000 69
180.896000 180.992000 71
180.992000 181.664000 72
181.984000 182.336000 59
182.336000 182.880000 63
183.136000 183.328000 66
183.328000 183.616000 65
183.616000 185.376000 67
185.472000 185.664000 63
186.400000 186.816000 68
187.200000 187.456000 68
187.840000 188.000000 69
188.096000 188.640000 63
189.280000 189.984000 63
189.984000 191.136000 65
191.584000 191.872000 63
191.968000 193.472000 63
193.952000 194.464000 63
194.560000 196.576000 65
198.048000 198.368000 59
198.560000 198.688000 61
198.688000 199.488000 63
199.488000 200.608000 65
200.992000 202.848000 63
203.328000 203.904000 63
203.904000 204.576000 65
204.576000 205.504000 69
207.040000 207.424000 63
207.808000 207.840000 62
208.192000 209.376000 63
209.376000 210.144000 65
210.784000 212.224000 63
212.224000 213.280000 64
213.376000 214.336000 65
214.464000 215.040000 61
215.200000 215.776000 61
216.000000 216.128000 65
216.352000 216.864000 60
217.536000 218.816000 67
218.976000 219.200000 63
219.552000 220.128000 62
220.224000 220.320000 62
220.736000 221.216000 66
221.312000 222.080000 68
222.208000 222.496000 64
222.496000 223.520000 67
223.680000 224.480000 70
224.864000 225.216000 63
225.408000 225.728000 65
