16.800000 16.928000 50
17.824000 17.984000 50
27.616000 28.160000 53
28.160000 28.352000 49
28.480000 29.216000 51
29.696000 30.400000 47
30.400000 30.912000 45
33.632000 34.592000 49
34.816000 35.968000 48
36.032000 36.096000 46
36.128000 36.160000 46
36.224000 36.288000 46
36.320000 36.672000 45
40.576000 41.312000 53
41.312000 41.696000 49
41.856000 42.528000 51
42.656000 43.360000 49
43.488000 43.744000 48
43.840000 44.160000 46
46.464000 46.720000 45
46.848000 47.552000 48
48.512000 48.960000 46
49.056000 49.536000 48
49.664000 50.240000 47
54.016000 54.592000 53
54.720000 55.040000 53
55.136000 55.840000 51
55.968000 56.512000 51
56.608000 56.672000 50
56.672000 56.992000 51
57.152000 57.280000 50
57.280000 57.728000 46
60.256000 60.704000 49
60.800000 61.184000 49
61.408000 62.528000 48
63.136000 63.328000 45
67.296000 67.392000 53
67.488000 68.160000 53
68.256000 68.384000 50
68.480000 68.800000 51
68.928000 69.344000 51
69.760000 70.016000 48
70.112000 70.304000 49
70.464000 70.944000 46
71.232000 71.360000 46
73.856000 74.336000 49
74.880000 74.976000 47
75.072000 75.392000 47
75.488000 76.032000 47
76.160000 77.056000 47
91.552000 91.680000 53
107.296000 108.000000 65
108.000000 110.016000 61
110.016000 110.592000 58
113.952000 114.592000 61
114.592000 116.224000 59
116.320000 116.416000 57
116.416000 117.088000 53
120.544000 121.248000 65
121.344000 123.392000 61
123.392000 124.480000 58
126.784000 126.848000 53
126.848000 127.776000 61
128.000000 128.160000 61
128.160000 128.320000 58
128.416000 129.856000 60
129.952000 130.752000 58
133.952000 134.752000 65
134.752000 136.192000 62
136.800000 137.024000 61
137.024000 137.408000 58
140.608000 142.752000 60
142.912000 143.168000 56
143.168000 143.808000 53
147.264000 148.064000 65
148.064000 148.736000 61
148.832000 149.216000 63
149.216000 150.016000 60
150.112000 151.008000 58
153.504000 154.272000 61
154.688000 155.264000 58
155.264000 157.504000 60
160.512000 160.832000 65
160.960000 161.408000 65
161.408000 162.528000 63
162.656000 163.456000 61
163.456000 164.160000 58
166.304000 166.816000 56
166.848000 167.616000 61
167.904000 168.448000 56
168.448000 169.312000 60
169.696000 170.144000 55
170.144000 170.560000 53
173.824000 173.888000 61
173.888000 174.016000 65
174.112000 174.752000 65
174.880000 175.232000 61
175.232000 175.840000 63
175.840000 177.632000 60
180.032000 180.160000 57
180.160000 181.216000 61
181.376000 181.696000 58
181.824000 184.224000 60
187.392000 187.520000 46
187.520000 187.616000 48
187.616000 188.032000 51
188.032000 188.256000 49
188.352000 189.216000 50
189.664000 190.496000 47
190.592000 190.912000 47
193.504000 194.496000 49
194.816000 195.104000 47
195.200000 195.808000 48
195.808000 196.672000 45
196.832000 197.184000 45
200.544000 200.608000 50
200.608000 201.216000 53
201.216000 202.080000 50
202.208000 202.720000 51
203.040000 203.392000 48
203.488000 204.384000 47
206.464000 206.624000 45
206.784000 207.776000 48
208.992000 209.120000 45
209.120000 209.376000 48
209.536000 210.688000 48
211.712000 212.704000 46
