3.552000 3.712000 59
3.712000 3.872000 61
3.872000 4.032000 64
4.128000 4.224000 63
4.224000 6.016000 61
6.016000 6.496000 63
6.496000 6.944000 59
6.944000 7.488000 68
7.744000 8.000000 68
8.000000 8.384000 70
8.384000 9.216000 64
9.312000 10.176000 66
10.176000 11.584000 64
11.872000 11.936000 59
11.936000 12.128000 61
12.128000 12.352000 64
12.352000 13.600000 61
13.888000 14.176000 61
14.176000 14.656000 63
14.656000 15.232000 59
15.232000 15.648000 68
15.904000 16.320000 68
16.320000 16.480000 71
16.480000 16.544000 68
16.544000 17.472000 64
17.472000 19.136000 65
19.264000 19.744000 64
20.000000 20.352000 68
20.352000 20.576000 71
20.576000 20.608000 69
20.608000 20.672000 66
20.672000 21.536000 64
21.536000 23.808000 65
24.192000 25.824000 64
28.288000 28.448000 53
28.704000 28.832000 58
28.832000 28.960000 60
29.056000 29.472000 61
29.472000 30.400000 63
30.528000 30.912000 59
31.040000 31.168000 59
31.328000 31.680000 55
31.776000 32.448000 56
32.800000 32.896000 57
32.896000 33.248000 61
33.344000 33.600000 61
33.600000 34.528000 63
34.528000 34.848000 58
34.944000 35.808000 59
35.936000 36.480000 64
36.896000 37.184000 68
37.440000 37.856000 61
37.952000 38.272000 64
38.272000 38.688000 66
38.688000 39.904000 63
40.000000 40.160000 63
40.256000 40.736000 64
40.992000 41.088000 59
41.088000 42.208000 61
42.336000 42.432000 63
42.432000 43.200000 59
43.200000 43.712000 56
43.872000 45.056000 61
45.696000 45.760000 58
45.760000 45.920000 61
45.920000 46.176000 64
46.176000 47.456000 61
47.712000 48.000000 61
48.000000 48.160000 64
48.256000 48.480000 63
48.480000 48.992000 59
48.992000 49.472000 68
49.728000 50.048000 68
50.048000 50.336000 70
50.336000 50.400000 67
50.400000 53.568000 64
53.856000 53.984000 58
53.984000 54.080000 61
54.080000 54.496000 64
54.496000 55.648000 61
55.904000 56.192000 61
56.192000 56.736000 63
56.896000 57.152000 59
57.152000 57.664000 68
57.888000 58.304000 68
58.304000 58.528000 71
58.528000 59.584000 64
59.584000 61.184000 65
61.280000 61.792000 64
62.016000 62.368000 68
62.368000 62.656000 71
62.656000 63.616000 64
63.616000 64.480000 66
64.608000 64.960000 65
64.960000 65.280000 63
65.408000 66.112000 64
66.400000 66.656000 64
66.656000 66.976000 71
67.072000 67.392000 64
67.680000 67.936000 71
67.936000 68.480000 64
68.480000 68.704000 62
68.704000 70.272000 66
70.560000 70.816000 64
70.816000 71.040000 71
71.040000 71.552000 64
71.840000 72.160000 73
72.160000 72.320000 71
72.320000 73.056000 68
73.056000 74.368000 64
74.592000 74.848000 64
74.848000 75.072000 71
75.072000 75.552000 64
75.872000 76.096000 71
76.096000 77.696000 64
77.696000 78.464000 69
78.720000 78.976000 64
78.976000 79.200000 71
79.200000 79.680000 64
80.000000 80.480000 71
80.480000 81.088000 69
81.088000 83.072000 64
84.064000 84.512000 61
84.640000 85.600000 63
85.696000 86.112000 61
86.112000 86.816000 55
86.912000 87.712000 56
88.096000 88.256000 56
88.256000 88.928000 61
88.928000 89.632000 63
89.824000 90.912000 59
91.008000 91.808000 64
92.160000 92.576000 68
92.832000 92.928000 63
92.928000 93.472000 62
93.600000 94.016000 66
94.336000 94.976000 63
94.976000 95.520000 59
95.648000 96.128000 64
96.384000 96.608000 60
96.704000 97.088000 61
97.216000 97.632000 64
97.728000 97.856000 63
97.856000 98.432000 59
98.528000 99.008000 56
99.264000 100.448000 61
101.056000 101.120000 58
101.120000 101.216000 60
101.216000 101.472000 64
101.568000 102.016000 61
102.112000 102.176000 61
102.176000 102.336000 64
102.336000 102.880000 61
103.104000 103.392000 61
103.392000 103.872000 63
103.872000 104.384000 59
104.384000 104.864000 68
105.152000 105.536000 68
105.536000 105.760000 71
105.760000 106.688000 64
106.688000 107.552000 66
107.552000 108.992000 64
109.248000 109.376000 58
109.376000 109.536000 61
109.536000 109.760000 64
109.760000 111.040000 61
111.328000 111.584000 61
111.584000 112.192000 63
112.288000 112.544000 59
112.544000 113.056000 68
113.280000 113.632000 68
113.632000 113.952000 71
113.952000 114.944000 64
114.944000 116.576000 65
116.704000 117.216000 64
117.440000 117.760000 68
117.760000 118.016000 71
118.016000 119.008000 64
119.008000 119.488000 71
119.488000 120.256000 68
120.256000 121.216000 64
121.632000 124.096000 64
125.760000 126.112000 64
126.112000 127.296000 71
127.424000 127.840000 67
127.936000 128.512000 66
128.512000 129.696000 68
130.144000 130.752000 71
130.752000 131.584000 64
131.680000 132.064000 73
132.192000 132.448000 71
132.704000 133.184000 63
134.144000 134.624000 70
134.624000 135.264000 64
135.392000 136.608000 71
136.608000 137.792000 66
138.176000 138.624000 71
138.624000 138.944000 64
139.040000 140.032000 64
140.032000 140.896000 66
141.696000 141.792000 59
141.792000 142.272000 56
