6.656000 7.168000 57
7.168000 7.712000 60
7.840000 8.160000 60
8.352000 8.448000 62
8.576000 9.344000 61
9.504000 9.856000 60
9.856000 10.912000 56
10.912000 11.872000 60
12.032000 12.672000 62
12.672000 13.600000 60
13.600000 14.016000 57
14.304000 14.624000 57
14.624000 15.136000 60
15.264000 15.520000 58
15.744000 15.936000 58
16.192000 16.384000 57
16.672000 17.568000 57
17.888000 18.880000 54
18.880000 20.096000 57
21.184000 22.432000 56
23.456000 23.520000 54
23.520000 23.968000 57
23.968000 25.344000 62
25.536000 25.792000 65
25.792000 26.240000 61
26.464000 27.520000 62
29.280000 29.408000 61
29.568000 29.728000 65
30.176000 32.480000 57
36.544000 37.056000 57
37.056000 37.568000 60
37.664000 38.016000 60
38.240000 38.336000 62
38.464000 39.040000 62
39.168000 39.776000 60
39.776000 40.736000 57
40.736000 41.728000 60
41.824000 42.848000 61
43.104000 43.456000 60
43.456000 44.064000 57
44.608000 45.376000 59
45.472000 45.568000 58
45.664000 47.232000 57
47.232000 48.128000 55
48.672000 50.368000 57
51.200000 52.288000 57
52.864000 53.088000 56
53.440000 53.984000 57
53.984000 54.784000 62
54.976000 55.136000 63
55.136000 55.584000 65
55.616000 55.712000 62
55.904000 57.216000 62
57.440000 57.664000 62
58.496000 58.848000 65
58.912000 58.944000 64
58.976000 59.456000 64
59.648000 63.328000 60
67.072000 70.560000 57
71.040000 71.488000 55
71.584000 71.936000 54
72.448000 72.544000 54
72.736000 73.632000 54
74.560000 74.912000 57
75.040000 77.504000 58
78.272000 81.696000 58
81.984000 85.664000 69
85.952000 86.432000 67
86.432000 86.848000 65
86.848000 87.136000 62
87.136000 87.680000 65
87.680000 88.640000 67
88.640000 88.928000 62
89.440000 92.704000 70
92.992000 93.088000 69
93.216000 99.328000 69
99.424000 99.520000 69
105.632000 106.368000 58
106.368000 106.688000 60
106.784000 107.008000 60
107.008000 107.200000 62
107.584000 108.256000 62
108.480000 108.864000 60
108.864000 109.952000 57
109.952000 110.880000 60
111.040000 111.744000 62
111.744000 112.960000 60
113.344000 113.504000 64
113.504000 114.496000 60
114.720000 114.944000 58
115.200000 115.392000 58
115.680000 116.576000 58
116.864000 117.312000 54
117.568000 117.728000 54
117.856000 119.104000 60
120.448000 120.992000 57
121.152000 121.312000 58
122.496000 123.904000 62
124.000000 124.320000 63
124.512000 124.800000 65
124.800000 125.248000 62
125.504000 126.816000 62
128.096000 128.384000 60
128.544000 128.672000 66
128.768000 128.864000 66
129.184000 129.696000 60
129.696000 131.008000 57
131.104000 131.680000 57
135.936000 136.032000 72
136.160000 136.224000 69
136.224000 137.824000 72
137.824000 140.096000 69
140.192000 140.992000 66
141.088000 141.216000 63
141.280000 141.856000 65
141.856000 142.752000 67
142.752000 143.168000 62
143.616000 146.592000 70
147.136000 150.880000 70
151.104000 154.400000 69
155.040000 155.296000 68
155.296000 155.520000 67
155.520000 156.576000 65
156.704000 157.632000 67
157.632000 158.048000 62
158.592000 161.696000 70
162.080000 167.072000 70
167.232000 168.064000 65
168.192000 168.320000 67
168.512000 169.344000 68
169.920000 170.176000 64
170.432000 170.688000 63
191.936000 192.032000 71
196.032000 196.416000 71
199.424000 201.344000 71
201.344000 203.296000 68
203.392000 203.520000 67
203.584000 204.480000 66
204.576000 204.800000 61
204.800000 205.184000 64
205.280000 206.208000 66
206.208000 206.592000 61
207.104000 210.176000 69
210.592000 214.496000 69
214.624000 216.224000 71
216.224000 218.112000 68
218.464000 218.720000 65
218.720000 218.976000 66
218.976000 220.096000 64
220.256000 220.416000 64
220.416000 220.928000 66
220.928000 221.472000 61
221.856000 221.920000 54
222.080000 222.432000 68
222.528000 224.928000 69
225.536000 230.592000 69
230.688000 230.848000 68
230.912000 230.944000 68
230.976000 233.984000 68
234.016000 234.048000 68
234.112000 235.616000 71
235.968000 236.160000 70
236.160000 237.664000 75
237.664000 237.888000 69
238.912000 239.328000 76
244.224000 244.320000 72
244.448000 244.512000 69
244.512000 246.176000 71
246.176000 247.936000 68
248.416000 249.120000 65
249.184000 249.216000 64
249.536000 249.888000 64
250.080000 250.912000 66
251.008000 251.104000 66
251.936000 252.224000 68
252.416000 254.592000 69
255.712000 255.936000 68
256.608000 256.800000 68
257.312000 260.800000 69
261.504000 261.920000 68
262.048000 262.112000 68
262.240000 262.816000 68
263.008000 263.200000 71
263.328000 263.456000 71
