19.360000 19.456000 56
19.968000 22.528000 57
23.040000 25.248000 55
30.368000 30.528000 53
30.656000 32.096000 58
32.096000 32.192000 53
32.320000 32.896000 53
34.240000 34.496000 51
34.496000 34.976000 56
35.392000 35.616000 52
35.776000 36.032000 53
36.160000 36.544000 50
37.792000 38.688000 48
38.816000 39.136000 47
40.672000 41.024000 50
41.120000 41.952000 50
42.112000 42.976000 50
45.632000 45.856000 51
45.856000 47.008000 58
47.200000 48.096000 53
49.440000 49.664000 54
49.664000 50.880000 60
51.040000 51.904000 57
53.024000 53.728000 53
53.728000 54.400000 55
55.872000 56.320000 53
56.320000 56.992000 57
57.088000 58.240000 58
60.416000 60.960000 58
61.120000 61.344000 63
61.344000 61.504000 65
61.632000 61.984000 58
62.080000 62.688000 58
62.784000 63.328000 63
63.328000 64.736000 58
64.736000 65.696000 62
68.224000 68.608000 58
68.704000 69.216000 63
69.216000 70.304000 58
70.400000 70.912000 64
70.912000 71.424000 58
71.584000 71.904000 58
71.904000 73.824000 62
75.616000 76.352000 58
76.352000 76.608000 64
76.800000 77.920000 58
78.016000 78.560000 63
78.560000 79.040000 58
79.200000 79.648000 59
80.128000 80.896000 63
81.088000 81.728000 60
81.856000 81.984000 58
81.984000 82.336000 60
82.496000 82.880000 58
83.232000 83.360000 55
83.488000 83.712000 58
83.712000 84.064000 55
84.064000 84.800000 58
86.368000 86.432000 56
86.432000 87.072000 58
87.072000 87.584000 55
87.584000 88.480000 60
90.848000 91.360000 58
91.552000 91.744000 63
91.744000 91.936000 65
92.032000 93.056000 58
93.248000 93.792000 64
93.792000 94.272000 58
94.432000 94.848000 58
94.848000 96.256000 62
98.432000 99.168000 58
99.168000 99.584000 63
99.712000 100.064000 58
100.160000 100.768000 58
100.896000 101.408000 64
101.408000 102.752000 58
102.752000 103.648000 63
103.776000 104.224000 62
104.224000 104.608000 58
106.048000 106.784000 58
106.784000 107.072000 64
107.296000 108.736000 58
108.736000 109.024000 64
109.120000 110.144000 58
110.624000 111.776000 62
111.776000 113.216000 60
113.696000 113.920000 55
113.920000 114.336000 57
114.464000 115.392000 58
116.992000 117.184000 58
117.280000 118.624000 65
118.624000 120.928000 60
130.816000 131.040000 50
135.136000 135.488000 58
135.744000 135.840000 58
136.608000 137.184000 60
137.408000 137.536000 62
137.664000 137.920000 62
142.688000 142.784000 62
156.288000 157.152000 58
157.344000 157.632000 51
157.632000 158.368000 58
159.200000 159.392000 50
159.584000 160.992000 57
163.776000 165.088000 54
166.432000 167.520000 52
167.520000 168.192000 50
171.520000 171.584000 54
171.584000 172.096000 57
172.096000 173.184000 53
174.336000 174.624000 50
174.848000 176.032000 57
178.208000 179.872000 60
179.872000 181.184000 58
181.760000 182.560000 58
182.784000 183.808000 63
183.808000 185.408000 60
186.016000 186.624000 58
186.816000 187.200000 64
187.328000 187.648000 58
187.776000 188.384000 58
188.480000 188.672000 63
188.672000 188.896000 65
188.896000 188.928000 63
188.928000 190.400000 58
190.400000 191.552000 62
193.920000 194.304000 58
194.400000 194.464000 61
194.464000 194.816000 64
194.912000 195.776000 58
195.872000 196.000000 58
196.128000 196.672000 64
196.672000 197.120000 58
197.248000 197.504000 58
197.600000 197.984000 60
197.984000 198.144000 63
198.240000 199.456000 62
199.456000 200.160000 58
200.512000 200.608000 61
201.312000 202.016000 58
202.016000 202.368000 64
202.528000 203.616000 58
203.680000 203.744000 60
203.744000 204.224000 64
204.224000 204.768000 58
204.896000 205.088000 58
205.088000 205.376000 60
205.792000 206.592000 62
206.784000 208.064000 60
208.192000 208.640000 58
208.928000 209.024000 55
209.184000 211.136000 58
212.000000 213.920000 58
213.920000 215.840000 60
216.512000 217.120000 58
217.280000 217.472000 63
217.472000 217.664000 65
217.792000 218.784000 58
218.976000 219.488000 64
219.488000 220.000000 58
220.160000 220.608000 58
220.608000 222.048000 62
224.160000 224.864000 58
224.864000 225.280000 64
225.408000 225.760000 58
225.856000 226.496000 58
226.592000 226.656000 62
226.656000 227.072000 65
227.072000 228.064000 58
228.064000 228.480000 60
228.480000 230.624000 62
231.808000 232.512000 58
232.512000 232.992000 64
232.992000 234.432000 58
234.432000 234.816000 65
234.816000 235.488000 58
235.584000 235.872000 60
236.352000 237.216000 62
237.216000 237.952000 60
238.048000 238.496000 60
238.496000 238.976000 58
239.328000 239.616000 55
239.616000 240.032000 57
240.160000 240.896000 58
242.912000 242.976000 57
242.976000 244.224000 61
246.048000 249.344000 58
249.728000 250.624000 50
250.880000 251.008000 49
251.104000 251.488000 48
256.928000 257.184000 48
257.312000 257.472000 50
257.472000 257.824000 52
257.920000 258.272000 53
268.032000 268.704000 55
