11.936000 12.160000 67
14.208000 14.400000 66
14.496000 14.656000 65
14.656000 15.328000 60
15.456000 15.776000 60
16.064000 16.448000 66
16.544000 16.736000 62
16.736000 17.120000 58
17.696000 18.144000 66
18.144000 18.304000 63
18.400000 19.520000 67
19.616000 19.968000 66
20.128000 21.376000 60
21.600000 21.984000 65
22.080000 22.240000 63
22.240000 22.720000 60
23.008000 23.200000 61
23.200000 24.256000 65
24.256000 24.768000 67
24.768000 24.992000 65
25.280000 26.016000 64
26.016000 27.360000 67
27.360000 27.584000 70
27.584000 28.736000 68
28.736000 29.664000 63
29.920000 30.208000 63
30.208000 30.592000 69
30.592000 31.648000 65
31.648000 32.160000 70
32.160000 32.416000 65
32.512000 32.704000 60
32.704000 33.440000 63
33.440000 33.632000 67
33.632000 35.008000 70
35.008000 35.584000 68
35.776000 36.640000 67
36.736000 36.864000 63
36.864000 37.408000 66
37.568000 37.664000 62
37.760000 37.856000 62
38.080000 38.112000 65
38.176000 38.368000 67
38.848000 38.976000 62
38.976000 39.072000 63
39.072000 39.392000 65
39.392000 39.712000 69
39.840000 40.000000 66
40.096000 40.192000 66
40.288000 41.280000 65
41.696000 42.208000 65
42.592000 42.656000 63
42.656000 42.688000 65
42.688000 42.784000 67
42.784000 43.488000 70
43.584000 44.352000 75
44.544000 44.928000 74
45.056000 45.120000 70
45.120000 45.184000 69
45.184000 45.280000 68
45.280000 45.984000 65
45.984000 46.144000 69
46.336000 47.424000 65
47.776000 47.840000 68
47.872000 47.968000 68
47.968000 48.416000 65
48.704000 48.928000 69
48.928000 49.248000 66
49.504000 49.824000 68
49.824000 49.888000 67
49.984000 50.176000 65
50.304000 51.104000 67
51.392000 51.712000 68
51.712000 52.128000 65
52.320000 52.544000 69
52.544000 53.120000 65
53.152000 53.216000 65
53.216000 53.440000 72
53.440000 53.568000 68
53.728000 53.888000 65
54.016000 54.784000 67
55.104000 55.360000 69
55.360000 55.840000 65
56.000000 56.192000 70
56.192000 56.320000 68
56.448000 56.832000 65
56.928000 57.248000 68
57.248000 57.952000 66
58.080000 59.040000 63
59.136000 59.552000 62
59.648000 60.032000 63
60.160000 60.224000 63
60.352000 61.216000 63
61.536000 61.824000 63
61.824000 62.944000 65
63.072000 63.232000 63
63.424000 63.680000 63
63.872000 64.864000 63
65.216000 65.856000 66
65.856000 66.560000 63
67.296000 68.608000 63
68.832000 68.960000 62
68.960000 69.184000 63
69.184000 70.368000 65
70.368000 70.560000 69
70.848000 71.072000 63
71.168000 71.488000 63
71.808000 72.416000 63
73.216000 73.952000 65
73.952000 74.496000 60
75.168000 75.520000 66
75.648000 75.776000 62
75.904000 76.192000 59
76.800000 77.024000 66
77.024000 77.664000 64
77.760000 78.944000 67
79.104000 79.232000 59
79.328000 79.776000 60
80.128000 80.320000 60
80.512000 80.928000 66
80.928000 81.216000 63
81.216000 81.536000 60
82.048000 82.208000 60
82.304000 83.392000 65
83.392000 83.552000 68
83.712000 84.160000 65
84.480000 84.768000 64
84.864000 84.992000 63
85.088000 85.920000 67
86.016000 87.072000 67
87.168000 87.552000 68
87.552000 88.832000 63
88.992000 89.088000 63
89.216000 89.280000 67
89.280000 89.728000 69
89.728000 90.080000 66
90.208000 90.496000 63
90.496000 90.624000 64
90.624000 90.752000 68
90.752000 91.232000 70
91.232000 91.712000 66
91.712000 91.744000 61
91.744000 92.608000 63
92.608000 92.672000 68
92.672000 94.016000 70
94.016000 95.776000 67
95.776000 96.288000 65
96.288000 96.576000 67
97.120000 97.504000 67
97.504000 98.048000 61
98.048000 98.144000 63
98.144000 98.912000 66
99.392000 100.416000 65
100.544000 100.768000 63
100.768000 100.992000 65
101.120000 101.440000 65
101.728000 101.824000 65
101.824000 102.592000 70
102.688000 103.168000 75
103.360000 103.488000 67
103.616000 103.840000 65
104.032000 104.352000 68
104.352000 105.024000 65
105.024000 105.216000 69
105.408000 106.496000 65
106.848000 107.008000 69
107.008000 107.520000 65
107.776000 107.968000 68
107.968000 108.416000 65
108.608000 108.800000 70
108.800000 108.960000 67
109.120000 109.280000 65
109.440000 110.176000 67
110.432000 110.752000 68
110.752000 111.168000 65
111.360000 111.680000 68
111.680000 112.224000 65
112.320000 112.512000 72
112.512000 112.640000 68
112.800000 112.992000 65
113.120000 113.888000 67
114.240000 114.400000 68
114.400000 114.944000 65
115.104000 115.264000 70
115.264000 115.872000 65
116.000000 116.192000 70
116.192000 117.024000 67
117.152000 117.248000 67
117.248000 117.920000 63
118.144000 118.336000 61
118.688000 119.008000 63
119.168000 119.328000 63
119.968000 120.192000 63
120.544000 120.736000 62
120.736000 120.896000 63
120.896000 121.600000 67
121.824000 122.304000 64
122.432000 122.720000 63
122.912000 123.200000 63
123.616000 123.968000 63
124.320000 124.768000 67
125.024000 125.152000 66
125.152000 125.440000 63
126.624000 126.720000 63
126.752000 126.912000 63
127.296000 127.680000 63
128.096000 128.288000 63
128.288000 128.928000 66
129.280000 129.568000 66
129.824000 130.176000 63
130.464000 130.624000 63
130.720000 130.880000 63
130.976000 131.520000 63
132.384000 132.608000 63
132.800000 132.992000 65
140.736000 140.896000 67
142.048000 142.176000 65
142.400000 143.136000 65
143.456000 143.616000 63
143.712000 143.840000 63
144.032000 144.096000 64
144.384000 144.736000 63
144.896000 144.960000 63
145.248000 145.344000 65
145.888000 146.912000 64
147.360000 148.736000 64
148.896000 149.088000 66
149.504000 150.080000 65
150.176000 150.432000 64
150.624000 151.360000 63
151.456000 152.160000 63
152.256000 152.352000 63
152.448000 153.120000 63
153.408000 156.064000 63
156.160000 156.256000 63
156.608000 156.864000 65
157.152000 157.248000 67
157.536000 157.664000 67
158.496000 158.688000 68
158.880000 159.264000 65
159.392000 159.808000 68
159.904000 160.064000 65
160.288000 160.416000 67
160.416000 160.544000 69
160.800000 161.856000 65
162.176000 162.400000 69
162.400000 162.912000 65
163.104000 163.360000 68
163.360000 163.872000 65
164.064000 164.320000 66
164.544000 164.672000 66
164.896000 165.536000 67
165.824000 166.112000 68
166.112000 166.560000 66
166.752000 167.008000 68
167.008000 167.584000 65
168.192000 168.384000 65
168.512000 168.608000 65
168.704000 169.248000 67
169.504000 169.600000 70
169.600000 169.760000 69
169.760000 170.336000 65
170.528000 170.848000 66
170.944000 171.232000 65
171.392000 171.584000 70
171.872000 172.000000 67
172.160000 172.416000 67
172.544000 172.768000 67
173.280000 173.568000 68
173.568000 174.080000 65
174.176000 174.496000 68
174.496000 175.200000 65
175.264000 175.328000 68
175.552000 176.704000 65
177.120000 177.760000 65
177.888000 178.144000 68
178.144000 178.656000 65
178.752000 179.424000 66
179.712000 180.192000 67
180.416000 180.736000 67
180.768000 180.960000 69
181.088000 181.344000 65
181.536000 181.632000 68
181.728000 181.920000 67
182.080000 182.304000 72
182.496000 182.688000 72
182.688000 182.816000 68
182.944000 183.168000 66
183.264000 184.064000 67
184.384000 184.608000 68
184.608000 185.120000 65
185.248000 185.408000 70
185.408000 185.600000 68
185.696000 186.048000 65
186.144000 186.336000 70
186.336000 187.168000 66
187.328000 188.000000 63
188.544000 188.672000 63
188.896000 189.184000 63
189.408000 189.600000 68
189.792000 189.888000 62
190.112000 190.368000 63
190.688000 191.040000 63
191.136000 191.328000 65
191.328000 191.584000 67
191.776000 192.192000 64
192.256000 192.448000 63
192.640000 193.344000 63
193.632000 194.112000 63
194.496000 194.912000 67
194.912000 195.680000 65
195.872000 196.128000 63
196.352000 196.576000 63
196.800000 196.832000 63
197.248000 197.376000 63
197.472000 197.760000 63
198.272000 198.400000 63
198.400000 198.720000 65
198.720000 199.008000 67
199.008000 199.840000 63
200.000000 200.128000 63
200.672000 200.768000 63
201.312000 202.144000 63
203.808000 204.000000 63
207.072000 207.232000 63
207.328000 207.584000 63
208.352000 208.512000 63
208.640000 208.896000 66
209.248000 209.344000 66
209.472000 209.600000 66
209.920000 210.048000 66
211.616000 211.808000 65
211.904000 212.096000 65
214.144000 214.176000 63
214.272000 214.592000 62
216.096000 216.192000 66
216.864000 217.216000 65
217.312000 217.632000 66
