2.464000 2.784000 57
2.912000 2.976000 60
3.008000 3.488000 60
3.616000 3.872000 66
4.000000 4.224000 65
4.224000 4.608000 69
4.960000 5.248000 66
5.920000 6.176000 62
6.304000 6.656000 62
6.752000 7.360000 59
7.936000 8.096000 57
9.152000 9.568000 66
10.048000 10.144000 62
10.496000 10.880000 65
10.880000 12.384000 60
12.480000 12.576000 59
13.120000 13.536000 59
13.632000 13.728000 59
14.016000 14.688000 59
15.040000 15.584000 50
15.744000 16.640000 52
16.800000 17.728000 59
17.888000 18.016000 54
18.016000 18.432000 50
18.592000 19.872000 51
20.608000 21.216000 55
21.312000 22.272000 57
22.368000 22.624000 64
22.752000 22.848000 59
22.848000 23.552000 63
23.744000 24.000000 57
24.096000 25.536000 59
26.176000 26.592000 59
26.592000 28.544000 64
28.640000 29.536000 52
29.664000 31.136000 57
31.712000 32.000000 53
32.128000 34.208000 59
34.560000 34.816000 59
34.816000 36.832000 51
38.016000 38.464000 64
38.464000 38.528000 62
38.528000 39.808000 60
39.808000 40.640000 57
40.800000 40.864000 59
40.864000 41.440000 62
41.440000 42.720000 58
42.848000 43.232000 55
43.360000 44.032000 60
44.032000 44.352000 58
44.352000 46.272000 55
46.304000 48.256000 59
49.120000 49.632000 64
49.632000 49.696000 60
49.696000 50.528000 59
50.528000 50.944000 60
50.944000 52.032000 58
52.032000 53.216000 59
53.312000 54.016000 57
54.016000 54.528000 55
54.720000 55.200000 57
55.200000 56.000000 54
56.128000 60.352000 51
60.480000 60.800000 54
60.896000 61.024000 54
62.272000 63.776000 51
64.064000 65.024000 58
65.152000 65.344000 54
65.472000 65.728000 50
65.856000 66.912000 52
67.904000 68.480000 55
68.576000 68.800000 55
68.800000 69.600000 57
69.600000 69.792000 63
69.952000 70.912000 62
70.912000 72.896000 59
73.440000 73.504000 54
73.504000 73.632000 59
73.824000 74.016000 62
74.144000 74.208000 58
74.208000 75.744000 64
75.744000 75.808000 55
75.904000 76.160000 52
76.256000 76.576000 51
76.576000 78.432000 57
79.040000 79.200000 53
79.424000 79.520000 55
79.520000 81.408000 59
81.408000 82.432000 48
82.528000 84.160000 51
85.344000 85.760000 64
85.760000 86.592000 60
86.688000 87.136000 60
87.136000 87.968000 57
88.064000 88.224000 59
88.224000 88.672000 62
88.672000 90.016000 58
90.144000 90.496000 54
90.816000 91.328000 60
91.328000 91.456000 57
91.552000 91.808000 56
91.808000 92.352000 55
92.352000 92.800000 57
92.960000 93.472000 54
93.600000 95.072000 59
96.384000 96.960000 64
96.960000 98.240000 60
98.240000 99.328000 58
99.328000 99.808000 62
99.808000 101.600000 57
101.984000 102.432000 57
102.432000 102.944000 54
103.040000 103.712000 53
103.840000 106.560000 51
109.792000 109.920000 54
110.560000 110.720000 55
110.752000 110.784000 55
110.976000 111.040000 55
111.232000 111.584000 55
111.680000 111.904000 55
112.128000 112.352000 54
112.704000 113.152000 57
113.408000 114.240000 62
114.272000 114.304000 62
114.720000 115.104000 62
115.232000 115.840000 67
117.664000 118.016000 66
118.560000 118.656000 62
118.752000 118.912000 64
119.040000 119.360000 64
119.456000 119.552000 64
119.776000 119.936000 64
120.128000 120.384000 60
120.448000 121.024000 60
121.280000 121.472000 60
121.504000 121.600000 60
121.888000 121.952000 54
122.080000 122.240000 52
123.328000 123.392000 52
123.520000 124.096000 50
124.256000 125.088000 52
125.280000 126.208000 59
126.336000 126.464000 54
126.464000 126.880000 50
126.976000 128.192000 51
129.056000 130.016000 55
130.016000 130.784000 57
130.784000 131.040000 64
131.168000 131.296000 60
131.296000 131.968000 63
132.160000 132.416000 57
132.544000 133.984000 59
134.656000 135.232000 59
135.328000 136.960000 64
137.088000 137.984000 52
138.144000 139.552000 57
140.224000 140.512000 53
140.576000 140.672000 53
140.672000 142.752000 59
142.752000 142.880000 51
143.072000 143.264000 47
143.360000 145.440000 51
146.496000 146.880000 64
146.880000 147.008000 62
147.008000 148.640000 59
148.640000 149.152000 57
149.280000 149.408000 59
149.408000 149.920000 62
149.920000 151.200000 58
151.360000 151.712000 55
151.712000 152.672000 60
152.736000 152.992000 57
152.992000 154.016000 55
154.080000 154.720000 54
154.816000 156.448000 59
157.632000 158.016000 64
158.016000 158.112000 63
158.112000 160.256000 59
160.384000 160.544000 60
160.544000 160.992000 62
160.992000 162.304000 58
162.304000 162.976000 55
162.976000 163.200000 59
163.200000 163.680000 57
163.680000 164.448000 53
164.576000 165.024000 54
165.024000 168.608000 51
168.896000 169.056000 65
169.120000 169.760000 65
170.080000 170.144000 56
170.144000 170.816000 59
170.816000 175.136000 64
