22.368000 22.880000 47
23.104000 23.936000 57
24.256000 24.576000 60
24.672000 25.280000 60
25.408000 25.728000 55
25.728000 26.144000 52
26.144000 26.464000 50
26.592000 26.688000 54
28.544000 28.736000 53
29.312000 30.368000 62
30.432000 30.624000 62
30.624000 30.720000 65
30.848000 31.488000 65
31.584000 32.192000 61
32.320000 34.080000 60
34.656000 34.848000 55
34.848000 34.944000 57
35.072000 35.264000 55
35.424000 36.672000 53
37.280000 37.632000 56
38.112000 38.560000 57
38.560000 39.968000 60
40.672000 41.152000 57
41.152000 42.496000 62
42.592000 43.104000 59
43.104000 43.424000 53
43.680000 43.968000 50
44.480000 44.928000 53
44.928000 45.984000 55
46.784000 47.264000 47
47.488000 48.096000 55
48.096000 48.544000 58
48.672000 49.568000 60
49.600000 49.696000 60
49.728000 50.496000 55
50.592000 50.720000 60
50.912000 51.008000 54
51.168000 51.264000 53
51.424000 51.616000 54
52.864000 53.120000 53
53.376000 53.536000 53
53.696000 54.688000 62
54.848000 55.808000 65
55.904000 58.496000 60
59.072000 59.328000 57
59.456000 59.776000 57
59.840000 60.288000 50
60.288000 60.480000 53
60.576000 60.992000 52
61.728000 63.232000 57
63.232000 64.480000 60
65.184000 65.568000 57
65.568000 65.792000 60
65.888000 66.496000 52
66.976000 67.328000 53
67.584000 67.776000 61
68.128000 68.480000 48
68.512000 68.576000 46
68.576000 68.672000 50
68.960000 70.368000 53
71.200000 71.456000 52
71.584000 71.712000 53
71.968000 73.440000 62
73.760000 73.952000 56
74.144000 74.496000 65
74.496000 76.864000 60
76.896000 76.960000 59
76.960000 76.992000 55
77.024000 77.472000 53
77.472000 77.696000 55
77.824000 79.232000 57
79.680000 79.936000 61
79.936000 80.256000 59
80.256000 82.368000 55
82.976000 83.072000 53
83.264000 84.384000 55
84.704000 84.832000 57
84.960000 85.952000 55
86.144000 86.336000 57
86.336000 87.680000 53
88.672000 89.088000 57
89.088000 90.336000 62
90.528000 90.944000 62
90.944000 91.616000 60
91.616000 92.256000 57
92.384000 93.856000 54
94.720000 94.880000 48
95.392000 96.288000 57
96.576000 96.896000 57
96.960000 97.536000 57
97.696000 98.272000 57
100.704000 101.376000 53
101.504000 102.240000 62
102.624000 103.520000 65
103.680000 106.496000 60
106.752000 107.040000 58
107.136000 107.392000 57
107.712000 108.224000 53
108.480000 108.640000 54
109.408000 110.752000 57
110.752000 112.320000 60
112.768000 113.120000 57
113.120000 113.440000 60
113.504000 114.272000 55
114.656000 114.912000 53
115.008000 115.424000 50
115.520000 115.616000 49
115.808000 115.904000 48
116.160000 116.480000 50
116.576000 118.496000 53
143.296000 143.584000 53
143.680000 143.776000 53
144.032000 145.664000 62
145.856000 146.176000 57
146.272000 146.912000 65
147.008000 148.960000 60
149.184000 149.568000 53
149.568000 149.824000 55
149.952000 151.104000 57
151.200000 151.296000 56
151.712000 152.032000 61
152.128000 152.480000 60
152.480000 154.368000 55
155.008000 155.552000 53
155.712000 156.448000 55
156.800000 157.120000 57
157.120000 158.048000 54
158.240000 158.528000 57
158.688000 159.904000 53
160.768000 161.184000 57
161.184000 161.440000 60
161.536000 162.304000 62
162.560000 162.976000 62
162.976000 164.320000 59
164.448000 164.832000 52
164.832000 165.952000 55
166.848000 167.328000 48
167.552000 168.640000 57
168.768000 169.056000 57
169.152000 169.504000 57
169.504000 169.728000 61
169.888000 170.432000 56
170.880000 171.328000 53
171.456000 171.584000 53
172.928000 173.536000 53
173.696000 174.592000 62
174.816000 175.776000 65
175.936000 178.400000 60
178.400000 178.624000 66
178.976000 179.264000 57
179.360000 179.776000 56
179.872000 180.448000 53
181.664000 181.952000 57
181.952000 182.368000 55
182.400000 182.464000 55
182.464000 184.480000 60
185.056000 185.376000 57
185.376000 185.632000 60
185.824000 186.528000 55
186.912000 187.104000 52
187.232000 187.904000 50
188.032000 188.320000 48
188.416000 188.800000 50
188.800000 190.400000 53
190.976000 191.264000 57
191.360000 191.584000 56
191.776000 192.896000 53
193.600000 194.912000 57
194.912000 196.544000 60
197.088000 197.504000 57
197.504000 197.792000 60
197.920000 198.880000 55
199.424000 199.744000 52
199.936000 200.896000 50
201.088000 201.536000 48
201.632000 202.208000 50
202.400000 208.288000 53
