0.768000 1.056000 58
3.680000 4.032000 57
6.592000 7.712000 56
7.904000 8.096000 58
8.480000 8.768000 58
13.472000 13.568000 56
24.064000 24.480000 56
24.896000 25.120000 55
25.248000 25.440000 56
25.632000 26.208000 58
26.368000 26.496000 61
26.496000 27.328000 63
27.328000 28.224000 61
28.896000 29.152000 61
29.312000 29.888000 69
29.888000 31.328000 66
31.904000 32.224000 63
32.224000 32.608000 66
32.736000 33.344000 63
33.344000 34.496000 61
35.040000 35.328000 57
35.328000 35.712000 60
35.808000 36.480000 63
36.608000 37.152000 66
37.312000 38.240000 62
38.240000 38.656000 58
38.880000 40.096000 61
40.640000 40.704000 58
40.704000 41.664000 61
41.664000 42.656000 58
43.168000 44.064000 56
44.160000 44.512000 55
44.640000 46.656000 56
46.752000 46.848000 55
47.552000 47.808000 57
47.936000 48.096000 56
48.224000 48.576000 55
48.576000 49.152000 56
49.152000 49.632000 58
49.632000 51.776000 61
52.256000 53.600000 68
53.600000 54.656000 66
55.264000 56.416000 63
56.416000 57.728000 61
58.432000 58.624000 56
58.624000 58.848000 58
58.848000 59.840000 61
60.000000 61.536000 63
61.664000 61.984000 58
62.144000 63.552000 61
64.000000 64.288000 61
64.288000 64.480000 63
64.480000 65.888000 68
66.016000 66.080000 66
66.528000 67.648000 61
67.648000 71.776000 66
73.696000 73.920000 58
73.920000 74.048000 60
74.240000 74.624000 63
74.624000 74.816000 66
74.976000 75.168000 63
75.264000 75.584000 67
75.584000 75.872000 68
75.872000 76.160000 70
76.160000 76.544000 73
76.544000 78.208000 70
78.592000 78.816000 68
78.816000 79.648000 70
79.744000 81.184000 68
81.440000 81.632000 68
81.632000 82.560000 70
82.688000 85.088000 68
85.472000 85.600000 58
85.600000 85.760000 61
85.952000 86.528000 63
86.656000 86.816000 63
86.816000 86.912000 64
86.912000 87.584000 68
87.648000 87.840000 71
87.840000 88.480000 73
88.480000 89.888000 70
90.272000 90.464000 68
90.464000 91.328000 70
91.456000 92.448000 68
92.832000 93.024000 68
93.024000 93.536000 70
93.536000 93.856000 73
93.856000 94.240000 67
94.400000 97.664000 66
97.760000 99.840000 76
103.840000 104.864000 73
105.632000 106.240000 73
106.784000 107.040000 69
107.584000 108.128000 71
108.320000 109.344000 76
109.440000 111.488000 73
111.584000 111.808000 73
111.904000 112.128000 75
114.272000 116.640000 73
116.960000 119.008000 61
120.448000 120.864000 56
120.992000 121.088000 56
121.248000 121.472000 55
121.632000 121.824000 56
122.016000 122.528000 58
122.720000 122.880000 61
122.880000 123.712000 63
123.712000 124.576000 61
125.248000 125.536000 61
125.664000 126.336000 69
126.432000 127.776000 66
128.256000 128.576000 63
128.576000 128.992000 66
129.088000 129.728000 63
129.728000 130.752000 61
131.424000 131.648000 56
131.648000 132.064000 59
132.160000 132.832000 62
132.992000 133.504000 66
133.696000 134.528000 62
134.528000 135.008000 59
135.232000 136.480000 61
137.024000 138.368000 60
138.368000 139.008000 58
139.552000 140.480000 56
140.544000 140.896000 55
141.024000 142.624000 56
143.776000 144.000000 62
144.128000 144.256000 58
144.352000 144.544000 56
144.672000 144.928000 55
145.056000 145.504000 56
145.504000 145.696000 57
145.696000 145.952000 58
145.952000 148.128000 61
148.736000 150.016000 68
150.016000 151.200000 66
151.744000 152.800000 63
152.800000 154.112000 61
154.848000 155.104000 57
155.104000 155.264000 59
155.264000 156.288000 61
156.416000 157.120000 64
157.120000 158.016000 62
158.176000 158.464000 59
158.624000 159.904000 61
160.384000 160.864000 61
160.864000 161.056000 63
161.056000 162.592000 68
162.944000 164.480000 62
164.480000 168.544000 66
170.144000 170.528000 60
170.688000 171.072000 63
171.072000 171.264000 65
171.392000 171.712000 63
171.712000 172.000000 66
172.000000 172.320000 68
172.320000 173.600000 71
173.600000 174.688000 69
174.976000 175.200000 68
175.200000 176.064000 70
176.192000 177.504000 68
177.920000 178.048000 68
178.048000 178.976000 70
179.072000 181.440000 68
181.920000 182.048000 58
182.048000 182.272000 61
182.304000 182.912000 63
183.072000 183.296000 63
183.392000 183.968000 68
184.064000 185.120000 71
185.120000 186.336000 69
186.560000 187.552000 70
187.552000 187.744000 73
187.840000 188.864000 68
189.248000 189.440000 68
189.440000 189.952000 70
189.952000 190.272000 73
190.272000 190.688000 68
190.816000 194.400000 66
199.392000 199.616000 60
199.616000 199.744000 62
199.872000 200.224000 64
200.224000 200.448000 67
200.576000 200.896000 64
200.896000 201.088000 67
201.088000 201.600000 69
201.600000 202.784000 72
202.784000 203.872000 70
204.224000 204.384000 69
204.544000 205.280000 71
205.408000 206.400000 69
206.720000 206.944000 69
206.944000 208.128000 71
208.288000 210.816000 69
211.104000 211.424000 60
211.584000 211.968000 64
211.968000 212.160000 67
212.288000 212.608000 64
212.608000 212.832000 67
212.832000 213.376000 69
213.376000 214.528000 72
214.528000 215.616000 71
215.904000 216.960000 71
217.088000 218.048000 69
218.336000 220.288000 70
220.288000 224.000000 67
224.064000 224.128000 68
224.128000 224.768000 74
225.888000 226.272000 74
226.560000 227.552000 77
