22.400000 22.624000 60
22.880000 24.224000 64
24.448000 24.576000 57
24.672000 24.896000 57
26.016000 26.464000 57
26.464000 26.784000 63
26.976000 27.168000 64
27.168000 27.520000 62
27.648000 27.872000 64
29.216000 29.472000 64
29.600000 30.080000 67
30.240000 30.560000 66
30.944000 31.296000 65
31.424000 31.808000 67
32.000000 32.352000 66
33.536000 33.728000 59
33.920000 34.080000 60
36.992000 37.280000 57
37.376000 37.664000 57
37.824000 38.176000 57
38.240000 38.304000 59
38.304000 38.464000 64
38.592000 38.880000 66
38.976000 39.488000 57
40.512000 40.576000 57
40.576000 41.344000 64
41.440000 42.304000 64
42.432000 42.688000 59
42.784000 43.232000 57
44.480000 45.088000 57
45.312000 45.600000 56
45.856000 46.304000 57
48.000000 48.672000 57
51.456000 51.520000 58
51.520000 51.648000 60
51.904000 52.704000 64
52.896000 53.568000 64
53.760000 54.080000 57
54.304000 54.528000 56
55.104000 55.392000 56
55.584000 56.320000 64
56.416000 56.640000 61
56.864000 57.024000 61
57.024000 57.376000 64
58.112000 58.624000 64
58.752000 59.136000 67
59.296000 59.520000 66
59.680000 59.936000 66
60.224000 60.352000 64
60.544000 61.504000 66
62.368000 62.592000 61
62.688000 63.296000 64
63.296000 63.552000 61
63.808000 64.896000 60
66.016000 66.784000 64
66.912000 67.968000 64
68.352000 68.640000 57
69.632000 70.336000 64
70.560000 71.168000 64
71.168000 71.328000 61
71.328000 71.968000 57
72.160000 72.352000 56
73.440000 73.600000 57
73.824000 73.856000 56
73.920000 74.176000 57
74.848000 74.880000 56
75.136000 75.552000 61
75.712000 75.904000 62
76.064000 76.256000 57
76.480000 76.800000 57
77.024000 78.624000 57
80.576000 82.400000 66
83.232000 83.296000 63
83.296000 83.456000 68
83.680000 86.048000 68
86.048000 86.752000 64
87.808000 88.128000 65
88.320000 89.920000 64
90.240000 90.432000 57
90.784000 91.360000 64
91.456000 92.832000 61
95.136000 97.120000 61
98.080000 98.592000 61
98.720000 100.192000 71
100.384000 101.280000 65
102.112000 102.496000 66
102.496000 102.752000 69
102.848000 103.232000 66
103.232000 104.640000 67
105.088000 108.736000 71
109.664000 111.136000 73
111.232000 111.584000 72
112.000000 112.128000 66
113.280000 114.528000 71
114.624000 116.160000 71
116.864000 117.696000 68
117.824000 118.016000 67
118.656000 118.720000 64
118.720000 119.040000 68
119.136000 119.552000 67
119.648000 119.872000 66
120.512000 120.576000 65
120.576000 120.736000 71
120.928000 122.016000 71
122.144000 123.296000 71
124.224000 125.664000 73
125.760000 126.176000 72
127.520000 127.616000 63
127.808000 128.576000 71
128.736000 130.816000 71
131.392000 132.000000 68
132.160000 132.736000 66
133.280000 133.632000 68
133.728000 133.856000 68
133.984000 134.432000 66
135.072000 136.128000 71
136.256000 136.544000 69
136.672000 137.856000 71
138.240000 138.400000 69
138.496000 138.592000 69
138.720000 139.104000 72
139.104000 139.904000 69
139.904000 140.640000 66
140.864000 141.440000 66
141.760000 142.272000 66
142.272000 142.336000 68
142.336000 143.648000 71
143.648000 145.312000 68
145.760000 145.984000 66
145.984000 146.720000 67
146.880000 147.104000 66
147.200000 147.424000 66
147.424000 148.128000 72
148.256000 148.704000 69
149.504000 150.016000 66
150.144000 153.568000 69
156.416000 156.544000 69
178.432000 178.592000 69
178.784000 178.880000 69
179.488000 180.096000 68
182.368000 183.616000 66
185.088000 185.312000 67
185.504000 187.872000 68
187.872000 188.544000 64
189.600000 189.952000 65
190.240000 191.712000 64
191.904000 192.256000 57
192.576000 192.768000 62
192.768000 193.120000 64
193.248000 194.592000 61
195.744000 196.672000 60
196.672000 196.800000 57
196.928000 198.208000 60
199.136000 199.520000 61
199.616000 200.192000 61
200.288000 200.800000 73
200.928000 201.984000 71
202.176000 203.232000 66
203.904000 204.032000 66
204.160000 204.512000 68
204.608000 206.432000 68
206.816000 207.040000 72
207.168000 207.616000 73
207.776000 210.528000 71
211.360000 212.896000 73
212.992000 213.408000 72
213.792000 213.888000 64
214.752000 214.848000 64
215.136000 217.856000 71
218.752000 219.488000 68
219.616000 220.032000 66
220.512000 220.576000 66
220.576000 221.344000 68
221.472000 221.696000 66
222.304000 222.400000 68
222.400000 222.560000 71
222.784000 223.776000 71
223.936000 225.344000 71
226.048000 228.000000 72
229.632000 230.400000 71
230.528000 230.848000 72
230.944000 232.352000 71
233.216000 233.824000 68
233.984000 234.528000 66
235.072000 235.392000 68
235.520000 235.680000 68
235.776000 236.224000 66
236.864000 237.824000 71
238.016000 238.304000 69
238.432000 239.648000 71
240.064000 240.416000 69
240.544000 240.704000 72
240.704000 240.928000 73
240.928000 241.632000 69
241.632000 242.464000 66
242.624000 243.328000 66
243.488000 244.160000 66
244.160000 244.384000 71
244.480000 245.920000 70
245.920000 246.976000 68
247.584000 249.248000 66
249.248000 249.952000 72
250.176000 250.528000 69
250.944000 253.728000 69
255.072000 255.136000 69
255.136000 255.328000 73
255.488000 256.544000 73
256.672000 257.120000 73
257.120000 257.344000 76
258.752000 259.712000 71
259.808000 261.696000 71
262.304000 263.104000 68
263.264000 263.648000 66
264.096000 264.160000 65
264.160000 264.832000 68
264.832000 265.472000 66
265.920000 267.392000 71
267.552000 269.024000 71
269.696000 271.648000 72
273.248000 273.792000 71
273.952000 276.192000 72
276.608000 276.704000 64
276.864000 277.472000 68
277.600000 278.144000 66
278.720000 279.072000 68
279.168000 279.328000 68
279.456000 280.032000 66
280.768000 281.664000 71
281.760000 282.016000 69
282.144000 283.424000 72
283.424000 283.648000 69
283.744000 283.872000 69
283.968000 284.064000 69
284.224000 284.640000 73
284.736000 285.280000 69
285.280000 286.016000 66
286.208000 286.976000 66
287.168000 287.776000 66
287.776000 288.064000 70
288.160000 288.320000 69
288.320000 289.248000 71
289.248000 290.432000 68
291.200000 292.256000 66
292.352000 292.992000 66
292.992000 293.664000 72
293.856000 294.208000 69
294.720000 295.296000 66
295.424000 297.824000 69
298.240000 298.400000 68
298.496000 298.624000 68
298.752000 299.232000 72
299.328000 299.616000 69
299.616000 300.064000 68
300.064000 300.736000 66
300.992000 301.344000 66
301.856000 302.336000 66
302.336000 302.592000 71
302.752000 302.816000 69
302.816000 303.872000 70
303.872000 304.832000 68
305.792000 306.848000 66
307.008000 307.264000 66
307.360000 307.616000 66
307.616000 308.288000 72
308.576000 309.792000 69
310.880000 311.712000 66
311.840000 315.648000 57
