17.088000 17.216000 59
17.344000 17.568000 61
17.568000 17.920000 63
18.016000 18.336000 62
18.432000 18.784000 61
18.880000 19.200000 63
19.360000 19.776000 63
20.288000 21.088000 61
21.184000 21.376000 60
21.376000 21.952000 58
23.072000 23.360000 59
23.488000 23.776000 61
23.904000 24.224000 60
24.576000 24.672000 61
24.800000 25.152000 63
25.504000 25.696000 61
25.696000 28.544000 64
29.664000 29.888000 65
29.888000 30.016000 67
30.208000 30.560000 68
30.560000 31.488000 70
31.488000 33.024000 66
33.344000 33.920000 62
33.920000 34.144000 63
34.240000 35.040000 63
35.168000 35.712000 62
35.712000 36.544000 64
37.152000 37.248000 58
37.376000 37.504000 58
37.504000 37.728000 60
37.824000 38.144000 61
38.272000 38.400000 61
38.400000 38.720000 58
38.944000 39.136000 61
39.136000 39.392000 63
39.520000 39.680000 63
39.936000 40.320000 62
40.320000 41.088000 61
41.088000 42.688000 58
42.848000 42.944000 58
44.608000 44.928000 69
45.056000 45.408000 68
45.408000 45.824000 64
45.984000 46.272000 61
46.432000 46.624000 63
46.624000 47.040000 61
47.040000 47.520000 64
47.712000 47.904000 57
47.904000 48.032000 61
48.192000 49.376000 62
49.600000 49.728000 63
49.728000 49.856000 61
50.016000 51.360000 64
51.808000 52.096000 69
52.224000 52.608000 68
52.608000 52.672000 63
52.704000 53.248000 64
53.248000 53.472000 61
53.568000 53.760000 63
53.760000 54.240000 60
54.240000 54.784000 64
54.912000 55.680000 65
55.744000 55.808000 65
55.808000 57.408000 68
57.408000 57.952000 71
58.048000 58.688000 69
59.008000 60.160000 69
60.320000 60.608000 68
60.864000 61.248000 67
61.568000 62.176000 65
62.752000 63.648000 63
63.744000 63.904000 61
63.904000 65.696000 64
66.176000 67.936000 69
68.064000 68.288000 68
68.288000 69.312000 65
69.472000 69.632000 65
69.824000 70.912000 71
71.104000 71.584000 70
71.584000 71.968000 68
72.064000 75.392000 69
105.376000 105.504000 59
105.632000 107.456000 62
107.616000 108.096000 62
108.544000 109.312000 61
109.440000 109.664000 60
109.664000 110.368000 57
111.232000 111.296000 58
111.296000 111.616000 60
111.712000 111.968000 61
112.128000 112.704000 58
112.992000 113.408000 63
113.760000 113.888000 60
113.888000 115.392000 62
115.392000 117.024000 64
117.216000 117.312000 64
117.952000 118.016000 63
118.016000 118.336000 65
118.528000 119.040000 68
119.040000 119.808000 70
119.808000 121.344000 66
121.632000 121.760000 63
121.760000 122.432000 62
122.528000 123.328000 62
123.456000 124.896000 63
125.664000 125.984000 59
126.080000 126.400000 61
126.528000 126.688000 60
126.688000 127.168000 58
127.168000 127.584000 61
127.712000 127.872000 63
128.160000 128.288000 61
128.384000 128.672000 61
128.768000 129.376000 61
129.376000 131.680000 57
132.832000 133.184000 69
133.312000 133.664000 68
133.664000 134.080000 63
134.272000 134.560000 61
134.656000 134.912000 63
134.912000 135.360000 60
135.360000 135.808000 64
135.968000 136.160000 58
136.160000 136.320000 61
136.448000 136.800000 61
136.896000 137.376000 62
137.856000 137.984000 63
137.984000 138.112000 61
138.272000 139.584000 65
140.000000 140.320000 69
140.480000 140.928000 68
140.992000 141.504000 64
141.504000 142.432000 61
142.528000 143.072000 65
143.232000 143.520000 65
143.616000 144.064000 65
144.064000 144.544000 68
144.576000 144.608000 67
144.768000 145.152000 67
145.152000 145.344000 65
145.440000 145.600000 70
145.600000 146.048000 71
146.240000 146.944000 69
147.296000 147.680000 56
147.808000 148.416000 57
148.576000 148.896000 68
149.120000 149.600000 67
149.824000 150.400000 65
150.976000 151.936000 63
152.032000 153.568000 63
153.664000 154.016000 64
154.496000 155.872000 69
155.936000 156.160000 69
156.320000 157.376000 65
157.760000 157.920000 65
158.080000 159.200000 71
159.392000 162.816000 69
163.424000 164.736000 69
164.768000 165.088000 68
165.280000 165.728000 67
165.952000 166.464000 65
166.784000 166.912000 61
167.104000 168.160000 63
168.256000 168.800000 62
168.896000 170.240000 64
170.720000 172.448000 69
172.608000 173.760000 65
174.016000 174.144000 64
174.336000 174.528000 69
174.688000 175.456000 71
175.584000 176.032000 70
176.128000 176.384000 68
176.576000 180.192000 57
180.288000 184.000000 57
190.272000 190.784000 70
193.664000 194.016000 70
194.208000 194.304000 70
