34.464000 35.232000 52
35.232000 36.128000 55
37.056000 37.248000 52
42.240000 42.368000 52
42.528000 43.744000 52
44.224000 44.544000 61
44.672000 45.056000 60
45.344000 45.440000 53
45.664000 46.496000 52
48.704000 49.408000 57
49.568000 49.952000 57
50.048000 50.368000 59
50.496000 51.456000 58
52.320000 52.736000 56
52.736000 53.088000 54
53.472000 54.304000 59
54.432000 54.656000 58
55.072000 56.768000 64
56.864000 57.280000 60
58.144000 58.336000 59
58.464000 58.656000 60
58.752000 58.944000 58
59.040000 60.864000 62
63.968000 64.672000 52
64.768000 65.056000 54
65.216000 65.472000 55
66.528000 66.688000 52
71.936000 72.224000 52
72.320000 73.216000 53
73.760000 74.528000 61
74.848000 74.976000 53
75.104000 76.288000 53
78.240000 79.488000 56
79.488000 79.776000 59
79.968000 80.384000 59
80.384000 80.928000 57
81.760000 82.240000 55
82.368000 82.592000 53
82.976000 83.744000 59
83.872000 84.224000 64
84.544000 85.376000 64
85.504000 85.696000 64
85.696000 85.888000 65
85.888000 86.336000 63
86.336000 86.752000 60
87.584000 87.872000 57
87.872000 88.128000 60
88.128000 88.448000 57
88.448000 88.896000 65
88.896000 89.568000 65
89.664000 91.616000 62
93.376000 94.144000 66
94.144000 95.136000 63
95.296000 96.000000 67
96.224000 96.928000 60
97.088000 97.536000 66
97.536000 99.104000 62
99.360000 99.776000 63
99.776000 100.096000 60
100.736000 100.864000 59
100.960000 101.664000 67
101.664000 102.368000 69
102.752000 103.968000 67
104.672000 106.368000 65
106.496000 107.872000 64
108.192000 108.896000 66
108.896000 109.888000 63
110.016000 110.784000 67
110.944000 111.680000 72
111.840000 112.256000 66
112.256000 113.952000 62
114.144000 114.560000 64
114.560000 115.008000 59
115.488000 115.584000 59
115.680000 116.064000 68
116.160000 117.152000 69
117.568000 118.752000 67
119.232000 119.328000 56
119.424000 121.184000 65
121.280000 122.368000 65
122.464000 122.624000 64
122.784000 123.072000 62
123.264000 124.224000 60
124.352000 124.448000 60
139.584000 140.480000 52
140.480000 141.312000 55
142.048000 142.144000 52
142.240000 142.432000 52
147.680000 147.968000 52
148.064000 148.672000 52
148.768000 149.088000 52
149.472000 150.208000 60
150.816000 151.040000 52
151.136000 152.064000 53
153.888000 153.984000 56
154.080000 154.368000 57
154.496000 155.168000 55
155.264000 156.128000 59
156.128000 156.608000 57
157.472000 157.920000 56
158.688000 159.072000 59
159.168000 159.424000 59
159.584000 160.000000 64
160.288000 160.416000 64
160.544000 162.048000 64
162.048000 162.688000 60
163.264000 163.584000 57
163.584000 163.872000 60
163.872000 164.128000 57
164.192000 164.256000 61
164.256000 164.512000 67
164.672000 164.960000 64
164.960000 165.312000 66
165.408000 165.728000 64
165.856000 166.976000 62
167.392000 167.552000 66
167.648000 167.872000 67
167.872000 168.992000 63
169.088000 169.920000 67
170.048000 170.720000 72
170.880000 171.264000 67
171.264000 171.936000 63
172.064000 173.056000 63
173.216000 173.760000 63
173.760000 174.048000 60
174.560000 174.720000 60
174.816000 175.680000 67
175.680000 176.064000 69
176.640000 177.952000 67
178.368000 178.848000 65
178.976000 180.224000 65
180.384000 181.664000 64
182.176000 182.720000 66
182.720000 183.776000 64
183.872000 184.704000 67
184.864000 185.600000 72
185.696000 186.112000 66
186.112000 186.720000 62
186.816000 187.808000 62
187.968000 188.128000 62
188.128000 188.448000 64
188.448000 188.640000 60
189.312000 189.504000 59
189.504000 189.568000 61
189.568000 190.976000 69
191.424000 192.640000 66
193.088000 193.184000 55
193.280000 194.112000 64
194.208000 195.040000 64
195.136000 196.864000 64
197.024000 197.344000 64
197.344000 200.416000 60
200.672000 200.864000 62
208.992000 209.120000 61
209.472000 209.568000 61
211.392000 211.520000 60
214.048000 215.296000 55
215.456000 215.680000 63
215.936000 216.320000 74
216.480000 217.312000 76
217.664000 217.792000 75
218.240000 218.368000 70
218.368000 218.752000 65
222.912000 223.200000 71
226.496000 226.912000 66
227.040000 227.360000 67
227.360000 228.384000 63
228.512000 229.280000 67
229.376000 230.080000 71
230.304000 230.720000 67
230.720000 230.848000 63
230.944000 231.328000 64
231.456000 232.416000 63
232.608000 233.056000 63
233.056000 233.472000 59
233.888000 234.048000 60
234.176000 235.552000 69
236.032000 237.472000 67
237.920000 238.240000 65
238.368000 241.120000 65
241.344000 242.080000 67
242.080000 243.264000 64
243.360000 244.064000 67
244.160000 244.928000 72
245.056000 247.232000 67
247.392000 248.448000 67
248.608000 248.896000 65
248.896000 250.176000 68
250.784000 252.000000 67
252.448000 252.544000 65
252.640000 255.872000 65
256.032000 256.128000 62
256.448000 258.624000 60
259.680000 259.808000 59
259.968000 260.288000 69
260.448000 261.248000 69
261.952000 263.040000 66
263.808000 263.968000 61
263.968000 264.800000 64
264.928000 265.824000 65
266.016000 267.008000 65
267.104000 267.296000 65
267.456000 267.680000 64
267.904000 268.352000 62
270.368000 271.360000 59
