21.760000 21.920000 69
22.400000 22.592000 74
22.592000 22.656000 70
23.808000 23.936000 68
25.568000 26.336000 57
26.560000 27.520000 58
28.096000 29.184000 57
29.280000 30.528000 59
30.656000 30.784000 60
30.784000 31.264000 62
31.392000 31.904000 55
32.032000 32.576000 55
33.088000 33.536000 54
36.576000 36.992000 57
37.152000 38.432000 57
39.040000 39.360000 55
39.360000 39.776000 57
39.872000 40.128000 57
40.224000 41.088000 58
41.568000 42.144000 65
42.144000 42.848000 62
42.944000 43.520000 62
44.000000 44.320000 66
44.608000 44.768000 65
44.768000 45.280000 62
48.000000 49.888000 61
49.888000 50.752000 64
50.848000 51.136000 62
51.264000 52.032000 62
52.928000 53.472000 67
53.632000 54.144000 66
54.368000 54.560000 59
54.688000 55.200000 66
55.296000 56.256000 64
58.912000 59.296000 61
59.392000 60.224000 61
60.768000 61.344000 65
61.440000 62.304000 62
62.464000 62.688000 62
63.264000 63.360000 65
63.520000 64.864000 66
65.600000 67.936000 66
72.096000 72.288000 65
72.416000 73.280000 64
73.376000 73.920000 64
74.016000 74.208000 64
74.208000 74.336000 66
74.464000 74.560000 68
74.784000 74.912000 60
74.912000 76.064000 61
76.064000 76.768000 62
77.152000 77.408000 68
77.504000 78.048000 69
78.176000 78.784000 62
79.200000 79.360000 58
79.520000 79.936000 62
79.936000 80.128000 69
80.224000 80.416000 69
80.576000 80.704000 62
80.864000 81.248000 62
81.248000 81.760000 66
81.920000 82.368000 64
83.008000 84.448000 64
84.448000 85.472000 65
85.696000 85.920000 61
86.016000 86.208000 61
86.336000 87.264000 62
87.392000 87.744000 66
88.032000 88.992000 69
89.088000 89.760000 62
90.080000 90.880000 62
90.880000 91.392000 69
91.488000 91.712000 62
91.872000 92.224000 62
92.224000 92.832000 69
93.248000 93.600000 62
93.856000 94.720000 62
101.472000 101.664000 56
101.664000 103.168000 62
103.968000 104.064000 61
107.840000 108.224000 66
108.352000 108.448000 66
108.448000 108.832000 64
108.832000 109.184000 62
109.312000 109.792000 62
110.784000 110.848000 63
110.848000 110.944000 65
110.944000 111.136000 70
111.808000 111.968000 72
112.704000 113.216000 71
114.752000 114.880000 72
114.880000 115.040000 70
115.040000 115.264000 66
116.384000 118.080000 57
118.080000 121.376000 69
132.096000 132.864000 57
133.024000 133.632000 59
133.728000 134.048000 57
134.400000 134.496000 54
134.592000 136.704000 57
137.184000 137.728000 62
137.888000 139.168000 55
139.648000 140.064000 54
140.288000 141.504000 56
143.104000 143.520000 57
143.616000 144.896000 57
145.504000 147.648000 57
148.032000 148.160000 64
148.160000 148.448000 66
148.448000 148.960000 63
149.056000 150.272000 62
150.464000 150.848000 66
151.104000 151.360000 64
151.360000 151.808000 62
154.208000 154.272000 57
154.272000 154.336000 58
154.336000 156.352000 61
156.352000 157.120000 64
157.216000 157.824000 61
157.952000 158.368000 62
159.296000 159.872000 67
159.968000 160.448000 66
160.672000 160.960000 60
161.088000 162.464000 65
165.120000 166.656000 61
166.752000 167.104000 61
167.104000 167.712000 65
167.808000 168.608000 62
168.768000 169.056000 61
169.536000 169.600000 61
169.600000 169.696000 64
169.824000 171.232000 66
171.904000 172.128000 62
172.128000 175.008000 67
175.744000 175.936000 65
176.064000 176.928000 64
177.056000 177.856000 64
177.856000 178.016000 66
178.112000 178.336000 68
178.336000 179.968000 61
180.032000 180.096000 63
180.096000 180.416000 66
180.768000 181.664000 69
181.792000 182.016000 61
182.144000 182.464000 62
183.136000 183.520000 62
183.520000 184.032000 68
184.160000 184.352000 61
184.512000 184.864000 62
184.864000 185.472000 66
185.568000 186.048000 64
186.592000 187.808000 64
188.064000 188.896000 64
189.024000 189.152000 68
189.376000 189.536000 61
189.632000 189.888000 61
189.984000 190.816000 62
190.976000 191.360000 65
191.648000 192.704000 68
192.704000 193.504000 62
193.728000 193.856000 60
193.856000 194.528000 62
194.528000 194.976000 69
195.104000 195.904000 62
195.904000 196.480000 69
196.864000 197.248000 62
197.472000 198.528000 62
203.296000 203.392000 58
203.392000 205.376000 62
205.376000 206.208000 65
206.336000 206.560000 69
206.688000 208.192000 66
208.800000 209.920000 62
210.112000 210.400000 59
210.400000 210.720000 62
210.720000 211.328000 69
211.328000 212.064000 65
212.160000 212.960000 69
213.440000 213.952000 65
214.112000 215.552000 62
216.160000 216.736000 64
216.736000 218.144000 61
218.624000 218.976000 62
218.976000 219.200000 68
219.296000 219.456000 64
219.456000 219.936000 66
219.936000 220.192000 69
220.320000 221.408000 64
221.536000 221.632000 63
222.048000 222.368000 70
222.368000 222.624000 66
222.720000 223.904000 69
224.064000 224.448000 69
226.048000 226.144000 57
226.912000 227.744000 64
227.872000 228.736000 64
228.864000 229.376000 64
229.504000 229.632000 64
229.632000 229.792000 66
229.920000 230.080000 69
230.080000 230.176000 67
230.432000 231.808000 62
231.936000 232.256000 65
232.672000 232.896000 68
233.024000 233.536000 69
233.664000 234.240000 62
234.624000 234.720000 57
234.976000 235.392000 62
235.392000 235.808000 69
236.000000 236.160000 62
236.352000 236.448000 69
236.448000 236.864000 70
237.056000 237.952000 64
238.304000 239.648000 64
239.744000 240.544000 64
240.544000 240.768000 66
240.768000 241.024000 69
241.024000 241.344000 61
241.440000 242.720000 62
242.816000 243.232000 66
243.488000 244.448000 68
244.544000 245.248000 62
245.504000 245.632000 60
245.632000 246.304000 62
246.304000 246.816000 69
246.912000 247.648000 62
247.648000 248.320000 69
248.672000 249.120000 62
249.312000 249.408000 62
249.504000 250.240000 64
250.368000 251.136000 62
