19.200000 19.776000 68
20.128000 21.408000 68
21.760000 24.320000 68
24.320000 25.376000 64
25.952000 26.240000 59
26.496000 26.560000 65
26.560000 27.040000 68
27.392000 28.640000 68
29.184000 29.824000 68
30.016000 31.936000 68
33.728000 33.792000 64
33.792000 34.400000 68
34.496000 35.264000 69
35.584000 36.448000 73
36.544000 37.152000 69
37.440000 37.632000 71
37.632000 37.888000 68
38.080000 38.528000 68
38.752000 38.912000 69
38.912000 39.104000 71
39.104000 39.552000 68
40.160000 40.640000 64
40.864000 41.024000 68
41.216000 42.592000 66
42.880000 42.976000 65
43.584000 43.872000 59
44.096000 44.512000 59
44.672000 44.768000 66
45.088000 46.336000 64
48.416000 49.056000 68
49.216000 50.464000 68
50.560000 53.280000 68
53.376000 53.472000 68
53.472000 53.696000 66
53.760000 53.824000 64
54.144000 54.400000 64
54.432000 54.496000 63
55.136000 55.424000 59
55.424000 55.488000 60
55.488000 55.616000 62
55.616000 56.384000 68
56.544000 57.504000 68
57.696000 58.176000 68
58.208000 58.368000 68
58.496000 58.784000 68
59.104000 61.216000 68
62.880000 63.168000 68
63.392000 63.936000 69
64.128000 64.480000 57
64.480000 65.376000 61
65.376000 66.112000 57
66.240000 66.336000 61
66.464000 66.688000 70
66.688000 66.912000 68
67.008000 68.224000 68
68.352000 68.736000 68
69.216000 69.504000 63
69.728000 70.272000 68
70.400000 71.104000 65
71.296000 71.456000 65
71.584000 71.744000 65
72.352000 72.480000 59
72.672000 73.568000 59
74.080000 75.552000 64
77.856000 77.984000 64
77.984000 79.232000 61
79.232000 80.224000 64
80.384000 80.544000 61
80.544000 80.704000 59
80.832000 80.896000 61
80.896000 80.992000 62
80.992000 82.592000 67
82.592000 83.392000 64
83.552000 83.776000 64
84.352000 84.672000 65
85.312000 86.144000 68
86.304000 87.232000 69
87.392000 87.584000 69
87.872000 88.064000 66
88.064000 91.488000 68
91.648000 91.712000 62
91.712000 91.808000 66
92.000000 92.128000 66
92.128000 92.640000 61
93.248000 93.824000 66
93.824000 95.104000 61
95.968000 96.032000 63
96.032000 96.160000 66
96.160000 97.056000 67
97.056000 98.080000 64
98.944000 98.976000 66
99.008000 99.072000 66
99.136000 100.544000 66
100.960000 101.312000 66
101.472000 101.824000 66
101.952000 102.176000 66
102.304000 106.432000 66
107.040000 107.200000 59
107.936000 108.064000 59
114.464000 114.880000 71
115.136000 115.296000 71
115.520000 116.864000 71
116.928000 118.944000 68
119.104000 119.360000 64
120.576000 120.832000 64
120.832000 121.440000 71
121.536000 121.728000 71
121.920000 122.080000 71
122.080000 122.368000 69
122.528000 122.976000 68
123.296000 123.680000 71
123.808000 124.128000 71
124.320000 124.896000 68
125.120000 126.368000 68
128.064000 128.192000 63
128.288000 128.352000 67
128.352000 128.800000 73
128.896000 129.440000 73
129.664000 130.144000 69
130.144000 130.816000 76
130.880000 131.744000 73
132.032000 133.664000 71
133.760000 133.984000 68
134.496000 135.776000 71
136.352000 136.448000 66
137.824000 137.888000 68
137.888000 138.144000 71
138.336000 139.104000 71
139.264000 139.392000 71
139.392000 139.456000 69
139.456000 139.744000 66
139.776000 140.096000 64
140.640000 140.736000 65
142.848000 144.832000 68
145.440000 145.600000 68
145.760000 145.888000 68
145.984000 146.272000 68
146.368000 148.160000 68
148.256000 148.672000 64
149.664000 149.984000 59
149.984000 152.992000 68
153.344000 155.392000 68
157.344000 157.408000 65
157.408000 157.472000 66
157.472000 158.976000 69
158.976000 160.224000 73
160.448000 160.640000 69
160.640000 160.928000 73
160.928000 162.144000 68
162.272000 162.432000 68
162.432000 162.720000 70
162.816000 163.104000 67
163.776000 164.000000 64
164.192000 166.304000 66
166.912000 167.424000 59
167.712000 168.192000 59
168.384000 170.208000 64
172.000000 172.128000 64
172.416000 172.576000 64
172.576000 173.664000 61
173.792000 174.080000 68
174.176000 174.592000 64
174.944000 175.232000 59
175.360000 175.488000 60
175.488000 175.552000 61
175.552000 175.712000 65
176.000000 177.344000 66
177.344000 178.208000 64
178.208000 178.400000 59
178.496000 179.168000 59
179.680000 181.728000 68
181.920000 182.272000 69
182.368000 182.464000 69
182.592000 185.824000 68
185.952000 186.176000 61
186.496000 186.656000 66
186.656000 187.232000 61
187.776000 188.320000 66
188.320000 189.664000 61
190.144000 190.304000 64
190.560000 190.624000 64
190.624000 192.000000 66
192.000000 192.800000 64
193.408000 193.568000 65
193.664000 193.824000 67
193.824000 194.048000 65
194.176000 194.560000 61
195.296000 195.584000 59
195.680000 195.904000 58
196.544000 196.672000 61
196.928000 197.056000 62
197.152000 197.216000 63
197.216000 198.624000 66
198.624000 199.008000 70
199.872000 199.936000 66
200.800000 208.128000 66
208.544000 208.672000 66
