28.160000 28.256000 56
28.256000 28.320000 57
28.320000 28.768000 59
28.768000 29.408000 62
29.600000 30.784000 62
30.912000 31.456000 62
32.800000 33.024000 62
33.024000 33.248000 64
33.408000 33.824000 67
34.240000 34.496000 65
34.496000 35.360000 67
35.520000 36.000000 62
37.344000 37.504000 55
37.504000 37.568000 56
37.568000 37.632000 57
37.632000 37.920000 59
37.920000 38.432000 62
38.880000 39.520000 62
39.680000 39.808000 62
39.808000 40.000000 64
40.000000 40.160000 66
40.256000 40.480000 64
40.608000 40.768000 62
41.152000 41.344000 59
41.472000 41.600000 57
41.696000 41.920000 56
42.176000 42.368000 56
45.184000 45.408000 62
45.568000 45.728000 62
45.856000 46.112000 62
46.816000 47.616000 59
51.264000 51.456000 56
51.456000 51.808000 59
51.808000 52.352000 62
52.768000 54.656000 62
55.840000 56.064000 62
56.064000 56.384000 64
56.384000 57.056000 67
57.248000 58.080000 67
58.080000 59.104000 62
60.480000 60.640000 56
60.640000 60.928000 59
61.056000 61.408000 62
61.888000 62.656000 62
62.656000 62.816000 59
62.816000 63.840000 64
64.192000 64.704000 58
64.960000 65.216000 55
65.600000 67.008000 57
68.160000 68.448000 62
68.448000 69.152000 58
69.536000 70.016000 58
70.240000 71.264000 55
73.184000 73.568000 62
73.664000 73.984000 67
73.984000 75.008000 69
75.168000 75.424000 67
75.424000 75.648000 69
75.744000 75.872000 67
76.064000 76.512000 69
76.672000 77.376000 67
77.760000 78.528000 67
78.528000 78.816000 64
78.976000 79.392000 62
79.520000 81.344000 71
82.368000 82.816000 70
82.944000 83.328000 68
83.552000 84.160000 67
84.352000 84.512000 64
84.704000 85.184000 67
85.344000 85.760000 67
86.464000 86.944000 67
87.072000 88.000000 62
88.256000 88.448000 62
88.768000 90.176000 59
91.648000 91.968000 62
92.096000 92.352000 67
92.480000 92.576000 69
92.576000 92.704000 71
92.864000 93.696000 69
93.952000 94.624000 69
95.776000 96.128000 67
96.256000 96.608000 67
96.704000 97.472000 64
97.472000 98.656000 71
98.752000 100.448000 67
100.992000 101.856000 67
102.112000 104.256000 69
104.992000 105.344000 68
105.600000 106.272000 69
106.432000 108.896000 67
129.728000 129.824000 56
129.824000 129.920000 57
129.920000 130.240000 59
130.240000 130.816000 62
131.136000 133.088000 62
134.304000 134.496000 62
134.496000 134.816000 64
134.816000 135.488000 67
135.744000 136.512000 67
136.512000 137.728000 62
138.880000 139.104000 56
139.104000 139.392000 59
139.488000 139.936000 62
140.448000 141.472000 62
141.472000 141.760000 66
141.760000 142.400000 62
142.720000 143.136000 58
143.392000 143.584000 55
143.968000 145.696000 57
146.624000 146.912000 62
146.912000 147.456000 58
147.744000 148.384000 58
148.704000 150.016000 55
151.616000 151.968000 62
152.064000 153.472000 69
153.664000 154.080000 68
154.176000 154.336000 67
154.496000 154.912000 69
155.072000 155.680000 67
156.192000 156.992000 67
156.992000 157.280000 64
157.376000 157.824000 62
157.920000 160.000000 71
160.832000 161.248000 70
161.440000 161.632000 69
161.632000 161.792000 67
161.984000 162.624000 68
163.136000 163.616000 67
163.712000 164.384000 67
164.928000 165.344000 67
165.472000 166.400000 62
166.624000 166.816000 62
167.360000 168.576000 59
170.048000 170.336000 62
170.528000 170.784000 67
170.944000 171.168000 70
171.328000 172.224000 69
172.448000 173.216000 69
174.208000 174.560000 67
174.656000 174.976000 67
175.104000 175.424000 64
175.424000 175.776000 62
175.776000 175.968000 69
175.968000 177.312000 71
177.312000 178.880000 67
179.328000 179.392000 61
179.392000 180.288000 67
180.480000 182.528000 69
183.328000 183.776000 68
184.000000 187.200000 67
195.392000 195.840000 62
195.840000 197.312000 69
197.536000 197.952000 68
198.048000 198.208000 67
198.400000 198.816000 69
198.976000 199.680000 67
200.032000 200.800000 67
200.800000 201.088000 64
201.216000 201.600000 62
201.728000 203.840000 71
204.704000 205.056000 70
205.184000 205.664000 68
205.856000 206.496000 67
206.976000 207.456000 67
207.584000 208.128000 67
208.736000 209.248000 67
209.248000 210.240000 62
210.464000 210.688000 62
211.232000 212.640000 59
213.952000 214.208000 62
214.368000 214.592000 67
214.752000 214.848000 69
214.848000 214.976000 71
215.104000 216.032000 69
216.256000 217.184000 69
218.080000 218.848000 67
218.848000 219.200000 64
219.200000 219.616000 62
219.616000 221.088000 71
221.088000 222.560000 67
222.592000 222.624000 67
223.168000 223.232000 63
223.232000 224.128000 67
224.352000 226.336000 69
227.200000 227.264000 63
227.264000 227.776000 68
228.064000 231.616000 67
