11.968000 13.184000 61
21.952000 22.112000 53
22.112000 22.496000 55
22.592000 23.552000 56
23.680000 24.384000 54
24.384000 25.248000 56
26.304000 26.368000 54
26.368000 26.464000 55
26.464000 26.528000 56
26.528000 27.424000 59
27.552000 27.744000 59
27.744000 28.032000 61
28.192000 30.144000 56
31.680000 31.808000 67
32.000000 32.448000 59
32.544000 33.440000 58
33.536000 34.080000 60
34.240000 34.528000 60
34.528000 35.520000 61
35.520000 36.256000 56
36.672000 37.184000 52
37.344000 37.760000 54
37.888000 39.072000 54
39.232000 40.384000 52
41.664000 41.760000 53
41.760000 41.824000 55
41.888000 42.112000 53
42.112000 42.464000 56
42.560000 43.488000 56
43.584000 45.344000 56
46.336000 46.432000 52
46.432000 46.624000 55
46.688000 48.448000 59
48.640000 49.472000 57
49.472000 50.528000 59
50.848000 50.976000 56
51.072000 51.264000 56
51.616000 51.936000 55
51.936000 52.000000 57
52.000000 52.096000 58
52.096000 55.552000 60
55.552000 56.256000 56
56.672000 57.152000 52
57.376000 58.528000 53
58.720000 59.296000 54
59.296000 59.872000 56
59.872000 60.480000 60
61.312000 61.376000 54
61.376000 61.408000 54
61.408000 61.440000 55
61.440000 62.400000 61
62.560000 64.064000 63
64.160000 64.736000 64
65.088000 65.856000 66
65.984000 66.240000 66
66.336000 67.264000 64
67.520000 67.776000 64
67.904000 68.448000 62
68.448000 68.736000 59
68.736000 69.024000 56
69.152000 70.208000 59
71.360000 71.648000 58
71.872000 72.256000 62
72.480000 72.544000 60
72.544000 72.768000 63
72.928000 73.536000 63
73.792000 74.848000 64
75.040000 75.296000 66
75.392000 76.192000 66
76.288000 76.512000 66
76.608000 77.248000 52
77.568000 79.040000 63
79.136000 80.480000 64
87.744000 87.840000 61
88.032000 88.128000 61
88.320000 89.760000 59
91.680000 91.904000 56
91.936000 92.032000 52
92.032000 92.416000 55
92.608000 93.440000 56
93.632000 93.984000 54
94.208000 95.392000 56
96.320000 96.384000 51
96.384000 96.416000 54
96.416000 96.608000 56
96.608000 97.696000 60
97.856000 98.144000 61
98.144000 98.336000 57
98.496000 98.592000 57
98.720000 98.912000 61
98.912000 100.256000 56
101.760000 101.792000 58
101.984000 102.048000 55
102.048000 102.144000 57
102.144000 102.464000 60
102.560000 105.216000 60
105.344000 106.272000 56
106.560000 106.848000 52
107.264000 108.064000 54
108.192000 108.416000 55
108.544000 108.992000 54
109.216000 109.952000 52
111.936000 112.096000 52
112.096000 112.768000 56
112.896000 114.048000 54
114.176000 115.264000 56
115.456000 115.584000 54
115.872000 115.904000 54
115.968000 116.288000 52
116.288000 116.512000 56
116.608000 116.832000 59
116.992000 117.440000 60
117.536000 117.760000 61
117.888000 118.112000 61
118.112000 118.272000 59
118.272000 118.496000 57
118.624000 119.040000 57
119.232000 120.576000 59
120.704000 121.280000 55
121.472000 121.760000 55
121.920000 123.072000 59
123.168000 123.232000 57
123.232000 123.424000 58
123.424000 124.544000 60
124.544000 125.440000 61
125.440000 126.208000 56
126.624000 126.912000 52
127.008000 127.520000 54
127.584000 128.096000 53
128.512000 128.576000 54
128.608000 130.176000 54
131.264000 131.328000 53
131.328000 131.360000 55
131.360000 131.520000 58
131.520000 132.128000 61
132.544000 133.408000 63
133.760000 134.912000 64
135.040000 135.840000 66
135.968000 136.224000 66
136.352000 136.544000 66
136.704000 137.184000 64
137.536000 138.400000 63
138.528000 138.656000 58
138.816000 138.976000 55
139.200000 139.680000 59
139.744000 139.808000 59
139.840000 140.384000 59
141.312000 141.376000 54
141.376000 141.504000 58
141.632000 141.696000 57
141.696000 142.176000 60
142.528000 144.736000 63
145.088000 145.856000 66
146.016000 146.528000 66
146.688000 147.296000 64
147.552000 148.672000 63
148.768000 148.992000 64
149.120000 149.792000 64
151.296000 151.488000 59
151.648000 151.712000 58
151.712000 151.872000 59
151.872000 152.544000 61
152.544000 153.376000 63
153.824000 154.720000 64
155.040000 155.808000 54
156.000000 156.576000 54
156.576000 157.248000 52
157.568000 157.760000 52
157.920000 158.112000 62
158.112000 158.496000 63
158.496000 158.720000 59
158.720000 158.944000 55
158.944000 159.872000 59
161.312000 161.440000 59
161.440000 161.472000 56
161.600000 161.664000 58
161.664000 162.048000 60
162.400000 162.592000 61
162.592000 162.816000 64
162.912000 163.104000 63
163.776000 164.000000 65
164.128000 164.704000 64
165.024000 165.280000 67
165.408000 165.952000 66
165.984000 166.528000 66
166.656000 167.264000 52
167.552000 168.992000 63
169.120000 172.544000 64
