31.648000 32.224000 69
32.480000 32.896000 65
33.056000 33.184000 64
33.728000 33.920000 64
34.080000 35.040000 64
35.296000 35.712000 62
36.928000 37.376000 59
37.536000 37.728000 59
40.384000 40.672000 59
40.832000 40.928000 59
43.360000 43.552000 68
43.744000 43.968000 69
43.968000 44.608000 65
44.832000 45.056000 64
45.472000 46.112000 64
46.240000 46.464000 64
46.624000 47.264000 62
48.736000 49.024000 60
49.376000 49.600000 60
49.888000 50.144000 60
51.424000 52.288000 64
52.384000 52.640000 65
52.864000 53.472000 66
53.632000 54.048000 65
54.048000 54.816000 62
55.008000 56.000000 62
56.096000 56.480000 64
56.576000 56.800000 64
57.376000 57.504000 74
57.696000 57.920000 73
58.144000 58.816000 71
59.456000 59.808000 64
60.032000 60.352000 63
61.056000 62.368000 62
62.560000 62.688000 63
63.168000 63.360000 64
63.648000 64.288000 65
66.816000 68.192000 62
68.320000 68.544000 64
69.088000 69.664000 73
69.760000 70.400000 71
70.592000 71.072000 69
72.000000 72.160000 74
72.320000 72.768000 74
73.088000 73.376000 71
74.144000 74.208000 68
77.792000 77.920000 67
78.016000 78.240000 67
78.464000 78.880000 67
81.312000 81.664000 69
81.664000 82.080000 66
82.336000 83.616000 62
84.224000 85.024000 67
85.024000 85.792000 64
86.080000 86.336000 62
86.720000 87.040000 62
87.136000 89.312000 73
89.696000 90.048000 69
90.176000 90.688000 70
91.072000 92.000000 68
92.704000 92.960000 62
93.152000 95.168000 73
95.360000 95.520000 69
95.648000 96.352000 69
96.544000 96.736000 73
96.736000 96.800000 71
96.800000 97.184000 67
97.568000 98.048000 64
98.048000 98.720000 62
99.104000 99.680000 54
99.808000 100.000000 55
100.192000 100.384000 54
100.768000 101.184000 59
101.280000 101.856000 60
102.208000 102.528000 59
103.040000 103.488000 59
104.800000 105.504000 67
105.504000 105.984000 64
105.984000 106.912000 62
107.680000 107.744000 65
107.744000 108.224000 67
108.224000 109.920000 64
110.272000 110.496000 62
110.496000 110.624000 64
110.624000 112.448000 73
112.608000 112.800000 72
113.568000 113.888000 71
113.984000 114.208000 69
114.336000 114.784000 66
115.008000 115.360000 68
115.456000 115.744000 63
116.160000 116.352000 61
116.352000 116.544000 63
116.544000 117.312000 73
117.440000 118.304000 73
118.496000 118.688000 70
118.912000 119.232000 63
119.232000 119.424000 69
119.520000 119.872000 69
120.000000 120.160000 73
120.160000 120.768000 66
121.024000 121.312000 64
121.792000 122.368000 62
123.424000 123.808000 66
123.904000 125.184000 61
126.176000 126.720000 66
126.848000 128.192000 61
129.056000 130.144000 62
133.792000 134.272000 62
136.032000 136.736000 66
137.184000 137.504000 65
137.952000 138.272000 67
138.592000 138.784000 69
143.744000 144.384000 71
148.928000 149.056000 71
149.824000 150.016000 66
150.112000 150.304000 66
150.816000 151.200000 66
154.560000 154.720000 62
154.880000 155.104000 64
155.264000 155.392000 64
156.000000 156.480000 73
156.704000 157.216000 71
157.216000 157.728000 69
157.824000 158.048000 69
158.464000 159.008000 63
159.424000 159.680000 66
159.680000 161.120000 62
161.216000 161.344000 62
161.888000 162.080000 65
162.336000 163.136000 65
165.472000 166.880000 62
166.976000 167.136000 64
167.712000 168.288000 73
168.320000 168.992000 71
169.216000 169.696000 69
170.656000 170.848000 74
171.040000 172.416000 71
173.728000 173.856000 65
176.256000 178.400000 64
179.584000 179.968000 69
179.968000 180.064000 68
180.064000 180.160000 67
180.160000 181.344000 64
182.688000 183.072000 68
183.072000 183.424000 66
183.424000 184.448000 63
185.440000 185.824000 62
185.824000 188.064000 73
188.192000 189.216000 69
189.440000 190.304000 67
191.232000 191.424000 62
191.648000 193.696000 73
194.112000 194.752000 69
194.944000 195.200000 73
195.296000 195.584000 67
196.192000 196.480000 64
196.480000 196.992000 62
198.272000 198.464000 67
198.656000 198.784000 66
199.232000 199.520000 61
203.392000 204.064000 67
204.064000 205.312000 63
206.304000 206.688000 68
206.688000 208.448000 64
208.832000 209.120000 63
209.120000 209.184000 65
209.184000 211.456000 73
211.776000 212.000000 69
212.128000 212.288000 71
212.512000 212.736000 69
212.832000 213.344000 66
213.568000 213.664000 67
214.816000 214.976000 62
214.976000 215.040000 63
215.040000 215.072000 65
215.072000 215.840000 73
215.968000 216.832000 73
217.024000 217.344000 71
217.632000 218.368000 69
218.464000 218.656000 73
218.656000 219.200000 66
219.552000 219.840000 64
220.352000 220.800000 62
222.016000 222.336000 66
222.432000 223.680000 61
224.832000 225.344000 66
225.440000 226.624000 61
227.936000 228.992000 62
229.472000 229.632000 63
237.184000 237.408000 65
237.824000 238.400000 66
238.624000 239.744000 61
240.736000 241.408000 66
241.632000 242.976000 61
