11.936000 12.064000 73
12.064000 12.544000 70
12.864000 13.024000 70
13.472000 13.632000 69
13.824000 13.952000 69
16.480000 17.248000 53
17.984000 18.272000 55
18.400000 18.688000 57
18.688000 19.328000 60
19.968000 20.128000 57
20.128000 21.376000 65
21.568000 21.824000 64
22.016000 22.304000 62
22.432000 23.072000 60
24.224000 24.544000 60
24.832000 24.992000 62
25.120000 25.408000 60
25.568000 25.824000 59
26.528000 26.944000 54
27.136000 28.832000 55
30.720000 31.808000 53
32.352000 32.576000 55
32.736000 32.992000 57
33.152000 33.696000 60
34.272000 34.400000 57
34.592000 36.224000 65
36.352000 36.544000 65
36.768000 37.248000 60
37.984000 38.272000 56
38.528000 38.624000 56
39.488000 39.680000 56
39.680000 39.776000 58
39.904000 40.416000 60
41.472000 42.144000 55
42.240000 43.200000 53
45.376000 45.824000 54
46.016000 46.464000 55
46.656000 46.784000 54
46.944000 47.136000 55
47.232000 47.456000 54
47.680000 47.840000 53
48.448000 48.608000 53
48.608000 49.312000 56
49.920000 50.240000 57
50.528000 51.328000 57
52.576000 53.344000 55
53.440000 53.984000 54
54.080000 54.368000 55
55.040000 56.032000 61
56.256000 56.576000 60
56.576000 57.504000 57
59.712000 59.904000 56
60.032000 60.864000 60
61.088000 61.216000 57
61.312000 61.792000 60
63.296000 63.424000 57
63.584000 64.416000 65
64.608000 64.800000 57
64.800000 65.920000 62
66.848000 66.912000 59
66.912000 67.168000 61
67.328000 68.096000 62
68.416000 68.864000 62
68.928000 68.960000 62
69.568000 69.888000 62
69.888000 70.176000 65
70.176000 70.400000 62
70.560000 73.600000 67
74.080000 74.400000 60
74.496000 74.944000 68
75.072000 75.488000 69
75.680000 76.928000 69
77.760000 77.920000 57
78.176000 78.944000 65
78.944000 80.288000 62
81.280000 81.344000 59
81.344000 81.664000 62
81.664000 82.720000 67
82.880000 83.968000 67
84.384000 84.448000 61
84.448000 84.576000 63
84.576000 85.376000 66
85.504000 86.688000 67
86.688000 86.784000 69
86.880000 87.936000 67
88.448000 88.768000 60
88.896000 89.152000 68
89.280000 89.856000 69
90.048000 91.104000 69
92.544000 93.440000 65
93.440000 94.496000 62
95.680000 96.064000 62
96.064000 96.992000 65
97.152000 98.336000 67
98.912000 99.104000 65
99.232000 99.520000 65
99.744000 103.136000 65
131.328000 131.552000 53
131.616000 131.680000 53
131.808000 132.128000 53
132.896000 133.152000 55
133.280000 133.568000 57
133.568000 134.208000 60
134.912000 135.136000 57
135.136000 136.320000 65
136.512000 136.800000 64
136.992000 138.176000 60
139.200000 139.616000 61
139.904000 140.128000 62
140.224000 140.480000 61
140.608000 140.928000 59
141.568000 141.952000 54
142.144000 143.520000 55
143.968000 144.256000 61
144.832000 145.024000 62
145.280000 145.632000 55
145.952000 146.560000 53
147.424000 147.616000 55
147.776000 148.000000 57
148.192000 148.704000 60
149.248000 149.408000 57
149.600000 151.232000 65
151.328000 151.616000 66
151.808000 152.192000 60
153.056000 153.216000 56
153.344000 153.632000 55
154.144000 154.368000 55
154.592000 154.784000 56
154.784000 154.976000 60
155.136000 155.776000 60
156.544000 156.704000 56
156.832000 157.216000 56
157.216000 158.080000 53
160.384000 161.376000 55
161.952000 162.080000 55
163.680000 164.416000 57
164.960000 166.304000 57
169.888000 170.624000 62
170.848000 171.008000 60
171.264000 171.488000 60
171.616000 172.992000 57
174.688000 174.880000 57
175.008000 175.840000 60
176.032000 176.192000 57
176.288000 177.280000 60
178.560000 179.360000 65
179.616000 179.840000 57
179.840000 180.896000 62
181.824000 182.176000 61
182.304000 183.072000 62
183.200000 183.808000 62
184.544000 184.704000 62
184.704000 184.768000 63
184.768000 185.088000 65
185.088000 185.376000 62
185.568000 188.704000 67
189.056000 189.344000 60
189.472000 190.208000 68
190.336000 190.464000 68
190.656000 191.680000 69
192.160000 192.512000 60
192.672000 192.864000 58
193.120000 193.600000 53
193.600000 193.760000 58
193.760000 195.296000 63
196.160000 196.224000 58
196.224000 196.640000 62
196.640000 197.664000 67
197.856000 198.944000 67
199.328000 199.552000 62
199.552000 200.384000 66
200.544000 200.608000 67
200.672000 200.992000 67
200.992000 201.408000 65
201.408000 201.728000 69
201.856000 202.016000 67
202.016000 202.176000 70
202.176000 202.944000 67
203.392000 203.712000 60
203.872000 204.800000 69
204.960000 206.016000 69
206.176000 206.592000 67
206.752000 206.784000 67
207.104000 207.200000 72
207.488000 208.256000 65
208.256000 209.600000 62
210.304000 210.624000 60
210.624000 211.968000 65
212.064000 213.472000 67
213.600000 213.984000 65
214.048000 214.368000 65
214.592000 217.312000 65
217.856000 218.144000 60
218.240000 219.200000 69
219.392000 220.864000 69
220.960000 221.056000 69
221.856000 222.688000 65
222.688000 223.648000 62
223.744000 223.968000 63
224.928000 225.024000 60
225.024000 225.408000 62
225.408000 226.368000 67
226.624000 227.776000 67
228.000000 228.256000 62
228.256000 229.120000 66
229.216000 230.048000 67
230.208000 230.528000 69
230.656000 230.976000 68
231.136000 231.168000 67
231.392000 231.712000 67
232.576000 233.568000 68
233.696000 234.816000 69
235.648000 236.000000 57
236.224000 237.152000 65
237.152000 238.368000 62
239.072000 239.360000 60
239.360000 239.776000 62
239.776000 240.640000 65
240.832000 242.368000 67
242.528000 242.784000 65
242.880000 243.168000 65
243.456000 245.760000 65
245.888000 249.056000 65
249.184000 249.312000 65
249.440000 249.536000 65
