17.664000 17.952000 57
18.368000 19.232000 59
19.776000 20.512000 55
20.640000 21.280000 62
21.344000 21.536000 61
21.632000 21.664000 59
21.728000 22.400000 60
22.656000 23.264000 60
24.576000 25.056000 57
25.184000 26.016000 60
26.272000 27.008000 62
27.008000 27.616000 60
28.064000 28.320000 57
28.320000 28.544000 55
28.640000 32.928000 57
33.312000 33.856000 62
33.856000 34.624000 60
34.976000 38.048000 64
38.464000 38.976000 64
39.136000 40.000000 67
40.256000 40.704000 69
40.704000 41.600000 64
41.696000 41.952000 62
41.952000 42.688000 60
42.688000 44.928000 62
45.376000 45.888000 62
46.048000 46.240000 64
46.240000 46.944000 60
47.168000 48.480000 58
48.896000 49.408000 60
49.472000 51.840000 64
52.224000 52.832000 64
52.832000 54.464000 71
54.464000 55.520000 64
55.648000 55.712000 59
55.712000 56.032000 60
56.032000 58.624000 64
59.040000 59.360000 64
59.360000 59.616000 68
59.616000 61.248000 70
61.248000 61.376000 60
61.376000 61.472000 59
61.472000 62.240000 60
62.240000 62.528000 62
62.624000 63.456000 66
63.584000 66.976000 64
67.904000 68.576000 57
68.800000 69.632000 60
70.112000 70.592000 62
70.752000 71.456000 60
71.808000 72.320000 56
72.480000 75.168000 57
75.328000 75.776000 57
75.872000 76.704000 59
76.960000 77.216000 62
77.344000 78.368000 60
78.656000 79.264000 67
79.392000 81.824000 64
82.144000 82.944000 64
82.944000 84.736000 67
84.736000 85.184000 64
85.280000 85.536000 62
85.536000 85.856000 60
85.856000 86.080000 57
86.208000 88.640000 62
89.056000 89.536000 62
89.696000 89.920000 64
89.920000 90.496000 60
90.784000 90.976000 58
91.136000 91.968000 57
92.480000 96.000000 57
103.456000 103.840000 59
104.096000 104.512000 69
104.640000 104.896000 67
105.056000 105.248000 59
105.408000 105.728000 55
105.856000 106.016000 59
106.208000 106.976000 59
107.008000 108.256000 57
109.696000 110.176000 57
110.336000 111.104000 59
111.424000 112.096000 62
112.096000 112.800000 60
113.216000 113.440000 57
113.440000 113.696000 55
113.792000 117.984000 57
118.400000 118.880000 62
118.880000 119.680000 60
120.000000 123.904000 64
124.032000 124.928000 67
125.184000 125.568000 69
125.568000 126.400000 64
126.528000 129.696000 62
130.144000 130.624000 62
130.784000 130.976000 64
130.976000 131.648000 60
131.936000 133.248000 58
133.632000 134.112000 61
134.208000 136.480000 64
136.896000 137.472000 64
137.568000 139.200000 71
139.200000 140.192000 64
140.192000 140.256000 61
140.384000 140.800000 60
140.800000 143.360000 64
143.776000 144.096000 64
144.096000 144.320000 68
144.320000 145.856000 70
145.856000 146.080000 67
146.080000 147.456000 60
147.456000 148.320000 65
148.416000 151.904000 64
152.672000 153.376000 57
153.504000 154.304000 60
154.688000 155.136000 62
155.296000 155.968000 60
156.320000 156.800000 56
156.960000 159.648000 57
159.808000 160.224000 57
160.352000 161.152000 60
161.440000 161.696000 62
161.824000 162.784000 60
163.200000 163.712000 67
163.872000 166.240000 64
166.528000 167.360000 64
167.360000 168.000000 67
168.224000 168.672000 69
168.672000 168.800000 67
168.800000 169.248000 65
169.248000 169.920000 63
169.920000 170.400000 59
170.560000 172.768000 62
173.376000 173.856000 62
173.984000 174.208000 64
174.208000 174.976000 60
175.136000 175.328000 58
175.456000 176.480000 58
176.896000 179.040000 57
179.104000 179.456000 57
179.616000 180.992000 57
