24.416000 25.024000 52
25.024000 25.792000 55
25.920000 26.304000 55
26.688000 27.904000 55
28.480000 28.544000 56
28.544000 28.832000 59
29.024000 29.792000 60
29.984000 30.400000 61
30.496000 30.752000 60
31.328000 32.000000 55
32.992000 33.568000 56
33.696000 33.888000 55
33.984000 34.208000 53
34.368000 34.912000 56
35.040000 35.232000 55
35.232000 36.096000 53
36.096000 36.192000 55
36.320000 37.024000 60
37.600000 38.240000 57
38.336000 39.040000 60
39.424000 39.520000 58
39.520000 41.312000 60
41.312000 42.688000 62
43.488000 45.120000 64
45.248000 46.240000 62
46.528000 47.168000 59
47.168000 48.000000 62
48.000000 48.640000 64
48.640000 49.536000 60
50.048000 50.176000 56
50.176000 51.392000 59
52.064000 52.608000 57
52.608000 53.344000 60
53.600000 53.728000 55
53.824000 54.048000 59
54.048000 54.304000 55
54.304000 54.976000 61
55.072000 56.032000 64
56.032000 56.704000 61
56.832000 57.280000 60
57.376000 58.080000 59
58.080000 58.848000 55
58.944000 59.360000 55
59.744000 61.376000 64
61.504000 62.528000 62
62.784000 62.912000 57
62.912000 62.976000 58
62.976000 63.200000 59
63.200000 63.360000 60
63.360000 63.456000 61
63.456000 64.256000 62
64.256000 64.864000 65
64.864000 65.760000 60
66.336000 66.400000 55
66.400000 66.528000 56
66.528000 67.712000 59
68.416000 68.864000 57
68.864000 69.568000 59
69.856000 69.984000 55
70.112000 70.304000 60
70.304000 70.528000 55
70.528000 70.784000 60
70.880000 71.072000 65
71.072000 71.296000 67
71.392000 71.680000 61
71.936000 72.544000 65
72.640000 73.184000 61
73.344000 74.080000 60
74.464000 74.624000 58
74.784000 76.352000 59
76.448000 79.264000 60
80.704000 80.768000 57
80.768000 83.488000 62
83.488000 83.936000 58
84.704000 85.088000 58
85.248000 85.408000 63
85.408000 85.888000 66
85.952000 87.424000 63
88.608000 88.800000 55
88.800000 88.992000 56
88.992000 89.664000 60
89.824000 89.920000 55
90.048000 90.688000 58
90.688000 91.200000 56
91.328000 92.032000 63
92.640000 92.768000 59
92.768000 93.888000 62
94.464000 96.352000 63
96.352000 98.080000 65
98.176000 101.728000 67
102.784000 103.680000 64
103.776000 104.384000 64
104.512000 105.440000 62
105.728000 106.432000 59
106.432000 107.264000 62
107.264000 107.872000 65
107.872000 108.832000 60
109.312000 109.376000 55
109.376000 109.504000 56
109.504000 110.752000 59
111.360000 111.744000 57
111.904000 111.936000 59
112.032000 112.064000 59
112.096000 112.544000 59
112.736000 113.120000 55
113.376000 113.504000 55
113.632000 113.952000 60
113.952000 114.336000 62
114.336000 115.328000 64
115.328000 116.480000 60
116.768000 117.344000 59
117.472000 117.600000 55
117.760000 117.824000 57
118.208000 118.528000 55
119.072000 119.968000 64
120.064000 120.256000 64
120.288000 120.640000 65
120.800000 121.728000 63
122.048000 122.144000 59
122.240000 122.496000 59
122.496000 122.688000 60
122.688000 123.552000 62
123.552000 124.064000 65
124.064000 125.120000 60
125.568000 125.760000 56
125.760000 126.848000 59
127.616000 127.712000 56
128.096000 128.416000 59
128.512000 128.896000 60
129.120000 129.248000 55
129.376000 129.472000 60
129.600000 129.728000 55
129.888000 130.080000 60
130.208000 130.336000 64
130.336000 130.560000 67
130.656000 130.752000 60
130.880000 130.976000 60
131.200000 131.872000 64
131.872000 132.352000 61
132.384000 132.864000 60
132.992000 137.216000 60
137.312000 137.952000 60
157.504000 158.016000 56
160.096000 160.160000 56
160.160000 160.192000 58
160.192000 160.288000 60
160.288000 162.720000 62
162.720000 163.360000 58
164.096000 164.512000 58
164.640000 164.832000 63
164.832000 165.280000 65
165.376000 166.912000 63
168.032000 168.224000 55
168.224000 168.640000 57
168.736000 169.088000 60
169.248000 169.344000 55
169.472000 170.624000 58
170.752000 171.424000 63
172.064000 172.576000 60
172.576000 173.344000 63
173.888000 175.776000 63
175.776000 176.864000 65
176.864000 177.376000 59
177.472000 181.152000 55
182.176000 183.776000 64
184.000000 184.896000 63
185.152000 185.280000 59
185.376000 185.632000 59
185.632000 185.824000 60
185.824000 186.688000 62
186.688000 187.232000 65
187.232000 188.384000 60
188.768000 188.832000 56
188.832000 189.248000 57
189.248000 190.176000 59
190.752000 191.232000 57
191.232000 192.064000 59
192.224000 192.512000 55
192.512000 192.672000 59
192.768000 192.864000 55
193.024000 193.344000 60
193.344000 193.760000 62
193.760000 194.752000 64
194.752000 195.200000 61
195.328000 196.064000 60
196.096000 196.160000 58
196.224000 196.768000 59
196.896000 197.120000 55
197.120000 197.312000 57
197.696000 197.952000 55
198.432000 199.360000 64
199.488000 199.616000 64
199.776000 200.000000 65
200.256000 200.544000 64
200.576000 201.152000 62
201.472000 201.504000 56
201.696000 201.888000 59
201.888000 202.112000 60
202.112000 203.040000 62
203.040000 203.488000 65
203.776000 204.512000 60
204.992000 205.184000 56
205.184000 206.240000 59
207.008000 207.264000 56
207.520000 207.712000 59
207.936000 207.968000 59
208.160000 208.224000 59
208.544000 208.768000 55
208.768000 208.928000 60
209.216000 209.504000 60
209.600000 209.760000 64
209.760000 209.984000 67
210.304000 210.336000 61
210.656000 210.784000 63
210.784000 211.328000 64
211.328000 213.088000 60
213.344000 213.568000 57
213.632000 213.696000 57
213.728000 214.080000 59
214.176000 216.352000 60
218.944000 220.128000 65
220.224000 220.576000 66
220.864000 221.632000 63
221.920000 222.080000 59
222.176000 222.400000 60
222.400000 222.624000 61
222.624000 223.456000 63
223.456000 224.064000 65
224.064000 225.056000 61
225.472000 225.984000 58
225.984000 226.912000 60
227.200000 227.520000 54
227.520000 228.288000 59
228.384000 228.608000 61
228.800000 228.896000 56
228.992000 229.280000 56
229.280000 229.472000 60
229.504000 229.600000 56
229.792000 230.016000 61
230.112000 230.464000 63
230.464000 231.520000 65
231.520000 232.608000 61
232.800000 233.536000 60
233.632000 234.080000 57
234.560000 234.752000 56
235.232000 236.416000 65
236.448000 236.544000 66
236.576000 236.832000 65
236.992000 237.952000 63
238.176000 238.304000 59
238.400000 238.464000 59
238.464000 238.656000 60
238.656000 238.880000 61
238.880000 239.712000 63
239.712000 240.256000 66
240.256000 241.184000 61
241.728000 241.792000 57
241.792000 242.240000 58
242.240000 243.072000 61
243.296000 243.360000 54
243.488000 243.616000 54
245.280000 245.440000 56
245.536000 245.664000 61
245.824000 245.984000 56
245.984000 246.208000 61
246.368000 246.496000 65
246.496000 246.720000 68
246.912000 247.008000 61
247.040000 247.104000 62
247.424000 248.000000 66
248.096000 248.608000 61
248.864000 253.952000 61
258.176000 259.520000 60
259.680000 260.512000 60
260.640000 264.480000 61
