26.240000 26.464000 60
45.056000 45.632000 52
45.632000 45.984000 53
45.984000 46.944000 56
47.648000 48.224000 56
48.320000 49.824000 60
50.656000 50.720000 58
50.720000 51.008000 61
51.008000 51.744000 64
51.872000 52.768000 69
52.768000 53.856000 64
53.952000 55.168000 61
55.936000 56.256000 61
56.384000 56.640000 63
56.640000 57.664000 59
58.240000 58.560000 59
58.720000 58.880000 59
58.880000 59.360000 57
59.360000 60.480000 54
61.408000 61.568000 53
61.728000 63.072000 58
63.584000 63.776000 59
63.776000 64.096000 61
64.192000 64.768000 58
64.992000 65.696000 52
69.728000 70.080000 54
70.080000 70.976000 57
71.648000 71.744000 55
71.744000 71.968000 56
71.968000 72.256000 57
72.256000 73.760000 61
74.624000 74.944000 61
74.944000 75.552000 64
75.552000 75.808000 66
75.808000 76.736000 69
76.736000 78.240000 64
78.336000 79.104000 61
79.840000 79.968000 56
79.968000 80.032000 57
80.032000 80.288000 60
80.288000 80.544000 63
80.640000 82.112000 59
82.272000 82.720000 60
82.816000 83.072000 59
83.168000 84.320000 54
85.376000 85.632000 54
85.632000 87.104000 58
87.616000 88.224000 59
88.352000 90.944000 64
91.040000 91.136000 64
92.960000 94.400000 69
94.560000 97.312000 71
97.312000 98.272000 73
98.592000 98.656000 63
98.656000 98.688000 69
98.688000 100.224000 71
100.224000 101.440000 69
101.440000 102.048000 66
102.144000 103.200000 69
103.936000 104.032000 58
104.032000 104.192000 63
104.320000 105.056000 64
105.152000 106.048000 66
106.048000 107.360000 64
107.360000 108.448000 61
109.376000 109.664000 54
109.664000 109.824000 56
110.080000 110.752000 59
110.944000 111.104000 60
111.584000 112.288000 59
112.288000 112.928000 61
112.928000 113.632000 64
114.272000 114.336000 62
114.336000 115.776000 69
115.936000 116.768000 71
116.960000 118.336000 70
118.432000 119.552000 73
119.904000 121.600000 71
121.600000 123.264000 69
123.264000 123.584000 66
123.680000 124.608000 69
125.312000 126.304000 64
126.304000 127.232000 66
127.520000 128.704000 64
128.704000 128.768000 61
128.992000 129.856000 61
130.560000 130.784000 59
130.784000 130.944000 61
131.040000 131.168000 64
131.328000 131.968000 59
147.808000 147.904000 71
148.064000 148.480000 76
148.768000 149.408000 73
149.536000 149.824000 73
150.016000 150.144000 71
153.696000 153.856000 69
154.560000 155.296000 71
155.424000 155.808000 66
166.048000 166.912000 56
167.776000 168.512000 57
168.640000 169.696000 61
170.656000 170.752000 58
170.752000 171.008000 62
171.008000 171.424000 64
171.424000 172.800000 68
173.024000 173.984000 64
173.984000 174.112000 62
174.336000 174.784000 61
176.000000 176.064000 55
176.064000 176.384000 61
176.384000 177.536000 59
178.304000 178.624000 59
178.720000 178.976000 59
179.072000 179.424000 57
179.680000 179.840000 53
181.280000 181.312000 52
181.376000 181.536000 52
181.664000 181.888000 56
181.984000 183.040000 59
183.584000 183.936000 59
184.064000 184.672000 57
184.864000 185.056000 56
185.152000 185.632000 52
188.992000 189.056000 63
189.056000 190.400000 69
190.592000 191.392000 71
191.616000 192.672000 69
192.672000 192.992000 71
193.088000 194.272000 73
194.560000 194.624000 62
194.624000 194.656000 66
194.656000 194.816000 71
194.816000 195.232000 73
195.232000 195.424000 69
195.424000 196.288000 71
196.288000 199.168000 69
199.968000 200.032000 58
200.032000 200.224000 63
200.352000 200.800000 64
200.800000 202.592000 66
202.688000 203.296000 64
203.296000 204.512000 61
205.440000 205.664000 54
205.664000 205.888000 56
206.080000 206.912000 59
207.680000 208.320000 59
208.320000 208.992000 61
208.992000 209.664000 64
210.240000 210.304000 60
210.304000 210.336000 62
210.336000 210.528000 68
210.656000 211.552000 69
211.552000 212.704000 71
212.992000 214.016000 69
214.016000 214.336000 71
214.464000 215.712000 73
216.000000 216.576000 73
216.704000 216.832000 69
216.832000 217.536000 71
217.536000 219.136000 69
219.136000 220.384000 67
221.344000 221.440000 61
221.440000 221.632000 64
221.728000 222.144000 64
222.144000 224.480000 66
224.576000 225.792000 61
226.720000 226.784000 58
226.784000 227.008000 61
227.008000 227.200000 64
227.200000 228.416000 59
228.928000 229.536000 59
229.696000 230.080000 60
230.272000 232.224000 64
232.384000 232.640000 52
234.496000 235.328000 52
235.456000 236.224000 56
237.024000 237.184000 54
237.184000 237.280000 55
237.280000 237.664000 57
237.664000 239.168000 60
240.000000 240.320000 61
240.320000 241.056000 64
241.248000 242.112000 69
242.112000 243.168000 64
243.264000 244.512000 61
245.280000 245.376000 56
245.376000 245.408000 58
245.408000 245.984000 62
245.984000 246.912000 59
247.616000 247.872000 59
247.872000 248.416000 60
248.704000 248.896000 54
248.992000 249.600000 54
251.008000 251.168000 57
251.360000 252.448000 58
252.928000 253.120000 58
253.120000 253.568000 59
253.568000 253.920000 57
254.752000 254.976000 52
257.088000 257.216000 57
257.472000 257.568000 57
258.144000 258.752000 73
261.344000 261.440000 58
261.440000 261.696000 61
261.696000 261.984000 64
262.080000 263.072000 58
263.680000 264.256000 59
264.256000 264.608000 57
264.800000 265.280000 52
268.160000 268.672000 71
268.832000 269.056000 69
272.064000 272.128000 59
272.128000 275.840000 64
277.312000 277.376000 62
277.376000 277.920000 68
278.016000 281.984000 64
309.120000 309.536000 74
