14.816000 15.296000 53
15.296000 16.128000 57
16.128000 16.352000 60
16.448000 17.632000 60
18.016000 18.080000 62
18.080000 18.528000 64
18.528000 18.880000 63
18.880000 19.040000 58
19.040000 20.288000 60
20.288000 21.344000 58
22.656000 23.744000 65
24.224000 24.896000 63
25.024000 25.536000 61
26.304000 26.656000 59
26.816000 27.520000 60
27.520000 29.024000 57
29.920000 30.400000 65
30.560000 30.720000 65
30.880000 31.136000 66
31.584000 31.808000 65
31.936000 32.448000 65
32.608000 32.864000 63
33.216000 33.472000 61
33.472000 35.008000 63
35.104000 35.296000 64
35.456000 36.512000 61
37.248000 37.952000 62
38.304000 38.656000 63
38.816000 39.392000 62
39.968000 40.160000 56
40.160000 40.256000 58
40.256000 41.536000 60
41.536000 43.648000 58
44.608000 44.736000 53
44.736000 44.800000 54
44.800000 44.864000 55
44.864000 45.280000 57
45.280000 47.136000 60
47.552000 47.968000 64
48.064000 48.288000 63
48.288000 49.760000 61
49.760000 50.720000 58
52.192000 52.608000 64
52.704000 53.344000 65
53.856000 53.984000 63
54.080000 54.400000 64
54.528000 55.328000 61
55.872000 56.736000 60
56.864000 57.088000 60
57.088000 58.880000 57
59.520000 59.968000 65
60.064000 60.736000 65
61.184000 62.464000 65
62.784000 63.040000 61
63.040000 64.992000 63
64.992000 66.304000 61
66.816000 67.424000 62
67.744000 68.192000 63
68.352000 68.928000 62
69.472000 69.760000 56
69.760000 70.528000 61
70.656000 73.120000 58
73.792000 74.240000 61
74.336000 75.168000 65
75.264000 77.344000 68
77.568000 79.776000 63
79.936000 80.576000 60
80.672000 81.568000 56
82.208000 82.400000 59
82.400000 82.880000 61
82.880000 83.968000 64
84.064000 84.224000 68
84.224000 85.120000 70
85.120000 86.272000 66
86.368000 86.720000 67
86.816000 87.168000 66
87.264000 88.192000 63
88.544000 89.024000 61
89.120000 89.920000 65
90.048000 92.096000 68
92.320000 94.560000 63
94.752000 94.912000 59
94.912000 95.360000 61
95.456000 96.064000 56
96.960000 97.120000 59
97.120000 97.472000 61
97.472000 97.952000 63
97.952000 98.912000 65
98.912000 99.968000 70
99.968000 101.056000 66
101.152000 101.504000 67
101.600000 101.824000 67
101.824000 102.496000 64
103.040000 103.360000 64
103.456000 103.616000 64
103.616000 103.840000 62
103.840000 106.688000 57
114.368000 114.592000 64
129.856000 130.944000 63
136.832000 137.120000 53
137.120000 137.216000 54
137.216000 138.304000 58
138.400000 139.552000 60
139.936000 140.768000 63
140.768000 141.952000 61
142.048000 142.912000 58
144.576000 144.960000 64
145.056000 145.728000 65
146.176000 146.336000 62
146.432000 146.784000 64
146.944000 147.616000 61
148.288000 149.120000 60
149.248000 149.472000 60
149.472000 149.856000 57
149.952000 150.976000 57
151.072000 151.168000 58
151.840000 152.320000 65
152.416000 153.056000 66
153.536000 154.688000 65
155.168000 155.296000 60
155.296000 155.424000 61
155.424000 157.344000 63
157.344000 158.464000 61
159.168000 159.808000 61
160.160000 160.608000 63
160.736000 161.408000 62
161.856000 162.016000 56
162.144000 162.944000 60
163.040000 165.728000 58
166.208000 166.656000 61
166.752000 167.552000 65
167.648000 169.728000 68
169.952000 172.160000 63
172.288000 172.928000 61
173.056000 173.664000 56
174.560000 174.848000 60
174.848000 175.520000 62
175.520000 176.448000 65
176.448000 177.920000 69
177.920000 179.104000 66
179.200000 179.552000 66
179.648000 180.480000 62
180.992000 181.280000 61
181.280000 181.728000 63
181.728000 182.656000 65
182.656000 183.616000 68
183.808000 184.480000 68
184.704000 186.912000 63
187.072000 187.712000 61
187.808000 188.480000 56
189.312000 189.536000 59
189.536000 190.368000 62
190.368000 191.232000 65
191.232000 192.800000 69
192.800000 193.440000 66
193.536000 193.888000 67
193.984000 194.080000 67
194.080000 194.208000 66
194.208000 194.848000 63
195.392000 196.224000 63
196.224000 198.528000 58
199.456000 199.904000 62
200.000000 200.832000 65
200.928000 202.944000 68
203.200000 203.424000 61
203.424000 205.408000 63
205.568000 206.176000 60
206.304000 206.880000 56
207.872000 207.936000 59
207.936000 208.064000 60
208.064000 208.256000 61
208.256000 208.544000 62
208.544000 208.832000 63
208.832000 209.696000 65
209.696000 211.232000 69
211.232000 211.904000 66
212.032000 212.352000 66
212.480000 212.800000 66
212.928000 213.824000 63
214.240000 214.656000 61
214.752000 215.584000 65
215.680000 217.760000 68
217.952000 218.016000 60
218.016000 220.224000 63
220.384000 220.992000 61
221.088000 221.888000 56
222.592000 222.784000 59
222.784000 223.072000 61
223.072000 223.616000 63
223.616000 224.480000 65
224.480000 226.176000 68
226.176000 226.720000 66
226.816000 227.136000 67
227.232000 227.328000 67
227.328000 227.456000 66
227.456000 228.192000 63
228.672000 229.472000 63
229.472000 231.936000 57
