2.048000 4.160000 60
6.464000 8.384000 60
9.632000 10.016000 62
11.904000 12.640000 59
13.856000 14.464000 63
14.656000 14.752000 61
15.552000 16.896000 60
17.632000 17.792000 55
17.792000 17.984000 57
18.144000 18.624000 60
18.880000 19.424000 59
19.680000 20.352000 62
20.480000 20.576000 58
20.736000 21.536000 55
21.824000 21.984000 54
22.112000 23.040000 53
23.168000 23.712000 51
23.936000 24.384000 52
24.544000 24.960000 55
25.056000 25.152000 53
25.280000 25.760000 53
25.856000 25.952000 55
26.048000 26.240000 55
26.240000 26.464000 57
26.592000 27.008000 60
27.136000 27.264000 60
27.392000 27.872000 58
28.192000 28.320000 63
28.448000 29.056000 60
29.056000 29.152000 58
29.248000 29.984000 58
30.368000 31.008000 53
31.104000 31.520000 53
31.616000 31.776000 51
31.904000 32.192000 52
32.416000 32.864000 52
32.960000 33.376000 55
33.504000 33.920000 54
34.016000 34.976000 55
35.104000 35.712000 55
35.872000 37.632000 62
37.984000 38.656000 55
38.816000 39.264000 62
39.264000 39.808000 60
40.160000 40.640000 60
40.640000 40.896000 62
40.896000 41.952000 65
42.240000 42.400000 65
42.496000 43.456000 63
43.552000 44.992000 65
45.152000 45.440000 65
45.440000 45.600000 68
45.728000 46.240000 67
46.496000 46.656000 55
46.784000 46.848000 59
46.848000 47.552000 62
47.552000 48.320000 59
48.640000 48.800000 60
48.896000 49.152000 60
49.152000 49.632000 66
49.632000 50.464000 64
50.752000 50.816000 61
50.816000 51.200000 65
51.200000 52.160000 63
52.160000 56.320000 67
57.376000 57.600000 63
57.696000 57.824000 62
57.920000 58.112000 60
58.432000 59.136000 74
59.136000 59.424000 71
60.864000 61.024000 72
61.024000 61.344000 70
65.120000 65.600000 59
65.696000 65.824000 60
66.944000 67.520000 63
69.216000 69.856000 60
70.752000 70.976000 61
71.200000 71.744000 63
73.760000 73.856000 60
75.200000 75.360000 58
75.456000 76.000000 60
76.224000 76.736000 59
77.024000 77.152000 63
77.280000 77.696000 62
77.824000 77.920000 58
78.112000 78.816000 55
79.168000 79.328000 54
79.424000 79.872000 53
79.968000 80.416000 53
80.512000 81.024000 51
81.280000 81.696000 51
81.792000 82.272000 55
82.368000 82.464000 56
82.592000 83.104000 53
83.392000 83.616000 55
83.616000 83.808000 57
83.968000 84.320000 60
84.736000 85.216000 58
85.504000 85.664000 63
85.792000 86.336000 61
86.336000 86.432000 58
86.592000 87.296000 58
87.680000 88.640000 53
88.768000 88.864000 53
88.992000 89.152000 51
89.280000 89.504000 52
89.760000 89.984000 51
90.080000 90.208000 53
90.304000 90.752000 55
90.848000 91.264000 54
91.360000 92.320000 55
92.416000 93.056000 55
93.216000 95.936000 62
96.416000 96.864000 55
96.960000 97.088000 58
97.248000 97.664000 63
97.760000 98.144000 60
98.560000 99.008000 60
99.008000 99.296000 62
99.296000 100.384000 65
100.640000 101.376000 64
101.376000 101.856000 62
101.984000 102.688000 65
102.784000 103.264000 65
103.360000 103.456000 65
103.584000 103.840000 65
103.840000 104.000000 68
104.096000 104.640000 67
104.896000 105.056000 55
105.184000 105.984000 62
105.984000 106.336000 58
106.336000 106.752000 60
107.040000 107.552000 60
107.552000 108.832000 65
109.152000 111.264000 64
111.264000 111.296000 67
111.296000 111.456000 67
111.552000 114.912000 67
115.872000 116.000000 63
116.096000 119.136000 60
119.744000 119.808000 64
119.808000 121.472000 66
121.472000 122.336000 65
124.288000 124.512000 66
124.672000 127.680000 63
128.800000 128.960000 61
129.056000 133.056000 66
149.536000 150.208000 55
150.208000 150.496000 62
150.496000 150.752000 62
150.816000 151.296000 60
151.680000 152.128000 60
152.128000 152.832000 63
152.960000 153.440000 65
153.760000 153.920000 65
153.984000 154.208000 65
154.304000 154.976000 63
155.104000 156.352000 65
156.352000 156.576000 58
156.672000 156.736000 63
156.736000 156.960000 65
156.960000 157.120000 68
157.216000 157.728000 67
157.984000 158.176000 55
158.272000 158.336000 59
158.336000 158.880000 62
158.880000 159.840000 59
160.128000 160.640000 60
160.704000 160.768000 64
160.768000 160.960000 67
160.960000 161.856000 64
162.272000 162.688000 65
162.784000 163.488000 63
163.584000 164.288000 65
164.384000 164.544000 67
164.672000 165.152000 67
165.152000 165.984000 65
165.984000 166.624000 67
166.656000 167.520000 65
167.616000 167.776000 62
167.872000 168.256000 60
168.320000 168.512000 60
168.608000 169.024000 60
169.184000 169.440000 63
169.440000 169.632000 67
169.632000 169.760000 63
169.952000 170.464000 65
170.560000 170.880000 64
171.040000 171.712000 63
171.808000 172.096000 63
172.096000 172.512000 65
172.608000 173.056000 65
173.152000 173.344000 65
173.344000 173.664000 58
173.664000 174.240000 66
174.304000 175.136000 67
175.264000 175.456000 70
175.456000 176.032000 66
176.032000 177.888000 60
177.888000 178.080000 67
178.080000 180.448000 64
180.608000 181.536000 65
181.632000 184.992000 67
186.400000 186.496000 62
186.752000 186.848000 59
187.232000 187.296000 69
187.456000 187.520000 71
187.520000 187.712000 75
187.712000 188.064000 72
