13.600000 15.904000 62
20.608000 20.736000 57
21.120000 21.216000 57
26.560000 27.136000 53
27.296000 28.480000 55
28.608000 29.408000 51
29.600000 29.920000 50
30.944000 32.128000 52
32.384000 32.864000 51
33.056000 34.304000 56
34.528000 36.192000 57
38.560000 38.784000 53
38.880000 40.096000 55
40.320000 41.152000 51
41.312000 41.504000 50
42.400000 43.712000 52
44.640000 45.184000 56
45.376000 45.824000 55
46.656000 47.872000 52
49.728000 50.240000 53
50.432000 51.008000 55
51.168000 51.744000 55
51.872000 52.448000 51
54.016000 54.560000 53
54.752000 55.360000 51
55.488000 56.000000 50
56.192000 56.800000 55
56.896000 57.472000 55
57.632000 59.456000 57
61.280000 61.760000 53
61.984000 62.528000 55
62.688000 63.232000 55
63.424000 64.000000 58
64.000000 64.736000 50
65.216000 65.472000 57
65.472000 66.176000 55
66.304000 66.624000 53
66.624000 67.840000 50
67.840000 68.384000 53
68.512000 69.024000 55
69.568000 70.208000 51
71.104000 71.360000 52
76.768000 78.528000 62
79.264000 80.672000 64
80.800000 81.056000 60
81.056000 81.632000 55
82.560000 83.008000 60
83.104000 84.096000 60
86.560000 86.880000 53
86.880000 87.168000 55
87.296000 88.256000 57
88.352000 88.608000 60
88.704000 88.800000 62
88.960000 90.080000 62
90.880000 91.328000 62
91.456000 91.872000 62
91.968000 92.256000 60
92.352000 93.312000 55
93.312000 93.728000 53
93.792000 94.432000 53
94.560000 95.168000 55
95.168000 95.552000 58
98.400000 98.528000 67
98.624000 98.816000 60
99.040000 99.488000 57
99.936000 102.016000 62
102.240000 102.688000 62
102.816000 103.840000 64
103.840000 104.256000 61
104.416000 104.576000 55
104.800000 104.928000 55
105.600000 107.040000 60
111.744000 111.840000 53
114.080000 115.424000 55
118.912000 119.040000 53
124.832000 126.976000 64
127.744000 128.288000 53
128.480000 129.728000 55
129.920000 130.528000 51
132.128000 133.440000 52
133.984000 134.080000 52
134.272000 134.816000 56
135.008000 135.200000 55
135.584000 137.856000 57
138.240000 138.976000 60
139.296000 139.904000 53
140.064000 140.672000 55
140.800000 140.896000 55
141.472000 141.632000 58
141.632000 141.888000 60
141.888000 141.984000 55
143.744000 144.256000 55
144.416000 144.672000 53
144.672000 144.928000 51
145.152000 145.504000 50
145.888000 146.432000 56
146.720000 147.040000 60
151.616000 152.256000 56
152.352000 153.120000 55
153.280000 153.600000 52
155.392000 155.584000 52
156.352000 156.384000 52
157.376000 157.440000 54
157.440000 157.952000 56
158.848000 159.520000 58
159.712000 160.992000 57
162.528000 162.944000 53
163.200000 163.712000 56
163.904000 164.416000 55
164.640000 165.312000 58
165.312000 165.984000 50
166.432000 166.752000 57
166.944000 167.360000 55
167.520000 167.808000 53
168.224000 168.320000 50
169.056000 169.088000 53
169.120000 169.184000 53
173.056000 173.184000 66
178.144000 179.840000 62
180.128000 180.704000 67
180.960000 181.056000 64
181.056000 181.216000 62
181.312000 181.856000 64
182.016000 182.240000 60
182.560000 182.688000 56
183.808000 185.888000 60
188.096000 188.352000 55
188.608000 189.280000 57
189.536000 191.296000 62
191.904000 192.512000 62
192.672000 193.440000 60
193.568000 195.616000 55
195.776000 196.192000 55
196.288000 197.088000 57
197.888000 197.984000 58
199.040000 199.168000 60
201.184000 201.536000 62
201.696000 202.976000 62
203.264000 203.904000 60
204.032000 204.672000 64
204.800000 205.024000 64
205.024000 205.632000 60
205.856000 206.176000 56
206.912000 209.312000 60
215.232000 216.544000 55
217.216000 218.336000 62
218.656000 218.880000 69
220.544000 220.800000 64
221.568000 223.072000 62
223.232000 223.456000 65
223.808000 224.672000 69
225.152000 225.504000 68
226.016000 227.584000 62
228.480000 229.664000 64
230.368000 230.784000 69
231.424000 231.520000 68
232.608000 234.592000 61
235.360000 236.512000 62
236.512000 236.800000 65
236.800000 237.312000 60
237.408000 238.656000 70
239.360000 241.088000 62
241.088000 243.136000 67
247.840000 248.064000 59
248.064000 250.208000 61
250.208000 252.992000 57
255.712000 256.064000 53
256.192000 256.448000 55
256.576000 256.768000 55
256.768000 257.600000 57
257.600000 259.424000 62
259.520000 260.544000 62
260.544000 261.120000 64
261.280000 261.440000 64
261.664000 261.888000 60
261.888000 263.072000 55
263.616000 264.096000 60
264.192000 265.600000 60
267.424000 268.000000 54
268.160000 269.184000 57
269.184000 269.728000 62
269.920000 270.112000 62
270.240000 271.392000 62
271.488000 272.192000 61
272.320000 273.088000 60
273.088000 273.824000 56
273.920000 274.208000 55
274.368000 274.496000 55
274.592000 275.200000 54
275.424000 275.616000 55
275.872000 276.192000 58
279.136000 279.584000 61
279.712000 279.872000 63
279.904000 279.968000 63
280.160000 280.256000 58
280.864000 282.720000 62
283.296000 283.840000 62
283.904000 284.768000 64
284.768000 285.024000 60
285.344000 285.952000 55
286.656000 286.816000 59
286.944000 289.056000 60
291.456000 291.776000 55
292.672000 292.832000 56
294.912000 296.256000 55
297.280000 298.656000 53
300.256000 300.416000 46
306.144000 306.272000 69
306.720000 307.232000 69
307.328000 307.520000 69
