5.824000 5.952000 70
18.272000 18.400000 64
18.752000 18.976000 67
19.136000 19.360000 62
25.888000 25.984000 56
26.176000 26.336000 56
26.560000 26.752000 59
27.744000 28.192000 57
28.384000 28.640000 56
28.864000 29.184000 57
31.520000 31.712000 67
31.968000 32.128000 67
32.192000 32.256000 67
33.600000 33.728000 68
33.984000 34.144000 71
34.368000 34.528000 71
34.656000 35.008000 71
35.136000 35.232000 72
35.232000 35.392000 70
35.392000 35.520000 65
35.616000 35.680000 65
35.680000 35.872000 68
35.872000 35.968000 71
36.096000 36.256000 72
36.256000 36.448000 67
36.608000 37.088000 65
37.632000 38.784000 62
38.784000 38.912000 64
39.040000 39.488000 67
39.488000 40.256000 64
40.320000 40.352000 67
40.704000 40.800000 67
43.008000 43.552000 62
44.608000 44.672000 63
45.664000 46.048000 69
46.176000 46.496000 67
46.496000 47.008000 69
47.168000 47.520000 67
47.616000 47.744000 69
47.872000 48.000000 69
48.320000 48.544000 69
49.696000 49.792000 63
50.304000 50.528000 68
51.456000 51.680000 67
51.680000 51.936000 70
51.936000 52.160000 67
52.416000 52.544000 63
53.440000 54.240000 60
54.400000 55.136000 59
55.328000 55.488000 59
55.488000 55.552000 60
55.552000 56.064000 63
58.112000 58.688000 57
59.072000 59.904000 62
59.904000 59.968000 63
60.128000 60.768000 64
60.928000 61.984000 67
61.984000 62.464000 64
62.560000 62.752000 67
62.752000 63.360000 71
63.904000 63.936000 70
64.896000 64.960000 67
64.960000 65.152000 71
65.312000 65.504000 71
65.664000 65.856000 71
65.920000 66.304000 71
66.432000 66.560000 71
66.560000 66.624000 68
66.656000 66.752000 64
66.944000 67.008000 66
67.008000 67.168000 69
67.168000 67.552000 71
67.552000 68.384000 69
69.632000 69.792000 59
69.920000 70.400000 62
70.688000 71.424000 64
71.584000 72.480000 71
72.800000 73.184000 69
73.568000 74.240000 69
74.368000 74.720000 68
74.848000 75.136000 70
76.608000 76.736000 76
81.792000 81.920000 71
82.752000 82.912000 69
83.712000 83.808000 71
87.648000 87.808000 72
88.000000 88.288000 76
88.448000 88.608000 75
88.928000 89.024000 75
89.280000 89.408000 74
89.408000 89.632000 71
100.960000 101.120000 67
101.472000 101.568000 64
109.952000 110.208000 57
110.592000 110.848000 56
111.104000 111.616000 57
113.504000 113.632000 66
113.728000 113.920000 67
114.208000 114.464000 67
115.840000 115.968000 69
118.880000 119.360000 64
119.840000 121.152000 62
121.152000 121.728000 67
121.728000 122.400000 64
125.184000 125.312000 64
126.688000 126.816000 65
127.872000 128.064000 69
128.384000 128.512000 70
128.832000 129.088000 69
129.376000 129.504000 67
129.632000 129.984000 68
130.112000 130.944000 69
131.904000 132.096000 63
132.288000 132.448000 64
132.512000 132.672000 63
132.832000 133.120000 64
133.216000 133.312000 63
133.472000 133.696000 65
133.696000 133.920000 67
133.920000 134.304000 69
135.712000 136.320000 60
136.384000 136.416000 61
136.608000 137.824000 59
137.824000 138.912000 63
140.800000 141.024000 60
141.312000 142.048000 62
142.048000 142.208000 64
142.400000 142.976000 64
143.072000 144.192000 67
144.288000 144.736000 64
144.736000 145.024000 67
145.024000 146.560000 69
147.104000 147.168000 66
147.168000 147.328000 70
147.520000 147.776000 71
147.904000 148.096000 71
148.192000 148.480000 71
148.640000 148.800000 71
148.800000 148.896000 69
148.896000 149.056000 63
149.152000 149.312000 67
149.408000 149.760000 71
149.760000 150.560000 69
151.104000 151.136000 67
151.168000 151.456000 60
152.736000 153.696000 64
153.824000 154.656000 71
155.008000 155.456000 69
155.776000 156.448000 69
156.576000 157.440000 68
176.928000 177.056000 74
177.120000 177.152000 74
197.216000 197.344000 72
198.400000 198.560000 69
198.912000 199.040000 67
199.136000 199.744000 69
199.904000 200.256000 67
200.384000 200.704000 69
200.832000 200.960000 69
201.056000 201.280000 70
201.920000 201.984000 66
201.984000 202.208000 71
202.464000 202.688000 64
202.816000 203.136000 64
203.360000 203.648000 64
203.744000 204.192000 64
204.192000 204.832000 67
205.024000 205.440000 63
205.984000 207.552000 60
207.648000 207.872000 60
208.096000 208.384000 60
208.384000 209.408000 63
209.920000 210.304000 56
210.496000 210.880000 55
210.880000 211.168000 56
211.168000 211.616000 59
211.840000 212.672000 62
212.864000 212.992000 67
212.992000 213.536000 64
213.664000 214.720000 67
214.816000 215.232000 64
215.232000 215.648000 67
215.648000 216.992000 69
217.664000 217.728000 68
217.728000 217.888000 71
217.984000 218.080000 75
218.080000 218.368000 71
218.464000 218.624000 71
218.720000 219.072000 71
219.232000 219.424000 70
219.424000 219.488000 65
219.488000 219.584000 62
219.744000 219.840000 67
219.936000 220.512000 70
220.768000 220.928000 69
221.696000 221.952000 60
222.368000 222.560000 60
222.656000 223.296000 62
223.296000 224.160000 64
224.256000 225.216000 71
225.536000 225.920000 69
226.304000 227.008000 69
227.136000 227.488000 68
227.648000 227.712000 69
227.744000 227.968000 70
241.536000 241.728000 59
241.728000 242.016000 60
242.016000 242.592000 62
