19.264000 19.456000 63
19.584000 22.752000 63
23.360000 23.936000 58
23.936000 24.640000 64
24.736000 26.432000 63
26.592000 26.912000 65
27.008000 27.264000 62
27.840000 28.032000 66
28.160000 28.320000 66
28.416000 28.896000 66
28.896000 29.632000 62
29.792000 29.984000 59
30.592000 31.104000 66
31.104000 31.296000 62
31.424000 31.840000 62
32.032000 32.192000 59
32.928000 33.504000 62
33.984000 34.240000 62
39.616000 41.216000 64
41.312000 42.592000 63
42.720000 43.008000 62
43.936000 44.032000 58
44.032000 44.096000 59
44.096000 44.384000 63
44.480000 45.184000 64
45.280000 45.440000 64
45.568000 46.016000 63
46.144000 46.400000 62
46.400000 46.784000 64
46.784000 47.104000 67
47.328000 47.584000 62
48.096000 48.288000 66
48.384000 48.576000 66
48.640000 49.472000 67
49.472000 49.920000 65
50.144000 50.432000 62
50.944000 51.136000 68
51.232000 51.712000 67
51.712000 52.128000 65
52.352000 52.576000 62
53.184000 53.536000 62
54.272000 54.464000 61
54.912000 55.168000 57
55.168000 55.424000 60
59.424000 59.712000 66
59.712000 60.192000 68
60.288000 60.736000 69
60.832000 61.376000 69
61.696000 62.848000 62
64.000000 64.256000 66
64.256000 64.576000 67
64.576000 66.560000 69
66.560000 67.360000 62
67.648000 68.192000 66
68.480000 68.576000 63
68.576000 69.568000 66
69.568000 70.656000 62
70.784000 71.008000 62
71.424000 71.584000 59
71.680000 72.352000 62
73.088000 73.600000 62
73.600000 74.656000 67
74.752000 75.104000 66
75.328000 75.520000 62
75.520000 76.064000 59
76.192000 77.664000 64
79.520000 80.256000 66
80.384000 80.608000 69
80.608000 80.832000 67
80.928000 81.248000 66
81.248000 81.792000 69
82.272000 82.816000 69
82.816000 83.328000 66
83.424000 83.872000 64
84.288000 84.800000 62
84.800000 86.176000 72
86.176000 87.008000 69
87.104000 87.616000 69
87.616000 87.872000 66
87.968000 88.352000 69
89.088000 90.848000 67
91.456000 92.096000 66
92.192000 92.928000 63
93.408000 93.568000 59
93.568000 93.632000 60
93.632000 94.112000 63
94.272000 95.584000 65
95.680000 95.872000 64
95.872000 96.384000 61
96.384000 97.024000 64
97.600000 98.368000 66
98.464000 98.752000 69
98.752000 99.360000 66
99.360000 100.096000 69
100.416000 100.992000 69
100.992000 101.472000 66
101.568000 101.984000 64
102.400000 102.816000 62
102.944000 104.256000 73
104.352000 104.896000 69
104.896000 105.152000 66
105.280000 105.472000 71
105.472000 105.760000 69
105.760000 106.432000 67
107.296000 108.032000 69
108.128000 109.088000 67
109.568000 110.272000 66
110.400000 110.592000 64
110.688000 111.040000 62
111.488000 111.744000 59
111.744000 112.096000 62
112.096000 112.576000 67
112.576000 112.960000 63
112.960000 113.440000 66
113.568000 113.760000 62
113.888000 114.176000 59
114.272000 114.816000 63
115.040000 116.544000 62
136.480000 136.736000 66
136.736000 137.728000 69
137.824000 138.464000 69
138.784000 138.944000 61
139.040000 139.872000 62
140.928000 143.136000 69
143.232000 143.392000 69
143.392000 143.616000 71
143.712000 144.416000 62
145.408000 145.600000 65
145.696000 146.528000 66
146.624000 147.616000 62
147.744000 147.968000 62
148.128000 148.608000 60
148.608000 149.152000 62
149.952000 150.592000 62
150.592000 151.520000 67
151.680000 152.032000 66
152.224000 152.448000 62
152.448000 153.056000 59
153.152000 154.752000 64
156.160000 156.288000 62
156.512000 157.248000 66
157.376000 157.632000 69
157.632000 157.824000 66
157.920000 158.272000 66
158.272000 158.944000 69
159.296000 159.872000 69
159.872000 160.352000 66
160.480000 160.864000 64
161.312000 161.472000 62
161.568000 161.824000 62
161.824000 161.856000 67
161.856000 163.232000 72
163.232000 164.672000 69
164.672000 164.928000 67
165.024000 165.440000 69
165.856000 166.016000 67
166.016000 166.720000 69
166.720000 167.968000 67
168.352000 168.576000 67
168.576000 168.800000 64
168.800000 169.216000 66
169.216000 169.856000 63
170.400000 170.656000 59
170.656000 171.104000 62
171.232000 172.544000 65
172.640000 172.864000 64
172.864000 173.216000 60
173.216000 174.016000 64
174.592000 174.816000 66
174.912000 175.328000 67
175.456000 175.712000 69
175.712000 176.384000 66
176.384000 177.088000 69
177.344000 178.112000 69
178.112000 178.432000 66
178.560000 178.912000 64
179.328000 179.808000 62
179.904000 179.968000 70
179.968000 181.216000 73
181.344000 181.856000 69
181.856000 182.112000 66
182.240000 182.464000 71
182.464000 182.752000 69
182.880000 183.040000 66
183.232000 183.968000 67
184.128000 184.928000 69
185.056000 185.984000 67
186.464000 187.200000 66
187.328000 187.520000 64
187.616000 187.744000 61
188.512000 188.672000 59
188.672000 189.056000 62
189.056000 189.504000 67
189.504000 189.568000 66
189.568000 189.920000 62
189.920000 190.400000 67
190.400000 190.720000 62
190.816000 191.136000 60
191.136000 191.680000 63
191.840000 193.024000 62
195.360000 195.552000 59
195.552000 195.936000 62
195.936000 196.384000 67
196.384000 196.992000 63
196.992000 197.408000 66
197.664000 197.760000 62
197.888000 198.848000 62
200.512000 202.208000 62
