8.000000 11.264000 68
11.392000 11.904000 64
11.904000 13.856000 62
13.856000 15.648000 60
16.384000 16.800000 55
16.832000 16.896000 59
16.896000 17.088000 64
17.088000 17.440000 62
17.440000 18.336000 60
18.464000 18.624000 57
18.624000 18.848000 55
18.848000 19.296000 52
20.064000 20.192000 51
20.320000 20.640000 52
20.768000 21.056000 55
21.184000 21.664000 60
21.856000 22.048000 64
22.144000 22.336000 62
22.336000 22.560000 60
22.560000 23.616000 55
23.744000 23.840000 55
23.936000 24.064000 55
24.160000 24.320000 55
24.448000 24.576000 55
25.664000 26.240000 57
26.336000 26.688000 56
26.816000 26.912000 57
27.008000 27.648000 60
27.744000 28.064000 57
28.160000 28.416000 55
29.344000 29.472000 50
29.568000 29.760000 50
30.272000 30.336000 55
30.496000 30.880000 55
31.168000 31.328000 57
34.336000 35.008000 60
35.104000 35.424000 64
35.520000 36.352000 64
36.480000 37.408000 62
37.920000 38.752000 64
38.848000 39.168000 61
39.552000 39.904000 64
40.320000 40.352000 60
42.528000 42.720000 53
42.720000 42.880000 54
42.880000 43.040000 55
43.040000 43.360000 56
43.360000 43.712000 57
43.712000 44.288000 60
44.416000 44.736000 56
45.024000 45.248000 56
45.472000 45.664000 56
46.272000 46.848000 64
46.848000 47.072000 67
47.200000 47.744000 67
47.808000 48.608000 62
49.024000 49.568000 62
49.696000 49.856000 62
49.920000 49.984000 62
50.144000 50.752000 62
51.552000 52.192000 63
52.320000 52.416000 65
52.544000 53.024000 58
53.120000 53.504000 58
53.600000 53.760000 58
53.760000 54.080000 56
54.336000 54.464000 57
54.624000 54.880000 55
55.648000 56.096000 63
56.192000 56.416000 62
56.704000 56.800000 62
56.896000 57.056000 64
57.088000 57.120000 63
57.376000 57.952000 60
58.048000 59.488000 60
66.176000 66.240000 64
66.272000 66.336000 64
66.720000 67.712000 69
67.904000 68.480000 68
68.576000 68.672000 67
68.768000 69.120000 67
69.856000 70.048000 64
70.432000 70.624000 62
70.720000 70.848000 62
71.232000 72.256000 62
72.256000 73.984000 60
75.296000 75.488000 64
75.488000 75.648000 63
75.648000 75.872000 62
75.872000 76.704000 60
76.864000 77.024000 57
77.024000 77.664000 53
78.688000 79.008000 52
79.136000 79.424000 55
79.584000 80.000000 60
80.000000 80.416000 57
80.544000 80.672000 61
80.768000 80.992000 60
80.992000 81.152000 58
81.248000 82.016000 55
82.112000 82.208000 55
83.264000 83.520000 57
83.616000 83.936000 57
84.064000 85.280000 57
85.312000 85.376000 59
85.440000 86.016000 60
86.112000 86.304000 57
86.304000 86.464000 56
86.560000 86.784000 55
87.712000 88.128000 51
88.640000 88.768000 56
88.864000 89.024000 55
89.120000 89.248000 56
89.504000 89.696000 56
90.688000 90.816000 61
92.736000 93.216000 61
93.216000 94.048000 64
94.144000 94.336000 67
94.464000 94.752000 64
94.848000 95.840000 62
96.352000 96.896000 64
96.896000 97.536000 61
97.664000 97.824000 57
98.400000 98.496000 56
98.592000 98.720000 60
98.848000 98.912000 58
99.072000 99.296000 55
100.192000 100.512000 49
100.576000 100.800000 50
100.928000 101.248000 53
101.280000 101.920000 55
102.016000 102.208000 58
102.208000 102.912000 60
103.008000 103.136000 55
103.392000 103.616000 56
103.808000 104.000000 55
104.672000 105.408000 64
105.536000 106.016000 67
106.240000 106.432000 60
106.528000 106.848000 62
106.976000 107.072000 64
107.488000 107.552000 62
107.904000 108.000000 62
108.096000 108.512000 62
108.576000 108.608000 62
108.704000 108.992000 62
109.024000 109.216000 62
109.920000 110.592000 64
110.656000 110.720000 59
110.848000 111.808000 57
111.872000 111.904000 58
111.968000 112.096000 58
112.096000 112.448000 56
112.736000 112.864000 57
112.992000 113.280000 55
114.016000 114.496000 62
114.592000 115.584000 63
115.744000 116.768000 60
116.864000 118.208000 60
118.944000 119.328000 63
119.424000 119.872000 72
119.872000 120.256000 70
120.352000 120.576000 69
120.576000 121.216000 65
121.760000 121.856000 64
121.984000 122.560000 64
122.560000 122.976000 68
123.104000 123.552000 72
123.552000 123.808000 69
124.064000 124.480000 73
124.480000 126.400000 67
127.552000 129.024000 69
129.024000 129.152000 72
129.248000 129.504000 72
129.504000 129.696000 70
129.696000 130.528000 67
131.040000 132.096000 62
132.352000 132.800000 68
132.800000 133.888000 64
133.888000 134.720000 60
134.816000 135.520000 60
136.288000 136.928000 61
137.024000 137.376000 64
137.472000 137.696000 64
137.696000 137.888000 67
137.888000 138.304000 64
138.400000 139.392000 62
139.936000 140.480000 64
140.480000 141.088000 61
141.216000 141.600000 57
142.176000 142.272000 60
143.680000 144.320000 49
144.448000 144.608000 52
144.608000 144.736000 53
144.736000 144.896000 54
144.896000 145.216000 55
145.216000 145.824000 57
145.824000 146.336000 60
146.336000 146.784000 56
147.008000 147.200000 55
147.392000 147.584000 55
148.224000 148.992000 64
149.120000 149.632000 67
149.856000 149.920000 60
150.048000 150.240000 62
150.304000 150.336000 62
150.400000 150.432000 62
151.008000 151.328000 62
151.680000 152.800000 62
153.472000 154.240000 64
154.240000 154.336000 59
154.464000 155.392000 57
155.424000 155.488000 58
155.552000 156.000000 56
156.288000 156.800000 55
157.664000 158.048000 62
158.144000 158.752000 62
158.848000 159.040000 64
159.040000 160.352000 60
160.448000 160.736000 60
160.768000 162.048000 60
164.352000 164.576000 64
165.856000 165.984000 63
166.176000 168.384000 60
