11.936000 12.000000 50
12.000000 14.048000 57
14.048000 14.272000 54
14.592000 15.232000 57
15.232000 15.840000 55
15.936000 19.104000 57
20.128000 20.608000 52
20.704000 20.928000 52
20.928000 21.312000 56
21.408000 21.952000 51
22.048000 22.176000 51
22.720000 23.328000 52
23.328000 24.064000 50
24.064000 24.416000 53
24.480000 24.640000 52
24.768000 25.056000 48
25.216000 26.752000 45
28.160000 28.224000 53
28.224000 28.800000 57
28.800000 29.088000 51
29.088000 29.440000 55
29.440000 30.592000 57
30.592000 31.328000 62
31.520000 32.416000 57
33.792000 34.208000 45
34.336000 34.528000 45
34.528000 34.880000 52
35.008000 35.456000 52
35.552000 35.776000 50
36.000000 36.576000 57
36.576000 37.280000 55
37.376000 37.888000 52
38.752000 40.128000 64
40.128000 41.184000 62
41.184000 41.536000 64
41.536000 42.720000 60
42.848000 43.296000 57
44.192000 44.672000 52
45.280000 45.472000 52
45.568000 46.592000 57
46.592000 47.584000 50
47.744000 48.288000 51
48.448000 48.672000 48
48.672000 48.992000 45
49.696000 50.016000 56
50.016000 50.432000 52
51.008000 51.072000 56
51.072000 51.328000 60
51.328000 51.776000 57
52.384000 52.448000 61
52.448000 53.920000 64
53.920000 57.632000 59
57.984000 58.112000 47
58.112000 58.176000 54
58.176000 58.208000 56
58.208000 59.456000 60
59.456000 60.704000 57
60.800000 61.440000 57
61.440000 61.760000 52
61.888000 62.400000 47
63.488000 65.440000 52
65.568000 66.944000 48
66.944000 68.288000 45
68.352000 68.544000 46
68.640000 68.736000 47
94.016000 94.080000 48
94.080000 94.112000 52
94.112000 94.912000 57
94.912000 95.200000 62
95.200000 96.576000 56
96.768000 97.504000 57
97.504000 97.696000 52
97.824000 98.784000 56
98.880000 99.104000 60
99.232000 101.152000 57
102.336000 102.880000 52
102.976000 103.168000 52
103.296000 103.392000 57
103.392000 103.456000 52
103.648000 104.352000 52
104.736000 104.928000 50
104.928000 105.248000 52
105.376000 105.600000 52
105.600000 105.984000 49
105.984000 106.944000 52
107.104000 108.384000 45
108.448000 108.576000 45
110.336000 111.008000 57
111.008000 111.456000 52
111.456000 111.584000 56
111.680000 111.744000 54
111.744000 112.640000 57
112.640000 113.728000 62
113.728000 114.688000 57
115.936000 116.384000 45
116.576000 116.672000 45
116.768000 117.984000 51
118.208000 118.528000 57
118.624000 119.424000 55
119.584000 119.776000 55
119.776000 120.128000 52
120.928000 123.712000 63
123.712000 124.224000 60
124.224000 124.832000 56
124.960000 125.664000 57
126.304000 127.168000 52
127.264000 127.520000 52
127.520000 128.768000 57
128.768000 129.632000 50
129.856000 130.304000 51
130.432000 130.656000 48
131.680000 131.744000 53
131.744000 132.000000 57
132.000000 132.480000 52
132.960000 133.024000 56
133.024000 133.344000 60
133.344000 133.760000 57
134.336000 134.400000 62
134.400000 135.872000 64
135.872000 136.768000 60
136.768000 139.264000 59
139.808000 139.872000 49
139.872000 139.968000 53
139.968000 140.032000 56
140.032000 141.248000 60
141.248000 142.528000 56
142.624000 143.232000 57
143.232000 143.584000 52
143.712000 144.320000 48
145.344000 146.400000 52
146.496000 146.656000 52
146.816000 147.616000 50
147.616000 148.064000 48
148.160000 148.512000 48
148.640000 150.112000 45
150.176000 150.336000 45
157.216000 157.376000 60
157.504000 157.600000 60
175.104000 178.080000 63
178.176000 178.688000 60
178.688000 179.008000 57
179.008000 179.296000 52
179.456000 180.096000 57
180.544000 180.608000 51
180.608000 180.864000 48
180.864000 181.088000 51
181.568000 181.600000 53
181.664000 181.728000 50
181.888000 182.080000 52
182.208000 183.168000 57
183.168000 184.096000 50
184.320000 184.576000 50
184.576000 184.864000 52
185.088000 185.280000 48
185.280000 185.536000 45
186.240000 186.560000 56
186.560000 187.008000 52
187.520000 187.584000 57
187.584000 187.936000 60
187.936000 188.480000 57
188.928000 190.560000 64
190.656000 191.168000 60
191.168000 192.480000 59
192.640000 192.960000 62
192.960000 193.472000 61
193.472000 194.112000 59
194.464000 194.528000 50
194.528000 194.720000 54
194.720000 195.584000 60
195.584000 197.280000 57
197.376000 198.016000 57
198.016000 198.368000 52
198.528000 198.976000 48
200.128000 202.144000 52
202.272000 203.552000 48
203.552000 204.352000 45
204.576000 204.704000 45
209.216000 209.312000 57
209.408000 209.504000 57
