16.352000 16.736000 68
16.864000 17.376000 68
17.376000 17.856000 69
17.856000 18.496000 65
18.496000 19.552000 62
20.320000 20.608000 61
20.704000 21.024000 63
21.280000 22.336000 59
22.336000 23.360000 57
24.096000 24.448000 57
24.640000 25.088000 62
25.088000 25.952000 64
26.080000 26.752000 69
26.752000 27.424000 66
27.520000 28.000000 63
28.000000 31.360000 64
31.936000 32.320000 68
32.416000 33.472000 68
33.472000 34.080000 66
34.080000 35.168000 62
35.840000 36.576000 62
36.736000 38.912000 58
39.616000 40.000000 57
40.160000 40.608000 62
40.608000 41.536000 64
41.696000 42.336000 69
42.336000 42.848000 66
43.040000 43.264000 63
43.264000 44.288000 64
44.288000 46.400000 62
47.264000 47.712000 69
47.872000 48.320000 71
48.320000 49.568000 69
49.568000 50.944000 67
51.136000 51.360000 67
51.360000 52.128000 69
52.128000 54.560000 67
54.912000 57.440000 64
57.856000 57.952000 62
57.952000 58.272000 59
58.432000 59.072000 64
59.328000 59.392000 63
59.392000 59.872000 65
59.872000 62.496000 69
62.720000 64.256000 68
64.256000 66.208000 62
66.720000 67.680000 62
67.680000 69.856000 58
70.496000 70.880000 57
71.008000 71.488000 62
71.488000 72.352000 64
72.480000 73.152000 69
73.152000 73.760000 66
73.920000 75.232000 64
75.360000 75.936000 59
75.936000 77.504000 62
92.576000 92.768000 76
93.696000 93.824000 70
94.240000 94.336000 70
94.560000 94.752000 69
95.136000 95.584000 69
95.744000 96.800000 67
97.280000 98.560000 68
98.720000 99.168000 69
99.520000 100.576000 66
101.024000 103.584000 64
104.000000 104.128000 62
104.128000 104.416000 59
104.576000 105.152000 64
105.440000 105.568000 63
105.568000 105.728000 64
105.728000 108.576000 69
108.896000 109.312000 68
109.408000 110.400000 68
110.400000 111.072000 66
111.072000 112.352000 62
112.864000 113.696000 62
113.696000 114.912000 59
115.040000 115.968000 57
116.608000 117.024000 57
117.088000 117.152000 58
117.152000 117.568000 62
117.568000 118.432000 64
118.528000 119.264000 69
119.264000 119.712000 66
119.968000 121.312000 64
121.472000 123.488000 61
124.352000 124.672000 69
124.800000 127.712000 69
128.224000 131.456000 65
132.000000 132.448000 57
132.544000 133.824000 64
134.016000 134.656000 69
134.656000 134.720000 68
134.720000 135.392000 66
135.392000 136.736000 64
136.864000 137.280000 59
137.280000 138.816000 62
139.648000 139.968000 57
140.128000 140.640000 62
140.640000 141.472000 64
141.632000 142.368000 69
142.368000 142.816000 66
143.040000 144.352000 64
144.480000 144.832000 59
144.928000 145.088000 60
145.248000 145.376000 62
