13.792000 13.888000 57
14.016000 14.240000 58
14.240000 15.264000 60
15.264000 16.096000 62
16.160000 16.544000 59
16.896000 17.056000 55
18.144000 18.400000 58
18.400000 19.488000 60
19.488000 20.480000 66
20.480000 21.280000 62
21.280000 21.632000 58
22.432000 22.560000 57
22.656000 23.040000 59
23.040000 23.328000 63
23.328000 23.680000 60
23.744000 24.192000 62
24.288000 24.736000 62
24.864000 25.120000 59
25.344000 25.696000 55
26.816000 26.976000 58
27.072000 27.168000 59
27.168000 27.808000 60
27.904000 28.224000 57
28.224000 28.928000 60
28.928000 29.088000 58
29.216000 29.600000 60
29.600000 30.816000 65
31.136000 31.232000 58
31.360000 32.480000 59
32.480000 33.408000 62
33.568000 33.664000 57
33.664000 33.856000 60
35.488000 35.584000 58
35.712000 36.800000 60
36.800000 36.960000 65
36.960000 37.824000 67
37.824000 38.624000 62
38.624000 38.944000 58
39.744000 39.904000 58
40.000000 40.352000 59
40.352000 40.672000 63
40.672000 40.992000 60
41.088000 41.504000 63
41.632000 42.048000 63
42.208000 42.464000 60
42.592000 42.720000 59
44.128000 44.448000 58
44.448000 44.800000 60
44.896000 44.992000 62
44.992000 45.696000 59
45.792000 46.016000 63
46.016000 46.208000 59
46.304000 46.496000 57
46.496000 47.360000 60
47.584000 47.648000 60
47.680000 47.712000 60
47.936000 48.128000 61
48.640000 50.784000 71
50.784000 51.264000 65
51.456000 52.448000 66
52.960000 55.136000 71
55.296000 55.680000 64
55.840000 55.968000 62
55.968000 56.800000 65
57.152000 58.656000 67
58.656000 59.520000 66
59.520000 59.968000 61
60.160000 60.640000 60
60.896000 61.024000 58
61.184000 61.600000 59
61.728000 62.176000 70
62.272000 62.656000 70
62.816000 63.136000 70
63.232000 63.552000 65
63.712000 65.440000 70
65.728000 65.856000 70
65.984000 66.048000 58
66.048000 67.264000 60
67.264000 68.032000 63
68.224000 68.480000 59
70.112000 70.272000 58
70.368000 71.456000 60
71.456000 71.616000 65
71.616000 72.448000 67
72.448000 73.536000 61
74.400000 74.464000 56
74.464000 75.040000 58
75.040000 76.160000 62
76.288000 76.672000 63
76.864000 77.088000 59
78.784000 79.104000 58
79.104000 79.456000 60
79.552000 79.648000 62
79.648000 80.384000 58
80.480000 80.736000 63
80.736000 80.896000 60
81.184000 81.600000 60
81.600000 82.816000 63
82.880000 83.104000 63
83.104000 83.264000 57
88.928000 89.024000 67
102.336000 102.432000 62
106.080000 106.208000 66
117.472000 117.568000 64
118.912000 119.328000 72
119.328000 120.160000 70
120.160000 120.640000 66
120.800000 121.888000 66
122.336000 124.448000 71
124.576000 124.960000 65
125.120000 126.048000 65
126.560000 128.896000 66
128.896000 129.312000 61
129.504000 129.888000 61
130.208000 130.336000 58
130.464000 130.912000 59
131.008000 131.456000 69
131.552000 131.968000 70
132.096000 132.384000 70
132.544000 132.864000 65
133.024000 134.656000 70
135.072000 135.168000 57
135.264000 135.328000 58
135.328000 135.424000 59
135.424000 136.480000 60
136.480000 136.896000 63
136.960000 137.440000 63
137.536000 137.696000 57
137.696000 137.824000 59
139.424000 139.584000 58
139.680000 140.768000 60
140.768000 141.760000 67
141.760000 142.912000 61
143.744000 144.000000 57
144.000000 144.096000 58
144.096000 144.352000 60
144.352000 145.536000 62
145.632000 146.048000 62
146.208000 146.464000 59
148.256000 148.480000 58
148.480000 148.672000 59
148.672000 148.768000 63
148.864000 148.960000 62
148.960000 149.632000 58
149.760000 150.016000 63
150.016000 150.848000 60
150.848000 152.000000 62
152.544000 152.768000 58
152.768000 153.088000 60
153.184000 153.472000 61
153.472000 153.952000 58
154.080000 154.336000 63
154.336000 155.232000 59
155.232000 156.192000 63
156.800000 156.896000 58
156.992000 157.312000 59
157.312000 157.568000 63
157.568000 157.728000 60
157.856000 157.952000 58
158.048000 158.112000 56
158.112000 158.176000 58
158.176000 158.816000 60
158.816000 159.008000 58
159.136000 159.616000 59
161.088000 161.408000 58
161.408000 161.728000 60
161.824000 161.920000 62
161.920000 162.624000 59
162.720000 162.976000 63
162.976000 163.360000 58
163.456000 163.936000 60
163.936000 164.928000 63
165.504000 165.728000 58
165.728000 166.048000 60
166.048000 166.304000 63
166.304000 166.688000 58
166.784000 166.912000 57
166.912000 167.072000 60
167.296000 167.392000 62
167.392000 167.744000 59
167.840000 168.000000 58
168.096000 168.256000 60
169.920000 170.112000 58
170.112000 170.432000 60
170.528000 170.624000 63
170.624000 170.816000 60
170.912000 171.200000 58
