19.392000 19.776000 58
19.776000 20.160000 63
20.160000 22.848000 67
22.848000 24.000000 63
24.000000 24.544000 58
24.960000 25.632000 63
25.632000 26.592000 67
26.592000 28.512000 70
28.608000 30.496000 65
31.136000 31.584000 63
31.584000 32.800000 67
32.928000 35.616000 63
35.776000 36.064000 59
36.736000 37.120000 58
37.120000 37.600000 60
37.600000 38.048000 63
38.048000 40.896000 65
41.024000 42.208000 63
42.656000 42.752000 58
42.752000 43.040000 63
43.040000 43.552000 68
43.552000 43.744000 70
43.744000 47.808000 71
48.480000 48.992000 67
48.992000 50.240000 70
50.240000 53.056000 65
53.888000 54.112000 56
54.208000 54.464000 58
54.464000 54.752000 56
55.040000 56.160000 59
56.320000 56.384000 57
56.384000 56.736000 63
56.736000 57.600000 67
57.664000 57.696000 56
57.728000 57.792000 56
57.792000 59.680000 70
59.776000 59.904000 72
59.904000 60.288000 70
60.288000 61.472000 67
61.472000 64.960000 63
65.536000 65.632000 62
80.672000 81.024000 58
81.024000 81.376000 63
81.376000 83.680000 67
83.680000 85.024000 64
85.024000 85.344000 62
85.536000 85.792000 58
86.272000 86.944000 63
86.944000 87.904000 67
87.904000 89.792000 70
89.920000 91.968000 65
92.448000 93.056000 63
93.056000 94.464000 65
94.624000 96.320000 63
96.320000 96.960000 62
96.960000 97.408000 58
98.048000 98.368000 58
98.368000 98.752000 60
98.752000 99.008000 63
99.136000 99.840000 65
99.840000 100.640000 66
100.640000 102.176000 65
102.240000 103.552000 63
103.968000 104.064000 58
104.064000 104.288000 63
104.288000 105.024000 68
105.024000 106.496000 72
106.688000 106.944000 70
106.944000 107.456000 72
107.456000 109.344000 70
109.568000 109.632000 59
109.632000 110.400000 67
110.400000 111.552000 70
111.552000 114.272000 65
115.168000 115.488000 55
115.488000 115.808000 58
115.808000 116.160000 55
116.416000 117.088000 60
117.088000 117.792000 59
117.792000 118.816000 65
118.944000 119.072000 56
119.072000 120.576000 70
120.672000 121.184000 70
121.184000 122.784000 67
122.784000 126.208000 63
136.480000 136.832000 58
136.832000 137.088000 63
137.184000 138.112000 67
138.112000 139.072000 69
139.168000 139.424000 67
139.424000 140.064000 65
140.064000 140.960000 63
140.960000 141.440000 58
141.472000 141.632000 58
141.952000 142.656000 63
142.656000 143.616000 67
143.616000 145.568000 70
145.696000 147.392000 65
148.160000 148.640000 63
148.640000 149.216000 65
149.216000 150.080000 67
150.080000 152.928000 63
153.120000 153.216000 58
153.824000 154.144000 58
154.144000 154.656000 60
154.656000 156.032000 65
156.128000 156.256000 67
156.256000 156.832000 64
156.832000 157.856000 65
157.984000 158.080000 59
158.080000 159.392000 62
159.648000 159.712000 60
159.712000 159.968000 63
160.064000 160.608000 68
160.608000 162.208000 72
162.400000 162.656000 70
162.656000 163.168000 72
163.168000 163.712000 67
165.248000 165.600000 67
165.696000 166.144000 67
166.144000 166.912000 70
167.104000 167.360000 67
167.360000 167.776000 63
168.000000 169.792000 64
170.880000 171.136000 55
171.296000 172.128000 58
172.128000 173.504000 60
173.696000 174.560000 66
174.848000 176.288000 70
176.384000 176.672000 70
176.800000 176.960000 70
176.960000 178.464000 67
178.464000 181.856000 63
189.984000 195.104000 70
195.296000 195.424000 70
