18.304000 18.400000 62
18.528000 18.880000 63
19.008000 19.328000 62
19.552000 19.648000 60
21.760000 22.464000 45
22.624000 23.776000 48
24.000000 24.480000 48
24.608000 24.704000 48
25.024000 25.760000 47
26.048000 26.464000 50
26.560000 27.104000 48
27.200000 27.392000 50
27.840000 29.184000 53
29.184000 29.984000 57
30.080000 34.080000 57
34.080000 38.752000 60
38.912000 39.104000 60
39.488000 40.832000 55
41.312000 41.632000 55
41.664000 41.696000 55
41.792000 41.824000 55
41.888000 41.920000 55
41.984000 43.328000 55
43.424000 44.224000 56
44.224000 44.768000 53
44.864000 47.296000 53
47.456000 48.128000 53
48.128000 48.992000 57
48.992000 50.944000 60
50.944000 51.584000 57
51.744000 52.544000 54
52.672000 52.768000 55
53.088000 53.312000 52
53.696000 54.080000 50
54.208000 55.296000 50
55.456000 56.256000 48
56.384000 56.480000 48
57.024000 57.472000 53
57.696000 60.928000 57
61.056000 62.656000 56
62.656000 62.912000 53
63.008000 63.296000 48
63.296000 64.224000 50
64.224000 65.824000 53
65.888000 65.920000 53
66.080000 66.176000 52
66.464000 67.392000 53
69.696000 69.792000 65
70.272000 70.880000 65
73.312000 73.408000 65
74.496000 74.592000 65
90.880000 91.040000 65
104.032000 104.608000 45
104.768000 106.752000 48
106.848000 106.976000 47
107.328000 107.616000 48
107.776000 107.872000 47
108.224000 108.416000 49
109.024000 109.248000 48
109.408000 109.600000 49
109.728000 109.856000 48
110.048000 111.456000 53
111.456000 114.080000 57
114.304000 116.352000 57
116.352000 119.936000 60
120.480000 121.888000 60
121.984000 127.552000 55
127.552000 129.344000 53
129.376000 130.368000 53
130.560000 131.104000 57
131.104000 133.536000 60
133.536000 133.792000 55
133.920000 135.072000 54
135.136000 135.648000 53
135.776000 135.872000 50
135.968000 136.192000 50
136.256000 136.384000 52
136.576000 137.120000 50
137.504000 137.792000 62
137.952000 138.464000 60
138.624000 138.784000 60
138.912000 139.104000 60
139.264000 139.328000 57
139.328000 139.552000 61
139.680000 143.136000 57
143.264000 144.512000 56
144.544000 144.768000 56
144.768000 145.056000 53
145.056000 145.760000 48
145.856000 145.920000 60
145.920000 146.208000 62
146.208000 147.808000 65
148.128000 148.288000 66
148.320000 148.384000 66
148.544000 148.864000 65
148.960000 149.920000 65
170.368000 170.880000 45
171.072000 172.224000 48
172.320000 172.864000 48
172.960000 173.056000 48
173.152000 173.280000 48
173.376000 173.920000 48
174.048000 174.304000 47
174.336000 174.432000 47
174.464000 174.496000 47
174.560000 174.624000 47
174.752000 174.880000 47
175.072000 175.968000 49
176.064000 176.608000 48
176.608000 177.504000 53
177.696000 180.672000 57
181.056000 183.776000 59
183.776000 186.944000 60
187.104000 187.520000 48
187.968000 191.168000 55
191.264000 191.904000 56
192.000000 192.832000 56
192.960000 196.800000 65
196.960000 197.152000 57
197.152000 197.504000 58
197.504000 199.552000 60
199.552000 200.128000 56
200.256000 200.672000 53
201.632000 202.144000 53
203.392000 203.488000 59
204.288000 205.952000 60
206.240000 206.592000 60
206.592000 211.456000 57
211.552000 212.672000 49
212.768000 212.960000 51
212.992000 216.064000 53
216.160000 216.320000 53
