23.776000 24.960000 68
36.736000 38.528000 57
38.528000 38.944000 59
38.976000 40.352000 56
40.352000 44.288000 52
45.408000 45.504000 50
45.600000 45.728000 48
45.728000 46.496000 49
46.496000 46.912000 50
46.912000 48.960000 53
49.056000 52.832000 54
54.016000 56.384000 61
56.384000 58.272000 64
58.368000 61.824000 56
62.880000 64.224000 56
64.320000 64.960000 59
64.960000 66.368000 56
66.496000 67.040000 54
67.136000 70.048000 52
71.520000 72.928000 59
73.024000 79.552000 61
80.320000 81.600000 56
81.728000 82.752000 59
82.752000 83.808000 61
83.904000 87.552000 59
89.216000 89.280000 47
89.280000 91.424000 52
91.424000 92.640000 56
92.800000 97.120000 60
98.112000 100.064000 55
100.192000 101.472000 49
101.728000 101.920000 47
101.920000 102.496000 49
102.496000 104.448000 52
126.656000 126.848000 68
126.848000 126.912000 64
178.336000 179.744000 57
179.744000 180.288000 60
180.416000 182.560000 56
182.656000 186.368000 52
187.200000 188.544000 49
188.704000 190.720000 54
190.848000 191.552000 56
191.648000 194.496000 55
196.032000 198.112000 61
198.208000 199.488000 64
199.680000 200.064000 62
200.064000 200.384000 59
200.512000 202.560000 56
202.720000 203.008000 56
204.832000 205.184000 57
205.184000 206.240000 56
206.240000 207.008000 59
207.008000 209.184000 56
209.280000 211.936000 52
213.632000 215.744000 59
215.840000 217.248000 61
217.248000 217.824000 64
217.952000 220.896000 61
222.464000 222.528000 49
222.528000 222.592000 51
222.592000 224.128000 56
224.128000 230.240000 60
231.200000 231.264000 48
231.264000 231.360000 50
231.360000 231.936000 52
231.936000 232.768000 53
232.768000 235.456000 56
235.584000 237.664000 61
237.888000 239.488000 59
240.064000 242.144000 55
242.336000 243.200000 49
243.296000 243.648000 50
243.936000 244.224000 48
244.224000 246.656000 52
