11.904000 12.032000 57
14.144000 14.304000 60
25.760000 26.080000 57
27.328000 28.480000 52
28.640000 29.696000 60
29.696000 31.104000 57
31.200000 31.712000 57
31.808000 32.352000 53
32.544000 32.736000 51
33.856000 34.368000 52
34.560000 35.072000 52
35.232000 36.672000 52
37.920000 38.144000 46
39.104000 39.616000 47
40.224000 40.864000 47
40.960000 42.560000 52
42.560000 43.648000 57
43.680000 43.968000 58
44.256000 44.896000 52
48.160000 49.344000 59
49.440000 49.824000 59
49.824000 50.528000 52
50.528000 51.232000 60
51.296000 51.776000 60
51.776000 52.864000 57
53.344000 53.824000 52
53.952000 54.208000 52
54.208000 54.272000 56
54.272000 55.200000 59
55.200000 55.776000 57
55.936000 57.952000 59
58.592000 60.320000 57
60.416000 61.024000 52
61.120000 61.248000 48
61.728000 63.232000 52
63.680000 64.608000 52
64.608000 68.384000 57
69.024000 69.376000 64
70.112000 70.304000 69
70.688000 70.784000 69
80.544000 83.264000 64
95.264000 95.488000 65
95.488000 96.928000 69
97.856000 99.136000 52
99.296000 100.384000 59
100.480000 101.696000 57
101.792000 102.304000 57
102.304000 102.912000 52
104.448000 107.040000 52
108.480000 108.576000 45
108.672000 109.184000 45
109.376000 110.144000 47
110.368000 110.464000 45
110.624000 111.040000 48
111.200000 112.800000 52
112.800000 112.992000 59
113.120000 113.632000 57
113.632000 114.016000 52
114.016000 114.208000 48
114.368000 114.848000 52
114.944000 115.072000 53
115.200000 115.296000 52
118.016000 119.232000 59
119.328000 119.552000 59
119.712000 119.744000 53
119.936000 120.480000 52
120.608000 121.088000 60
121.088000 121.568000 64
121.632000 122.688000 57
123.072000 123.584000 52
123.744000 124.928000 59
124.928000 125.920000 57
126.208000 127.680000 59
127.776000 127.872000 58
128.224000 129.856000 57
129.984000 130.432000 52
130.848000 131.104000 53
131.200000 131.744000 52
131.936000 132.704000 52
133.056000 133.952000 52
133.952000 137.888000 57
153.152000 153.920000 57
154.080000 154.464000 52
162.464000 163.264000 57
163.584000 163.680000 52
164.224000 164.256000 52
164.608000 165.696000 52
165.696000 166.944000 59
167.072000 169.088000 57
169.088000 169.504000 53
170.624000 170.688000 53
170.880000 173.536000 52
175.040000 175.200000 45
175.360000 175.392000 45
175.744000 175.808000 45
176.000000 176.416000 47
176.512000 176.640000 47
177.248000 177.888000 48
177.888000 178.496000 53
178.592000 179.424000 52
179.424000 180.416000 57
180.416000 180.832000 52
180.864000 180.960000 49
181.120000 181.600000 52
181.792000 182.208000 47
182.496000 183.200000 45
184.928000 186.048000 59
186.144000 186.592000 59
186.592000 187.200000 65
187.392000 188.000000 61
188.032000 188.416000 61
188.416000 189.472000 57
189.920000 190.912000 52
190.912000 191.552000 59
191.648000 194.304000 59
195.008000 196.736000 57
196.832000 197.472000 52
197.888000 197.984000 51
198.144000 198.656000 52
198.752000 199.616000 52
200.096000 200.960000 52
200.960000 204.928000 57
