12.160000 12.832000 57
12.832000 13.280000 59
13.280000 13.888000 63
14.272000 15.040000 70
15.040000 15.264000 68
15.264000 16.384000 64
16.832000 17.216000 56
17.344000 17.504000 58
17.504000 17.888000 60
17.888000 18.080000 62
18.080000 18.176000 63
18.176000 20.640000 65
20.640000 21.088000 60
21.088000 21.728000 58
22.176000 22.720000 60
22.880000 23.232000 65
23.360000 23.456000 65
23.584000 24.320000 63
24.320000 24.672000 60
24.960000 25.024000 57
25.024000 25.280000 58
25.280000 26.048000 60
26.208000 26.976000 60
27.328000 28.128000 56
28.128000 28.768000 60
29.120000 29.408000 67
29.792000 30.432000 70
30.432000 30.848000 68
30.880000 31.424000 63
31.424000 32.224000 67
32.608000 33.120000 56
33.440000 33.888000 56
33.888000 34.048000 58
34.048000 35.360000 61
35.488000 36.288000 70
36.288000 36.704000 65
36.832000 37.728000 63
38.048000 38.464000 56
38.464000 38.720000 58
38.720000 39.200000 60
39.200000 40.672000 66
40.800000 41.184000 63
41.184000 41.568000 65
41.568000 41.760000 68
41.760000 42.880000 58
43.424000 43.840000 60
43.840000 44.096000 61
44.096000 44.672000 65
45.152000 45.312000 65
45.312000 45.696000 63
46.176000 46.592000 59
46.720000 47.616000 61
48.512000 49.248000 57
49.344000 49.696000 60
49.696000 49.760000 61
49.760000 50.048000 63
50.048000 50.624000 66
50.944000 51.616000 70
51.616000 51.776000 68
51.872000 51.968000 69
51.968000 52.640000 62
52.640000 53.760000 68
53.952000 55.072000 68
55.296000 55.808000 64
55.808000 56.288000 57
57.568000 57.888000 65
58.016000 58.528000 63
58.528000 58.688000 58
58.816000 58.912000 56
59.264000 59.584000 58
59.584000 59.968000 60
59.968000 60.064000 61
60.064000 60.576000 63
60.576000 60.992000 56
60.992000 61.056000 58
61.056000 62.304000 60
62.304000 63.168000 64
63.232000 64.416000 60
64.576000 64.704000 66
64.896000 65.056000 68
65.152000 65.728000 68
65.920000 66.304000 65
66.304000 66.400000 64
66.400000 66.976000 58
67.552000 68.064000 67
68.192000 68.480000 65
68.608000 69.152000 63
69.152000 69.568000 57
69.888000 70.240000 58
70.240000 70.496000 60
70.496000 71.104000 63
71.200000 71.616000 56
71.616000 71.744000 59
71.840000 72.384000 60
72.544000 73.728000 63
73.888000 74.080000 58
74.400000 74.720000 62
74.720000 75.136000 59
75.808000 76.224000 56
76.224000 76.736000 59
76.832000 77.152000 63
77.824000 78.720000 70
78.720000 79.040000 67
79.264000 80.000000 63
80.128000 80.224000 62
80.320000 81.024000 56
81.120000 81.504000 60
81.504000 83.040000 65
83.136000 83.584000 63
83.712000 83.872000 65
83.872000 84.096000 68
84.096000 84.128000 66
84.128000 84.160000 63
84.160000 85.088000 58
85.728000 86.112000 60
86.112000 86.752000 65
86.880000 87.040000 65
87.040000 87.616000 63
87.712000 88.000000 63
88.000000 88.256000 61
88.256000 89.184000 59
89.184000 90.592000 60
90.784000 91.584000 57
91.584000 91.968000 60
91.968000 92.928000 65
93.248000 93.824000 70
93.824000 94.208000 67
94.240000 95.168000 63
95.168000 95.744000 67
107.040000 108.256000 56
108.256000 108.416000 58
108.416000 109.504000 62
109.632000 110.304000 70
110.400000 110.528000 70
110.528000 110.752000 68
110.752000 112.160000 64
112.256000 112.768000 56
112.768000 112.864000 57
112.864000 113.024000 58
113.024000 113.408000 60
113.408000 113.664000 62
113.664000 116.352000 65
116.352000 117.344000 59
117.696000 118.272000 60
118.432000 119.008000 65
119.136000 120.064000 63
120.448000 120.928000 58
121.024000 121.600000 62
121.728000 122.400000 60
122.784000 122.944000 58
123.648000 124.032000 60
124.032000 124.160000 62
124.160000 124.256000 63
124.256000 124.928000 65
125.248000 125.856000 70
125.856000 126.144000 67
126.304000 127.200000 63
127.200000 127.712000 68
128.096000 129.184000 56
129.184000 129.824000 58
129.824000 130.592000 63
131.008000 131.712000 70
131.712000 131.968000 68
131.968000 133.216000 64
133.312000 133.408000 61
133.408000 133.600000 56
133.760000 134.112000 57
134.208000 134.560000 60
134.560000 136.128000 65
136.256000 136.448000 63
136.448000 136.832000 64
136.832000 136.992000 65
136.992000 137.280000 67
137.280000 138.368000 59
138.912000 139.424000 60
139.520000 139.744000 65
139.872000 140.096000 68
141.888000 142.112000 61
142.240000 143.744000 61
143.968000 144.096000 58
144.096000 144.768000 56
144.768000 145.280000 60
145.280000 146.048000 65
146.336000 147.168000 70
147.168000 147.232000 66
147.232000 147.296000 64
147.392000 148.064000 63
148.064000 148.928000 68
149.376000 150.496000 67
150.688000 151.328000 63
151.328000 151.872000 58
152.384000 153.280000 66
153.408000 153.920000 63
153.920000 154.336000 56
154.688000 154.976000 58
154.976000 155.264000 60
155.264000 155.904000 63
155.904000 156.256000 56
156.352000 156.512000 58
156.608000 157.280000 60
157.280000 158.528000 63
158.624000 159.712000 60
159.904000 161.056000 67
161.216000 161.760000 65
161.760000 162.400000 58
162.880000 163.840000 66
163.936000 164.448000 63
164.448000 164.608000 57
164.704000 164.800000 55
165.184000 165.536000 58
165.536000 165.792000 59
165.792000 166.400000 63
166.400000 167.040000 57
167.136000 167.712000 60
167.808000 168.032000 61
168.032000 168.640000 63
168.640000 169.184000 64
169.184000 169.376000 71
171.072000 171.552000 57
171.552000 171.712000 58
171.712000 172.704000 62
173.120000 173.888000 70
173.888000 174.304000 67
174.400000 175.328000 63
175.616000 176.096000 56
176.096000 176.160000 57
176.160000 176.960000 60
176.960000 177.888000 66
178.048000 178.240000 65
178.368000 178.784000 62
178.784000 179.456000 65
179.456000 180.416000 58
180.960000 181.440000 60
181.440000 181.856000 64
181.952000 182.304000 65
182.304000 183.552000 62
183.648000 185.888000 60
186.048000 186.176000 58
186.176000 186.816000 56
186.912000 187.232000 60
187.232000 187.296000 61
187.296000 187.488000 62
187.488000 188.512000 66
188.512000 189.536000 70
190.144000 190.880000 71
191.552000 191.648000 75
191.648000 192.736000 68
