4.992000 5.184000 72
11.904000 13.216000 72
13.312000 13.440000 72
14.240000 14.336000 72
15.552000 16.352000 60
16.448000 19.328000 59
20.192000 25.664000 65
26.528000 27.808000 60
27.968000 28.544000 57
28.704000 30.208000 58
31.808000 32.128000 53
32.224000 34.112000 54
34.240000 34.752000 52
35.104000 35.168000 51
35.200000 35.232000 51
36.192000 36.224000 51
36.256000 36.320000 51
36.384000 36.416000 51
36.448000 36.512000 51
36.640000 36.736000 51
39.712000 40.320000 53
40.320000 42.016000 59
42.144000 42.720000 56
42.912000 43.968000 55
46.016000 46.688000 53
46.880000 46.944000 62
46.944000 48.320000 65
48.320000 48.544000 61
48.544000 49.536000 58
49.536000 49.888000 57
50.016000 51.552000 58
52.288000 52.672000 58
52.768000 53.024000 61
53.024000 53.760000 60
53.760000 54.144000 59
54.144000 54.560000 54
54.656000 55.200000 56
55.456000 55.872000 56
55.872000 56.864000 58
56.960000 57.280000 52
57.344000 57.760000 52
58.592000 58.784000 56
58.784000 59.488000 53
60.768000 61.664000 54
61.696000 61.728000 54
61.792000 61.856000 53
62.016000 62.176000 53
62.368000 62.432000 53
62.464000 62.496000 54
62.560000 62.880000 54
63.040000 63.392000 54
64.800000 65.248000 60
65.312000 67.872000 65
67.968000 68.800000 68
68.800000 70.816000 65
71.104000 71.520000 60
71.648000 74.240000 65
74.336000 74.560000 64
74.560000 74.912000 61
75.136000 76.064000 61
76.160000 76.320000 61
76.352000 76.512000 61
76.704000 76.928000 62
77.024000 77.184000 63
77.280000 77.728000 62
77.728000 78.560000 64
78.752000 79.040000 63
79.040000 79.136000 62
79.136000 80.192000 56
80.672000 80.864000 56
80.864000 81.216000 58
81.216000 82.176000 61
82.176000 82.272000 60
82.272000 82.816000 55
82.976000 83.392000 55
83.808000 84.064000 55
84.064000 84.544000 58
84.736000 85.600000 59
85.600000 86.592000 54
86.784000 87.104000 55
87.200000 87.648000 51
87.776000 88.320000 53
88.416000 88.544000 53
88.992000 89.152000 52
89.184000 89.504000 52
89.568000 89.760000 52
89.920000 89.984000 53
90.016000 90.048000 53
91.808000 92.576000 53
92.672000 92.864000 53
93.280000 93.920000 53
94.080000 95.456000 60
95.616000 97.120000 55
97.280000 97.824000 52
97.952000 98.112000 52
98.176000 98.240000 52
98.272000 98.304000 52
99.584000 99.840000 53
100.000000 100.128000 53
100.288000 100.352000 59
100.352000 100.672000 63
100.672000 101.504000 65
101.504000 101.632000 64
101.632000 101.728000 63
101.728000 102.976000 60
103.136000 104.960000 58
105.696000 106.080000 58
106.240000 107.712000 60
107.808000 108.032000 53
108.032000 108.480000 55
108.896000 109.216000 56
109.440000 110.336000 58
110.432000 110.688000 53
111.392000 111.424000 54
112.064000 112.768000 56
112.992000 113.600000 53
114.656000 116.416000 55
116.544000 116.864000 53
116.928000 116.992000 54
117.024000 117.056000 54
117.120000 117.472000 54
118.304000 118.688000 60
118.816000 122.720000 65
122.784000 124.416000 65
124.608000 124.992000 60
125.088000 125.376000 60
125.376000 128.352000 65
128.512000 128.864000 60
128.960000 129.152000 61
129.248000 129.408000 60
129.440000 129.536000 60
129.568000 129.728000 61
129.984000 130.464000 61
130.464000 132.672000 63
132.672000 133.760000 56
134.080000 134.368000 56
134.368000 134.496000 58
134.496000 135.872000 60
135.872000 136.352000 54
136.512000 136.864000 55
137.184000 137.472000 55
137.472000 137.632000 56
137.632000 139.072000 59
139.264000 139.488000 53
139.648000 140.544000 55
140.736000 141.056000 51
141.184000 141.568000 53
141.600000 141.632000 51
143.200000 143.488000 51
143.616000 143.680000 51
143.712000 143.872000 51
146.656000 147.360000 65
147.360000 147.520000 67
147.520000 148.896000 72
148.896000 150.272000 68
150.272000 152.384000 65
152.896000 154.144000 65
154.848000 155.264000 63
155.264000 156.000000 60
156.256000 158.528000 68
159.296000 159.552000 68
159.552000 159.648000 69
159.648000 161.152000 72
161.152000 162.176000 67
162.336000 162.720000 68
162.880000 163.040000 71
163.104000 163.392000 71
163.424000 163.648000 69
163.648000 164.992000 65
165.472000 166.528000 67
167.584000 167.968000 67
171.680000 171.808000 60
171.936000 172.064000 61
172.192000 172.448000 60
172.448000 176.032000 65
176.160000 177.760000 65
178.016000 178.432000 60
178.528000 178.816000 60
178.816000 181.920000 65
182.080000 183.488000 60
183.520000 184.032000 61
184.256000 184.960000 62
185.056000 185.984000 63
185.984000 186.208000 61
186.208000 187.232000 56
187.520000 187.808000 56
187.808000 187.936000 58
187.936000 189.248000 60
189.248000 189.792000 54
189.952000 190.272000 55
190.656000 190.848000 55
190.848000 191.008000 56
191.008000 192.544000 59
192.736000 192.960000 53
193.120000 193.984000 56
194.176000 194.560000 51
194.688000 195.008000 52
196.000000 196.160000 51
196.800000 197.248000 55
197.248000 197.728000 57
197.824000 200.160000 59
201.120000 201.728000 60
201.888000 203.232000 68
203.456000 205.344000 63
205.504000 212.416000 65
212.576000 212.608000 68
212.640000 212.704000 68
212.896000 213.984000 68
214.208000 214.592000 69
220.096000 220.192000 69
221.408000 221.632000 69
