9.280000 9.472000 57
9.472000 9.984000 58
9.984000 10.368000 60
10.368000 11.008000 63
11.104000 11.232000 68
11.232000 12.288000 63
12.512000 12.640000 68
12.736000 13.504000 67
13.536000 13.600000 65
13.600000 13.792000 70
13.920000 14.560000 70
14.656000 14.848000 67
14.848000 15.648000 63
15.744000 16.128000 67
16.224000 16.320000 62
16.416000 17.728000 63
20.576000 21.280000 58
21.376000 21.632000 62
21.632000 21.984000 56
22.080000 22.336000 65
22.432000 22.560000 63
22.560000 22.720000 60
22.720000 23.136000 58
23.136000 23.456000 56
23.840000 24.224000 68
24.224000 24.320000 67
24.320000 24.544000 65
24.544000 24.992000 61
25.184000 25.824000 57
25.824000 26.208000 60
26.400000 26.464000 61
26.464000 26.912000 63
27.040000 27.136000 63
27.136000 27.648000 59
27.744000 28.416000 56
28.512000 28.736000 56
37.568000 37.888000 66
37.888000 38.912000 63
39.008000 39.200000 68
39.200000 39.968000 60
40.416000 41.056000 59
41.152000 41.504000 60
41.504000 42.144000 64
42.240000 42.944000 64
43.232000 43.776000 59
43.776000 44.224000 67
44.352000 44.608000 63
45.056000 45.632000 68
45.632000 46.112000 63
46.112000 46.624000 65
46.624000 47.392000 60
47.840000 48.096000 63
48.096000 48.160000 61
48.160000 48.544000 58
48.544000 48.832000 60
48.928000 48.992000 61
48.992000 49.504000 63
49.632000 49.728000 62
49.728000 50.368000 58
50.624000 50.720000 63
50.720000 50.976000 60
50.976000 51.232000 63
51.232000 51.296000 60
51.296000 52.608000 58
52.608000 53.024000 55
53.088000 53.248000 55
55.936000 56.000000 66
56.000000 56.096000 67
56.096000 57.216000 64
57.312000 57.600000 68
57.600000 58.624000 60
58.784000 59.040000 59
59.136000 59.744000 60
59.840000 60.032000 63
60.032000 60.416000 65
60.416000 60.768000 63
60.864000 61.536000 64
61.920000 62.208000 63
62.304000 62.624000 58
62.624000 63.168000 61
63.168000 63.840000 63
63.840000 64.672000 58
64.800000 65.024000 62
65.152000 65.408000 63
65.408000 66.528000 59
66.528000 67.232000 56
70.016000 71.456000 64
71.456000 71.680000 68
71.872000 72.384000 59
72.448000 72.512000 59
72.896000 73.920000 59
73.920000 74.400000 63
74.400000 75.648000 60
75.776000 76.960000 64
77.472000 77.760000 63
77.856000 78.144000 58
78.144000 78.496000 60
78.496000 79.136000 63
79.264000 79.360000 62
79.360000 79.584000 60
79.584000 80.000000 57
80.288000 80.960000 62
80.960000 81.504000 58
81.600000 81.856000 60
81.856000 82.656000 56
85.600000 85.888000 66
85.888000 86.208000 63
86.304000 87.264000 65
87.264000 87.616000 60
87.712000 88.000000 60
88.416000 89.440000 60
89.440000 91.232000 64
94.016000 94.720000 63
94.720000 95.072000 58
95.072000 95.488000 60
95.488000 96.480000 63
96.480000 96.960000 57
97.216000 97.504000 61
97.632000 97.728000 63
97.728000 97.920000 62
97.920000 98.336000 58
98.336000 99.584000 60
99.584000 100.672000 56
112.384000 112.768000 60
112.768000 113.216000 68
113.216000 114.496000 64
114.496000 114.880000 60
115.168000 115.552000 60
115.552000 115.840000 68
115.936000 117.760000 64
118.080000 118.464000 65
118.464000 118.592000 72
118.752000 118.912000 71
119.104000 119.904000 68
119.904000 120.576000 65
120.832000 120.896000 60
120.896000 121.216000 63
121.216000 121.536000 68
121.536000 121.856000 63
121.856000 123.392000 58
126.432000 126.496000 64
126.496000 126.784000 67
126.880000 127.264000 63
127.264000 127.456000 64
127.456000 127.872000 65
127.872000 128.256000 67
128.256000 128.768000 61
128.864000 129.152000 60
129.376000 129.504000 63
129.504000 130.400000 60
130.400000 130.784000 63
130.784000 131.040000 66
131.136000 131.392000 63
131.488000 132.256000 64
133.504000 133.600000 66
134.560000 135.424000 63
135.616000 136.096000 58
136.096000 136.448000 60
136.512000 136.608000 59
136.608000 137.280000 63
137.280000 137.952000 58
138.144000 138.272000 62
138.272000 138.528000 60
138.528000 138.816000 63
138.912000 139.264000 58
139.264000 140.608000 59
140.608000 140.992000 56
