18.528000 18.848000 57
18.848000 19.136000 60
19.232000 19.456000 64
19.552000 20.416000 61
20.672000 21.408000 58
21.952000 22.048000 56
24.320000 24.544000 57
24.544000 24.832000 61
24.928000 25.152000 64
25.248000 25.504000 61
25.600000 25.824000 61
26.432000 27.104000 58
30.272000 31.296000 62
31.680000 32.320000 62
32.416000 32.768000 61
33.216000 33.696000 58
33.792000 34.176000 58
35.104000 35.232000 56
35.328000 35.520000 57
35.744000 36.256000 58
37.472000 38.176000 57
38.400000 38.592000 55
39.040000 39.136000 55
41.600000 41.792000 57
41.792000 41.888000 58
41.888000 42.144000 62
42.240000 42.496000 64
42.656000 43.456000 61
43.840000 43.936000 57
44.096000 44.608000 58
47.296000 47.488000 57
47.488000 47.840000 60
47.936000 48.160000 64
48.320000 48.992000 61
49.408000 49.568000 64
49.824000 50.048000 61
50.144000 50.592000 61
52.928000 53.120000 59
53.312000 54.016000 64
54.400000 55.520000 64
55.968000 56.096000 59
56.192000 56.864000 64
57.344000 58.208000 62
58.688000 58.848000 57
59.104000 60.096000 59
60.352000 60.640000 66
61.312000 61.472000 63
61.984000 62.240000 64
66.272000 67.040000 67
67.040000 67.616000 69
67.744000 68.096000 66
68.832000 69.184000 64
69.440000 70.720000 64
71.584000 71.744000 62
71.904000 72.032000 67
72.032000 72.192000 69
72.320000 72.512000 64
72.512000 72.864000 69
72.992000 73.248000 72
73.408000 73.696000 66
74.432000 74.656000 64
75.104000 76.576000 65
77.248000 77.600000 62
77.600000 78.688000 69
79.072000 79.968000 65
80.224000 80.352000 67
80.352000 80.576000 69
80.576000 80.768000 66
80.896000 81.184000 66
81.600000 81.824000 62
81.920000 82.880000 63
83.008000 83.424000 72
83.712000 84.800000 69
85.152000 85.344000 69
85.472000 85.696000 69
85.824000 86.176000 70
86.656000 86.848000 63
86.976000 87.392000 68
87.552000 87.968000 68
87.968000 88.352000 64
88.704000 88.864000 68
88.864000 89.248000 69
89.248000 90.016000 67
90.112000 90.240000 69
90.240000 90.432000 71
90.560000 90.976000 66
91.712000 91.776000 62
91.776000 91.904000 63
91.904000 92.192000 64
92.192000 92.256000 65
92.256000 92.576000 68
92.576000 92.832000 64
93.088000 93.408000 66
94.304000 94.656000 66
94.784000 94.976000 69
94.976000 95.488000 66
95.488000 95.744000 69
95.872000 96.928000 73
97.312000 97.856000 68
98.016000 98.240000 66
98.368000 98.656000 69
98.784000 99.456000 71
100.128000 101.536000 70
101.920000 102.240000 68
102.336000 102.624000 67
102.624000 102.816000 62
103.072000 103.584000 67
103.808000 104.096000 67
104.448000 104.992000 66
105.056000 105.344000 69
105.472000 105.696000 71
105.824000 106.688000 73
106.944000 107.552000 65
108.000000 108.288000 62
108.448000 109.088000 62
109.088000 109.632000 59
111.360000 111.648000 66
111.744000 112.160000 65
112.160000 112.416000 62
113.184000 113.568000 59
113.568000 114.816000 62
119.744000 119.968000 62
119.968000 120.512000 63
120.512000 123.712000 66
123.712000 125.312000 62
130.176000 130.848000 69
130.848000 130.976000 72
130.976000 131.584000 74
131.584000 132.288000 72
132.288000 133.632000 69
133.632000 136.480000 64
140.224000 140.512000 57
140.512000 140.576000 58
140.576000 141.120000 62
141.248000 141.952000 61
142.368000 142.496000 57
142.688000 143.232000 57
143.360000 143.616000 55
145.856000 146.208000 57
146.208000 146.784000 62
146.912000 147.744000 61
148.000000 148.384000 63
148.480000 148.640000 61
148.800000 149.312000 61
149.312000 149.792000 59
151.520000 151.776000 59
151.904000 152.032000 62
152.032000 152.608000 64
153.088000 153.632000 64
153.728000 154.112000 65
154.752000 155.520000 64
155.808000 156.192000 63
156.320000 156.864000 62
157.280000 157.408000 58
157.632000 157.856000 58
157.984000 158.208000 62
158.368000 158.656000 59
158.656000 158.720000 61
158.720000 159.040000 65
159.392000 159.520000 67
159.520000 159.744000 69
159.744000 160.384000 65
160.480000 161.056000 64
161.888000 162.752000 67
162.752000 163.264000 69
163.392000 164.064000 66
164.448000 164.800000 63
165.088000 166.528000 65
167.232000 167.456000 62
167.616000 167.744000 67
167.744000 167.904000 69
168.000000 168.288000 64
168.288000 168.672000 69
168.672000 168.960000 72
169.088000 169.568000 66
170.176000 170.240000 62
170.240000 172.608000 64
172.928000 173.248000 62
173.344000 174.368000 69
174.752000 175.648000 65
175.872000 176.416000 67
176.576000 176.896000 66
177.216000 178.240000 62
178.336000 178.560000 64
178.688000 179.072000 72
179.392000 180.576000 69
180.768000 181.024000 69
181.184000 182.048000 69
182.240000 182.496000 62
182.624000 182.976000 68
183.168000 183.584000 68
183.584000 183.968000 64
184.384000 184.960000 69
184.960000 185.472000 66
185.472000 186.144000 69
186.240000 186.784000 66
186.880000 186.976000 65
187.392000 187.552000 62
187.552000 187.904000 64
187.904000 188.320000 67
188.320000 188.576000 64
188.736000 189.440000 66
189.888000 190.336000 66
190.432000 190.624000 69
190.624000 191.424000 66
191.552000 192.672000 73
192.960000 193.536000 68
193.760000 193.920000 66
194.080000 194.304000 69
194.432000 195.360000 71
195.808000 197.248000 70
197.632000 197.920000 68
198.016000 198.304000 67
198.304000 198.528000 62
198.720000 199.296000 68
199.456000 199.776000 67
200.128000 200.672000 66
200.864000 201.184000 69
201.184000 201.408000 71
201.568000 202.496000 73
202.688000 203.328000 65
203.712000 204.000000 61
204.128000 204.672000 62
204.672000 205.312000 59
206.912000 207.232000 66
207.232000 207.648000 65
207.648000 207.968000 62
208.192000 208.672000 59
208.800000 209.440000 62
210.112000 210.272000 59
210.528000 210.560000 65
210.592000 210.688000 66
211.040000 211.392000 64
211.552000 212.192000 64
212.352000 212.640000 65
213.024000 213.280000 58
213.280000 213.344000 60
213.344000 213.600000 66
213.728000 213.856000 65
213.984000 214.368000 62
214.368000 215.008000 65
215.104000 215.520000 72
215.872000 216.448000 73
216.608000 216.800000 66
216.928000 217.120000 64
217.632000 217.984000 62
217.984000 218.080000 66
218.720000 218.784000 60
218.784000 218.880000 61
218.880000 219.360000 62
219.360000 220.064000 64
220.160000 220.640000 62
220.832000 221.248000 68
221.568000 221.792000 69
221.888000 222.208000 69
222.304000 222.656000 70
222.656000 222.880000 66
222.976000 224.032000 69
224.352000 224.960000 62
225.056000 225.824000 65
225.824000 225.984000 69
225.984000 226.144000 71
226.528000 226.752000 69
226.880000 227.104000 69
227.328000 227.840000 74
228.128000 228.288000 66
228.416000 228.576000 65
228.672000 229.664000 64
230.048000 230.144000 71
230.144000 230.656000 69
230.656000 231.168000 66
231.168000 232.192000 69
232.288000 232.672000 66
233.024000 233.184000 62
233.184000 233.632000 64
233.632000 233.824000 69
233.824000 234.240000 64
234.432000 235.104000 66
235.840000 236.032000 65
236.192000 236.352000 69
236.352000 236.864000 66
236.864000 237.152000 69
237.248000 237.536000 74
237.664000 238.400000 73
238.720000 239.232000 73
239.360000 239.520000 71
239.520000 239.680000 74
239.776000 240.096000 73
240.224000 241.088000 74
241.344000 241.792000 69
241.888000 242.304000 73
242.304000 242.496000 70
242.624000 242.944000 69
243.328000 243.392000 65
243.392000 244.288000 69
244.416000 244.960000 71
244.960000 245.344000 73
245.856000 246.368000 65
246.528000 247.008000 69
247.008000 247.232000 71
247.456000 250.720000 74
252.704000 252.864000 67
252.864000 253.088000 69
253.216000 253.536000 65
253.664000 253.856000 64
253.856000 254.144000 62
254.272000 254.688000 62
256.096000 256.192000 58
256.448000 256.864000 67
256.992000 257.440000 65
257.440000 257.760000 62
259.552000 259.840000 59
259.936000 262.080000 62
264.832000 265.280000 61
266.336000 267.008000 61
267.136000 267.808000 57
267.808000 268.416000 55
