23.040000 24.160000 59
24.736000 26.240000 59
27.840000 28.352000 60
28.768000 28.992000 68
29.088000 29.376000 66
29.376000 29.696000 64
29.824000 30.496000 61
32.768000 32.992000 59
33.120000 33.472000 61
33.472000 33.600000 64
33.728000 33.952000 68
34.080000 35.200000 64
35.296000 35.552000 61
35.808000 36.064000 58
37.504000 37.696000 58
37.856000 38.016000 61
38.144000 38.272000 61
38.272000 38.400000 63
38.592000 38.816000 65
38.816000 38.880000 64
38.880000 39.712000 61
39.712000 40.416000 64
40.512000 42.112000 66
43.104000 44.224000 59
44.352000 44.640000 57
44.768000 45.760000 59
47.584000 47.680000 58
47.808000 48.288000 60
48.416000 48.480000 63
48.480000 48.608000 66
48.704000 48.960000 67
48.960000 49.664000 65
49.824000 50.176000 61
50.272000 51.136000 59
52.480000 52.768000 58
52.768000 53.056000 59
53.056000 53.536000 61
53.536000 53.568000 63
53.568000 54.432000 67
54.432000 54.912000 64
55.040000 55.520000 60
55.680000 56.480000 59
56.480000 57.216000 63
57.440000 57.728000 61
57.728000 57.984000 64
58.144000 58.496000 64
58.496000 58.912000 61
59.264000 60.160000 67
60.320000 60.768000 64
61.024000 64.160000 66
64.608000 64.960000 59
64.960000 65.248000 61
65.248000 65.664000 64
65.664000 67.328000 68
67.424000 68.448000 64
68.448000 69.312000 68
69.920000 70.240000 61
70.240000 70.464000 64
70.560000 70.848000 71
70.848000 71.136000 73
71.264000 71.744000 71
71.872000 72.064000 71
72.192000 72.768000 68
72.768000 74.144000 71
74.208000 74.272000 70
74.432000 76.800000 67
77.152000 77.216000 60
77.216000 77.280000 62
77.280000 77.408000 64
77.408000 77.760000 66
77.760000 78.368000 68
78.368000 79.264000 71
79.456000 80.032000 68
80.288000 80.576000 61
80.576000 80.832000 68
80.928000 81.408000 66
81.536000 81.888000 64
81.888000 82.368000 66
82.464000 82.752000 71
82.752000 83.872000 66
83.872000 84.640000 64
84.736000 84.928000 59
84.928000 85.248000 60
85.248000 85.568000 64
85.568000 85.760000 66
85.760000 86.752000 68
86.752000 87.200000 71
87.200000 88.320000 66
88.480000 89.280000 67
89.664000 89.856000 59
89.856000 90.240000 61
90.240000 90.496000 64
90.560000 90.624000 69
90.624000 91.104000 72
91.232000 91.648000 71
91.872000 92.096000 71
92.192000 92.864000 68
92.864000 94.144000 70
94.656000 94.816000 67
94.976000 95.200000 68
95.360000 95.872000 67
96.096000 96.736000 66
97.152000 97.248000 60
97.248000 97.376000 63
97.504000 97.824000 66
97.824000 98.368000 68
98.368000 99.232000 71
99.232000 99.904000 68
100.288000 100.640000 61
100.640000 101.760000 66
101.888000 102.112000 66
102.208000 102.432000 68
102.432000 102.752000 71
103.008000 107.296000 66
107.904000 108.544000 59
109.024000 109.280000 59
109.408000 109.824000 57
109.856000 111.136000 59
112.576000 113.312000 59
113.408000 113.472000 62
113.472000 113.600000 64
113.728000 113.952000 68
114.048000 114.240000 66
114.400000 114.816000 64
115.008000 115.712000 61
117.536000 117.632000 58
117.792000 118.016000 59
118.112000 118.464000 61
118.464000 118.528000 62
118.528000 118.560000 63
118.560000 119.392000 66
119.392000 120.512000 64
120.608000 120.768000 61
120.768000 121.568000 59
121.568000 122.336000 64
123.104000 124.032000 60
124.032000 124.256000 63
124.448000 125.280000 66
125.408000 129.472000 64
142.720000 142.944000 66
144.704000 144.800000 64
149.664000 149.920000 59
149.920000 150.272000 61
150.272000 150.560000 64
150.560000 150.656000 65
150.656000 150.784000 66
150.784000 152.320000 68
152.320000 154.336000 65
154.688000 154.880000 60
154.880000 155.136000 61
155.136000 155.488000 64
155.584000 156.128000 72
156.256000 156.704000 71
156.896000 157.056000 70
157.184000 157.792000 68
157.792000 159.264000 71
159.616000 159.808000 66
159.808000 160.768000 68
160.768000 161.824000 66
162.112000 162.272000 63
162.272000 162.400000 64
162.400000 163.264000 68
163.296000 163.360000 69
163.360000 163.648000 71
163.648000 163.904000 73
163.904000 165.024000 68
165.280000 165.600000 61
165.600000 165.856000 68
165.952000 166.400000 66
166.400000 167.104000 64
167.104000 168.000000 68
168.000000 169.120000 65
169.408000 169.504000 58
169.600000 169.920000 59
169.920000 170.208000 61
170.208000 170.592000 64
170.592000 170.816000 66
170.816000 174.432000 68
174.688000 174.912000 59
174.912000 175.104000 61
175.104000 175.552000 64
175.648000 176.096000 72
176.288000 176.704000 71
177.216000 177.280000 67
177.280000 177.856000 68
177.856000 179.040000 71
179.616000 179.840000 66
179.968000 180.192000 68
180.352000 181.856000 66
182.112000 182.240000 62
182.240000 182.368000 64
182.496000 182.720000 66
182.720000 183.392000 68
183.392000 184.384000 71
184.416000 185.088000 68
185.344000 185.632000 61
185.632000 185.888000 68
185.888000 186.784000 66
186.784000 187.776000 69
187.968000 192.128000 66
193.056000 193.440000 59
194.080000 194.304000 59
194.496000 195.904000 59
197.632000 197.824000 58
197.824000 198.176000 59
198.176000 198.592000 61
198.752000 198.944000 68
199.072000 199.232000 66
199.360000 199.776000 64
200.032000 201.632000 59
202.784000 203.072000 59
203.072000 203.552000 61
203.552000 205.664000 65
205.664000 206.848000 60
206.848000 207.648000 63
207.968000 209.088000 61
209.088000 209.344000 64
209.472000 210.272000 66
210.400000 211.968000 64
212.480000 212.800000 57
212.800000 213.088000 59
213.184000 213.312000 60
213.312000 213.568000 62
213.568000 214.400000 66
214.400000 215.680000 64
215.680000 216.608000 60
216.608000 217.664000 64
218.080000 219.040000 61
219.040000 219.360000 64
219.488000 219.744000 68
219.744000 220.576000 66
220.576000 221.184000 64
221.440000 224.960000 64
