32.064000 33.376000 57
33.792000 34.560000 56
35.264000 35.392000 53
35.552000 35.936000 52
35.936000 36.992000 55
39.008000 39.072000 53
39.072000 39.328000 56
39.520000 39.936000 57
40.064000 40.416000 57
40.768000 41.024000 59
41.248000 41.600000 60
42.144000 42.272000 60
42.496000 42.688000 55
42.848000 43.616000 52
45.920000 47.296000 57
47.552000 47.616000 53
47.616000 48.480000 56
49.056000 49.888000 52
51.200000 51.424000 49
52.256000 52.480000 51
52.576000 53.280000 50
54.560000 54.944000 57
55.104000 55.392000 57
55.808000 57.056000 50
59.744000 61.184000 57
61.472000 61.888000 57
62.048000 62.368000 55
63.072000 63.712000 53
63.712000 64.800000 55
64.896000 65.216000 55
66.368000 66.464000 54
66.592000 68.736000 57
68.928000 69.280000 60
69.888000 70.112000 60
70.112000 70.144000 58
70.144000 70.528000 55
70.528000 71.104000 52
73.536000 74.496000 57
74.656000 75.360000 57
75.360000 76.096000 59
76.992000 77.376000 55
77.376000 77.984000 52
78.080000 78.144000 58
78.144000 78.272000 60
78.272000 78.624000 62
78.624000 79.104000 60
79.808000 80.256000 60
80.256000 81.216000 62
81.216000 81.440000 60
81.600000 81.984000 56
82.144000 82.240000 60
82.240000 82.592000 63
82.752000 83.136000 60
83.296000 83.616000 56
83.904000 83.968000 56
83.968000 85.504000 60
85.504000 86.176000 62
86.560000 87.104000 60
87.104000 88.864000 64
89.056000 90.080000 63
90.592000 90.784000 60
90.880000 92.320000 62
92.576000 92.928000 55
93.536000 93.696000 59
93.696000 94.048000 60
94.048000 99.232000 62
99.232000 100.224000 64
101.120000 102.240000 64
102.336000 103.264000 64
103.392000 104.032000 62
104.448000 104.832000 60
104.832000 105.152000 62
105.248000 105.664000 62
105.728000 106.752000 62
106.752000 107.520000 60
108.096000 109.664000 64
109.824000 113.792000 62
114.240000 114.848000 60
114.848000 117.792000 63
118.240000 118.656000 60
118.656000 120.000000 62
120.000000 120.512000 55
121.216000 121.664000 60
121.760000 121.984000 62
121.984000 124.160000 64
124.160000 125.696000 62
125.696000 127.008000 67
127.168000 128.352000 64
128.896000 129.856000 64
130.016000 131.744000 63
132.224000 132.576000 60
132.576000 133.856000 62
133.856000 135.424000 65
135.680000 136.960000 60
136.960000 137.536000 57
137.536000 137.632000 62
137.632000 138.176000 64
138.176000 138.944000 60
139.040000 141.632000 62
141.984000 142.144000 59
142.144000 142.464000 64
142.464000 142.656000 60
142.752000 146.624000 60
146.912000 147.008000 67
148.192000 148.384000 67
148.704000 149.664000 63
149.664000 151.744000 66
152.256000 152.384000 67
154.848000 155.616000 63
158.400000 159.776000 57
160.128000 160.544000 57
160.640000 160.960000 55
161.504000 161.664000 53
161.792000 163.456000 55
164.960000 165.120000 55
165.248000 167.424000 57
167.520000 167.968000 60
168.480000 168.544000 57
168.544000 168.672000 60
168.800000 169.440000 54
169.440000 170.048000 52
171.872000 172.000000 55
172.160000 173.152000 57
173.312000 173.952000 57
173.952000 174.880000 59
175.648000 176.096000 55
176.096000 176.640000 52
176.768000 177.984000 60
178.336000 178.880000 60
178.880000 179.904000 62
179.904000 180.128000 60
180.224000 180.608000 57
180.800000 181.280000 63
181.376000 181.856000 60
181.952000 182.272000 57
182.528000 182.688000 63
182.688000 183.040000 64
183.040000 184.736000 61
184.736000 184.864000 59
185.152000 185.792000 60
185.792000 188.800000 64
189.280000 191.008000 62
191.232000 191.488000 55
192.256000 192.704000 60
192.704000 194.016000 64
194.112000 194.400000 64
194.400000 195.424000 63
195.424000 198.944000 62
199.808000 200.832000 64
200.992000 201.920000 64
202.016000 202.752000 62
203.104000 203.232000 60
203.328000 203.776000 61
203.904000 205.152000 62
205.152000 206.272000 60
206.528000 206.752000 64
206.816000 212.768000 63
212.928000 213.472000 61
213.472000 213.696000 63
213.696000 216.544000 65
216.672000 216.800000 63
216.928000 217.312000 61
217.312000 218.688000 63
218.688000 219.232000 56
219.776000 219.936000 60
219.936000 220.416000 61
220.416000 222.240000 64
222.368000 223.136000 64
223.136000 224.000000 61
224.096000 224.224000 66
224.224000 225.664000 68
225.664000 226.720000 65
227.424000 228.544000 65
228.672000 229.280000 65
229.280000 230.368000 63
230.912000 232.000000 63
232.128000 232.480000 63
232.480000 233.824000 65
233.984000 234.432000 58
234.432000 234.560000 63
234.560000 235.072000 65
235.072000 235.584000 61
235.584000 236.096000 58
236.096000 237.600000 62
237.696000 240.512000 63
240.800000 243.072000 61
243.168000 243.264000 61
243.264000 244.352000 63
244.352000 245.152000 67
245.152000 246.592000 61
247.552000 250.848000 61
250.912000 251.072000 59
251.168000 251.936000 56
251.936000 255.008000 61
258.816000 260.192000 58
260.576000 261.408000 57
261.888000 262.048000 54
262.208000 264.032000 56
265.696000 267.072000 58
267.392000 268.288000 60
268.832000 269.120000 61
269.120000 269.472000 55
269.600000 270.560000 53
272.320000 272.416000 56
272.576000 273.536000 58
273.728000 274.432000 58
274.432000 275.136000 60
276.032000 276.448000 56
276.448000 276.960000 54
277.152000 278.176000 61
278.976000 279.296000 61
279.296000 279.904000 63
280.064000 280.448000 61
280.640000 280.960000 58
281.216000 281.568000 64
281.792000 282.080000 61
282.432000 282.720000 58
282.976000 284.352000 61
285.952000 286.016000 60
286.016000 286.176000 61
286.176000 286.624000 63
286.624000 286.880000 65
286.880000 287.392000 61
287.616000 287.840000 58
288.224000 288.672000 64
288.896000 289.280000 61
289.824000 290.208000 58
290.880000 294.368000 61
