23.680000 23.872000 56
23.872000 24.352000 57
24.352000 25.952000 60
26.464000 27.136000 57
27.136000 27.520000 60
27.520000 27.872000 64
28.032000 28.672000 60
29.248000 29.920000 62
29.920000 30.752000 65
30.752000 31.264000 62
31.392000 31.648000 65
31.648000 32.608000 68
32.608000 32.896000 65
33.056000 33.472000 61
33.568000 34.016000 60
34.816000 36.992000 68
36.992000 37.696000 67
37.888000 38.240000 68
38.240000 38.816000 65
38.976000 39.584000 65
40.352000 40.416000 58
40.448000 40.512000 62
40.512000 40.960000 65
40.960000 41.248000 62
41.344000 41.408000 63
41.408000 41.632000 65
41.632000 42.336000 62
42.336000 44.704000 60
45.888000 46.496000 57
46.592000 47.360000 61
47.456000 48.320000 60
48.704000 49.312000 57
49.408000 49.728000 60
49.728000 50.112000 64
50.240000 51.040000 60
51.424000 51.488000 58
51.488000 52.192000 62
52.192000 52.832000 65
52.832000 53.568000 62
53.568000 53.856000 65
53.856000 54.816000 68
54.816000 56.544000 60
57.056000 58.304000 69
58.400000 60.320000 67
60.320000 62.112000 65
62.592000 62.720000 62
62.720000 63.168000 65
63.264000 63.680000 62
63.680000 63.872000 65
63.872000 64.352000 62
64.352000 67.872000 67
68.224000 68.800000 69
68.800000 70.656000 72
70.912000 71.456000 72
71.584000 71.936000 69
71.936000 72.480000 67
72.480000 73.312000 65
73.728000 75.168000 65
75.168000 75.744000 62
75.744000 76.000000 65
76.096000 76.224000 68
76.224000 77.408000 69
77.408000 79.072000 67
79.200000 79.936000 69
79.936000 81.792000 72
82.016000 82.240000 71
82.240000 82.784000 72
82.784000 83.072000 69
83.072000 84.416000 66
84.800000 85.376000 65
85.536000 85.920000 62
85.920000 87.200000 65
87.200000 89.600000 68
89.600000 89.728000 62
89.728000 89.888000 61
89.888000 91.456000 65
112.576000 113.280000 57
113.280000 114.048000 61
114.144000 114.944000 60
115.392000 116.000000 57
116.096000 116.416000 60
116.416000 116.800000 64
116.960000 117.664000 60
118.176000 118.400000 61
118.400000 118.816000 62
118.816000 120.064000 65
120.192000 120.512000 65
120.512000 120.576000 66
120.576000 121.600000 68
121.600000 121.920000 65
122.016000 122.976000 61
123.744000 125.024000 69
125.120000 126.624000 67
126.816000 127.136000 68
127.136000 127.840000 65
129.216000 129.280000 58
129.280000 129.440000 61
129.440000 129.920000 65
129.920000 131.264000 62
131.360000 133.664000 60
134.848000 135.520000 57
135.520000 137.120000 60
137.632000 138.240000 57
138.336000 138.688000 60
138.688000 139.040000 64
139.200000 140.000000 60
140.384000 141.056000 62
141.120000 141.184000 61
141.184000 141.824000 65
141.824000 142.496000 62
142.496000 144.128000 67
144.224000 145.568000 60
145.984000 146.048000 68
146.048000 146.976000 69
146.976000 148.000000 68
148.000000 150.400000 66
151.520000 152.096000 65
152.192000 153.312000 62
153.312000 153.600000 65
153.600000 155.296000 68
155.296000 156.704000 66
157.056000 157.120000 66
157.120000 157.728000 69
157.728000 159.584000 72
159.840000 160.032000 71
160.032000 160.800000 72
160.896000 161.440000 67
161.440000 162.240000 65
162.656000 164.128000 65
164.128000 164.608000 62
164.704000 165.024000 65
165.024000 166.080000 69
166.080000 168.032000 66
168.192000 168.256000 66
168.256000 168.864000 69
168.864000 170.784000 72
170.912000 171.936000 71
171.936000 173.024000 66
173.024000 173.376000 65
173.728000 173.856000 62
173.856000 174.304000 65
174.464000 174.848000 62
174.848000 176.160000 65
176.160000 177.184000 69
177.184000 178.528000 67
178.528000 180.416000 65
