45.248000 45.632000 67
45.728000 46.176000 63
46.176000 47.360000 65
47.360000 47.680000 61
48.064000 48.640000 58
49.056000 49.408000 57
49.408000 49.472000 58
49.472000 50.624000 63
50.848000 50.944000 58
51.072000 51.392000 56
51.552000 51.936000 58
51.936000 52.672000 60
52.832000 54.944000 56
57.760000 58.144000 68
58.144000 59.008000 63
59.008000 59.456000 68
59.456000 59.840000 65
59.968000 60.128000 60
60.256000 61.248000 58
61.440000 61.920000 58
61.920000 62.176000 60
62.176000 63.232000 63
63.456000 63.872000 58
64.032000 64.320000 65
64.320000 65.152000 63
65.152000 68.768000 61
70.688000 71.008000 63
71.104000 71.392000 65
71.552000 71.872000 67
72.000000 72.320000 65
72.480000 72.640000 61
72.768000 73.696000 58
73.984000 74.400000 58
74.400000 74.624000 61
74.752000 74.976000 64
74.976000 75.648000 63
75.648000 75.936000 59
76.064000 76.384000 57
76.544000 76.832000 58
77.024000 77.760000 61
77.760000 80.064000 56
83.008000 83.136000 66
83.136000 84.000000 63
84.416000 84.832000 65
84.832000 86.144000 58
86.592000 86.944000 58
86.944000 87.040000 60
87.040000 87.168000 61
87.168000 88.224000 63
88.224000 89.088000 59
89.088000 89.312000 65
89.408000 90.080000 63
90.080000 90.656000 58
90.816000 93.440000 61
93.920000 94.272000 67
94.400000 94.944000 72
95.072000 96.000000 72
96.128000 96.896000 71
96.896000 97.312000 68
97.440000 97.792000 66
97.920000 98.272000 69
98.400000 98.624000 68
99.104000 99.360000 68
99.552000 100.448000 65
100.832000 100.960000 59
101.088000 101.376000 59
101.504000 103.616000 63
104.416000 105.056000 63
105.056000 106.080000 69
106.208000 106.560000 69
106.624000 107.360000 68
107.680000 107.872000 70
107.872000 108.160000 67
108.480000 111.296000 65
111.648000 111.936000 65
111.936000 112.064000 67
112.160000 113.856000 72
114.016000 114.560000 71
114.688000 115.104000 67
115.328000 115.680000 66
115.776000 116.768000 68
116.928000 117.280000 68
117.376000 118.400000 65
118.880000 119.104000 60
119.104000 119.328000 58
119.328000 122.080000 64
122.304000 122.944000 63
122.944000 123.936000 69
124.096000 124.448000 69
124.544000 125.248000 68
125.632000 125.792000 68
125.792000 126.048000 70
126.048000 126.208000 73
126.336000 128.736000 73
129.216000 129.344000 74
129.728000 129.920000 73
130.112000 130.496000 73
130.592000 131.296000 73
131.296000 133.024000 69
133.184000 133.280000 67
133.472000 135.328000 73
135.488000 136.256000 75
136.320000 136.544000 68
136.544000 138.336000 73
138.464000 138.656000 68
138.816000 138.944000 68
139.040000 140.032000 70
140.320000 140.544000 67
140.544000 142.400000 73
142.560000 142.720000 75
142.880000 143.168000 68
143.488000 144.224000 69
144.384000 146.688000 75
147.072000 147.680000 70
147.968000 151.136000 73
183.808000 184.160000 73
184.352000 185.120000 72
185.408000 185.984000 71
186.080000 186.560000 67
186.912000 187.072000 67
187.200000 187.520000 69
187.680000 188.032000 67
188.384000 188.704000 68
188.864000 189.856000 64
190.336000 190.720000 59
190.816000 193.152000 63
193.728000 194.336000 63
194.336000 195.360000 69
195.520000 195.872000 69
196.000000 196.800000 68
196.992000 197.216000 69
197.216000 197.440000 67
197.536000 197.632000 62
197.824000 198.080000 67
198.240000 200.320000 65
201.024000 201.280000 64
201.280000 201.376000 67
201.536000 202.016000 72
202.176000 203.136000 72
203.264000 203.456000 70
203.456000 203.872000 72
203.968000 204.544000 68
204.640000 206.080000 68
206.240000 206.560000 68
206.688000 207.520000 64
207.968000 208.096000 57
208.192000 208.576000 59
208.704000 211.488000 64
211.584000 212.224000 63
212.224000 213.280000 69
213.344000 214.560000 68
214.912000 215.104000 68
215.104000 215.360000 70
215.360000 215.552000 73
215.680000 215.968000 75
216.096000 218.144000 73
218.464000 218.592000 73
218.880000 220.128000 73
220.224000 220.608000 73
220.608000 221.376000 67
221.376000 222.176000 70
222.464000 222.720000 68
222.720000 223.104000 70
223.104000 225.120000 73
225.120000 225.632000 75
225.824000 225.952000 70
226.080000 227.936000 73
227.936000 229.408000 69
229.600000 229.824000 68
229.824000 230.176000 70
230.176000 231.744000 73
231.840000 232.064000 75
232.064000 232.416000 68
232.768000 233.472000 69
233.632000 236.096000 75
236.352000 236.704000 70
236.800000 237.024000 70
237.216000 240.128000 73
240.800000 241.344000 73
241.536000 242.368000 72
242.560000 243.104000 72
243.808000 244.128000 64
244.128000 244.256000 68
244.384000 244.704000 69
244.864000 245.248000 68
245.536000 245.824000 68
246.048000 246.848000 64
247.520000 247.808000 59
247.968000 248.000000 60
248.096000 250.304000 62
250.880000 251.552000 63
251.552000 252.544000 69
252.672000 253.024000 69
253.120000 253.824000 67
254.144000 254.304000 70
254.400000 254.592000 68
254.944000 255.264000 67
255.392000 257.440000 65
258.304000 258.400000 71
258.688000 259.232000 73
259.360000 259.648000 72
260.000000 260.192000 69
260.416000 260.544000 69
260.544000 260.608000 63
260.608000 260.800000 60
261.344000 261.632000 64
261.696000 262.112000 65
262.208000 262.528000 68
263.360000 263.680000 68
263.872000 264.576000 65
265.120000 265.248000 57
265.344000 265.920000 60
265.920000 266.080000 64
266.240000 266.592000 64
266.688000 268.608000 63
268.768000 269.344000 63
269.344000 270.400000 69
270.528000 270.848000 69
270.944000 271.648000 67
272.032000 272.128000 67
272.224000 272.416000 70
272.512000 272.672000 72
272.800000 273.024000 75
273.216000 275.552000 72
276.480000 276.960000 73
277.312000 277.856000 72
