9.344000 9.376000 51
9.696000 9.792000 53
9.888000 9.984000 54
10.112000 10.720000 57
10.848000 11.264000 55
11.488000 11.904000 54
12.128000 12.448000 55
14.464000 14.880000 52
15.456000 15.552000 57
15.552000 16.384000 58
16.768000 17.248000 55
17.472000 18.144000 54
19.808000 19.968000 50
20.096000 20.224000 52
20.384000 21.792000 55
21.984000 22.528000 54
22.688000 22.976000 54
22.976000 23.200000 52
23.392000 23.552000 52
25.024000 25.216000 51
25.376000 25.568000 54
25.664000 25.920000 55
25.920000 26.528000 58
26.624000 26.848000 57
27.264000 28.320000 59
28.576000 29.440000 62
30.240000 30.336000 57
30.336000 30.560000 59
30.560000 31.040000 62
31.200000 32.032000 66
32.192000 32.352000 64
32.544000 32.704000 62
32.864000 33.024000 62
33.184000 33.504000 58
33.888000 34.176000 57
35.456000 35.520000 57
35.520000 35.552000 58
35.552000 36.032000 60
36.192000 36.352000 60
36.512000 37.056000 58
37.152000 37.344000 57
37.472000 37.632000 55
37.792000 38.400000 54
39.136000 40.000000 59
40.768000 40.928000 57
41.056000 41.312000 62
41.408000 42.304000 65
42.432000 43.520000 62
43.680000 43.968000 64
44.672000 44.864000 67
45.024000 45.152000 62
45.376000 45.472000 62
45.696000 46.240000 67
46.336000 46.624000 64
46.720000 46.880000 62
47.008000 47.552000 67
47.680000 47.936000 63
48.032000 48.544000 63
48.704000 49.184000 59
49.312000 49.536000 60
49.984000 50.240000 61
50.336000 51.040000 62
51.136000 51.328000 62
51.424000 51.776000 62
52.000000 52.224000 59
52.320000 52.480000 62
52.608000 53.760000 64
53.920000 54.816000 60
54.816000 54.880000 59
55.072000 55.456000 59
55.584000 56.352000 60
56.448000 56.608000 60
56.896000 57.472000 60
57.568000 57.696000 60
58.016000 59.136000 54
59.232000 59.584000 57
59.872000 60.320000 63
60.320000 60.864000 60
60.864000 61.056000 62
61.120000 61.824000 62
62.144000 62.304000 62
62.496000 62.624000 58
62.624000 62.816000 59
62.816000 64.128000 64
64.512000 64.928000 61
64.928000 65.024000 59
65.152000 65.472000 59
65.600000 66.912000 60
67.008000 67.168000 55
67.776000 68.032000 56
68.352000 68.512000 60
68.704000 68.896000 59
68.896000 69.344000 57
69.760000 70.208000 59
70.368000 70.720000 60
71.008000 72.448000 62
72.672000 72.864000 62
73.024000 73.280000 58
73.376000 73.504000 62
73.696000 74.208000 65
74.400000 74.816000 64
75.008000 75.104000 60
75.104000 75.552000 62
75.552000 75.872000 59
76.160000 76.576000 63
76.704000 76.896000 64
77.024000 77.120000 64
77.248000 77.728000 64
77.952000 78.112000 62
78.112000 78.848000 66
78.976000 79.520000 66
79.648000 80.160000 66
80.320000 81.376000 60
81.376000 82.304000 62
82.720000 83.040000 62
83.040000 83.552000 67
83.776000 84.064000 69
84.064000 84.480000 71
84.480000 84.544000 68
84.544000 84.672000 64
84.672000 84.832000 69
84.832000 86.176000 65
86.848000 87.168000 68
87.168000 87.616000 64
87.808000 88.384000 62
88.512000 88.768000 58
88.864000 89.728000 67
89.728000 90.208000 63
90.432000 90.784000 61
91.168000 91.392000 58
91.392000 91.488000 55
91.840000 92.096000 55
96.480000 96.896000 52
97.088000 97.216000 54
97.216000 97.568000 57
97.792000 98.048000 54
98.400000 98.912000 54
99.072000 99.360000 54
100.128000 100.384000 52
101.376000 101.472000 50
101.472000 101.888000 53
102.048000 102.144000 55
102.368000 102.656000 58
102.976000 103.328000 56
103.584000 104.032000 54
104.320000 104.928000 54
107.136000 107.328000 53
107.328000 107.968000 55
108.288000 108.576000 55
108.960000 109.152000 55
109.600000 109.888000 54
110.816000 110.944000 51
111.904000 111.968000 50
111.968000 112.064000 51
112.064000 112.384000 53
112.896000 113.824000 58
114.208000 114.688000 59
114.880000 115.840000 60
115.968000 116.832000 67
116.960000 117.056000 65
117.152000 117.408000 58
117.504000 117.728000 62
117.824000 117.952000 64
118.112000 118.272000 64
118.272000 119.136000 66
119.136000 120.064000 62
120.128000 120.576000 59
120.832000 121.504000 57
122.464000 122.528000 57
122.528000 122.784000 59
122.784000 122.944000 62
123.104000 124.672000 57
124.768000 124.992000 54
125.120000 125.696000 53
125.792000 125.920000 53
126.080000 126.176000 57
126.176000 126.400000 59
126.560000 126.656000 66
126.784000 127.008000 67
127.616000 127.744000 57
127.744000 128.000000 59
128.000000 128.160000 62
128.320000 129.152000 65
129.312000 129.824000 63
129.984000 130.528000 62
130.688000 130.912000 64
131.616000 131.904000 67
131.904000 132.416000 63
132.512000 133.024000 67
133.280000 133.760000 62
133.952000 134.432000 67
134.560000 134.816000 64
134.912000 135.392000 63
135.584000 136.064000 59
136.288000 136.512000 60
136.896000 137.152000 61
137.280000 137.984000 62
138.080000 138.240000 62
138.368000 138.688000 62
138.688000 138.912000 67
139.136000 139.232000 68
139.232000 139.392000 62
139.552000 140.672000 64
140.832000 141.376000 62
141.504000 141.728000 59
142.048000 142.336000 59
142.528000 142.688000 60
142.784000 143.296000 60
143.392000 144.384000 60
144.512000 144.608000 60
144.992000 145.184000 54
145.344000 145.632000 54
145.664000 145.984000 55
146.112000 146.432000 57
146.784000 147.136000 63
147.136000 147.776000 60
147.840000 148.736000 62
149.056000 149.216000 62
149.440000 149.504000 57
149.504000 149.728000 59
149.728000 151.104000 64
151.424000 151.776000 61
151.776000 151.904000 59
152.064000 152.384000 59
152.544000 153.760000 60
153.888000 154.144000 67
154.752000 154.944000 57
155.232000 155.424000 60
155.616000 155.744000 59
155.904000 156.032000 55
156.032000 156.192000 57
156.352000 156.512000 62
156.704000 157.216000 59
157.344000 157.600000 60
157.920000 158.560000 62
158.656000 159.392000 62
159.616000 159.808000 62
159.968000 160.224000 58
160.320000 160.448000 62
160.640000 161.120000 65
161.312000 161.760000 64
161.920000 162.048000 60
162.048000 162.272000 62
162.272000 162.432000 59
162.592000 162.784000 59
163.072000 163.488000 63
163.584000 163.776000 64
163.904000 164.032000 64
164.160000 164.640000 64
164.864000 165.024000 62
165.024000 166.464000 66
166.560000 167.040000 66
167.264000 168.352000 60
168.352000 169.312000 62
169.856000 170.208000 64
170.208000 170.464000 67
170.720000 171.424000 70
171.424000 171.616000 64
171.808000 171.968000 65
171.968000 172.448000 67
172.448000 173.216000 64
173.632000 174.016000 67
174.144000 174.592000 64
174.784000 175.232000 62
175.456000 175.744000 57
175.744000 175.936000 55
175.936000 176.096000 60
176.096000 176.256000 65
176.256000 176.672000 67
176.672000 177.312000 62
177.440000 177.504000 59
177.504000 177.760000 62
178.080000 178.560000 63
178.752000 181.120000 67
181.216000 183.136000 67
184.384000 184.960000 66
185.632000 185.824000 59
185.824000 186.144000 62
186.144000 186.368000 66
186.464000 186.816000 66
186.976000 187.264000 54
187.264000 187.648000 53
187.648000 188.096000 50
188.192000 189.376000 57
189.632000 190.080000 60
190.240000 190.304000 60
190.336000 190.496000 64
190.848000 191.424000 60
191.424000 194.496000 67
196.192000 196.384000 60
196.384000 196.672000 63
196.672000 197.376000 67
197.376000 198.624000 70
198.720000 199.424000 58
199.552000 199.936000 61
200.192000 200.768000 63
200.864000 201.280000 63
201.408000 201.600000 63
201.856000 201.984000 63
202.144000 202.368000 60
202.496000 202.688000 63
202.816000 203.328000 67
203.488000 203.648000 64
203.648000 204.032000 65
204.032000 205.024000 61
205.312000 206.496000 65
206.592000 206.784000 65
207.104000 207.328000 65
207.424000 209.216000 67
209.376000 210.528000 61
210.528000 211.456000 63
211.648000 211.808000 62
211.968000 212.096000 63
212.096000 212.320000 65
212.320000 212.800000 68
212.800000 213.536000 71
213.664000 213.792000 65
213.984000 214.912000 67
214.912000 215.296000 65
215.936000 216.128000 68
216.256000 216.480000 64
216.480000 216.608000 65
216.608000 216.864000 67
216.864000 217.088000 61
217.536000 217.888000 59
217.888000 218.208000 56
218.208000 218.816000 68
218.912000 219.456000 64
219.552000 219.968000 62
220.256000 220.768000 65
221.216000 221.472000 68
221.504000 222.048000 64
222.624000 222.784000 60
222.912000 223.136000 59
223.136000 223.456000 57
223.552000 223.936000 68
224.064000 224.160000 67
224.160000 224.384000 63
224.384000 224.800000 65
224.896000 225.216000 63
225.632000 225.984000 59
226.304000 227.840000 56
230.528000 230.720000 51
230.752000 231.328000 53
231.424000 231.936000 58
232.064000 232.608000 56
232.768000 233.184000 55
233.472000 233.824000 55
234.144000 234.752000 53
235.840000 236.320000 54
236.480000 236.640000 56
236.768000 237.184000 60
237.440000 237.760000 62
238.304000 238.752000 57
239.136000 241.600000 55
