2.752000 3.072000 63
11.904000 12.064000 55
12.672000 13.408000 54
13.568000 13.920000 55
14.272000 15.040000 58
15.168000 15.520000 58
15.840000 16.192000 59
16.384000 16.640000 59
16.768000 17.184000 59
17.408000 17.760000 59
17.984000 18.080000 61
19.520000 20.160000 54
20.160000 20.608000 51
20.800000 20.992000 54
21.152000 21.376000 54
21.536000 22.016000 54
22.176000 23.104000 51
25.472000 26.176000 54
26.272000 26.592000 55
26.944000 27.776000 58
27.904000 28.224000 58
28.576000 28.960000 59
29.056000 29.600000 59
29.696000 29.888000 61
30.080000 30.496000 62
30.688000 31.296000 60
31.296000 31.552000 54
31.904000 32.160000 54
32.288000 32.512000 54
32.672000 33.632000 52
33.856000 34.400000 54
34.528000 34.720000 59
34.912000 36.128000 59
36.640000 37.472000 63
37.600000 38.208000 59
38.592000 39.232000 61
39.424000 40.192000 61
40.192000 40.480000 63
40.576000 41.344000 62
41.856000 41.952000 60
42.048000 42.240000 59
42.624000 42.816000 61
42.816000 42.944000 63
42.944000 43.296000 65
43.392000 43.520000 62
43.520000 43.840000 63
43.840000 44.096000 60
44.192000 44.480000 59
44.992000 45.120000 61
45.216000 45.472000 62
45.792000 45.888000 64
46.048000 46.432000 63
46.592000 47.136000 59
47.360000 48.000000 64
48.096000 48.256000 62
48.256000 49.600000 63
49.760000 49.888000 66
50.112000 50.304000 62
50.528000 50.848000 60
51.296000 51.456000 62
51.552000 51.808000 61
52.096000 52.256000 62
52.352000 52.672000 61
52.896000 53.184000 63
53.280000 54.016000 62
54.752000 54.944000 59
55.136000 55.296000 57
55.296000 55.360000 59
55.360000 55.520000 61
55.520000 56.512000 63
56.512000 56.768000 60
56.896000 57.216000 59
57.696000 58.272000 61
58.528000 58.816000 66
58.816000 59.104000 63
59.296000 59.744000 60
60.064000 60.704000 61
60.800000 62.400000 59
63.648000 63.904000 70
64.032000 64.320000 73
64.416000 65.312000 72
65.600000 65.760000 68
65.856000 66.496000 72
67.200000 67.872000 73
67.968000 68.512000 72
68.768000 68.960000 69
69.056000 69.248000 72
69.472000 69.632000 73
70.368000 70.624000 73
70.784000 71.104000 71
71.200000 71.424000 73
71.424000 71.616000 71
71.968000 72.096000 68
72.224000 72.544000 71
72.544000 72.800000 69
73.568000 73.856000 68
73.984000 74.464000 65
76.352000 76.992000 54
77.152000 77.440000 54
77.856000 78.624000 58
78.752000 79.072000 58
79.392000 79.776000 59
79.968000 80.224000 59
80.352000 80.768000 59
80.992000 81.280000 59
81.792000 81.920000 53
82.752000 82.880000 51
83.168000 83.296000 53
83.520000 83.776000 53
83.904000 84.160000 51
84.192000 84.224000 51
84.672000 85.184000 55
85.344000 85.568000 56
85.952000 86.944000 51
89.216000 89.760000 54
89.920000 90.176000 55
90.528000 91.296000 58
91.456000 91.776000 58
92.160000 92.512000 59
92.672000 93.152000 59
93.312000 93.504000 61
93.696000 94.048000 63
94.048000 94.752000 61
94.944000 95.008000 54
95.520000 95.712000 54
95.840000 96.064000 54
96.160000 96.544000 54
96.640000 97.024000 51
97.024000 97.312000 54
97.472000 97.856000 54
98.048000 98.368000 59
98.560000 99.744000 59
100.320000 100.992000 63
101.184000 101.632000 59
102.144000 102.816000 62
103.008000 103.680000 61
103.808000 104.896000 63
105.408000 105.504000 60
105.664000 105.824000 59
106.176000 106.240000 59
106.240000 106.400000 61
106.400000 106.528000 64
106.528000 106.752000 66
106.752000 107.648000 62
107.744000 108.032000 59
108.448000 108.480000 57
108.864000 109.056000 62
109.312000 109.440000 64
109.600000 109.952000 63
110.080000 110.336000 61
110.432000 110.592000 59
110.912000 111.552000 64
111.712000 113.056000 63
113.344000 113.504000 66
113.728000 113.888000 62
114.080000 114.432000 59
114.944000 115.040000 62
115.168000 115.424000 61
115.744000 115.840000 62
115.968000 116.224000 61
116.480000 117.216000 63
117.216000 117.536000 61
118.304000 118.432000 59
118.880000 118.944000 58
118.944000 119.040000 61
119.168000 119.232000 63
119.232000 119.456000 66
119.456000 119.552000 63
119.648000 119.808000 61
119.808000 120.128000 63
120.128000 120.832000 60
121.312000 121.824000 62
122.112000 122.400000 66
122.400000 122.720000 63
122.912000 123.296000 59
123.648000 124.000000 62
124.096000 124.256000 61
124.384000 126.048000 59
126.784000 127.200000 56
127.296000 128.736000 59
128.864000 129.440000 63
129.632000 129.824000 63
129.824000 130.176000 59
130.432000 131.872000 59
132.032000 132.256000 63
132.448000 132.480000 63
132.544000 132.608000 63
132.800000 132.992000 63
133.152000 133.280000 59
133.632000 133.824000 61
134.016000 134.112000 62
134.208000 134.368000 63
134.496000 134.720000 63
135.232000 135.424000 61
135.840000 136.000000 63
136.064000 136.128000 61
136.448000 136.576000 56
136.768000 137.792000 54
138.560000 139.488000 54
139.488000 140.096000 58
140.320000 140.576000 58
140.768000 140.960000 58
141.184000 142.336000 51
142.368000 142.624000 52
143.040000 143.776000 59
143.968000 144.256000 59
144.960000 145.184000 61
145.376000 145.472000 61
145.856000 146.304000 61
146.720000 148.192000 59
149.056000 149.312000 60
149.472000 151.552000 59
152.064000 152.736000 59
152.736000 154.240000 62
154.560000 155.264000 64
155.424000 156.608000 66
156.608000 156.928000 67
156.928000 157.088000 68
157.088000 157.856000 70
157.856000 158.304000 62
161.280000 161.472000 72
161.504000 161.728000 73
161.728000 161.888000 70
161.984000 162.368000 71
162.368000 162.912000 68
162.912000 163.040000 63
165.120000 165.312000 63
165.568000 166.400000 64
167.904000 168.448000 66
168.960000 169.472000 62
169.728000 170.304000 62
170.528000 171.616000 63
172.096000 172.224000 59
172.352000 172.544000 59
172.896000 172.960000 59
172.960000 173.120000 61
173.120000 174.208000 63
174.208000 174.368000 60
174.496000 174.880000 59
175.264000 175.744000 61
176.064000 176.192000 64
176.320000 176.640000 63
176.768000 177.408000 59
177.664000 178.304000 64
178.400000 179.648000 63
179.648000 179.840000 68
180.064000 180.288000 66
180.448000 180.640000 62
180.864000 181.248000 59
181.664000 181.792000 63
181.856000 182.240000 61
182.432000 182.528000 60
182.688000 182.976000 61
183.232000 183.552000 63
183.648000 184.352000 62
184.672000 184.832000 54
184.864000 184.960000 56
185.088000 185.248000 59
185.632000 185.856000 61
185.856000 186.272000 65
186.432000 186.688000 66
186.784000 187.104000 67
187.232000 187.520000 66
188.064000 188.608000 62
188.864000 189.088000 66
189.088000 189.472000 63
189.664000 190.048000 59
190.400000 190.784000 62
190.784000 191.040000 60
191.168000 192.192000 59
192.192000 193.600000 71
