24.800000 24.960000 72
28.288000 28.480000 72
28.736000 28.928000 72
29.248000 29.344000 72
29.440000 29.664000 72
29.760000 30.016000 72
32.224000 32.352000 72
32.448000 32.672000 72
35.808000 36.320000 55
36.512000 38.144000 60
38.336000 38.560000 67
38.560000 39.456000 64
40.160000 40.544000 57
40.544000 41.728000 60
41.824000 42.368000 57
42.464000 43.456000 55
44.128000 44.320000 55
44.512000 46.112000 61
46.112000 46.336000 69
46.336000 47.072000 64
47.072000 48.256000 62
48.448000 50.656000 62
51.968000 52.224000 55
52.416000 53.952000 60
54.112000 54.368000 67
54.368000 55.232000 64
56.000000 56.384000 57
56.384000 57.600000 60
57.728000 58.176000 57
58.272000 59.264000 55
59.936000 60.160000 64
60.288000 60.512000 65
60.512000 62.208000 67
62.208000 63.488000 72
63.584000 64.352000 60
64.352000 65.984000 62
66.208000 67.264000 62
67.872000 68.096000 56
68.224000 69.728000 60
69.856000 70.144000 68
70.144000 71.040000 64
71.136000 71.296000 64
71.808000 72.064000 57
72.224000 72.288000 58
72.288000 72.480000 59
72.480000 73.664000 60
73.664000 74.016000 57
74.144000 75.008000 55
75.776000 76.000000 64
76.128000 76.320000 65
76.320000 76.704000 67
76.704000 77.472000 64
77.472000 81.952000 62
82.080000 84.832000 60
106.880000 107.520000 69
112.896000 113.056000 62
113.056000 113.344000 64
113.344000 116.928000 67
116.928000 118.848000 62
119.008000 119.520000 57
119.648000 120.576000 60
120.928000 120.992000 61
120.992000 121.280000 64
121.280000 124.896000 67
124.896000 128.224000 63
128.768000 129.344000 55
129.472000 129.600000 59
129.600000 131.168000 61
131.168000 131.424000 67
131.584000 132.096000 64
132.768000 133.664000 57
133.664000 134.720000 61
134.880000 135.360000 57
135.456000 136.096000 55
137.056000 137.408000 55
137.408000 139.008000 60
139.104000 139.328000 69
139.328000 140.640000 64
140.736000 143.360000 62
144.544000 148.224000 60
148.544000 148.640000 60
148.640000 148.832000 64
148.928000 152.640000 67
152.640000 154.400000 62
154.528000 155.040000 57
155.200000 156.000000 61
156.416000 156.512000 60
156.512000 156.576000 62
156.576000 156.832000 64
156.832000 160.416000 67
160.512000 161.056000 63
161.152000 163.520000 62
163.808000 164.064000 56
164.320000 164.896000 55
165.024000 166.720000 61
166.720000 166.944000 67
167.104000 167.680000 64
168.288000 169.056000 57
169.056000 170.176000 60
170.400000 170.848000 57
170.976000 172.032000 55
172.640000 172.992000 55
172.992000 174.624000 60
174.624000 174.912000 69
174.912000 176.224000 64
176.288000 178.944000 62
180.096000 180.160000 56
180.160000 180.736000 60
180.864000 186.496000 61
