27.040000 27.264000 58
27.456000 28.736000 66
28.736000 29.728000 63
29.952000 30.464000 58
30.464000 32.768000 63
33.248000 33.632000 66
33.824000 35.360000 67
35.360000 35.968000 70
36.256000 36.960000 72
37.088000 37.536000 70
37.536000 38.720000 67
39.200000 39.296000 63
39.296000 39.520000 65
39.680000 40.160000 65
40.320000 40.576000 63
40.704000 40.832000 58
40.832000 41.376000 60
41.376000 41.728000 62
42.144000 44.704000 65
45.184000 45.696000 63
45.888000 46.112000 63
46.112000 46.432000 61
46.592000 47.264000 57
47.648000 48.160000 60
48.160000 48.928000 61
49.120000 49.408000 60
49.408000 50.144000 64
50.240000 50.976000 63
51.808000 51.872000 58
51.872000 52.096000 60
52.096000 53.792000 64
53.920000 56.288000 70
56.768000 61.824000 71
62.368000 62.592000 58
62.752000 64.128000 66
64.128000 64.928000 63
65.344000 65.824000 58
65.824000 68.000000 63
68.576000 68.992000 65
69.152000 70.720000 67
70.720000 71.168000 70
71.584000 71.776000 70
71.776000 72.224000 72
72.384000 72.864000 70
72.864000 74.016000 67
74.592000 74.880000 65
75.072000 75.520000 65
75.680000 75.904000 63
76.032000 76.224000 59
76.224000 76.672000 60
76.672000 77.088000 63
77.440000 80.000000 65
80.512000 81.088000 63
81.248000 81.472000 63
81.472000 81.824000 61
81.984000 82.656000 58
83.040000 83.392000 60
83.392000 84.320000 61
84.480000 84.768000 60
84.768000 85.472000 63
85.568000 86.368000 63
87.072000 87.168000 58
87.168000 87.424000 60
87.424000 89.152000 63
89.280000 89.344000 64
89.344000 91.456000 70
92.128000 93.088000 72
93.184000 93.280000 72
93.408000 93.760000 71
93.824000 95.040000 72
95.168000 95.648000 70
95.808000 97.600000 70
98.080000 98.720000 69
98.880000 100.384000 68
100.736000 102.016000 67
102.176000 103.488000 63
103.968000 104.096000 60
104.096000 104.352000 63
104.544000 106.336000 63
106.656000 107.040000 63
107.040000 107.424000 67
107.616000 109.280000 70
109.952000 110.496000 70
110.656000 112.160000 67
112.480000 112.704000 68
112.864000 114.240000 66
114.336000 115.136000 63
115.520000 115.776000 60
115.776000 116.992000 68
117.312000 118.336000 67
118.496000 119.776000 65
120.256000 123.744000 63
143.040000 143.424000 63
144.064000 144.352000 63
147.936000 148.128000 58
148.320000 149.664000 66
149.664000 150.528000 63
150.848000 151.328000 58
151.328000 153.632000 63
154.112000 154.528000 66
154.720000 156.256000 67
156.256000 156.736000 70
157.088000 157.312000 70
157.312000 157.728000 72
157.856000 158.336000 70
158.336000 159.488000 67
160.064000 160.384000 65
160.544000 161.024000 65
161.184000 161.440000 63
161.568000 161.760000 59
161.760000 162.176000 60
162.176000 162.624000 63
162.944000 165.504000 65
165.984000 166.496000 63
166.688000 166.912000 63
166.912000 167.232000 61
167.392000 168.192000 58
168.544000 168.960000 60
168.960000 169.824000 61
169.984000 170.336000 61
170.336000 171.008000 64
171.104000 171.808000 63
172.608000 172.736000 58
172.736000 172.864000 60
172.864000 174.624000 64
174.752000 174.816000 64
174.816000 177.088000 70
177.600000 178.816000 56
179.136000 179.264000 70
179.392000 180.480000 72
180.608000 181.344000 70
181.408000 182.368000 70
182.528000 182.944000 73
183.488000 184.224000 69
184.320000 185.952000 67
186.176000 187.520000 67
187.616000 188.960000 63
189.408000 189.504000 60
189.504000 189.792000 62
189.984000 191.840000 63
192.096000 192.512000 63
192.512000 192.864000 67
193.088000 194.560000 70
195.360000 195.968000 70
196.128000 197.632000 67
197.920000 198.176000 67
198.336000 199.616000 66
199.616000 200.576000 63
200.928000 201.184000 60
201.184000 202.432000 68
202.720000 203.776000 67
203.904000 205.216000 65
205.696000 206.368000 65
206.368000 208.992000 63
209.024000 209.056000 59
210.080000 210.592000 69
210.976000 211.328000 70
211.328000 211.712000 67
212.064000 212.320000 55
212.736000 214.016000 67
214.112000 214.432000 64
214.592000 215.200000 63
215.328000 215.392000 65
215.392000 215.488000 68
215.936000 216.192000 61
216.192000 216.320000 63
216.448000 217.472000 63
217.888000 218.144000 53
218.720000 218.816000 65
219.040000 219.360000 66
219.552000 219.968000 58
220.320000 220.448000 56
220.672000 221.120000 58
222.272000 222.464000 70
222.592000 222.880000 69
223.296000 224.096000 67
224.416000 224.672000 67
224.864000 224.992000 65
225.728000 225.792000 66
225.856000 226.176000 65
226.496000 227.008000 63
227.424000 227.520000 58
228.288000 228.832000 56
229.696000 230.176000 55
231.040000 231.168000 65
231.424000 231.584000 65
232.256000 232.704000 66
233.344000 233.440000 54
233.568000 233.696000 62
233.920000 234.048000 70
234.464000 234.976000 69
235.232000 235.328000 67
235.488000 235.712000 55
236.256000 237.280000 67
238.112000 238.976000 63
240.064000 240.928000 63
241.120000 241.728000 65
242.176000 242.496000 62
242.496000 242.880000 66
243.136000 244.640000 70
245.408000 245.504000 68
245.632000 246.048000 70
246.208000 246.432000 69
246.560000 247.520000 67
248.000000 248.224000 68
248.480000 249.664000 66
249.856000 250.176000 63
250.272000 250.368000 62
250.976000 251.296000 61
251.296000 252.160000 68
