9.632000 9.984000 60
9.984000 11.456000 62
11.616000 11.936000 63
11.936000 14.272000 64
14.912000 15.296000 57
15.392000 15.808000 58
16.800000 17.216000 58
17.312000 20.160000 63
20.608000 22.464000 63
24.704000 24.800000 58
24.928000 25.824000 60
25.920000 26.112000 65
26.112000 26.528000 67
26.528000 26.560000 63
26.560000 28.224000 58
28.672000 28.896000 60
28.896000 29.920000 62
29.920000 30.496000 65
30.624000 31.520000 63
31.520000 31.744000 62
31.840000 32.192000 63
32.192000 33.344000 59
33.504000 33.696000 65
33.696000 34.176000 67
34.176000 34.368000 61
34.464000 34.912000 59
35.328000 36.480000 63
40.064000 41.888000 62
42.048000 42.272000 63
42.272000 44.800000 64
45.408000 45.728000 58
45.856000 45.984000 58
47.232000 47.456000 58
47.776000 50.592000 63
51.072000 51.808000 62
52.032000 52.928000 63
55.104000 55.584000 58
55.584000 56.192000 60
56.320000 56.480000 65
56.480000 56.960000 67
56.960000 57.024000 63
57.024000 58.656000 58
59.200000 60.000000 62
60.096000 61.664000 65
61.792000 62.272000 62
62.272000 62.688000 63
62.688000 62.784000 57
62.784000 63.136000 58
63.136000 63.872000 60
63.872000 64.768000 66
64.896000 65.280000 58
65.888000 67.360000 63
69.216000 69.472000 58
69.472000 69.536000 59
69.536000 70.080000 63
70.080000 71.008000 70
71.008000 71.392000 66
71.488000 71.744000 65
71.744000 72.512000 63
72.928000 73.088000 65
73.088000 73.440000 67
73.440000 74.464000 64
74.848000 75.072000 65
75.072000 75.328000 67
75.328000 75.552000 65
75.552000 76.608000 62
76.800000 76.928000 58
76.928000 77.216000 60
77.216000 77.568000 63
77.696000 78.656000 70
78.656000 79.008000 66
79.104000 80.192000 64
81.024000 81.120000 59
81.280000 81.664000 63
81.664000 82.624000 67
82.720000 83.104000 66
83.232000 83.968000 67
84.288000 85.088000 67
85.088000 85.440000 63
85.568000 85.792000 63
85.792000 86.304000 60
86.656000 86.848000 67
86.848000 87.296000 63
87.424000 87.680000 63
87.680000 88.064000 61
88.160000 88.448000 67
88.640000 89.248000 63
89.248000 89.952000 65
90.048000 90.688000 58
90.816000 91.552000 67
92.448000 92.928000 60
92.928000 93.280000 70
93.376000 93.760000 70
93.888000 94.208000 67
94.336000 94.944000 63
94.944000 96.128000 65
96.288000 96.384000 68
96.544000 96.640000 65
96.736000 98.944000 63
98.944000 99.008000 62
108.576000 109.952000 62
110.112000 112.192000 65
112.192000 113.344000 63
113.952000 114.752000 58
115.808000 116.096000 59
116.288000 116.576000 62
116.576000 118.528000 63
118.528000 119.136000 62
119.680000 120.416000 62
120.544000 121.952000 63
123.584000 123.712000 58
123.904000 124.032000 58
124.032000 124.896000 60
124.896000 125.088000 65
125.088000 125.696000 67
125.824000 126.496000 58
126.496000 127.264000 55
127.680000 128.576000 62
128.672000 128.896000 63
128.896000 130.176000 65
130.176000 131.168000 63
131.296000 131.776000 58
131.776000 132.384000 60
132.480000 133.088000 67
133.440000 133.824000 60
134.336000 134.464000 62
134.560000 137.216000 63
137.856000 138.048000 66
138.176000 138.656000 63
138.656000 138.816000 68
138.816000 139.584000 70
139.584000 139.936000 66
140.096000 141.152000 64
141.504000 143.136000 65
143.360000 143.584000 65
143.584000 143.936000 67
143.936000 145.216000 62
145.344000 145.568000 58
145.568000 146.144000 62
146.272000 146.368000 68
146.368000 147.232000 70
147.232000 147.552000 67
147.712000 147.840000 65
147.840000 148.768000 63
149.600000 149.728000 60
149.856000 150.272000 63
150.272000 151.168000 67
151.296000 152.640000 67
152.896000 153.088000 67
153.088000 153.376000 65
153.376000 153.568000 67
153.568000 154.784000 63
155.264000 155.456000 67
155.552000 155.872000 63
156.000000 156.256000 63
156.256000 156.672000 60
156.768000 157.088000 67
157.216000 157.824000 63
157.824000 158.592000 65
158.592000 159.200000 58
159.360000 160.128000 67
160.608000 160.704000 65
161.056000 161.504000 60
161.504000 161.888000 70
161.984000 162.368000 70
162.368000 162.848000 67
162.944000 163.520000 63
163.520000 164.768000 65
164.864000 165.280000 70
165.280000 167.552000 63
168.128000 168.480000 63
168.608000 169.952000 63
170.080000 170.688000 63
170.688000 171.008000 65
171.008000 171.648000 60
171.648000 172.832000 63
172.928000 173.696000 64
173.696000 175.328000 65
175.328000 175.488000 63
175.712000 176.128000 63
176.256000 178.720000 63
178.720000 179.008000 60
179.104000 179.232000 60
179.232000 180.384000 63
180.544000 180.736000 62
180.992000 182.304000 63
182.432000 186.976000 71
187.232000 187.648000 71
187.648000 188.160000 64
188.160000 189.184000 71
189.184000 189.472000 67
189.600000 190.656000 65
190.976000 191.200000 66
191.200000 191.584000 68
191.584000 192.672000 65
192.896000 193.696000 66
193.696000 194.880000 63
194.880000 195.040000 59
195.040000 195.328000 61
195.328000 195.680000 64
195.808000 195.936000 69
195.936000 196.768000 71
196.768000 197.120000 67
197.216000 197.376000 66
197.504000 198.208000 64
198.880000 198.944000 58
199.136000 199.264000 61
199.360000 199.776000 64
199.776000 200.736000 68
200.832000 201.184000 67
201.312000 202.176000 69
202.400000 203.104000 68
203.200000 203.872000 64
203.872000 204.416000 61
204.800000 204.992000 68
205.184000 205.792000 64
205.792000 206.240000 61
206.240000 206.560000 68
206.752000 207.296000 64
207.296000 208.128000 66
208.128000 208.800000 59
208.896000 209.728000 68
210.112000 210.304000 56
210.528000 211.040000 61
211.040000 211.136000 69
211.136000 211.904000 71
211.904000 212.352000 68
212.416000 213.024000 64
213.024000 214.240000 66
214.432000 214.848000 59
214.848000 217.184000 64
217.632000 217.728000 60
218.144000 218.624000 61
218.624000 219.552000 71
219.648000 220.000000 67
220.096000 220.736000 64
220.736000 222.016000 66
222.208000 222.560000 59
222.560000 225.568000 64
