24.032000 24.128000 56
24.512000 24.640000 58
25.088000 25.184000 58
28.256000 28.864000 60
28.992000 29.088000 60
29.216000 29.440000 62
29.728000 29.952000 67
30.208000 30.880000 63
31.584000 31.840000 61
31.840000 32.064000 59
32.128000 32.576000 63
32.736000 32.960000 69
33.088000 34.400000 67
36.000000 36.768000 68
37.280000 37.504000 71
37.504000 37.856000 69
37.856000 38.208000 67
38.368000 38.816000 63
39.936000 40.544000 68
41.184000 41.440000 70
41.440000 42.080000 68
42.304000 42.688000 61
43.232000 43.392000 64
43.392000 43.712000 61
43.840000 44.096000 60
44.192000 44.704000 60
44.704000 45.888000 57
47.136000 47.424000 60
47.424000 47.776000 61
47.776000 48.608000 65
49.120000 49.184000 64
49.184000 49.600000 68
49.728000 50.304000 66
51.008000 51.488000 63
51.616000 52.416000 60
52.576000 54.208000 57
55.008000 55.232000 60
55.232000 55.904000 63
56.000000 56.224000 64
56.288000 56.992000 66
56.992000 58.368000 62
58.656000 59.104000 68
59.616000 60.096000 66
60.192000 61.536000 68
61.568000 61.632000 70
61.696000 62.112000 70
62.208000 62.560000 72
62.688000 63.168000 61
63.232000 63.872000 59
64.032000 64.672000 61
65.280000 67.136000 60
67.136000 68.672000 69
68.896000 69.248000 64
69.248000 70.592000 69
70.912000 71.584000 68
72.160000 72.352000 70
72.512000 72.672000 69
72.672000 72.896000 67
73.024000 73.536000 63
74.784000 75.808000 68
76.032000 76.256000 70
76.256000 76.672000 68
76.896000 77.280000 61
78.240000 78.656000 63
78.784000 79.264000 60
79.424000 79.712000 61
79.712000 81.120000 57
81.824000 82.464000 71
82.624000 83.296000 71
83.424000 83.808000 70
83.808000 84.320000 68
84.320000 85.344000 66
85.952000 86.144000 64
86.240000 86.848000 67
86.976000 87.296000 66
87.616000 87.712000 64
87.872000 88.032000 66
88.096000 89.472000 69
89.568000 89.792000 67
89.792000 89.984000 69
90.080000 91.072000 72
91.136000 91.616000 68
91.776000 92.192000 59
92.288000 94.880000 74
95.136000 95.264000 62
95.264000 96.032000 66
96.160000 97.088000 68
97.184000 97.248000 69
97.248000 100.032000 75
100.512000 101.216000 72
101.472000 101.536000 68
101.568000 101.664000 68
101.696000 101.760000 69
101.760000 103.872000 75
104.032000 104.096000 71
104.384000 105.088000 72
105.152000 105.568000 68
105.568000 108.000000 75
108.192000 109.024000 74
109.024000 109.376000 71
109.504000 109.888000 68
110.080000 110.592000 73
110.688000 111.488000 66
111.648000 112.544000 68
112.640000 115.648000 75
116.032000 116.448000 73
116.576000 116.800000 72
116.928000 117.152000 69
117.280000 117.344000 70
117.344000 119.584000 75
119.904000 120.736000 72
120.736000 121.024000 69
121.184000 123.232000 75
123.808000 124.576000 74
124.672000 124.800000 72
124.800000 126.080000 68
126.112000 126.176000 68
126.368000 126.432000 69
126.464000 126.496000 67
126.656000 127.104000 63
127.328000 127.936000 67
128.032000 130.560000 68
130.592000 130.624000 70
130.816000 130.976000 70
132.000000 133.248000 67
133.248000 133.376000 64
133.536000 134.560000 61
135.488000 135.712000 60
135.712000 135.904000 61
135.904000 136.224000 63
136.224000 136.832000 66
136.992000 137.888000 68
137.888000 139.104000 63
139.872000 140.928000 67
140.928000 142.624000 61
143.296000 143.648000 72
143.744000 144.576000 71
144.736000 144.960000 67
144.960000 145.536000 68
145.664000 146.400000 64
146.400000 147.072000 67
147.552000 148.736000 67
148.736000 150.240000 61
151.008000 151.392000 60
151.552000 151.712000 64
151.712000 153.728000 67
153.728000 154.688000 63
155.392000 156.672000 67
156.864000 157.088000 60
157.184000 157.504000 61
157.536000 157.728000 62
157.824000 159.200000 61
159.328000 159.584000 58
159.776000 161.344000 57
161.344000 164.576000 60
166.464000 167.424000 63
168.064000 168.704000 59
168.832000 168.960000 60
169.088000 169.312000 61
169.568000 169.792000 67
170.048000 170.528000 63
171.328000 171.840000 61
171.904000 171.968000 59
171.968000 172.352000 63
172.480000 172.704000 69
172.896000 174.272000 66
175.744000 176.512000 68
177.056000 177.248000 71
177.248000 177.344000 70
177.344000 178.048000 67
178.208000 178.624000 63
179.616000 180.320000 68
180.864000 181.504000 69
181.568000 181.888000 66
182.112000 182.528000 60
183.040000 183.264000 63
183.264000 183.488000 61
183.584000 184.448000 60
184.448000 185.600000 57
185.696000 185.792000 57
186.880000 187.136000 60
187.136000 187.424000 61
187.424000 187.552000 62
187.552000 188.480000 66
188.864000 188.928000 59
188.928000 188.960000 62
188.960000 189.472000 68
189.664000 190.272000 67
190.784000 190.944000 63
191.104000 191.264000 61
191.456000 192.224000 60
192.480000 193.664000 56
194.688000 195.136000 60
195.232000 195.296000 63
195.296000 195.872000 64
195.872000 196.544000 66
196.544000 197.216000 62
197.696000 198.592000 61
198.720000 198.784000 61
198.784000 199.040000 65
199.136000 199.264000 63
199.680000 200.032000 67
200.032000 202.208000 69
202.304000 202.944000 61
202.944000 203.584000 60
203.744000 203.872000 60
203.968000 204.448000 61
204.544000 205.312000 64
205.472000 205.984000 64
205.984000 206.240000 67
206.336000 206.880000 60
206.880000 207.200000 63
207.360000 208.416000 69
208.640000 208.960000 63
208.960000 209.408000 66
209.504000 209.600000 66
210.720000 211.616000 68
211.872000 212.096000 70
212.224000 212.608000 68
212.736000 213.376000 63
214.560000 215.744000 68
215.840000 215.968000 71
215.968000 216.448000 68
216.704000 217.216000 61
217.984000 218.368000 62
218.496000 218.848000 60
219.072000 219.264000 62
219.264000 220.672000 57
221.536000 221.696000 71
221.824000 222.144000 71
222.304000 222.944000 71
223.072000 223.328000 71
223.328000 223.488000 70
223.488000 224.000000 68
224.000000 225.120000 64
225.632000 225.792000 64
225.920000 226.592000 67
226.720000 227.104000 66
227.200000 227.424000 64
227.584000 228.992000 68
229.024000 229.216000 68
229.280000 229.536000 66
229.536000 229.728000 69
229.824000 230.784000 72
230.784000 231.360000 68
231.520000 234.528000 73
234.784000 234.848000 60
234.848000 234.976000 62
234.976000 235.744000 66
235.904000 236.768000 68
236.864000 236.928000 70
236.928000 239.840000 75
240.128000 241.024000 72
241.248000 241.536000 69
241.536000 243.744000 75
244.128000 244.544000 73
244.672000 244.928000 72
244.928000 245.344000 68
245.344000 247.584000 75
248.000000 248.800000 74
248.800000 249.056000 72
249.280000 249.664000 68
249.824000 250.304000 73
250.464000 251.360000 66
251.488000 252.320000 68
252.384000 252.448000 71
252.448000 252.576000 72
252.576000 253.920000 74
253.920000 255.392000 75
255.776000 256.224000 73
256.320000 256.512000 72
256.704000 256.896000 68
257.056000 259.232000 75
259.680000 260.480000 73
260.576000 260.896000 68
260.960000 261.184000 72
261.184000 263.264000 75
263.648000 264.448000 75
264.608000 264.864000 71
264.864000 266.816000 68
266.816000 267.392000 64
267.616000 267.872000 65
267.872000 268.608000 66
268.608000 271.488000 67
271.808000 272.032000 66
272.032000 273.088000 67
273.312000 274.176000 61
275.264000 275.488000 59
275.488000 275.552000 61
275.552000 275.744000 62
275.744000 275.968000 63
275.968000 276.608000 66
276.704000 277.600000 68
277.728000 278.784000 63
279.648000 280.736000 67
280.736000 282.176000 61
282.304000 282.400000 61
283.040000 283.296000 71
283.488000 284.928000 70
284.928000 286.208000 64
286.208000 286.976000 66
287.296000 288.544000 67
288.544000 290.016000 61
290.784000 291.168000 60
291.296000 291.456000 64
291.456000 293.280000 67
293.280000 294.400000 63
295.232000 296.416000 68
296.672000 296.832000 59
296.928000 297.312000 60
297.984000 298.944000 61
299.040000 299.136000 59
299.264000 299.456000 60
299.552000 299.712000 60
299.872000 300.224000 61
300.256000 301.664000 61
301.824000 302.080000 61
302.944000 313.248000 71
319.040000 319.136000 73
321.280000 321.600000 67
