11.008000 11.296000 68
20.000000 20.288000 64
20.448000 21.216000 63
21.440000 21.600000 64
21.792000 21.984000 56
22.176000 22.688000 62
24.032000 24.576000 63
24.768000 26.560000 64
28.000000 28.256000 64
28.416000 29.216000 63
29.376000 29.568000 64
29.728000 29.920000 56
30.112000 30.560000 62
31.360000 31.584000 61
31.680000 31.872000 63
32.032000 32.448000 64
33.440000 33.888000 66
34.112000 34.496000 63
35.776000 35.936000 56
36.064000 36.320000 61
36.416000 36.576000 63
36.736000 37.632000 64
37.728000 37.920000 66
38.080000 38.592000 61
38.784000 39.168000 59
40.064000 40.288000 61
40.448000 40.608000 63
40.768000 41.568000 64
41.728000 42.592000 66
43.712000 43.904000 56
44.032000 45.248000 63
45.408000 45.632000 64
45.728000 45.920000 66
46.144000 46.368000 61
46.368000 46.688000 63
46.688000 47.104000 59
47.776000 47.968000 56
48.064000 48.384000 57
49.344000 50.944000 63
54.112000 54.976000 64
55.136000 55.328000 63
55.456000 55.648000 64
55.840000 56.128000 56
56.128000 56.576000 62
57.984000 58.336000 64
58.432000 58.624000 63
58.784000 59.008000 64
59.104000 59.648000 63
59.776000 60.000000 66
60.128000 60.512000 63
62.048000 62.592000 64
62.752000 63.008000 64
63.104000 63.552000 63
63.776000 63.968000 56
64.096000 64.576000 62
65.376000 65.888000 62
66.016000 66.592000 64
67.456000 67.872000 66
68.064000 68.512000 63
69.728000 69.984000 56
69.984000 70.272000 61
70.400000 70.560000 63
70.752000 71.616000 64
71.744000 71.936000 66
72.096000 72.832000 61
72.832000 73.120000 59
73.696000 73.888000 56
74.048000 74.272000 61
74.368000 74.592000 63
74.688000 74.944000 64
75.040000 75.360000 63
75.360000 76.608000 66
77.696000 77.920000 56
78.080000 78.336000 61
78.336000 78.944000 63
79.040000 79.264000 63
79.360000 79.872000 64
80.064000 80.832000 61
80.832000 81.120000 59
81.696000 81.984000 56
82.144000 82.624000 57
83.392000 83.840000 66
84.096000 87.072000 68
87.680000 87.936000 68
88.064000 88.192000 66
88.192000 88.704000 68
88.704000 89.024000 66
89.024000 89.280000 71
89.440000 91.072000 66
91.840000 92.320000 63
92.320000 92.896000 65
93.024000 93.344000 71
93.344000 93.600000 66
93.696000 93.920000 68
94.048000 94.944000 64
95.712000 95.936000 61
96.032000 97.024000 66
97.408000 97.888000 61
98.048000 99.200000 66
99.360000 99.872000 71
100.032000 103.296000 68
103.744000 104.992000 67
105.088000 105.312000 71
105.312000 107.104000 66
108.032000 108.608000 63
108.704000 108.960000 66
108.960000 109.056000 67
109.056000 109.632000 72
109.728000 110.080000 75
110.080000 111.040000 68
111.744000 112.128000 61
112.128000 112.672000 67
112.800000 113.120000 66
113.120000 113.856000 61
114.176000 118.624000 61
121.504000 122.656000 61
123.008000 123.392000 64
123.712000 123.968000 63
124.800000 125.312000 56
129.856000 131.616000 56
132.032000 135.008000 73
135.040000 135.520000 76
135.520000 136.096000 75
136.096000 139.456000 68
139.552000 139.744000 68
142.048000 142.144000 75
142.176000 143.264000 75
143.456000 143.840000 68
143.936000 144.896000 64
145.056000 145.600000 63
145.824000 146.112000 56
146.112000 146.624000 62
147.904000 148.608000 64
148.736000 148.960000 64
149.088000 149.600000 63
149.728000 149.952000 66
149.952000 150.528000 63
152.032000 153.568000 64
153.760000 153.984000 56
154.112000 154.336000 61
154.336000 154.592000 63
155.360000 155.680000 61
155.680000 155.936000 63
156.064000 156.768000 64
157.408000 157.888000 66
158.080000 158.816000 63
159.488000 159.744000 55
159.744000 160.032000 56
160.032000 160.576000 61
160.736000 161.952000 64
162.112000 162.816000 61
162.816000 163.136000 59
163.712000 163.904000 56
164.064000 164.352000 61
164.352000 164.640000 63
164.640000 165.696000 64
165.696000 166.752000 66
167.712000 167.968000 56
168.064000 168.320000 61
168.448000 168.608000 63
168.704000 169.696000 64
169.696000 170.016000 66
170.016000 171.168000 61
171.616000 171.904000 56
172.064000 172.448000 57
173.344000 173.856000 66
174.016000 177.216000 68
177.632000 179.200000 68
179.200000 179.264000 71
179.392000 181.088000 66
181.856000 182.400000 63
182.400000 182.944000 65
183.040000 183.296000 71
183.296000 183.968000 67
184.096000 184.800000 64
185.664000 185.920000 61
186.016000 187.168000 66
187.424000 187.872000 61
188.032000 189.152000 66
189.376000 189.856000 71
190.016000 193.184000 68
193.728000 194.016000 68
194.016000 197.280000 66
198.016000 198.624000 63
198.752000 199.072000 66
199.072000 199.584000 72
199.712000 200.032000 75
200.032000 201.088000 68
201.696000 202.048000 61
202.048000 202.624000 66
202.752000 203.040000 66
203.040000 203.744000 61
204.064000 204.672000 59
204.672000 205.984000 61
206.112000 208.000000 61
208.000000 208.768000 57
208.992000 209.568000 57
211.520000 211.616000 56
212.064000 212.192000 56
212.608000 212.704000 56
212.928000 213.056000 56
214.016000 214.144000 57
214.336000 214.560000 57
214.688000 214.976000 57
216.416000 216.640000 62
217.056000 217.184000 62
217.600000 217.696000 64
217.824000 217.984000 66
218.528000 219.008000 68
219.200000 219.392000 63
220.160000 220.384000 69
221.664000 222.944000 67
223.104000 223.296000 71
223.488000 223.776000 66
223.776000 224.000000 68
224.128000 224.736000 66
226.112000 226.336000 63
226.432000 226.688000 64
226.816000 227.008000 66
227.168000 227.424000 71
227.520000 227.648000 66
227.840000 228.000000 68
228.192000 228.736000 64
229.696000 229.920000 61
230.112000 230.592000 66
230.784000 231.264000 66
231.424000 231.680000 61
232.032000 232.608000 66
232.736000 233.216000 66
233.376000 233.856000 71
234.048000 237.600000 68
237.728000 238.976000 67
239.072000 239.360000 71
239.360000 239.648000 66
239.744000 239.968000 68
240.064000 241.184000 66
241.824000 242.688000 63
242.688000 243.040000 66
243.040000 243.104000 68
243.104000 244.032000 73
244.032000 245.152000 68
245.728000 246.048000 61
246.048000 247.264000 66
247.392000 247.968000 61
247.968000 248.672000 59
248.672000 251.520000 61
253.728000 254.048000 61
254.048000 254.656000 66
254.752000 255.232000 66
255.520000 255.936000 61
256.160000 256.800000 59
256.960000 257.312000 61
258.496000 258.752000 63
258.976000 260.832000 61
