5.120000 5.248000 57
12.576000 13.664000 59
13.792000 14.080000 59
14.080000 14.336000 61
14.464000 15.040000 64
15.424000 16.064000 59
16.064000 16.448000 57
18.400000 18.496000 64
18.592000 19.168000 66
19.328000 20.704000 66
21.024000 21.728000 66
21.728000 22.176000 68
24.064000 24.192000 71
24.192000 24.384000 68
24.384000 27.456000 64
27.456000 28.384000 59
30.048000 30.368000 64
30.528000 31.008000 66
31.264000 31.744000 66
32.384000 33.440000 64
33.536000 33.920000 64
36.608000 38.272000 59
38.400000 38.816000 64
39.040000 39.456000 59
39.584000 40.288000 61
40.544000 40.800000 61
40.800000 41.376000 63
41.568000 41.728000 61
42.048000 42.688000 64
42.688000 43.200000 66
43.328000 44.000000 66
44.224000 44.480000 65
44.608000 45.120000 66
45.216000 45.536000 64
45.536000 46.080000 67
47.968000 48.512000 63
48.512000 48.928000 65
48.928000 49.600000 61
49.600000 50.464000 64
50.464000 51.520000 62
51.616000 52.032000 59
52.096000 52.640000 59
52.672000 52.736000 61
52.736000 52.896000 65
53.024000 53.248000 68
53.504000 53.856000 68
54.368000 55.680000 66
57.504000 57.536000 63
57.600000 57.792000 69
57.792000 57.920000 65
58.112000 58.432000 64
58.592000 59.008000 64
59.104000 59.136000 64
59.168000 59.232000 64
59.424000 59.552000 63
59.648000 59.808000 63
60.480000 62.976000 59
63.360000 65.280000 64
65.280000 66.368000 61
67.136000 70.592000 64
70.720000 71.072000 59
72.512000 74.784000 59
75.392000 77.216000 64
77.408000 78.304000 61
78.784000 78.944000 67
78.944000 80.032000 64
80.032000 81.344000 66
81.632000 82.208000 64
82.304000 82.592000 63
82.592000 83.104000 60
84.640000 84.864000 59
84.896000 86.784000 59
87.040000 87.296000 66
87.744000 88.512000 64
88.672000 89.248000 64
89.536000 90.208000 61
90.752000 90.912000 63
90.912000 91.104000 62
91.104000 92.096000 64
92.096000 93.760000 66
94.144000 95.040000 57
95.136000 96.064000 57
96.096000 97.120000 57
98.400000 98.720000 68
98.816000 99.328000 66
99.456000 100.352000 64
114.624000 115.328000 59
115.456000 115.648000 59
115.744000 116.288000 59
116.384000 116.928000 64
117.344000 117.824000 59
117.920000 118.368000 57
120.576000 121.120000 66
121.248000 122.624000 66
122.976000 123.552000 65
123.552000 124.064000 68
125.984000 129.504000 64
129.728000 130.144000 59
130.176000 131.424000 64
131.488000 131.520000 63
131.584000 131.616000 63
131.904000 132.480000 64
132.512000 132.576000 64
132.640000 132.672000 65
132.704000 132.800000 66
132.832000 132.992000 66
133.312000 133.824000 66
134.432000 134.688000 64
134.688000 134.912000 62
135.040000 135.392000 64
135.712000 135.872000 63
138.528000 140.224000 59
140.352000 140.800000 64
140.800000 141.440000 60
141.568000 142.240000 61
142.240000 142.688000 57
142.816000 142.976000 61
143.136000 143.488000 64
144.032000 144.608000 64
144.608000 148.096000 66
149.952000 150.656000 64
150.656000 150.816000 66
150.816000 153.504000 62
153.504000 153.664000 58
153.664000 154.720000 59
154.720000 155.264000 67
155.328000 155.904000 68
156.288000 156.512000 64
156.512000 156.960000 66
157.056000 157.568000 66
159.360000 159.456000 63
159.616000 159.776000 67
159.776000 159.936000 66
160.096000 160.384000 64
160.544000 161.760000 64
162.464000 164.832000 59
165.312000 167.232000 64
167.232000 168.416000 61
169.056000 169.888000 64
169.984000 171.232000 66
171.328000 172.544000 64
172.672000 173.024000 59
174.400000 176.768000 59
177.344000 179.200000 64
179.200000 180.224000 61
180.928000 182.176000 64
182.176000 182.656000 66
182.752000 183.456000 66
183.584000 184.576000 64
184.576000 184.992000 59
185.184000 185.408000 60
185.408000 185.696000 63
185.952000 186.240000 61
186.400000 186.720000 58
186.912000 187.232000 59
187.264000 187.328000 59
187.392000 187.584000 57
187.680000 188.544000 59
188.672000 188.768000 59
189.792000 190.496000 64
190.752000 191.168000 64
191.808000 192.352000 61
192.928000 192.992000 63
192.992000 194.048000 64
194.048000 195.808000 66
196.128000 198.720000 57
198.784000 198.816000 57
198.848000 199.072000 57
199.136000 199.776000 57
199.936000 200.032000 61
200.352000 200.672000 68
200.768000 201.280000 65
201.440000 202.528000 64
204.352000 206.688000 59
207.360000 209.184000 64
209.184000 210.048000 61
211.104000 211.680000 64
212.000000 212.864000 66
212.960000 213.216000 65
213.344000 214.560000 64
214.720000 214.976000 59
215.072000 215.200000 59
216.320000 218.528000 59
219.424000 221.184000 64
221.280000 222.208000 61
222.912000 223.680000 64
223.968000 224.640000 66
224.736000 225.248000 66
225.536000 226.144000 64
226.240000 226.528000 64
226.528000 226.752000 61
226.848000 227.072000 59
227.200000 227.360000 59
227.360000 227.552000 61
227.552000 227.744000 64
227.968000 228.128000 59
228.128000 228.320000 61
228.384000 228.448000 59
228.480000 230.336000 59
230.464000 230.592000 58
231.360000 233.216000 64
233.216000 234.336000 61
234.944000 235.232000 64
235.264000 235.552000 63
235.648000 236.032000 64
236.032000 236.896000 66
236.992000 237.504000 64
237.600000 237.760000 69
238.176000 240.576000 57
240.608000 240.960000 57
241.088000 242.048000 57
242.336000 242.688000 68
242.784000 243.296000 66
243.424000 244.992000 64
246.400000 248.736000 59
249.504000 251.200000 64
251.296000 252.384000 61
253.120000 253.856000 64
253.984000 255.104000 66
255.104000 256.544000 64
256.672000 256.992000 59
258.400000 260.512000 59
261.280000 263.200000 64
263.456000 264.352000 61
264.928000 265.920000 64
266.048000 266.624000 66
266.720000 267.168000 67
