29.824000 30.624000 52
30.816000 30.912000 53
30.912000 30.976000 54
30.976000 31.040000 55
31.040000 32.640000 58
33.280000 33.600000 55
33.728000 33.856000 55
33.856000 35.232000 57
35.232000 35.392000 59
35.488000 35.648000 56
36.864000 37.152000 51
37.280000 38.112000 52
38.112000 39.200000 54
39.456000 40.608000 51
40.704000 40.928000 52
41.056000 41.184000 52
43.808000 45.120000 52
45.216000 46.688000 58
47.424000 48.320000 56
48.480000 49.056000 56
49.152000 49.472000 59
49.472000 49.792000 55
50.976000 51.680000 52
51.776000 53.440000 54
53.536000 54.880000 52
56.736000 56.800000 56
56.800000 56.960000 59
57.088000 57.312000 63
57.312000 58.848000 64
58.848000 59.488000 59
60.224000 60.288000 57
60.288000 61.536000 62
61.536000 62.976000 59
63.744000 63.872000 57
63.872000 64.704000 59
64.704000 66.048000 57
66.144000 66.656000 57
67.200000 67.392000 57
67.392000 69.760000 59
70.752000 70.816000 55
70.816000 71.104000 58
71.232000 71.424000 50
71.424000 72.960000 52
72.960000 73.888000 47
74.368000 74.432000 58
74.432000 74.496000 60
74.496000 75.584000 63
75.584000 76.064000 59
76.160000 77.056000 59
77.824000 77.952000 57
77.952000 78.144000 59
78.304000 78.784000 59
78.784000 80.192000 57
80.320000 80.960000 57
81.376000 81.504000 54
81.600000 82.208000 55
82.368000 83.264000 52
100.320000 100.576000 51
100.800000 101.632000 52
101.632000 103.296000 59
103.872000 104.192000 55
104.320000 105.600000 56
105.600000 106.016000 59
106.016000 106.656000 53
107.584000 107.712000 52
107.840000 109.024000 52
109.120000 109.888000 54
109.984000 110.368000 52
110.496000 111.072000 52
114.400000 114.528000 48
114.624000 114.784000 52
114.880000 115.616000 52
115.616000 117.504000 58
118.112000 118.304000 55
118.400000 118.944000 57
119.040000 119.648000 55
119.776000 120.096000 59
120.096000 120.768000 53
121.600000 122.720000 52
122.816000 123.968000 54
124.160000 125.664000 52
127.232000 127.424000 57
127.424000 127.552000 59
127.680000 128.192000 64
128.576000 129.472000 64
129.568000 130.400000 60
130.816000 130.944000 60
130.944000 132.064000 62
132.064000 133.728000 59
134.336000 134.400000 57
134.400000 135.072000 59
135.328000 135.744000 57
135.808000 137.376000 57
137.824000 138.016000 57
138.016000 138.240000 60
138.240000 138.688000 63
138.688000 139.456000 52
139.872000 140.704000 59
141.344000 141.440000 56
141.440000 141.664000 59
141.792000 142.688000 50
142.688000 143.712000 48
143.808000 144.192000 47
144.928000 144.992000 59
144.992000 145.536000 62
145.536000 145.664000 65
145.824000 146.144000 62
146.144000 147.776000 59
148.448000 148.576000 57
148.576000 149.152000 60
149.312000 151.488000 57
151.936000 152.768000 55
152.896000 154.560000 52
182.912000 183.008000 55
184.320000 187.232000 55
187.680000 187.872000 55
187.872000 188.064000 56
188.064000 188.896000 58
189.152000 189.184000 58
189.216000 190.208000 58
190.272000 190.528000 56
191.392000 193.888000 60
194.272000 195.104000 63
195.232000 195.360000 54
195.360000 197.632000 48
198.432000 199.104000 55
199.296000 199.552000 56
199.648000 200.288000 56
200.480000 201.088000 55
201.824000 202.144000 55
202.304000 202.752000 58
202.880000 203.840000 57
204.000000 204.160000 58
204.416000 204.544000 56
205.344000 208.000000 60
208.384000 209.312000 67
209.472000 211.680000 64
212.416000 212.544000 50
212.640000 212.832000 52
213.152000 214.240000 52
215.520000 215.648000 60
215.648000 215.936000 63
216.672000 216.800000 62
216.800000 217.184000 58
217.376000 217.472000 58
217.664000 218.464000 59
218.976000 219.200000 58
219.200000 219.872000 60
219.872000 222.016000 57
222.528000 222.688000 57
222.688000 222.880000 59
222.976000 225.536000 59
226.112000 226.336000 59
226.496000 226.720000 50
226.912000 226.944000 51
227.104000 228.288000 48
228.544000 228.672000 48
229.600000 229.728000 59
229.728000 230.144000 62
230.432000 230.528000 62
230.560000 230.624000 62
230.688000 230.720000 62
230.816000 230.976000 60
230.976000 231.360000 58
231.392000 232.384000 59
233.088000 233.440000 58
233.568000 234.048000 59
234.048000 235.424000 57
235.552000 236.256000 57
236.608000 236.800000 54
236.896000 237.024000 57
237.024000 237.536000 54
237.536000 238.336000 52
240.160000 240.224000 54
240.224000 240.352000 57
240.576000 240.704000 54
240.704000 240.896000 52
241.088000 242.496000 52
242.560000 242.688000 48
243.808000 243.872000 59
243.872000 244.384000 62
244.512000 244.640000 65
244.640000 244.896000 62
245.024000 246.400000 59
247.264000 247.424000 57
247.424000 248.032000 59
248.128000 250.208000 57
250.752000 253.632000 59
254.240000 254.368000 57
254.368000 254.528000 59
254.720000 255.040000 51
255.200000 255.392000 51
255.520000 255.840000 52
255.936000 256.320000 52
256.480000 256.608000 50
256.608000 257.184000 47
257.952000 258.304000 63
258.656000 258.752000 66
258.784000 258.944000 62
259.072000 260.640000 59
261.312000 261.568000 58
261.568000 262.080000 59
262.272000 264.384000 57
264.896000 265.632000 55
265.632000 266.560000 52
266.688000 266.816000 52
268.352000 268.512000 56
268.512000 268.704000 59
268.832000 269.184000 50
269.280000 270.144000 51
270.240000 270.784000 51
270.944000 271.200000 47
271.968000 272.128000 60
272.128000 272.416000 62
272.512000 272.608000 62
272.896000 273.280000 62
273.280000 273.984000 58
274.112000 274.304000 59
274.432000 274.784000 59
275.488000 275.616000 57
275.616000 276.448000 59
276.448000 277.760000 57
277.856000 278.400000 57
278.976000 282.016000 59
282.496000 282.752000 57
282.944000 283.040000 55
283.264000 283.328000 51
283.520000 284.256000 52
284.384000 284.704000 52
285.088000 285.280000 58
286.144000 286.880000 62
287.040000 287.328000 62
