21.088000 21.536000 65
21.632000 21.728000 66
21.984000 22.240000 65
22.368000 22.848000 65
22.848000 23.328000 67
23.360000 24.128000 67
24.192000 24.480000 67
24.576000 25.280000 67
25.856000 27.360000 75
27.968000 28.480000 65
28.576000 29.312000 65
29.696000 29.888000 66
30.112000 31.360000 68
31.392000 31.776000 67
31.776000 32.704000 68
32.704000 33.504000 70
33.504000 34.400000 60
34.560000 34.880000 63
34.976000 35.584000 65
35.648000 35.680000 65
36.288000 36.768000 66
36.864000 37.088000 69
37.824000 38.304000 67
38.400000 38.944000 67
39.104000 39.200000 68
39.616000 39.744000 67
40.064000 41.152000 63
41.664000 41.824000 64
41.920000 42.016000 65
42.112000 42.592000 65
42.752000 42.976000 65
43.104000 43.264000 65
43.392000 43.552000 67
43.744000 44.992000 68
45.216000 48.896000 60
48.960000 49.088000 60
51.552000 52.992000 57
53.184000 53.632000 59
53.632000 53.920000 57
54.880000 55.072000 53
55.520000 55.648000 54
55.808000 57.632000 56
58.112000 58.272000 56
58.368000 58.688000 57
58.784000 59.072000 60
59.200000 60.800000 63
60.992000 61.504000 60
62.240000 63.616000 59
63.936000 64.800000 58
65.184000 65.536000 56
65.696000 65.760000 62
65.760000 65.952000 64
66.048000 66.752000 68
66.784000 66.912000 63
66.912000 67.136000 65
67.392000 67.616000 65
67.808000 68.704000 63
69.088000 69.312000 61
69.312000 69.856000 64
69.952000 70.240000 63
70.240000 70.464000 60
70.688000 70.976000 58
71.136000 71.744000 56
72.512000 73.376000 58
73.792000 73.920000 56
74.240000 74.496000 64
74.624000 75.648000 63
75.904000 76.192000 60
76.320000 77.312000 58
78.912000 79.072000 54
79.072000 79.680000 57
79.776000 80.032000 58
80.192000 80.352000 58
80.480000 81.152000 59
81.152000 81.664000 56
82.144000 82.304000 52
82.560000 83.104000 52
83.200000 84.448000 55
84.448000 84.864000 57
85.600000 85.920000 56
86.016000 86.112000 58
86.240000 86.368000 59
86.368000 86.560000 60
86.560000 88.320000 63
88.320000 89.120000 59
89.664000 89.984000 59
90.080000 90.400000 59
90.496000 91.072000 59
91.072000 91.392000 56
91.552000 92.256000 58
92.640000 92.768000 56
93.120000 93.504000 65
93.504000 94.272000 68
94.272000 94.560000 65
94.816000 94.976000 65
95.136000 95.936000 63
96.480000 96.736000 61
96.736000 97.280000 64
97.376000 97.632000 62
97.632000 97.920000 60
98.048000 98.400000 58
98.496000 99.200000 56
99.488000 99.616000 57
99.936000 100.832000 58
101.216000 101.408000 56
101.696000 102.016000 64
102.112000 103.072000 63
103.072000 103.680000 59
103.808000 105.856000 56
106.144000 106.240000 56
106.336000 106.528000 56
106.528000 106.912000 58
106.912000 107.104000 61
107.200000 107.776000 63
107.872000 108.352000 63
108.480000 108.832000 63
108.832000 109.056000 58
109.184000 109.408000 57
109.440000 109.664000 57
110.176000 110.240000 63
110.240000 110.368000 65
110.368000 111.872000 67
111.872000 112.256000 63
112.352000 112.704000 60
112.704000 113.344000 63
113.632000 113.856000 65
113.856000 114.624000 68
114.720000 115.040000 64
115.136000 115.232000 62
115.328000 115.648000 63
115.744000 115.936000 63
115.936000 116.352000 60
116.352000 116.672000 57
117.024000 118.016000 58
118.272000 118.400000 52
118.400000 118.656000 54
119.072000 119.360000 58
119.456000 119.808000 58
119.904000 120.224000 56
120.224000 120.288000 57
120.288000 120.384000 58
120.384000 122.080000 63
122.208000 122.560000 63
122.912000 123.456000 58
123.904000 124.128000 64
124.128000 125.792000 68
126.048000 126.336000 60
126.336000 126.912000 63
127.328000 128.352000 68
128.480000 128.832000 65
129.088000 129.472000 63
129.568000 129.728000 62
129.728000 129.888000 60
129.888000 130.400000 56
130.784000 131.584000 58
131.936000 132.256000 53
132.256000 132.416000 56
132.512000 132.832000 59
132.928000 133.472000 62
133.728000 136.544000 56
137.632000 137.920000 65
138.016000 138.176000 65
138.208000 139.392000 65
139.392000 141.760000 67
141.792000 141.856000 67
142.112000 142.368000 65
142.784000 143.648000 63
144.480000 145.856000 65
146.208000 146.464000 66
146.560000 147.808000 67
147.968000 148.256000 67
148.256000 149.248000 68
149.248000 150.208000 70
150.368000 150.400000 60
150.432000 150.720000 60
150.720000 151.200000 55
151.264000 151.296000 54
151.648000 152.352000 53
152.960000 153.696000 67
153.920000 154.240000 67
154.336000 155.200000 67
155.936000 156.512000 55
156.704000 156.800000 56
156.832000 157.632000 56
158.208000 159.808000 65
160.160000 161.568000 51
161.952000 165.856000 60
168.096000 168.864000 56
168.960000 169.536000 58
169.696000 170.144000 60
170.208000 170.560000 57
170.592000 170.624000 56
170.720000 170.912000 56
171.488000 171.872000 53
172.032000 172.224000 54
172.352000 173.088000 56
173.184000 173.376000 54
173.376000 174.208000 58
174.880000 175.264000 57
175.360000 175.680000 60
175.776000 177.440000 63
177.536000 178.304000 60
179.296000 179.552000 60
179.680000 180.032000 60
180.128000 180.256000 58
180.320000 180.480000 56
180.672000 180.800000 58
181.312000 181.344000 60
182.336000 182.624000 65
182.624000 183.136000 68
183.392000 183.680000 64
183.808000 184.096000 64
184.256000 185.472000 63
185.632000 185.856000 61
185.856000 186.464000 64
186.560000 186.848000 63
186.848000 187.104000 61
187.232000 187.456000 58
187.616000 188.096000 56
189.088000 189.792000 59
190.816000 191.104000 65
191.232000 191.520000 63
191.616000 192.288000 63
192.288000 192.512000 60
192.672000 192.928000 58
193.024000 193.952000 56
195.456000 195.680000 56
195.680000 195.840000 58
195.936000 196.096000 60
196.096000 196.256000 63
196.352000 197.376000 63
197.600000 197.728000 63
197.824000 197.952000 62
198.272000 198.816000 58
199.328000 199.520000 64
199.520000 199.840000 67
200.000000 200.288000 67
200.416000 200.704000 68
200.832000 200.992000 68
200.992000 201.184000 64
201.376000 201.568000 60
201.696000 201.856000 60
201.856000 202.432000 63
202.784000 203.008000 65
203.008000 203.328000 68
203.424000 203.744000 68
203.744000 204.256000 65
204.416000 204.992000 63
205.120000 205.728000 58
206.208000 207.168000 58
207.680000 207.776000 57
207.936000 208.032000 59
208.128000 208.256000 62
208.320000 208.800000 58
208.864000 208.992000 57
209.088000 209.376000 56
209.376000 209.632000 58
209.632000 211.200000 63
211.360000 211.712000 63
211.840000 211.936000 59
212.032000 212.576000 58
213.056000 213.632000 65
213.632000 214.016000 68
214.112000 214.432000 69
214.560000 214.752000 68
214.752000 214.816000 65
215.040000 215.456000 60
215.456000 216.032000 63
216.704000 216.800000 68
216.832000 216.864000 68
216.928000 217.472000 68
217.568000 218.112000 65
218.208000 218.528000 63
218.816000 218.976000 60
218.976000 219.552000 56
219.936000 220.608000 58
221.120000 221.504000 53
221.664000 221.952000 60
222.080000 222.688000 63
222.688000 224.704000 57
224.864000 226.016000 68
226.336000 226.560000 57
226.560000 226.784000 58
226.784000 227.808000 63
227.904000 228.352000 64
228.480000 228.832000 63
229.184000 229.408000 58
229.792000 230.144000 61
230.272000 230.624000 67
230.656000 230.720000 68
230.880000 231.136000 67
231.296000 231.584000 67
231.648000 231.840000 67
231.840000 232.128000 65
232.320000 232.448000 60
232.512000 232.672000 60
232.672000 232.992000 63
233.056000 233.888000 63
233.984000 234.592000 67
234.688000 235.104000 64
235.296000 235.776000 63
235.936000 236.384000 60
236.384000 236.768000 56
237.056000 237.952000 58
238.208000 238.560000 53
238.560000 238.688000 56
239.424000 239.456000 59
239.488000 239.840000 57
240.064000 240.416000 57
240.416000 242.112000 63
242.208000 242.592000 63
242.688000 242.784000 58
242.944000 243.552000 58
243.968000 244.096000 65
244.576000 244.832000 67
245.344000 245.664000 68
246.080000 246.272000 60
246.336000 246.848000 63
246.944000 248.064000 65
248.288000 248.992000 64
249.088000 249.728000 63
249.728000 250.432000 56
250.784000 251.616000 58
252.032000 252.192000 53
252.512000 252.800000 60
252.928000 253.600000 63
254.016000 257.440000 56
257.664000 258.912000 65
259.008000 260.672000 67
260.768000 261.856000 67
262.208000 262.400000 65
262.624000 263.680000 75
264.384000 264.480000 74
264.576000 264.800000 75
265.248000 265.536000 67
265.760000 266.400000 64
266.400000 266.496000 66
266.944000 267.936000 67
268.000000 268.160000 66
268.160000 268.384000 67
268.384000 269.280000 68
269.280000 270.176000 70
270.496000 271.008000 60
271.424000 272.384000 65
272.416000 272.672000 65
272.960000 273.344000 66
273.536000 273.888000 67
274.016000 274.112000 68
274.752000 274.848000 67
275.072000 275.520000 68
275.776000 275.936000 65
276.032000 276.640000 63
276.800000 276.928000 63
277.024000 277.152000 62
278.272000 280.192000 65
280.832000 280.896000 68
281.120000 281.248000 67
281.760000 286.592000 60
