28.128000 28.416000 62
28.416000 29.344000 60
29.344000 30.080000 56
30.464000 31.200000 54
31.200000 31.936000 57
34.944000 35.040000 63
35.040000 36.192000 62
36.192000 37.152000 60
37.248000 37.920000 60
37.920000 38.496000 57
38.688000 38.848000 57
41.184000 41.504000 57
41.504000 42.112000 54
42.880000 43.392000 53
44.160000 44.288000 51
44.576000 46.176000 55
46.272000 46.944000 55
47.616000 47.808000 55
47.936000 50.240000 57
52.096000 52.160000 52
52.160000 52.224000 56
52.224000 53.248000 61
53.248000 53.824000 55
54.304000 54.912000 54
55.008000 55.936000 57
59.072000 59.968000 62
60.096000 61.472000 60
61.568000 61.728000 62
61.728000 62.464000 57
65.248000 65.312000 57
65.472000 65.792000 54
65.888000 65.984000 53
66.304000 67.328000 53
68.064000 68.288000 51
68.448000 68.768000 53
68.768000 69.856000 55
69.952000 70.976000 55
71.168000 72.896000 61
72.896000 75.648000 62
76.032000 76.096000 55
76.096000 76.480000 62
76.576000 76.928000 62
76.928000 78.944000 63
78.944000 79.072000 59
79.072000 81.920000 60
83.008000 83.104000 60
83.200000 83.296000 62
83.424000 83.808000 62
83.808000 84.704000 66
84.704000 88.704000 60
89.120000 90.528000 58
90.624000 90.720000 57
90.848000 91.936000 58
92.384000 93.088000 61
93.088000 93.376000 57
93.632000 93.696000 65
93.696000 93.952000 66
93.952000 94.496000 63
94.496000 94.976000 65
94.976000 95.616000 62
95.776000 96.128000 61
96.352000 98.176000 62
98.336000 103.040000 64
103.488000 104.448000 65
104.544000 105.056000 67
105.152000 105.792000 63
105.792000 109.248000 60
110.272000 110.336000 60
110.336000 112.320000 65
112.448000 112.608000 62
112.608000 113.088000 59
113.248000 113.312000 70
113.312000 113.408000 73
113.504000 114.304000 65
114.304000 114.976000 62
114.976000 116.416000 67
117.152000 118.112000 65
118.240000 118.432000 66
118.432000 118.784000 67
118.784000 119.456000 63
119.456000 122.880000 60
123.968000 124.032000 61
124.032000 126.016000 65
126.144000 126.784000 60
126.944000 127.008000 59
127.008000 127.200000 62
127.200000 127.968000 65
127.968000 128.512000 62
128.512000 130.400000 67
131.712000 133.920000 65
173.504000 174.592000 60
174.592000 175.072000 55
175.648000 176.256000 53
176.352000 177.312000 57
180.480000 181.312000 62
181.440000 182.816000 60
182.912000 183.104000 62
183.200000 183.936000 57
186.624000 186.720000 56
186.816000 187.040000 55
187.200000 187.360000 53
187.648000 188.640000 53
189.408000 189.632000 51
189.760000 192.288000 55
192.544000 193.696000 59
193.696000 196.960000 62
197.280000 197.440000 54
197.440000 197.824000 62
197.920000 198.272000 62
198.272000 198.368000 64
198.368000 198.720000 62
198.720000 199.520000 64
199.520000 200.320000 62
200.320000 203.328000 60
204.288000 204.352000 56
204.352000 204.640000 61
204.768000 205.152000 62
205.152000 205.952000 66
205.952000 207.392000 62
207.392000 210.080000 60
210.464000 211.840000 58
211.968000 212.064000 57
212.160000 213.280000 58
213.728000 214.432000 61
214.432000 214.752000 57
214.976000 215.296000 66
215.296000 215.520000 63
215.616000 216.640000 64
216.640000 216.832000 62
217.088000 217.440000 62
217.696000 219.520000 62
219.680000 224.320000 64
224.832000 225.792000 65
225.888000 226.144000 66
226.144000 226.400000 67
226.400000 227.072000 63
227.072000 230.592000 60
231.616000 231.680000 60
231.680000 233.664000 65
233.760000 233.952000 62
233.952000 234.496000 59
234.592000 234.656000 58
234.656000 234.848000 62
234.848000 235.648000 65
235.648000 236.160000 62
236.160000 237.760000 67
238.464000 239.456000 65
239.584000 239.776000 66
239.776000 240.128000 67
240.128000 240.800000 63
240.800000 244.224000 60
245.312000 245.376000 61
245.376000 247.360000 65
247.456000 247.648000 62
247.648000 248.096000 60
248.256000 248.320000 58
248.320000 248.544000 62
248.544000 249.760000 64
249.760000 251.712000 67
252.160000 253.120000 65
253.216000 253.728000 67
253.728000 254.464000 63
254.464000 257.984000 60
258.944000 259.008000 59
259.008000 260.992000 65
261.120000 261.280000 62
261.280000 261.856000 59
261.920000 261.984000 58
261.984000 262.208000 62
262.208000 263.904000 65
263.904000 264.992000 67
264.992000 265.088000 66
265.792000 266.784000 65
266.912000 267.104000 66
267.104000 267.488000 67
267.488000 268.096000 63
268.096000 271.552000 60
272.672000 272.736000 62
272.736000 274.720000 65
274.816000 274.976000 62
274.976000 275.072000 58
275.072000 275.840000 60
275.840000 276.672000 65
276.672000 277.152000 62
277.184000 279.168000 67
280.384000 282.496000 65
