18.304000 18.368000 56
18.368000 18.496000 58
18.624000 19.168000 63
19.168000 20.448000 65
20.896000 21.344000 64
21.472000 22.432000 65
22.912000 23.264000 63
23.264000 23.328000 62
23.328000 23.840000 59
23.936000 24.512000 63
25.024000 25.376000 63
25.376000 26.464000 61
26.912000 27.040000 61
27.136000 27.872000 63
27.968000 28.640000 56
28.736000 29.504000 61
29.504000 29.920000 58
30.016000 30.720000 57
31.168000 31.360000 61
31.360000 31.552000 63
31.680000 32.128000 64
32.224000 33.472000 65
33.600000 34.816000 63
35.488000 35.776000 62
35.904000 36.160000 63
36.160000 36.640000 66
36.736000 37.472000 65
38.016000 38.080000 62
38.080000 38.304000 63
38.304000 39.552000 65
40.224000 40.640000 63
40.736000 41.152000 58
41.184000 41.696000 63
41.856000 41.984000 60
41.984000 43.072000 61
43.072000 43.552000 63
43.936000 45.024000 63
45.216000 45.536000 56
45.536000 46.048000 59
46.176000 46.336000 63
46.336000 46.592000 61
46.592000 47.072000 58
47.232000 48.032000 58
48.416000 48.768000 61
48.768000 49.216000 65
49.216000 49.280000 62
49.280000 49.632000 61
49.632000 50.272000 64
50.464000 52.128000 61
54.464000 54.528000 59
54.528000 54.816000 63
54.912000 56.160000 65
56.256000 57.504000 61
57.600000 58.560000 65
58.944000 59.008000 63
59.008000 59.168000 65
59.168000 59.392000 68
59.488000 60.192000 70
60.192000 60.480000 65
60.480000 60.928000 63
60.928000 61.312000 68
61.312000 61.536000 65
61.632000 62.752000 65
63.488000 64.224000 68
64.224000 64.736000 66
64.864000 65.280000 63
65.280000 65.792000 65
65.920000 66.464000 66
66.464000 66.688000 60
66.784000 67.008000 61
67.520000 67.712000 65
67.808000 68.224000 62
68.352000 68.416000 69
68.416000 68.800000 73
68.800000 69.888000 68
69.888000 71.136000 63
71.648000 71.776000 61
71.776000 72.224000 63
72.320000 73.312000 65
73.408000 74.624000 61
74.720000 75.680000 65
76.096000 76.160000 63
76.160000 76.320000 65
76.320000 76.672000 68
76.672000 77.056000 71
77.152000 77.632000 69
77.632000 79.808000 65
80.640000 81.376000 68
81.376000 81.664000 66
81.664000 83.296000 65
83.296000 83.488000 68
83.616000 84.480000 61
84.992000 85.472000 64
85.568000 85.920000 65
86.016000 86.208000 68
86.208000 86.624000 65
86.720000 87.008000 56
87.008000 87.136000 57
87.136000 88.032000 63
88.704000 88.992000 63
88.992000 89.856000 65
89.856000 91.648000 61
102.720000 102.816000 56
106.048000 106.112000 56
106.112000 106.336000 59
106.336000 106.496000 62
106.656000 106.944000 63
106.944000 107.424000 66
107.520000 108.224000 65
108.672000 108.832000 62
108.832000 109.248000 65
109.344000 109.536000 68
109.536000 110.208000 65
110.912000 111.168000 63
111.168000 111.392000 61
111.392000 111.840000 58
111.840000 114.336000 63
114.688000 114.976000 61
114.976000 115.744000 63
115.840000 116.480000 56
116.576000 116.736000 61
116.864000 117.024000 63
117.024000 117.056000 62
117.056000 117.760000 59
117.952000 118.752000 58
119.200000 119.456000 61
119.456000 119.520000 62
119.520000 119.904000 65
119.904000 120.224000 61
120.320000 120.800000 64
120.800000 120.960000 61
121.152000 123.072000 61
125.216000 125.536000 62
125.632000 126.880000 65
126.880000 127.040000 64
127.040000 128.288000 61
128.288000 129.280000 65
129.696000 129.888000 65
129.888000 130.080000 68
130.208000 130.752000 70
130.752000 130.944000 68
130.944000 131.168000 65
131.168000 131.648000 63
131.648000 132.224000 68
132.352000 133.632000 65
134.208000 134.944000 68
134.944000 135.424000 66
135.584000 136.064000 63
136.064000 136.512000 65
136.608000 137.088000 66
137.088000 137.376000 60
137.472000 137.760000 61
138.208000 138.432000 64
138.528000 138.944000 61
139.072000 139.520000 73
139.520000 140.608000 68
140.608000 141.856000 63
142.368000 142.496000 61
142.496000 142.976000 63
143.040000 144.064000 65
144.064000 145.376000 61
145.472000 145.632000 68
145.632000 145.920000 65
146.016000 146.400000 65
146.848000 147.072000 65
147.072000 147.328000 68
147.328000 147.776000 71
147.872000 148.416000 69
148.416000 148.672000 63
148.768000 150.624000 65
151.328000 152.096000 68
152.096000 153.120000 64
153.216000 153.472000 65
153.472000 154.208000 66
154.336000 155.200000 61
155.712000 156.192000 64
156.288000 156.608000 64
156.736000 156.960000 67
156.960000 157.280000 65
157.280000 157.344000 60
157.344000 157.792000 56
157.792000 158.816000 63
159.456000 159.744000 63
159.744000 160.544000 65
160.544000 162.560000 61
164.672000 164.768000 58
165.024000 165.184000 66
165.184000 165.440000 65
165.440000 165.856000 63
165.856000 167.072000 61
167.072000 167.776000 63
168.160000 168.224000 59
168.224000 168.288000 60
168.288000 168.480000 61
168.480000 169.824000 64
169.888000 170.048000 64
170.048000 170.752000 61
170.880000 171.104000 57
171.200000 171.936000 61
172.064000 172.160000 63
173.568000 175.872000 65
175.968000 176.512000 70
176.640000 177.024000 70
177.024000 177.728000 72
177.760000 178.848000 70
178.848000 179.104000 68
179.104000 179.328000 63
179.456000 182.528000 68
183.040000 183.424000 62
183.520000 183.648000 65
183.776000 184.768000 65
184.768000 186.112000 61
186.208000 187.168000 65
187.552000 187.680000 65
187.680000 187.968000 67
188.064000 188.800000 69
188.800000 189.120000 65
189.120000 189.504000 63
189.504000 190.080000 67
190.176000 191.360000 65
192.096000 192.800000 68
192.800000 193.280000 66
193.440000 193.856000 63
193.856000 194.304000 65
194.464000 194.912000 67
195.008000 195.200000 60
195.296000 195.520000 61
196.096000 196.320000 65
196.416000 196.832000 61
196.896000 196.960000 64
196.960000 197.312000 73
197.312000 197.600000 68
197.696000 198.464000 68
198.464000 198.976000 65
198.976000 199.648000 63
200.192000 200.352000 61
200.352000 200.640000 63
200.640000 201.920000 65
201.920000 203.232000 61
203.328000 204.224000 65
204.672000 204.896000 65
204.896000 205.216000 68
205.216000 205.632000 70
205.728000 206.176000 69
206.176000 206.464000 63
206.560000 208.576000 65
209.120000 209.312000 68
209.408000 209.856000 68
210.016000 210.240000 66
210.240000 210.464000 65
210.464000 211.520000 64
211.616000 211.744000 65
211.744000 212.000000 68
212.160000 213.024000 61
213.536000 213.664000 64
213.792000 214.048000 65
214.176000 214.464000 65
214.560000 214.752000 68
214.752000 215.200000 65
215.200000 215.840000 57
215.840000 216.672000 63
217.248000 217.536000 63
217.536000 218.400000 65
218.400000 220.128000 61
