8.640000 9.120000 51
9.312000 9.376000 51
9.504000 9.888000 51
11.904000 12.032000 49
13.344000 13.440000 49
13.440000 13.504000 50
13.504000 13.664000 54
13.888000 14.528000 55
14.688000 15.456000 58
16.736000 16.800000 54
16.800000 16.992000 57
17.120000 17.440000 56
17.440000 18.016000 54
18.240000 18.624000 50
19.968000 20.736000 59
21.152000 21.216000 55
21.216000 21.600000 59
21.600000 22.304000 62
22.400000 22.816000 58
22.816000 23.744000 56
26.272000 26.336000 51
26.336000 26.528000 55
26.528000 26.688000 59
26.848000 27.104000 59
27.264000 28.000000 60
28.000000 28.320000 62
29.664000 29.728000 54
29.728000 29.792000 56
29.792000 30.624000 59
30.624000 31.040000 56
31.136000 31.808000 60
32.768000 33.632000 62
34.176000 34.496000 59
34.592000 35.296000 58
35.392000 35.616000 59
35.616000 36.128000 57
36.128000 36.704000 55
39.296000 39.360000 49
39.360000 39.424000 51
39.424000 39.616000 55
39.840000 40.512000 56
40.672000 41.440000 59
42.688000 42.784000 54
42.784000 43.040000 57
43.136000 43.456000 56
43.456000 43.968000 54
44.192000 44.704000 51
45.952000 46.720000 59
46.816000 46.944000 59
47.104000 47.968000 60
47.968000 48.256000 63
48.416000 49.856000 57
52.256000 52.320000 54
52.320000 52.352000 55
52.352000 52.704000 59
52.832000 53.088000 59
53.248000 54.016000 60
54.016000 54.560000 62
55.680000 55.744000 55
55.744000 55.808000 57
55.808000 56.448000 59
56.448000 56.992000 56
57.120000 57.728000 60
58.752000 59.744000 62
60.160000 60.448000 59
60.544000 61.248000 58
61.376000 61.600000 59
61.600000 62.880000 56
65.376000 65.600000 58
65.600000 66.848000 59
66.848000 67.616000 56
68.480000 68.672000 48
68.672000 68.832000 52
69.024000 69.440000 56
69.472000 69.728000 53
69.920000 70.112000 53
70.240000 70.656000 50
70.752000 70.848000 50
71.936000 72.128000 58
72.128000 73.376000 59
73.376000 74.528000 56
75.008000 75.264000 59
75.296000 76.128000 60
77.024000 79.104000 62
81.696000 81.888000 55
82.080000 83.040000 56
83.136000 83.552000 60
84.704000 84.800000 53
84.928000 85.280000 57
85.280000 85.824000 56
85.824000 86.208000 53
86.400000 86.752000 50
88.032000 88.096000 53
88.096000 88.480000 59
88.576000 89.728000 60
89.888000 90.080000 61
90.688000 90.912000 59
91.040000 91.776000 57
94.688000 96.032000 59
96.128000 96.768000 62
97.888000 98.624000 59
98.720000 99.264000 56
99.392000 100.160000 60
100.960000 101.696000 62
101.760000 101.952000 61
102.336000 102.528000 56
102.528000 102.688000 60
102.688000 103.008000 58
103.232000 103.456000 58
103.712000 103.936000 60
103.936000 104.320000 57
104.480000 104.928000 56
107.456000 107.520000 49
107.520000 107.616000 51
107.616000 107.808000 55
108.064000 108.672000 56
108.864000 109.632000 59
110.880000 110.944000 55
110.944000 111.136000 57
111.328000 111.616000 56
111.616000 111.872000 54
111.968000 112.096000 53
112.448000 112.800000 51
114.112000 114.848000 60
115.360000 115.808000 60
115.808000 116.352000 62
116.544000 117.856000 57
120.416000 120.480000 51
120.480000 120.608000 54
120.608000 120.768000 59
121.024000 121.248000 59
121.440000 122.080000 60
122.080000 122.656000 62
123.840000 123.968000 57
123.968000 124.768000 59
124.768000 125.184000 56
125.312000 126.080000 60
126.912000 127.808000 62
128.352000 128.640000 59
128.736000 129.408000 58
129.568000 130.176000 58
130.176000 130.688000 56
133.600000 133.856000 58
133.856000 134.592000 59
134.592000 135.136000 58
135.136000 136.000000 55
136.608000 136.800000 47
136.864000 136.928000 49
136.928000 137.696000 56
137.696000 137.920000 53
138.368000 138.464000 50
138.752000 138.784000 50
140.128000 140.352000 58
140.352000 141.152000 59
141.152000 142.688000 58
143.264000 143.328000 51
143.328000 143.456000 55
143.552000 143.584000 59
143.616000 144.416000 60
144.448000 144.480000 60
144.800000 144.992000 62
145.184000 147.072000 62
149.856000 149.920000 52
149.920000 150.112000 55
150.240000 151.168000 56
151.296000 151.680000 60
152.864000 152.992000 54
153.120000 153.408000 57
153.536000 154.016000 55
154.016000 154.464000 53
154.592000 154.944000 51
156.160000 156.256000 49
156.256000 156.352000 52
156.352000 156.416000 56
156.416000 156.576000 60
156.736000 157.920000 60
158.080000 158.272000 62
158.816000 159.264000 58
159.264000 159.424000 56
159.520000 160.096000 57
162.848000 164.224000 59
164.320000 164.928000 62
166.016000 166.080000 52
166.080000 166.112000 54
166.112000 167.072000 59
167.072000 167.424000 56
167.552000 168.288000 60
169.120000 170.240000 62
170.528000 170.592000 52
170.592000 170.688000 56
170.688000 170.880000 59
170.880000 171.040000 57
171.392000 171.616000 58
171.808000 172.064000 59
172.192000 172.480000 56
172.608000 172.768000 56
172.832000 172.992000 56
175.648000 176.832000 62
177.056000 177.696000 58
177.888000 178.144000 58
178.304000 178.656000 59
178.656000 179.008000 57
179.136000 179.744000 56
182.112000 183.296000 62
183.488000 183.648000 56
183.648000 183.968000 59
184.064000 184.224000 58
184.384000 184.608000 58
184.832000 185.120000 59
185.120000 185.504000 57
185.632000 186.368000 56
190.272000 193.024000 56
