0.320000 0.704000 57
11.680000 11.776000 58
24.032000 24.128000 45
24.128000 24.160000 48
24.160000 24.224000 52
24.224000 24.320000 57
24.512000 26.016000 60
27.456000 28.384000 57
28.512000 29.952000 53
30.112000 30.592000 50
31.968000 33.920000 55
34.656000 35.040000 53
35.040000 35.200000 52
35.200000 36.480000 50
36.480000 37.664000 53
37.664000 37.952000 47
39.360000 39.424000 54
39.424000 39.648000 59
39.808000 40.256000 62
40.256000 41.536000 64
41.536000 41.888000 61
41.984000 42.560000 59
43.104000 43.552000 56
43.680000 44.128000 55
44.128000 44.608000 53
44.704000 44.928000 53
45.024000 45.824000 53
45.952000 46.240000 50
47.040000 47.776000 55
47.776000 48.160000 50
48.256000 48.352000 51
48.576000 48.672000 50
48.672000 49.312000 55
49.312000 49.728000 60
50.016000 51.552000 55
51.552000 52.896000 52
53.184000 53.280000 53
54.592000 54.656000 59
54.656000 56.800000 64
56.896000 57.856000 60
57.856000 57.888000 58
57.888000 58.656000 53
58.656000 60.224000 57
61.728000 61.856000 59
61.856000 63.040000 65
63.136000 65.152000 61
65.152000 65.600000 52
65.696000 66.400000 55
68.096000 68.160000 48
68.160000 68.224000 50
68.224000 68.672000 54
68.768000 69.600000 56
69.600000 69.696000 50
69.856000 69.952000 50
71.712000 71.776000 50
71.776000 71.808000 52
71.808000 72.864000 56
72.864000 73.920000 60
75.072000 76.000000 55
76.096000 76.192000 48
76.544000 76.608000 50
76.768000 76.928000 50
76.928000 76.992000 52
76.992000 77.056000 53
77.056000 77.696000 55
77.696000 78.368000 60
78.400000 80.128000 60
80.128000 81.056000 57
81.184000 82.944000 53
96.448000 96.512000 45
96.512000 96.576000 47
96.576000 96.640000 50
96.640000 96.672000 54
96.672000 96.864000 59
97.056000 98.368000 60
99.744000 100.992000 57
101.088000 102.400000 53
102.432000 102.496000 50
102.560000 102.720000 50
102.816000 102.944000 50
104.096000 105.888000 55
106.080000 106.176000 55
106.688000 107.104000 53
107.104000 108.064000 50
108.320000 108.512000 50
108.512000 108.928000 53
111.072000 111.136000 56
111.136000 111.392000 59
111.552000 112.096000 62
112.096000 112.992000 65
112.992000 113.408000 61
113.472000 114.208000 60
114.656000 114.880000 54
114.880000 115.072000 56
115.200000 115.552000 55
115.552000 115.744000 52
115.840000 116.352000 53
116.480000 117.184000 53
117.280000 117.792000 50
118.208000 119.008000 55
119.008000 119.424000 50
119.680000 119.840000 50
119.840000 120.480000 55
120.480000 120.800000 60
120.800000 120.832000 57
121.152000 121.440000 57
121.440000 122.912000 55
122.912000 124.320000 52
125.184000 125.376000 60
125.376000 127.456000 64
127.552000 128.576000 60
128.768000 128.960000 52
129.120000 129.184000 55
129.184000 129.280000 56
129.280000 130.208000 58
130.208000 131.232000 56
132.256000 135.680000 62
135.680000 136.224000 53
136.224000 137.248000 55
137.248000 137.888000 58
137.888000 137.952000 58
137.952000 137.984000 58
137.984000 138.080000 58
138.080000 138.144000 58
138.144000 138.304000 58
138.304000 138.592000 58
138.688000 139.072000 55
139.200000 140.128000 56
140.128000 140.320000 50
142.080000 142.144000 50
142.144000 142.208000 52
142.208000 142.592000 55
142.592000 143.168000 57
143.168000 144.672000 60
145.504000 146.432000 55
146.432000 146.464000 49
146.528000 146.592000 49
147.232000 147.296000 51
147.296000 147.392000 52
147.392000 147.456000 54
147.456000 147.872000 55
147.872000 150.304000 60
150.400000 151.424000 56
151.520000 151.584000 51
151.584000 151.936000 54
152.032000 154.272000 53
166.464000 166.528000 55
166.528000 166.912000 60
166.944000 167.040000 59
167.040000 167.264000 62
167.328000 167.392000 61
167.392000 167.520000 63
167.520000 168.608000 65
168.608000 169.632000 60
170.368000 171.296000 55
171.424000 171.648000 52
171.744000 173.056000 53
173.056000 173.440000 50
174.016000 174.080000 52
174.080000 174.720000 55
174.944000 175.040000 51
175.136000 175.232000 50
175.552000 175.680000 50
175.680000 176.032000 55
176.032000 176.288000 57
176.288000 176.736000 60
177.024000 177.280000 57
177.280000 177.376000 52
177.376000 178.880000 55
178.880000 180.032000 52
181.120000 181.184000 60
181.184000 182.400000 64
182.400000 182.752000 62
182.752000 183.296000 63
183.296000 184.352000 60
184.352000 185.440000 55
185.440000 186.496000 57
187.968000 188.032000 60
188.032000 188.160000 62
188.160000 189.440000 64
189.440000 191.392000 61
191.488000 192.704000 54
194.112000 194.336000 54
194.336000 195.040000 55
195.040000 195.712000 56
195.712000 196.352000 50
197.760000 197.824000 50
197.824000 197.888000 52
197.888000 198.336000 54
198.336000 200.000000 59
200.096000 200.192000 59
201.152000 202.016000 55
202.144000 202.240000 50
202.528000 202.624000 50
202.912000 202.976000 51
202.976000 203.136000 53
203.136000 203.520000 55
203.520000 205.888000 60
206.080000 207.136000 57
207.296000 207.360000 50
207.360000 207.648000 54
207.744000 209.312000 53
209.568000 210.048000 54
210.144000 210.240000 54
215.424000 215.680000 60
216.192000 216.480000 58
216.992000 217.312000 58
218.752000 218.912000 60
