6.688000 6.816000 68
25.408000 25.952000 60
25.952000 27.008000 63
27.168000 27.488000 60
27.648000 28.096000 56
28.256000 28.512000 68
28.512000 28.992000 65
29.088000 30.112000 61
30.208000 30.304000 61
31.200000 31.456000 63
31.584000 31.936000 65
32.032000 32.640000 63
32.736000 32.960000 70
32.960000 33.312000 68
33.312000 33.568000 66
33.664000 34.048000 63
34.176000 34.848000 60
34.848000 35.840000 56
37.024000 37.824000 63
37.920000 38.240000 60
38.240000 38.816000 63
38.944000 39.680000 65
39.968000 40.032000 60
40.032000 40.064000 65
40.064000 40.864000 68
40.864000 41.440000 65
41.440000 42.848000 70
43.008000 45.696000 71
45.920000 46.976000 70
47.456000 48.000000 65
48.096000 50.592000 63
51.744000 51.936000 68
51.936000 52.832000 70
52.928000 53.024000 72
53.024000 53.568000 69
53.664000 57.248000 68
57.984000 58.368000 60
58.464000 58.976000 63
59.136000 59.328000 65
59.328000 59.584000 63
59.584000 60.448000 57
60.704000 60.960000 68
60.960000 61.344000 65
61.440000 61.600000 59
61.760000 62.528000 62
63.424000 64.288000 64
64.416000 64.800000 63
64.800000 65.088000 65
65.088000 65.312000 70
65.312000 65.664000 68
65.664000 66.080000 65
66.080000 67.232000 60
67.328000 67.520000 57
67.680000 68.416000 56
69.568000 70.976000 60
70.976000 71.328000 63
71.328000 72.032000 65
72.384000 72.448000 61
72.448000 73.152000 68
73.216000 73.824000 65
73.824000 74.944000 69
75.360000 78.016000 71
78.240000 78.848000 70
78.848000 79.456000 68
79.776000 83.168000 63
84.096000 84.352000 68
84.352000 85.216000 70
85.312000 85.408000 71
85.408000 85.952000 68
86.016000 89.984000 68
90.080000 90.432000 68
102.144000 102.752000 60
102.752000 103.936000 63
104.032000 104.256000 60
104.256000 104.896000 56
105.184000 105.408000 68
105.408000 105.760000 64
105.952000 106.912000 61
107.872000 108.960000 65
109.024000 109.504000 65
109.504000 110.432000 68
110.592000 110.848000 63
110.848000 112.288000 60
112.288000 113.088000 56
113.984000 114.208000 60
114.432000 114.528000 63
114.688000 115.104000 60
115.488000 115.744000 64
115.936000 116.032000 65
116.192000 116.480000 64
116.864000 116.960000 60
116.960000 117.152000 67
117.280000 117.728000 68
117.728000 118.080000 65
118.272000 119.520000 70
119.904000 122.560000 71
122.752000 123.968000 70
124.352000 127.872000 63
128.736000 128.896000 68
128.896000 129.824000 70
129.920000 134.016000 68
135.104000 135.360000 60
135.456000 136.000000 63
136.192000 136.416000 65
136.416000 136.672000 63
136.672000 136.768000 61
136.768000 137.600000 57
137.824000 138.048000 68
138.048000 138.496000 65
138.592000 138.752000 60
138.912000 139.552000 62
139.744000 139.840000 62
140.640000 141.088000 64
141.088000 141.440000 65
141.600000 141.984000 63
141.984000 142.368000 65
142.368000 142.528000 71
142.528000 143.008000 69
143.008000 143.104000 66
143.104000 144.448000 61
144.544000 145.472000 56
145.568000 145.664000 56
146.752000 146.816000 58
146.816000 146.880000 60
146.880000 147.328000 63
147.328000 148.032000 59
148.160000 148.576000 63
148.576000 149.248000 65
149.632000 149.696000 61
149.696000 150.496000 68
150.592000 151.008000 65
151.232000 151.680000 68
151.680000 152.320000 70
152.736000 155.360000 71
155.552000 156.704000 70
157.184000 160.384000 63
161.536000 161.696000 68
161.696000 162.528000 70
162.528000 163.392000 70
163.488000 167.392000 68
179.552000 179.968000 60
179.968000 180.608000 63
180.768000 180.928000 65
180.928000 181.120000 63
181.280000 181.632000 59
181.760000 182.240000 56
182.368000 182.624000 68
182.720000 182.944000 65
182.944000 184.352000 61
185.312000 185.600000 63
185.696000 186.144000 65
186.144000 186.592000 63
186.592000 186.912000 65
186.912000 187.200000 71
187.200000 187.456000 68
187.456000 188.256000 64
188.416000 188.544000 60
188.640000 189.088000 61
189.088000 190.048000 57
190.144000 190.272000 56
191.200000 191.328000 58
191.328000 192.064000 63
192.224000 192.768000 60
192.768000 193.120000 63
193.280000 193.824000 64
194.144000 194.752000 68
194.752000 195.040000 69
195.040000 195.936000 66
195.936000 196.128000 70
196.320000 197.088000 70
197.312000 199.936000 71
200.128000 200.416000 70
200.512000 200.800000 70
200.800000 201.248000 68
201.728000 202.336000 64
202.432000 204.992000 63
206.080000 206.272000 68
206.272000 207.200000 70
207.296000 211.712000 68
212.256000 212.768000 60
212.768000 213.952000 63
214.048000 214.240000 59
214.240000 214.880000 56
215.168000 215.424000 68
215.424000 215.840000 65
216.000000 217.024000 61
218.016000 218.400000 63
218.400000 219.072000 65
219.200000 219.616000 65
219.616000 219.840000 70
219.840000 220.512000 67
220.672000 220.896000 63
220.896000 222.080000 60
222.080000 222.720000 56
224.000000 224.224000 61
224.448000 224.576000 63
224.704000 225.152000 59
225.440000 225.696000 63
225.920000 226.464000 65
226.848000 226.912000 66
226.912000 227.040000 67
227.040000 227.744000 68
227.744000 228.128000 65
228.320000 228.704000 68
228.800000 229.664000 70
229.984000 232.576000 71
232.800000 233.920000 69
234.496000 235.072000 64
235.168000 237.728000 63
238.752000 239.808000 70
239.936000 244.832000 68
