26.784000 26.848000 57
26.848000 26.944000 59
26.944000 27.040000 61
27.040000 28.032000 64
28.160000 28.800000 63
28.800000 29.632000 61
30.048000 30.112000 63
30.112000 30.208000 64
30.208000 30.304000 65
30.304000 31.360000 68
31.488000 32.544000 67
32.544000 33.184000 64
33.312000 35.712000 61
36.320000 37.120000 65
37.344000 39.136000 62
40.096000 40.224000 58
40.224000 40.288000 59
40.288000 41.344000 63
41.504000 41.920000 64
41.920000 42.720000 67
42.816000 43.200000 61
43.456000 43.520000 62
43.520000 43.744000 65
43.744000 46.752000 68
46.752000 47.168000 63
47.168000 48.768000 61
48.864000 48.960000 61
49.856000 50.400000 63
50.496000 52.512000 60
53.440000 53.824000 63
53.824000 54.496000 61
54.752000 55.616000 60
55.712000 56.160000 66
56.288000 56.736000 67
56.832000 57.376000 61
57.376000 59.264000 67
60.160000 60.224000 71
60.224000 60.416000 75
60.512000 60.608000 67
60.736000 60.800000 67
60.800000 62.560000 69
62.560000 62.784000 71
63.008000 63.328000 67
63.520000 66.368000 64
66.784000 67.136000 63
67.136000 68.096000 60
68.576000 68.992000 60
69.152000 69.792000 61
70.144000 70.816000 60
71.104000 72.352000 67
72.480000 73.056000 60
73.248000 75.776000 58
76.736000 79.136000 59
80.960000 82.784000 60
82.880000 83.232000 62
83.264000 84.320000 62
84.416000 87.360000 60
87.488000 88.448000 60
88.544000 89.024000 61
89.184000 89.344000 66
89.408000 90.752000 67
90.784000 91.392000 69
91.648000 92.800000 67
92.864000 93.216000 67
93.600000 95.328000 67
95.520000 98.112000 67
98.368000 99.712000 68
99.808000 100.256000 68
100.608000 102.752000 67
102.816000 103.104000 67
103.168000 104.256000 67
104.256000 106.528000 69
107.008000 110.816000 67
110.944000 111.488000 63
111.680000 111.840000 62
111.840000 113.216000 64
113.216000 113.792000 67
114.016000 116.608000 67
116.768000 117.696000 67
117.696000 117.824000 68
117.824000 119.424000 69
119.424000 125.024000 72
147.200000 147.264000 58
147.264000 147.360000 60
147.360000 148.416000 63
148.512000 149.248000 63
149.248000 149.952000 61
150.464000 150.528000 63
150.528000 150.720000 65
150.720000 151.776000 69
151.904000 152.928000 68
153.024000 153.568000 64
153.760000 156.224000 61
156.736000 157.600000 65
157.792000 159.200000 62
160.512000 160.640000 59
160.640000 160.736000 60
160.736000 161.792000 63
161.920000 162.336000 64
162.336000 163.136000 67
163.232000 163.680000 61
163.872000 163.936000 63
163.936000 164.128000 65
164.128000 164.608000 67
164.608000 165.216000 69
165.216000 166.560000 68
166.560000 167.104000 64
167.200000 169.184000 61
170.240000 170.784000 63
170.912000 172.832000 60
173.920000 174.304000 63
174.304000 174.944000 61
175.168000 175.712000 60
175.712000 176.064000 61
176.064000 176.576000 67
176.736000 177.152000 67
177.152000 178.272000 63
178.272000 179.712000 67
180.576000 180.640000 61
180.640000 180.768000 64
180.768000 181.024000 66
181.184000 181.248000 67
181.248000 182.592000 69
182.592000 183.200000 71
183.392000 183.680000 67
183.904000 186.784000 64
187.232000 187.808000 62
187.904000 188.704000 61
188.928000 189.440000 60
189.568000 190.400000 61
190.592000 191.168000 61
191.168000 191.392000 67
191.520000 192.768000 67
192.928000 193.472000 60
193.664000 195.904000 58
197.024000 200.576000 59
204.576000 210.816000 61
210.976000 211.168000 60
211.264000 212.832000 60
212.960000 213.184000 67
213.280000 214.496000 67
214.528000 215.232000 69
215.456000 216.448000 67
216.864000 216.960000 64
217.376000 221.568000 67
221.696000 221.888000 68
222.112000 223.520000 68
223.616000 223.968000 67
224.384000 225.952000 67
226.048000 227.008000 67
227.104000 229.120000 68
229.280000 229.408000 72
229.408000 230.304000 68
230.496000 230.624000 67
230.816000 235.168000 67
235.488000 236.256000 69
236.320000 236.512000 68
236.512000 237.568000 69
237.728000 237.856000 65
237.856000 238.144000 66
238.144000 239.712000 67
239.712000 240.256000 71
240.512000 240.576000 68
240.576000 242.528000 71
242.528000 242.656000 69
242.752000 242.976000 69
242.976000 243.680000 67
244.160000 246.528000 67
246.624000 248.000000 67
248.096000 248.352000 68
248.864000 250.240000 69
250.496000 250.848000 67
251.136000 256.064000 67
256.224000 256.320000 69
256.416000 256.992000 67
257.568000 261.312000 67
261.472000 261.952000 63
262.208000 263.712000 64
263.712000 264.224000 67
264.576000 266.976000 67
267.264000 268.160000 67
268.160000 268.384000 68
268.384000 271.264000 69
271.264000 273.376000 64
274.304000 274.816000 63
274.912000 275.136000 60
275.232000 275.744000 60
275.904000 276.384000 60
277.504000 279.968000 60
280.672000 285.280000 60
