1.088000 1.184000 68
1.184000 1.312000 69
1.312000 2.592000 70
2.592000 3.776000 72
3.808000 4.256000 70
4.480000 5.376000 69
5.472000 5.632000 67
6.560000 7.328000 68
7.808000 7.936000 69
8.032000 8.576000 70
8.672000 8.768000 70
8.864000 8.992000 69
9.280000 9.376000 70
9.792000 10.176000 73
10.272000 10.560000 69
10.752000 10.880000 70
11.136000 11.840000 69
11.936000 12.096000 66
12.640000 12.672000 65
12.768000 12.992000 66
13.312000 13.728000 69
14.016000 14.656000 77
14.944000 15.296000 77
15.296000 16.416000 78
22.880000 23.808000 66
23.936000 24.128000 66
24.352000 25.216000 66
25.504000 25.696000 61
25.824000 25.920000 63
25.920000 26.080000 65
26.240000 26.496000 68
26.624000 26.784000 67
26.880000 28.128000 66
29.984000 30.784000 69
31.200000 31.360000 69
31.360000 31.424000 67
31.808000 32.576000 67
33.088000 33.472000 65
33.472000 33.760000 63
34.112000 34.240000 66
34.336000 35.136000 69
35.232000 37.248000 70
37.920000 38.880000 66
39.008000 40.224000 66
40.864000 41.024000 63
41.024000 41.184000 66
41.280000 41.600000 68
41.728000 43.360000 66
43.968000 44.096000 66
45.440000 46.144000 70
46.272000 46.432000 69
46.560000 47.584000 68
48.192000 48.288000 66
49.024000 49.664000 66
49.664000 50.432000 69
50.432000 51.360000 72
52.480000 52.576000 70
53.408000 53.664000 61
53.760000 54.144000 62
54.144000 54.208000 63
54.208000 54.368000 65
54.368000 54.624000 66
54.624000 55.520000 68
55.520000 55.584000 72
55.584000 57.184000 70
57.344000 58.528000 65
58.624000 59.456000 61
60.096000 60.288000 68
60.480000 60.800000 69
61.280000 62.144000 68
62.144000 62.880000 71
62.880000 63.872000 69
64.256000 64.480000 63
64.480000 64.672000 64
64.672000 65.952000 66
66.336000 67.040000 70
67.232000 67.328000 70
67.872000 68.128000 59
68.256000 68.928000 60
68.960000 69.344000 70
69.696000 70.432000 69
70.688000 70.880000 67
71.584000 71.680000 74
71.776000 72.064000 69
72.160000 72.640000 67
73.088000 73.856000 69
73.888000 73.952000 70
74.336000 74.432000 78
74.432000 74.464000 74
74.464000 74.816000 71
74.880000 75.456000 72
75.584000 75.936000 70
75.936000 76.608000 67
76.608000 77.120000 69
77.216000 77.440000 67
77.952000 78.240000 65
78.400000 78.464000 65
78.464000 79.104000 69
79.552000 81.248000 65
81.440000 81.760000 64
81.888000 82.400000 64
82.496000 83.040000 60
83.040000 83.456000 63
83.552000 83.648000 63
83.776000 84.160000 63
84.416000 84.800000 62
84.992000 85.120000 62
91.360000 91.456000 65
93.088000 93.824000 66
93.952000 94.336000 65
94.592000 95.616000 66
95.840000 95.968000 60
96.096000 96.256000 63
96.256000 96.384000 65
96.672000 96.768000 68
96.896000 97.024000 67
97.120000 98.368000 66
100.192000 100.288000 67
100.448000 100.544000 69
100.640000 101.600000 70
101.728000 102.944000 68
103.200000 103.456000 64
103.616000 103.712000 64
103.712000 103.872000 62
104.192000 104.672000 65
104.800000 105.600000 69
105.600000 106.528000 72
107.648000 107.808000 77
109.440000 109.664000 66
109.792000 110.208000 69
110.208000 110.656000 68
110.656000 110.976000 72
110.976000 112.480000 69
112.928000 113.696000 65
113.792000 114.464000 61
115.168000 115.552000 59
115.712000 115.968000 62
116.128000 116.544000 66
116.544000 117.216000 68
117.376000 117.760000 72
117.760000 118.112000 70
118.144000 119.008000 69
119.360000 119.520000 62
119.520000 119.648000 63
119.648000 121.088000 66
121.568000 122.272000 69
122.880000 122.944000 70
123.008000 123.040000 63
123.584000 124.064000 60
124.320000 124.544000 70
124.928000 125.632000 69
126.624000 126.720000 65
126.720000 126.880000 63
127.040000 127.168000 69
127.616000 127.712000 66
128.000000 128.064000 67
128.224000 128.928000 69
129.120000 129.280000 68
129.440000 129.600000 69
129.728000 129.792000 59
130.112000 130.304000 61
130.400000 130.656000 61
131.072000 131.200000 70
131.584000 132.288000 70
132.640000 132.736000 68
133.280000 133.472000 65
133.696000 133.792000 78
133.952000 134.016000 67
134.592000 134.688000 77
134.784000 135.136000 79
147.136000 147.232000 71
153.760000 153.952000 65
154.592000 155.136000 66
155.136000 157.664000 69
158.432000 159.168000 67
159.360000 161.280000 65
161.664000 164.832000 69
165.024000 165.952000 70
166.048000 166.432000 70
166.848000 167.424000 72
167.680000 167.776000 71
167.808000 167.872000 71
167.872000 168.032000 74
168.320000 169.568000 69
169.824000 169.920000 65
170.112000 170.336000 63
170.432000 171.168000 67
171.744000 172.512000 69
172.544000 172.640000 70
172.736000 172.768000 68
172.992000 173.184000 70
173.216000 173.312000 72
173.344000 173.376000 70
173.440000 173.568000 70
173.568000 174.112000 73
174.464000 174.656000 71
175.040000 176.256000 69
176.480000 176.992000 65
177.312000 177.728000 69
177.856000 178.080000 68
178.400000 179.104000 70
179.200000 179.296000 71
179.424000 179.552000 70
179.648000 179.776000 70
179.872000 179.904000 71
180.224000 180.768000 72
180.896000 181.024000 69
181.088000 181.440000 70
181.600000 182.528000 69
182.688000 182.880000 67
183.200000 183.296000 65
183.616000 183.712000 62
183.840000 183.904000 69
184.096000 184.480000 67
184.672000 184.736000 67
185.280000 186.016000 70
186.496000 186.560000 72
186.944000 187.488000 73
187.520000 187.584000 69
187.616000 187.968000 70
188.256000 189.664000 69
189.888000 190.304000 65
190.592000 191.104000 69
191.296000 191.456000 67
191.840000 191.968000 63
192.608000 192.768000 62
193.024000 193.248000 65
193.440000 193.792000 69
193.824000 194.048000 67
194.592000 195.680000 70
195.776000 195.968000 67
196.000000 196.064000 68
