32.640000 32.800000 57
32.960000 33.152000 60
33.248000 33.440000 60
33.440000 33.664000 62
33.792000 34.240000 64
34.560000 34.816000 57
34.816000 35.232000 61
35.360000 35.712000 64
36.096000 36.320000 57
36.320000 36.736000 62
36.832000 37.184000 64
37.344000 37.568000 57
37.568000 38.464000 60
38.880000 39.136000 57
39.136000 39.776000 61
39.936000 40.128000 64
40.736000 40.992000 57
40.992000 41.344000 61
41.536000 41.824000 64
42.304000 42.400000 57
42.560000 43.456000 62
43.552000 43.776000 62
43.776000 43.968000 60
44.128000 44.576000 55
45.120000 45.184000 53
45.184000 45.344000 57
45.344000 45.984000 60
46.144000 46.368000 64
46.944000 47.072000 55
47.200000 47.584000 61
48.480000 48.736000 57
48.736000 49.152000 62
49.792000 49.856000 55
49.856000 50.048000 57
50.048000 50.848000 62
51.360000 51.424000 56
51.424000 51.552000 57
51.552000 52.160000 60
52.352000 52.992000 64
53.120000 53.376000 67
53.376000 53.728000 62
53.888000 54.272000 64
54.656000 54.912000 57
54.912000 55.328000 61
55.424000 55.840000 63
55.968000 58.304000 60
59.008000 59.232000 64
59.232000 59.456000 67
59.584000 61.024000 69
61.120000 61.856000 67
62.144000 62.336000 64
62.464000 62.720000 59
62.720000 62.880000 60
62.880000 63.520000 62
63.520000 64.512000 60
64.512000 64.800000 62
65.152000 65.440000 64
65.440000 65.664000 67
65.824000 68.000000 69
68.256000 68.480000 64
68.576000 68.704000 60
68.864000 69.728000 62
69.856000 70.016000 60
70.016000 70.976000 63
71.392000 71.584000 64
71.680000 72.096000 67
72.096000 74.144000 69
74.496000 74.720000 64
74.720000 75.904000 62
76.192000 76.448000 57
76.576000 77.248000 62
77.664000 77.792000 57
77.888000 78.144000 60
78.144000 78.624000 63
78.720000 79.712000 60
79.712000 80.192000 62
80.416000 81.408000 60
81.856000 83.520000 64
83.968000 84.096000 57
84.192000 84.832000 60
84.992000 85.440000 64
85.728000 85.952000 57
85.952000 86.368000 61
86.528000 86.720000 64
87.328000 87.520000 57
87.520000 87.936000 62
88.032000 88.256000 64
88.576000 88.800000 57
88.800000 89.664000 60
90.048000 90.304000 57
90.304000 90.912000 60
91.840000 92.288000 59
92.288000 92.512000 62
93.472000 93.568000 55
93.728000 93.792000 60
93.792000 95.168000 62
95.296000 95.872000 55
96.288000 96.512000 56
96.512000 97.184000 60
97.312000 97.920000 64
98.368000 98.752000 62
98.880000 99.264000 64
99.680000 99.936000 57
99.936000 100.352000 62
100.448000 100.896000 64
101.024000 101.216000 57
101.216000 102.208000 61
102.496000 102.688000 57
102.688000 103.328000 60
103.520000 104.000000 64
104.320000 104.608000 67
104.608000 104.928000 62
105.120000 105.504000 64
105.888000 106.080000 57
106.176000 106.560000 61
106.656000 107.104000 63
107.232000 110.400000 60
136.352000 136.800000 64
136.800000 137.088000 67
137.152000 137.376000 67
137.376000 139.040000 69
139.040000 139.584000 67
139.744000 139.904000 64
140.000000 140.128000 60
140.288000 141.120000 62
141.248000 142.080000 60
142.080000 142.432000 62
142.720000 143.008000 64
143.008000 143.232000 67
143.360000 145.568000 69
145.856000 146.048000 64
146.208000 146.304000 60
146.432000 147.296000 62
147.392000 147.776000 66
147.776000 148.672000 64
149.024000 149.344000 64
149.344000 149.536000 67
149.536000 151.840000 69
152.096000 152.448000 64
152.448000 152.512000 62
152.512000 152.864000 60
152.864000 153.696000 62
153.696000 154.912000 60
155.200000 155.488000 57
155.488000 155.648000 60
155.808000 156.384000 62
156.384000 157.248000 60
157.344000 157.792000 62
157.856000 158.336000 62
158.336000 158.912000 60
159.424000 162.784000 64
162.880000 163.456000 64
163.648000 163.776000 64
191.840000 192.000000 57
192.128000 192.768000 60
192.896000 193.568000 64
193.728000 193.952000 57
193.952000 194.144000 60
194.144000 194.880000 64
195.264000 195.488000 57
195.488000 195.904000 62
196.000000 196.352000 64
196.544000 196.800000 57
196.800000 197.696000 61
198.048000 198.272000 57
198.272000 198.976000 60
199.136000 199.872000 64
199.936000 200.160000 57
200.160000 200.192000 59
200.192000 200.960000 62
201.376000 201.504000 57
201.664000 202.624000 62
202.720000 203.136000 62
203.232000 203.808000 55
204.320000 204.512000 57
204.512000 205.152000 61
205.344000 205.952000 64
206.112000 206.240000 57
206.400000 206.560000 60
206.560000 207.264000 64
207.648000 207.872000 57
207.872000 208.256000 61
208.352000 208.832000 64
208.960000 209.024000 54
209.024000 209.184000 57
209.184000 210.016000 62
210.528000 210.720000 57
210.720000 211.296000 60
211.456000 212.160000 64
212.256000 212.576000 67
212.576000 212.960000 62
213.088000 213.408000 64
213.824000 214.112000 57
214.112000 215.072000 62
215.232000 215.648000 62
215.744000 218.304000 60
