3.968000 7.904000 64
8.704000 8.800000 66
8.928000 9.248000 67
9.248000 9.664000 69
9.792000 9.856000 61
9.856000 10.176000 62
10.176000 11.168000 64
11.168000 12.512000 62
13.504000 13.568000 56
13.568000 14.144000 62
14.144000 15.520000 65
15.680000 15.904000 64
16.000000 16.352000 65
16.448000 16.992000 64
17.600000 17.664000 57
17.664000 17.696000 62
17.696000 18.528000 67
18.624000 18.720000 67
18.816000 18.912000 75
18.912000 20.320000 71
20.320000 22.784000 69
24.512000 24.896000 57
25.056000 25.312000 57
25.312000 25.568000 60
25.568000 26.208000 64
26.560000 26.816000 64
27.040000 28.128000 64
32.448000 32.800000 62
33.056000 33.152000 61
33.152000 33.312000 62
33.312000 33.600000 64
33.600000 34.112000 69
34.528000 34.912000 64
35.040000 35.328000 64
35.328000 35.456000 60
35.584000 36.192000 64
36.576000 36.928000 64
36.928000 37.248000 60
37.344000 37.536000 64
37.536000 37.856000 62
37.856000 38.528000 59
38.624000 40.192000 57
40.544000 40.960000 55
41.056000 41.344000 57
41.344000 41.568000 60
41.568000 42.080000 56
42.560000 42.976000 64
43.072000 43.424000 64
43.424000 43.552000 67
43.680000 44.000000 64
44.480000 44.960000 67
45.088000 45.344000 69
45.344000 45.536000 67
45.536000 45.856000 64
45.856000 46.048000 67
46.048000 46.528000 64
46.720000 48.032000 64
48.512000 49.536000 62
49.632000 50.016000 62
50.560000 50.848000 62
50.848000 51.296000 64
51.296000 52.000000 58
52.672000 53.600000 62
53.760000 54.112000 60
54.176000 54.560000 59
54.720000 55.040000 57
55.136000 55.296000 57
55.392000 55.744000 57
55.936000 56.064000 56
56.544000 56.992000 62
57.120000 57.792000 62
58.112000 58.432000 61
58.560000 58.880000 64
59.136000 59.360000 64
59.360000 60.096000 67
60.576000 60.672000 69
60.672000 60.800000 66
61.088000 62.624000 69
62.624000 64.192000 71
64.576000 64.992000 72
65.088000 65.184000 75
65.184000 65.536000 72
65.632000 66.240000 68
66.624000 67.488000 71
67.584000 67.904000 64
67.904000 68.192000 67
68.608000 68.992000 69
68.992000 70.016000 67
70.112000 70.208000 65
70.304000 72.096000 63
72.480000 73.536000 72
73.632000 74.240000 69
74.560000 74.624000 67
74.624000 75.328000 71
75.328000 75.616000 69
75.616000 76.256000 66
76.576000 76.992000 69
76.992000 77.248000 67
77.344000 77.568000 69
77.568000 77.792000 67
77.792000 77.984000 64
78.080000 78.368000 62
78.592000 78.880000 62
78.880000 79.392000 64
79.392000 80.448000 63
80.448000 80.768000 68
80.768000 81.952000 62
82.080000 82.432000 64
82.560000 82.944000 67
83.040000 83.584000 67
83.584000 85.088000 71
85.088000 87.488000 69
87.552000 87.936000 68
88.544000 88.896000 57
89.056000 89.312000 57
89.312000 89.568000 60
89.568000 90.176000 63
90.560000 90.816000 64
91.072000 92.192000 64
95.136000 95.328000 67
95.328000 96.800000 64
97.056000 97.344000 62
97.344000 97.600000 64
97.600000 98.080000 69
98.528000 98.944000 64
99.040000 100.192000 64
100.576000 100.928000 64
100.928000 101.248000 60
101.344000 101.536000 64
101.536000 101.856000 62
101.856000 104.160000 57
104.544000 104.960000 55
105.056000 105.344000 57
105.344000 105.568000 60
105.568000 106.080000 56
106.560000 106.976000 64
107.072000 107.424000 64
107.424000 107.552000 67
107.680000 108.000000 64
108.480000 108.960000 67
109.088000 109.344000 69
109.344000 109.536000 67
109.536000 109.856000 64
109.856000 110.048000 67
110.048000 110.528000 64
110.720000 112.032000 64
112.512000 113.536000 62
113.632000 114.016000 62
114.560000 114.848000 62
114.848000 115.296000 64
115.296000 115.584000 61
115.584000 116.000000 57
116.672000 117.600000 62
117.760000 118.112000 60
118.176000 118.560000 59
118.720000 118.848000 57
118.944000 119.040000 58
119.392000 119.744000 57
119.904000 119.968000 56
120.032000 120.160000 57
120.544000 120.992000 62
121.088000 121.184000 65
121.184000 121.792000 62
122.112000 122.432000 61
122.560000 122.752000 64
123.136000 123.360000 64
123.360000 124.096000 67
124.576000 124.672000 69
124.672000 124.800000 66
125.088000 126.624000 69
126.624000 128.192000 71
128.544000 128.992000 72
129.088000 129.184000 75
129.184000 129.536000 72
129.632000 130.272000 68
130.624000 130.816000 71
131.104000 131.328000 71
131.328000 131.456000 69
131.456000 132.416000 67
132.608000 132.992000 69
133.088000 133.472000 68
133.600000 133.792000 67
133.792000 134.016000 64
134.304000 136.160000 63
136.480000 136.992000 72
137.088000 137.536000 71
137.632000 138.208000 69
138.592000 139.328000 71
139.328000 139.616000 69
139.616000 140.288000 66
140.576000 140.992000 69
140.992000 141.248000 67
141.344000 141.536000 69
141.536000 141.824000 67
141.824000 141.984000 64
142.080000 142.368000 62
142.592000 142.848000 62
142.944000 144.512000 63
144.672000 145.952000 62
146.080000 146.432000 64
146.560000 146.880000 67
147.072000 147.584000 67
147.584000 149.088000 71
149.088000 151.936000 69
154.592000 154.688000 74
164.096000 164.192000 67
166.624000 167.424000 69
167.552000 167.840000 69
168.288000 168.480000 69
170.528000 171.008000 62
171.104000 171.200000 64
171.200000 171.808000 61
172.096000 172.448000 61
172.544000 172.832000 64
173.120000 173.376000 64
173.376000 173.888000 67
173.888000 174.304000 64
174.560000 174.656000 69
174.656000 174.784000 67
175.072000 176.640000 69
176.640000 177.568000 71
177.632000 177.664000 68
177.696000 178.208000 69
178.336000 178.592000 67
178.592000 179.008000 72
179.104000 179.392000 72
179.392000 180.256000 69
180.608000 180.800000 71
180.800000 180.992000 67
181.056000 181.344000 71
181.344000 181.472000 69
181.472000 181.568000 67
181.568000 182.368000 66
182.624000 183.232000 69
183.328000 183.488000 69
183.616000 183.808000 67
183.808000 184.000000 64
184.128000 184.192000 65
184.224000 186.112000 62
186.464000 186.976000 72
187.136000 187.552000 72
187.648000 188.224000 69
188.576000 188.992000 71
189.088000 189.312000 71
189.312000 189.568000 69
189.568000 190.240000 66
190.240000 190.304000 62
190.592000 191.008000 69
191.008000 191.872000 67
191.872000 191.968000 64
192.160000 192.352000 62
192.576000 192.832000 62
192.928000 194.368000 63
194.432000 194.592000 68
194.656000 194.688000 68
194.752000 195.936000 62
196.064000 196.448000 64
196.576000 196.992000 67
197.056000 197.568000 67
197.568000 199.072000 71
199.072000 201.728000 69
201.728000 202.208000 76
202.624000 202.688000 70
202.688000 203.552000 72
203.552000 204.000000 69
204.064000 204.192000 68
204.416000 204.768000 71
204.896000 205.536000 71
205.664000 205.856000 64
205.856000 206.272000 67
206.368000 206.496000 66
206.624000 207.488000 69
207.584000 207.808000 67
207.808000 208.064000 64
208.224000 208.832000 62
208.832000 210.528000 63
210.528000 211.008000 72
211.136000 211.552000 72
211.648000 212.224000 69
212.576000 213.344000 71
213.344000 213.568000 69
213.568000 213.920000 65
214.112000 214.304000 66
214.368000 214.432000 66
214.432000 215.808000 68
215.808000 216.160000 64
216.160000 216.384000 62
216.576000 218.368000 63
218.688000 219.936000 62
220.064000 220.448000 64
220.576000 220.992000 67
221.056000 221.568000 67
221.568000 223.104000 71
223.104000 226.016000 69
226.816000 227.936000 62
228.064000 228.544000 64
228.544000 228.896000 67
229.056000 230.656000 67
230.720000 230.784000 71
231.232000 231.424000 66
231.584000 233.088000 71
233.088000 235.936000 69
236.096000 236.192000 69
240.160000 240.256000 72
