16.800000 17.280000 56
17.824000 18.112000 68
18.240000 18.784000 67
18.976000 19.200000 67
19.296000 20.384000 68
20.704000 21.600000 56
23.200000 24.576000 60
24.736000 24.864000 58
24.864000 25.056000 56
25.152000 25.536000 58
26.176000 26.432000 55
26.432000 26.912000 58
29.632000 30.208000 63
30.432000 31.328000 63
31.584000 31.648000 63
31.648000 31.936000 68
32.096000 32.448000 67
33.120000 33.344000 67
33.440000 33.664000 68
33.760000 35.360000 68
35.360000 35.712000 64
37.056000 37.952000 70
38.112000 39.040000 70
39.040000 39.744000 72
40.000000 40.288000 70
43.936000 44.320000 68
44.544000 45.024000 70
45.024000 45.088000 67
46.464000 46.560000 67
46.752000 46.944000 68
50.624000 50.976000 68
51.072000 51.680000 67
52.096000 53.216000 68
53.216000 53.376000 62
53.504000 53.856000 56
55.968000 57.408000 60
57.600000 57.888000 56
57.984000 58.208000 58
58.208000 58.400000 56
59.008000 59.360000 56
59.360000 59.712000 58
62.464000 63.008000 63
63.232000 63.584000 71
64.416000 64.768000 68
64.864000 65.280000 67
65.920000 66.496000 67
66.560000 68.352000 68
69.760000 71.040000 67
71.168000 71.360000 65
71.488000 72.160000 64
72.832000 72.896000 62
72.896000 73.088000 63
73.088000 74.880000 68
76.224000 76.928000 63
77.152000 77.568000 56
77.568000 77.760000 59
77.984000 78.656000 63
79.072000 79.296000 56
79.296000 79.520000 59
80.064000 80.672000 64
80.832000 81.216000 62
81.696000 81.856000 61
81.856000 81.984000 63
82.080000 82.272000 65
82.432000 82.624000 65
82.784000 82.976000 63
83.360000 83.680000 60
83.808000 85.024000 68
85.152000 85.600000 68
86.432000 86.560000 65
86.656000 87.168000 61
87.296000 87.616000 61
88.320000 88.512000 66
88.544000 88.832000 68
89.248000 89.344000 67
90.848000 90.944000 59
91.392000 91.616000 60
92.032000 92.736000 60
92.928000 93.504000 59
93.952000 94.048000 63
94.208000 94.784000 64
94.784000 94.848000 61
95.040000 95.648000 63
95.648000 95.744000 61
95.904000 96.224000 65
96.352000 96.704000 63
96.800000 97.152000 64
97.408000 97.568000 68
97.696000 97.920000 69
98.016000 98.240000 68
98.240000 99.072000 66
99.168000 99.488000 69
99.808000 99.968000 65
99.968000 100.416000 67
100.736000 100.864000 65
100.864000 101.056000 68
101.152000 101.792000 72
101.984000 102.432000 70
102.848000 104.096000 71
104.608000 104.672000 58
105.920000 106.080000 60
106.400000 106.944000 72
107.104000 107.200000 68
107.392000 107.456000 61
107.520000 108.320000 56
109.056000 109.120000 63
109.120000 110.112000 67
110.112000 110.464000 63
110.848000 112.128000 68
112.128000 112.224000 63
112.352000 112.832000 56
114.656000 116.128000 60
116.288000 116.832000 56
116.928000 117.088000 56
117.696000 117.760000 58
117.760000 117.920000 59
117.920000 118.752000 63
118.880000 119.328000 59
120.352000 120.832000 68
120.832000 120.928000 65
120.928000 121.120000 64
121.120000 121.568000 61
121.920000 122.848000 72
123.072000 123.392000 68
123.584000 123.968000 67
124.160000 124.384000 71
124.640000 124.832000 67
124.928000 126.880000 68
127.040000 127.104000 64
127.104000 127.552000 67
127.712000 128.128000 68
128.448000 128.608000 64
128.608000 129.664000 67
129.824000 130.944000 64
131.552000 131.616000 62
131.616000 131.776000 63
131.776000 133.760000 68
133.856000 133.984000 72
133.984000 134.112000 70
134.112000 134.272000 66
136.704000 136.768000 62
136.768000 139.776000 68
140.192000 140.768000 68
140.768000 141.568000 63
141.696000 141.824000 63
141.824000 142.080000 65
142.080000 142.336000 60
142.336000 142.656000 65
142.816000 143.360000 63
143.616000 143.776000 63
143.776000 144.000000 65
144.000000 144.032000 66
144.032000 145.248000 68
145.248000 146.144000 69
146.144000 146.304000 72
146.304000 146.688000 70
146.688000 147.136000 65
147.968000 148.032000 55
148.064000 148.128000 56
148.128000 149.152000 59
149.856000 150.048000 60
150.048000 150.720000 58
150.784000 150.848000 62
150.848000 151.168000 67
151.264000 151.456000 68
151.616000 151.808000 67
151.808000 151.936000 65
152.096000 152.384000 59
152.512000 152.800000 59
152.800000 153.568000 57
155.040000 156.064000 65
156.832000 157.984000 67
157.984000 158.784000 70
158.976000 159.872000 70
159.872000 160.608000 72
160.928000 161.536000 72
162.304000 162.400000 72
162.624000 162.720000 73
162.848000 164.160000 71
164.160000 164.416000 68
164.480000 164.608000 65
164.608000 164.768000 63
164.768000 164.832000 60
164.832000 165.280000 56
168.672000 169.120000 65
169.120000 169.376000 67
169.376000 169.536000 62
185.312000 185.440000 65
185.792000 186.432000 71
186.592000 187.040000 70
187.424000 188.800000 71
189.184000 189.600000 59
189.696000 190.144000 60
190.272000 190.688000 60
190.912000 191.136000 71
191.136000 191.552000 72
191.552000 191.904000 69
191.968000 192.128000 61
192.128000 192.896000 56
193.280000 193.728000 60
193.728000 194.848000 68
194.848000 195.072000 63
195.168000 196.896000 68
196.992000 197.760000 57
198.592000 198.880000 58
199.232000 200.672000 60
200.864000 201.536000 58
202.112000 202.368000 58
202.368000 202.880000 63
203.072000 203.168000 59
203.168000 203.392000 60
203.392000 203.584000 58
203.904000 204.064000 61
204.864000 205.024000 63
205.024000 205.344000 65
205.344000 206.048000 64
206.048000 206.272000 60
206.272000 206.656000 56
207.616000 208.960000 67
209.184000 209.248000 69
209.248000 209.984000 71
210.080000 211.904000 68
212.224000 212.352000 65
212.448000 212.608000 67
213.088000 214.080000 70
214.240000 215.136000 70
215.136000 215.776000 72
216.160000 216.224000 63
216.224000 216.384000 63
216.384000 216.832000 65
216.832000 219.296000 68
219.296000 219.680000 64
219.808000 219.904000 61
220.288000 220.704000 71
221.568000 222.400000 67
223.104000 224.288000 68
224.288000 224.480000 64
224.672000 225.024000 68
225.536000 225.696000 68
225.760000 225.792000 68
226.208000 226.368000 73
227.008000 228.128000 69
228.128000 228.736000 71
229.152000 230.912000 65
231.008000 231.520000 65
231.904000 235.584000 68
238.816000 238.944000 71
238.944000 239.072000 67
240.512000 240.576000 75
240.576000 240.736000 79
240.736000 240.800000 77
240.800000 240.928000 72
242.272000 242.400000 67
242.560000 242.688000 72
244.384000 244.608000 78
246.016000 246.304000 77
247.488000 247.552000 63
247.552000 248.640000 67
248.768000 249.056000 59
249.440000 249.504000 73
249.504000 249.792000 75
249.888000 250.144000 68
251.136000 251.328000 68
251.328000 251.392000 65
254.176000 254.240000 63
254.240000 254.336000 64
254.336000 254.592000 65
254.592000 255.808000 68
255.808000 257.184000 70
257.184000 257.696000 66
259.328000 259.392000 62
259.392000 259.488000 63
259.488000 259.712000 65
259.712000 259.904000 68
260.320000 262.080000 68
262.080000 263.584000 66
263.584000 264.576000 67
264.576000 265.248000 72
265.280000 265.728000 71
265.888000 266.048000 66
266.112000 266.272000 66
266.272000 266.304000 63
266.560000 266.624000 63
266.688000 266.816000 64
266.976000 267.584000 65
267.712000 268.192000 63
268.192000 268.480000 69
273.152000 273.376000 70
273.536000 273.664000 68
273.792000 273.984000 67
274.432000 274.592000 66
274.592000 274.784000 68
275.104000 275.456000 67
275.744000 276.128000 67
279.040000 279.104000 64
280.064000 280.128000 62
280.128000 280.256000 63
280.256000 280.384000 65
280.384000 282.848000 68
283.008000 283.456000 67
287.808000 288.032000 68
288.256000 289.024000 68
289.984000 290.112000 65
