25.920000 26.016000 75
26.208000 26.720000 79
27.840000 27.968000 74
28.224000 28.736000 79
28.832000 29.024000 77
29.280000 29.728000 77
35.680000 35.840000 80
35.840000 36.608000 78
43.936000 44.096000 68
59.456000 59.680000 68
60.480000 60.608000 70
60.704000 61.856000 69
62.016000 62.240000 73
62.240000 62.752000 69
62.912000 63.200000 69
63.520000 64.064000 70
64.224000 64.512000 70
64.608000 64.736000 70
64.864000 64.992000 70
64.992000 65.408000 68
65.536000 65.696000 67
65.920000 66.336000 70
66.976000 67.072000 70
67.200000 67.552000 68
67.680000 67.968000 62
68.128000 68.416000 63
68.736000 69.312000 64
69.408000 69.632000 61
69.824000 70.048000 61
70.304000 70.496000 63
70.688000 70.880000 67
70.880000 71.040000 63
72.416000 72.608000 66
72.608000 72.672000 61
74.400000 75.776000 70
75.872000 76.128000 72
76.128000 76.224000 70
76.352000 76.544000 69
76.736000 77.184000 69
77.376000 77.920000 70
78.048000 78.400000 70
78.400000 79.264000 68
79.360000 79.520000 68
79.520000 79.744000 66
79.744000 80.128000 70
80.864000 81.024000 70
81.024000 81.440000 68
81.568000 81.760000 63
81.984000 82.176000 63
82.560000 82.720000 63
82.848000 83.168000 65
83.392000 83.520000 62
83.712000 83.936000 61
84.192000 84.352000 63
84.544000 84.768000 66
84.768000 84.864000 62
86.080000 86.304000 70
86.304000 86.464000 73
86.464000 86.944000 70
87.136000 88.992000 70
89.152000 89.344000 77
89.760000 90.752000 70
90.752000 91.040000 65
91.264000 91.392000 68
91.584000 92.192000 70
92.320000 92.544000 69
92.640000 92.832000 70
93.312000 93.440000 66
94.752000 95.232000 68
95.456000 95.680000 68
95.840000 96.032000 66
96.032000 96.192000 68
96.416000 96.896000 68
97.120000 97.344000 68
97.504000 97.632000 66
98.240000 98.368000 68
98.656000 98.720000 66
98.880000 99.040000 68
99.296000 99.584000 66
99.936000 100.128000 68
100.352000 100.736000 67
101.056000 101.184000 66
101.472000 101.536000 68
101.856000 102.016000 66
102.016000 102.208000 63
102.880000 102.944000 66
103.200000 103.296000 64
103.616000 103.904000 66
104.064000 104.352000 68
104.928000 105.056000 68
105.248000 105.408000 68
105.408000 105.664000 66
106.144000 106.432000 64
107.072000 107.232000 66
107.328000 107.424000 71
107.584000 107.744000 68
107.744000 108.000000 65
108.000000 108.224000 62
109.056000 109.600000 70
109.696000 109.824000 68
109.952000 110.560000 69
110.560000 110.752000 73
110.752000 111.200000 70
111.392000 111.744000 70
112.064000 113.888000 70
114.016000 114.592000 68
114.592000 114.752000 70
114.752000 114.848000 74
115.520000 115.680000 70
115.680000 116.064000 68
116.224000 116.832000 63
117.152000 117.376000 63
117.472000 117.856000 64
118.464000 118.496000 61
118.816000 118.976000 63
119.200000 119.392000 66
119.392000 119.584000 63
120.960000 121.120000 64
121.120000 121.248000 62
122.912000 123.008000 70
123.200000 123.392000 69
123.552000 123.744000 68
123.744000 124.416000 69
124.416000 124.608000 73
124.608000 125.056000 69
125.248000 125.696000 70
125.920000 126.112000 70
126.176000 127.328000 70
127.456000 127.808000 66
127.904000 128.032000 68
128.032000 128.160000 66
128.288000 128.704000 70
128.896000 129.024000 74
129.376000 129.664000 70
129.824000 129.984000 66
130.240000 130.592000 63
130.720000 130.816000 64
131.328000 131.744000 64
131.840000 132.000000 60
132.256000 132.448000 61
132.672000 132.800000 63
133.056000 133.376000 66
133.408000 133.472000 65
134.336000 134.720000 70
134.816000 135.008000 73
135.008000 135.424000 69
135.648000 136.000000 70
136.128000 136.224000 68
136.576000 137.504000 70
137.632000 138.368000 66
138.368000 139.232000 70
139.776000 140.736000 70
140.832000 140.960000 70
140.960000 141.280000 73
141.536000 141.600000 69
141.600000 142.048000 72
142.048000 142.176000 71
143.296000 143.936000 67
143.968000 144.000000 67
144.320000 144.480000 66
144.544000 144.704000 68
144.992000 145.408000 68
145.632000 145.792000 68
146.784000 147.296000 67
147.392000 147.552000 68
147.840000 148.064000 67
148.480000 148.672000 69
148.928000 149.216000 66
149.536000 149.760000 67
149.984000 150.080000 68
150.368000 151.360000 70
152.064000 153.184000 70
153.216000 153.280000 71
153.280000 153.440000 77
153.632000 155.200000 70
155.424000 155.648000 69
155.744000 155.904000 70
157.344000 157.664000 67
157.824000 157.952000 68
158.016000 158.336000 67
158.464000 158.624000 68
158.880000 159.232000 68
159.488000 159.904000 68
159.936000 160.128000 67
160.608000 160.800000 68
161.024000 161.408000 66
161.728000 161.792000 65
161.792000 161.984000 67
162.304000 162.528000 68
162.752000 163.136000 67
163.360000 163.552000 66
163.808000 164.288000 68
164.288000 164.608000 65
164.896000 165.056000 63
165.312000 165.472000 63
166.912000 167.072000 66
167.072000 167.232000 64
167.296000 167.488000 66
167.488000 167.616000 64
167.776000 167.968000 67
170.080000 170.208000 73
173.824000 174.048000 66
176.384000 176.608000 66
176.896000 177.088000 66
178.656000 178.752000 66
182.080000 182.272000 66
187.648000 187.744000 59
191.904000 192.576000 58
192.736000 192.896000 58
193.024000 193.280000 58
193.408000 193.888000 61
200.960000 201.056000 72
201.184000 201.632000 69
201.824000 201.920000 73
202.080000 202.208000 74
202.432000 202.528000 78
202.688000 202.720000 72
202.976000 203.584000 69
203.584000 203.616000 67
204.352000 204.928000 69
205.056000 205.344000 63
205.536000 205.792000 61
205.792000 205.920000 59
206.752000 207.168000 62
207.264000 207.520000 62
207.744000 208.032000 62
208.128000 208.256000 61
208.512000 208.832000 61
208.960000 209.184000 61
209.216000 209.280000 62
209.792000 209.920000 63
210.016000 210.304000 63
210.400000 210.592000 67
210.784000 210.944000 69
211.136000 212.096000 69
212.096000 212.512000 66
212.736000 212.896000 70
212.992000 213.376000 71
220.736000 220.992000 77
221.312000 221.632000 74
221.632000 222.048000 70
222.112000 222.432000 70
222.432000 222.688000 67
222.848000 223.840000 70
224.000000 224.416000 70
224.640000 224.832000 69
226.400000 226.816000 68
227.104000 227.136000 67
227.296000 227.584000 67
227.712000 227.840000 68
228.096000 228.512000 68
228.672000 228.864000 69
229.216000 229.280000 66
230.240000 230.624000 67
230.816000 231.104000 66
231.552000 231.808000 70
232.000000 232.224000 66
232.416000 232.640000 70
232.768000 233.056000 71
233.056000 233.184000 69
233.184000 233.440000 65
233.440000 234.208000 70
234.208000 234.432000 80
236.896000 236.992000 76
237.024000 237.376000 70
237.888000 238.016000 71
238.016000 238.272000 72
238.400000 238.592000 71
238.592000 238.912000 73
238.912000 239.392000 70
239.392000 239.840000 66
240.320000 240.640000 78
240.896000 240.992000 73
241.344000 241.664000 77
241.664000 241.824000 79
241.984000 242.304000 77
242.656000 242.816000 79
243.072000 243.520000 80
243.616000 243.904000 78
244.000000 244.576000 78
244.800000 244.928000 81
245.408000 245.568000 67
245.792000 246.016000 74
246.496000 246.656000 66
246.912000 247.040000 67
247.360000 248.288000 70
248.448000 248.704000 64
249.184000 250.080000 70
250.240000 250.400000 78
251.008000 251.200000 70
251.264000 251.488000 70
251.648000 251.808000 69
251.936000 252.000000 70
252.000000 252.160000 73
252.288000 252.704000 72
252.800000 253.280000 68
253.280000 253.856000 64
254.144000 254.528000 79
254.784000 254.848000 74
254.912000 254.976000 75
254.976000 255.488000 80
255.648000 255.968000 79
255.968000 256.160000 77
256.704000 256.928000 79
257.984000 258.112000 78
258.720000 258.784000 81
258.848000 259.040000 80
259.264000 259.456000 68
259.584000 259.808000 67
259.968000 260.096000 68
261.248000 261.472000 67
261.472000 261.632000 70
262.944000 263.136000 78
263.296000 263.360000 74
263.520000 263.712000 71
264.480000 265.152000 70
265.536000 265.696000 71
265.696000 266.048000 72
266.176000 266.272000 71
266.272000 266.624000 73
266.624000 267.008000 70
267.008000 267.552000 66
268.000000 268.128000 77
268.128000 268.352000 79
268.576000 268.704000 74
269.024000 269.120000 77
269.216000 269.536000 79
269.696000 269.984000 77
270.784000 271.200000 80
271.424000 271.616000 77
271.712000 271.840000 75
271.840000 272.224000 78
272.480000 272.608000 79
272.608000 272.640000 74
273.504000 273.696000 75
273.792000 273.888000 67
274.176000 274.304000 66
275.072000 276.032000 70
276.224000 276.384000 75
276.576000 276.704000 74
276.832000 277.760000 70
277.952000 278.112000 78
278.336000 278.368000 67
278.656000 278.912000 70
278.976000 279.168000 70
279.232000 279.424000 67
279.424000 279.552000 70
279.744000 279.872000 72
280.096000 280.128000 71
280.192000 280.352000 72
280.352000 280.416000 70
280.512000 280.672000 68
280.736000 280.992000 68
280.992000 281.568000 64
281.920000 282.208000 79
282.656000 283.232000 80
283.296000 283.680000 78
283.680000 283.808000 76
284.192000 284.864000 79
285.152000 285.280000 78
285.280000 285.440000 80
285.792000 285.984000 75
286.048000 286.176000 75
286.400000 286.752000 80
287.360000 287.488000 76
287.680000 287.776000 68
287.904000 288.128000 66
288.544000 288.640000 68
288.736000 288.928000 75
289.184000 289.984000 81
290.112000 290.368000 80
290.560000 290.720000 77
290.720000 291.136000 78
291.136000 291.328000 75
291.808000 291.936000 74
292.192000 292.384000 76
292.416000 292.448000 74
292.608000 293.024000 75
293.408000 293.440000 75
293.888000 294.048000 71
294.048000 294.304000 73
294.304000 294.592000 69
294.688000 294.880000 68
294.944000 295.008000 66
295.040000 295.072000 66
295.520000 295.648000 68
295.904000 296.096000 68
