12.416000 12.864000 56
12.864000 12.928000 57
12.928000 14.048000 60
14.048000 15.488000 65
15.488000 17.344000 60
17.536000 18.016000 67
18.624000 19.488000 68
19.488000 21.600000 72
21.728000 22.240000 70
22.464000 23.168000 68
23.264000 23.392000 67
24.352000 25.056000 63
25.184000 27.040000 60
27.456000 28.224000 63
28.224000 30.080000 60
30.560000 31.296000 63
31.392000 31.616000 65
31.616000 32.352000 63
32.352000 32.480000 62
32.480000 32.736000 60
32.736000 33.696000 58
33.696000 34.208000 63
34.432000 35.648000 63
37.056000 37.568000 56
37.568000 37.888000 58
37.888000 38.624000 60
38.624000 39.360000 65
39.360000 40.064000 67
40.064000 41.952000 60
42.144000 42.624000 67
43.264000 43.584000 67
43.648000 44.032000 68
44.032000 44.352000 69
44.352000 46.272000 72
46.400000 46.880000 70
47.072000 47.872000 68
48.960000 49.664000 63
49.856000 51.744000 60
52.064000 52.864000 63
52.864000 54.752000 60
54.880000 54.976000 61
55.168000 55.744000 63
55.744000 56.224000 64
56.224000 56.864000 62
56.864000 58.240000 59
58.240000 58.848000 61
59.072000 59.296000 63
59.296000 60.288000 60
61.344000 61.600000 65
61.600000 61.888000 67
62.048000 63.264000 64
63.264000 64.224000 60
64.352000 64.672000 67
64.672000 64.800000 66
64.800000 66.816000 59
67.424000 70.848000 58
70.944000 71.168000 56
71.392000 72.928000 64
73.696000 74.176000 67
74.400000 75.680000 64
75.680000 75.872000 63
75.872000 76.704000 60
76.704000 77.344000 67
77.504000 78.784000 59
79.776000 80.160000 57
80.160000 80.384000 60
80.576000 82.848000 60
82.848000 83.456000 63
83.616000 85.088000 63
86.208000 86.720000 56
86.720000 86.784000 57
86.784000 86.912000 58
86.912000 87.712000 60
87.712000 88.064000 64
88.192000 88.480000 65
88.480000 88.928000 68
89.248000 89.344000 62
89.344000 90.880000 60
90.880000 91.136000 65
91.296000 91.648000 67
92.416000 92.736000 67
92.800000 93.280000 68
93.280000 93.952000 70
93.952000 95.392000 72
95.520000 95.968000 70
96.192000 97.344000 68
98.144000 98.496000 63
98.592000 98.816000 63
98.976000 100.352000 61
100.448000 100.800000 61
101.248000 101.568000 63
101.664000 101.920000 63
102.048000 103.872000 60
104.320000 106.176000 63
106.272000 106.816000 58
106.816000 107.968000 60
108.192000 109.760000 61
110.048000 110.176000 60
135.040000 135.328000 65
135.328000 135.616000 67
135.808000 137.088000 64
137.088000 137.280000 63
137.280000 138.080000 60
138.080000 138.432000 67
138.432000 140.384000 60
140.960000 144.000000 58
144.096000 144.640000 56
144.864000 146.208000 64
147.136000 147.680000 67
147.872000 149.152000 64
149.152000 149.984000 60
150.240000 150.464000 67
150.464000 150.752000 64
151.008000 152.352000 59
153.216000 153.600000 57
153.600000 153.824000 60
154.016000 156.256000 60
156.256000 156.960000 63
157.088000 158.656000 63
159.616000 160.064000 56
160.064000 160.128000 57
160.128000 160.288000 58
160.288000 161.472000 61
161.600000 161.888000 65
161.888000 162.368000 68
162.464000 162.624000 66
162.624000 164.192000 60
164.288000 164.512000 65
164.704000 165.248000 68
165.792000 166.112000 67
166.176000 166.432000 67
166.432000 167.328000 69
167.328000 168.640000 72
168.896000 169.312000 70
169.536000 170.432000 68
170.912000 171.008000 67
171.552000 171.904000 63
172.000000 172.224000 63
172.384000 174.176000 61
174.624000 174.944000 63
175.040000 175.328000 63
175.456000 177.248000 60
177.728000 178.240000 63
178.240000 178.784000 65
178.784000 179.296000 63
179.296000 179.456000 62
179.456000 180.736000 59
180.736000 181.344000 61
181.536000 182.816000 60
183.744000 184.096000 63
184.224000 184.448000 63
184.608000 185.888000 61
186.048000 186.560000 61
186.816000 187.168000 63
187.296000 189.632000 61
189.856000 190.432000 63
190.432000 191.008000 64
191.008000 191.648000 62
191.648000 192.576000 58
192.576000 193.504000 61
193.728000 196.256000 60
