22.688000 23.104000 76
23.456000 23.776000 66
24.096000 24.256000 66
24.480000 26.208000 67
26.208000 27.232000 65
28.896000 29.408000 63
29.600000 29.952000 65
30.080000 30.304000 65
30.432000 30.784000 65
31.072000 31.584000 64
31.840000 32.192000 65
33.440000 33.664000 62
33.664000 33.856000 64
34.080000 34.464000 63
34.592000 34.816000 64
34.912000 35.232000 63
35.744000 36.320000 62
36.320000 36.800000 60
37.952000 38.464000 60
38.560000 38.880000 61
39.104000 39.776000 62
40.832000 43.488000 62
43.616000 44.640000 61
44.768000 45.184000 61
45.408000 45.600000 62
45.696000 45.792000 64
46.528000 47.488000 65
47.616000 48.032000 65
48.192000 48.928000 65
49.248000 50.304000 65
51.520000 51.808000 62
51.808000 52.064000 65
52.160000 52.576000 64
52.704000 52.928000 65
53.088000 53.600000 64
53.760000 53.952000 63
53.952000 54.368000 60
54.592000 55.040000 60
56.352000 56.448000 59
56.704000 57.664000 62
58.976000 59.328000 62
59.488000 60.512000 63
60.608000 60.800000 65
61.120000 61.312000 68
61.312000 62.624000 69
62.624000 63.552000 65
64.512000 65.152000 67
65.152000 65.600000 69
65.728000 66.304000 69
66.528000 67.616000 69
67.904000 68.672000 71
69.696000 70.176000 71
70.336000 70.976000 68
71.104000 71.840000 69
72.224000 72.480000 67
72.608000 72.896000 68
72.896000 73.216000 65
74.080000 74.272000 65
74.496000 75.168000 65
75.392000 75.872000 67
75.872000 76.224000 65
76.992000 77.472000 64
77.568000 78.944000 65
79.040000 81.120000 69
81.504000 82.304000 66
82.496000 83.168000 67
83.296000 84.256000 69
84.384000 84.608000 70
84.704000 85.376000 70
85.536000 85.888000 69
85.888000 86.912000 71
87.776000 87.968000 70
88.096000 88.288000 72
88.416000 88.832000 69
88.928000 89.824000 69
90.208000 91.040000 67
91.040000 91.360000 65
92.192000 92.512000 65
92.672000 93.280000 65
93.472000 94.336000 67
94.848000 95.520000 63
95.744000 96.224000 64
96.352000 97.280000 61
97.600000 99.456000 61
104.640000 104.736000 77
119.488000 120.032000 63
120.096000 122.592000 65
124.064000 124.288000 62
124.288000 124.480000 65
124.640000 125.024000 64
125.152000 125.920000 64
125.920000 127.392000 62
128.640000 129.568000 60
129.696000 129.920000 62
130.016000 130.304000 62
131.328000 135.232000 62
135.360000 135.776000 62
135.904000 136.384000 64
137.056000 138.112000 65
138.208000 140.928000 65
142.272000 143.168000 64
143.264000 143.488000 65
143.584000 144.608000 63
144.608000 144.832000 60
144.928000 146.016000 60
146.880000 147.008000 58
147.232000 148.416000 62
149.504000 149.920000 62
150.048000 151.360000 64
151.520000 154.592000 69
155.136000 156.000000 67
156.000000 157.280000 69
157.376000 160.800000 70
161.376000 161.632000 70
161.632000 161.856000 72
161.952000 163.872000 69
164.000000 164.544000 67
164.544000 165.248000 65
165.856000 166.048000 65
166.208000 166.944000 66
167.104000 167.648000 67
167.648000 168.288000 65
168.672000 169.152000 64
169.248000 170.016000 64
170.016000 170.592000 65
170.688000 172.864000 69
173.184000 174.048000 66
174.176000 174.816000 67
174.944000 178.912000 70
179.424000 179.648000 70
179.648000 180.128000 71
180.128000 180.512000 68
180.608000 181.504000 68
181.728000 182.752000 67
182.752000 183.072000 65
183.904000 184.192000 65
184.288000 186.144000 66
186.528000 187.264000 63
187.424000 191.712000 62
193.696000 193.920000 64
193.920000 195.104000 65
195.104000 197.408000 69
197.856000 198.208000 67
198.208000 199.200000 70
199.296000 200.576000 68
200.576000 200.704000 65
200.864000 202.016000 65
202.496000 203.040000 65
203.264000 204.192000 65
204.672000 204.800000 68
204.960000 205.728000 65
205.824000 210.336000 69
210.496000 211.104000 67
211.104000 215.328000 70
215.648000 215.712000 68
215.712000 216.384000 71
216.384000 216.896000 69
217.024000 218.208000 68
218.368000 218.880000 68
218.880000 219.776000 65
220.192000 220.448000 65
220.576000 221.216000 65
221.408000 221.920000 67
221.920000 222.592000 65
223.072000 224.352000 64
224.352000 224.960000 65
225.088000 227.296000 69
227.456000 228.448000 66
228.448000 230.368000 72
230.464000 230.752000 70
230.752000 230.976000 72
230.976000 233.248000 70
233.792000 234.080000 70
234.080000 234.336000 73
234.336000 234.848000 69
234.944000 235.200000 69
235.200000 235.584000 72
235.840000 236.608000 74
236.736000 236.864000 69
236.864000 237.280000 68
237.280000 237.792000 65
238.304000 239.360000 64
239.520000 240.576000 65
240.928000 241.600000 63
241.760000 245.216000 62
245.312000 245.408000 62
247.424000 247.584000 63
247.744000 248.352000 65
248.608000 249.536000 65
250.432000 251.296000 63
251.616000 251.968000 63
252.128000 253.024000 61
254.752000 256.608000 62
256.736000 256.864000 62
