10.976000 11.136000 60
16.576000 16.736000 66
16.736000 17.024000 61
23.040000 23.264000 61
23.296000 23.328000 57
23.552000 23.648000 57
23.648000 23.808000 54
24.480000 24.800000 54
26.176000 26.272000 55
32.032000 32.192000 58
41.856000 42.336000 60
42.464000 42.656000 59
42.752000 43.648000 55
44.128000 44.864000 55
44.992000 45.824000 59
45.952000 46.144000 55
47.616000 48.736000 57
50.976000 51.168000 59
51.296000 51.776000 60
51.776000 52.512000 56
53.312000 53.472000 55
53.600000 53.760000 55
53.760000 53.856000 56
53.856000 54.368000 58
54.464000 54.976000 60
56.832000 56.960000 65
57.056000 57.888000 57
58.944000 59.200000 59
59.904000 60.640000 57
60.768000 61.184000 64
61.344000 61.536000 60
61.568000 61.760000 62
61.760000 62.048000 59
62.144000 63.136000 56
63.904000 64.032000 55
64.192000 64.928000 54
65.024000 65.184000 55
65.344000 66.944000 60
69.056000 69.504000 57
69.600000 69.888000 58
69.888000 70.368000 64
70.528000 71.072000 62
71.072000 71.200000 59
71.360000 72.160000 55
72.800000 72.928000 57
73.024000 73.248000 63
73.344000 73.824000 64
73.920000 74.080000 65
74.208000 74.624000 64
74.784000 74.912000 59
75.072000 75.360000 59
75.456000 75.840000 60
76.480000 76.640000 60
76.768000 77.248000 59
77.408000 77.504000 54
77.632000 78.112000 53
78.240000 78.336000 52
78.528000 79.168000 53
79.360000 79.488000 62
79.680000 80.416000 62
81.760000 81.888000 60
82.016000 84.160000 60
85.376000 85.568000 56
85.664000 86.176000 65
86.272000 87.456000 63
88.000000 88.480000 63
88.864000 89.344000 61
89.504000 89.824000 55
90.240000 90.368000 55
90.560000 91.552000 59
92.320000 92.960000 59
93.472000 94.208000 57
94.528000 94.720000 56
94.816000 95.296000 64
95.424000 95.968000 62
95.968000 96.480000 64
97.120000 97.600000 63
97.600000 97.856000 61
98.016000 98.208000 60
98.208000 98.880000 62
99.104000 99.264000 56
99.680000 99.872000 57
99.968000 100.160000 59
100.288000 100.480000 59
100.576000 101.024000 59
101.152000 101.920000 60
101.920000 101.952000 62
101.952000 102.848000 64
102.848000 103.904000 67
104.256000 104.448000 64
104.576000 105.376000 65
105.472000 105.632000 60
105.728000 105.952000 60
106.048000 108.320000 60
109.472000 110.464000 60
110.656000 111.072000 60
111.200000 111.616000 61
111.744000 112.160000 62
112.256000 112.448000 58
113.152000 113.664000 64
113.760000 113.920000 63
114.048000 114.880000 64
115.520000 115.648000 63
115.744000 116.128000 61
116.864000 117.280000 55
117.792000 118.208000 56
118.336000 118.496000 59
118.656000 119.328000 60
119.456000 119.936000 60
120.032000 120.544000 60
120.640000 120.800000 54
120.960000 121.664000 57
122.016000 122.208000 55
122.304000 122.816000 65
122.912000 123.424000 62
123.424000 123.808000 64
123.808000 124.096000 60
124.448000 124.576000 57
124.672000 125.152000 63
125.152000 125.376000 60
125.536000 125.984000 61
126.112000 126.464000 55
126.944000 127.104000 54
127.232000 127.392000 57
127.488000 127.680000 59
127.808000 128.256000 59
128.384000 129.376000 60
129.504000 129.792000 67
129.792000 129.984000 64
130.080000 131.360000 67
132.192000 132.224000 65
132.384000 132.640000 65
132.736000 132.832000 67
132.832000 132.864000 63
132.928000 133.088000 60
133.248000 133.408000 60
133.536000 134.016000 66
134.112000 134.272000 59
134.400000 134.592000 60
134.720000 135.584000 60
136.096000 137.152000 62
137.280000 139.872000 60
145.696000 145.856000 65
149.856000 149.920000 57
150.752000 151.424000 59
151.648000 151.680000 57
151.840000 151.936000 58
151.936000 152.064000 56
152.704000 152.832000 52
153.408000 153.472000 55
153.472000 153.632000 59
153.632000 154.016000 60
154.144000 154.816000 55
155.552000 155.680000 55
155.840000 156.576000 54
156.672000 156.864000 55
157.056000 158.592000 60
159.360000 159.712000 58
161.024000 161.216000 57
161.312000 161.600000 58
161.600000 162.048000 64
162.208000 162.304000 60
162.304000 162.688000 62
162.688000 162.880000 59
163.040000 163.808000 56
164.416000 164.608000 55
164.704000 164.768000 61
164.768000 164.928000 63
165.024000 165.792000 65
165.920000 166.336000 64
166.464000 166.624000 59
166.784000 167.552000 60
168.128000 168.352000 60
168.448000 168.896000 59
169.120000 169.760000 53
170.176000 170.848000 54
171.040000 171.200000 63
171.360000 172.384000 62
173.440000 173.600000 59
173.696000 175.936000 60
177.088000 177.312000 57
177.312000 177.792000 65
177.920000 178.944000 63
179.616000 179.712000 62
179.712000 179.936000 64
179.936000 180.320000 61
180.480000 180.960000 61
181.088000 181.568000 55
181.920000 182.080000 55
182.208000 183.264000 59
183.360000 184.768000 60
185.120000 185.760000 56
186.272000 186.368000 56
186.496000 187.008000 65
187.104000 187.904000 63
189.184000 189.280000 62
189.664000 190.240000 61
191.168000 191.264000 57
191.360000 191.840000 58
191.936000 192.672000 60
192.800000 193.568000 60
193.568000 193.632000 62
193.632000 195.616000 67
196.000000 196.096000 62
196.256000 197.024000 65
197.152000 197.280000 60
197.408000 197.600000 60
197.728000 198.176000 60
198.272000 198.464000 67
198.464000 199.744000 60
200.256000 205.152000 60
206.560000 206.752000 61
206.912000 207.584000 57
207.776000 208.096000 57
208.192000 209.440000 59
210.048000 211.360000 59
211.456000 213.088000 59
213.088000 214.656000 57
215.840000 216.192000 57
216.288000 216.800000 57
216.896000 217.088000 57
217.184000 218.688000 59
219.200000 219.616000 55
219.712000 222.496000 64
222.912000 223.072000 57
223.232000 223.680000 67
223.776000 224.320000 64
224.320000 224.896000 66
225.440000 225.824000 65
225.824000 226.144000 62
226.336000 226.592000 62
226.592000 226.816000 64
226.912000 227.328000 57
227.712000 227.904000 57
228.032000 229.088000 61
229.216000 229.632000 62
229.728000 230.432000 62
230.880000 231.552000 59
232.000000 232.160000 58
232.352000 232.800000 67
232.896000 233.504000 64
233.504000 233.792000 66
233.792000 234.112000 62
234.400000 234.528000 58
234.752000 234.912000 66
234.912000 235.328000 64
235.488000 235.968000 63
236.128000 236.480000 57
236.928000 237.120000 57
237.120000 237.696000 60
237.792000 238.496000 62
238.624000 239.424000 62
239.424000 239.744000 70
239.744000 239.936000 66
240.064000 241.408000 69
242.080000 242.848000 67
242.976000 243.104000 62
243.200000 243.424000 62
243.520000 243.968000 62
244.064000 244.288000 69
244.288000 244.768000 62
244.992000 245.984000 62
247.008000 247.968000 62
248.096000 248.544000 62
248.704000 248.928000 62
248.928000 249.088000 64
249.280000 249.664000 64
249.664000 249.792000 62
249.792000 249.856000 60
249.856000 249.920000 59
249.920000 250.176000 54
250.368000 250.496000 56
250.656000 251.136000 67
251.264000 251.712000 64
253.056000 253.152000 66
253.248000 253.472000 64
253.472000 253.696000 62
253.856000 254.368000 62
254.368000 254.752000 57
255.392000 255.808000 59
255.808000 256.000000 61
256.096000 256.864000 61
256.960000 257.888000 62
258.176000 258.720000 60
258.720000 259.200000 58
259.296000 259.424000 56
259.552000 259.680000 58
259.840000 259.968000 64
259.968000 260.320000 67
260.448000 260.992000 64
260.992000 261.568000 65
261.920000 262.016000 59
262.144000 262.656000 65
262.656000 262.848000 63
263.072000 263.392000 63
263.584000 264.000000 56
264.416000 264.576000 56
264.736000 264.864000 59
264.992000 265.184000 61
265.280000 265.792000 61
266.176000 266.880000 62
267.040000 269.536000 69
271.360000 271.744000 66
271.904000 272.128000 67
272.224000 272.800000 68
272.896000 273.024000 63
273.216000 273.408000 63
273.568000 273.728000 67
273.728000 274.048000 69
274.528000 274.752000 62
274.944000 275.040000 62
275.168000 275.744000 62
276.864000 278.272000 64
278.560000 281.536000 62
281.824000 282.016000 62
282.144000 282.304000 62
282.656000 282.752000 62
292.576000 292.736000 56
292.736000 292.896000 54
294.784000 294.912000 53
295.616000 296.032000 55
297.952000 298.304000 55
298.432000 298.784000 55
298.880000 299.296000 57
299.616000 300.576000 72
300.576000 300.640000 67
300.768000 301.056000 73
301.120000 301.824000 70
302.624000 303.712000 66
303.808000 304.384000 64
304.512000 305.248000 65
305.408000 306.432000 64
307.040000 308.032000 67
308.576000 308.800000 60
309.088000 309.216000 59
311.360000 311.840000 68
311.840000 312.256000 73
312.256000 313.024000 70
313.568000 313.696000 57
313.792000 314.208000 57
314.336000 314.528000 63
314.688000 314.848000 63
314.976000 315.168000 64
315.552000 316.224000 62
317.376000 317.568000 67
317.696000 317.888000 64
317.984000 318.176000 71
318.304000 318.496000 70
318.496000 319.488000 73
319.584000 319.904000 64
321.632000 321.696000 61
321.696000 322.656000 65
324.864000 324.960000 60
326.208000 326.464000 67
327.360000 327.488000 59
327.488000 327.552000 56
327.552000 327.712000 52
327.904000 328.064000 57
328.064000 328.160000 61
328.832000 328.928000 67
329.088000 329.280000 65
