7.008000 7.200000 73
8.256000 8.608000 75
8.800000 9.792000 74
23.872000 24.224000 65
26.624000 26.720000 62
28.032000 28.160000 55
28.288000 28.416000 55
28.416000 28.704000 57
28.704000 28.960000 60
28.960000 29.792000 64
29.888000 30.272000 67
30.272000 31.360000 62
31.744000 32.928000 60
32.928000 33.184000 65
33.184000 33.888000 59
34.048000 34.176000 62
34.176000 35.104000 63
35.424000 36.576000 62
36.576000 36.896000 66
36.992000 37.152000 59
37.280000 38.752000 62
39.136000 40.384000 60
40.384000 40.640000 65
40.640000 40.896000 57
40.992000 41.248000 60
41.472000 41.792000 56
41.888000 42.432000 55
43.040000 43.200000 55
43.200000 43.552000 57
43.552000 43.968000 61
43.968000 44.256000 64
44.384000 44.480000 66
44.640000 45.024000 67
45.120000 45.280000 63
45.280000 46.176000 61
46.496000 46.592000 60
46.752000 47.552000 60
47.648000 47.968000 65
48.128000 48.352000 57
48.352000 48.640000 60
48.800000 48.960000 62
48.960000 49.152000 64
49.248000 49.856000 62
50.176000 50.528000 62
50.656000 51.008000 62
51.136000 51.360000 62
51.360000 51.648000 67
52.032000 52.448000 62
52.704000 53.472000 62
53.888000 54.912000 60
55.040000 55.360000 65
55.488000 55.648000 57
55.744000 56.064000 60
56.192000 57.248000 61
57.536000 57.696000 64
57.824000 59.808000 64
59.904000 61.056000 64
61.216000 61.408000 65
61.504000 62.400000 66
62.400000 63.008000 63
63.104000 63.904000 60
64.064000 64.640000 64
64.960000 65.600000 63
65.600000 65.984000 61
66.112000 67.616000 62
67.712000 68.416000 62
68.640000 68.704000 58
68.704000 69.216000 62
69.312000 69.472000 66
69.472000 69.760000 62
69.760000 70.848000 67
70.944000 72.128000 67
72.352000 73.088000 64
73.280000 73.920000 67
74.208000 74.976000 64
75.136000 75.616000 67
76.000000 76.224000 67
76.224000 77.120000 69
77.216000 77.600000 71
77.600000 78.336000 64
78.336000 79.904000 67
80.224000 80.544000 61
80.640000 80.768000 60
80.896000 81.536000 64
81.536000 81.856000 62
82.016000 82.336000 60
82.720000 82.816000 64
82.944000 83.584000 63
83.584000 84.128000 60
84.320000 84.896000 60
84.896000 85.120000 57
85.248000 85.696000 60
85.696000 86.336000 64
86.336000 86.816000 67
87.264000 88.608000 65
88.608000 88.704000 67
88.928000 89.728000 64
89.856000 90.560000 67
90.784000 90.976000 67
90.976000 91.232000 69
91.232000 91.456000 67
91.456000 91.712000 69
91.712000 92.352000 71
92.352000 93.120000 64
93.120000 94.624000 67
94.944000 95.008000 57
95.008000 95.328000 61
95.424000 95.648000 61
95.648000 96.288000 64
96.288000 96.608000 62
96.768000 97.088000 60
97.472000 98.336000 63
98.336000 98.816000 60
99.104000 99.584000 61
99.776000 100.768000 60
100.928000 102.560000 60
103.968000 104.160000 55
104.160000 104.352000 57
104.352000 104.864000 60
104.864000 105.312000 64
105.312000 105.984000 67
105.984000 107.008000 62
107.392000 107.520000 60
107.616000 107.872000 61
107.872000 108.512000 60
108.512000 108.832000 65
108.928000 109.184000 57
109.184000 109.536000 60
109.728000 110.080000 64
110.176000 110.752000 62
111.104000 112.192000 62
112.192000 112.256000 64
112.256000 112.768000 67
112.928000 113.248000 62
113.376000 114.048000 62
114.048000 114.400000 60
114.848000 115.904000 60
115.904000 116.224000 64
116.384000 116.544000 57
116.672000 116.928000 60
117.088000 117.280000 55
117.280000 118.176000 56
118.496000 118.592000 55
118.688000 118.912000 55
118.912000 119.040000 57
119.040000 119.392000 60
119.392000 120.160000 64
120.320000 120.736000 67
120.736000 121.856000 62
122.176000 122.272000 60
122.400000 123.200000 60
123.296000 123.648000 65
123.776000 124.000000 57
124.000000 124.320000 60
124.480000 124.608000 62
124.608000 124.832000 64
124.928000 125.120000 64
125.120000 125.984000 62
126.080000 126.208000 63
126.336000 126.656000 61
126.752000 126.976000 62
126.976000 127.360000 67
127.712000 129.248000 62
129.536000 130.592000 60
130.688000 131.040000 65
131.136000 131.392000 58
131.392000 131.744000 60
131.872000 132.992000 61
133.216000 136.608000 64
136.896000 137.056000 65
137.216000 138.656000 65
138.656000 139.136000 60
139.264000 139.520000 62
139.712000 140.320000 64
140.640000 140.704000 61
140.704000 141.120000 63
141.120000 141.472000 61
141.568000 141.664000 63
141.792000 143.264000 62
143.424000 144.000000 62
144.320000 144.384000 57
144.384000 144.800000 62
144.800000 145.632000 64
145.632000 146.560000 67
146.656000 147.008000 67
147.104000 147.776000 67
147.968000 148.768000 65
148.928000 149.568000 67
149.856000 150.592000 64
150.784000 151.104000 67
151.648000 151.744000 70
151.744000 152.288000 67
152.384000 152.608000 69
152.608000 153.248000 71
153.248000 153.472000 64
153.568000 153.888000 64
153.984000 155.552000 67
155.840000 156.448000 60
156.544000 156.672000 63
156.672000 156.960000 65
156.960000 157.536000 63
157.728000 158.080000 60
158.400000 158.496000 65
158.656000 158.976000 64
159.104000 159.296000 62
159.296000 160.736000 60
160.928000 161.216000 60
161.216000 161.376000 62
161.376000 162.048000 64
162.048000 162.528000 67
162.752000 162.848000 64
163.008000 163.904000 65
163.904000 164.480000 67
164.608000 165.280000 64
165.280000 165.760000 65
165.760000 166.368000 67
166.464000 167.104000 67
167.104000 167.296000 69
167.296000 168.000000 71
168.000000 168.704000 64
168.832000 170.336000 67
170.656000 170.976000 60
171.072000 171.200000 60
171.296000 171.904000 64
172.000000 172.256000 62
172.448000 172.864000 60
172.928000 173.056000 62
173.152000 173.344000 65
173.344000 173.952000 63
173.952000 174.656000 60
174.688000 175.296000 60
175.456000 175.616000 56
175.712000 176.480000 60
176.608000 178.432000 60
185.376000 186.048000 72
186.048000 186.976000 70
186.976000 187.200000 67
187.264000 187.296000 67
187.328000 190.912000 67
191.936000 194.784000 60
194.880000 195.040000 60
197.952000 198.656000 64
198.848000 199.456000 67
199.712000 200.512000 64
200.736000 201.504000 67
201.600000 202.144000 67
202.272000 202.496000 69
202.496000 203.136000 71
203.136000 203.328000 64
203.456000 203.808000 64
203.904000 205.280000 67
205.728000 206.272000 60
206.400000 206.976000 64
207.104000 207.328000 62
207.552000 207.840000 60
208.256000 208.352000 64
208.512000 208.800000 64
208.960000 209.632000 60
209.824000 209.984000 60
210.080000 210.272000 62
210.272000 210.560000 57
210.784000 211.136000 60
211.232000 211.680000 64
211.680000 213.664000 65
213.664000 214.336000 67
214.464000 215.360000 64
215.360000 216.096000 67
216.352000 217.216000 67
217.216000 217.792000 71
217.792000 218.528000 64
218.656000 218.976000 69
219.072000 220.256000 67
220.512000 220.832000 61
220.928000 221.152000 60
221.152000 222.112000 64
222.304000 222.688000 60
222.816000 223.008000 61
223.008000 223.232000 65
223.232000 223.936000 63
223.936000 224.512000 60
224.544000 225.152000 60
225.312000 225.536000 57
225.536000 226.336000 60
226.464000 226.656000 62
226.688000 227.456000 60
227.744000 227.872000 56
227.872000 228.192000 61
228.288000 228.416000 60
228.512000 228.576000 63
228.576000 229.568000 64
229.696000 230.336000 60
230.336000 231.040000 64
231.136000 231.744000 60
232.000000 232.128000 60
232.224000 232.512000 62
232.704000 232.896000 57
232.992000 233.344000 60
233.440000 233.760000 60
233.952000 235.360000 60
238.944000 239.168000 67
239.168000 239.392000 72
239.392000 239.936000 66
240.448000 240.928000 65
241.024000 241.376000 65
241.472000 241.632000 60
241.856000 242.560000 55
242.784000 242.944000 55
242.944000 243.232000 57
243.424000 244.672000 60
247.648000 248.416000 64
248.416000 248.768000 68
249.056000 249.440000 72
249.536000 250.272000 74
250.272000 250.752000 69
250.848000 251.328000 71
251.584000 255.584000 72
255.680000 256.704000 65
256.800000 257.792000 65
258.112000 258.496000 67
