20.832000 21.376000 59
21.376000 21.760000 66
21.952000 23.232000 67
23.328000 24.128000 71
24.992000 25.664000 59
25.664000 25.984000 62
26.176000 27.360000 63
27.456000 28.096000 61
28.800000 29.088000 61
29.312000 29.792000 59
29.792000 29.856000 60
29.856000 30.240000 67
30.432000 31.072000 68
31.200000 31.616000 68
31.616000 32.512000 61
33.504000 34.016000 60
34.112000 34.528000 68
34.624000 34.816000 68
34.976000 35.296000 68
35.424000 35.840000 69
36.032000 37.056000 66
37.632000 37.760000 59
37.856000 37.984000 59
38.400000 38.752000 66
38.912000 39.520000 68
39.712000 40.192000 66
40.192000 41.024000 71
41.856000 41.952000 59
42.080000 42.592000 59
42.592000 43.008000 63
43.168000 43.808000 63
44.032000 44.448000 63
46.336000 46.560000 59
46.656000 46.752000 60
46.880000 47.296000 68
47.456000 48.128000 68
48.288000 48.704000 61
48.800000 49.952000 64
50.592000 51.104000 61
51.104000 52.352000 68
52.448000 54.368000 66
55.360000 56.416000 67
56.416000 57.856000 64
58.880000 59.136000 62
59.136000 60.224000 66
60.448000 61.664000 64
62.784000 63.136000 60
63.264000 63.744000 64
63.840000 67.040000 66
67.584000 70.048000 66
71.840000 72.256000 59
72.384000 73.440000 71
73.696000 74.112000 64
74.240000 75.424000 66
76.000000 76.352000 63
76.576000 76.992000 63
77.152000 79.616000 64
80.320000 80.768000 59
80.864000 81.280000 68
81.376000 82.112000 69
82.208000 82.528000 62
82.784000 83.264000 63
84.096000 84.320000 60
84.576000 84.992000 69
85.088000 88.224000 68
88.512000 88.992000 60
89.120000 89.248000 60
89.344000 90.464000 71
90.816000 92.544000 66
93.632000 94.304000 63
94.432000 94.784000 63
94.944000 96.224000 64
97.056000 97.696000 60
97.888000 98.272000 68
98.368000 99.072000 69
99.808000 100.064000 63
101.120000 101.952000 69
102.112000 102.592000 67
102.784000 104.320000 64
111.392000 111.904000 68
112.160000 112.288000 66
112.928000 112.992000 63
113.056000 113.664000 64
114.464000 114.688000 65
114.816000 114.912000 65
115.008000 116.672000 64
119.072000 119.168000 66
119.360000 119.936000 67
120.064000 120.160000 68
120.448000 120.928000 66
121.088000 121.120000 63
121.152000 121.920000 64
122.048000 122.432000 68
122.496000 122.848000 67
123.072000 123.328000 67
123.584000 123.776000 68
127.296000 127.424000 68
129.472000 130.816000 61
133.216000 133.376000 60
133.664000 133.856000 60
134.336000 134.656000 60
143.936000 144.672000 59
144.672000 144.928000 66
145.120000 146.432000 67
146.528000 147.200000 71
148.160000 148.832000 59
148.832000 149.120000 62
149.344000 150.144000 63
150.400000 150.848000 64
150.944000 151.424000 61
152.480000 153.024000 59
153.024000 153.088000 61
153.088000 153.408000 68
153.600000 154.240000 68
154.368000 154.944000 68
154.944000 155.584000 61
155.712000 156.032000 61
156.768000 157.216000 59
157.312000 157.728000 68
157.856000 158.080000 68
158.176000 158.528000 68
158.656000 159.040000 69
159.200000 160.512000 66
161.056000 161.248000 59
161.344000 161.440000 59
161.600000 161.664000 63
161.664000 161.920000 66
162.112000 162.752000 68
162.912000 163.424000 66
163.424000 164.320000 71
165.024000 165.152000 59
165.280000 165.792000 59
165.792000 166.048000 63
166.176000 167.008000 63
167.200000 167.520000 64
167.712000 168.096000 61
169.536000 169.952000 59
170.048000 170.112000 64
170.112000 170.464000 68
170.592000 171.296000 68
171.392000 171.808000 62
171.968000 173.184000 64
173.792000 173.952000 61
174.048000 174.272000 61
174.272000 174.304000 62
174.304000 174.336000 65
174.336000 177.344000 67
177.344000 177.760000 66
178.528000 179.744000 67
179.744000 181.248000 64
182.048000 182.272000 62
182.272000 183.456000 66
183.616000 185.216000 64
185.568000 185.664000 62
186.112000 186.304000 61
186.528000 186.976000 64
187.104000 190.368000 66
190.464000 194.176000 66
195.008000 195.456000 59
195.552000 196.736000 71
196.896000 197.280000 64
197.440000 198.624000 66
199.104000 199.264000 60
199.264000 199.648000 62
199.808000 200.224000 63
200.320000 201.312000 64
201.312000 201.632000 66
201.728000 202.976000 64
203.488000 204.064000 59
204.064000 205.312000 68
205.312000 205.984000 61
206.176000 206.848000 63
207.296000 207.520000 59
207.776000 211.328000 68
211.744000 212.192000 60
212.544000 213.824000 71
213.984000 214.432000 64
214.656000 215.968000 66
216.736000 217.408000 64
217.600000 217.984000 64
218.112000 219.616000 64
220.256000 220.928000 60
221.056000 222.208000 68
222.368000 222.688000 61
222.944000 223.520000 63
224.256000 225.088000 69
225.248000 225.760000 68
225.856000 227.936000 64
234.336000 235.328000 68
235.392000 235.552000 66
236.160000 236.192000 63
236.256000 236.416000 64
236.544000 236.832000 64
237.248000 237.344000 64
237.472000 237.888000 64
238.016000 240.352000 63
242.400000 243.744000 55
243.904000 244.192000 54
244.352000 245.504000 55
246.080000 246.176000 54
246.304000 247.360000 56
247.456000 247.552000 56
251.360000 251.680000 58
252.992000 253.152000 60
253.952000 254.144000 60
254.432000 254.528000 60
258.720000 258.848000 60
274.240000 275.072000 65
288.288000 288.448000 65
288.832000 288.960000 66
293.312000 293.440000 69
295.808000 296.000000 70
297.952000 299.200000 69
299.392000 299.680000 69
306.400000 306.784000 60
306.944000 307.616000 60
313.504000 313.664000 59
314.368000 317.344000 66
318.208000 318.752000 59
318.752000 319.968000 71
320.128000 320.480000 64
320.640000 321.824000 66
322.336000 322.496000 61
322.496000 322.848000 63
323.008000 323.424000 63
323.520000 326.176000 64
326.688000 327.264000 59
327.264000 328.480000 68
328.576000 329.184000 61
329.376000 330.048000 63
330.528000 330.720000 59
330.976000 334.560000 68
334.944000 335.392000 60
335.712000 336.992000 71
337.120000 337.632000 64
337.856000 339.168000 66
339.968000 340.608000 64
340.800000 341.216000 63
341.312000 342.816000 64
343.456000 344.128000 60
344.256000 345.408000 68
345.568000 345.888000 62
346.144000 346.816000 63
347.424000 347.808000 70
347.904000 348.288000 69
348.448000 348.960000 68
349.088000 351.392000 64
351.936000 352.608000 60
352.800000 353.952000 68
354.112000 354.464000 62
356.672000 356.864000 66
358.240000 359.168000 69
359.392000 359.872000 67
360.096000 362.976000 64
