13.408000 13.504000 59
13.920000 14.240000 59
14.336000 14.624000 59
14.752000 14.944000 59
15.200000 16.384000 59
18.688000 18.912000 54
19.072000 19.552000 56
19.808000 19.968000 54
20.192000 20.704000 54
21.792000 21.952000 49
22.176000 22.848000 51
23.264000 23.616000 52
23.840000 24.192000 53
24.448000 24.864000 51
26.720000 26.848000 49
27.104000 27.328000 51
27.488000 28.064000 52
28.736000 29.440000 50
29.632000 30.016000 52
30.688000 31.104000 55
31.232000 31.968000 55
32.192000 32.512000 54
32.768000 33.152000 54
35.488000 35.552000 53
35.552000 35.680000 55
35.776000 36.480000 56
36.576000 37.920000 59
38.656000 38.720000 53
38.720000 38.848000 57
38.944000 39.616000 59
39.744000 39.968000 61
40.064000 40.384000 60
40.544000 40.960000 58
41.184000 42.080000 59
42.848000 43.008000 49
43.136000 43.744000 52
43.840000 44.640000 54
45.184000 45.344000 54
45.472000 45.600000 54
45.600000 45.984000 56
45.984000 46.336000 59
46.496000 47.072000 62
47.424000 48.480000 59
48.480000 49.664000 61
51.008000 51.424000 59
51.552000 51.712000 66
51.712000 52.256000 62
52.384000 52.512000 61
52.672000 53.472000 59
53.664000 54.240000 61
55.232000 55.616000 58
55.744000 56.224000 59
56.224000 56.736000 61
56.896000 57.280000 60
57.440000 57.792000 58
57.952000 58.592000 59
59.360000 59.584000 59
59.680000 59.872000 61
59.872000 60.256000 64
60.256000 60.640000 62
60.736000 61.184000 61
61.312000 61.568000 60
61.760000 61.952000 54
62.272000 63.008000 61
63.136000 63.488000 61
63.616000 64.064000 54
64.160000 65.088000 63
67.840000 68.256000 59
68.384000 68.576000 66
68.576000 69.056000 62
69.152000 69.344000 61
69.472000 70.272000 59
70.528000 71.200000 61
72.032000 72.544000 58
72.544000 72.800000 59
72.800000 73.504000 66
73.696000 74.144000 65
74.240000 74.624000 58
74.752000 75.616000 59
76.256000 76.480000 59
76.480000 76.736000 61
76.736000 76.960000 66
76.960000 77.728000 61
77.920000 78.240000 60
78.432000 78.656000 59
78.944000 79.456000 58
79.552000 79.936000 58
80.576000 80.768000 56
81.024000 81.504000 58
81.664000 83.520000 59
84.672000 85.120000 59
85.216000 85.408000 66
85.408000 85.888000 62
86.048000 86.208000 61
86.368000 87.104000 59
87.392000 88.032000 61
88.864000 89.376000 58
89.376000 90.304000 59
90.496000 92.512000 59
93.056000 93.344000 59
93.344000 93.600000 61
93.600000 93.792000 66
94.016000 95.072000 61
95.264000 95.488000 54
96.000000 96.736000 61
96.736000 97.248000 54
97.344000 97.792000 63
97.888000 99.616000 63
101.536000 101.696000 59
101.792000 102.016000 61
102.016000 102.208000 66
102.368000 103.328000 61
103.328000 103.936000 59
104.192000 105.312000 61
105.760000 105.920000 58
106.016000 106.272000 58
106.272000 106.528000 59
106.528000 107.744000 65
107.744000 108.224000 57
108.448000 109.440000 59
109.952000 110.112000 59
110.240000 110.432000 61
110.432000 110.656000 65
110.784000 111.968000 61
112.096000 112.512000 59
112.608000 113.024000 59
113.216000 113.760000 57
114.912000 115.360000 56
115.424000 115.680000 58
115.936000 116.672000 59
116.768000 116.992000 59
139.648000 139.904000 59
141.728000 141.824000 59
143.648000 143.744000 59
148.192000 148.288000 59
149.888000 149.984000 55
150.816000 151.040000 56
151.168000 151.808000 56
152.032000 152.512000 61
152.608000 152.832000 68
152.832000 152.864000 66
152.864000 153.920000 63
153.920000 154.592000 61
154.784000 155.616000 63
156.288000 156.704000 60
156.832000 157.344000 61
157.344000 157.792000 63
157.888000 158.272000 62
158.400000 158.784000 60
158.912000 159.872000 61
160.384000 160.704000 61
160.704000 160.960000 63
160.960000 161.184000 68
161.184000 161.728000 63
161.824000 162.240000 63
162.368000 162.592000 63
162.784000 163.040000 56
163.296000 164.096000 63
164.192000 164.480000 63
164.672000 165.056000 56
165.184000 168.352000 65
168.864000 169.312000 61
169.440000 169.632000 68
169.632000 169.664000 66
169.664000 170.688000 63
170.688000 171.360000 61
171.552000 172.768000 63
173.088000 173.696000 60
173.696000 173.920000 61
173.920000 174.560000 68
174.752000 175.168000 67
175.168000 175.584000 60
175.744000 176.928000 61
177.280000 177.568000 61
177.568000 177.792000 63
177.792000 178.016000 68
178.016000 178.784000 64
178.944000 179.744000 61
179.936000 181.088000 60
181.504000 181.664000 58
181.856000 182.112000 60
182.304000 183.296000 61
183.584000 184.032000 62
184.032000 185.344000 65
185.696000 186.016000 61
186.016000 186.208000 63
186.208000 186.432000 68
186.432000 187.200000 64
187.328000 188.128000 61
188.384000 189.120000 63
189.920000 190.432000 60
190.432000 193.792000 61
194.080000 194.368000 61
194.368000 194.624000 63
194.624000 194.848000 68
195.008000 196.000000 63
196.256000 196.576000 57
197.024000 197.728000 63
197.728000 198.272000 56
198.336000 198.400000 59
198.400000 201.568000 65
201.568000 201.760000 63
202.592000 202.752000 61
202.848000 204.384000 63
204.384000 205.024000 61
205.184000 206.432000 63
206.784000 206.944000 60
207.040000 207.552000 60
207.552000 208.224000 68
208.320000 208.736000 67
208.832000 209.248000 60
209.376000 210.848000 62
211.040000 211.168000 61
211.296000 211.520000 62
211.520000 211.680000 68
211.776000 212.480000 63
212.576000 213.024000 63
213.120000 213.504000 61
213.632000 214.944000 60
215.968000 216.064000 55
216.064000 216.352000 58
216.448000 216.672000 60
216.960000 217.888000 61
219.488000 219.680000 61
219.776000 220.000000 63
220.000000 220.256000 67
220.384000 221.088000 63
221.216000 221.952000 61
222.240000 222.656000 61
222.816000 223.360000 60
224.480000 224.992000 58
225.376000 225.568000 60
225.984000 226.912000 61
