9.792000 10.016000 67
10.016000 11.264000 65
11.264000 11.488000 61
15.072000 15.776000 65
15.904000 16.096000 62
18.496000 18.752000 67
22.240000 22.336000 64
25.664000 27.904000 61
30.624000 31.072000 49
31.488000 32.032000 51
32.128000 32.288000 52
32.448000 33.472000 53
34.496000 34.624000 51
34.624000 34.720000 52
34.720000 35.104000 54
35.104000 35.296000 57
35.424000 36.384000 59
36.800000 37.312000 59
37.440000 37.696000 58
37.792000 38.336000 55
38.496000 38.912000 57
39.104000 39.328000 56
39.520000 39.968000 55
40.128000 40.448000 55
40.832000 42.112000 56
42.272000 42.624000 52
43.392000 43.616000 59
43.776000 44.384000 58
44.480000 45.056000 55
45.824000 46.016000 53
46.208000 47.616000 51
47.840000 48.096000 51
51.776000 52.384000 61
52.480000 52.672000 55
52.800000 53.344000 56
53.792000 54.880000 61
54.880000 56.192000 63
57.152000 57.376000 63
57.504000 57.696000 60
57.856000 58.048000 55
58.176000 58.464000 56
58.816000 59.040000 59
59.200000 59.392000 58
59.520000 59.776000 56
60.224000 60.704000 58
60.896000 61.536000 51
62.432000 62.944000 56
63.136000 63.776000 58
64.160000 64.480000 58
64.480000 65.728000 60
65.888000 66.272000 59
66.368000 66.816000 62
67.168000 67.520000 59
67.520000 70.144000 66
70.368000 70.720000 66
71.104000 72.160000 61
76.512000 76.576000 57
76.576000 78.080000 60
78.176000 78.496000 56
78.496000 79.392000 64
79.488000 79.904000 63
80.160000 80.384000 59
80.512000 81.216000 64
81.216000 81.504000 63
81.792000 82.112000 59
82.112000 83.328000 61
83.744000 83.808000 61
83.808000 85.216000 64
85.440000 86.208000 59
86.336000 86.784000 63
87.136000 87.744000 63
87.840000 89.248000 61
89.248000 89.536000 63
89.920000 90.144000 55
90.144000 90.176000 56
90.176000 90.368000 59
90.368000 90.784000 61
90.784000 91.360000 58
91.488000 92.096000 59
92.480000 92.544000 57
92.544000 92.832000 59
92.832000 94.080000 60
94.080000 94.464000 55
94.464000 95.392000 64
95.520000 95.968000 63
96.128000 96.352000 59
96.448000 96.672000 65
96.800000 97.472000 63
97.824000 98.368000 60
98.496000 99.328000 61
99.808000 99.968000 65
100.064000 102.080000 64
102.464000 103.552000 68
103.840000 104.096000 59
104.192000 104.512000 61
104.512000 104.768000 63
104.768000 105.024000 59
105.216000 105.440000 65
105.440000 105.952000 66
105.952000 106.272000 63
106.528000 106.816000 59
106.816000 107.680000 61
107.872000 108.096000 63
108.096000 109.728000 64
109.728000 110.912000 61
111.456000 111.648000 55
111.776000 112.192000 62
112.448000 112.704000 58
112.864000 115.328000 59
124.288000 124.384000 58
124.640000 125.536000 58
126.112000 127.008000 51
127.136000 128.384000 54
129.088000 129.344000 51
129.344000 129.824000 54
129.824000 131.232000 59
131.488000 132.032000 59
132.128000 132.352000 58
132.352000 133.024000 55
133.120000 133.984000 57
133.984000 135.072000 55
135.456000 135.584000 58
135.776000 136.640000 55
136.640000 136.768000 52
136.896000 137.632000 52
138.176000 138.400000 59
138.400000 139.072000 58
139.072000 139.776000 55
140.512000 140.704000 54
140.800000 142.944000 51
143.776000 143.840000 60
143.840000 145.344000 63
145.344000 146.080000 59
146.272000 146.336000 59
146.336000 147.040000 61
147.136000 147.328000 55
147.456000 147.872000 56
148.480000 149.504000 61
149.504000 149.984000 63
150.144000 150.976000 62
150.976000 151.456000 59
151.808000 152.160000 62
152.160000 152.352000 61
152.352000 152.736000 55
152.832000 153.312000 56
153.472000 153.984000 58
154.144000 154.432000 56
154.784000 154.976000 59
155.072000 155.424000 58
155.648000 156.448000 51
157.024000 157.088000 52
157.088000 157.632000 56
157.792000 157.984000 58
158.144000 158.400000 59
158.560000 159.296000 58
159.424000 160.288000 60
160.448000 160.608000 59
160.800000 161.376000 63
161.792000 162.016000 59
162.112000 164.640000 66
164.736000 165.056000 63
165.056000 167.264000 67
167.264000 167.712000 66
168.480000 168.544000 57
168.544000 170.048000 60
170.464000 171.328000 64
171.424000 171.808000 63
172.032000 172.320000 59
172.416000 173.280000 64
173.888000 174.336000 59
174.432000 175.328000 61
175.744000 177.152000 64
177.440000 178.144000 60
178.240000 178.912000 63
179.136000 179.744000 63
179.840000 180.160000 62
180.160000 180.800000 59
180.800000 181.536000 61
181.824000 182.016000 54
182.016000 182.080000 55
182.080000 182.784000 62
182.816000 183.104000 61
183.104000 183.360000 59
183.456000 184.096000 59
184.448000 184.512000 56
184.512000 186.048000 60
186.144000 186.496000 56
186.496000 187.936000 64
188.160000 188.416000 59
188.512000 188.576000 63
188.576000 188.736000 65
188.832000 189.504000 63
189.792000 190.336000 59
190.464000 191.328000 61
191.808000 192.384000 64
192.480000 193.376000 63
193.472000 193.760000 64
193.760000 193.984000 66
193.984000 194.496000 59
194.496000 195.488000 56
195.904000 195.968000 58
195.968000 196.192000 59
196.192000 196.448000 61
196.448000 196.768000 63
196.768000 196.992000 59
197.216000 198.304000 66
198.432000 198.784000 59
198.784000 199.648000 61
199.808000 200.032000 63
200.032000 201.728000 64
201.728000 202.880000 61
203.520000 204.064000 61
204.064000 204.288000 59
204.512000 205.216000 59
205.632000 206.016000 59
206.144000 206.496000 58
206.496000 207.488000 61
207.648000 207.936000 61
208.128000 208.160000 61
208.448000 208.800000 61
208.864000 209.088000 59
209.216000 209.760000 57
209.824000 210.112000 63
210.336000 210.592000 63
210.816000 211.680000 63
211.872000 212.160000 62
212.160000 212.352000 61
212.352000 212.736000 58
212.832000 214.048000 61
214.208000 215.456000 59
215.808000 217.312000 60
217.408000 217.600000 59
217.792000 218.592000 61
218.592000 218.912000 64
219.200000 219.904000 64
220.160000 220.352000 63
220.480000 220.736000 64
220.960000 221.088000 55
221.184000 225.184000 54
225.280000 225.856000 54
225.952000 226.784000 54
226.944000 227.072000 54
229.728000 229.792000 56
229.792000 231.360000 60
231.776000 232.736000 64
232.832000 233.248000 63
233.504000 233.824000 59
233.824000 234.720000 64
235.136000 235.392000 59
235.392000 235.648000 61
235.776000 236.000000 59
236.128000 236.672000 61
236.832000 237.312000 56
237.504000 237.664000 63
237.792000 238.624000 63
238.720000 239.456000 60
239.552000 240.992000 63
241.088000 241.408000 62
241.408000 242.496000 61
242.496000 242.784000 63
243.520000 244.576000 61
244.992000 245.376000 59
245.760000 245.920000 57
245.952000 247.360000 61
247.520000 247.584000 64
247.616000 247.648000 64
247.808000 248.416000 65
248.416000 249.440000 63
249.440000 251.808000 59
252.128000 254.144000 64
254.240000 254.528000 69
254.752000 255.360000 71
255.456000 256.768000 68
256.960000 257.440000 59
257.440000 258.048000 61
258.144000 258.336000 60
258.528000 259.520000 66
259.840000 260.128000 59
260.128000 260.928000 61
260.928000 260.992000 59
261.120000 261.344000 63
261.344000 263.136000 64
263.136000 264.384000 61
267.456000 267.680000 55
267.808000 268.256000 62
268.512000 268.672000 58
268.928000 269.408000 61
269.632000 271.072000 59
285.472000 285.568000 56
