24.160000 24.256000 74
24.704000 25.984000 74
26.080000 26.240000 74
30.784000 31.744000 69
31.968000 32.864000 59
32.960000 33.216000 61
33.632000 33.824000 58
33.984000 34.144000 59
34.400000 34.752000 61
34.976000 35.392000 65
35.584000 36.032000 61
37.184000 37.760000 59
37.856000 38.624000 63
38.816000 39.040000 59
39.168000 39.360000 61
39.616000 39.872000 63
40.256000 40.576000 70
40.800000 41.216000 66
42.112000 42.336000 63
42.432000 43.104000 68
43.104000 43.328000 63
43.456000 43.808000 68
44.064000 44.544000 68
44.736000 45.344000 65
45.504000 46.336000 65
46.720000 46.944000 63
46.944000 47.264000 61
47.360000 47.552000 58
47.552000 48.032000 61
49.952000 50.336000 58
52.544000 53.152000 59
53.248000 54.336000 61
54.528000 55.072000 58
55.232000 55.680000 61
55.872000 56.320000 65
56.480000 56.800000 61
57.760000 58.080000 58
58.080000 58.400000 59
58.400000 59.392000 62
59.744000 60.256000 59
60.384000 60.864000 63
61.056000 61.376000 70
61.664000 62.240000 66
62.240000 62.624000 63
63.008000 63.104000 63
63.296000 64.832000 70
64.928000 65.472000 68
65.568000 65.728000 66
65.888000 66.272000 68
66.880000 67.200000 66
67.584000 68.064000 63
68.224000 69.088000 67
70.816000 71.072000 66
71.072000 71.424000 68
74.432000 76.096000 68
76.384000 77.536000 68
77.664000 77.888000 70
77.888000 78.496000 66
78.592000 79.296000 66
79.904000 81.312000 68
81.568000 83.680000 68
83.680000 85.536000 73
85.792000 86.368000 70
86.368000 86.656000 68
86.656000 87.424000 66
87.424000 88.128000 68
88.128000 88.896000 70
88.896000 91.808000 68
91.904000 92.096000 66
92.096000 93.696000 68
93.696000 95.424000 66
97.088000 97.184000 61
97.792000 98.720000 55
99.968000 100.320000 56
100.576000 100.736000 56
101.760000 102.016000 61
102.240000 102.432000 61
102.560000 102.656000 67
102.752000 102.944000 68
103.296000 103.424000 71
103.968000 104.192000 71
106.112000 106.336000 62
114.784000 114.848000 62
114.848000 115.104000 67
115.424000 115.872000 59
116.032000 117.056000 60
117.152000 117.248000 61
117.344000 117.440000 61
118.080000 118.144000 57
118.144000 118.432000 58
118.432000 119.552000 61
119.712000 119.936000 58
120.032000 120.224000 59
120.448000 120.896000 61
121.088000 121.568000 65
121.696000 122.304000 61
123.264000 123.648000 59
123.648000 124.736000 63
124.928000 125.120000 59
125.248000 125.440000 61
125.664000 126.112000 63
126.336000 126.752000 70
126.912000 127.584000 66
128.160000 128.384000 63
128.512000 128.672000 66
128.672000 129.088000 69
129.184000 129.472000 63
129.472000 130.720000 68
130.720000 131.424000 65
131.552000 132.480000 65
132.768000 133.024000 63
133.024000 134.144000 61
135.712000 137.152000 62
138.624000 139.296000 58
139.296000 140.480000 61
140.640000 141.152000 59
141.248000 141.728000 61
141.920000 142.304000 65
142.560000 142.848000 61
143.808000 144.096000 58
144.192000 144.480000 59
144.480000 144.736000 61
144.832000 145.536000 63
145.856000 146.336000 59
146.496000 147.008000 63
147.136000 147.552000 70
147.808000 148.352000 66
148.352000 148.736000 63
148.992000 149.184000 63
149.408000 151.584000 70
151.680000 151.872000 66
152.000000 152.320000 68
152.480000 152.896000 68
152.896000 153.312000 66
153.696000 153.952000 63
153.952000 154.176000 65
154.304000 154.816000 66
154.816000 155.456000 68
156.576000 156.896000 66
156.896000 158.944000 71
160.416000 160.640000 65
160.736000 162.240000 68
162.464000 163.616000 68
163.744000 164.000000 70
164.000000 164.640000 65
164.672000 165.792000 66
165.952000 167.392000 68
167.680000 168.544000 68
168.608000 169.760000 68
169.760000 171.616000 73
171.872000 172.000000 69
172.000000 172.736000 70
172.896000 173.120000 65
173.120000 173.536000 66
173.536000 174.112000 68
174.112000 175.008000 70
175.008000 176.192000 66
176.256000 176.288000 63
176.320000 176.480000 64
176.480000 177.856000 68
178.112000 180.128000 68
180.128000 181.280000 66
183.008000 183.296000 68
183.456000 184.800000 59
184.960000 185.248000 60
185.248000 185.312000 65
185.312000 185.760000 73
185.984000 186.272000 66
186.784000 188.320000 68
188.512000 188.736000 68
188.896000 190.208000 68
190.208000 191.648000 66
192.064000 193.504000 68
193.696000 194.944000 68
195.040000 195.168000 68
195.168000 195.360000 70
195.360000 195.680000 66
195.680000 196.576000 73
196.672000 197.696000 73
197.984000 198.400000 72
198.400000 199.616000 68
199.616000 201.088000 70
201.088000 201.216000 68
201.216000 201.504000 66
201.504000 202.656000 66
202.656000 204.096000 68
204.128000 205.408000 68
205.536000 205.920000 69
206.048000 207.840000 66
213.312000 213.536000 66
213.632000 213.920000 66
214.368000 214.592000 57
215.040000 215.136000 57
215.680000 215.936000 61
216.288000 216.576000 59
221.888000 222.400000 66
222.752000 223.232000 56
223.520000 223.616000 56
223.808000 223.936000 56
225.920000 226.432000 59
