20.640000 21.056000 65
21.216000 22.944000 66
23.040000 23.328000 66
31.200000 31.552000 70
31.712000 32.704000 70
33.248000 33.664000 65
33.792000 34.144000 65
34.720000 34.944000 65
35.680000 36.256000 65
39.072000 39.520000 53
41.056000 41.408000 51
42.656000 42.784000 51
43.008000 43.328000 51
43.424000 43.808000 49
43.904000 44.384000 49
44.640000 45.312000 56
47.072000 47.584000 58
48.672000 49.664000 56
50.912000 51.072000 60
51.168000 51.744000 60
51.936000 52.384000 58
52.384000 52.896000 56
52.992000 53.344000 52
53.440000 53.760000 51
53.920000 54.304000 51
55.104000 55.680000 53
56.672000 57.760000 56
58.816000 58.912000 63
58.912000 59.008000 61
59.104000 60.480000 58
60.608000 60.736000 56
60.736000 61.344000 53
61.440000 61.760000 56
61.760000 61.856000 54
61.856000 62.400000 50
62.624000 62.816000 49
63.040000 63.712000 58
64.640000 64.960000 64
65.088000 66.016000 61
66.880000 67.072000 59
67.072000 68.512000 62
68.864000 69.248000 61
69.376000 69.792000 63
69.888000 71.936000 62
72.640000 72.832000 65
72.992000 73.824000 63
73.952000 74.112000 59
74.112000 76.416000 61
76.544000 76.704000 60
76.864000 77.120000 56
77.120000 77.952000 61
78.112000 78.496000 64
78.624000 80.448000 60
80.576000 80.704000 56
80.960000 81.248000 54
81.344000 82.080000 61
82.560000 82.720000 54
82.912000 83.104000 53
83.328000 83.392000 61
83.392000 83.776000 63
83.776000 84.352000 61
84.896000 84.960000 58
84.960000 86.464000 63
86.752000 86.880000 57
86.880000 86.976000 59
86.976000 87.712000 63
87.808000 88.064000 65
88.064000 88.416000 63
88.672000 88.832000 65
89.024000 89.856000 63
89.856000 90.304000 61
90.592000 90.816000 65
90.912000 91.840000 61
92.000000 92.640000 60
92.864000 93.152000 57
93.152000 93.504000 59
93.600000 93.856000 61
93.856000 94.464000 65
94.592000 96.064000 68
96.640000 97.472000 57
97.600000 97.824000 65
97.920000 98.880000 65
98.880000 100.000000 61
100.128000 100.256000 60
100.992000 101.248000 54
101.472000 102.176000 61
103.104000 103.680000 54
103.680000 104.352000 61
104.768000 105.088000 60
105.184000 107.424000 49
107.520000 108.160000 49
108.224000 108.544000 49
109.024000 109.664000 52
111.072000 111.424000 51
112.928000 113.760000 50
114.080000 114.400000 49
114.560000 115.392000 56
116.608000 116.896000 50
116.896000 116.960000 51
116.960000 117.504000 57
118.624000 118.784000 61
118.784000 120.000000 56
120.896000 121.440000 60
121.600000 121.792000 60
121.792000 122.784000 58
122.944000 123.264000 52
123.424000 124.256000 51
124.992000 125.760000 53
126.624000 128.032000 56
128.896000 129.056000 60
129.152000 129.408000 59
129.408000 130.784000 57
130.944000 131.744000 66
131.904000 132.544000 64
132.544000 133.376000 62
133.536000 133.632000 63
133.632000 134.144000 61
134.144000 135.328000 63
135.424000 135.840000 60
136.096000 136.576000 64
136.576000 136.992000 61
136.992000 137.536000 65
137.632000 138.656000 66
138.688000 139.104000 65
139.104000 141.888000 68
142.624000 142.784000 65
142.976000 143.648000 64
143.648000 144.576000 61
144.576000 144.928000 65
144.928000 145.792000 62
145.888000 146.560000 60
146.880000 147.104000 57
147.104000 147.936000 61
148.128000 148.544000 64
148.544000 148.832000 61
148.960000 150.560000 60
150.560000 150.752000 56
150.976000 151.328000 54
151.328000 151.392000 55
151.392000 152.096000 61
152.576000 152.736000 54
152.896000 153.216000 53
153.248000 153.312000 55
153.312000 154.496000 61
154.848000 154.912000 58
154.912000 155.040000 60
155.040000 156.032000 63
156.128000 156.352000 63
156.352000 156.576000 61
156.640000 156.960000 58
156.960000 157.696000 64
157.824000 158.048000 65
158.080000 158.400000 63
158.688000 158.816000 65
159.008000 159.808000 63
159.936000 160.416000 61
160.608000 160.768000 65
160.960000 161.952000 62
162.112000 162.528000 60
162.880000 163.296000 56
163.424000 163.616000 60
163.616000 163.744000 61
163.744000 163.872000 62
163.872000 164.096000 63
164.096000 164.704000 65
164.704000 166.048000 68
166.144000 166.304000 63
166.848000 167.616000 58
167.616000 168.512000 65
168.672000 169.312000 63
169.312000 170.112000 61
170.688000 170.784000 51
170.784000 171.040000 53
171.040000 171.232000 54
171.232000 172.448000 61
172.896000 173.408000 54
173.568000 173.696000 53
173.696000 173.792000 55
173.984000 174.816000 60
174.944000 178.720000 61
179.232000 180.352000 61
180.416000 180.448000 61
180.672000 181.344000 61
181.568000 181.888000 67
181.888000 182.112000 65
182.112000 182.336000 63
182.336000 183.136000 60
183.392000 183.456000 57
183.456000 183.744000 60
183.872000 184.320000 65
184.320000 184.512000 63
184.608000 185.760000 61
185.920000 186.848000 68
186.848000 186.944000 67
187.552000 188.352000 60
188.608000 189.312000 61
189.600000 189.888000 68
189.888000 190.336000 64
190.336000 191.008000 61
191.168000 192.352000 66
192.448000 192.608000 66
192.608000 192.992000 64
193.152000 194.400000 65
194.624000 194.848000 61
194.848000 197.024000 68
198.208000 199.040000 70
199.200000 200.096000 67
200.320000 201.472000 64
201.568000 202.496000 62
202.880000 202.976000 69
203.136000 203.904000 63
204.096000 204.416000 67
204.416000 204.864000 63
204.992000 205.504000 62
205.504000 205.984000 63
206.144000 206.336000 62
206.336000 206.816000 58
206.976000 207.264000 55
207.264000 207.360000 56
207.360000 208.160000 63
208.608000 208.832000 56
208.928000 209.280000 55
209.376000 209.440000 64
209.440000 209.760000 66
209.760000 210.528000 63
210.848000 211.200000 63
211.200000 212.512000 65
212.672000 212.864000 60
212.960000 213.056000 63
213.056000 213.664000 65
213.824000 214.048000 67
214.144000 214.528000 64
214.784000 214.976000 63
215.168000 215.488000 69
215.680000 216.512000 67
216.768000 218.496000 65
218.976000 219.104000 61
219.104000 219.424000 60
219.424000 219.840000 62
219.936000 220.128000 65
220.256000 220.800000 67
220.800000 222.144000 70
222.560000 222.592000 59
222.784000 222.912000 58
222.912000 223.584000 60
223.584000 224.512000 67
224.640000 224.928000 69
225.024000 226.112000 63
226.592000 226.816000 55
226.976000 227.328000 56
227.424000 228.320000 63
228.960000 229.120000 56
229.216000 229.568000 56
229.696000 229.824000 62
229.824000 229.984000 64
230.080000 230.592000 63
231.040000 231.328000 61
231.328000 232.448000 58
234.752000 235.328000 58
235.328000 235.680000 60
235.680000 236.704000 67
236.928000 237.600000 65
237.600000 238.144000 63
238.912000 239.456000 56
239.648000 239.936000 62
240.128000 240.608000 63
241.824000 242.112000 56
242.336000 243.360000 63
244.864000 244.992000 65
244.992000 245.152000 62
245.376000 247.648000 63
