34.208000 34.720000 49
34.912000 35.488000 56
35.616000 35.840000 56
35.936000 36.384000 57
36.960000 38.080000 54
41.536000 43.072000 49
43.328000 43.424000 55
43.552000 43.936000 57
44.736000 44.960000 49
45.152000 45.216000 50
45.216000 45.600000 52
45.600000 45.888000 49
49.184000 49.280000 46
49.376000 49.536000 49
49.632000 49.792000 48
49.888000 50.240000 49
50.368000 50.944000 50
51.072000 52.224000 52
53.888000 54.304000 49
54.304000 54.816000 53
54.944000 55.136000 53
55.136000 55.904000 56
57.376000 57.856000 54
59.200000 59.296000 56
59.456000 59.904000 54
60.992000 61.376000 56
61.376000 62.016000 53
63.488000 63.552000 47
63.552000 64.224000 50
64.352000 64.768000 52
65.664000 66.112000 50
66.112000 66.464000 52
66.464000 66.944000 56
67.040000 67.712000 56
68.320000 68.864000 54
69.024000 69.568000 52
72.992000 73.376000 49
73.472000 74.560000 50
74.752000 74.880000 57
75.008000 75.200000 56
76.192000 76.288000 47
76.288000 76.512000 49
76.640000 77.280000 49
80.672000 81.024000 48
81.120000 82.528000 49
82.528000 82.752000 52
82.880000 83.616000 52
85.536000 85.728000 49
85.728000 85.984000 52
85.984000 86.400000 54
86.496000 86.688000 54
86.784000 87.424000 56
88.832000 89.312000 54
89.440000 89.664000 59
89.664000 89.824000 61
89.952000 90.176000 61
90.176000 90.208000 58
90.208000 90.752000 54
90.752000 91.296000 57
91.904000 95.136000 57
96.032000 96.256000 52
96.384000 98.176000 61
98.304000 100.704000 59
100.704000 101.952000 57
102.464000 102.752000 57
102.752000 103.136000 64
103.232000 103.392000 60
103.392000 103.616000 61
103.616000 104.000000 59
104.000000 104.480000 54
104.480000 105.280000 57
106.400000 106.528000 55
106.656000 107.328000 56
107.424000 108.480000 57
108.608000 108.800000 57
108.800000 109.056000 58
109.056000 109.792000 61
109.792000 110.880000 56
111.744000 111.968000 51
112.096000 114.400000 61
114.496000 114.752000 61
114.752000 115.392000 59
115.488000 116.128000 59
116.256000 116.480000 57
116.480000 116.896000 63
117.024000 117.824000 61
117.984000 118.304000 54
118.304000 119.040000 61
120.128000 122.080000 56
122.080000 122.592000 52
124.096000 124.192000 56
124.320000 125.248000 56
125.344000 126.080000 57
126.080000 126.752000 60
127.392000 129.056000 57
149.568000 149.920000 55
152.192000 152.928000 50
152.928000 154.304000 56
154.880000 155.488000 55
155.648000 155.808000 54
155.808000 156.096000 52
159.584000 159.968000 49
160.064000 161.088000 50
161.280000 161.440000 57
161.568000 161.888000 57
162.784000 163.008000 49
163.200000 163.648000 50
167.296000 167.360000 45
167.360000 167.552000 48
167.648000 168.512000 49
168.608000 169.120000 50
169.120000 169.376000 52
169.472000 170.176000 52
171.808000 171.968000 47
172.096000 172.288000 49
172.288000 172.544000 52
172.544000 172.928000 55
173.024000 173.344000 54
173.344000 173.984000 56
175.392000 175.904000 54
176.000000 176.384000 60
176.512000 176.768000 60
176.768000 177.600000 55
177.600000 177.824000 57
178.464000 180.608000 57
182.560000 182.816000 52
182.912000 184.736000 61
184.832000 187.296000 59
187.296000 188.288000 57
189.024000 189.376000 57
189.376000 189.664000 64
189.760000 190.496000 60
190.496000 190.944000 54
191.040000 191.872000 57
192.704000 192.896000 52
192.992000 193.120000 56
193.216000 193.856000 57
193.984000 195.008000 57
195.104000 195.296000 57
195.296000 195.840000 59
195.936000 196.352000 61
196.352000 196.672000 53
196.672000 197.440000 56
198.368000 198.528000 51
198.720000 200.960000 61
201.056000 201.312000 61
201.312000 201.952000 59
202.048000 202.272000 61
202.272000 202.720000 58
202.816000 203.008000 56
203.008000 203.072000 58
203.072000 203.456000 63
203.584000 204.384000 60
204.544000 204.800000 54
204.800000 205.632000 60
206.720000 208.640000 56
208.640000 209.344000 52
210.624000 210.752000 55
210.880000 211.296000 56
211.392000 212.352000 56
212.352000 213.280000 59
213.856000 217.248000 57
218.720000 219.552000 59
219.712000 220.352000 59
220.480000 221.408000 59
221.504000 221.568000 58
221.568000 222.112000 61
222.112000 222.624000 59
222.720000 223.072000 63
223.200000 223.424000 62
223.424000 223.616000 64
223.616000 224.288000 59
224.288000 224.832000 61
224.832000 225.376000 57
225.792000 225.888000 49
225.888000 227.232000 57
227.904000 229.440000 56
229.632000 230.464000 52
230.592000 230.848000 52
231.136000 231.232000 52
233.792000 234.048000 49
234.048000 234.112000 51
234.112000 235.200000 61
236.000000 238.464000 59
238.464000 239.008000 57
240.160000 240.544000 57
240.544000 240.832000 64
240.928000 241.696000 60
241.696000 242.080000 55
242.176000 242.592000 57
243.840000 244.032000 52
244.128000 244.256000 56
244.384000 244.736000 56
244.832000 245.024000 57
245.120000 246.624000 57
246.624000 247.520000 60
247.520000 248.704000 56
249.504000 252.160000 61
252.256000 252.480000 61
252.480000 252.896000 59
252.992000 253.120000 61
253.216000 253.920000 59
254.048000 254.240000 56
254.432000 254.496000 61
254.496000 254.848000 63
254.944000 255.168000 61
255.168000 255.520000 60
255.712000 255.904000 54
256.000000 256.064000 57
256.064000 256.544000 60
257.888000 259.808000 56
259.808000 260.256000 52
261.824000 261.952000 55
262.080000 262.496000 56
262.624000 263.008000 56
263.104000 263.488000 56
263.616000 263.904000 57
263.904000 264.512000 60
265.952000 267.264000 57
