0.064000 0.736000 59
0.832000 1.600000 59
3.264000 4.768000 59
4.832000 5.472000 64
5.856000 6.080000 63
6.080000 7.136000 59
7.424000 8.512000 59
10.144000 10.400000 59
10.848000 11.680000 59
12.608000 12.768000 59
13.888000 14.624000 59
14.880000 15.456000 59
15.456000 16.064000 57
17.056000 17.792000 59
18.048000 18.720000 59
18.816000 19.264000 57
19.904000 20.832000 59
20.832000 21.120000 63
21.280000 21.920000 59
22.048000 22.464000 57
23.520000 23.904000 64
24.032000 25.184000 64
25.184000 25.664000 62
25.952000 26.432000 69
26.624000 27.008000 62
27.232000 27.616000 64
27.840000 28.224000 64
28.448000 28.832000 62
29.216000 29.632000 69
29.824000 30.208000 62
30.432000 30.784000 64
31.040000 31.424000 64
31.648000 32.000000 62
32.416000 32.768000 69
33.088000 33.408000 62
33.568000 33.632000 61
33.632000 34.752000 64
34.880000 35.264000 62
35.648000 36.064000 69
36.288000 36.672000 62
36.832000 37.952000 64
38.048000 38.432000 62
38.912000 39.616000 61
39.616000 40.000000 68
40.128000 41.088000 61
41.248000 41.696000 60
42.144000 42.304000 61
42.400000 42.688000 61
42.784000 42.976000 67
42.976000 43.232000 69
43.424000 44.320000 64
44.320000 44.832000 61
45.248000 45.440000 62
45.440000 45.824000 61
45.984000 46.144000 67
46.144000 46.336000 69
46.464000 46.688000 61
46.816000 47.904000 61
48.032000 48.320000 60
48.416000 48.736000 60
48.832000 49.408000 61
49.632000 49.920000 60
50.016000 50.240000 61
50.272000 50.400000 58
50.400000 50.624000 61
50.848000 53.120000 62
53.216000 54.336000 62
54.432000 56.288000 62
56.416000 56.576000 64
56.576000 57.152000 62
57.152000 57.536000 59
57.664000 59.040000 64
59.040000 59.488000 66
59.616000 59.936000 64
60.032000 60.736000 62
60.832000 61.024000 64
61.024000 62.304000 62
62.432000 62.912000 65
62.944000 63.520000 62
63.648000 63.936000 62
64.064000 64.704000 62
64.800000 65.888000 62
65.984000 66.176000 64
66.176000 67.104000 62
67.232000 69.056000 62
69.184000 69.952000 63
70.208000 70.336000 61
70.432000 70.624000 64
70.624000 71.104000 66
71.104000 71.840000 64
71.840000 72.704000 66
72.832000 74.304000 62
74.400000 74.592000 64
74.592000 75.232000 62
75.232000 76.224000 64
76.224000 76.864000 62
77.920000 78.464000 59
78.464000 78.688000 63
78.848000 79.488000 59
79.616000 80.128000 57
80.960000 81.632000 59
81.632000 81.920000 63
82.080000 82.720000 59
82.880000 83.264000 57
84.064000 85.024000 59
85.248000 85.856000 59
86.016000 86.496000 57
87.008000 87.936000 64
88.032000 89.024000 64
89.248000 89.696000 62
90.016000 90.432000 69
90.656000 91.040000 62
91.264000 91.616000 64
91.840000 92.224000 64
92.448000 92.832000 62
93.216000 93.504000 69
93.760000 94.208000 62
94.464000 94.816000 64
94.976000 96.064000 63
96.384000 96.800000 69
97.056000 97.408000 62
97.600000 97.728000 61
97.728000 98.720000 64
98.848000 99.232000 62
99.648000 100.032000 69
100.288000 100.640000 62
100.864000 100.928000 61
100.928000 101.920000 64
102.048000 102.528000 62
102.912000 103.616000 61
103.616000 104.032000 68
104.096000 105.088000 61
105.248000 105.696000 59
106.080000 106.304000 61
106.400000 106.688000 62
106.784000 106.848000 66
106.848000 107.200000 68
107.424000 107.936000 64
108.032000 108.320000 64
108.320000 108.832000 61
109.248000 109.856000 61
110.016000 110.336000 69
110.464000 110.656000 61
110.816000 111.936000 61
112.032000 112.192000 61
112.192000 112.320000 59
112.416000 112.576000 61
112.576000 113.056000 60
113.280000 114.336000 60
114.432000 118.368000 62
118.464000 119.136000 62
119.232000 119.424000 64
119.424000 120.256000 62
120.448000 120.576000 64
120.576000 121.184000 62
121.184000 121.568000 60
121.664000 121.856000 64
121.856000 122.304000 66
122.304000 123.936000 64
124.064000 124.256000 64
124.256000 124.384000 62
124.480000 124.768000 62
124.864000 125.568000 62
125.664000 125.824000 64
125.824000 126.336000 62
126.496000 126.912000 65
127.040000 127.552000 62
127.680000 127.904000 61
128.000000 128.704000 62
128.768000 133.056000 62
133.184000 133.376000 64
133.376000 134.304000 62
134.400000 134.592000 64
134.592000 135.104000 66
135.104000 135.808000 64
135.808000 136.672000 66
136.800000 138.304000 62
138.400000 138.560000 64
138.560000 139.264000 62
139.264000 139.872000 65
139.872000 142.336000 62
142.432000 142.688000 62
142.784000 143.936000 62
144.032000 145.856000 62
145.952000 146.144000 64
146.144000 146.784000 62
146.784000 147.136000 60
147.232000 147.424000 64
147.424000 147.968000 66
147.968000 149.056000 65
149.216000 149.376000 64
149.376000 149.472000 62
149.600000 149.792000 64
149.792000 149.920000 62
150.016000 151.104000 62
151.200000 152.576000 64
152.576000 153.632000 62
153.632000 153.760000 67
153.760000 153.888000 68
154.048000 154.144000 61
154.272000 154.464000 57
154.464000 154.816000 62
154.816000 155.104000 68
155.296000 155.936000 61
156.032000 156.960000 61
157.440000 157.536000 62
157.664000 157.920000 62
157.920000 158.016000 64
158.016000 158.400000 68
158.432000 159.104000 64
159.264000 159.392000 64
159.648000 160.128000 62
160.544000 160.832000 60
160.832000 161.184000 62
161.184000 161.600000 67
161.760000 162.048000 62
162.048000 162.304000 61
162.432000 163.008000 61
163.200000 163.904000 61
164.064000 165.344000 61
165.344000 165.536000 58
165.632000 166.464000 61
184.736000 184.896000 64
186.400000 186.464000 59
186.496000 186.560000 59
