6.752000 7.168000 63
7.264000 7.552000 65
7.744000 8.128000 67
8.256000 8.704000 63
10.240000 11.008000 63
14.368000 15.168000 63
15.360000 15.712000 66
15.936000 16.448000 63
17.952000 18.784000 63
21.536000 21.952000 63
22.144000 22.336000 60
22.496000 22.720000 58
22.848000 22.976000 55
23.552000 23.648000 51
23.872000 25.248000 51
25.440000 26.176000 55
27.328000 27.904000 55
29.152000 29.536000 63
29.632000 29.952000 71
30.112000 30.336000 70
30.336000 30.592000 68
30.880000 31.712000 65
31.808000 33.632000 63
34.720000 36.384000 63
37.344000 37.504000 62
38.240000 38.368000 60
39.168000 39.296000 63
39.584000 39.744000 61
40.096000 40.256000 60
40.352000 40.544000 59
40.608000 40.672000 62
41.184000 41.312000 68
41.408000 41.664000 68
41.728000 41.760000 69
42.080000 42.432000 68
42.560000 42.944000 59
42.944000 43.296000 62
43.488000 43.648000 62
43.776000 43.904000 62
43.904000 43.968000 61
43.968000 44.064000 60
44.064000 44.160000 59
44.160000 45.088000 55
46.080000 46.400000 54
46.528000 46.656000 53
46.784000 46.944000 53
47.072000 47.392000 52
47.552000 48.128000 52
48.512000 48.928000 55
49.632000 50.176000 59
50.400000 50.656000 57
51.552000 52.128000 59
52.320000 52.672000 57
52.832000 52.896000 53
52.960000 52.992000 53
53.600000 54.688000 54
57.344000 57.568000 58
57.664000 58.112000 58
58.240000 58.880000 62
58.976000 59.584000 62
59.680000 59.904000 58
59.904000 60.736000 55
61.248000 61.696000 54
62.016000 63.040000 52
63.200000 63.616000 58
63.712000 64.288000 56
64.864000 65.440000 59
65.632000 66.048000 57
66.304000 66.464000 54
66.848000 67.840000 58
68.128000 68.224000 53
69.152000 69.568000 51
73.408000 73.824000 63
73.920000 74.272000 65
74.400000 74.784000 67
74.976000 75.424000 63
75.808000 76.384000 59
76.544000 76.736000 59
76.832000 77.920000 63
81.024000 81.536000 63
81.536000 82.400000 65
82.528000 83.072000 63
83.392000 83.968000 59
84.160000 84.416000 59
84.416000 85.568000 63
87.840000 88.000000 63
88.160000 88.640000 63
88.736000 88.864000 70
88.864000 89.024000 72
89.152000 89.536000 70
89.632000 89.792000 65
89.888000 90.272000 65
90.400000 91.776000 63
92.000000 92.864000 67
95.808000 96.224000 63
96.320000 96.640000 71
96.768000 97.152000 70
97.248000 99.040000 64
99.200000 99.296000 63
99.328000 99.360000 63
99.744000 100.992000 63
110.720000 111.520000 58
111.520000 112.768000 62
112.768000 113.152000 57
113.312000 113.472000 55
113.472000 113.888000 52
114.688000 115.104000 53
115.232000 115.552000 52
115.712000 116.192000 53
116.576000 117.152000 58
117.152000 117.472000 56
118.208000 118.752000 59
118.976000 119.392000 58
119.808000 119.840000 54
120.224000 120.704000 59
120.864000 121.024000 57
121.024000 121.152000 55
121.152000 122.848000 52
122.848000 123.360000 55
125.856000 125.952000 57
126.048000 126.784000 58
126.784000 127.840000 62
127.840000 128.352000 58
128.544000 128.992000 55
129.952000 129.984000 53
130.016000 130.720000 52
130.848000 131.520000 52
131.808000 132.128000 59
132.320000 132.832000 55
133.408000 134.432000 58
134.784000 134.880000 54
135.360000 135.904000 59
136.096000 136.224000 58
136.384000 136.800000 51
137.248000 137.408000 51
137.856000 138.272000 51
141.760000 142.400000 63
142.496000 142.848000 65
142.944000 143.328000 67
143.488000 144.064000 63
144.352000 144.928000 59
145.024000 145.184000 59
145.376000 146.336000 63
149.376000 149.504000 63
149.632000 150.112000 63
150.112000 150.976000 65
151.104000 151.616000 63
151.968000 152.192000 60
152.192000 152.480000 58
152.736000 152.864000 59
152.960000 153.984000 63
156.384000 156.640000 63
156.800000 157.184000 63
157.312000 157.632000 71
157.728000 158.112000 70
158.112000 158.368000 65
158.464000 158.816000 65
158.944000 160.416000 63
160.544000 161.440000 67
161.440000 161.504000 64
163.968000 164.256000 63
164.384000 164.832000 63
164.928000 165.216000 71
165.376000 165.728000 70
165.728000 166.784000 65
166.784000 167.584000 63
167.936000 168.032000 63
168.224000 168.384000 63
168.480000 173.248000 72
174.464000 174.592000 63
174.752000 175.616000 62
175.872000 176.704000 60
176.800000 177.088000 60
178.144000 178.240000 62
178.336000 178.752000 65
178.848000 179.136000 63
179.392000 179.616000 60
179.904000 180.288000 60
180.736000 181.120000 58
181.504000 181.888000 58
182.112000 182.432000 58
182.880000 183.040000 57
183.168000 183.904000 55
186.272000 186.496000 60
186.784000 187.200000 60
187.520000 187.872000 60
190.240000 190.944000 65
191.104000 191.232000 65
191.552000 192.032000 66
192.128000 192.256000 66
192.640000 192.704000 66
192.736000 192.800000 66
192.832000 193.696000 66
193.984000 194.336000 67
194.464000 194.656000 65
195.360000 198.944000 67
199.584000 200.480000 58
200.576000 200.896000 56
201.088000 201.664000 59
201.856000 202.272000 58
202.496000 202.816000 57
203.040000 203.776000 55
207.296000 207.552000 59
207.680000 208.032000 57
208.192000 208.544000 56
208.672000 209.824000 58
209.824000 211.360000 56
211.520000 211.712000 57
212.448000 212.896000 59
212.896000 214.304000 60
214.304000 216.896000 63
217.088000 217.152000 62
217.280000 218.176000 63
218.368000 218.752000 72
218.912000 219.328000 70
219.328000 219.520000 65
219.616000 219.840000 65
219.936000 221.344000 63
221.568000 221.728000 67
221.824000 222.432000 67
223.424000 223.552000 67
223.680000 223.808000 68
223.808000 224.320000 67
225.088000 225.728000 63
225.856000 226.432000 71
226.560000 227.712000 70
228.192000 228.448000 63
228.640000 229.664000 63
229.856000 230.400000 63
230.560000 231.328000 64
231.776000 232.128000 64
232.224000 232.448000 63
232.576000 232.864000 63
232.960000 233.344000 63
233.504000 233.696000 70
233.696000 234.016000 72
234.208000 234.528000 70
234.656000 235.456000 65
235.616000 236.544000 63
236.736000 237.120000 70
237.120000 237.696000 67
237.824000 237.952000 64
238.240000 238.464000 61
238.656000 239.488000 63
240.288000 240.448000 63
240.576000 241.056000 63
241.056000 242.208000 71
242.208000 242.368000 65
242.752000 246.016000 51
246.112000 246.208000 51
246.336000 246.720000 52
249.632000 249.760000 60
249.760000 250.144000 62
250.368000 251.488000 63
