5.888000 6.176000 63
6.304000 6.688000 65
6.688000 7.040000 67
7.136000 8.640000 70
8.736000 8.928000 72
9.024000 9.568000 70
9.728000 9.952000 65
9.952000 10.368000 67
10.368000 11.904000 70
12.000000 12.544000 70
12.864000 13.536000 65
13.664000 13.856000 63
14.304000 15.072000 65
15.072000 15.808000 63
16.032000 16.448000 63
16.544000 18.016000 63
44.096000 44.480000 52
44.640000 45.344000 52
45.472000 45.664000 52
45.664000 46.336000 54
46.432000 46.912000 56
46.912000 47.200000 54
47.296000 47.584000 53
48.096000 48.544000 53
48.672000 48.800000 53
48.896000 49.632000 53
49.760000 49.984000 50
50.496000 51.040000 52
51.168000 51.264000 52
51.360000 51.648000 53
51.968000 52.416000 53
52.512000 52.896000 55
52.896000 53.216000 57
53.344000 53.664000 54
53.760000 54.080000 53
54.336000 54.464000 54
54.560000 55.776000 53
57.024000 57.504000 52
57.632000 57.728000 53
57.856000 58.336000 53
58.592000 58.912000 53
59.008000 59.296000 55
59.392000 59.712000 57
59.808000 60.704000 53
60.864000 61.344000 54
61.472000 62.208000 50
62.752000 63.424000 52
63.552000 63.936000 52
64.384000 65.504000 52
65.984000 66.176000 54
66.272000 66.528000 53
66.624000 67.072000 53
67.168000 67.488000 51
68.384000 68.640000 51
68.736000 69.824000 53
69.920000 69.984000 57
69.984000 70.240000 60
70.336000 70.464000 58
70.560000 70.976000 60
71.488000 72.352000 60
72.352000 72.768000 62
73.184000 73.696000 61
73.824000 74.144000 62
74.144000 74.720000 56
74.816000 75.552000 63
75.648000 75.936000 60
76.256000 76.352000 59
76.448000 76.992000 59
77.088000 78.016000 59
78.112000 78.656000 58
79.136000 80.576000 55
81.344000 81.600000 51
81.728000 82.496000 54
82.592000 82.816000 52
82.912000 83.104000 58
83.104000 83.232000 60
83.328000 83.456000 58
83.552000 84.064000 60
84.512000 85.696000 61
86.176000 86.688000 61
86.816000 87.136000 62
87.136000 87.680000 55
87.776000 88.640000 63
88.640000 88.992000 60
89.248000 89.728000 60
89.824000 90.400000 67
90.592000 91.008000 58
91.008000 91.392000 60
91.392000 91.904000 67
92.192000 94.208000 60
95.072000 95.392000 63
95.456000 95.904000 65
95.904000 96.160000 67
96.288000 96.480000 72
96.480000 97.280000 70
97.376000 98.336000 70
98.336000 98.912000 65
99.104000 99.296000 65
99.296000 99.552000 67
99.552000 100.544000 71
100.640000 101.696000 70
101.792000 102.176000 66
102.400000 102.944000 65
103.040000 103.392000 60
103.392000 104.576000 63
104.672000 104.928000 60
105.184000 105.472000 63
105.632000 106.592000 67
106.816000 107.744000 65
108.096000 108.160000 60
108.160000 108.480000 63
108.480000 109.184000 66
109.280000 110.816000 70
110.912000 111.456000 70
111.680000 112.064000 65
112.064000 112.512000 67
112.512000 114.016000 70
114.144000 114.304000 72
114.400000 114.656000 70
114.976000 115.680000 65
115.680000 115.968000 63
115.968000 116.192000 60
116.448000 116.960000 66
117.056000 117.376000 64
117.472000 117.632000 63
117.632000 117.984000 60
118.112000 118.560000 63
118.656000 120.288000 63
120.992000 121.184000 60
121.312000 122.208000 65
122.304000 122.464000 63
122.464000 122.816000 60
122.944000 124.000000 65
124.096000 124.352000 60
124.512000 126.688000 63
138.112000 138.624000 53
138.912000 139.456000 53
139.680000 140.384000 54
140.480000 140.992000 56
140.992000 141.600000 53
141.984000 142.688000 53
142.912000 143.232000 53
143.328000 143.648000 52
143.808000 143.968000 50
144.544000 145.088000 53
145.184000 145.280000 53
145.376000 145.792000 53
146.048000 146.464000 53
146.592000 146.848000 55
146.976000 147.264000 57
147.392000 148.128000 53
148.448000 148.896000 53
149.024000 149.952000 53
151.136000 151.552000 53
151.680000 151.776000 52
151.904000 152.288000 53
152.544000 153.344000 53
153.440000 153.600000 56
153.600000 153.760000 58
153.856000 154.592000 53
154.912000 155.552000 53
156.768000 156.896000 55
157.280000 157.920000 52
158.304000 159.488000 53
160.000000 161.536000 53
162.400000 162.688000 51
162.784000 163.072000 53
163.200000 163.392000 55
163.968000 164.288000 59
164.416000 165.184000 59
165.632000 166.400000 60
166.400000 166.816000 62
167.264000 167.680000 61
167.872000 168.224000 62
168.224000 168.736000 55
168.864000 169.600000 63
169.696000 170.048000 60
170.304000 171.040000 59
171.136000 172.032000 59
172.160000 172.704000 58
173.152000 173.280000 56
173.280000 173.952000 58
173.952000 174.880000 55
175.744000 176.512000 53
176.960000 177.248000 59
177.376000 177.504000 58
177.600000 178.176000 60
178.560000 179.744000 61
180.192000 180.704000 61
180.864000 181.184000 62
181.280000 181.696000 55
181.792000 181.856000 59
181.856000 182.624000 63
182.624000 183.040000 60
183.264000 183.456000 58
183.456000 183.840000 60
183.840000 184.448000 67
184.544000 185.056000 58
185.056000 185.504000 60
185.504000 185.952000 67
186.208000 186.528000 58
186.528000 187.904000 60
187.904000 189.376000 64
189.952000 192.000000 64
192.384000 192.448000 56
192.448000 192.704000 59
192.800000 193.152000 61
193.152000 193.536000 63
193.632000 194.592000 66
194.720000 195.392000 66
195.488000 195.648000 66
195.648000 196.192000 61
196.384000 196.608000 61
196.608000 196.768000 63
196.896000 198.976000 66
199.072000 199.456000 62
199.648000 200.224000 61
200.320000 200.640000 56
200.640000 200.704000 57
200.704000 202.208000 59
202.496000 202.816000 59
202.944000 204.064000 63
204.160000 204.352000 63
204.352000 205.152000 61
205.376000 205.536000 57
205.536000 205.696000 59
205.792000 206.176000 61
206.176000 206.496000 63
206.592000 208.384000 66
208.480000 208.960000 66
209.184000 209.408000 61
209.408000 209.824000 63
209.824000 211.296000 66
211.456000 211.968000 66
212.288000 212.960000 61
213.056000 213.248000 59
213.248000 213.568000 56
213.728000 214.240000 61
214.336000 214.496000 61
214.496000 214.912000 59
214.912000 215.264000 56
215.392000 217.856000 59
219.904000 220.000000 57
220.000000 220.352000 59
220.352000 220.640000 61
220.736000 221.056000 63
221.216000 222.176000 66
222.272000 222.944000 66
223.040000 223.232000 66
223.232000 223.744000 61
224.032000 224.416000 63
224.416000 225.888000 66
225.984000 226.560000 66
226.688000 226.880000 61
226.880000 227.040000 63
227.264000 227.584000 61
227.584000 227.872000 59
227.872000 228.224000 56
228.320000 229.472000 59
229.568000 229.824000 56
230.112000 230.368000 59
230.528000 231.616000 63
231.744000 233.728000 61
234.432000 234.496000 55
234.496000 234.560000 56
234.560000 234.944000 59
234.944000 235.680000 62
235.776000 236.448000 66
236.576000 237.280000 66
237.376000 237.568000 68
237.568000 237.984000 66
237.984000 238.304000 62
238.368000 238.496000 61
238.624000 239.008000 63
239.008000 239.744000 66
239.840000 240.032000 68
240.160000 240.544000 66
240.640000 241.184000 66
241.376000 241.792000 62
241.888000 242.208000 61
242.208000 242.432000 59
242.432000 242.880000 56
242.880000 243.296000 59
243.424000 243.616000 59
243.616000 243.808000 61
243.904000 244.064000 59
244.160000 244.384000 56
244.640000 245.152000 59
245.152000 246.240000 63
246.368000 246.560000 63
246.560000 247.232000 61
247.456000 247.680000 56
247.680000 247.904000 59
247.904000 248.640000 62
248.736000 251.072000 66
251.264000 251.552000 61
251.552000 251.936000 63
252.032000 252.992000 66
253.088000 253.760000 66
253.856000 254.080000 66
254.208000 254.656000 62
254.848000 255.392000 61
255.488000 255.808000 56
255.808000 256.640000 61
256.640000 257.376000 59
257.472000 259.840000 59
260.480000 260.608000 56
260.736000 261.216000 63
261.344000 261.664000 61
261.664000 261.920000 59
261.920000 262.304000 57
262.304000 262.816000 61
262.944000 263.328000 61
263.328000 266.112000 59
271.840000 291.936000 66
