44.288000 44.960000 61
45.056000 45.632000 66
45.824000 46.688000 64
46.816000 47.200000 61
47.200000 47.712000 57
47.840000 48.288000 56
48.384000 49.600000 58
52.448000 52.768000 61
52.928000 53.216000 63
53.216000 54.880000 65
54.976000 55.392000 61
55.616000 57.152000 56
57.376000 57.728000 58
60.320000 60.480000 63
60.576000 61.760000 70
62.080000 62.688000 66
62.848000 63.488000 68
63.616000 64.768000 65
64.896000 65.312000 61
65.440000 65.984000 66
66.752000 68.800000 61
70.752000 70.976000 63
71.104000 72.512000 61
76.800000 77.504000 61
77.664000 78.272000 66
78.368000 79.232000 64
79.360000 79.840000 61
80.000000 80.832000 56
80.928000 81.248000 56
81.472000 82.368000 58
84.992000 85.472000 61
85.472000 86.400000 65
86.496000 86.720000 65
86.816000 87.200000 63
87.296000 87.904000 61
88.224000 88.832000 58
88.832000 89.760000 56
89.856000 90.048000 54
92.864000 93.216000 63
93.376000 93.824000 70
93.952000 94.432000 69
94.624000 94.784000 66
94.944000 95.744000 66
96.160000 96.640000 68
96.640000 97.536000 70
97.664000 97.888000 65
98.016000 98.752000 66
99.008000 99.200000 64
99.200000 99.552000 62
99.776000 100.000000 58
100.096000 100.224000 59
100.224000 101.184000 61
101.184000 102.272000 63
103.296000 103.712000 62
103.840000 104.064000 58
104.064000 104.480000 61
104.608000 105.920000 61
107.360000 107.520000 61
107.616000 107.808000 71
107.904000 109.984000 70
111.200000 111.392000 62
111.392000 111.456000 66
111.456000 112.384000 70
112.384000 112.800000 67
112.928000 113.312000 68
113.440000 113.856000 68
113.952000 114.144000 66
114.240000 114.752000 69
114.752000 114.912000 65
115.488000 115.712000 68
115.712000 115.872000 66
116.000000 117.152000 65
117.504000 117.920000 69
118.048000 118.144000 68
118.336000 119.136000 66
119.520000 119.712000 73
119.808000 120.224000 71
120.320000 121.280000 72
121.376000 121.952000 72
122.080000 122.240000 66
122.400000 123.264000 68
123.840000 126.592000 70
127.232000 127.648000 63
127.648000 128.064000 70
128.192000 128.576000 69
128.736000 129.056000 67
129.216000 130.912000 68
131.008000 131.232000 65
131.520000 131.616000 60
131.776000 131.904000 67
132.000000 132.896000 65
133.056000 133.344000 63
133.760000 134.272000 68
134.272000 135.520000 66
135.840000 136.032000 73
136.032000 136.960000 71
136.960000 137.760000 73
137.888000 138.240000 72
138.336000 138.592000 66
138.688000 139.008000 66
139.584000 140.032000 69
140.192000 140.320000 68
140.416000 140.832000 66
140.832000 142.016000 68
142.016000 143.904000 70
158.144000 158.880000 61
159.040000 159.648000 66
159.744000 160.128000 65
160.256000 160.608000 63
160.608000 161.088000 61
161.088000 161.664000 56
161.760000 162.176000 56
162.272000 162.592000 56
162.784000 163.456000 58
166.368000 166.816000 61
166.816000 168.064000 65
168.384000 168.544000 63
168.672000 169.088000 61
169.440000 170.816000 56
170.912000 171.104000 54
171.200000 171.584000 54
174.208000 174.400000 63
174.400000 174.464000 65
174.464000 174.624000 69
174.752000 175.168000 70
175.296000 175.744000 69
176.000000 176.128000 66
176.288000 177.024000 66
177.504000 178.016000 68
178.016000 178.784000 70
178.784000 180.160000 66
180.608000 180.928000 62
181.088000 181.440000 58
181.440000 181.536000 59
181.536000 182.656000 61
182.656000 184.224000 63
184.672000 185.056000 62
185.184000 185.440000 58
185.440000 185.856000 61
185.984000 187.264000 61
188.800000 188.960000 61
189.056000 189.248000 71
189.344000 191.392000 70
192.512000 192.704000 61
192.704000 193.152000 70
193.280000 193.440000 68
193.536000 193.760000 70
193.760000 194.208000 67
194.336000 194.720000 68
194.816000 195.168000 68
195.296000 195.488000 66
195.616000 196.096000 69
196.096000 196.320000 65
196.832000 197.248000 67
197.344000 198.464000 65
198.848000 199.264000 69
199.392000 199.520000 66
199.680000 200.544000 66
200.896000 201.568000 71
201.664000 202.624000 72
202.720000 203.296000 73
203.520000 203.616000 67
203.776000 204.672000 68
204.992000 205.152000 62
205.248000 205.440000 71
205.536000 208.288000 70
208.640000 209.024000 63
209.024000 209.440000 70
209.568000 209.952000 69
210.112000 210.432000 67
210.592000 211.520000 68
211.520000 212.640000 66
213.152000 213.280000 68
213.376000 213.568000 66
213.664000 214.272000 65
214.464000 214.688000 63
215.136000 215.456000 69
215.456000 216.832000 66
217.184000 217.376000 73
217.376000 218.336000 71
218.336000 219.072000 73
219.200000 219.584000 72
219.744000 220.576000 66
220.992000 221.408000 69
221.536000 223.648000 68
223.648000 225.952000 70
234.816000 237.152000 71
237.216000 237.664000 73
237.760000 237.920000 71
238.080000 238.624000 70
239.520000 239.936000 66
240.096000 240.224000 63
240.320000 240.544000 61
240.544000 240.928000 63
240.928000 241.344000 58
241.344000 243.168000 66
245.664000 245.888000 61
246.016000 249.248000 70
249.696000 250.112000 70
250.240000 250.368000 68
250.496000 250.688000 70
250.784000 251.104000 67
251.264000 251.648000 68
251.776000 252.160000 68
252.256000 252.544000 66
252.544000 253.120000 68
253.120000 253.280000 65
253.824000 254.048000 68
254.048000 254.208000 66
254.336000 255.552000 65
255.808000 256.256000 68
256.384000 256.480000 67
256.672000 257.568000 66
257.856000 258.080000 73
258.176000 258.528000 71
258.624000 259.040000 71
259.040000 259.552000 73
259.648000 260.192000 73
260.416000 260.576000 64
260.736000 261.696000 68
262.016000 262.048000 63
262.240000 264.832000 70
264.832000 265.504000 66
265.728000 265.984000 62
265.984000 266.912000 70
267.040000 267.424000 67
267.552000 267.904000 68
268.032000 268.704000 68
268.832000 269.760000 70
269.760000 270.528000 69
270.528000 271.776000 66
272.096000 272.512000 68
272.640000 273.856000 66
274.144000 274.336000 73
274.336000 275.456000 71
275.456000 276.608000 73
276.896000 277.152000 66
277.312000 280.000000 66
281.824000 282.656000 70
282.816000 283.360000 67
283.488000 284.608000 68
284.832000 288.096000 66
