7.776000 8.064000 55
8.192000 8.512000 56
8.864000 9.312000 56
9.504000 9.696000 55
9.696000 9.984000 56
9.984000 10.784000 54
10.784000 11.936000 56
14.912000 15.680000 56
16.064000 16.512000 57
16.736000 18.304000 55
18.304000 19.264000 52
20.960000 21.152000 52
21.152000 22.080000 55
22.528000 22.720000 56
22.720000 22.880000 54
23.008000 23.776000 54
24.992000 25.088000 52
25.216000 25.568000 55
25.696000 25.824000 58
25.920000 27.104000 59
27.104000 28.096000 61
29.248000 29.600000 58
29.600000 30.752000 56
30.752000 31.104000 52
32.000000 32.160000 52
32.576000 33.120000 47
35.968000 36.704000 56
36.832000 37.152000 56
37.472000 38.048000 57
38.208000 38.432000 55
38.432000 38.688000 56
38.688000 39.296000 53
39.456000 41.376000 56
43.552000 44.352000 56
44.672000 45.120000 60
45.376000 45.696000 56
45.824000 46.112000 54
46.240000 46.400000 54
46.400000 47.040000 56
47.040000 48.096000 52
49.600000 49.696000 53
49.824000 49.920000 54
50.048000 50.720000 56
51.168000 51.328000 56
51.488000 52.192000 56
52.192000 52.832000 54
53.408000 53.568000 52
53.568000 54.176000 54
54.304000 54.848000 59
55.040000 55.808000 59
55.808000 56.416000 61
56.896000 56.928000 52
57.088000 57.184000 56
57.280000 57.632000 58
57.728000 58.688000 56
58.816000 59.040000 52
59.040000 59.456000 49
59.456000 59.936000 52
60.320000 60.480000 52
60.480000 60.608000 54
60.608000 61.280000 58
61.408000 61.664000 57
61.664000 62.208000 55
62.432000 62.784000 53
62.880000 64.000000 54
67.488000 68.064000 59
68.224000 68.672000 58
68.672000 69.088000 54
69.536000 69.728000 48
69.952000 70.112000 57
70.112000 70.336000 59
70.464000 70.848000 54
71.072000 71.168000 55
71.264000 71.552000 59
71.744000 71.904000 57
71.904000 72.320000 58
72.448000 72.640000 59
72.896000 73.056000 56
73.056000 73.344000 59
73.344000 73.664000 56
73.792000 73.920000 59
73.920000 74.368000 56
74.688000 74.912000 58
74.912000 75.168000 60
75.328000 75.680000 62
75.776000 76.800000 59
76.960000 77.856000 59
78.240000 78.336000 59
78.432000 78.560000 61
78.688000 78.784000 63
78.912000 79.104000 64
79.104000 79.360000 61
79.360000 79.712000 64
79.904000 80.128000 64
80.128000 80.288000 61
80.896000 81.024000 61
81.152000 81.408000 64
81.600000 81.856000 64
81.856000 82.048000 61
82.304000 82.688000 59
82.688000 83.264000 62
83.392000 83.808000 65
84.096000 84.512000 59
84.512000 84.608000 61
84.608000 85.152000 62
85.152000 85.600000 64
85.664000 85.792000 57
85.888000 86.656000 59
86.912000 87.424000 59
87.616000 87.712000 59
87.872000 88.192000 60
88.288000 88.928000 64
89.696000 90.688000 68
91.008000 92.544000 68
92.800000 93.728000 65
93.920000 94.016000 66
94.176000 94.368000 66
94.368000 94.752000 64
94.848000 95.968000 66
96.160000 96.672000 59
96.928000 97.280000 59
97.280000 97.696000 54
98.624000 99.104000 58
99.104000 99.232000 54
99.328000 99.488000 54
99.712000 99.744000 55
99.968000 100.160000 59
100.160000 100.960000 57
101.088000 101.312000 59
101.504000 101.600000 56
101.760000 101.952000 59
101.952000 103.136000 57
103.296000 103.424000 59
103.776000 103.904000 63
104.000000 104.256000 62
104.416000 104.928000 59
105.056000 105.184000 60
105.184000 105.312000 59
105.312000 105.472000 56
105.600000 106.560000 59
106.656000 106.752000 63
107.104000 107.200000 61
107.328000 107.424000 63
107.552000 107.744000 64
107.744000 108.896000 63
109.088000 109.376000 61
109.568000 109.792000 61
109.792000 110.080000 64
110.272000 110.496000 64
110.496000 110.688000 62
110.880000 111.584000 60
111.584000 111.936000 63
112.032000 112.320000 64
112.320000 112.416000 67
112.672000 113.312000 60
113.408000 113.600000 64
113.600000 113.856000 61
113.856000 114.272000 65
114.592000 115.072000 59
115.200000 115.456000 59
115.616000 116.096000 59
116.288000 116.416000 59
116.544000 116.640000 59
116.960000 117.664000 64
118.336000 119.360000 68
119.680000 121.056000 68
121.472000 123.328000 66
123.424000 124.544000 66
124.544000 126.240000 59
126.464000 126.848000 66
126.976000 130.336000 64
134.912000 135.168000 55
135.328000 135.712000 56
136.064000 136.448000 56
136.672000 136.832000 55
136.832000 137.152000 56
137.152000 137.792000 53
137.920000 139.744000 56
142.080000 142.848000 56
142.944000 143.040000 57
143.168000 143.680000 60
143.840000 144.160000 56
144.320000 145.632000 55
145.632000 146.592000 52
148.096000 148.192000 52
148.320000 148.448000 54
148.544000 149.248000 56
149.664000 149.760000 56
149.952000 150.432000 56
150.432000 151.456000 54
151.904000 152.096000 52
152.096000 152.640000 54
152.800000 153.344000 59
153.504000 154.240000 59
154.240000 154.848000 61
155.360000 155.392000 52
155.552000 155.648000 57
155.776000 156.064000 57
156.160000 157.152000 56
157.312000 157.504000 52
157.504000 157.952000 50
157.952000 158.432000 52
158.912000 158.976000 53
159.008000 159.072000 54
159.072000 159.328000 56
159.328000 159.776000 58
159.904000 160.672000 56
160.896000 162.304000 54
165.664000 165.856000 54
165.984000 166.560000 59
166.688000 167.264000 58
167.264000 167.584000 54
168.064000 168.288000 48
168.480000 168.800000 59
168.960000 169.344000 54
169.568000 169.600000 55
169.792000 170.080000 59
170.240000 170.816000 58
170.976000 171.168000 59
171.424000 171.616000 56
171.616000 171.808000 59
171.808000 172.160000 56
172.288000 172.480000 59
172.480000 172.896000 56
173.408000 173.664000 60
173.856000 174.176000 63
174.272000 175.264000 59
175.424000 176.384000 59
177.184000 177.280000 63
177.408000 177.728000 64
177.824000 178.208000 64
178.336000 178.592000 64
178.592000 178.752000 61
179.264000 179.360000 64
179.360000 179.520000 62
179.616000 180.544000 64
180.800000 181.312000 60
181.312000 181.728000 63
181.920000 182.336000 64
182.592000 182.816000 59
183.008000 183.104000 61
183.232000 183.424000 64
183.424000 183.648000 61
183.648000 184.096000 65
184.416000 184.928000 59
185.056000 185.184000 59
185.536000 185.920000 59
186.144000 186.240000 58
186.368000 186.656000 60
186.784000 187.424000 64
188.160000 189.184000 68
189.504000 191.264000 68
191.392000 192.256000 65
192.640000 192.768000 67
192.768000 193.248000 64
193.376000 194.496000 66
194.688000 195.200000 59
195.360000 195.840000 58
195.840000 196.224000 54
196.480000 196.576000 47
196.800000 196.896000 47
197.088000 197.472000 58
197.600000 197.728000 54
197.824000 198.016000 54
198.208000 198.304000 56
198.464000 198.688000 59
198.688000 199.456000 57
199.584000 199.808000 59
200.032000 200.128000 56
200.256000 200.448000 59
200.448000 201.600000 57
201.824000 201.920000 60
202.048000 202.112000 61
202.496000 202.784000 62
202.944000 203.456000 59
203.616000 203.712000 60
203.712000 203.968000 58
204.128000 205.120000 59
205.344000 205.504000 59
206.080000 206.272000 64
206.272000 206.496000 61
206.496000 206.848000 64
206.976000 207.168000 64
207.168000 207.456000 61
207.584000 207.744000 59
207.744000 207.968000 61
208.288000 208.640000 64
208.800000 209.024000 64
209.024000 209.216000 61
209.408000 209.920000 59
209.920000 210.400000 62
210.528000 210.816000 64
210.816000 210.976000 57
211.168000 211.872000 60
211.872000 212.608000 63
212.608000 212.768000 68
213.056000 213.472000 59
213.664000 213.888000 59
213.888000 214.048000 57
214.176000 214.560000 59
214.720000 214.880000 58
215.264000 215.360000 61
215.488000 216.160000 64
216.864000 217.856000 68
218.176000 219.552000 68
219.936000 221.824000 66
221.920000 223.040000 66
223.040000 224.736000 59
224.928000 225.184000 64
225.536000 228.832000 64
229.408000 229.952000 58
230.112000 230.208000 58
230.560000 231.264000 57
232.256000 232.352000 59
232.480000 232.736000 61
232.864000 233.280000 62
233.376000 234.368000 59
234.528000 236.192000 59
236.608000 236.800000 64
236.960000 237.248000 64
237.472000 237.760000 63
238.336000 238.976000 68
238.976000 239.104000 64
239.264000 239.936000 64
239.936000 240.416000 62
241.024000 241.344000 65
241.760000 242.048000 59
242.336000 242.528000 64
242.848000 243.008000 64
243.008000 243.264000 60
243.488000 244.128000 67
244.384000 244.928000 66
245.504000 245.792000 66
245.920000 246.144000 66
246.144000 247.072000 64
247.296000 248.288000 68
248.608000 250.304000 68
250.464000 251.328000 64
251.744000 251.872000 67
251.872000 252.352000 64
252.448000 253.504000 66
253.888000 254.208000 59
254.432000 254.944000 58
254.944000 255.328000 54
256.224000 256.608000 59
256.704000 256.832000 54
256.928000 257.120000 54
257.312000 257.344000 56
257.568000 257.760000 59
257.760000 258.208000 57
258.400000 258.496000 56
258.688000 258.880000 58
259.328000 259.520000 59
259.520000 259.904000 57
259.904000 260.704000 58
260.864000 260.960000 58
261.568000 261.920000 62
262.016000 262.560000 59
262.720000 262.944000 59
262.944000 263.072000 56
263.168000 264.192000 59
264.512000 264.608000 59
264.608000 264.768000 62
264.928000 265.024000 64
265.152000 265.408000 64
265.408000 265.920000 63
266.048000 266.240000 64
266.240000 266.528000 61
266.720000 266.880000 59
266.976000 267.680000 67
267.712000 267.776000 67
267.840000 268.640000 64
268.704000 268.960000 63
268.960000 269.056000 61
270.336000 270.912000 59
271.040000 271.328000 64
271.616000 271.712000 58
271.712000 272.032000 60
272.160000 273.408000 66
273.408000 273.664000 60
274.176000 274.752000 66
274.752000 275.680000 64
275.776000 275.872000 63
275.968000 276.992000 68
277.248000 278.688000 68
279.072000 279.584000 64
279.584000 282.176000 66
282.176000 283.808000 59
284.032000 284.576000 65
284.768000 289.664000 64
