22.304000 23.584000 52
24.160000 24.704000 52
24.704000 25.120000 49
26.496000 26.656000 49
26.752000 27.104000 51
27.104000 27.456000 54
27.456000 27.808000 57
27.936000 28.000000 57
28.000000 28.256000 59
28.448000 29.056000 58
30.336000 30.528000 52
30.656000 30.816000 57
30.816000 31.456000 59
31.584000 31.776000 59
31.872000 32.224000 61
33.408000 36.384000 61
37.472000 38.560000 61
38.720000 39.232000 59
39.424000 39.680000 55
39.680000 40.320000 59
41.696000 42.112000 59
42.240000 42.560000 56
42.560000 43.008000 52
43.136000 43.328000 59
43.552000 43.968000 57
45.408000 45.472000 54
45.472000 45.984000 57
46.080000 46.624000 56
46.720000 46.976000 51
48.224000 48.288000 51
48.288000 48.992000 57
49.120000 49.344000 59
49.344000 50.464000 61
50.464000 52.928000 56
53.696000 54.240000 52
54.240000 54.752000 49
56.000000 56.064000 48
56.064000 56.800000 52
56.800000 57.312000 57
57.440000 58.304000 57
59.904000 60.032000 51
60.032000 60.192000 52
60.192000 60.352000 56
60.352000 61.440000 59
61.440000 61.888000 61
62.688000 62.848000 52
62.944000 63.552000 61
63.776000 64.160000 59
64.224000 66.336000 61
67.040000 68.800000 60
68.896000 69.088000 54
69.280000 70.240000 59
71.232000 71.392000 59
71.392000 72.096000 56
72.192000 72.512000 52
72.672000 72.864000 59
73.024000 73.760000 57
74.880000 75.008000 46
75.008000 75.072000 52
75.072000 76.224000 59
76.416000 77.344000 57
77.728000 78.048000 51
78.208000 78.464000 64
78.464000 81.216000 59
81.984000 82.304000 52
82.304000 82.688000 63
82.816000 83.456000 61
83.456000 84.192000 59
84.192000 85.632000 57
85.984000 86.368000 63
86.464000 86.848000 59
86.944000 87.552000 57
87.648000 88.160000 56
88.160000 89.664000 57
89.664000 92.128000 54
92.704000 93.344000 54
93.440000 93.888000 53
93.888000 94.560000 59
94.656000 94.976000 52
95.168000 96.288000 59
96.768000 97.440000 64
97.440000 98.336000 61
98.432000 98.624000 59
98.720000 99.296000 58
99.392000 99.808000 57
99.904000 100.512000 61
100.800000 101.120000 64
101.248000 101.920000 59
101.920000 102.784000 56
102.880000 103.104000 57
103.296000 104.288000 57
104.288000 106.912000 54
107.168000 107.520000 54
107.904000 109.440000 53
109.536000 110.080000 59
111.360000 113.120000 59
113.120000 114.624000 57
121.792000 121.952000 49
131.168000 131.232000 50
131.232000 131.616000 56
131.712000 132.928000 52
133.056000 133.568000 52
133.568000 134.336000 49
135.360000 135.456000 48
135.456000 136.032000 51
136.032000 136.736000 57
136.832000 137.824000 57
139.264000 139.616000 52
139.616000 139.840000 58
139.840000 140.800000 59
140.800000 141.344000 61
142.048000 142.272000 52
142.368000 142.432000 58
142.432000 142.688000 62
142.784000 143.040000 61
143.232000 143.552000 59
143.680000 145.760000 61
146.400000 148.192000 60
148.192000 148.480000 54
148.672000 149.248000 59
150.624000 150.848000 59
150.848000 151.424000 56
151.584000 151.872000 52
151.872000 152.032000 53
152.032000 152.224000 59
152.384000 153.056000 57
154.176000 154.208000 45
154.240000 154.368000 46
154.368000 154.432000 54
154.432000 155.552000 59
155.712000 156.640000 57
157.120000 157.472000 52
157.568000 157.824000 63
157.824000 158.400000 57
158.528000 160.672000 59
161.344000 161.696000 53
161.696000 162.048000 64
162.208000 162.848000 61
162.848000 163.584000 59
163.584000 164.384000 57
164.480000 164.672000 57
164.672000 165.024000 52
165.344000 165.760000 64
165.856000 166.208000 59
166.304000 166.944000 57
167.040000 168.096000 57
168.192000 168.320000 59
168.320000 168.544000 61
168.640000 169.216000 56
169.600000 171.584000 54
172.064000 172.128000 53
172.128000 172.704000 54
172.704000 173.248000 52
173.248000 173.920000 59
174.080000 174.336000 52
174.528000 175.680000 59
176.160000 176.864000 64
176.864000 177.760000 61
177.824000 178.688000 59
178.816000 179.264000 57
179.264000 179.872000 61
180.192000 180.512000 64
180.704000 181.312000 59
181.312000 182.176000 56
182.272000 182.496000 57
182.688000 183.744000 57
183.744000 186.176000 54
187.264000 188.000000 54
188.000000 188.832000 52
188.960000 189.824000 59
190.752000 190.816000 58
190.816000 192.384000 59
192.384000 194.016000 57
211.200000 211.456000 53
211.552000 211.872000 65
212.000000 212.352000 62
212.448000 212.640000 62
212.640000 213.408000 60
213.408000 214.240000 58
214.368000 214.528000 58
214.528000 214.880000 53
215.232000 215.360000 51
215.360000 215.552000 53
215.712000 216.064000 60
216.160000 216.736000 58
216.928000 217.888000 58
218.048000 218.240000 60
218.240000 218.432000 62
218.432000 219.008000 57
219.008000 221.344000 55
221.888000 223.104000 54
223.104000 223.744000 60
223.936000 224.160000 53
224.352000 225.760000 60
226.016000 226.784000 64
226.784000 227.552000 62
227.648000 228.224000 60
228.352000 228.512000 58
228.608000 229.216000 58
229.344000 229.568000 50
230.016000 230.144000 63
230.144000 230.336000 65
230.464000 231.136000 60
231.136000 232.032000 57
232.128000 232.352000 58
232.512000 233.984000 58
233.984000 236.096000 55
237.120000 238.656000 53
238.784000 239.648000 60
240.608000 244.192000 62
