10.528000 10.784000 60
13.696000 14.080000 59
18.144000 18.496000 60
21.024000 21.184000 62
21.664000 21.856000 63
24.928000 25.024000 62
25.824000 26.048000 63
28.704000 28.864000 62
28.992000 29.184000 63
29.440000 29.696000 63
29.856000 29.984000 63
29.984000 30.112000 65
30.240000 30.336000 65
30.464000 30.560000 65
30.656000 31.008000 67
31.104000 31.552000 67
32.000000 32.736000 69
32.864000 33.344000 70
33.504000 35.072000 70
35.968000 36.096000 72
36.640000 36.768000 71
37.280000 37.312000 65
38.944000 40.576000 65
40.800000 41.312000 64
41.472000 41.632000 60
42.336000 42.528000 57
42.656000 43.264000 62
43.520000 43.584000 57
46.144000 46.304000 59
46.432000 47.648000 65
47.744000 47.808000 66
47.808000 48.064000 67
48.064000 48.288000 69
48.448000 48.512000 68
48.512000 48.576000 69
48.576000 49.024000 71
49.024000 49.536000 69
49.920000 51.520000 62
52.832000 53.760000 57
53.984000 54.112000 60
54.304000 54.976000 62
54.976000 55.584000 60
55.968000 56.096000 60
56.256000 56.736000 60
57.856000 58.880000 70
58.976000 59.168000 69
59.232000 59.360000 69
59.488000 59.584000 70
59.968000 60.480000 69
60.704000 60.768000 67
60.800000 60.832000 67
61.664000 61.792000 67
61.792000 62.496000 69
62.496000 63.072000 65
63.232000 63.456000 70
63.712000 64.384000 69
64.512000 64.960000 65
65.152000 65.312000 70
65.600000 66.432000 68
66.464000 66.560000 65
66.592000 66.624000 65
66.656000 66.688000 65
68.448000 68.704000 65
68.928000 68.960000 65
68.992000 69.152000 65
70.400000 70.656000 63
70.848000 76.448000 65
82.144000 82.272000 58
82.464000 83.264000 60
85.088000 85.440000 55
85.664000 85.824000 58
86.304000 87.200000 60
89.504000 89.664000 58
90.400000 90.560000 60
90.656000 90.752000 60
91.008000 91.168000 60
91.488000 91.680000 60
92.256000 92.608000 62
93.728000 93.824000 59
93.952000 94.528000 60
96.128000 96.288000 58
96.928000 97.056000 61
97.184000 97.952000 63
98.048000 98.240000 64
98.240000 98.304000 61
100.320000 100.704000 58
100.896000 101.216000 62
101.312000 101.440000 63
101.568000 102.784000 63
104.480000 104.832000 62
105.376000 105.536000 63
105.792000 107.200000 65
107.328000 107.456000 66
107.872000 110.880000 69
111.200000 111.264000 74
111.264000 111.424000 71
111.488000 111.648000 69
111.872000 112.096000 73
112.416000 112.576000 70
112.736000 112.832000 74
112.992000 113.120000 71
113.312000 113.536000 71
113.536000 113.664000 73
113.824000 114.048000 72
114.560000 116.288000 65
116.480000 117.024000 64
117.184000 117.568000 60
118.176000 118.336000 58
118.496000 118.688000 61
118.688000 119.040000 62
119.040000 119.520000 57
119.712000 120.480000 62
120.768000 120.832000 69
120.832000 121.312000 73
121.472000 121.952000 67
121.984000 122.048000 62
122.336000 122.464000 67
122.464000 123.168000 68
123.392000 124.000000 69
124.128000 124.192000 69
124.192000 124.928000 71
124.928000 125.472000 69
125.664000 127.616000 62
127.840000 128.416000 62
128.512000 129.248000 62
129.248000 129.376000 67
129.664000 129.792000 60
129.984000 130.048000 58
130.528000 130.624000 58
132.384000 132.672000 60
133.632000 134.400000 70
134.944000 134.976000 69
135.488000 135.648000 67
136.128000 136.224000 69
136.768000 137.056000 67
137.184000 137.536000 68
137.696000 137.728000 69
137.824000 137.952000 69
138.272000 138.432000 65
138.528000 138.944000 65
138.944000 139.072000 70
139.328000 139.392000 67
139.680000 140.064000 69
140.064000 140.832000 65
141.312000 141.696000 68
141.856000 142.016000 68
142.336000 142.528000 65
143.296000 143.840000 68
143.968000 144.480000 65
144.608000 144.896000 65
145.344000 145.952000 65
146.112000 146.432000 63
146.592000 147.520000 65
147.584000 148.384000 65
148.608000 149.024000 63
149.216000 149.504000 60
150.016000 150.208000 57
150.464000 151.072000 61
151.072000 151.424000 57
151.520000 152.000000 56
153.792000 155.808000 69
155.936000 157.600000 67
157.760000 160.160000 62
160.544000 161.024000 70
161.088000 161.120000 72
161.184000 161.408000 70
161.792000 161.952000 67
162.368000 162.592000 68
164.352000 164.384000 58
164.704000 165.056000 62
165.056000 166.944000 70
167.360000 168.064000 69
168.352000 169.888000 68
169.888000 170.144000 65
170.240000 171.744000 69
171.744000 172.192000 65
172.192000 172.544000 71
172.768000 173.856000 68
174.144000 174.240000 69
174.240000 174.464000 67
175.008000 175.072000 68
175.360000 175.424000 69
176.064000 176.352000 65
176.448000 180.160000 72
180.672000 180.832000 72
