25.760000 26.176000 57
26.304000 27.904000 54
29.408000 29.632000 52
29.728000 30.016000 54
30.016000 30.432000 57
31.232000 31.456000 45
31.616000 32.032000 47
36.512000 37.248000 52
37.344000 39.168000 52
40.416000 40.672000 52
40.672000 40.960000 54
41.056000 41.472000 57
42.048000 42.304000 50
42.496000 43.616000 52
47.360000 48.128000 57
48.224000 50.208000 57
51.360000 51.520000 53
51.648000 51.936000 54
52.096000 52.768000 57
53.024000 53.952000 59
54.208000 55.040000 47
58.304000 60.416000 52
62.208000 62.368000 52
62.528000 62.848000 54
62.848000 63.424000 57
64.384000 64.640000 47
64.864000 65.888000 51
69.280000 72.416000 54
73.216000 73.408000 52
73.408000 73.728000 54
73.728000 74.336000 57
75.168000 75.232000 45
75.232000 75.424000 45
75.584000 76.064000 47
80.128000 82.048000 52
83.968000 84.032000 50
84.032000 84.480000 52
84.736000 85.504000 57
85.600000 86.336000 57
86.336000 88.064000 52
90.976000 91.904000 57
92.000000 94.176000 57
94.816000 94.880000 48
94.880000 95.200000 52
95.200000 95.552000 54
95.552000 96.064000 57
96.192000 97.216000 59
97.664000 98.560000 47
99.232000 100.000000 52
100.000000 100.288000 50
102.080000 102.752000 52
102.912000 104.320000 52
105.728000 105.792000 49
105.792000 106.112000 52
106.112000 106.432000 54
106.432000 107.008000 57
107.648000 110.144000 50
113.056000 113.216000 45
113.216000 115.136000 54
115.296000 115.584000 52
115.584000 115.840000 50
115.968000 116.864000 52
116.992000 118.304000 57
118.624000 118.688000 58
118.688000 119.296000 61
119.296000 120.320000 58
120.416000 120.640000 57
120.640000 121.280000 54
121.408000 121.472000 54
121.472000 121.824000 57
121.952000 123.008000 54
123.424000 123.488000 50
123.488000 123.776000 52
123.776000 124.064000 54
124.064000 124.576000 57
124.672000 125.024000 57
125.248000 126.272000 52
126.848000 126.912000 52
126.912000 127.232000 56
127.232000 127.424000 54
127.584000 127.808000 52
127.936000 128.128000 52
128.352000 128.512000 49
128.672000 129.376000 47
129.952000 130.176000 45
130.304000 130.560000 47
130.656000 131.232000 51
131.328000 131.648000 54
131.648000 132.320000 57
132.736000 132.864000 50
132.992000 134.400000 52
134.848000 136.928000 54
137.088000 137.632000 51
137.760000 138.624000 52
138.784000 140.064000 57
140.480000 141.056000 61
141.216000 141.472000 59
141.472000 141.792000 57
141.888000 142.496000 57
142.496000 143.104000 53
143.328000 143.680000 57
143.840000 144.864000 54
145.248000 145.312000 51
145.312000 145.632000 52
145.632000 145.952000 54
145.952000 146.368000 57
146.368000 146.784000 59
146.784000 147.232000 50
147.392000 148.224000 52
148.704000 148.768000 50
148.768000 148.992000 56
148.992000 149.600000 53
149.760000 150.112000 53
150.112000 150.400000 48
150.592000 151.328000 47
153.152000 153.728000 46
153.824000 154.016000 50
154.112000 154.688000 52
154.880000 155.136000 57
155.328000 155.520000 48
155.744000 156.064000 52
156.320000 157.120000 50
157.920000 161.184000 54
161.856000 162.048000 52
162.048000 162.368000 54
162.368000 163.104000 57
163.840000 164.064000 56
164.256000 164.352000 59
165.248000 165.376000 51
168.768000 170.688000 52
172.608000 172.672000 50
172.672000 173.120000 52
173.376000 174.144000 57
174.272000 174.976000 57
174.976000 176.704000 52
179.616000 180.512000 57
180.672000 182.816000 57
183.456000 183.520000 47
183.520000 183.552000 50
183.552000 183.808000 52
183.808000 184.160000 54
184.160000 184.704000 57
184.800000 185.888000 59
186.368000 187.104000 47
187.872000 188.640000 52
188.640000 188.928000 50
190.720000 191.392000 52
191.552000 193.184000 52
194.368000 194.432000 49
194.432000 194.752000 52
194.752000 195.040000 54
195.040000 195.648000 57
196.288000 196.352000 45
196.352000 198.304000 50
201.792000 201.856000 47
201.856000 201.888000 48
201.888000 203.168000 54
203.264000 203.776000 54
203.936000 204.224000 52
204.224000 204.480000 50
204.608000 205.504000 52
205.632000 207.008000 57
207.232000 207.296000 57
207.296000 208.256000 61
208.256000 208.960000 57
209.056000 209.280000 57
209.280000 209.952000 53
210.048000 210.112000 54
210.112000 210.464000 57
210.592000 211.648000 54
212.032000 212.096000 49
212.096000 212.416000 52
212.416000 213.696000 57
213.888000 214.912000 52
215.296000 215.552000 52
215.552000 216.064000 55
216.192000 216.768000 52
216.992000 217.120000 49
217.312000 218.048000 47
218.592000 218.784000 45
218.944000 219.168000 47
219.264000 219.552000 50
219.552000 219.840000 52
219.936000 220.256000 54
220.256000 220.928000 57
221.312000 221.472000 49
221.632000 221.920000 54
222.016000 222.944000 52
223.488000 225.600000 54
225.728000 226.272000 51
226.432000 227.232000 52
227.424000 228.704000 57
229.088000 229.696000 61
229.824000 230.112000 59
230.112000 230.368000 57
230.496000 231.136000 57
231.136000 231.744000 53
231.968000 232.320000 57
232.480000 233.504000 54
233.888000 234.592000 52
234.592000 235.456000 58
235.456000 236.832000 51
237.376000 237.664000 56
237.664000 238.208000 53
238.368000 238.656000 53
238.752000 238.976000 47
239.200000 240.416000 47
241.792000 242.336000 46
242.464000 242.688000 50
242.816000 243.424000 52
243.648000 245.152000 57
246.176000 246.464000 47
246.752000 247.104000 52
247.264000 248.672000 50
252.768000 253.344000 46
253.504000 253.728000 50
253.952000 254.656000 53
254.944000 256.192000 57
257.824000 258.048000 46
258.048000 258.304000 47
258.304000 258.752000 52
258.912000 260.416000 50
261.568000 261.856000 50
261.856000 262.080000 52
262.880000 264.128000 57
264.480000 264.960000 62
264.960000 265.248000 61
265.248000 265.600000 59
265.600000 266.592000 57
266.592000 268.512000 54
269.344000 269.696000 52
269.696000 270.048000 54
270.048000 271.040000 57
271.200000 272.224000 52
272.736000 272.896000 55
272.896000 273.120000 57
273.120000 273.472000 54
273.472000 274.336000 52
274.368000 276.640000 59
277.280000 277.888000 46
277.984000 278.240000 50
278.336000 279.008000 53
279.232000 280.320000 57
281.312000 281.600000 47
281.760000 282.272000 52
282.432000 284.640000 50
287.584000 288.224000 52
288.224000 289.344000 50
289.568000 289.696000 50
290.080000 291.424000 52
291.648000 291.808000 50
