14.112000 14.208000 70
14.336000 14.432000 70
14.528000 14.624000 70
15.168000 15.264000 74
15.488000 15.584000 74
15.680000 15.776000 74
23.744000 24.096000 66
24.192000 24.512000 65
24.512000 25.824000 58
26.048000 26.272000 63
26.368000 26.528000 61
26.528000 27.456000 63
27.456000 27.808000 65
27.904000 28.448000 66
29.248000 30.016000 65
30.176000 30.496000 59
30.624000 30.816000 58
31.232000 31.488000 60
31.488000 31.680000 63
31.776000 31.872000 60
31.968000 32.704000 63
32.896000 34.080000 58
35.136000 35.424000 58
35.584000 36.032000 63
36.032000 36.320000 65
36.448000 36.928000 66
37.056000 37.472000 66
37.600000 37.824000 64
37.920000 38.688000 65
40.384000 40.448000 56
40.448000 40.864000 59
40.992000 41.440000 63
41.440000 41.856000 65
41.952000 42.304000 67
42.528000 44.064000 65
45.472000 46.304000 65
46.496000 47.776000 58
47.872000 49.376000 63
49.376000 50.272000 65
51.040000 51.776000 65
51.968000 52.224000 59
53.056000 53.376000 60
53.376000 55.072000 63
55.168000 55.552000 66
56.064000 57.280000 67
57.440000 57.728000 65
57.888000 58.304000 66
58.784000 59.936000 67
60.128000 60.992000 65
61.536000 61.664000 65
61.664000 65.856000 67
65.856000 66.336000 65
66.496000 66.848000 67
66.976000 67.200000 70
67.200000 67.360000 67
67.456000 67.840000 66
68.416000 68.480000 59
68.480000 68.736000 62
68.736000 69.024000 64
69.216000 69.696000 67
69.696000 70.080000 68
70.176000 70.400000 67
70.400000 70.560000 65
71.072000 71.232000 65
71.232000 72.064000 66
72.064000 73.184000 63
73.792000 73.856000 63
73.856000 74.752000 66
74.752000 75.072000 63
75.168000 75.936000 62
76.512000 77.728000 67
77.888000 78.144000 70
78.144000 78.720000 67
79.264000 80.992000 67
81.120000 81.504000 66
81.952000 82.752000 66
82.848000 85.664000 66
85.664000 87.040000 68
89.216000 89.888000 65
89.984000 91.392000 64
91.552000 91.904000 64
92.000000 92.640000 65
92.896000 93.792000 66
94.688000 94.912000 64
95.104000 96.704000 65
96.800000 96.960000 63
96.960000 98.688000 65
98.784000 99.264000 67
100.128000 100.512000 66
100.704000 101.120000 60
101.120000 101.856000 63
102.912000 103.200000 66
103.360000 103.616000 60
103.808000 104.480000 63
105.440000 105.984000 67
106.080000 106.496000 60
106.496000 107.040000 63
107.456000 107.648000 68
107.648000 107.936000 70
107.936000 108.608000 68
108.800000 109.216000 65
109.216000 109.888000 63
111.008000 112.768000 64
112.864000 114.880000 65
114.880000 115.680000 67
116.480000 117.728000 64
117.856000 118.496000 65
118.496000 120.032000 64
120.128000 121.184000 66
121.888000 122.336000 66
122.432000 122.752000 60
122.880000 122.944000 61
122.944000 123.488000 63
123.488000 123.840000 60
124.704000 125.120000 67
125.216000 125.568000 60
125.664000 125.824000 62
125.824000 126.176000 63
126.176000 126.464000 61
127.392000 127.776000 67
127.872000 129.152000 67
129.248000 130.016000 66
130.176000 131.520000 66
132.224000 133.088000 63
137.248000 137.344000 67
154.592000 155.040000 66
155.136000 155.456000 65
155.616000 156.864000 58
156.960000 157.792000 63
157.888000 158.496000 63
158.496000 159.264000 65
160.160000 160.960000 65
161.088000 161.920000 58
162.048000 162.208000 58
162.208000 162.432000 60
162.432000 164.096000 63
164.192000 164.640000 66
165.120000 166.272000 67
166.496000 166.752000 65
166.944000 167.104000 65
167.104000 167.360000 67
167.840000 169.024000 67
169.216000 170.112000 65
170.656000 176.000000 67
176.128000 176.352000 70
176.352000 176.960000 67
177.440000 177.504000 61
177.504000 178.112000 63
178.304000 179.136000 67
179.232000 179.744000 67
180.160000 181.216000 66
181.216000 181.280000 62
181.280000 182.368000 62
182.848000 182.912000 59
182.912000 184.064000 66
184.064000 184.608000 63
184.704000 185.248000 60
185.632000 185.760000 64
185.984000 186.816000 67
186.976000 187.200000 70
187.200000 187.840000 67
188.288000 188.480000 66
188.672000 189.568000 67
189.664000 189.888000 70
189.888000 190.016000 67
190.144000 190.560000 66
190.976000 191.072000 70
191.072000 191.840000 67
191.936000 194.848000 66
194.848000 196.000000 68
198.272000 201.760000 65
201.952000 202.976000 67
203.744000 203.872000 68
203.872000 204.064000 65
204.256000 207.744000 65
207.840000 208.448000 66
209.184000 209.600000 66
209.728000 210.080000 60
210.080000 210.720000 63
211.936000 212.320000 66
212.416000 212.736000 60
212.896000 213.472000 63
214.624000 215.104000 66
215.104000 215.680000 60
215.680000 216.032000 63
216.288000 216.416000 63
216.544000 217.376000 68
217.376000 217.728000 66
217.856000 218.336000 65
218.336000 218.976000 63
220.096000 222.272000 64
222.432000 223.936000 65
223.936000 224.736000 67
225.568000 226.400000 65
226.496000 229.088000 65
229.216000 229.344000 65
229.344000 229.568000 67
229.664000 229.728000 65
229.728000 229.920000 67
229.920000 230.304000 70
230.944000 231.040000 63
231.040000 231.456000 66
231.552000 231.872000 60
232.000000 232.064000 61
232.064000 232.576000 63
232.576000 232.832000 60
233.792000 234.176000 66
234.272000 234.592000 60
234.720000 235.296000 63
235.296000 235.744000 65
236.480000 238.208000 66
238.336000 239.136000 65
239.264000 240.576000 67
240.864000 241.088000 58
241.312000 242.176000 63
245.120000 245.312000 61
245.312000 247.840000 62
247.840000 249.152000 58
251.488000 253.792000 67
