27.840000 28.000000 54
28.000000 28.256000 56
28.352000 28.480000 57
28.608000 29.088000 59
29.184000 30.240000 61
31.456000 31.808000 55
32.224000 32.928000 60
33.088000 33.632000 62
33.760000 34.144000 60
34.144000 34.688000 58
35.040000 35.328000 55
35.328000 35.616000 56
35.616000 36.256000 59
36.384000 37.312000 61
38.496000 38.912000 55
39.072000 39.168000 58
39.296000 39.744000 59
39.744000 40.736000 61
40.832000 41.248000 60
41.248000 41.536000 57
41.664000 42.048000 59
42.464000 42.720000 61
42.720000 43.424000 64
43.520000 43.648000 61
43.776000 43.936000 64
43.936000 44.096000 62
44.256000 44.800000 65
45.376000 45.472000 61
45.568000 46.336000 66
46.496000 46.816000 60
46.944000 48.096000 60
49.088000 49.440000 55
49.568000 49.824000 57
49.824000 50.560000 60
50.880000 51.456000 56
51.648000 51.936000 59
52.032000 52.352000 61
52.576000 53.632000 61
53.856000 54.144000 59
54.240000 55.232000 59
56.288000 57.056000 57
57.056000 57.472000 59
57.600000 58.752000 61
59.712000 60.064000 55
60.192000 60.288000 57
60.448000 60.768000 59
60.864000 61.152000 61
61.344000 62.144000 61
62.144000 62.336000 58
62.432000 62.944000 58
63.232000 63.456000 55
63.456000 63.744000 56
63.744000 64.384000 59
64.480000 65.760000 61
66.752000 66.976000 54
66.976000 67.136000 56
67.264000 67.840000 58
67.968000 68.256000 61
68.448000 68.896000 62
69.024000 69.376000 60
69.376000 70.176000 58
70.752000 70.880000 61
71.008000 71.712000 64
71.840000 72.000000 61
72.000000 72.256000 64
72.256000 72.512000 61
72.512000 73.088000 64
73.568000 73.792000 61
73.792000 74.560000 66
74.784000 75.040000 61
75.264000 75.392000 59
75.392000 76.192000 61
76.192000 76.544000 57
77.376000 77.696000 56
77.856000 78.048000 57
78.048000 78.816000 59
79.168000 79.296000 53
79.296000 79.776000 56
79.872000 79.936000 58
79.936000 80.576000 60
80.704000 80.832000 60
80.928000 81.248000 59
81.344000 81.536000 61
81.728000 82.048000 62
82.176000 84.352000 64
86.176000 86.432000 61
86.432000 87.328000 64
87.520000 87.648000 60
87.744000 88.672000 67
88.672000 89.120000 64
89.280000 89.440000 60
89.664000 89.952000 62
89.952000 90.336000 66
90.336000 90.880000 65
90.976000 91.232000 62
91.232000 91.776000 72
91.904000 92.896000 69
93.184000 93.504000 61
93.504000 94.112000 67
94.976000 95.232000 61
95.232000 96.032000 68
96.512000 96.960000 64
97.088000 97.792000 73
97.888000 99.328000 71
100.224000 100.608000 61
100.608000 101.504000 64
101.856000 102.400000 67
102.496000 102.848000 66
102.944000 103.168000 64
103.168000 103.552000 61
103.776000 104.064000 62
104.064000 104.576000 66
104.672000 104.992000 66
105.152000 105.280000 62
105.440000 106.240000 71
106.240000 106.624000 69
106.720000 108.288000 71
108.704000 108.960000 73
108.960000 109.408000 70
109.536000 110.400000 69
110.816000 111.648000 68
111.808000 112.128000 69
112.224000 112.320000 66
112.512000 112.576000 71
112.576000 112.960000 73
112.960000 113.312000 69
113.312000 113.792000 66
113.920000 114.112000 68
114.272000 117.312000 69
118.240000 118.816000 59
118.976000 119.360000 61
121.760000 121.856000 64
123.872000 124.064000 62
125.184000 125.312000 59
130.048000 130.144000 63
132.256000 132.896000 59
134.304000 134.432000 60
134.944000 135.104000 59
135.968000 136.128000 64
137.728000 137.888000 57
138.848000 139.104000 59
142.656000 142.848000 55
142.848000 143.072000 56
143.072000 143.840000 59
144.000000 145.152000 61
145.344000 145.440000 57
146.176000 146.496000 55
146.624000 146.720000 57
146.880000 147.168000 59
147.264000 147.552000 61
147.776000 148.512000 61
148.512000 149.344000 57
149.632000 150.048000 55
150.176000 150.432000 57
150.432000 150.816000 59
150.976000 152.288000 61
153.216000 153.344000 54
153.344000 153.536000 56
153.664000 154.240000 59
154.336000 154.656000 61
154.816000 155.744000 61
155.744000 156.672000 59
157.216000 158.080000 64
158.304000 158.464000 61
158.464000 158.688000 64
158.688000 158.976000 61
158.976000 159.520000 64
160.064000 160.288000 61
160.288000 161.024000 67
161.024000 161.504000 61
161.664000 161.856000 60
161.856000 162.624000 61
162.624000 163.104000 57
163.840000 164.192000 56
164.352000 164.544000 57
164.544000 165.376000 60
165.568000 166.240000 56
166.336000 166.656000 59
166.656000 166.880000 61
167.136000 167.264000 61
167.360000 167.552000 58
167.552000 167.968000 59
168.096000 170.464000 64
170.848000 171.136000 61
171.136000 172.064000 63
172.192000 172.288000 61
172.448000 172.576000 66
172.576000 172.960000 67
173.056000 173.824000 64
173.952000 174.112000 61
174.368000 174.624000 62
174.624000 174.976000 66
174.976000 175.552000 64
175.680000 175.776000 60
175.872000 175.936000 68
175.936000 176.480000 71
176.480000 177.728000 69
177.888000 178.240000 61
178.240000 179.168000 68
179.520000 179.616000 67
179.616000 180.000000 61
180.000000 180.928000 69
181.216000 181.632000 64
181.760000 184.480000 71
185.024000 185.248000 61
185.248000 186.272000 64
186.592000 186.752000 66
186.752000 187.552000 67
187.648000 187.872000 64
187.872000 188.256000 61
188.480000 188.736000 62
188.736000 189.152000 66
189.152000 189.312000 62
189.376000 189.696000 66
189.856000 189.984000 62
190.080000 190.144000 69
190.144000 192.096000 71
192.096000 192.896000 71
193.344000 193.632000 73
193.632000 193.984000 70
194.144000 195.200000 69
195.520000 195.904000 66
195.904000 196.320000 68
196.480000 196.800000 69
196.800000 197.024000 71
197.184000 197.344000 71
197.344000 197.600000 73
197.600000 197.984000 69
197.984000 198.528000 66
198.624000 198.816000 68
199.008000 202.592000 69
204.448000 204.704000 61
204.704000 205.824000 63
205.824000 205.984000 61
206.080000 206.592000 68
206.688000 207.040000 66
207.136000 207.360000 64
207.360000 207.680000 61
208.000000 208.256000 62
208.256000 208.608000 66
208.608000 208.896000 62
208.896000 209.216000 66
209.216000 209.600000 62
209.600000 210.912000 70
211.072000 211.360000 68
211.360000 211.936000 62
211.936000 212.768000 68
213.120000 213.504000 61
213.504000 214.432000 69
214.656000 215.264000 64
215.264000 215.360000 71
215.360000 218.016000 72
218.464000 218.784000 61
218.784000 219.712000 63
220.064000 220.576000 67
220.768000 221.024000 66
221.120000 221.344000 64
221.344000 221.792000 61
222.016000 222.304000 62
222.304000 222.656000 66
222.656000 222.784000 62
222.880000 223.104000 66
223.264000 223.584000 63
223.584000 224.608000 71
224.608000 225.120000 69
225.216000 225.376000 73
225.568000 226.528000 71
226.848000 227.104000 73
227.232000 228.928000 69
229.024000 231.840000 69
232.544000 232.704000 65
232.704000 233.568000 68
233.760000 234.080000 69
234.272000 234.528000 65
234.656000 235.168000 73
235.264000 235.552000 69
235.552000 235.776000 66
235.872000 236.064000 66
236.288000 237.024000 68
237.248000 240.384000 69
