37.376000 37.504000 62
37.664000 38.176000 62
38.304000 38.656000 61
38.784000 39.520000 61
39.520000 39.968000 57
40.064000 40.320000 55
40.480000 41.024000 57
41.504000 42.080000 61
42.208000 43.296000 59
44.576000 45.792000 61
45.920000 47.168000 61
47.392000 47.552000 66
47.648000 49.536000 66
50.624000 50.720000 59
50.848000 51.200000 60
51.328000 52.512000 62
52.672000 53.888000 64
54.304000 54.464000 58
54.464000 54.912000 60
55.008000 55.776000 61
55.904000 57.888000 62
58.656000 59.232000 66
59.328000 60.352000 62
60.512000 61.024000 64
61.152000 61.440000 62
61.824000 62.880000 57
63.360000 64.224000 60
64.224000 65.504000 57
68.512000 69.056000 57
70.368000 70.464000 54
71.648000 71.776000 55
72.384000 72.832000 59
73.024000 73.184000 59
75.392000 75.456000 58
77.568000 77.664000 58
80.992000 81.120000 62
81.280000 81.760000 62
81.888000 82.240000 61
82.336000 83.040000 62
83.040000 83.904000 57
84.128000 84.608000 57
85.216000 85.696000 61
85.792000 87.072000 62
87.520000 88.128000 66
88.224000 88.352000 62
88.448000 89.408000 61
89.600000 90.656000 62
90.912000 93.824000 69
94.304000 94.432000 69
94.560000 94.944000 66
95.040000 96.224000 67
96.384000 97.856000 65
97.856000 98.336000 67
98.336000 98.528000 64
98.656000 99.424000 66
99.584000 100.160000 65
100.288000 100.416000 64
100.416000 101.184000 62
101.184000 101.952000 66
102.336000 102.912000 66
103.040000 103.392000 64
103.648000 104.000000 66
104.128000 104.768000 67
104.864000 105.152000 66
105.504000 105.824000 62
105.920000 108.032000 64
108.864000 108.960000 58
109.088000 109.824000 62
110.016000 110.400000 65
110.496000 111.168000 65
111.168000 111.456000 62
111.456000 112.032000 64
112.128000 112.736000 64
112.736000 113.440000 62
113.536000 114.400000 62
114.400000 116.000000 66
116.192000 116.384000 57
116.384000 116.992000 62
117.280000 118.048000 62
118.048000 118.848000 65
118.848000 119.456000 57
119.808000 119.936000 57
120.032000 120.256000 59
120.256000 120.608000 62
120.928000 121.088000 62
121.088000 121.344000 59
121.344000 121.632000 62
121.632000 122.944000 64
122.944000 123.424000 62
123.584000 124.416000 64
124.544000 124.704000 64
124.704000 125.824000 65
125.952000 126.112000 66
126.112000 126.560000 63
126.688000 127.264000 64
127.264000 127.904000 62
128.160000 128.320000 62
128.320000 128.608000 59
128.608000 128.864000 62
128.864000 129.280000 65
129.376000 130.528000 66
130.720000 130.912000 57
130.912000 131.104000 59
131.104000 131.552000 62
131.840000 132.000000 62
132.000000 132.224000 60
132.320000 132.480000 62
132.480000 132.896000 65
133.024000 133.440000 64
133.440000 134.016000 57
134.368000 134.560000 57
134.560000 134.816000 59
134.816000 135.136000 62
135.488000 135.616000 62
135.616000 136.064000 60
136.160000 137.184000 65
137.280000 137.536000 64
137.664000 138.048000 62
138.112000 140.704000 62
143.200000 143.808000 64
144.160000 144.640000 62
145.920000 146.464000 61
146.656000 146.976000 61
149.568000 150.464000 64
150.912000 151.200000 64
157.280000 157.440000 65
157.600000 158.080000 62
158.240000 158.560000 61
158.656000 159.488000 61
159.488000 159.712000 57
160.032000 160.320000 55
160.480000 160.960000 57
161.568000 161.984000 62
162.112000 163.488000 62
163.616000 163.776000 66
164.512000 165.728000 61
165.888000 167.008000 61
167.264000 167.520000 66
167.520000 168.768000 69
168.864000 169.088000 74
169.088000 169.344000 73
169.344000 170.400000 69
170.656000 170.816000 69
170.944000 171.264000 66
171.360000 172.064000 67
172.160000 172.480000 68
172.704000 172.928000 71
172.960000 173.024000 70
173.152000 174.272000 65
174.272000 174.560000 67
174.560000 174.944000 65
175.040000 175.776000 66
175.968000 176.128000 62
176.128000 176.480000 65
176.608000 178.048000 62
178.688000 179.264000 66
179.392000 179.744000 64
179.904000 180.352000 66
180.448000 181.600000 67
181.856000 182.176000 62
182.336000 182.464000 64
182.464000 183.808000 66
183.808000 184.864000 64
185.184000 185.376000 57
185.472000 185.568000 59
185.568000 186.080000 62
186.432000 186.752000 65
186.880000 187.488000 65
187.488000 187.680000 62
187.808000 187.968000 65
187.968000 188.352000 63
188.512000 188.832000 65
188.928000 189.760000 62
190.016000 190.208000 62
190.208000 190.496000 59
190.496000 191.104000 64
191.200000 192.320000 66
192.544000 192.640000 57
192.736000 192.800000 59
192.800000 192.896000 60
192.896000 193.440000 62
193.568000 194.080000 59
194.080000 194.336000 62
194.336000 195.200000 65
195.296000 195.872000 57
196.192000 196.320000 57
196.416000 196.640000 59
196.640000 196.960000 62
197.088000 197.728000 59
197.728000 197.856000 61
197.856000 199.296000 64
199.296000 200.480000 62
200.928000 201.280000 65
201.408000 201.984000 64
201.984000 202.176000 62
202.336000 202.496000 66
202.592000 202.912000 62
203.008000 203.072000 63
203.072000 203.648000 64
203.648000 204.256000 62
204.544000 204.736000 62
204.736000 204.928000 59
205.056000 205.248000 62
205.248000 206.848000 66
207.072000 207.328000 57
207.328000 207.840000 62
208.160000 208.352000 62
208.352000 208.576000 59
208.704000 208.864000 62
208.864000 209.280000 65
209.344000 209.568000 66
209.568000 210.368000 57
210.528000 210.624000 56
210.944000 211.168000 59
211.168000 211.488000 62
211.840000 211.968000 62
212.064000 212.256000 59
212.256000 212.544000 62
212.544000 212.928000 65
213.024000 213.984000 64
214.016000 214.400000 62
214.496000 216.864000 62
217.152000 218.048000 57
218.208000 218.432000 59
218.432000 218.976000 62
219.104000 219.296000 68
219.296000 219.488000 66
219.648000 220.000000 66
220.192000 220.608000 64
220.672000 221.088000 66
221.248000 221.376000 65
221.376000 221.536000 68
221.760000 221.824000 67
221.824000 221.920000 66
221.920000 222.112000 64
222.208000 222.464000 62
222.752000 222.848000 66
223.136000 223.232000 63
223.360000 225.088000 66
225.344000 225.504000 57
225.504000 226.080000 62
226.400000 227.040000 61
227.040000 228.000000 65
228.000000 228.384000 66
228.512000 228.800000 57
229.152000 229.280000 59
229.280000 229.696000 62
230.016000 230.176000 62
230.176000 230.432000 59
230.432000 230.656000 62
230.656000 231.744000 65
231.840000 232.064000 69
232.064000 232.608000 62
232.832000 233.248000 64
233.696000 234.016000 67
234.144000 234.944000 66
235.040000 235.232000 66
235.232000 235.616000 63
235.744000 236.352000 66
236.480000 236.672000 64
236.800000 236.928000 62
237.280000 237.440000 62
237.440000 237.600000 59
237.728000 237.888000 62
237.888000 238.176000 64
238.176000 238.848000 65
238.848000 239.808000 69
239.808000 240.672000 63
240.896000 241.120000 62
241.120000 241.280000 59
241.440000 241.568000 62
241.568000 242.016000 65
242.112000 242.304000 64
242.304000 242.496000 66
242.592000 243.136000 57
243.456000 243.552000 57
243.648000 243.872000 59
243.872000 244.224000 62
244.576000 244.704000 62
244.704000 244.992000 60
244.992000 245.248000 62
245.248000 245.632000 65
245.728000 246.080000 65
246.176000 247.968000 69
248.224000 248.448000 62
248.704000 253.472000 62
263.264000 263.488000 62
263.648000 264.960000 64
267.776000 268.352000 64
271.584000 272.608000 66
