20.896000 20.992000 53
20.992000 21.856000 57
21.952000 22.112000 58
22.112000 22.432000 61
22.560000 23.360000 57
23.488000 23.648000 57
23.648000 23.808000 58
23.808000 24.064000 61
24.352000 25.248000 57
25.440000 25.728000 64
25.888000 26.336000 61
26.784000 27.488000 59
27.648000 27.968000 56
28.064000 28.448000 54
28.768000 29.600000 61
29.728000 29.920000 58
30.080000 30.336000 54
30.912000 31.136000 55
31.136000 32.064000 61
32.256000 33.184000 56
35.136000 35.456000 57
35.552000 36.096000 57
36.096000 36.352000 61
36.480000 37.856000 57
37.856000 38.048000 61
38.144000 38.464000 65
38.592000 38.848000 65
38.848000 39.136000 61
39.264000 39.552000 58
39.744000 40.032000 61
40.832000 40.896000 60
40.896000 41.088000 61
41.088000 41.504000 63
41.632000 42.240000 66
42.240000 42.592000 63
42.688000 43.520000 63
43.648000 43.872000 61
44.000000 44.128000 60
44.224000 44.576000 57
44.672000 45.056000 54
45.184000 45.952000 56
46.112000 46.784000 58
46.880000 47.552000 59
47.552000 48.512000 61
48.608000 48.704000 60
48.704000 49.344000 63
49.568000 50.592000 68
52.064000 52.256000 65
52.416000 52.640000 65
52.640000 52.704000 63
52.704000 52.896000 61
52.896000 53.344000 56
53.440000 54.144000 58
54.752000 55.296000 58
55.296000 55.648000 62
55.808000 56.160000 54
56.448000 56.512000 56
56.512000 56.992000 58
57.216000 57.472000 63
57.472000 57.536000 59
57.536000 57.600000 57
57.600000 58.528000 55
58.528000 58.784000 57
58.944000 59.328000 56
59.328000 59.904000 58
62.592000 63.264000 63
63.488000 64.128000 69
64.224000 64.960000 68
65.504000 65.568000 62
65.568000 65.984000 64
66.144000 66.304000 63
66.464000 66.912000 61
66.912000 67.328000 58
67.456000 68.384000 63
68.800000 68.928000 57
68.928000 69.152000 58
69.152000 69.760000 61
69.760000 70.176000 55
70.528000 70.592000 56
70.592000 71.040000 58
71.232000 71.424000 63
71.424000 71.488000 61
71.488000 72.160000 54
72.256000 72.864000 62
73.024000 73.728000 58
73.728000 74.464000 54
77.184000 77.888000 57
78.016000 78.240000 58
78.240000 78.432000 61
78.432000 79.424000 57
79.520000 79.616000 56
79.712000 79.936000 58
79.936000 80.096000 61
80.352000 81.280000 57
81.376000 81.760000 64
81.920000 82.080000 63
82.240000 83.360000 60
83.488000 83.936000 57
84.096000 84.192000 57
84.192000 84.544000 54
85.216000 85.632000 61
85.632000 85.984000 58
85.984000 86.368000 54
86.944000 87.776000 55
87.872000 88.160000 54
88.160000 88.448000 56
88.448000 89.344000 58
89.344000 89.568000 61
89.568000 91.616000 57
91.776000 92.000000 56
92.448000 92.768000 56
93.152000 93.440000 58
93.568000 93.760000 56
94.400000 94.432000 60
94.656000 95.328000 57
95.520000 95.680000 54
95.680000 95.904000 55
95.904000 96.064000 58
96.160000 96.256000 60
96.256000 96.896000 57
97.024000 97.152000 56
97.152000 97.376000 58
97.408000 97.952000 54
97.952000 98.528000 57
98.752000 98.848000 58
98.880000 99.296000 58
100.064000 100.192000 53
100.288000 100.416000 54
100.544000 100.736000 56
101.120000 101.344000 56
101.568000 101.888000 56
102.048000 103.456000 58
103.552000 103.648000 60
103.840000 104.320000 61
104.672000 106.016000 57
106.496000 107.040000 59
107.072000 107.296000 60
107.328000 107.488000 61
107.840000 107.904000 61
108.032000 108.352000 61
108.352000 108.832000 63
109.024000 109.632000 69
109.728000 110.304000 68
110.432000 110.912000 61
111.232000 111.456000 60
111.712000 111.776000 64
111.776000 111.904000 66
112.064000 112.224000 65
112.224000 112.288000 64
112.288000 112.512000 61
112.512000 113.856000 57
114.272000 114.368000 56
114.368000 114.688000 58
114.688000 115.296000 62
115.296000 115.648000 54
116.000000 116.064000 56
116.064000 116.576000 58
116.768000 116.992000 63
116.992000 117.056000 62
117.056000 117.088000 60
117.088000 117.152000 57
117.152000 117.792000 54
117.792000 118.336000 56
118.496000 118.912000 56
118.912000 120.192000 58
120.192000 120.992000 56
120.992000 121.728000 61
122.240000 122.848000 63
123.072000 124.800000 68
125.152000 125.568000 64
125.728000 125.888000 63
126.048000 126.496000 61
126.496000 126.848000 58
127.008000 127.872000 62
128.320000 128.448000 56
128.448000 128.704000 58
128.704000 129.280000 61
129.408000 129.632000 54
130.080000 130.560000 58
130.752000 131.104000 63
131.168000 131.744000 54
131.872000 132.416000 63
132.608000 133.280000 58
133.280000 133.760000 54
136.256000 136.544000 63
136.672000 136.832000 68
136.928000 137.280000 68
137.280000 137.856000 63
137.856000 139.488000 61
139.712000 140.032000 61
140.128000 140.896000 62
142.112000 142.336000 55
142.432000 142.656000 66
142.816000 143.008000 63
143.008000 143.712000 61
143.904000 144.032000 56
145.568000 145.824000 56
145.824000 145.888000 60
145.888000 146.144000 65
146.304000 146.624000 63
146.720000 149.728000 63
150.080000 151.296000 68
151.328000 153.376000 67
153.792000 154.400000 65
154.592000 156.288000 70
156.640000 156.736000 64
156.736000 157.056000 67
157.696000 157.984000 57
158.208000 158.400000 60
158.592000 158.624000 58
158.688000 159.232000 56
159.328000 159.424000 56
159.872000 160.000000 58
160.000000 160.256000 60
160.256000 160.832000 64
160.928000 161.216000 56
161.600000 161.760000 58
161.760000 162.112000 60
162.304000 163.296000 63
163.392000 163.968000 71
164.096000 164.736000 68
164.736000 165.952000 71
166.048000 166.528000 62
166.528000 167.360000 61
167.360000 168.384000 68
168.576000 169.184000 68
169.280000 170.272000 67
170.624000 170.976000 71
170.976000 171.072000 67
171.232000 171.360000 67
171.552000 172.000000 63
172.000000 172.384000 59
172.512000 172.640000 62
172.640000 172.832000 65
172.832000 173.120000 60
173.248000 173.408000 64
173.888000 174.016000 59
174.016000 174.304000 60
174.304000 174.848000 63
174.976000 175.264000 56
175.616000 175.680000 57
175.680000 176.064000 60
176.064000 176.160000 63
176.352000 176.672000 65
176.768000 177.280000 55
177.408000 177.952000 65
178.144000 178.752000 59
178.752000 179.168000 56
181.824000 182.048000 63
182.048000 182.400000 65
182.720000 183.360000 71
183.456000 184.256000 70
184.704000 185.216000 66
185.344000 185.504000 65
185.664000 186.112000 63
186.112000 186.496000 60
186.752000 187.456000 65
187.968000 188.032000 57
188.032000 188.288000 60
188.384000 188.896000 64
189.024000 189.312000 56
189.856000 189.920000 58
189.920000 190.176000 60
190.176000 190.368000 63
190.592000 190.784000 65
190.944000 191.584000 56
191.712000 191.776000 61
191.776000 192.384000 64
192.576000 194.976000 58
196.864000 200.384000 56
200.576000 200.640000 59
200.640000 201.696000 62
201.888000 202.816000 57
202.912000 206.016000 60
