50.720000 50.880000 56
50.976000 51.072000 56
51.264000 51.456000 57
51.456000 51.520000 58
51.520000 51.808000 61
52.608000 52.864000 63
53.120000 53.344000 63
53.504000 53.632000 57
54.816000 55.136000 57
55.136000 55.648000 59
58.144000 58.272000 56
58.432000 58.592000 57
58.720000 59.104000 62
59.648000 60.000000 62
60.160000 60.320000 64
60.320000 61.408000 59
61.792000 62.688000 57
65.056000 65.664000 56
65.792000 66.240000 62
66.816000 66.944000 61
67.328000 67.488000 62
67.712000 67.968000 56
68.576000 68.768000 56
69.152000 69.280000 56
69.280000 69.728000 59
70.464000 70.752000 59
70.912000 71.040000 61
71.168000 71.680000 63
72.288000 72.480000 65
72.480000 72.544000 67
72.544000 72.864000 71
73.056000 73.344000 70
73.568000 73.792000 66
73.952000 74.080000 63
74.592000 74.784000 60
75.008000 75.200000 61
75.328000 75.904000 63
76.000000 76.320000 63
76.320000 76.864000 58
78.176000 79.264000 58
79.360000 79.648000 60
79.648000 80.064000 64
80.064000 80.640000 60
82.048000 82.624000 59
82.784000 83.136000 60
83.264000 83.360000 66
83.360000 83.744000 68
83.744000 84.224000 65
85.056000 85.152000 59
85.152000 85.376000 63
85.376000 85.952000 67
86.112000 86.624000 60
87.072000 87.808000 67
87.904000 88.416000 63
88.640000 88.896000 68
89.024000 90.496000 70
91.456000 91.808000 60
91.808000 91.872000 62
91.872000 93.344000 67
93.344000 93.728000 72
93.728000 94.496000 69
94.592000 95.104000 61
95.904000 96.608000 67
96.768000 97.440000 63
97.440000 98.304000 70
98.624000 98.912000 60
98.912000 99.808000 67
99.904000 100.288000 65
100.288000 100.352000 67
100.352000 101.312000 70
101.312000 101.504000 68
101.696000 102.336000 61
103.040000 103.232000 66
103.392000 103.680000 67
104.064000 104.480000 63
104.640000 105.312000 75
105.696000 105.760000 69
105.760000 106.048000 74
106.176000 106.816000 72
106.816000 107.200000 68
107.296000 107.456000 70
107.552000 108.192000 72
108.480000 109.056000 68
109.056000 109.632000 70
109.760000 109.920000 72
110.208000 110.336000 68
110.464000 111.680000 73
111.808000 112.512000 72
112.928000 114.112000 67
114.240000 114.560000 65
114.688000 115.456000 71
115.552000 115.776000 68
115.872000 116.864000 70
117.600000 119.392000 70
121.792000 121.920000 67
122.176000 122.336000 62
122.336000 122.432000 58
123.264000 123.616000 56
124.160000 124.224000 60
124.224000 124.352000 62
124.448000 124.800000 60
125.888000 126.048000 60
126.048000 126.240000 63
126.240000 126.656000 59
136.672000 137.056000 55
137.152000 137.280000 56
137.472000 137.888000 63
138.432000 139.072000 63
139.168000 139.680000 56
140.160000 140.224000 57
140.384000 140.768000 56
140.896000 142.592000 60
143.840000 144.192000 56
144.288000 144.448000 57
144.448000 145.184000 63
145.472000 145.600000 60
145.600000 145.728000 61
145.728000 146.208000 64
146.368000 146.816000 60
146.944000 147.712000 61
147.808000 147.968000 60
148.160000 149.504000 58
151.104000 151.328000 55
151.424000 151.616000 56
151.616000 152.256000 63
152.736000 153.088000 63
153.184000 153.344000 63
153.344000 154.016000 56
154.624000 155.168000 56
155.264000 155.424000 58
155.424000 157.120000 60
157.120000 158.400000 65
158.400000 159.136000 70
159.200000 159.744000 66
159.744000 160.032000 63
160.160000 160.768000 60
160.768000 161.376000 62
161.536000 162.272000 63
162.400000 163.104000 58
163.776000 163.904000 56
164.160000 164.736000 58
164.864000 165.152000 59
165.280000 165.568000 60
165.568000 166.016000 63
166.016000 167.104000 60
168.000000 168.544000 59
168.704000 168.864000 58
168.864000 169.024000 60
169.152000 169.920000 67
169.920000 170.368000 65
171.072000 171.136000 63
171.136000 171.872000 67
172.032000 172.544000 60
172.960000 173.152000 64
173.152000 173.728000 67
173.728000 174.336000 63
174.464000 174.784000 68
174.912000 176.832000 70
177.216000 177.344000 61
177.440000 177.696000 60
177.696000 177.760000 61
177.760000 179.328000 67
179.328000 179.648000 72
179.648000 180.032000 70
180.032000 180.448000 68
180.576000 181.056000 61
181.824000 182.592000 67
182.592000 183.328000 63
183.424000 183.552000 68
183.552000 184.256000 70
184.608000 184.960000 60
184.960000 185.760000 67
185.856000 186.304000 65
186.304000 187.232000 70
187.232000 187.456000 68
187.712000 188.128000 61
188.736000 188.992000 66
189.088000 189.216000 68
189.344000 189.760000 67
189.920000 190.432000 63
190.592000 191.424000 75
191.680000 191.744000 71
191.744000 192.000000 75
192.128000 192.832000 72
192.832000 193.408000 68
193.504000 194.144000 72
194.464000 195.392000 69
195.392000 195.616000 72
195.712000 195.936000 72
196.160000 196.288000 68
196.416000 196.576000 73
196.576000 196.960000 74
197.088000 197.664000 73
197.760000 198.560000 72
198.880000 200.032000 67
200.192000 200.512000 65
200.640000 200.800000 70
200.800000 201.344000 71
201.536000 203.392000 70
203.488000 205.792000 70
206.912000 207.104000 67
207.104000 210.272000 68
210.272000 211.296000 63
211.904000 213.248000 65
213.696000 213.792000 65
213.792000 215.104000 67
215.104000 215.232000 65
215.232000 215.904000 63
215.904000 218.144000 68
218.528000 218.912000 69
219.072000 221.728000 74
221.728000 223.552000 75
223.552000 225.088000 72
225.920000 226.528000 67
226.624000 226.752000 67
227.552000 227.808000 60
227.968000 228.320000 68
228.416000 228.608000 67
228.608000 229.248000 65
229.248000 230.016000 71
230.144000 230.400000 68
230.656000 231.104000 61
232.000000 232.160000 66
232.160000 232.896000 67
232.896000 233.408000 63
233.568000 234.400000 70
234.848000 235.008000 61
235.104000 235.904000 67
236.000000 236.416000 65
236.416000 236.480000 67
236.480000 237.216000 71
237.344000 237.536000 68
237.856000 238.304000 61
239.104000 239.232000 65
239.232000 239.456000 68
239.456000 239.744000 67
239.744000 240.544000 63
240.704000 241.056000 74
241.152000 241.600000 74
241.792000 241.856000 69
241.856000 242.144000 74
242.304000 242.976000 72
242.976000 243.520000 69
243.648000 244.288000 72
244.608000 245.184000 68
245.184000 245.760000 70
245.856000 246.080000 72
246.336000 246.496000 68
246.624000 247.168000 73
247.264000 248.416000 73
248.416000 248.768000 71
249.088000 250.272000 67
250.368000 250.720000 65
250.848000 251.648000 70
251.648000 251.904000 68
252.032000 253.024000 70
253.248000 253.376000 75
253.504000 257.184000 70
259.264000 261.600000 68
262.656000 263.456000 68
267.584000 267.968000 71
268.192000 268.352000 68
268.640000 271.616000 68
