33.344000 33.920000 67
57.376000 57.824000 67
59.584000 59.680000 66
78.112000 79.456000 63
79.584000 80.544000 60
81.024000 81.344000 63
81.536000 81.632000 63
81.728000 82.048000 63
82.368000 82.528000 63
82.528000 83.104000 59
84.000000 85.088000 63
85.088000 86.464000 60
86.752000 87.488000 63
87.584000 87.872000 63
88.000000 89.152000 67
89.824000 90.080000 68
90.208000 90.848000 68
90.848000 91.104000 67
91.104000 92.480000 63
92.608000 92.672000 63
92.832000 93.088000 63
93.088000 93.408000 60
93.408000 93.920000 63
94.016000 95.104000 67
95.616000 95.936000 68
96.032000 96.256000 68
96.480000 97.024000 67
97.024000 98.144000 64
98.592000 98.848000 67
98.944000 99.968000 67
100.064000 100.256000 66
100.256000 101.536000 67
101.536000 102.720000 63
102.720000 104.096000 60
104.480000 105.152000 60
105.152000 105.408000 63
105.536000 105.632000 66
105.728000 106.688000 67
107.392000 108.032000 67
108.064000 108.864000 67
108.864000 109.920000 65
110.304000 110.592000 65
110.720000 110.944000 65
111.040000 111.488000 67
111.616000 112.480000 63
113.248000 113.696000 64
113.696000 113.888000 65
113.888000 115.776000 60
116.064000 116.704000 60
116.864000 117.120000 63
117.248000 118.464000 67
118.976000 121.568000 67
122.016000 123.008000 65
123.168000 124.032000 63
124.928000 126.400000 65
126.400000 127.040000 63
136.704000 137.760000 63
137.760000 139.200000 60
139.584000 139.840000 63
139.968000 140.064000 61
140.288000 140.576000 63
140.896000 141.056000 63
141.056000 141.600000 60
142.496000 143.584000 63
143.584000 144.640000 60
144.736000 145.024000 60
145.472000 145.696000 63
145.696000 146.016000 60
146.144000 146.528000 64
146.720000 147.328000 67
148.800000 148.992000 68
149.120000 149.504000 68
149.760000 150.432000 76
150.528000 150.784000 75
151.360000 151.552000 63
151.648000 151.872000 60
152.096000 152.256000 63
152.288000 152.384000 65
152.576000 153.664000 67
154.208000 154.816000 68
154.912000 156.736000 67
156.960000 157.056000 65
157.152000 157.376000 67
157.472000 160.032000 67
160.128000 160.480000 63
160.576000 160.704000 65
160.832000 161.344000 62
161.504000 162.592000 60
162.976000 163.648000 60
163.776000 163.968000 63
164.064000 164.160000 65
164.288000 165.248000 67
165.888000 166.496000 67
166.624000 167.840000 67
168.032000 168.416000 65
168.864000 169.120000 65
169.312000 169.440000 67
169.568000 169.888000 67
170.144000 171.008000 63
171.776000 172.256000 64
172.256000 172.992000 63
172.992000 174.176000 60
174.688000 175.232000 60
175.424000 175.648000 63
175.808000 177.088000 67
177.600000 180.128000 67
180.544000 181.536000 65
181.664000 182.752000 63
183.424000 184.448000 65
184.576000 185.600000 63
186.400000 187.392000 65
187.552000 188.544000 63
188.672000 188.800000 63
189.312000 190.336000 67
190.432000 190.720000 67
190.784000 191.360000 65
191.456000 191.808000 65
192.288000 193.248000 65
193.376000 194.400000 63
218.528000 219.712000 63
219.712000 221.408000 60
221.536000 222.208000 60
222.208000 222.496000 63
222.688000 223.712000 67
224.448000 225.632000 67
225.792000 227.168000 77
227.424000 227.584000 65
227.776000 227.968000 65
228.096000 228.320000 67
228.672000 229.600000 63
229.920000 229.952000 63
230.016000 230.144000 63
230.336000 231.616000 63
231.616000 232.864000 60
233.216000 233.760000 60
233.952000 234.176000 63
234.336000 235.552000 67
236.096000 237.152000 67
237.216000 238.048000 67
238.048000 238.688000 65
239.072000 240.096000 65
240.224000 241.280000 63
242.016000 242.848000 73
242.848000 244.800000 75
244.992000 245.600000 75
245.600000 247.680000 67
247.808000 248.704000 67
248.992000 249.280000 67
249.280000 249.536000 65
249.664000 250.400000 65
250.752000 252.128000 66
252.128000 253.056000 63
253.920000 256.192000 74
256.672000 257.280000 75
257.280000 259.392000 67
259.520000 260.832000 67
260.928000 261.184000 77
261.184000 261.600000 75
261.728000 262.048000 65
262.528000 264.352000 65
264.352000 264.896000 63
265.408000 266.080000 65
266.208000 266.528000 67
266.720000 266.816000 65
266.944000 269.088000 63
