11.872000 11.968000 69
15.552000 15.712000 69
15.936000 16.096000 68
16.288000 16.736000 69
16.864000 17.184000 68
18.432000 18.560000 68
18.816000 18.944000 68
19.136000 19.456000 69
19.648000 19.872000 69
20.032000 20.160000 67
20.160000 20.480000 70
24.096000 24.224000 60
27.232000 27.616000 55
27.936000 28.480000 54
29.344000 30.016000 59
30.176000 30.496000 55
30.624000 30.784000 50
30.976000 31.264000 50
32.864000 33.376000 55
33.568000 33.760000 52
33.888000 34.176000 55
34.976000 35.232000 51
35.360000 35.520000 50
35.680000 36.064000 52
36.256000 36.416000 55
36.608000 36.992000 51
38.208000 38.304000 55
38.496000 39.136000 55
39.392000 39.936000 55
40.640000 40.736000 58
40.736000 40.864000 60
40.960000 41.344000 59
41.568000 41.792000 55
41.888000 42.432000 51
43.584000 43.968000 52
44.128000 44.512000 52
44.672000 45.120000 54
45.216000 45.440000 51
45.600000 45.760000 50
45.920000 46.976000 48
48.352000 48.576000 55
48.704000 48.928000 55
49.024000 49.344000 60
49.440000 50.176000 59
50.496000 51.392000 59
51.552000 52.256000 60
52.576000 52.928000 55
54.016000 54.176000 55
54.336000 54.656000 55
54.656000 54.880000 59
55.072000 55.456000 59
55.584000 55.680000 60
56.128000 57.312000 59
57.568000 58.720000 64
59.648000 59.840000 55
60.000000 60.544000 55
60.704000 61.312000 56
61.760000 61.920000 52
62.144000 62.528000 50
62.688000 63.168000 56
63.168000 63.424000 59
63.552000 65.024000 58
65.024000 65.280000 60
65.600000 65.760000 58
65.760000 66.016000 59
66.016000 67.296000 60
67.744000 68.000000 61
68.128000 68.352000 55
68.480000 68.704000 55
69.184000 69.440000 52
69.536000 70.080000 55
70.240000 70.464000 60
70.624000 72.384000 62
75.200000 75.424000 62
75.424000 76.416000 60
76.416000 77.152000 55
77.280000 77.536000 52
78.016000 78.240000 62
78.336000 79.232000 60
79.360000 79.488000 56
79.584000 80.448000 52
80.768000 81.408000 64
81.408000 82.048000 62
82.240000 82.720000 60
82.912000 83.520000 57
83.520000 83.712000 64
83.840000 84.032000 62
84.320000 84.768000 57
84.864000 85.152000 63
85.152000 86.048000 60
86.368000 86.464000 59
86.464000 86.688000 62
86.816000 86.976000 62
87.168000 87.392000 60
87.456000 87.680000 60
87.872000 88.256000 55
88.256000 88.832000 52
89.088000 89.184000 58
89.184000 90.208000 61
90.304000 90.528000 60
90.528000 90.752000 55
90.912000 91.072000 55
91.072000 91.264000 53
91.360000 91.648000 52
92.096000 92.320000 64
92.320000 92.704000 63
92.800000 93.376000 62
93.504000 93.600000 56
93.728000 96.000000 60
96.672000 96.768000 58
96.928000 97.184000 60
97.280000 97.760000 60
98.112000 98.240000 62
98.560000 99.072000 68
100.160000 100.320000 68
100.576000 100.704000 68
100.896000 101.216000 69
101.408000 101.632000 69
101.792000 102.240000 71
103.008000 103.168000 68
103.392000 103.552000 69
103.712000 104.672000 69
104.768000 105.312000 70
105.760000 105.984000 70
106.176000 106.368000 68
106.528000 106.688000 69
109.024000 109.408000 55
109.696000 109.888000 53
109.888000 110.496000 55
111.104000 111.904000 59
112.000000 112.288000 55
112.416000 112.512000 50
112.768000 113.024000 50
113.472000 113.600000 55
113.696000 113.792000 56
114.656000 114.720000 51
114.720000 115.168000 55
115.360000 115.584000 52
115.712000 116.032000 55
116.768000 117.344000 50
117.440000 117.824000 52
118.048000 118.176000 54
118.400000 118.656000 52
120.288000 120.864000 55
121.216000 121.376000 56
121.568000 122.016000 55
122.400000 122.464000 57
122.464000 122.624000 60
122.752000 123.136000 60
123.296000 123.584000 55
123.680000 123.936000 51
124.032000 124.352000 50
125.248000 125.344000 49
125.440000 125.728000 52
125.920000 126.368000 52
126.496000 127.008000 54
127.008000 127.552000 51
127.744000 128.832000 48
130.144000 130.304000 55
130.528000 130.720000 55
130.848000 131.168000 60
131.264000 132.064000 59
132.288000 133.152000 59
133.344000 134.048000 59
134.400000 134.816000 55
135.840000 136.000000 55
136.128000 136.480000 55
136.480000 136.704000 60
136.864000 137.152000 59
137.376000 137.600000 60
137.920000 139.136000 59
139.328000 140.736000 64
141.472000 141.696000 55
141.824000 142.368000 55
142.496000 142.720000 57
142.848000 143.136000 52
143.424000 143.744000 52
143.968000 144.288000 50
144.480000 144.960000 56
144.960000 145.216000 59
145.312000 145.408000 62
145.408000 146.688000 58
146.688000 147.008000 60
147.424000 147.552000 57
147.552000 149.408000 60
149.568000 149.792000 61
149.952000 150.144000 55
150.272000 150.528000 55
150.912000 150.976000 50
150.976000 151.200000 53
151.328000 151.872000 55
152.032000 153.856000 62
154.272000 154.592000 58
154.784000 155.104000 60
156.992000 157.184000 62
157.184000 158.208000 60
158.208000 158.432000 55
158.496000 158.752000 55
158.752000 158.944000 52
159.104000 159.328000 52
159.808000 160.000000 62
160.160000 160.992000 60
161.184000 161.280000 55
161.376000 162.208000 52
162.624000 162.752000 62
162.752000 163.232000 64
163.232000 163.840000 62
164.032000 164.352000 60
164.352000 164.608000 57
164.736000 165.248000 57
165.344000 165.504000 64
165.632000 165.888000 62
166.112000 166.560000 57
166.752000 166.976000 64
166.976000 167.840000 60
168.160000 168.448000 62
168.608000 168.800000 62
168.992000 169.184000 60
169.248000 169.504000 60
169.664000 170.048000 55
170.048000 170.624000 52
170.976000 171.680000 61
171.776000 172.000000 60
172.096000 172.320000 60
172.320000 172.576000 55
172.704000 172.896000 55
172.896000 173.056000 52
173.184000 173.440000 52
173.920000 174.496000 64
174.624000 175.136000 62
175.136000 175.392000 57
175.520000 175.872000 57
176.000000 177.920000 60
178.016000 178.112000 59
178.464000 178.624000 59
178.752000 182.144000 60
190.240000 190.528000 67
193.632000 194.240000 62
194.336000 194.880000 60
194.880000 195.104000 55
195.232000 195.456000 55
195.456000 195.648000 52
195.808000 196.096000 53
196.512000 197.056000 62
197.056000 197.728000 60
197.856000 197.952000 55
198.080000 198.880000 52
199.264000 200.160000 63
200.160000 200.512000 62
200.704000 201.088000 60
201.088000 201.216000 57
201.376000 201.952000 57
201.952000 202.144000 64
202.304000 202.464000 62
202.816000 203.232000 57
203.360000 203.648000 66
203.648000 205.888000 60
206.432000 206.624000 52
206.624000 206.848000 59
207.040000 207.200000 59
207.424000 207.648000 60
207.648000 207.744000 57
207.744000 208.096000 61
208.096000 208.640000 57
209.152000 209.280000 55
209.376000 209.856000 60
209.856000 210.080000 62
210.528000 211.168000 64
211.264000 211.840000 62
211.840000 212.032000 57
212.192000 212.544000 57
212.672000 214.656000 60
215.168000 215.264000 59
215.392000 216.416000 60
216.544000 216.640000 60
217.088000 217.344000 60
221.472000 221.632000 68
222.784000 223.008000 69
225.024000 225.184000 68
225.920000 226.880000 68
227.072000 227.200000 68
227.424000 227.520000 68
