29.792000 30.144000 59
30.272000 31.552000 60
31.712000 31.904000 56
32.096000 32.736000 61
32.864000 33.376000 60
33.600000 34.112000 56
34.336000 35.424000 58
35.840000 36.032000 59
36.192000 36.864000 60
36.864000 38.208000 58
38.208000 38.528000 65
38.688000 38.880000 58
38.880000 39.136000 60
39.488000 40.448000 58
40.608000 40.928000 59
41.120000 41.696000 56
44.064000 44.192000 56
44.288000 44.544000 56
44.672000 45.216000 56
45.408000 45.824000 63
46.144000 46.368000 56
46.528000 46.720000 56
46.880000 47.584000 56
49.248000 49.344000 56
49.504000 49.792000 59
49.920000 50.976000 58
53.472000 54.496000 60
54.656000 55.328000 58
55.328000 55.680000 56
55.808000 56.384000 61
56.544000 57.056000 60
57.184000 57.440000 56
57.632000 58.592000 58
58.720000 59.104000 60
59.488000 61.792000 59
61.792000 61.856000 66
61.856000 62.784000 67
63.200000 63.776000 60
63.936000 64.128000 58
64.320000 64.640000 58
64.640000 65.152000 56
66.176000 66.560000 56
66.560000 66.624000 61
66.624000 67.584000 67
67.680000 68.256000 67
68.384000 68.704000 63
68.704000 69.760000 68
70.240000 70.816000 63
70.944000 71.264000 63
71.360000 71.584000 61
71.744000 72.672000 61
72.896000 73.216000 63
73.632000 74.560000 72
74.688000 74.912000 71
75.072000 75.488000 72
75.488000 76.416000 68
76.544000 77.184000 68
77.952000 78.208000 60
78.400000 80.896000 67
80.992000 82.880000 65
82.880000 83.136000 63
83.936000 84.160000 63
84.288000 84.352000 65
84.352000 84.704000 66
84.704000 85.280000 68
85.472000 86.784000 68
86.880000 87.552000 67
87.680000 87.968000 68
88.064000 88.352000 67
88.512000 89.152000 65
89.856000 90.112000 65
90.240000 90.336000 66
90.336000 90.624000 68
90.624000 91.904000 71
92.832000 93.088000 63
93.248000 93.312000 65
93.312000 93.600000 68
93.600000 93.824000 70
93.952000 95.040000 72
95.136000 95.232000 72
95.424000 96.032000 72
96.192000 96.320000 70
96.320000 96.640000 72
96.640000 97.248000 70
97.504000 100.544000 70
102.080000 102.976000 60
103.072000 103.328000 63
103.520000 104.192000 70
104.320000 106.048000 70
106.240000 107.040000 72
107.648000 107.936000 59
108.032000 108.288000 60
108.416000 108.768000 61
108.768000 109.152000 63
109.152000 109.728000 70
109.824000 110.048000 70
110.240000 110.912000 70
110.912000 111.616000 73
111.744000 112.768000 71
112.768000 113.056000 68
113.504000 113.728000 68
113.888000 114.272000 68
114.272000 114.528000 70
114.656000 114.944000 71
114.944000 115.424000 65
115.744000 116.000000 71
116.128000 116.736000 72
116.928000 117.664000 70
118.048000 119.040000 70
119.136000 119.456000 70
119.456000 119.840000 68
119.840000 120.352000 71
120.352000 120.768000 68
121.344000 121.472000 70
121.472000 121.600000 72
121.728000 122.752000 72
122.848000 123.360000 73
123.456000 124.800000 70
125.440000 125.696000 59
125.824000 126.080000 60
126.208000 126.592000 61
126.592000 126.880000 63
126.880000 128.320000 70
128.448000 129.344000 70
129.344000 129.952000 68
129.952000 130.752000 72
131.296000 132.512000 60
132.512000 132.800000 63
132.960000 133.888000 70
133.984000 134.208000 70
134.368000 134.688000 70
134.688000 135.808000 73
135.968000 136.064000 71
136.064000 136.864000 70
137.216000 137.504000 68
137.664000 137.984000 68
137.984000 138.304000 70
138.400000 138.720000 71
138.816000 139.136000 65
139.520000 139.648000 70
139.648000 139.776000 72
139.936000 141.440000 71
141.824000 142.400000 70
142.496000 144.096000 70
144.256000 144.704000 68
145.024000 145.376000 71
145.472000 147.424000 72
147.424000 148.544000 70
149.088000 149.824000 72
149.824000 150.176000 68
150.272000 154.912000 68
163.520000 163.744000 63
163.936000 165.056000 63
165.568000 165.792000 63
166.016000 166.496000 61
175.648000 176.160000 63
180.960000 181.568000 60
181.696000 182.368000 60
182.464000 183.008000 57
183.136000 184.608000 60
184.608000 185.248000 56
185.440000 186.528000 58
187.008000 187.104000 59
187.264000 187.904000 60
187.904000 188.704000 58
188.704000 189.120000 56
189.120000 189.600000 64
189.760000 189.984000 58
189.984000 190.752000 60
190.752000 191.552000 58
191.680000 192.000000 59
192.096000 192.704000 56
195.008000 195.296000 56
195.392000 195.648000 56
195.776000 196.352000 56
196.544000 197.024000 63
197.312000 197.536000 56
197.632000 197.856000 56
197.984000 199.520000 56
200.576000 200.864000 59
200.992000 202.944000 58
203.168000 203.680000 56
204.640000 205.632000 60
205.792000 206.112000 60
206.112000 206.816000 57
206.944000 207.552000 61
207.680000 208.192000 60
208.320000 208.576000 56
208.768000 209.120000 56
209.120000 209.728000 58
209.888000 210.240000 60
210.624000 212.800000 59
212.800000 213.024000 65
213.024000 213.888000 67
214.272000 214.880000 60
215.040000 215.264000 58
215.424000 216.352000 56
217.312000 217.696000 57
217.696000 217.760000 62
217.760000 218.720000 67
218.816000 219.424000 67
219.520000 219.872000 63
219.872000 220.896000 68
221.376000 221.984000 63
222.080000 222.400000 63
222.496000 222.720000 61
222.880000 223.744000 61
223.936000 224.288000 63
224.704000 225.312000 72
225.408000 225.664000 72
225.760000 225.888000 70
225.888000 226.016000 72
226.144000 226.784000 71
226.784000 227.520000 68
227.584000 228.576000 68
229.152000 229.408000 60
229.504000 229.600000 62
229.600000 229.888000 65
229.888000 231.904000 67
231.904000 234.400000 65
235.040000 235.264000 63
235.360000 235.456000 64
235.456000 235.520000 65
235.520000 236.384000 68
236.544000 238.592000 68
238.720000 239.424000 67
239.520000 240.160000 65
240.896000 241.152000 65
241.280000 241.408000 66
241.408000 241.664000 68
241.664000 243.168000 71
243.872000 244.160000 63
244.288000 244.384000 65
244.384000 244.640000 68
244.640000 244.896000 70
245.024000 246.208000 72
246.816000 247.072000 72
247.232000 248.256000 70
248.448000 251.776000 70
252.928000 253.856000 60
253.952000 254.208000 63
254.432000 255.264000 70
255.456000 257.120000 70
257.312000 257.984000 72
258.560000 259.392000 60
259.520000 259.872000 61
259.872000 260.256000 63
260.256000 260.864000 70
260.960000 261.184000 70
261.344000 262.048000 70
262.048000 263.904000 72
263.904000 264.192000 68
264.640000 264.896000 68
265.024000 265.408000 68
265.408000 265.696000 70
265.792000 266.080000 71
266.080000 266.560000 65
266.880000 267.808000 72
268.000000 268.800000 70
269.152000 269.280000 68
269.280000 271.264000 70
271.264000 271.968000 68
272.416000 272.672000 71
272.800000 273.792000 60
273.920000 274.304000 74
274.304000 274.432000 72
274.560000 276.096000 70
276.544000 276.832000 60
276.928000 277.184000 60
277.344000 277.792000 61
277.792000 278.112000 63
278.112000 279.424000 70
279.552000 280.384000 70
280.384000 281.024000 68
281.024000 281.792000 72
282.432000 282.496000 58
282.496000 282.592000 59
282.592000 283.200000 60
283.200000 283.872000 62
284.032000 285.280000 70
285.408000 285.728000 70
285.728000 286.880000 73
287.072000 287.168000 72
287.168000 288.064000 70
288.320000 288.608000 68
288.736000 289.376000 69
289.504000 289.792000 71
289.888000 290.272000 65
290.624000 290.880000 71
291.008000 292.064000 72
292.064000 292.608000 70
292.864000 293.472000 70
293.568000 295.200000 70
295.328000 295.776000 68
296.064000 296.128000 69
296.128000 296.416000 71
296.576000 298.080000 72
298.240000 299.808000 70
300.288000 300.544000 72
300.640000 301.056000 70
301.056000 301.696000 68
301.824000 308.640000 68
314.048000 314.240000 70
314.240000 317.632000 72
317.856000 320.512000 68
320.672000 320.800000 68
