22.432000 24.800000 68
24.800000 26.016000 64
26.112000 27.168000 56
27.680000 27.968000 58
27.968000 28.064000 59
28.064000 28.608000 61
28.608000 28.864000 57
28.992000 29.248000 57
29.376000 29.440000 65
29.440000 29.600000 66
29.600000 30.784000 68
30.784000 31.072000 64
31.168000 31.392000 62
31.456000 32.224000 64
32.608000 34.784000 68
34.784000 36.032000 64
36.128000 37.120000 56
37.696000 38.112000 58
38.112000 38.656000 61
38.656000 38.912000 57
39.040000 39.264000 57
39.424000 39.616000 66
39.616000 39.968000 68
39.968000 40.032000 67
40.032000 41.088000 63
41.088000 41.344000 58
41.440000 41.792000 61
42.112000 42.784000 72
42.784000 44.352000 70
44.352000 45.600000 68
45.600000 46.752000 65
47.072000 47.360000 65
47.360000 47.712000 64
47.712000 49.536000 61
49.664000 49.952000 59
49.952000 51.808000 63
52.096000 52.800000 72
52.800000 54.560000 70
54.656000 55.072000 65
55.072000 55.392000 70
55.392000 56.992000 67
57.152000 57.824000 65
57.824000 58.688000 63
58.688000 59.648000 65
59.808000 63.008000 61
70.048000 72.320000 68
72.320000 73.536000 64
73.536000 74.784000 56
75.264000 75.456000 59
75.456000 76.192000 61
76.192000 76.832000 57
76.928000 76.992000 65
76.992000 78.656000 68
78.656000 79.872000 63
80.128000 82.304000 68
82.304000 83.616000 64
83.712000 84.768000 56
85.280000 85.472000 58
85.472000 85.632000 59
85.632000 86.144000 61
86.144000 87.168000 56
87.264000 87.744000 68
87.840000 88.640000 63
88.640000 89.440000 60
89.696000 90.112000 73
90.112000 90.432000 72
90.432000 91.872000 70
91.872000 93.120000 69
93.120000 94.464000 65
94.624000 94.976000 65
94.976000 95.328000 64
95.328000 95.360000 63
95.360000 96.288000 61
96.288000 96.864000 64
96.864000 99.328000 62
99.680000 100.320000 73
100.320000 100.448000 71
100.448000 101.920000 70
101.920000 104.544000 67
104.672000 105.408000 65
105.408000 106.336000 63
106.336000 106.688000 68
106.784000 107.424000 65
107.424000 107.488000 60
107.488000 108.128000 57
108.128000 111.104000 61
127.360000 127.520000 73
127.520000 127.872000 72
127.872000 129.440000 70
129.440000 130.688000 68
130.688000 131.808000 65
132.192000 132.512000 65
132.512000 132.864000 64
132.864000 135.360000 61
135.456000 136.864000 63
137.312000 137.536000 73
137.536000 137.952000 72
137.952000 139.520000 70
139.520000 140.256000 65
140.416000 141.248000 68
141.248000 142.208000 66
142.272000 143.008000 65
143.008000 143.872000 63
143.872000 144.000000 66
144.000000 144.384000 68
144.384000 144.960000 65
144.960000 148.064000 61
155.264000 157.152000 69
157.248000 157.504000 68
157.504000 157.920000 65
157.920000 158.816000 63
158.816000 159.904000 56
160.416000 160.704000 58
160.704000 160.800000 59
160.800000 161.344000 61
161.344000 161.664000 57
161.760000 162.016000 57
162.144000 162.368000 67
162.368000 163.552000 68
163.552000 165.120000 63
165.408000 167.616000 68
167.616000 168.480000 65
168.576000 168.800000 61
168.800000 169.856000 56
170.464000 170.912000 59
170.912000 171.360000 61
171.360000 171.680000 57
171.776000 172.032000 57
172.160000 172.384000 66
172.384000 172.800000 68
172.800000 173.856000 63
173.856000 174.144000 58
174.240000 174.528000 61
174.848000 175.520000 72
175.520000 176.608000 70
176.704000 176.928000 70
176.928000 178.432000 68
178.432000 179.616000 65
179.840000 180.128000 65
180.128000 180.480000 64
180.480000 181.440000 61
181.440000 182.304000 64
182.432000 182.688000 59
182.688000 184.448000 63
184.896000 185.568000 72
185.568000 187.296000 70
187.392000 187.744000 65
187.744000 188.960000 68
188.960000 189.760000 66
189.792000 190.752000 65
190.752000 191.648000 63
191.648000 192.672000 66
192.768000 192.992000 56
192.992000 193.344000 58
193.408000 196.288000 61
