14.176000 14.240000 56
14.240000 14.272000 59
14.272000 14.368000 61
14.368000 14.464000 62
14.464000 15.424000 64
15.424000 16.704000 61
17.696000 17.856000 59
17.984000 18.816000 57
19.520000 20.064000 64
20.064000 21.472000 61
21.600000 22.336000 57
23.040000 23.104000 59
23.104000 24.992000 61
24.992000 25.952000 57
26.528000 26.592000 57
26.592000 28.160000 61
28.160000 29.024000 59
29.024000 29.760000 57
30.048000 30.176000 62
30.176000 30.816000 64
30.816000 32.128000 61
32.256000 32.800000 57
32.800000 32.832000 59
32.832000 33.440000 65
33.440000 33.600000 60
33.728000 34.528000 60
34.624000 35.072000 57
35.776000 35.936000 59
36.128000 36.288000 57
36.384000 36.928000 54
37.056000 37.984000 57
39.424000 39.712000 53
39.712000 39.904000 54
39.904000 41.472000 59
41.472000 42.336000 61
43.232000 44.256000 64
44.352000 45.376000 61
46.016000 46.656000 64
46.816000 47.552000 64
47.680000 48.992000 61
49.728000 50.496000 60
50.496000 50.688000 58
50.688000 51.456000 54
51.456000 52.032000 57
52.128000 52.512000 54
52.672000 52.768000 52
53.472000 53.728000 52
53.728000 54.144000 54
54.144000 55.200000 59
55.264000 56.352000 59
56.352000 56.608000 61
57.696000 57.856000 58
58.144000 58.688000 61
58.816000 59.360000 59
59.456000 60.160000 59
60.160000 61.600000 57
61.696000 61.952000 58
62.144000 62.688000 57
62.688000 63.424000 59
63.520000 63.776000 58
63.904000 64.928000 57
65.248000 65.600000 61
65.696000 66.112000 61
66.368000 68.032000 58
68.160000 68.352000 60
68.352000 69.120000 54
69.504000 70.176000 57
70.176000 72.800000 61
73.920000 73.984000 59
73.984000 75.968000 68
76.384000 77.376000 68
77.472000 81.824000 66
81.952000 83.104000 68
83.648000 83.712000 67
83.712000 84.128000 68
84.128000 86.176000 66
86.176000 88.800000 72
89.056000 90.272000 73
90.624000 93.248000 72
93.248000 94.016000 66
94.144000 95.488000 69
95.680000 96.640000 64
96.800000 96.992000 66
96.992000 98.208000 64
98.336000 98.688000 65
98.816000 100.800000 66
101.280000 102.592000 69
102.784000 103.744000 64
103.904000 104.640000 62
104.832000 105.408000 60
105.504000 105.856000 57
105.984000 107.136000 57
107.520000 108.192000 61
111.744000 111.808000 57
111.808000 113.600000 61
113.600000 114.496000 57
115.296000 115.360000 59
115.360000 115.520000 62
115.520000 116.096000 64
116.096000 117.184000 61
117.184000 118.080000 59
119.072000 119.296000 64
119.520000 119.744000 64
119.744000 120.736000 61
120.736000 121.600000 57
121.696000 121.760000 57
121.760000 124.736000 61
124.736000 125.920000 57
125.920000 127.520000 61
128.128000 128.992000 57
129.536000 129.696000 57
129.696000 129.760000 58
129.760000 130.272000 63
130.272000 131.360000 61
131.456000 132.256000 61
132.256000 132.448000 56
132.448000 132.960000 54
132.960000 133.568000 59
133.664000 134.496000 61
135.104000 135.968000 57
135.968000 136.192000 60
136.192000 137.632000 61
137.632000 139.232000 57
139.392000 139.488000 55
139.488000 139.584000 57
139.936000 140.480000 61
140.576000 141.152000 59
141.248000 142.528000 59
142.624000 143.424000 57
143.520000 143.744000 58
143.936000 145.184000 58
145.280000 145.600000 58
145.696000 146.720000 57
147.008000 147.392000 61
147.488000 147.872000 61
148.160000 148.512000 59
148.608000 148.736000 57
148.832000 149.600000 58
149.696000 150.176000 59
150.176000 150.848000 54
151.296000 151.360000 57
151.360000 152.192000 58
152.192000 154.880000 60
157.440000 157.504000 57
157.504000 159.488000 68
159.936000 164.160000 66
164.160000 164.608000 69
164.704000 165.504000 64
165.504000 166.592000 68
167.264000 169.600000 66
169.696000 170.496000 69
170.592000 172.192000 72
172.608000 173.120000 74
173.120000 173.696000 73
174.112000 176.832000 72
176.832000 177.568000 66
177.696000 179.008000 68
179.264000 180.224000 64
180.352000 180.544000 66
180.544000 181.184000 64
181.184000 181.792000 59
181.920000 182.112000 57
182.112000 182.272000 59
182.400000 183.968000 57
183.968000 184.864000 60
185.472000 186.304000 57
186.304000 186.720000 61
186.880000 186.976000 59
187.104000 187.424000 59
187.424000 188.064000 57
188.064000 188.256000 63
188.384000 189.312000 61
189.440000 190.016000 61
190.176000 190.464000 61
190.912000 191.488000 62
191.616000 192.032000 61
192.256000 192.416000 60
192.832000 192.960000 56
193.152000 193.440000 57
193.440000 193.792000 63
194.016000 194.112000 58
194.528000 194.816000 57
195.488000 195.552000 61
195.552000 195.712000 63
196.000000 197.248000 61
197.248000 198.432000 59
199.072000 199.776000 61
200.032000 201.664000 57
204.384000 204.448000 59
204.448000 205.664000 69
205.792000 206.560000 68
206.880000 207.776000 68
207.872000 210.944000 66
211.040000 211.424000 69
211.552000 212.224000 64
212.352000 212.704000 68
212.832000 213.504000 68
214.144000 214.624000 68
214.624000 217.472000 66
217.472000 218.624000 73
218.720000 219.040000 73
219.488000 219.552000 72
219.552000 219.872000 75
219.872000 220.608000 73
220.992000 221.664000 73
221.664000 222.048000 70
222.048000 223.360000 73
223.488000 223.680000 71
223.680000 224.160000 65
224.576000 225.856000 68
226.144000 227.008000 64
227.200000 227.968000 64
228.352000 228.640000 66
228.768000 229.120000 65
229.280000 230.624000 66
230.624000 231.680000 62
232.736000 232.800000 60
232.800000 234.784000 69
235.264000 239.392000 66
239.488000 239.872000 69
240.000000 240.832000 64
240.832000 241.952000 68
242.560000 244.928000 66
245.024000 245.824000 69
245.920000 247.488000 73
247.936000 248.960000 73
249.472000 249.696000 74
249.696000 252.128000 72
252.128000 252.864000 66
252.992000 254.464000 68
254.592000 255.520000 64
255.648000 259.392000 65
259.392000 261.472000 69
261.696000 262.624000 64
262.784000 263.648000 64
263.936000 264.256000 59
264.384000 264.704000 58
264.832000 266.336000 57
266.336000 266.400000 58
266.400000 266.528000 59
266.528000 267.584000 61
267.584000 268.352000 57
