27.232000 27.488000 56
27.616000 27.776000 57
28.448000 29.152000 57
29.248000 29.312000 60
29.312000 29.408000 61
29.408000 30.272000 63
30.368000 31.168000 60
32.736000 33.856000 64
33.856000 34.688000 60
34.688000 35.584000 58
38.592000 39.488000 57
40.288000 40.480000 57
40.608000 41.888000 60
44.064000 44.800000 60
44.800000 46.016000 58
46.272000 46.624000 58
49.856000 50.400000 57
50.560000 50.816000 58
50.944000 51.808000 57
51.904000 52.064000 61
52.064000 52.704000 63
52.704000 53.696000 60
55.424000 55.680000 64
55.776000 55.968000 65
56.160000 56.736000 63
56.896000 57.440000 59
57.760000 58.048000 58
61.152000 61.504000 57
61.504000 63.776000 58
63.776000 64.480000 60
66.656000 67.424000 60
67.424000 68.064000 58
68.160000 68.736000 59
68.896000 69.216000 58
69.248000 69.440000 58
73.472000 74.176000 60
74.176000 75.072000 64
75.168000 76.128000 71
76.256000 76.512000 70
76.640000 76.800000 68
77.056000 77.248000 67
77.248000 77.568000 61
77.664000 78.272000 63
79.136000 79.744000 60
79.744000 80.672000 63
80.832000 81.792000 71
81.888000 82.176000 70
82.272000 82.464000 68
82.784000 82.912000 66
82.912000 83.328000 60
83.328000 83.904000 67
84.704000 84.832000 60
85.024000 85.312000 60
85.312000 85.568000 63
85.728000 85.952000 64
85.952000 86.432000 65
86.432000 88.096000 70
88.224000 89.216000 70
89.312000 89.568000 68
89.664000 90.240000 69
90.368000 90.688000 68
91.424000 91.712000 65
91.712000 92.288000 68
92.288000 92.928000 65
92.928000 93.440000 69
93.536000 93.856000 71
93.856000 94.464000 68
94.464000 94.912000 65
95.616000 96.928000 63
97.056000 99.744000 72
99.904000 100.736000 67
126.368000 127.648000 58
127.776000 127.968000 58
128.096000 128.320000 62
128.320000 128.768000 63
128.768000 129.312000 60
129.504000 130.240000 60
130.816000 130.944000 62
131.616000 131.872000 65
132.000000 132.960000 63
133.056000 134.464000 58
137.376000 139.264000 58
139.360000 140.736000 60
142.976000 143.552000 61
143.648000 145.664000 58
148.672000 148.832000 56
148.960000 150.496000 58
150.656000 151.936000 61
151.936000 152.704000 60
154.144000 155.456000 64
155.648000 155.808000 59
155.808000 157.216000 60
159.968000 160.160000 56
160.256000 161.856000 58
162.016000 164.512000 60
165.504000 166.176000 60
166.176000 167.520000 58
167.616000 168.576000 56
168.704000 169.024000 56
172.288000 172.352000 57
172.352000 172.832000 60
172.832000 173.952000 64
173.952000 174.944000 71
175.072000 176.000000 68
176.128000 176.448000 60
176.448000 177.344000 63
177.920000 178.048000 60
178.208000 178.528000 60
178.528000 179.456000 64
179.616000 180.544000 71
180.544000 180.864000 70
181.024000 181.664000 68
181.760000 182.080000 60
182.080000 182.944000 68
183.552000 184.160000 60
184.160000 184.704000 63
184.704000 185.280000 65
185.280000 186.240000 71
186.336000 187.392000 69
187.424000 187.648000 70
187.776000 188.096000 71
188.096000 188.320000 68
188.480000 189.696000 68
190.240000 190.560000 65
190.560000 191.136000 68
191.136000 191.744000 65
191.744000 192.224000 70
192.320000 192.512000 70
192.736000 193.344000 69
193.344000 193.696000 65
193.728000 194.048000 68
194.368000 194.848000 65
194.944000 195.872000 63
195.872000 198.368000 72
198.368000 200.320000 67
211.808000 212.672000 60
212.832000 213.376000 65
213.504000 214.272000 72
214.304000 214.336000 70
214.592000 214.752000 70
214.944000 215.328000 68
215.424000 215.552000 67
215.552000 215.616000 65
215.616000 216.832000 63
217.504000 217.888000 60
217.888000 218.336000 61
218.432000 218.944000 65
219.136000 219.328000 70
219.488000 219.904000 71
220.608000 220.960000 68
221.056000 221.216000 67
221.216000 221.280000 65
221.280000 221.600000 60
221.600000 222.464000 68
223.104000 223.200000 60
223.424000 223.744000 60
223.744000 223.904000 63
224.096000 224.704000 65
224.800000 226.016000 71
226.016000 226.368000 68
226.592000 227.040000 70
227.264000 227.520000 71
227.648000 228.576000 68
228.672000 229.152000 68
229.824000 230.080000 65
230.080000 230.336000 68
230.432000 230.624000 68
230.624000 231.232000 65
231.232000 231.744000 69
231.872000 232.160000 71
232.256000 232.928000 68
232.928000 233.472000 65
233.856000 234.336000 65
234.336000 235.168000 63
235.168000 238.080000 72
238.240000 240.288000 67
241.856000 242.400000 57
242.528000 242.848000 58
243.872000 244.000000 61
244.000000 244.672000 63
244.672000 245.760000 60
247.328000 248.672000 64
248.672000 249.792000 59
253.184000 253.344000 56
254.912000 255.104000 57
255.264000 256.480000 60
258.688000 259.040000 60
259.168000 259.456000 59
259.712000 261.280000 58
262.112000 262.880000 57
