2.176000 2.656000 69
2.784000 3.712000 67
3.872000 5.632000 69
7.200000 7.424000 62
7.584000 7.744000 72
7.744000 7.936000 74
8.032000 12.480000 71
12.928000 13.056000 70
13.056000 13.280000 71
13.280000 14.272000 73
14.368000 14.624000 72
14.752000 15.392000 64
15.520000 15.840000 66
15.936000 16.640000 68
17.024000 17.504000 71
18.176000 18.464000 66
18.912000 19.296000 66
19.296000 19.712000 68
20.000000 21.312000 67
46.272000 47.040000 67
47.360000 47.936000 66
48.544000 48.928000 62
49.344000 49.504000 58
49.664000 49.888000 59
50.016000 50.400000 61
50.592000 51.040000 59
52.256000 52.992000 67
53.440000 54.048000 66
54.560000 54.944000 62
55.296000 55.840000 58
56.032000 56.736000 60
57.216000 57.440000 59
57.536000 57.728000 62
57.952000 58.688000 64
59.040000 59.456000 63
59.552000 60.192000 62
60.896000 61.504000 62
61.728000 61.824000 57
62.016000 62.144000 60
62.144000 62.368000 62
62.464000 62.656000 62
62.656000 63.136000 59
63.936000 64.192000 62
64.288000 64.640000 62
65.024000 65.984000 59
66.240000 66.432000 60
66.656000 67.040000 59
67.328000 67.680000 57
70.304000 70.976000 67
71.392000 72.000000 66
72.192000 72.768000 62
72.928000 73.184000 57
73.312000 73.568000 57
73.568000 73.920000 59
74.048000 75.040000 60
76.256000 78.112000 66
78.464000 79.040000 62
79.360000 79.552000 58
79.648000 79.840000 59
80.032000 80.288000 62
80.448000 80.768000 59
81.216000 81.536000 59
81.536000 82.656000 62
83.232000 83.360000 56
83.552000 84.160000 55
84.960000 85.216000 63
85.408000 85.952000 62
86.112000 87.328000 67
87.968000 89.312000 62
89.440000 89.984000 60
90.176000 90.720000 60
90.720000 91.584000 57
91.744000 92.704000 55
93.728000 94.080000 57
94.208000 94.368000 57
94.464000 95.168000 56
99.936000 100.224000 62
100.320000 100.448000 69
100.448000 100.576000 71
100.736000 101.312000 69
101.408000 102.336000 67
102.432000 104.320000 69
105.920000 106.080000 62
106.272000 106.976000 72
106.976000 107.680000 69
107.776000 108.480000 69
108.608000 108.832000 64
108.992000 110.272000 67
111.456000 111.616000 70
111.616000 112.832000 72
112.992000 113.248000 72
113.504000 114.176000 64
114.496000 114.816000 66
114.912000 116.032000 67
116.352000 116.608000 62
116.768000 116.832000 63
116.832000 117.440000 67
117.440000 118.272000 69
118.272000 119.840000 71
119.840000 123.328000 67
123.872000 124.288000 62
124.288000 124.576000 71
124.736000 128.544000 69
129.920000 130.112000 62
130.272000 130.944000 73
130.944000 135.232000 71
135.616000 135.744000 69
135.744000 135.968000 71
135.968000 136.864000 73
137.056000 137.312000 72
137.472000 137.984000 64
138.176000 138.464000 66
138.592000 139.328000 67
139.680000 140.224000 71
140.416000 140.736000 69
140.736000 140.992000 67
141.152000 141.376000 64
141.568000 141.952000 66
141.952000 142.496000 69
142.688000 143.808000 67
169.568000 170.368000 57
178.304000 179.232000 67
179.424000 180.192000 66
180.512000 181.088000 62
181.280000 181.536000 57
181.632000 181.888000 59
182.016000 182.432000 61
182.528000 183.328000 59
184.224000 185.024000 67
185.344000 186.208000 66
186.560000 187.136000 62
187.296000 187.904000 58
188.032000 188.448000 61
188.544000 188.832000 59
189.184000 189.344000 59
189.536000 190.144000 62
190.144000 190.656000 64
191.104000 191.360000 55
191.520000 191.808000 55
192.896000 193.184000 64
193.280000 193.920000 62
194.048000 195.392000 67
195.872000 195.968000 59
195.968000 197.440000 62
197.440000 198.784000 60
198.880000 199.424000 60
199.648000 200.256000 60
200.256000 201.440000 57
201.696000 201.824000 55
202.016000 202.976000 55
207.776000 208.256000 62
208.256000 208.576000 70
208.704000 209.344000 69
209.344000 210.400000 67
210.496000 212.704000 69
213.920000 214.112000 62
214.272000 215.008000 72
215.008000 216.480000 69
216.576000 216.864000 64
216.960000 218.720000 67
219.456000 219.616000 70
219.616000 220.864000 72
221.024000 221.216000 72
221.504000 222.368000 64
222.528000 224.032000 67
224.288000 224.608000 62
224.768000 224.864000 65
224.864000 225.376000 67
225.376000 226.240000 69
226.240000 227.840000 71
227.840000 228.800000 67
228.896000 229.088000 70
229.088000 229.280000 71
229.280000 231.456000 67
231.840000 232.160000 62
232.256000 232.576000 71
232.768000 236.992000 69
237.920000 238.112000 62
238.272000 238.784000 73
238.784000 243.168000 71
243.488000 243.616000 69
243.616000 243.648000 70
243.648000 243.904000 71
243.904000 244.864000 72
245.056000 245.312000 72
245.440000 246.080000 64
246.080000 247.360000 67
247.648000 248.256000 71
248.416000 248.704000 69
248.704000 249.440000 65
249.536000 253.152000 67
255.808000 256.160000 62
256.256000 256.544000 71
256.704000 257.376000 69
257.376000 258.400000 67
258.560000 260.000000 69
261.952000 262.112000 62
262.304000 262.432000 73
262.432000 262.624000 74
262.624000 263.008000 72
263.008000 263.648000 70
263.744000 264.384000 69
264.576000 264.800000 64
264.960000 266.112000 66
266.112000 267.104000 64
267.520000 267.648000 69
267.648000 268.832000 72
269.056000 269.312000 72
269.312000 270.368000 64
270.496000 270.848000 66
271.072000 272.032000 67
272.352000 272.544000 62
272.800000 273.728000 67
273.920000 275.584000 71
275.584000 276.128000 69
276.128000 279.520000 67
279.872000 280.512000 74
280.640000 281.280000 69
281.376000 282.368000 67
282.464000 285.312000 69
285.888000 286.080000 62
286.272000 287.008000 72
287.008000 288.640000 70
288.640000 288.832000 72
288.928000 289.888000 72
290.016000 291.232000 71
291.552000 291.680000 69
291.680000 292.960000 72
293.088000 293.344000 72
293.440000 294.176000 64
294.176000 295.552000 67
295.712000 296.288000 71
296.448000 296.800000 69
296.800000 298.176000 66
298.176000 298.624000 69
298.720000 300.448000 67
303.520000 303.648000 70
303.648000 304.832000 72
305.056000 305.344000 72
305.504000 305.952000 64
306.304000 306.592000 66
306.752000 307.072000 67
307.168000 307.520000 68
308.064000 308.640000 71
308.832000 309.152000 69
309.280000 309.504000 67
309.888000 310.176000 64
310.784000 311.392000 66
311.680000 312.416000 69
312.928000 314.624000 67
318.528000 318.816000 71
318.816000 319.776000 73
319.968000 320.256000 72
320.512000 321.120000 64
321.216000 321.536000 66
321.664000 322.016000 67
322.112000 322.400000 68
322.912000 323.584000 71
323.776000 324.032000 69
324.192000 324.576000 66
325.824000 326.240000 66
326.752000 327.552000 69
327.936000 329.312000 67
329.408000 329.536000 67
