17.472000 17.536000 56
17.536000 18.816000 59
19.200000 19.488000 60
19.488000 19.840000 57
20.096000 21.056000 60
21.760000 22.208000 62
22.400000 22.816000 65
23.296000 24.000000 65
24.256000 24.384000 56
24.384000 24.704000 57
24.704000 25.216000 60
25.984000 26.336000 54
26.336000 26.880000 61
27.072000 27.296000 60
27.296000 27.616000 58
27.776000 28.288000 60
28.448000 28.640000 60
28.640000 29.312000 57
29.312000 29.568000 60
29.760000 30.368000 65
30.976000 31.104000 61
31.104000 32.256000 64
32.672000 32.864000 64
32.992000 34.720000 65
34.720000 36.704000 67
37.248000 38.944000 69
39.104000 39.968000 67
40.224000 40.800000 64
40.800000 41.440000 65
41.568000 42.304000 69
42.432000 43.328000 65
43.936000 44.384000 62
44.480000 45.408000 64
45.856000 45.920000 58
45.920000 46.336000 62
46.528000 47.136000 64
47.392000 47.552000 60
47.648000 47.872000 65
47.968000 48.160000 60
48.160000 48.384000 65
48.512000 48.768000 67
48.896000 49.088000 69
49.184000 49.856000 69
49.952000 50.528000 66
50.688000 51.040000 65
51.232000 52.128000 64
52.448000 52.832000 61
52.992000 53.600000 60
53.888000 55.488000 69
55.648000 56.544000 67
56.832000 57.120000 63
57.120000 57.408000 64
57.408000 57.760000 65
57.760000 58.912000 69
59.040000 60.160000 66
60.512000 60.608000 60
60.608000 62.112000 64
62.400000 62.880000 62
63.104000 63.712000 64
64.032000 64.192000 60
64.320000 64.512000 65
64.512000 64.768000 60
64.768000 65.024000 65
65.152000 65.504000 71
65.664000 65.856000 65
66.112000 66.784000 69
66.784000 67.200000 66
67.328000 67.808000 65
68.000000 68.864000 64
68.992000 69.600000 62
69.856000 71.392000 65
74.816000 76.928000 67
77.024000 78.048000 65
78.048000 78.464000 63
78.976000 79.264000 60
79.264000 79.424000 63
79.680000 80.096000 70
80.288000 82.208000 68
82.880000 82.944000 57
82.944000 83.552000 61
83.680000 84.224000 65
84.416000 85.120000 63
85.120000 85.600000 60
85.760000 86.432000 68
86.912000 86.976000 62
86.976000 87.072000 64
87.072000 87.648000 65
87.744000 88.288000 68
88.704000 90.720000 67
90.720000 91.808000 70
91.808000 95.744000 72
97.184000 98.848000 69
99.008000 100.064000 67
100.096000 100.384000 64
100.480000 100.800000 64
100.800000 101.184000 65
101.184000 102.272000 69
102.368000 103.392000 65
103.808000 103.904000 60
103.904000 105.632000 64
105.856000 106.336000 62
106.432000 107.040000 64
107.328000 107.584000 60
107.584000 107.872000 65
107.872000 108.128000 60
108.128000 108.384000 65
108.544000 108.832000 67
108.832000 109.856000 69
109.856000 110.624000 66
110.912000 111.104000 65
111.264000 111.904000 64
111.904000 112.544000 60
112.672000 113.216000 60
113.472000 115.136000 69
115.296000 116.192000 67
116.448000 116.928000 64
117.024000 117.696000 67
117.792000 118.496000 69
118.656000 119.808000 65
120.160000 120.224000 60
120.224000 120.736000 62
120.736000 121.728000 64
122.112000 122.560000 62
122.752000 123.424000 64
123.584000 123.840000 60
123.840000 124.064000 65
124.064000 124.384000 60
124.384000 124.640000 65
124.800000 125.152000 71
125.152000 125.504000 65
125.696000 126.304000 69
126.304000 127.296000 65
127.424000 128.256000 64
128.256000 129.088000 62
129.216000 132.000000 65
139.904000 140.384000 77
140.896000 142.144000 77
154.592000 154.912000 65
154.912000 157.184000 67
157.184000 158.016000 65
158.592000 158.880000 60
158.880000 159.104000 63
159.328000 159.744000 70
159.968000 161.664000 68
162.560000 162.624000 58
162.624000 163.232000 61
163.328000 163.904000 65
164.032000 164.096000 61
164.096000 164.736000 63
164.736000 165.216000 61
165.408000 166.400000 68
166.560000 166.624000 62
166.624000 166.720000 63
166.720000 167.072000 65
167.072000 168.000000 68
168.384000 168.480000 66
168.480000 169.120000 68
169.120000 170.112000 70
170.208000 172.224000 70
172.224000 172.576000 72
172.576000 174.240000 70
174.240000 174.624000 68
174.944000 176.576000 70
176.768000 177.728000 68
177.920000 178.400000 65
178.496000 178.816000 66
178.816000 179.232000 68
179.232000 179.968000 70
180.064000 181.280000 66
181.536000 181.600000 61
181.600000 183.200000 65
183.360000 183.488000 65
183.488000 183.584000 60
183.584000 183.648000 61
183.648000 184.832000 65
185.024000 185.312000 61
185.312000 185.568000 66
185.568000 185.760000 61
185.856000 186.112000 66
186.208000 186.560000 68
186.560000 187.552000 70
187.552000 188.352000 66
188.544000 188.800000 66
188.896000 189.568000 65
189.568000 190.272000 62
190.368000 190.752000 61
191.232000 192.864000 70
193.024000 193.920000 68
194.176000 194.720000 65
194.720000 195.360000 67
195.488000 195.744000 73
195.744000 196.032000 75
196.032000 196.320000 70
196.416000 197.568000 66
197.856000 197.920000 61
197.920000 199.520000 65
199.872000 199.936000 61
199.936000 200.384000 63
200.384000 201.088000 65
201.280000 201.536000 61
201.536000 201.760000 66
201.856000 202.080000 61
202.080000 202.304000 66
202.432000 202.880000 72
202.880000 203.168000 66
203.424000 204.192000 70
204.192000 204.800000 67
204.960000 205.312000 65
205.312000 207.616000 66
207.616000 209.440000 61
213.920000 214.944000 66
215.776000 215.840000 60
215.840000 215.872000 61
215.872000 216.320000 63
216.320000 216.768000 65
217.120000 220.128000 66
225.408000 226.336000 66
