17.088000 18.240000 65
18.400000 18.528000 64
18.624000 19.008000 64
19.136000 19.552000 67
19.648000 20.128000 67
20.128000 20.320000 64
20.384000 20.512000 64
20.672000 21.088000 65
23.392000 24.192000 65
24.448000 25.056000 64
25.152000 25.280000 67
25.408000 25.728000 67
25.824000 26.368000 67
26.368000 26.784000 65
26.784000 27.392000 62
29.152000 29.856000 69
29.952000 32.128000 67
33.216000 33.536000 67
33.632000 33.888000 67
33.984000 34.560000 67
34.720000 34.944000 65
37.440000 37.568000 65
37.728000 37.824000 65
37.952000 38.336000 65
38.464000 39.136000 64
39.264000 39.360000 67
39.456000 39.872000 67
39.968000 40.192000 67
40.192000 40.384000 64
40.512000 40.960000 65
45.696000 45.792000 69
45.888000 46.048000 69
46.240000 46.336000 65
47.072000 47.200000 67
47.648000 47.808000 67
47.968000 48.000000 67
49.568000 49.728000 65
53.056000 53.120000 66
53.120000 53.152000 69
53.152000 53.280000 65
53.600000 53.632000 66
55.072000 55.104000 67
55.136000 55.232000 67
56.032000 56.128000 67
56.160000 56.192000 65
57.216000 57.536000 65
59.744000 60.224000 67
60.224000 60.768000 65
61.632000 61.888000 68
61.888000 62.144000 67
62.144000 63.008000 65
63.104000 63.712000 65
63.808000 64.256000 67
64.256000 64.768000 65
67.360000 67.808000 67
67.808000 68.480000 65
69.280000 69.536000 68
69.536000 70.432000 66
70.528000 71.904000 67
71.904000 72.352000 65
75.904000 76.064000 65
76.192000 76.352000 65
76.448000 76.544000 65
76.672000 76.832000 66
76.832000 77.984000 65
77.984000 78.976000 67
78.976000 80.000000 64
81.952000 82.464000 65
82.656000 83.968000 65
84.096000 84.800000 67
84.800000 85.888000 64
87.776000 88.352000 69
88.544000 88.928000 69
89.024000 89.696000 69
89.792000 90.368000 67
91.712000 92.032000 67
92.160000 92.384000 67
92.512000 93.088000 66
93.248000 93.376000 66
93.376000 93.504000 64
93.600000 93.696000 63
95.584000 95.776000 65
95.904000 96.288000 65
96.384000 97.728000 64
97.856000 97.984000 67
98.144000 98.240000 67
98.368000 98.560000 67
98.560000 98.720000 65
98.880000 98.976000 64
99.072000 99.328000 65
103.712000 103.776000 64
103.840000 103.872000 65
103.936000 104.160000 69
104.256000 104.448000 69
104.480000 104.512000 65
104.544000 104.640000 64
105.216000 105.312000 62
105.472000 105.632000 67
105.984000 106.176000 67
106.272000 106.400000 67
106.592000 106.720000 65
107.680000 107.808000 67
107.936000 108.000000 65
112.256000 112.448000 64
115.136000 115.264000 64
115.552000 115.680000 65
117.888000 118.912000 65
119.744000 119.808000 64
119.808000 119.936000 68
120.032000 120.256000 67
120.256000 121.664000 65
121.664000 122.848000 67
125.440000 126.464000 65
127.328000 128.832000 67
128.832000 129.120000 65
129.216000 129.472000 68
129.472000 130.400000 66
146.048000 146.240000 69
147.296000 147.328000 58
147.392000 147.456000 62
147.648000 147.808000 70
148.064000 148.160000 71
148.672000 148.832000 65
149.920000 149.984000 65
153.504000 153.536000 65
153.728000 153.792000 69
154.400000 154.528000 67
155.296000 155.392000 67
156.064000 156.224000 70
156.384000 156.448000 70
157.056000 157.184000 65
159.840000 159.904000 64
159.904000 160.128000 68
160.128000 160.736000 65
161.728000 162.144000 68
162.144000 162.656000 65
162.656000 163.008000 68
163.136000 163.552000 65
163.552000 164.704000 67
167.392000 168.352000 65
169.216000 169.664000 68
169.664000 170.976000 65
171.104000 172.032000 67
174.880000 175.264000 67
175.264000 175.744000 65
176.768000 176.864000 67
176.960000 177.184000 67
177.184000 178.592000 65
178.592000 179.520000 67
182.336000 182.752000 67
182.752000 183.328000 65
184.192000 184.672000 67
184.672000 185.120000 65
185.120000 186.976000 67
