1.376000 1.536000 58
2.080000 2.528000 54
4.096000 4.736000 55
4.992000 5.344000 55
5.440000 5.984000 57
6.688000 6.976000 56
7.072000 7.360000 55
9.056000 9.216000 55
10.016000 10.176000 56
10.528000 10.656000 57
11.808000 12.128000 56
23.680000 24.480000 54
24.608000 24.768000 54
24.896000 25.696000 52
25.824000 26.048000 52
26.208000 26.592000 51
26.720000 26.976000 50
27.232000 27.808000 54
33.440000 33.568000 45
33.568000 33.632000 48
33.632000 33.792000 52
33.920000 34.464000 54
34.560000 34.784000 54
34.880000 35.104000 53
35.232000 35.392000 52
35.552000 35.744000 52
35.872000 36.576000 51
37.088000 37.984000 54
41.120000 41.184000 45
41.184000 41.344000 46
41.440000 41.632000 49
41.760000 41.920000 50
42.784000 43.392000 58
43.936000 44.128000 47
44.256000 44.480000 49
44.704000 45.216000 49
45.856000 45.920000 47
45.920000 46.464000 49
46.464000 46.944000 51
47.104000 47.648000 59
47.744000 48.448000 57
48.704000 49.120000 56
49.280000 49.472000 49
49.632000 50.144000 51
50.304000 50.880000 50
51.840000 52.320000 54
52.480000 52.864000 55
52.960000 53.248000 55
53.344000 53.760000 54
54.016000 54.432000 53
54.560000 55.040000 52
55.808000 56.032000 45
56.032000 56.096000 46
56.096000 56.128000 47
56.128000 56.192000 49
56.192000 56.960000 52
57.056000 57.664000 54
57.824000 59.008000 54
63.296000 63.328000 45
63.328000 63.360000 45
63.360000 63.392000 45
63.392000 63.424000 45
63.424000 63.456000 45
63.648000 64.736000 54
64.896000 66.464000 52
66.624000 66.816000 50
67.136000 67.872000 54
73.280000 73.472000 45
73.600000 73.824000 52
74.016000 74.496000 54
74.592000 75.424000 53
75.520000 76.064000 52
76.064000 76.480000 46
76.576000 77.088000 54
77.216000 78.048000 54
81.184000 81.248000 45
81.248000 81.664000 48
81.760000 81.952000 50
82.144000 82.272000 48
82.400000 82.592000 49
82.816000 83.520000 58
84.000000 84.128000 46
84.384000 85.216000 49
85.504000 86.944000 49
87.040000 87.552000 59
87.680000 88.160000 57
88.256000 88.480000 57
88.736000 89.120000 57
89.280000 89.440000 49
89.664000 89.888000 49
89.888000 90.144000 52
90.368000 90.976000 50
91.744000 92.928000 54
93.024000 93.376000 53
93.472000 93.824000 48
93.952000 94.496000 50
94.592000 95.104000 49
95.840000 96.000000 45
96.128000 96.416000 52
96.512000 97.632000 52
97.856000 98.592000 50
100.736000 100.960000 49
101.120000 101.184000 60
101.184000 101.408000 62
101.408000 102.016000 64
102.176000 102.688000 59
102.688000 103.456000 64
103.872000 104.480000 64
104.640000 105.184000 59
105.184000 105.504000 64
105.760000 105.984000 64
106.112000 107.776000 62
107.936000 109.120000 63
109.216000 109.472000 57
109.600000 110.080000 63
110.208000 110.464000 62
110.784000 112.256000 61
112.384000 112.704000 55
112.704000 114.400000 62
114.528000 114.720000 61
114.880000 115.680000 57
116.064000 116.320000 57
116.480000 116.864000 57
117.344000 117.824000 63
117.952000 118.208000 57
118.304000 118.784000 64
118.912000 119.424000 67
119.520000 120.448000 66
121.024000 121.280000 62
121.408000 121.952000 64
122.112000 122.688000 59
122.688000 123.424000 64
123.840000 124.160000 64
124.160000 124.384000 66
124.576000 125.152000 59
125.152000 125.504000 64
125.760000 125.984000 64
126.112000 126.624000 62
126.752000 126.912000 61
127.040000 127.840000 62
127.936000 128.160000 64
128.320000 129.120000 63
129.280000 129.536000 57
129.536000 130.080000 62
130.208000 130.464000 62
130.752000 131.040000 62
131.168000 132.256000 61
132.416000 132.864000 58
133.152000 133.824000 55
134.880000 135.392000 62
135.552000 136.256000 60
136.480000 139.328000 62
154.592000 154.784000 62
156.928000 157.024000 62
157.120000 157.248000 62
159.232000 159.488000 59
159.584000 159.712000 54
161.728000 162.240000 45
163.296000 163.584000 45
163.584000 164.768000 54
164.864000 165.088000 53
165.184000 165.408000 52
165.504000 165.984000 52
166.144000 166.496000 51
166.624000 166.880000 50
167.104000 167.904000 54
173.280000 173.472000 45
173.632000 173.824000 52
173.984000 174.144000 54
174.272000 174.752000 54
174.912000 175.232000 53
175.424000 175.680000 52
175.840000 176.064000 52
176.480000 176.960000 54
177.120000 178.144000 54
181.216000 181.952000 49
182.112000 182.528000 47
182.688000 183.040000 57
183.040000 183.264000 59
183.648000 184.000000 47
184.192000 185.664000 49
186.048000 186.656000 49
186.752000 186.944000 52
187.072000 187.776000 59
187.776000 188.128000 57
188.256000 189.088000 56
189.280000 189.792000 49
189.792000 190.080000 51
190.208000 190.912000 50
191.488000 191.808000 52
192.064000 192.224000 54
192.384000 192.800000 55
192.992000 193.824000 55
193.888000 194.752000 55
194.880000 195.328000 53
195.456000 195.744000 52
195.904000 196.320000 45
196.320000 196.352000 46
196.352000 196.416000 48
196.416000 196.448000 50
196.448000 197.312000 53
197.312000 199.104000 50
199.232000 199.840000 52
200.800000 200.992000 54
201.088000 201.152000 58
201.152000 201.408000 62
201.408000 201.984000 64
202.112000 202.688000 59
202.688000 203.584000 64
203.648000 203.712000 64
203.776000 203.808000 64
203.872000 204.448000 64
204.544000 205.152000 59
205.152000 205.536000 64
205.728000 205.952000 64
206.112000 207.232000 62
207.392000 208.128000 63
208.256000 209.152000 63
209.248000 209.408000 57
209.600000 210.112000 63
210.208000 210.560000 62
210.688000 211.040000 62
211.136000 212.064000 61
212.064000 212.608000 59
212.704000 212.864000 55
213.056000 213.856000 62
214.528000 214.688000 57
214.880000 215.328000 56
215.552000 216.160000 63
216.384000 216.448000 60
216.448000 217.184000 63
217.344000 217.440000 66
217.440000 217.856000 64
217.856000 218.176000 57
218.272000 218.720000 64
218.880000 219.392000 67
219.520000 220.448000 66
220.640000 220.800000 54
220.800000 221.088000 56
221.088000 221.984000 64
222.112000 222.688000 59
222.688000 224.416000 64
224.576000 225.184000 59
225.184000 225.984000 64
226.112000 226.624000 63
226.720000 227.264000 61
227.264000 227.392000 60
227.392000 227.648000 62
227.648000 228.256000 64
228.256000 228.800000 63
228.800000 229.568000 57
229.568000 230.560000 62
231.072000 232.160000 61
232.384000 232.544000 59
232.544000 233.824000 55
234.528000 234.784000 61
234.816000 235.136000 61
235.136000 235.744000 63
235.840000 235.904000 62
235.904000 236.576000 65
237.120000 240.960000 62
243.008000 244.032000 53
244.160000 244.352000 54
244.576000 245.024000 53
245.184000 245.568000 52
245.760000 245.952000 51
246.592000 247.008000 55
247.200000 247.776000 54
253.344000 254.144000 54
254.272000 254.496000 54
254.592000 254.816000 54
254.912000 255.840000 52
255.968000 256.160000 46
256.480000 256.960000 54
257.184000 257.728000 54
261.184000 261.248000 46
261.248000 261.632000 48
261.920000 262.560000 48
262.784000 262.848000 55
262.848000 263.360000 58
263.968000 264.576000 47
264.768000 265.312000 49
266.144000 266.336000 48
266.432000 266.656000 50
266.784000 266.976000 52
267.168000 267.648000 60
267.744000 268.224000 57
268.352000 268.576000 57
268.672000 269.152000 56
269.408000 270.720000 50
272.480000 272.864000 54
273.152000 274.016000 55
274.272000 275.488000 52
276.352000 276.928000 52
277.184000 277.600000 53
277.952000 278.464000 52
278.720000 279.616000 50
282.400000 283.040000 55
283.360000 283.968000 54
285.024000 285.568000 52
286.496000 286.784000 45
287.008000 287.392000 45
287.648000 288.544000 52
288.736000 289.344000 53
290.816000 291.488000 51
