19.616000 19.680000 54
19.680000 20.000000 56
20.096000 20.448000 57
20.576000 21.152000 58
21.536000 21.952000 52
22.048000 22.848000 53
23.232000 23.648000 56
23.744000 24.096000 58
24.096000 24.448000 56
24.448000 25.088000 58
25.248000 25.824000 51
25.920000 26.144000 54
26.272000 26.720000 53
27.104000 27.520000 56
27.616000 28.192000 58
28.320000 28.960000 58
29.312000 31.168000 53
31.744000 32.928000 51
35.040000 36.736000 57
36.928000 38.304000 53
38.688000 39.808000 57
39.904000 40.160000 60
40.160000 40.576000 58
40.928000 41.312000 52
41.408000 41.664000 54
41.760000 42.208000 53
42.624000 42.784000 56
42.880000 43.712000 57
43.808000 44.416000 58
44.800000 45.856000 53
45.984000 48.544000 54
48.864000 49.440000 54
49.568000 49.760000 54
49.760000 50.240000 52
50.336000 50.432000 50
50.592000 50.944000 52
51.040000 52.832000 53
53.952000 54.176000 61
54.176000 54.400000 63
54.400000 55.616000 64
55.616000 55.776000 68
55.776000 57.632000 65
57.632000 58.656000 62
58.752000 60.864000 63
61.440000 61.504000 56
61.504000 61.920000 58
61.920000 63.072000 60
63.072000 64.032000 63
64.576000 64.768000 61
64.768000 65.664000 58
66.048000 67.296000 57
67.296000 67.616000 61
67.744000 68.480000 65
68.928000 69.376000 61
69.376000 69.888000 63
69.888000 72.896000 65
73.280000 75.040000 63
75.232000 76.288000 63
76.928000 77.312000 58
77.408000 78.592000 60
78.592000 78.880000 61
78.880000 79.712000 63
80.640000 81.312000 61
81.440000 82.784000 58
89.600000 89.696000 64
90.080000 90.432000 64
95.136000 96.000000 60
97.056000 97.888000 57
97.984000 98.592000 58
98.976000 99.616000 53
99.744000 100.288000 53
100.864000 101.728000 57
101.824000 102.048000 60
102.048000 102.464000 57
102.784000 103.200000 52
103.296000 103.488000 53
103.648000 104.160000 53
104.512000 105.120000 56
105.216000 105.600000 57
105.696000 106.368000 58
106.688000 107.872000 53
107.968000 108.608000 54
109.088000 110.208000 51
112.448000 112.512000 54
112.512000 113.344000 57
113.440000 113.632000 58
113.728000 114.080000 58
114.400000 114.560000 52
114.656000 115.712000 53
116.064000 116.512000 56
116.512000 117.984000 58
118.208000 118.528000 51
118.528000 118.976000 53
119.040000 119.552000 53
119.968000 120.416000 56
120.416000 120.864000 58
120.960000 121.824000 58
122.208000 122.816000 53
122.912000 123.264000 53
123.392000 124.000000 55
124.128000 125.888000 54
126.272000 126.432000 55
126.528000 126.880000 53
126.976000 127.392000 53
127.392000 127.616000 51
127.840000 127.904000 49
127.904000 128.352000 51
128.448000 129.856000 53
129.984000 130.336000 53
131.392000 131.552000 61
131.552000 131.840000 63
131.840000 135.136000 65
135.136000 136.576000 63
136.672000 138.208000 63
138.848000 138.912000 56
138.912000 139.360000 58
139.360000 140.064000 60
140.064000 140.800000 61
140.800000 141.472000 63
141.984000 142.656000 60
142.752000 143.072000 58
143.456000 144.704000 57
144.704000 145.056000 61
145.184000 145.888000 65
146.336000 146.816000 61
146.816000 147.328000 63
147.328000 150.336000 65
150.688000 152.448000 63
152.672000 152.928000 61
152.928000 153.760000 63
154.304000 154.720000 58
154.816000 156.032000 60
156.032000 156.288000 61
156.288000 157.088000 63
157.920000 164.448000 65
164.608000 164.704000 65
181.216000 181.600000 61
181.696000 182.144000 63
182.144000 185.280000 65
185.376000 185.472000 62
185.600000 185.696000 61
185.792000 185.920000 63
186.016000 186.880000 63
187.040000 187.424000 62
187.520000 188.672000 63
189.440000 189.568000 58
189.664000 189.792000 60
189.888000 191.104000 61
191.104000 191.872000 64
192.256000 192.896000 60
193.056000 193.280000 58
193.472000 194.400000 57
194.496000 194.688000 56
194.688000 194.944000 58
195.040000 195.392000 61
195.488000 196.256000 65
196.672000 197.216000 61
197.216000 198.848000 64
198.848000 200.608000 65
201.024000 201.120000 61
201.248000 202.848000 63
203.040000 203.104000 61
203.232000 204.128000 63
204.672000 205.024000 58
205.120000 206.592000 61
206.816000 207.616000 63
208.448000 209.152000 61
209.440000 211.232000 58
