20.448000 21.280000 67
21.440000 21.824000 69
21.984000 22.144000 67
22.368000 22.688000 65
22.688000 23.008000 60
23.168000 23.808000 64
24.640000 24.928000 62
25.088000 25.376000 57
26.528000 27.360000 67
27.488000 27.968000 68
28.096000 28.448000 67
28.448000 28.896000 64
28.896000 29.152000 60
29.280000 29.504000 65
29.632000 30.112000 64
30.912000 31.360000 63
31.904000 32.096000 60
32.096000 32.320000 62
32.320000 32.608000 65
32.736000 32.992000 69
33.120000 33.600000 67
33.760000 33.952000 63
34.208000 34.368000 67
35.424000 35.552000 62
35.552000 35.712000 65
35.808000 36.064000 69
36.160000 36.704000 67
36.928000 37.216000 65
37.312000 37.728000 67
41.952000 42.240000 66
42.368000 42.880000 67
43.040000 43.168000 67
43.168000 43.360000 69
43.552000 43.872000 67
43.872000 44.320000 64
44.320000 44.512000 61
44.672000 44.928000 65
45.056000 45.536000 64
46.176000 46.368000 62
46.368000 47.072000 57
48.096000 48.960000 67
49.088000 49.376000 69
49.600000 49.888000 67
50.016000 50.368000 65
50.368000 50.688000 60
50.784000 51.040000 65
51.168000 51.616000 64
52.288000 52.640000 64
52.800000 52.992000 62
53.472000 53.632000 60
53.632000 53.856000 62
53.856000 54.080000 65
54.304000 54.624000 68
54.720000 54.816000 67
55.040000 55.488000 66
55.744000 56.096000 67
56.960000 57.088000 62
57.088000 57.248000 65
57.344000 58.176000 67
58.400000 58.496000 65
58.688000 59.488000 67
61.984000 62.592000 69
62.720000 63.008000 68
63.008000 64.256000 65
65.024000 65.312000 64
65.408000 65.696000 67
65.696000 65.824000 70
65.824000 67.328000 62
68.128000 68.352000 65
68.480000 68.800000 67
68.800000 68.896000 69
68.896000 69.312000 65
69.312000 70.400000 62
71.136000 72.608000 64
72.608000 73.824000 67
74.240000 74.944000 69
75.040000 75.232000 68
75.232000 76.544000 65
77.312000 77.440000 63
77.440000 78.688000 65
78.688000 79.616000 62
80.384000 80.448000 61
80.448000 81.088000 65
81.184000 81.664000 65
81.664000 82.720000 62
83.488000 83.712000 63
83.712000 86.080000 65
86.464000 90.496000 65
94.208000 95.072000 67
95.232000 96.256000 67
96.256000 96.480000 65
96.608000 96.928000 60
96.928000 98.048000 64
98.464000 98.688000 62
98.688000 99.616000 57
100.320000 101.216000 67
101.344000 101.824000 68
101.920000 102.144000 67
102.144000 102.688000 65
102.688000 103.360000 61
103.456000 105.376000 64
105.728000 105.856000 60
105.856000 106.144000 62
106.144000 106.400000 65
106.496000 106.656000 68
106.656000 107.296000 69
107.296000 107.776000 66
107.904000 108.640000 67
109.216000 109.408000 63
109.408000 109.504000 65
109.600000 109.856000 69
109.952000 110.496000 67
110.656000 110.816000 65
110.944000 112.640000 67
114.240000 114.912000 69
115.008000 115.296000 68
115.296000 116.480000 65
117.280000 117.344000 62
117.344000 117.600000 65
117.728000 118.080000 67
118.080000 118.656000 64
118.752000 119.616000 62
120.384000 120.608000 65
120.800000 121.088000 67
121.088000 121.184000 69
121.184000 121.568000 65
121.568000 122.688000 62
123.456000 123.520000 62
123.520000 123.616000 63
123.616000 124.192000 64
124.192000 126.176000 66
126.560000 127.200000 69
127.296000 127.552000 68
127.552000 128.768000 65
129.568000 129.920000 64
129.920000 130.016000 70
130.016000 130.720000 65
130.784000 131.840000 62
132.640000 132.704000 62
132.704000 132.800000 63
132.800000 133.984000 65
133.984000 135.008000 62
135.744000 137.344000 64
137.408000 138.496000 67
138.784000 143.488000 65
153.408000 156.992000 69
157.312000 158.016000 67
158.112000 159.968000 69
160.384000 161.920000 68
161.920000 162.944000 65
163.872000 164.672000 67
164.672000 165.152000 74
165.760000 169.312000 69
169.632000 170.368000 67
170.400000 171.104000 70
171.200000 172.128000 69
172.704000 173.536000 69
173.536000 174.144000 72
174.272000 176.992000 65
177.312000 180.576000 69
181.952000 182.624000 71
182.688000 183.104000 70
183.104000 184.704000 67
185.056000 185.312000 67
185.408000 185.824000 69
185.824000 186.368000 66
186.464000 187.328000 64
188.064000 188.320000 67
188.448000 188.608000 69
188.736000 188.896000 72
188.896000 189.280000 67
189.280000 190.368000 64
191.136000 191.232000 69
191.232000 191.936000 66
191.936000 193.664000 68
194.048000 194.912000 71
195.008000 195.328000 70
195.328000 195.712000 67
195.744000 196.608000 67
196.704000 196.800000 67
197.312000 198.912000 67
198.912000 199.552000 64
200.384000 200.512000 65
200.512000 201.056000 67
201.152000 201.728000 67
201.856000 202.688000 64
203.488000 205.024000 66
205.088000 206.400000 69
206.560000 207.104000 66
207.200000 207.296000 66
207.424000 210.048000 67
210.112000 210.304000 67
210.400000 210.816000 67
210.816000 212.192000 73
212.192000 212.896000 71
213.472000 213.856000 67
213.856000 214.016000 72
214.016000 215.040000 74
215.040000 215.872000 71
216.544000 216.928000 67
217.088000 219.392000 74
219.648000 220.032000 67
220.032000 220.256000 72
220.352000 220.608000 73
220.608000 221.184000 74
221.184000 222.112000 71
222.752000 223.104000 67
223.104000 223.264000 72
223.264000 224.288000 74
224.288000 225.216000 71
225.856000 226.112000 67
226.208000 226.336000 72
226.336000 227.328000 74
227.328000 228.256000 71
228.896000 229.248000 67
229.248000 231.360000 74
231.584000 231.680000 74
232.000000 232.320000 67
232.320000 233.952000 73
233.952000 234.592000 71
235.040000 235.200000 67
235.424000 235.552000 72
235.552000 236.544000 74
236.544000 237.632000 71
238.112000 238.336000 67
238.464000 238.528000 68
238.528000 238.624000 72
238.624000 239.616000 74
239.616000 240.736000 71
241.184000 241.376000 67
241.568000 244.288000 74
