11.520000 11.744000 62
38.848000 40.896000 57
41.056000 42.240000 54
42.368000 42.560000 54
42.656000 42.848000 53
43.584000 43.936000 52
44.288000 44.608000 61
44.608000 44.768000 64
44.768000 45.504000 62
45.504000 47.232000 59
47.904000 49.760000 61
49.952000 50.304000 59
50.368000 50.656000 60
50.784000 51.200000 55
51.360000 51.840000 53
52.352000 52.832000 54
52.896000 53.664000 54
54.048000 54.304000 54
54.304000 54.528000 56
54.624000 54.784000 57
54.784000 55.968000 55
56.640000 57.024000 56
57.120000 57.312000 57
57.440000 57.664000 57
57.664000 58.016000 59
58.016000 58.464000 56
58.848000 60.064000 54
60.160000 60.416000 54
60.416000 60.832000 52
61.216000 61.888000 52
62.080000 62.336000 61
62.336000 62.528000 64
62.688000 63.232000 63
63.232000 63.648000 59
63.712000 65.152000 59
65.760000 66.464000 61
66.592000 67.392000 61
67.744000 68.448000 59
68.576000 68.928000 55
69.088000 69.216000 54
69.312000 69.344000 52
70.176000 70.336000 52
70.464000 71.456000 54
71.552000 72.064000 57
72.928000 73.696000 56
73.824000 74.016000 52
74.400000 75.648000 54
77.408000 77.472000 57
77.472000 77.664000 59
77.664000 77.920000 61
77.920000 78.144000 64
78.240000 79.456000 68
79.904000 80.064000 61
80.064000 80.352000 64
80.448000 80.800000 64
80.800000 81.216000 60
81.888000 82.016000 55
82.112000 82.560000 59
82.720000 83.072000 61
83.072000 83.712000 64
83.808000 84.000000 59
84.160000 84.224000 58
84.352000 84.512000 59
84.896000 85.344000 56
86.336000 87.040000 54
87.168000 87.680000 52
88.256000 89.120000 62
89.120000 89.568000 59
89.568000 89.856000 56
89.952000 90.208000 56
91.008000 91.296000 50
91.296000 92.192000 54
92.448000 92.608000 54
92.704000 92.928000 52
93.024000 93.120000 50
93.312000 93.408000 52
93.536000 94.528000 54
95.264000 95.360000 61
95.520000 95.648000 61
95.744000 95.904000 64
96.032000 96.352000 65
96.608000 96.640000 68
96.736000 97.152000 68
97.248000 97.408000 68
97.728000 98.080000 62
98.592000 98.752000 61
99.296000 99.584000 56
99.680000 99.840000 56
99.936000 100.480000 59
100.480000 101.504000 62
101.600000 101.760000 59
101.856000 102.400000 59
102.560000 102.688000 60
102.816000 103.008000 61
103.168000 103.648000 61
104.160000 104.576000 55
104.672000 104.832000 54
104.960000 105.376000 52
106.080000 106.144000 61
106.144000 106.464000 64
106.560000 106.912000 61
106.912000 107.424000 59
107.424000 107.648000 56
107.744000 107.904000 56
108.672000 108.768000 47
108.768000 109.088000 49
109.088000 109.888000 54
110.016000 110.144000 55
110.240000 110.432000 54
110.528000 110.720000 51
110.848000 110.976000 49
111.104000 111.296000 52
111.360000 112.992000 52
134.464000 136.288000 57
136.384000 136.576000 55
136.704000 137.952000 54
138.048000 138.592000 52
139.104000 139.776000 52
139.968000 140.192000 61
140.192000 140.384000 64
140.544000 140.768000 61
140.768000 141.056000 63
141.056000 141.440000 59
141.600000 142.912000 59
143.584000 144.320000 61
144.448000 145.216000 61
145.600000 146.240000 59
146.240000 146.784000 55
146.912000 147.392000 53
148.000000 148.192000 52
148.320000 149.312000 54
149.408000 149.920000 57
150.784000 151.520000 56
151.680000 153.280000 54
155.296000 155.520000 59
155.520000 155.776000 61
155.776000 155.968000 64
156.064000 156.288000 66
156.384000 156.480000 65
156.480000 157.280000 68
157.312000 157.344000 63
158.016000 158.208000 64
158.304000 158.528000 64
158.528000 158.784000 62
158.880000 159.072000 59
159.232000 159.328000 59
159.968000 160.480000 59
160.480000 160.960000 61
160.960000 161.472000 64
161.632000 161.824000 59
161.920000 162.400000 59
162.496000 162.784000 60
162.784000 163.456000 56
164.224000 164.864000 54
165.120000 165.472000 52
166.112000 166.368000 63
166.464000 166.560000 62
166.656000 166.944000 61
166.944000 167.424000 59
167.520000 167.680000 56
167.744000 168.032000 56
168.864000 169.088000 49
169.088000 169.952000 54
170.272000 170.464000 55
170.560000 170.752000 51
170.848000 170.976000 49
171.136000 171.488000 53
171.584000 172.480000 54
173.184000 173.344000 59
173.344000 173.568000 61
173.568000 173.888000 64
173.888000 175.424000 68
175.552000 175.936000 67
175.968000 176.000000 68
176.096000 177.024000 66
177.056000 177.120000 66
177.536000 177.696000 68
177.792000 178.176000 66
178.464000 178.592000 61
178.752000 179.136000 64
179.136000 179.328000 61
179.424000 180.320000 59
180.352000 180.544000 60
182.112000 182.400000 54
182.496000 182.688000 54
182.816000 183.232000 52
183.968000 184.192000 63
184.480000 184.736000 61
184.736000 185.248000 59
185.312000 185.856000 56
186.464000 186.592000 51
186.720000 186.912000 49
186.912000 187.104000 51
187.200000 187.968000 54
188.096000 188.256000 55
188.352000 188.576000 51
188.672000 188.800000 49
188.928000 190.272000 52
190.912000 191.040000 59
191.136000 191.392000 61
191.392000 191.552000 64
191.648000 193.280000 68
193.376000 193.664000 66
193.728000 195.072000 66
195.360000 195.488000 68
195.584000 195.968000 66
196.288000 196.480000 61
196.480000 196.736000 66
196.736000 197.120000 61
197.184000 198.080000 59
198.112000 199.200000 56
199.840000 200.480000 54
200.640000 200.960000 52
201.792000 202.048000 64
202.176000 202.688000 61
202.688000 203.072000 59
203.072000 203.840000 56
204.448000 204.704000 49
204.704000 204.928000 51
205.024000 205.792000 54
205.888000 206.048000 54
206.144000 206.304000 52
206.432000 206.592000 49
207.008000 208.320000 54
209.088000 209.440000 64
209.440000 210.080000 66
210.208000 210.592000 68
210.848000 211.840000 68
212.224000 213.248000 66
213.376000 214.144000 59
214.272000 214.400000 66
214.400000 214.496000 67
214.496000 214.720000 64
214.720000 214.912000 61
215.008000 215.488000 59
215.520000 216.096000 59
216.256000 217.088000 55
217.600000 218.304000 54
218.400000 218.688000 51
219.552000 220.032000 63
220.032000 220.832000 60
220.960000 221.440000 56
222.272000 222.464000 49
222.464000 222.528000 50
222.528000 223.264000 54
223.360000 223.584000 56
223.616000 223.808000 55
223.936000 224.128000 51
224.256000 224.352000 49
224.512000 224.832000 51
224.992000 225.824000 52
226.528000 226.624000 59
226.752000 226.880000 61
226.976000 227.200000 64
227.200000 228.480000 67
228.736000 229.600000 68
230.080000 231.040000 66
231.136000 231.520000 66
231.968000 232.032000 61
232.032000 232.352000 66
232.352000 232.736000 62
232.832000 233.632000 59
233.760000 234.976000 56
235.360000 235.776000 55
235.872000 236.064000 54
236.160000 236.672000 52
236.768000 236.864000 52
237.376000 237.440000 61
237.440000 237.536000 64
237.536000 237.824000 63
237.824000 238.592000 60
238.720000 239.456000 56
240.064000 240.288000 49
240.288000 241.376000 54
241.472000 241.632000 54
241.728000 241.952000 52
242.048000 242.176000 49
242.336000 243.328000 54
243.424000 243.456000 54
243.616000 243.776000 54
244.544000 244.768000 61
244.768000 245.312000 65
245.472000 245.504000 67
245.536000 247.008000 67
247.200000 247.232000 63
247.520000 247.840000 64
247.872000 247.936000 65
247.968000 248.832000 66
249.184000 249.472000 59
249.664000 249.888000 61
249.888000 250.112000 66
250.112000 250.272000 64
250.272000 250.816000 61
250.880000 251.680000 59
251.808000 252.384000 56
252.416000 252.640000 54
253.152000 253.856000 54
253.952000 254.624000 52
255.200000 255.456000 64
255.648000 256.032000 61
256.032000 256.160000 60
256.160000 257.184000 56
257.824000 258.080000 49
258.080000 258.144000 51
258.144000 259.168000 54
259.264000 259.424000 54
259.520000 259.744000 51
259.840000 259.936000 49
260.128000 260.352000 52
260.384000 261.728000 52
261.888000 261.984000 56
262.368000 262.592000 61
262.592000 264.064000 67
264.832000 265.312000 64
265.600000 265.984000 59
266.752000 267.072000 58
267.392000 267.648000 61
