3.968000 4.384000 75
4.480000 5.184000 76
5.184000 5.632000 73
6.400000 6.592000 76
6.592000 7.712000 74
7.712000 9.152000 76
15.840000 16.192000 69
16.480000 16.768000 67
17.344000 17.440000 63
18.368000 18.880000 62
19.200000 19.392000 63
19.424000 19.616000 68
20.608000 20.736000 71
21.920000 22.240000 70
22.880000 23.360000 69
24.256000 24.352000 69
25.376000 25.504000 76
25.728000 26.048000 71
28.128000 28.384000 60
28.512000 28.800000 59
29.024000 29.248000 57
29.344000 29.984000 59
30.144000 30.656000 57
30.848000 31.328000 57
31.456000 31.648000 57
31.744000 31.936000 59
32.064000 32.416000 59
32.512000 32.672000 57
32.832000 33.152000 58
33.280000 33.504000 57
33.728000 34.080000 57
34.176000 34.368000 59
34.464000 34.752000 59
35.072000 35.232000 57
35.392000 35.552000 59
35.552000 37.120000 57
37.344000 37.888000 59
38.080000 38.368000 62
38.656000 38.848000 58
38.944000 39.136000 59
39.264000 39.552000 58
39.712000 39.808000 57
40.160000 40.320000 59
40.480000 40.896000 57
41.152000 41.920000 58
42.144000 42.304000 57
42.400000 43.072000 58
43.424000 43.680000 57
43.776000 44.128000 59
44.224000 44.384000 59
44.672000 45.760000 58
45.888000 46.336000 56
46.464000 47.232000 57
47.648000 47.808000 60
47.968000 48.160000 60
48.160000 48.288000 58
48.576000 48.704000 59
48.864000 48.960000 57
49.056000 49.184000 59
49.344000 49.440000 57
50.112000 50.528000 57
50.976000 51.072000 59
51.392000 51.552000 59
51.712000 51.904000 57
52.000000 52.192000 57
52.480000 52.768000 57
53.056000 53.568000 58
53.664000 53.984000 58
54.528000 54.912000 59
54.944000 55.008000 58
55.040000 55.104000 58
55.168000 55.584000 56
55.744000 55.904000 55
56.064000 56.224000 57
56.512000 56.672000 59
56.800000 56.960000 59
56.960000 57.120000 62
57.248000 57.536000 62
57.856000 58.048000 57
58.176000 59.488000 58
59.680000 59.936000 57
60.864000 61.184000 58
61.312000 61.472000 57
61.568000 61.888000 58
62.336000 62.560000 55
62.688000 62.784000 57
63.104000 63.200000 54
63.360000 63.584000 59
63.840000 64.064000 57
64.160000 64.288000 56
64.480000 64.736000 58
65.056000 65.248000 64
65.376000 65.472000 62
65.600000 66.048000 63
66.144000 66.528000 64
66.528000 67.520000 66
67.552000 67.584000 62
67.744000 68.000000 64
68.096000 70.240000 67
70.496000 70.912000 71
71.072000 72.032000 68
72.256000 72.736000 65
72.864000 74.400000 66
74.560000 75.104000 64
75.104000 75.200000 67
75.200000 76.128000 69
76.128000 76.832000 74
77.056000 77.248000 64
77.280000 77.568000 64
77.568000 77.760000 65
77.760000 79.520000 67
79.712000 79.744000 67
80.032000 80.288000 69
80.288000 80.512000 71
80.512000 81.632000 67
81.632000 81.696000 65
81.888000 82.656000 64
82.752000 83.200000 66
83.200000 84.608000 67
84.864000 85.376000 62
85.408000 85.472000 64
85.472000 86.528000 69
86.976000 87.168000 67
87.264000 87.808000 67
88.064000 88.320000 67
88.512000 88.768000 67
88.960000 89.344000 66
89.344000 89.824000 69
89.952000 90.080000 62
90.080000 90.272000 60
90.400000 90.528000 59
90.848000 91.136000 64
91.552000 92.064000 67
92.064000 92.352000 69
92.448000 94.048000 66
94.176000 94.272000 71
94.432000 94.624000 69
94.752000 94.848000 74
94.848000 95.360000 70
96.512000 97.696000 67
97.792000 99.136000 67
99.296000 99.520000 69
99.520000 99.712000 74
100.064000 100.128000 72
100.128000 100.352000 76
101.120000 101.216000 67
101.344000 102.464000 67
102.592000 103.232000 66
103.328000 103.712000 64
103.712000 103.936000 59
104.064000 104.448000 62
104.448000 104.640000 59
104.896000 105.088000 57
105.248000 105.888000 63
110.848000 111.072000 58
111.232000 111.552000 59
112.800000 112.960000 67
113.408000 113.952000 64
115.168000 115.328000 69
115.424000 115.648000 71
115.648000 116.000000 76
125.312000 125.504000 59
125.632000 125.952000 59
126.112000 126.240000 57
126.400000 126.688000 58
126.848000 127.200000 57
127.488000 127.648000 58
127.776000 127.968000 59
128.096000 128.448000 59
128.544000 128.640000 58
128.896000 129.120000 58
129.728000 129.824000 57
129.920000 130.080000 57
130.176000 130.336000 59
130.464000 130.816000 59
131.104000 131.296000 57
131.360000 131.808000 58
132.224000 132.480000 57
132.576000 133.056000 56
133.344000 133.472000 59
133.568000 133.856000 60
134.080000 134.368000 62
134.624000 135.136000 58
135.264000 135.584000 58
135.712000 135.904000 57
136.000000 136.256000 58
136.480000 136.768000 57
136.992000 138.048000 58
138.144000 138.240000 58
138.400000 139.136000 58
139.488000 140.448000 58
140.704000 141.472000 58
141.888000 142.368000 57
142.464000 142.688000 57
142.784000 142.944000 56
142.944000 143.296000 59
143.968000 144.096000 60
144.096000 144.448000 58
144.576000 144.960000 58
145.056000 145.184000 59
145.344000 145.440000 57
146.080000 146.496000 57
146.688000 146.816000 57
146.944000 147.072000 59
147.328000 147.552000 59
147.744000 147.904000 57
148.000000 148.128000 57
148.512000 148.864000 57
149.056000 149.280000 57
149.376000 149.984000 58
150.304000 150.432000 57
150.560000 150.752000 59
150.752000 151.392000 58
151.744000 151.968000 55
152.064000 152.224000 57
152.480000 152.960000 59
152.960000 153.120000 62
153.280000 153.536000 62
153.920000 154.048000 58
154.144000 154.848000 59
154.976000 155.072000 58
155.392000 155.488000 59
155.648000 155.904000 57
156.000000 156.128000 57
156.288000 156.384000 57
156.576000 156.832000 59
157.056000 157.824000 58
158.208000 158.304000 63
159.360000 159.520000 59
159.872000 160.000000 57
160.544000 160.800000 59
161.024000 161.216000 64
161.344000 162.016000 63
162.144000 162.528000 64
162.528000 163.296000 66
163.296000 163.968000 64
164.096000 164.960000 66
164.992000 165.344000 67
165.344000 165.856000 69
165.984000 166.336000 67
166.464000 166.784000 70
167.072000 167.744000 69
168.256000 168.736000 65
168.864000 171.040000 66
171.200000 172.160000 69
172.160000 172.864000 74
173.088000 173.248000 65
173.344000 173.600000 64
173.600000 173.760000 65
173.760000 175.520000 67
175.712000 175.776000 67
176.032000 176.288000 69
176.288000 176.512000 71
176.640000 177.664000 68
177.888000 178.400000 64
178.496000 178.656000 66
178.752000 180.640000 66
180.832000 180.896000 70
180.896000 181.024000 72
181.024000 181.280000 74
181.280000 181.600000 69
181.600000 181.952000 71
181.952000 182.624000 67
182.976000 183.168000 67
183.264000 183.808000 68
184.096000 184.320000 68
184.448000 185.536000 67
185.952000 186.304000 60
186.400000 186.688000 58
186.848000 187.136000 64
187.552000 188.064000 67
188.064000 188.352000 69
188.448000 189.696000 66
189.728000 190.048000 67
190.144000 190.336000 71
190.432000 190.624000 69
190.752000 191.104000 71
192.512000 193.696000 67
193.792000 195.136000 67
195.232000 195.424000 69
195.552000 195.680000 72
197.088000 197.216000 67
197.344000 198.464000 67
198.592000 199.232000 66
199.328000 199.744000 64
199.744000 199.904000 59
200.288000 200.512000 61
200.512000 200.640000 59
200.800000 201.088000 58
201.248000 201.824000 63
202.144000 202.464000 59
203.040000 203.520000 57
206.400000 206.528000 69
207.232000 207.328000 71
207.808000 207.904000 69
208.192000 208.288000 70
208.736000 209.152000 67
209.344000 209.792000 64
209.888000 209.984000 64
210.560000 211.136000 64
211.424000 211.520000 71
212.352000 212.640000 67
212.992000 213.152000 69
213.152000 213.504000 71
213.824000 214.048000 76
