46.080000 46.944000 57
47.136000 47.584000 54
48.352000 49.408000 56
49.504000 50.176000 56
50.496000 51.168000 53
51.264000 51.904000 52
54.208000 54.432000 57
54.432000 54.656000 59
54.656000 55.072000 61
55.232000 55.648000 56
55.776000 56.576000 54
56.864000 57.728000 56
57.856000 58.720000 52
58.944000 59.200000 59
59.456000 60.736000 61
62.624000 63.136000 61
63.424000 63.872000 61
63.872000 64.416000 59
65.504000 66.496000 57
66.496000 67.104000 64
67.328000 68.512000 57
69.120000 69.280000 61
69.280000 70.080000 56
70.368000 70.848000 54
71.584000 72.576000 56
72.832000 73.504000 56
73.664000 75.040000 52
75.552000 76.928000 52
77.120000 77.856000 53
77.856000 78.464000 49
79.648000 79.712000 49
79.712000 79.840000 54
79.840000 80.608000 56
80.736000 81.312000 53
82.176000 83.008000 57
83.360000 83.584000 57
83.584000 84.096000 56
84.096000 85.824000 52
87.904000 88.032000 57
88.160000 88.512000 61
88.704000 88.832000 57
88.960000 89.280000 56
89.472000 89.888000 54
90.528000 91.616000 56
91.840000 92.352000 64
92.352000 94.784000 61
96.256000 96.448000 61
96.576000 96.992000 66
97.120000 97.248000 61
97.408000 98.336000 59
99.136000 99.200000 55
99.200000 99.392000 56
99.392000 100.032000 58
100.192000 100.704000 68
100.960000 102.272000 57
102.912000 102.976000 53
102.976000 104.032000 55
104.032000 104.640000 54
105.344000 106.336000 56
106.528000 107.136000 53
107.264000 107.744000 53
107.872000 109.664000 54
111.360000 111.424000 53
111.424000 111.776000 57
111.968000 112.768000 59
112.768000 113.984000 61
114.496000 114.752000 59
114.752000 115.040000 61
115.168000 115.424000 57
115.424000 116.096000 61
116.096000 116.736000 64
116.736000 117.856000 59
118.848000 119.136000 63
119.136000 120.160000 59
120.160000 121.856000 62
123.040000 123.776000 61
123.904000 124.768000 57
125.152000 125.824000 62
125.952000 126.176000 64
126.176000 126.720000 57
126.944000 127.872000 59
128.384000 128.512000 55
128.512000 128.832000 57
128.832000 130.784000 61
131.360000 131.424000 50
131.424000 131.456000 53
131.456000 131.488000 56
131.488000 131.872000 59
131.872000 132.224000 57
132.320000 132.480000 59
132.480000 132.800000 61
132.800000 133.184000 65
133.344000 133.536000 64
133.536000 134.624000 59
135.648000 136.032000 63
136.032000 136.736000 59
136.992000 138.944000 62
139.904000 140.608000 61
140.768000 141.632000 57
141.888000 141.984000 47
141.984000 142.048000 49
142.048000 142.400000 53
142.528000 143.136000 56
143.264000 144.256000 61
144.256000 144.736000 59
145.216000 146.176000 56
146.272000 148.032000 54
149.376000 152.128000 56
153.376000 153.472000 56
153.600000 156.640000 54
157.568000 159.616000 56
159.776000 161.728000 56
164.128000 164.192000 52
164.192000 164.320000 55
164.320000 165.024000 56
165.184000 165.792000 53
166.560000 167.552000 56
167.808000 168.000000 57
168.000000 168.576000 56
168.576000 170.112000 52
172.256000 172.416000 57
172.544000 172.896000 61
173.088000 173.376000 58
173.376000 173.664000 56
173.856000 174.336000 53
174.976000 176.224000 56
176.224000 176.992000 63
176.992000 179.392000 61
180.704000 180.864000 61
181.024000 181.376000 66
181.536000 181.664000 61
181.824000 182.656000 59
182.848000 183.008000 56
183.712000 184.544000 57
184.640000 184.704000 64
184.704000 185.152000 68
185.408000 186.752000 57
187.264000 187.328000 53
187.328000 187.360000 54
187.360000 188.480000 55
188.480000 189.024000 54
189.664000 189.728000 53
189.728000 190.752000 56
190.752000 191.520000 54
191.712000 194.336000 54
195.776000 195.840000 54
195.840000 196.064000 57
196.224000 196.928000 59
196.928000 198.112000 61
198.848000 199.136000 60
199.136000 199.200000 57
199.360000 199.648000 57
199.648000 199.776000 60
199.776000 200.128000 61
200.128000 201.312000 63
201.312000 202.496000 59
202.816000 203.104000 62
203.104000 203.328000 64
203.328000 204.384000 59
204.384000 206.272000 62
207.264000 207.968000 62
208.064000 208.928000 57
209.376000 209.440000 59
209.440000 210.016000 62
210.176000 210.400000 64
210.400000 210.432000 58
210.592000 210.944000 57
211.168000 212.064000 59
212.352000 212.480000 59
212.480000 212.672000 55
212.672000 213.568000 57
213.568000 214.848000 61
215.616000 216.128000 59
216.128000 216.416000 57
216.512000 216.704000 59
216.704000 217.024000 61
217.024000 217.376000 65
217.504000 217.728000 64
217.728000 219.168000 59
219.840000 219.904000 59
219.904000 220.224000 63
220.224000 220.928000 59
221.184000 223.008000 62
224.128000 224.832000 62
224.960000 225.792000 57
226.208000 226.272000 50
226.272000 226.528000 53
226.752000 227.360000 56
227.520000 228.384000 61
228.384000 228.864000 59
229.248000 229.376000 54
229.376000 230.560000 59
230.720000 232.928000 54
233.440000 236.768000 56
237.824000 240.992000 54
241.856000 245.184000 56
246.272000 246.336000 52
246.336000 246.656000 57
246.816000 248.576000 61
249.216000 250.816000 59
250.816000 251.456000 64
251.456000 252.544000 59
253.600000 253.824000 64
253.824000 254.688000 59
254.848000 255.488000 63
255.488000 257.088000 62
257.696000 257.792000 58
257.824000 257.920000 58
257.920000 258.144000 62
258.272000 258.496000 64
258.592000 258.816000 59
258.816000 259.008000 57
259.104000 259.456000 57
259.680000 259.808000 59
259.904000 260.000000 60
260.000000 260.384000 62
260.384000 261.024000 64
261.248000 261.536000 57
261.760000 262.816000 60
263.008000 263.200000 55
263.200000 263.552000 57
263.552000 264.352000 59
264.352000 265.504000 61
266.048000 266.112000 55
266.112000 266.592000 59
266.592000 266.944000 57
267.040000 267.104000 58
267.104000 267.616000 61
267.616000 267.872000 66
267.872000 267.936000 61
268.064000 269.664000 59
270.240000 270.368000 54
270.368000 270.400000 58
270.400000 270.784000 63
270.784000 271.552000 59
271.712000 273.472000 62
274.592000 274.656000 57
274.656000 275.328000 61
275.456000 276.288000 57
276.768000 276.896000 50
276.896000 277.472000 54
277.664000 278.016000 57
278.144000 281.536000 59
283.520000 284.128000 56
284.352000 284.800000 56
285.152000 285.600000 54
285.696000 287.008000 54
288.352000 291.360000 56
292.544000 294.816000 54
294.976000 295.456000 54
296.000000 296.192000 54
296.512000 298.912000 56
299.072000 299.584000 56
299.680000 299.808000 56
