1.248000 2.368000 69
2.976000 3.488000 64
4.480000 5.408000 62
5.536000 5.920000 57
5.920000 6.624000 59
6.624000 7.776000 62
11.936000 12.928000 69
12.928000 13.088000 65
13.088000 13.792000 62
13.792000 13.856000 59
13.856000 15.552000 61
15.968000 16.320000 57
16.320000 16.704000 59
16.704000 17.824000 69
17.824000 19.776000 64
19.968000 20.096000 64
22.656000 22.848000 64
26.112000 26.208000 63
27.744000 28.416000 64
28.416000 28.608000 68
29.152000 29.344000 67
29.344000 30.656000 64
30.784000 32.000000 66
32.000000 32.864000 64
33.408000 33.600000 58
33.600000 33.984000 59
33.984000 34.784000 64
34.976000 36.448000 65
41.856000 42.112000 61
42.112000 42.432000 57
42.528000 43.072000 57
43.232000 43.712000 56
43.712000 44.192000 59
44.640000 44.864000 56
44.960000 45.184000 57
45.312000 45.856000 57
46.336000 46.432000 54
47.392000 47.584000 61
47.712000 48.960000 57
49.120000 49.728000 59
50.240000 51.520000 57
51.520000 52.576000 64
52.864000 53.152000 61
53.248000 53.472000 57
53.568000 54.112000 57
54.272000 54.400000 57
54.400000 54.528000 55
54.624000 55.200000 59
55.680000 56.896000 57
57.024000 57.120000 56
58.400000 58.688000 61
58.784000 58.944000 57
59.104000 60.064000 57
60.160000 60.800000 59
61.152000 61.728000 57
61.856000 62.496000 57
62.496000 63.424000 64
63.584000 64.480000 59
64.896000 65.088000 57
65.088000 65.888000 61
66.016000 67.296000 64
67.296000 68.032000 62
68.352000 68.640000 62
68.768000 69.984000 66
70.144000 70.464000 64
70.464000 71.104000 62
71.104000 72.576000 69
72.960000 73.056000 58
73.248000 73.344000 62
73.344000 73.760000 65
73.952000 74.496000 68
74.496000 75.264000 66
75.648000 76.128000 64
76.128000 76.352000 66
76.352000 77.600000 70
77.696000 78.144000 69
78.400000 78.624000 69
78.720000 78.944000 69
79.072000 81.600000 74
81.856000 82.464000 66
82.464000 83.520000 69
83.872000 84.160000 57
84.160000 84.256000 59
84.256000 84.352000 62
84.352000 84.608000 64
84.608000 86.240000 66
86.240000 87.264000 70
87.680000 88.800000 71
88.800000 89.056000 69
89.056000 89.312000 66
89.408000 90.400000 66
91.136000 91.264000 60
91.264000 91.520000 62
91.520000 91.712000 59
91.872000 92.192000 59
92.192000 92.832000 62
92.832000 93.248000 68
93.248000 93.824000 62
93.920000 94.624000 64
95.008000 95.136000 57
95.328000 95.424000 62
95.424000 96.160000 66
96.320000 97.312000 66
97.728000 98.304000 64
98.432000 98.720000 69
98.720000 99.712000 71
99.808000 100.128000 69
100.256000 100.416000 60
100.512000 100.736000 69
100.832000 101.088000 69
101.184000 101.792000 75
101.888000 103.680000 74
103.904000 104.608000 66
104.608000 105.696000 69
105.952000 106.304000 57
106.304000 106.400000 60
106.400000 106.432000 61
106.432000 106.656000 64
106.656000 107.296000 66
107.392000 108.384000 66
108.384000 109.376000 70
109.792000 110.752000 71
110.848000 112.384000 66
113.280000 113.568000 62
113.568000 114.272000 59
114.272000 114.880000 62
114.976000 115.360000 68
115.360000 117.504000 64
118.048000 120.768000 62
141.120000 141.408000 61
141.504000 141.728000 57
141.856000 142.432000 57
142.528000 142.656000 57
142.656000 142.784000 55
142.880000 143.584000 59
143.968000 144.448000 57
144.576000 145.216000 57
145.312000 145.408000 56
145.920000 146.176000 54
146.688000 146.912000 61
147.040000 147.200000 57
147.360000 148.320000 57
148.416000 149.024000 59
149.472000 150.016000 57
150.112000 150.752000 57
150.752000 150.784000 60
150.784000 151.712000 64
151.872000 152.864000 59
153.184000 153.408000 58
153.408000 154.176000 61
154.272000 154.720000 64
154.720000 155.648000 65
155.808000 156.288000 62
156.640000 156.928000 62
157.056000 158.304000 66
158.464000 158.752000 64
158.752000 159.328000 62
159.328000 159.424000 66
159.424000 161.120000 69
161.536000 161.632000 62
161.632000 162.048000 65
162.208000 162.912000 67
162.912000 163.488000 66
163.936000 164.352000 64
164.352000 164.640000 66
164.640000 166.400000 69
166.688000 166.912000 69
167.008000 167.232000 69
167.360000 169.824000 74
170.112000 170.784000 66
170.784000 171.840000 69
172.160000 172.512000 57
172.512000 172.640000 62
172.640000 172.864000 64
172.864000 174.592000 66
174.592000 175.520000 70
175.936000 177.024000 71
177.024000 177.376000 69
177.376000 177.600000 66
177.696000 178.688000 66
179.360000 180.000000 60
180.160000 180.480000 59
180.480000 181.120000 62
181.120000 181.568000 68
181.568000 182.848000 64
183.264000 183.424000 57
183.616000 185.568000 66
186.016000 186.592000 64
186.688000 187.104000 69
187.104000 187.968000 71
188.096000 188.416000 69
188.576000 188.672000 61
188.768000 188.992000 69
189.088000 189.344000 69
189.440000 191.968000 74
192.192000 192.896000 66
192.896000 194.016000 69
194.240000 194.560000 57
194.560000 194.752000 61
194.752000 195.552000 66
195.680000 196.672000 66
196.672000 197.632000 70
198.048000 198.944000 71
199.104000 200.704000 66
201.536000 201.952000 61
201.952000 202.496000 59
202.496000 203.232000 62
203.232000 205.952000 64
206.400000 208.064000 62
208.096000 208.128000 62
208.352000 208.608000 62
208.704000 208.832000 64
209.024000 210.112000 64
210.112000 210.496000 69
210.656000 210.880000 69
211.040000 211.232000 69
211.328000 211.520000 69
211.552000 211.616000 69
211.680000 211.744000 69
211.936000 212.064000 67
218.624000 218.720000 64
219.968000 220.096000 64
225.120000 225.312000 64
225.440000 225.632000 64
225.824000 225.920000 64
227.776000 227.840000 62
227.840000 228.128000 64
228.128000 228.320000 66
228.512000 229.408000 67
229.408000 229.888000 66
230.176000 230.624000 64
230.624000 230.880000 66
230.880000 231.520000 69
231.648000 233.120000 69
233.216000 233.472000 69
233.568000 235.072000 74
235.296000 236.192000 74
236.352000 236.992000 66
236.992000 238.048000 69
238.368000 238.720000 58
238.720000 238.752000 60
238.752000 238.816000 62
238.816000 239.104000 64
239.104000 240.768000 66
240.768000 241.728000 70
242.176000 243.232000 71
243.232000 244.800000 66
245.440000 245.632000 62
245.632000 245.664000 65
245.664000 246.208000 70
246.336000 247.744000 69
247.744000 247.968000 62
248.064000 248.384000 62
248.384000 249.056000 64
249.472000 249.632000 57
249.792000 251.776000 66
252.224000 252.800000 64
252.896000 253.216000 69
253.216000 254.368000 70
254.368000 254.624000 69
254.976000 255.200000 69
255.328000 255.552000 69
255.648000 258.176000 74
258.400000 259.104000 66
259.104000 260.192000 69
260.448000 260.768000 57
260.768000 260.800000 58
260.800000 260.832000 60
260.832000 260.896000 61
260.896000 261.184000 64
261.184000 261.760000 67
261.888000 262.880000 66
262.880000 263.872000 70
264.256000 265.216000 71
265.312000 266.848000 66
267.712000 269.920000 69
269.920000 271.904000 64
272.576000 277.312000 74
279.104000 279.200000 64
279.296000 279.424000 64
279.904000 280.032000 63
280.160000 280.320000 64
280.512000 281.120000 64
281.984000 282.144000 64
284.608000 285.376000 66
294.176000 295.168000 76
