2.336000 2.368000 55
2.912000 3.040000 50
12.096000 12.224000 60
14.688000 14.816000 52
14.816000 15.136000 54
15.136000 16.192000 57
16.832000 17.184000 59
17.280000 17.568000 59
17.728000 18.016000 57
18.144000 18.880000 55
19.008000 19.296000 53
19.488000 20.960000 61
21.568000 21.888000 53
22.016000 22.656000 56
22.656000 23.168000 58
23.296000 23.648000 62
23.744000 24.544000 65
24.672000 25.376000 64
25.472000 26.208000 64
26.400000 28.256000 61
29.376000 29.440000 59
29.440000 30.112000 63
30.304000 31.008000 58
31.168000 31.680000 56
32.032000 32.192000 57
32.192000 32.448000 58
32.448000 33.504000 60
33.728000 35.680000 65
36.320000 36.704000 62
36.864000 37.216000 61
37.216000 37.696000 54
37.696000 38.848000 58
39.008000 39.840000 56
39.904000 42.560000 54
45.888000 45.984000 52
45.984000 46.112000 53
46.112000 46.624000 56
46.816000 47.488000 58
48.096000 49.536000 58
49.536000 50.720000 54
50.720000 52.352000 61
52.832000 53.632000 54
53.760000 54.240000 58
54.592000 54.784000 62
54.784000 56.192000 65
56.352000 57.472000 63
57.472000 59.872000 61
60.704000 61.376000 63
61.568000 62.368000 58
62.496000 63.104000 56
63.360000 64.096000 58
64.256000 64.800000 61
65.056000 65.824000 65
65.920000 67.136000 66
67.456000 68.480000 61
68.608000 68.896000 54
68.992000 70.144000 58
70.304000 70.528000 53
70.528000 71.040000 56
71.168000 73.312000 54
73.312000 74.528000 58
74.656000 76.544000 63
77.376000 78.400000 56
78.560000 79.808000 65
80.224000 81.088000 65
81.088000 82.368000 63
82.464000 83.328000 62
83.744000 84.096000 62
84.224000 84.544000 62
84.544000 85.344000 58
85.504000 86.624000 67
86.816000 87.552000 63
87.680000 88.416000 62
88.576000 89.312000 62
89.408000 92.032000 65
92.480000 93.120000 58
93.280000 94.560000 60
94.656000 94.880000 62
95.072000 95.328000 67
95.520000 96.704000 63
96.832000 98.240000 63
98.752000 98.912000 62
99.008000 101.056000 62
101.152000 102.752000 62
102.880000 103.200000 64
103.360000 104.640000 58
105.312000 106.240000 56
106.400000 107.744000 65
108.128000 108.992000 66
108.992000 111.104000 63
111.616000 112.384000 62
112.480000 113.248000 58
113.344000 114.464000 66
114.624000 115.392000 64
115.488000 116.448000 62
116.576000 117.152000 62
117.248000 117.888000 63
117.888000 119.744000 65
120.256000 120.480000 56
120.480000 121.184000 58
121.184000 122.752000 60
122.784000 123.264000 55
123.264000 124.032000 63
124.192000 125.952000 63
126.336000 126.624000 59
126.816000 127.008000 60
127.200000 127.808000 66
127.808000 128.352000 63
128.544000 129.312000 63
129.408000 130.080000 62
130.272000 135.008000 63
143.296000 143.360000 52
143.360000 143.456000 53
143.456000 144.000000 55
144.192000 144.832000 58
145.088000 145.312000 50
145.504000 146.880000 58
146.880000 148.192000 54
148.192000 149.792000 61
150.272000 150.336000 52
150.336000 150.976000 56
151.168000 151.584000 58
152.032000 152.096000 61
152.096000 153.600000 65
153.728000 155.296000 63
155.296000 157.312000 61
158.112000 158.880000 63
159.008000 160.256000 57
160.384000 160.576000 56
160.768000 160.928000 56
160.928000 161.472000 59
161.632000 162.304000 61
162.464000 164.480000 65
165.056000 165.248000 61
165.248000 165.536000 63
165.536000 166.240000 64
166.336000 166.624000 61
166.624000 167.584000 54
167.680000 168.416000 57
168.576000 171.424000 54
172.000000 173.920000 75
174.624000 175.808000 56
175.936000 177.312000 65
177.664000 178.400000 66
178.400000 180.736000 63
181.088000 181.152000 57
181.152000 181.472000 62
181.600000 181.920000 62
182.048000 182.688000 58
182.880000 184.032000 67
184.192000 184.928000 64
184.928000 185.792000 62
185.920000 186.752000 62
186.848000 186.944000 63
187.168000 189.280000 65
189.856000 190.016000 57
190.016000 191.648000 60
191.744000 192.192000 62
192.192000 192.352000 58
192.512000 192.704000 55
192.928000 194.112000 63
194.208000 195.072000 63
195.072000 195.744000 60
196.128000 198.432000 62
198.560000 200.192000 62
200.288000 200.576000 65
200.704000 202.016000 65
202.656000 203.648000 56
203.776000 203.904000 63
203.904000 205.312000 65
205.504000 206.080000 69
206.080000 206.688000 63
206.784000 206.912000 63
206.912000 208.608000 66
208.896000 208.960000 66
208.960000 209.504000 69
209.504000 210.432000 63
210.432000 211.488000 67
212.000000 212.352000 70
212.352000 212.800000 67
212.896000 213.248000 65
213.248000 213.856000 63
213.856000 214.528000 66
214.624000 214.880000 67
214.880000 215.296000 68
215.328000 216.992000 65
217.600000 217.760000 55
217.760000 217.856000 56
217.856000 218.592000 58
218.592000 219.552000 60
219.552000 220.096000 62
220.096000 220.736000 55
220.736000 221.472000 65
221.600000 223.296000 63
223.776000 224.064000 59
224.224000 224.480000 60
224.640000 225.440000 66
225.440000 225.792000 63
225.952000 226.688000 63
226.816000 226.976000 63
226.976000 227.360000 65
227.488000 229.824000 66
229.824000 230.624000 60
234.144000 234.240000 55
234.240000 234.464000 59
234.656000 234.880000 60
235.104000 235.872000 66
235.904000 236.192000 63
236.384000 237.216000 63
237.312000 237.888000 62
238.112000 241.472000 63
247.168000 247.232000 52
251.072000 251.200000 50
