21.408000 22.016000 69
22.016000 22.976000 66
23.104000 23.328000 66
23.680000 24.032000 65
24.128000 24.320000 64
24.320000 25.088000 66
25.088000 26.368000 63
26.464000 26.752000 66
26.880000 27.200000 66
28.096000 28.256000 66
28.352000 28.576000 67
28.576000 28.704000 66
28.704000 29.792000 62
29.792000 30.400000 59
30.976000 31.296000 62
31.296000 31.904000 66
32.160000 32.224000 64
32.224000 32.320000 67
32.416000 32.640000 69
32.768000 33.440000 66
33.600000 34.656000 64
34.880000 35.520000 62
35.520000 36.128000 66
36.128000 36.512000 62
36.608000 37.344000 66
38.272000 38.816000 66
38.912000 39.392000 62
39.520000 39.840000 62
39.840000 40.512000 59
41.024000 41.088000 60
41.088000 41.152000 63
41.248000 41.440000 62
41.440000 41.792000 65
41.888000 42.976000 62
43.136000 43.296000 66
43.392000 43.936000 67
44.224000 44.832000 62
45.216000 46.080000 67
47.520000 47.712000 64
47.808000 48.000000 62
48.000000 48.896000 64
48.896000 49.024000 62
49.216000 49.248000 62
49.312000 49.376000 62
49.408000 49.856000 62
50.080000 50.720000 67
50.848000 50.912000 62
50.944000 50.976000 62
51.040000 51.328000 62
51.808000 52.736000 67
53.248000 53.408000 62
53.504000 54.272000 64
68.736000 68.832000 66
68.832000 69.216000 69
69.344000 69.888000 66
69.984000 70.272000 66
70.400000 70.592000 66
70.976000 71.040000 62
71.040000 71.552000 65
71.680000 71.968000 66
72.064000 72.256000 66
72.448000 72.704000 62
72.704000 73.248000 66
73.248000 73.888000 62
73.984000 75.136000 66
75.456000 75.840000 67
75.840000 76.576000 62
76.704000 77.024000 62
77.024000 77.728000 59
78.176000 78.336000 64
78.432000 78.528000 62
78.624000 78.784000 64
78.784000 78.976000 66
79.072000 79.360000 64
79.488000 79.936000 69
80.064000 80.832000 67
80.960000 81.536000 64
81.536000 81.984000 66
82.208000 82.400000 62
82.400000 82.976000 63
82.976000 83.328000 66
83.456000 83.872000 62
83.872000 84.800000 66
85.568000 86.176000 66
86.176000 86.784000 62
86.880000 87.200000 62
87.200000 87.840000 59
88.288000 88.928000 63
88.928000 89.088000 66
89.216000 90.432000 62
90.496000 90.624000 66
90.720000 91.200000 67
91.456000 91.552000 67
92.160000 92.288000 55
92.384000 92.608000 55
92.768000 93.440000 54
94.656000 94.944000 62
95.136000 95.232000 62
95.456000 95.680000 66
95.776000 96.128000 67
96.256000 96.320000 64
96.320000 96.448000 62
96.704000 97.056000 62
97.472000 97.984000 67
98.560000 98.688000 73
98.912000 99.040000 78
99.040000 99.104000 73
99.104000 100.000000 67
100.896000 101.568000 64
113.600000 113.696000 78
129.280000 129.504000 76
130.432000 130.688000 62
130.880000 131.008000 56
131.264000 131.840000 55
131.936000 132.192000 54
132.352000 132.480000 60
132.768000 133.920000 67
135.360000 135.424000 62
135.424000 135.520000 64
136.032000 136.224000 67
136.320000 136.704000 67
136.960000 137.056000 62
137.344000 137.568000 61
137.984000 138.400000 66
138.912000 139.264000 62
139.936000 140.064000 66
140.256000 140.352000 67
140.544000 141.088000 62
141.120000 141.888000 62
142.144000 142.368000 64
142.784000 142.944000 66
143.104000 143.712000 65
144.000000 144.128000 67
144.736000 145.408000 67
145.440000 146.016000 66
146.432000 146.656000 62
146.656000 147.328000 66
147.552000 147.744000 64
148.864000 148.928000 67
148.960000 149.184000 67
149.472000 149.760000 66
149.856000 150.400000 66
150.400000 150.688000 62
150.720000 151.040000 62
151.488000 151.808000 67
151.904000 152.128000 67
152.224000 152.320000 62
152.512000 152.736000 62
153.184000 153.248000 67
153.312000 153.696000 66
153.792000 153.920000 66
154.016000 154.176000 66
154.208000 154.368000 68
154.368000 154.592000 65
155.488000 155.648000 62
155.648000 155.904000 65
156.192000 156.480000 66
156.608000 156.992000 64
157.184000 157.216000 62
157.600000 157.728000 62
158.336000 158.880000 67
158.880000 159.328000 62
160.000000 160.928000 66
162.272000 162.624000 63
162.720000 162.816000 63
162.912000 163.264000 65
163.360000 164.576000 62
165.056000 165.664000 67
165.664000 166.272000 62
166.560000 167.680000 66
168.224000 169.152000 64
170.112000 170.656000 69
170.656000 171.680000 66
171.808000 172.096000 66
172.416000 172.768000 65
172.864000 173.056000 64
173.056000 173.824000 66
173.824000 175.104000 63
175.200000 175.488000 66
175.616000 176.064000 66
176.832000 176.992000 66
177.088000 177.216000 67
177.216000 177.408000 66
177.408000 178.528000 62
178.528000 179.168000 59
179.584000 179.744000 64
179.744000 180.000000 62
180.000000 181.184000 65
181.184000 181.376000 69
181.536000 182.144000 67
182.336000 183.520000 64
183.616000 184.160000 62
184.256000 184.800000 66
184.800000 185.248000 62
185.344000 185.504000 64
185.728000 186.080000 66
186.976000 187.552000 66
187.552000 190.080000 62
190.208000 190.752000 77
190.848000 190.944000 63
191.296000 191.360000 62
191.424000 191.872000 62
195.744000 195.872000 53
