16.512000 16.896000 62
16.992000 17.568000 63
17.728000 17.984000 65
19.808000 21.440000 58
21.696000 21.856000 55
21.856000 21.920000 56
21.920000 21.952000 57
21.952000 22.400000 62
24.000000 24.384000 67
24.384000 25.664000 64
25.984000 26.080000 64
26.336000 26.816000 58
27.712000 28.032000 59
28.224000 28.384000 61
28.512000 29.696000 61
31.264000 31.392000 55
31.520000 32.416000 62
32.896000 34.080000 66
35.296000 35.552000 59
35.712000 36.416000 59
36.416000 37.056000 63
37.184000 37.344000 63
38.720000 38.912000 59
38.912000 39.360000 67
39.456000 40.320000 64
40.320000 40.992000 66
41.184000 41.504000 69
41.664000 42.048000 71
42.816000 43.136000 59
43.264000 43.424000 61
43.552000 44.192000 62
44.288000 45.440000 59
47.616000 47.744000 59
47.904000 48.160000 64
48.160000 49.920000 68
50.048000 51.264000 64
51.712000 54.240000 63
55.872000 56.512000 64
56.864000 57.184000 64
57.312000 58.112000 63
58.208000 58.624000 61
58.624000 59.008000 63
59.008000 59.392000 59
59.552000 60.736000 59
63.328000 63.456000 57
63.456000 63.648000 58
63.648000 64.096000 61
64.352000 64.448000 61
64.448000 65.664000 64
65.664000 66.464000 59
66.880000 66.976000 59
67.136000 67.232000 66
67.232000 67.520000 68
67.520000 68.544000 70
68.544000 70.080000 66
70.848000 71.232000 65
71.328000 71.712000 66
71.776000 72.160000 67
72.288000 72.416000 61
72.512000 73.024000 61
73.216000 73.632000 61
73.632000 73.824000 63
73.824000 76.608000 67
76.928000 77.728000 66
77.856000 78.752000 70
78.752000 79.456000 64
79.616000 79.840000 63
80.000000 80.800000 61
81.088000 81.152000 64
81.152000 81.280000 65
81.280000 81.504000 66
81.504000 82.432000 70
82.592000 83.616000 65
83.776000 84.416000 63
84.928000 84.992000 64
84.992000 85.216000 66
85.216000 85.504000 68
85.632000 86.208000 70
86.304000 86.624000 64
86.784000 87.360000 63
87.520000 87.776000 61
88.192000 88.640000 61
88.640000 89.312000 69
89.312000 90.816000 63
90.816000 91.360000 68
91.520000 92.128000 66
92.416000 92.480000 64
92.480000 92.800000 66
92.800000 92.960000 68
93.120000 93.728000 70
93.824000 94.464000 64
94.624000 94.848000 63
95.008000 95.712000 61
96.000000 96.224000 63
96.224000 96.384000 66
96.544000 96.800000 68
96.800000 97.440000 70
97.536000 98.208000 66
98.368000 98.592000 64
98.784000 99.680000 63
100.352000 100.544000 66
100.544000 100.736000 64
100.832000 101.248000 62
101.344000 101.952000 59
102.176000 102.464000 57
102.464000 102.624000 60
102.720000 103.424000 66
103.424000 103.872000 59
104.448000 104.608000 61
104.800000 106.016000 59
121.472000 122.720000 63
122.944000 123.104000 66
123.104000 123.904000 61
124.736000 126.304000 58
126.400000 128.000000 63
128.960000 129.504000 67
129.504000 129.568000 64
129.664000 130.304000 64
130.304000 131.040000 66
131.136000 131.296000 68
131.296000 131.456000 70
131.648000 132.096000 71
132.896000 133.088000 59
133.184000 133.728000 61
133.920000 135.616000 59
137.536000 137.728000 59
137.856000 138.048000 63
138.048000 139.872000 68
140.064000 140.576000 65
140.576000 141.344000 63
141.728000 141.920000 61
142.048000 144.384000 63
145.856000 146.624000 64
146.784000 147.104000 64
147.296000 148.032000 64
148.192000 149.248000 61
149.248000 149.376000 58
149.600000 150.720000 59
153.248000 153.376000 56
153.376000 153.440000 57
153.440000 154.112000 60
154.304000 154.368000 61
154.368000 155.424000 64
155.424000 156.576000 59
156.864000 156.960000 59
157.088000 157.152000 65
157.152000 157.248000 66
157.248000 157.760000 69
157.824000 158.528000 70
158.528000 160.320000 66
160.864000 161.696000 65
161.792000 162.144000 67
162.272000 163.008000 61
163.168000 163.648000 61
163.648000 163.808000 64
163.808000 166.528000 67
166.848000 166.912000 63
166.912000 167.712000 66
167.872000 168.736000 70
168.736000 169.472000 64
169.632000 169.856000 63
170.016000 170.688000 61
171.104000 171.328000 65
171.328000 171.520000 66
171.520000 172.416000 70
172.576000 172.640000 64
172.640000 173.600000 66
173.760000 174.528000 63
174.912000 174.976000 64
174.976000 175.200000 66
175.200000 175.456000 68
175.616000 176.224000 70
176.320000 176.640000 64
176.832000 177.408000 63
177.536000 177.856000 61
178.208000 178.592000 61
178.592000 178.656000 63
178.656000 179.360000 69
179.456000 180.672000 63
180.832000 181.152000 68
181.312000 181.984000 66
182.400000 182.560000 65
182.560000 182.944000 67
183.104000 183.712000 70
183.904000 184.416000 64
184.608000 184.800000 63
184.992000 185.728000 61
185.984000 186.400000 65
186.560000 186.784000 68
186.784000 188.672000 71
188.832000 190.080000 71
190.368000 190.560000 66
190.656000 190.784000 64
190.880000 191.264000 62
191.360000 191.936000 59
192.160000 192.448000 57
192.448000 192.640000 59
192.736000 193.440000 65
193.440000 193.824000 59
194.336000 194.528000 61
194.656000 196.416000 59
196.608000 197.120000 68
197.408000 197.568000 66
197.984000 198.048000 59
198.336000 198.720000 57
198.720000 198.816000 58
198.816000 199.008000 59
199.008000 199.264000 61
199.264000 201.504000 66
201.632000 201.792000 74
201.792000 201.856000 71
201.856000 202.048000 67
202.336000 203.392000 69
203.488000 203.680000 69
203.776000 203.872000 67
204.000000 204.448000 63
205.472000 205.632000 62
206.176000 206.272000 68
209.376000 211.904000 71
212.384000 215.616000 73
215.712000 216.352000 74
216.352000 216.480000 71
216.608000 217.472000 71
217.696000 218.144000 64
218.336000 218.560000 63
218.752000 219.392000 61
219.840000 220.128000 65
220.128000 220.320000 66
220.320000 221.152000 70
221.344000 221.408000 64
221.408000 222.336000 66
222.560000 223.296000 63
223.648000 223.712000 64
223.712000 224.192000 67
224.352000 224.992000 70
224.992000 225.376000 63
225.536000 225.728000 64
225.728000 226.624000 62
226.912000 227.360000 61
227.520000 228.000000 70
228.000000 228.192000 67
228.608000 229.056000 63
229.120000 229.376000 64
229.632000 229.792000 67
229.792000 229.888000 64
230.016000 230.112000 63
230.112000 230.624000 66
230.656000 230.816000 63
231.168000 231.296000 65
231.296000 231.712000 67
231.872000 232.480000 70
232.640000 233.152000 64
233.376000 233.568000 63
233.728000 234.304000 61
234.432000 234.784000 74
234.912000 235.712000 71
235.808000 236.224000 70
236.224000 236.832000 66
237.088000 237.344000 72
237.568000 238.720000 71
239.136000 239.328000 66
239.424000 239.520000 63
239.616000 240.000000 63
240.096000 240.704000 59
240.960000 241.152000 57
241.152000 241.344000 59
241.504000 241.856000 66
241.984000 242.144000 68
242.144000 242.208000 65
242.336000 242.816000 59
243.712000 243.872000 61
244.064000 245.184000 59
261.632000 261.792000 64
