12.064000 12.192000 54
12.384000 12.544000 53
15.296000 15.392000 59
18.336000 18.464000 53
21.024000 21.152000 53
21.312000 21.568000 54
34.304000 34.624000 63
34.848000 35.232000 61
35.232000 35.424000 58
35.616000 36.160000 58
36.544000 36.928000 56
37.248000 37.632000 58
38.144000 38.464000 63
38.688000 39.072000 61
39.072000 39.392000 58
39.616000 40.032000 58
40.352000 40.896000 56
40.896000 41.600000 58
42.400000 42.688000 66
42.880000 43.008000 68
43.104000 43.744000 65
44.256000 45.024000 61
45.152000 45.952000 63
46.112000 46.432000 63
46.720000 46.912000 63
47.648000 47.776000 60
49.696000 50.080000 63
50.240000 50.560000 61
50.560000 50.816000 58
50.848000 51.552000 59
51.744000 52.512000 56
52.608000 53.024000 58
53.600000 53.856000 63
54.112000 54.400000 61
54.400000 54.848000 58
55.040000 55.392000 59
55.680000 56.096000 56
56.480000 56.928000 58
57.696000 58.272000 66
58.432000 59.072000 65
59.456000 59.648000 60
59.744000 60.064000 60
60.064000 60.352000 63
60.512000 61.824000 63
62.176000 62.272000 63
62.624000 62.752000 63
63.840000 64.032000 66
64.192000 65.344000 61
65.504000 65.632000 61
66.048000 66.976000 71
66.976000 67.840000 68
67.936000 68.896000 70
69.024000 69.216000 66
69.440000 69.760000 66
69.920000 71.168000 65
71.616000 71.808000 66
71.808000 72.736000 73
72.960000 73.280000 64
73.280000 73.632000 70
73.760000 74.560000 71
74.560000 75.136000 68
75.136000 75.296000 66
75.392000 76.416000 70
76.576000 77.120000 66
77.216000 77.760000 64
77.760000 78.560000 68
78.688000 78.816000 59
79.008000 79.712000 70
79.808000 80.288000 70
80.928000 81.440000 70
81.472000 82.144000 70
82.368000 82.496000 63
82.592000 83.200000 66
83.360000 83.872000 70
84.512000 84.864000 66
85.088000 85.248000 64
85.376000 86.016000 65
86.720000 87.360000 58
87.520000 87.936000 70
88.032000 88.128000 70
88.608000 89.056000 70
89.248000 89.856000 70
90.112000 90.848000 66
91.040000 91.520000 70
92.192000 92.544000 66
92.768000 94.528000 65
94.624000 95.040000 59
95.616000 95.872000 63
95.968000 96.544000 61
97.088000 97.568000 58
97.920000 98.368000 56
98.560000 99.104000 58
99.552000 100.288000 62
100.768000 101.408000 59
101.792000 102.272000 56
102.272000 103.136000 58
103.808000 104.096000 65
104.160000 105.216000 66
105.856000 106.432000 61
106.560000 107.872000 63
108.480000 108.864000 66
108.864000 109.696000 69
109.888000 110.592000 66
110.912000 111.008000 68
111.008000 111.424000 63
111.552000 111.776000 61
111.904000 112.128000 59
112.288000 113.024000 59
113.344000 113.952000 56
114.080000 114.496000 58
114.848000 115.360000 63
115.712000 115.904000 60
115.904000 116.288000 58
116.320000 116.352000 58
116.448000 116.928000 58
117.632000 117.760000 66
117.888000 119.008000 73
119.808000 120.736000 71
120.736000 121.184000 68
121.184000 121.600000 67
121.696000 122.656000 70
122.656000 122.880000 66
123.200000 123.520000 66
123.648000 124.928000 65
125.440000 125.632000 66
125.632000 125.760000 70
125.760000 126.560000 73
126.752000 127.040000 64
127.040000 127.392000 70
127.520000 127.840000 73
127.936000 128.160000 71
128.160000 128.480000 70
128.480000 129.056000 68
129.152000 129.472000 69
129.472000 130.272000 70
130.272000 130.880000 66
130.976000 131.328000 64
131.488000 132.256000 68
132.416000 132.576000 59
132.800000 134.016000 70
134.720000 135.200000 70
135.328000 135.424000 70
135.552000 135.872000 70
136.096000 136.256000 66
136.352000 136.960000 66
137.120000 137.632000 70
138.240000 138.624000 66
138.848000 140.000000 65
140.448000 141.696000 70
142.368000 142.784000 70
142.976000 143.584000 70
143.808000 144.640000 66
144.768000 145.312000 70
145.952000 146.336000 66
146.496000 148.384000 65
148.704000 149.024000 70
149.280000 149.472000 70
149.472000 149.792000 63
149.792000 150.016000 70
150.144000 150.336000 66
150.592000 151.712000 63
151.712000 152.256000 67
152.416000 152.448000 65
152.480000 153.792000 63
153.888000 154.240000 66
154.336000 154.432000 65
154.528000 155.136000 65
156.288000 156.384000 70
156.480000 157.152000 70
157.152000 157.696000 63
157.888000 158.016000 62
158.272000 159.392000 63
159.392000 160.064000 67
160.224000 161.440000 63
161.568000 161.856000 66
162.112000 162.880000 65
164.224000 165.184000 66
165.696000 167.552000 65
167.744000 168.800000 59
169.568000 170.912000 65
170.976000 171.040000 62
171.040000 172.096000 66
172.096000 173.216000 70
173.568000 174.944000 68
175.104000 175.232000 66
175.488000 177.472000 70
177.664000 177.920000 74
177.920000 179.360000 75
179.360000 180.032000 70
183.008000 183.200000 65
183.328000 184.416000 73
184.576000 184.832000 66
184.832000 184.864000 68
184.864000 186.080000 72
186.080000 186.944000 68
186.944000 188.224000 70
188.448000 190.240000 65
190.688000 190.848000 66
190.848000 191.072000 70
191.072000 191.776000 73
191.776000 191.936000 67
192.288000 192.480000 67
192.480000 192.576000 69
192.576000 193.440000 72
193.440000 194.144000 68
194.144000 194.400000 66
194.400000 195.552000 70
195.552000 195.968000 66
196.096000 196.768000 66
196.768000 197.664000 68
197.664000 197.888000 60
198.048000 198.752000 70
198.912000 199.296000 70
199.456000 199.712000 75
199.968000 200.448000 70
200.832000 201.216000 70
201.408000 202.240000 66
202.400000 202.912000 58
202.912000 203.072000 63
203.488000 203.904000 66
204.064000 204.992000 66
205.248000 205.472000 58
205.760000 206.400000 58
206.592000 206.912000 58
206.912000 207.392000 63
207.680000 208.096000 70
208.288000 208.384000 69
208.480000 208.864000 70
209.120000 209.952000 66
210.080000 210.336000 70
210.400000 210.624000 70
211.232000 211.584000 66
211.744000 213.216000 65
213.408000 214.624000 70
214.816000 215.104000 63
215.488000 215.744000 58
215.904000 216.576000 70
216.704000 216.992000 63
216.992000 217.600000 67
217.792000 218.176000 70
218.272000 218.912000 75
219.008000 219.264000 66
219.456000 219.616000 65
219.776000 220.640000 65
221.120000 222.368000 58
222.496000 222.784000 63
223.008000 223.488000 70
223.616000 223.712000 69
223.840000 224.192000 70
224.224000 224.288000 66
224.288000 224.896000 65
224.896000 225.248000 68
225.344000 225.376000 68
225.408000 225.600000 70
225.600000 225.664000 64
225.696000 225.728000 64
225.952000 226.176000 63
226.272000 226.624000 63
226.624000 227.360000 65
227.424000 229.120000 65
229.216000 230.656000 63
233.248000 233.472000 54
236.320000 236.512000 54
240.064000 240.512000 54
240.608000 240.704000 53
240.832000 240.928000 54
242.432000 242.592000 53
244.576000 245.280000 53
245.472000 245.760000 53
246.752000 247.136000 54
249.792000 250.080000 53
250.656000 250.944000 53
251.392000 251.584000 55
