23.808000 24.064000 56
35.232000 35.904000 62
36.064000 36.320000 59
36.768000 36.992000 60
36.992000 37.152000 63
37.152000 37.600000 61
38.016000 38.080000 62
38.080000 38.496000 65
38.496000 38.720000 67
38.720000 39.072000 64
39.392000 39.488000 54
39.488000 39.808000 57
40.000000 40.032000 60
40.192000 40.320000 65
44.448000 44.576000 76
44.576000 44.768000 75
44.768000 44.992000 73
44.992000 45.184000 70
45.184000 46.560000 72
47.264000 47.904000 60
47.904000 47.968000 55
50.048000 50.176000 74
50.176000 50.464000 75
50.464000 50.976000 72
51.712000 51.776000 59
51.776000 51.936000 62
59.136000 59.232000 75
59.232000 59.424000 73
59.424000 59.680000 70
59.680000 59.808000 67
60.576000 60.800000 74
60.800000 61.152000 70
61.376000 61.696000 76
61.696000 61.888000 71
62.016000 62.336000 72
62.720000 62.784000 72
62.784000 63.296000 74
63.296000 63.456000 71
63.616000 64.064000 71
64.352000 64.960000 73
64.960000 65.088000 68
65.088000 65.376000 71
65.376000 65.696000 69
66.144000 66.272000 66
66.368000 66.752000 63
66.752000 66.880000 68
71.328000 71.520000 70
71.616000 71.776000 72
72.704000 73.216000 77
73.312000 73.472000 76
73.472000 74.016000 73
74.016000 74.624000 66
76.704000 76.832000 74
79.072000 79.200000 73
79.328000 79.680000 73
79.968000 80.192000 75
80.384000 80.896000 70
82.944000 83.520000 62
83.776000 84.064000 60
84.256000 84.512000 59
84.640000 85.696000 58
87.904000 88.224000 57
88.352000 88.800000 59
89.504000 90.592000 61
90.720000 91.424000 58
91.616000 92.064000 59
93.216000 93.472000 54
93.632000 94.272000 54
94.464000 94.784000 57
94.880000 95.200000 56
95.680000 96.384000 67
96.512000 97.568000 65
97.728000 98.016000 64
98.112000 98.528000 60
98.944000 99.264000 67
99.360000 101.728000 67
102.016000 104.704000 64
104.832000 105.088000 64
106.848000 107.360000 55
107.616000 108.384000 58
109.216000 109.472000 62
109.632000 109.920000 62
109.920000 111.104000 59
111.328000 111.872000 59
113.088000 114.496000 55
114.720000 115.168000 59
115.872000 116.064000 61
116.224000 116.928000 61
117.056000 117.376000 59
117.472000 118.560000 58
119.968000 120.544000 55
120.704000 120.960000 56
121.184000 121.472000 56
121.952000 124.320000 66
124.480000 124.832000 59
125.280000 125.888000 67
126.048000 126.976000 66
126.976000 127.808000 67
127.808000 128.352000 62
128.576000 130.272000 64
131.008000 131.360000 64
131.360000 132.608000 71
132.704000 133.120000 70
133.120000 134.176000 69
134.368000 134.784000 67
135.136000 135.456000 59
135.456000 135.520000 61
135.520000 137.312000 66
137.568000 137.824000 66
137.824000 138.848000 68
139.008000 139.648000 62
139.648000 140.416000 71
140.416000 141.312000 67
141.696000 142.080000 59
142.080000 142.112000 60
142.112000 142.272000 62
142.272000 143.232000 65
143.360000 143.840000 66
144.096000 144.384000 66
144.384000 144.512000 67
144.512000 144.736000 68
144.736000 145.600000 69
145.600000 146.240000 74
146.240000 147.712000 70
147.712000 147.968000 66
148.448000 148.672000 59
148.672000 149.472000 64
149.568000 150.368000 55
150.784000 151.008000 54
151.040000 151.712000 57
151.840000 153.280000 69
153.280000 154.144000 67
154.240000 154.336000 65
154.496000 154.784000 64
155.072000 156.480000 64
157.120000 157.760000 64
157.760000 159.648000 71
159.776000 161.632000 68
161.760000 161.856000 65
161.952000 162.144000 66
162.176000 162.400000 67
162.464000 162.784000 65
162.976000 163.360000 66
163.488000 166.528000 66
166.656000 167.072000 62
167.168000 169.728000 64
170.080000 170.656000 63
170.752000 173.152000 71
173.248000 174.368000 68
174.464000 175.360000 67
176.064000 177.248000 67
177.312000 178.368000 66
179.296000 184.480000 74
184.608000 184.704000 74
187.392000 187.488000 61
187.744000 188.288000 64
188.288000 189.600000 66
189.824000 191.040000 68
191.232000 191.424000 62
191.808000 192.992000 70
192.992000 193.600000 67
193.888000 194.208000 60
194.304000 194.400000 62
194.400000 194.944000 64
194.944000 195.296000 66
195.488000 195.936000 67
196.224000 196.512000 66
196.512000 196.832000 67
196.832000 197.696000 69
197.696000 198.272000 73
198.272000 199.968000 69
200.928000 201.344000 64
201.344000 201.792000 66
201.984000 202.336000 67
202.720000 202.944000 66
202.944000 203.712000 68
203.840000 204.128000 69
204.224000 204.832000 70
204.832000 205.920000 67
206.048000 206.240000 65
206.240000 207.136000 66
207.136000 208.896000 63
209.088000 209.664000 64
209.664000 210.784000 71
210.912000 211.488000 70
211.744000 212.032000 69
212.192000 212.832000 67
213.504000 213.632000 61
213.728000 215.392000 66
215.744000 216.608000 68
216.608000 217.088000 69
217.216000 217.664000 62
217.760000 218.528000 71
218.592000 219.360000 67
220.288000 220.800000 64
220.800000 221.824000 66
222.208000 222.560000 66
222.656000 223.168000 69
223.296000 223.584000 69
223.680000 223.840000 72
223.840000 224.288000 74
224.288000 225.312000 70
225.536000 225.888000 67
226.272000 226.560000 59
226.656000 226.848000 63
226.848000 228.448000 66
228.736000 229.472000 67
229.472000 229.664000 69
229.760000 231.296000 69
231.392000 231.808000 67
232.064000 233.024000 66
233.248000 234.624000 63
234.784000 234.976000 63
235.168000 235.616000 64
235.616000 237.888000 71
237.888000 238.400000 67
238.560000 241.664000 67
242.208000 244.256000 66
245.248000 249.216000 64
256.640000 256.896000 62
257.120000 258.144000 60
259.008000 261.056000 59
264.160000 265.728000 60
267.104000 268.000000 59
268.000000 271.072000 55
279.232000 279.584000 68
279.776000 279.936000 68
286.592000 286.816000 72
288.864000 288.992000 65
289.376000 289.472000 63
290.496000 290.720000 72
291.776000 292.128000 64
292.256000 292.512000 61
293.472000 294.272000 71
296.256000 296.384000 70
296.512000 296.896000 69
