22.464000 22.848000 57
22.944000 23.040000 57
23.040000 23.104000 56
23.104000 23.616000 53
24.864000 24.960000 61
25.056000 25.184000 59
25.536000 25.664000 54
25.664000 26.080000 51
28.288000 28.576000 59
28.576000 29.056000 55
29.056000 29.248000 50
33.632000 33.824000 56
36.064000 36.480000 56
37.120000 37.280000 55
37.280000 37.504000 52
37.600000 37.728000 53
39.680000 40.064000 58
40.064000 40.160000 57
40.160000 40.448000 54
40.448000 40.672000 51
42.784000 42.912000 49
42.912000 43.072000 51
72.000000 72.800000 54
73.664000 73.856000 52
73.984000 74.208000 51
74.336000 74.784000 52
74.784000 75.168000 54
76.160000 76.288000 59
76.288000 76.896000 61
77.056000 77.504000 59
78.496000 79.488000 57
79.488000 79.872000 54
80.000000 80.448000 54
81.536000 82.304000 55
82.400000 82.720000 54
82.720000 83.584000 56
84.160000 84.640000 59
84.768000 85.504000 56
86.240000 86.560000 54
86.720000 87.616000 54
91.424000 92.160000 54
92.864000 93.408000 51
93.504000 93.728000 52
93.824000 94.368000 54
95.328000 95.456000 59
95.456000 96.096000 61
96.224000 96.640000 59
97.792000 99.680000 57
100.160000 100.288000 50
100.416000 100.704000 51
100.704000 100.896000 54
101.024000 101.472000 56
101.600000 101.824000 54
101.920000 102.368000 56
102.528000 102.880000 58
103.424000 103.872000 59
104.000000 105.056000 56
105.056000 107.776000 59
109.312000 109.440000 55
109.440000 109.600000 57
109.600000 109.984000 59
109.984000 111.136000 61
111.232000 113.696000 63
115.136000 115.648000 59
115.776000 116.224000 61
116.320000 116.928000 61
117.056000 118.080000 61
118.080000 118.528000 59
120.320000 121.088000 52
121.184000 121.248000 50
121.248000 121.696000 52
121.696000 122.752000 54
122.912000 123.968000 58
124.480000 124.640000 55
124.736000 125.024000 54
125.024000 125.760000 63
125.920000 127.360000 63
127.360000 129.088000 61
130.592000 130.816000 54
131.008000 131.424000 64
131.616000 132.672000 61
133.056000 133.312000 62
133.440000 133.792000 63
133.792000 134.080000 59
134.368000 135.200000 61
135.552000 135.776000 54
135.776000 136.320000 59
136.512000 136.672000 58
136.768000 137.248000 58
137.696000 137.888000 56
137.888000 138.464000 58
138.560000 139.840000 63
140.352000 140.576000 54
140.576000 141.024000 59
141.216000 141.440000 58
141.440000 142.336000 56
142.752000 143.392000 56
143.584000 145.472000 66
146.112000 146.528000 63
146.528000 147.040000 66
147.168000 147.392000 64
147.520000 147.616000 61
147.744000 149.248000 63
149.920000 150.016000 65
150.272000 150.592000 64
150.816000 151.872000 61
152.288000 152.544000 62
152.672000 153.056000 62
153.056000 153.312000 59
153.536000 154.400000 61
154.720000 155.008000 54
155.008000 155.808000 58
155.904000 156.448000 58
156.896000 157.024000 56
157.152000 157.504000 58
157.504000 157.728000 59
157.728000 158.560000 63
158.720000 159.936000 66
160.480000 160.544000 62
160.544000 160.800000 63
160.800000 162.304000 65
162.528000 162.592000 61
162.592000 163.136000 63
163.136000 163.360000 61
163.584000 164.576000 59
165.248000 166.784000 58
167.680000 168.672000 58
168.832000 169.120000 57
169.248000 172.864000 59
179.872000 180.032000 58
188.480000 188.640000 56
188.640000 188.704000 57
188.704000 189.216000 59
189.216000 190.336000 61
190.432000 190.656000 62
190.752000 192.384000 63
192.384000 193.056000 61
194.336000 194.880000 59
194.976000 196.096000 61
196.224000 197.088000 62
197.088000 197.728000 59
199.520000 200.256000 51
200.384000 200.480000 50
200.480000 200.640000 51
200.640000 201.952000 54
202.112000 202.272000 56
202.272000 203.168000 59
203.680000 204.128000 54
204.224000 204.992000 63
205.152000 206.592000 63
206.592000 208.544000 61
209.856000 210.048000 54
210.240000 210.624000 64
210.816000 211.872000 61
212.288000 212.512000 62
212.672000 213.056000 62
213.056000 213.280000 59
213.440000 214.400000 61
214.816000 215.008000 54
215.008000 215.456000 58
215.584000 215.840000 58
215.936000 216.448000 58
216.896000 217.568000 58
217.728000 219.040000 63
219.488000 219.808000 54
219.808000 219.872000 57
219.872000 220.608000 59
220.608000 221.536000 56
221.952000 222.560000 56
222.752000 225.056000 66
225.248000 225.312000 61
225.312000 225.760000 64
225.760000 226.272000 66
226.368000 226.592000 64
226.752000 228.608000 63
229.440000 229.792000 64
230.016000 231.136000 61
231.488000 231.616000 61
231.616000 231.744000 63
231.872000 232.256000 62
232.256000 232.512000 59
232.704000 233.600000 61
233.952000 234.112000 53
234.112000 234.240000 54
234.240000 234.720000 59
234.816000 235.072000 58
235.168000 235.680000 58
236.000000 236.192000 56
236.288000 236.704000 58
236.704000 237.120000 60
237.216000 237.760000 63
237.888000 239.104000 66
239.648000 240.000000 63
240.000000 241.312000 66
241.728000 241.856000 62
241.856000 242.016000 64
242.016000 242.560000 62
242.816000 243.744000 59
244.480000 246.080000 59
246.816000 247.136000 56
247.136000 247.904000 58
248.096000 248.288000 58
248.448000 251.648000 59
255.296000 255.360000 54
255.360000 256.256000 58
256.384000 258.944000 61
259.776000 260.288000 56
260.288000 260.768000 58
260.768000 261.664000 59
261.824000 262.048000 61
262.272000 262.624000 61
262.784000 263.584000 60
264.000000 264.160000 61
264.160000 265.280000 62
265.280000 265.856000 59
265.856000 266.208000 63
266.304000 266.496000 55
266.624000 266.944000 64
267.040000 267.968000 62
267.968000 268.160000 59
268.224000 268.352000 59
268.352000 268.672000 65
268.832000 272.000000 66
272.096000 272.192000 66
272.640000 272.992000 64
273.216000 274.272000 62
274.688000 274.944000 62
275.072000 275.520000 63
275.520000 275.744000 60
275.936000 276.832000 62
277.184000 277.408000 55
277.408000 277.856000 60
278.016000 278.240000 59
278.336000 278.816000 59
279.264000 279.328000 56
279.328000 280.000000 59
280.192000 281.376000 64
281.984000 282.240000 55
282.240000 282.720000 60
282.848000 283.936000 58
284.416000 285.024000 57
285.184000 287.392000 67
287.648000 287.712000 62
287.712000 287.872000 64
287.872000 288.992000 66
289.152000 292.032000 63
292.032000 293.376000 64
293.440000 293.952000 60
294.112000 294.464000 60
294.528000 295.168000 60
295.264000 296.000000 62
296.320000 296.640000 55
296.640000 298.400000 60
298.720000 299.136000 59
299.136000 299.360000 60
299.360000 300.384000 64
300.608000 301.632000 67
301.760000 302.016000 63
302.016000 304.096000 66
304.160000 304.576000 65
304.576000 305.056000 63
305.312000 306.176000 60
306.848000 308.544000 59
309.312000 310.336000 59
310.432000 310.560000 56
310.560000 310.752000 59
310.880000 311.648000 57
311.648000 314.656000 60
316.256000 316.352000 61
316.352000 316.384000 63
316.384000 316.672000 64
316.672000 317.792000 66
318.496000 318.624000 63
318.624000 319.296000 64
319.520000 320.288000 60
321.376000 321.536000 56
321.536000 322.944000 59
323.968000 324.128000 56
324.128000 325.344000 59
325.600000 325.952000 59
326.144000 327.264000 57
329.472000 332.928000 60
