13.856000 13.984000 65
14.304000 14.432000 65
14.784000 14.880000 65
15.840000 16.608000 66
16.704000 17.344000 64
19.264000 19.520000 66
19.616000 19.936000 67
19.936000 20.640000 64
22.752000 23.296000 67
23.392000 23.584000 66
23.584000 24.288000 62
24.288000 25.824000 55
25.824000 26.304000 62
29.504000 29.664000 57
29.760000 30.048000 66
30.144000 30.432000 67
30.432000 30.944000 65
32.768000 32.864000 55
32.992000 33.120000 57
33.216000 33.280000 61
33.280000 34.080000 66
34.176000 34.560000 64
36.256000 36.608000 57
36.704000 37.504000 66
37.504000 38.144000 62
38.272000 39.552000 55
39.936000 40.512000 62
41.888000 42.336000 57
42.336000 43.072000 63
43.072000 43.584000 62
45.376000 45.440000 59
45.440000 45.472000 62
45.472000 45.504000 64
45.504000 45.824000 66
45.824000 48.928000 67
48.928000 50.016000 66
50.592000 50.848000 62
50.976000 51.136000 64
51.264000 51.616000 66
51.616000 52.096000 64
52.096000 52.928000 61
53.024000 53.536000 62
54.048000 54.624000 62
54.720000 55.232000 69
55.776000 56.320000 62
56.448000 56.800000 67
56.896000 57.440000 66
57.536000 57.728000 67
57.856000 58.080000 69
58.080000 58.816000 64
59.264000 59.328000 65
59.328000 60.480000 68
60.608000 60.704000 67
60.960000 61.216000 66
61.344000 61.568000 67
61.696000 62.368000 68
62.368000 63.072000 66
63.168000 63.936000 66
64.448000 64.672000 61
64.864000 65.024000 64
65.184000 66.112000 65
66.240000 66.592000 62
66.688000 67.296000 62
67.936000 68.512000 62
68.672000 69.216000 69
69.664000 69.728000 57
69.728000 70.400000 62
70.400000 70.688000 67
70.816000 71.168000 66
71.168000 71.520000 60
71.520000 71.744000 66
71.840000 72.160000 64
72.320000 73.440000 62
86.912000 87.072000 56
87.072000 87.232000 59
87.232000 87.776000 66
87.872000 88.096000 66
88.096000 88.608000 64
90.336000 90.496000 56
90.592000 91.104000 66
91.200000 91.392000 67
91.552000 91.904000 64
94.016000 94.272000 66
94.368000 94.912000 66
94.912000 95.520000 62
95.520000 96.224000 56
96.320000 96.928000 54
97.056000 97.888000 62
99.200000 99.328000 54
99.328000 99.776000 57
99.776000 100.224000 65
100.224000 100.800000 62
102.784000 102.848000 62
102.848000 102.912000 64
102.912000 103.232000 66
103.232000 106.176000 67
106.176000 106.784000 65
106.880000 107.360000 66
107.968000 108.352000 62
108.352000 108.544000 64
108.704000 109.056000 66
109.056000 109.632000 64
109.632000 110.304000 61
110.400000 110.880000 61
111.456000 112.000000 62
112.128000 112.608000 69
113.152000 113.216000 59
113.216000 113.856000 62
113.856000 114.848000 67
114.944000 115.136000 67
115.264000 115.520000 69
115.520000 116.256000 64
116.640000 116.896000 66
117.056000 117.408000 67
117.408000 117.888000 69
118.368000 118.656000 66
118.752000 118.944000 67
119.072000 120.064000 67
120.064000 120.480000 66
120.576000 120.896000 64
120.896000 121.312000 66
121.856000 122.144000 62
122.240000 122.432000 64
122.560000 122.944000 66
122.944000 123.488000 64
123.616000 124.832000 62
125.344000 125.888000 62
126.048000 126.496000 69
127.072000 127.136000 57
127.136000 127.808000 62
127.808000 128.096000 67
128.192000 128.608000 66
128.608000 128.896000 60
128.896000 129.120000 66
129.248000 129.568000 64
129.664000 129.952000 62
130.016000 130.816000 62
156.704000 156.768000 60
156.768000 157.440000 66
157.632000 158.368000 69
158.528000 158.720000 66
158.880000 159.040000 68
159.040000 159.328000 71
159.488000 159.840000 55
159.936000 160.768000 67
160.896000 161.248000 66
161.920000 162.208000 62
162.240000 162.432000 64
162.592000 163.520000 65
163.680000 163.744000 60
163.776000 164.800000 62
165.344000 165.920000 62
166.080000 166.624000 69
167.104000 167.680000 62
167.776000 169.056000 67
169.216000 169.408000 69
169.408000 169.664000 66
169.760000 170.208000 64
170.624000 170.784000 66
170.976000 171.872000 68
172.320000 172.608000 66
172.736000 172.896000 67
172.992000 175.232000 67
175.776000 176.000000 61
176.160000 176.352000 64
176.480000 177.440000 64
177.600000 178.144000 62
178.272000 178.688000 62
179.264000 179.808000 62
180.000000 180.544000 69
181.024000 181.088000 57
181.088000 181.760000 62
181.760000 181.984000 67
182.112000 182.496000 66
182.496000 182.752000 60
182.752000 183.008000 66
183.168000 183.488000 64
183.616000 184.864000 62
