15.328000 15.520000 67
15.648000 16.416000 64
17.312000 17.664000 61
17.792000 18.528000 57
19.616000 19.680000 55
19.680000 19.968000 58
20.096000 20.672000 59
20.832000 21.600000 60
21.792000 22.304000 58
24.704000 25.120000 58
25.248000 25.504000 54
25.504000 25.856000 56
27.072000 27.168000 53
27.264000 28.096000 54
28.224000 29.632000 55
32.096000 32.448000 61
32.576000 33.216000 57
34.368000 34.720000 57
34.880000 35.904000 59
36.128000 36.384000 62
36.512000 36.768000 62
36.768000 37.120000 60
39.264000 39.584000 58
39.776000 39.968000 63
40.128000 40.480000 58
40.672000 41.088000 57
42.080000 42.592000 54
42.720000 42.880000 54
43.008000 43.072000 54
43.072000 44.384000 55
46.880000 46.976000 53
46.976000 47.072000 54
47.072000 48.128000 57
48.256000 48.416000 62
48.544000 48.928000 62
49.408000 49.568000 62
49.696000 50.432000 62
50.560000 50.944000 60
50.944000 51.936000 61
52.864000 53.088000 64
53.088000 53.248000 66
53.376000 54.528000 66
54.752000 55.776000 57
55.936000 56.352000 64
56.768000 60.800000 62
62.880000 63.328000 50
63.488000 63.904000 55
63.904000 65.056000 60
65.184000 65.440000 60
65.600000 66.656000 62
67.008000 67.520000 55
67.616000 67.776000 65
67.776000 67.936000 67
68.096000 69.408000 65
69.760000 70.240000 62
70.432000 70.752000 64
70.880000 71.872000 59
72.064000 72.320000 51
72.704000 72.768000 51
72.768000 72.832000 52
72.832000 73.184000 54
73.184000 73.568000 55
73.568000 73.952000 59
74.080000 75.168000 62
75.328000 76.512000 57
76.672000 76.960000 57
77.088000 77.472000 57
78.272000 78.560000 55
78.688000 79.040000 62
79.168000 79.808000 60
79.904000 80.192000 60
80.384000 81.536000 62
82.624000 82.752000 62
82.848000 83.936000 63
84.064000 86.688000 66
87.168000 87.392000 67
87.488000 88.128000 66
88.224000 90.176000 64
92.128000 92.576000 62
92.576000 93.344000 58
93.472000 93.664000 55
93.824000 94.336000 62
95.680000 96.608000 60
96.768000 98.144000 53
98.688000 99.744000 57
99.744000 101.504000 55
101.984000 102.208000 54
107.840000 108.192000 61
108.288000 108.544000 55
108.544000 108.992000 57
110.016000 111.584000 59
111.776000 112.064000 62
112.256000 112.448000 62
112.448000 112.800000 59
115.168000 115.520000 58
115.904000 116.416000 56
117.536000 118.304000 54
118.432000 119.040000 54
119.168000 119.488000 56
119.680000 120.224000 57
122.560000 122.944000 61
123.040000 123.776000 56
124.832000 125.024000 57
125.024000 125.216000 59
125.376000 125.664000 60
125.792000 126.336000 59
126.560000 126.656000 60
126.656000 127.232000 62
127.232000 127.552000 59
129.792000 130.080000 58
130.304000 130.528000 64
130.752000 130.976000 58
131.104000 131.488000 56
132.288000 132.384000 52
132.544000 133.024000 54
133.120000 133.344000 54
133.504000 133.792000 55
133.920000 134.880000 56
137.440000 137.792000 55
137.792000 138.560000 57
138.720000 138.880000 62
139.008000 139.360000 62
139.840000 140.000000 61
140.128000 140.928000 62
141.024000 141.472000 60
141.472000 142.048000 62
142.048000 142.528000 59
143.296000 143.520000 64
143.520000 143.712000 66
143.808000 144.992000 66
145.216000 146.240000 57
146.432000 146.816000 64
147.232000 147.456000 64
147.552000 152.000000 62
153.376000 153.760000 50
153.984000 154.304000 55
154.400000 154.464000 59
154.464000 154.784000 62
154.848000 155.520000 60
155.648000 155.904000 60
156.064000 157.120000 62
157.504000 157.984000 54
158.080000 158.432000 66
158.592000 160.000000 64
160.320000 160.672000 62
160.896000 161.184000 64
161.344000 162.368000 59
162.528000 162.784000 52
163.328000 163.488000 53
163.488000 163.648000 54
163.648000 163.968000 55
163.968000 164.448000 58
164.544000 165.664000 62
165.824000 166.880000 57
168.736000 169.056000 55
169.152000 169.216000 59
169.216000 169.472000 62
169.632000 170.272000 59
170.400000 170.656000 60
170.816000 172.032000 62
173.120000 174.400000 63
174.496000 174.784000 66
174.976000 177.088000 67
177.664000 177.920000 67
177.920000 180.800000 65
182.560000 182.944000 63
183.072000 183.392000 59
183.520000 183.872000 57
184.000000 184.128000 56
184.256000 184.736000 61
186.272000 187.008000 60
187.232000 188.544000 53
189.120000 190.240000 57
190.240000 190.816000 55
191.456000 192.160000 64
192.288000 192.384000 64
192.544000 193.856000 64
194.080000 194.272000 64
194.432000 194.752000 64
194.880000 194.944000 64
194.944000 195.616000 65
195.616000 195.936000 63
197.792000 198.208000 59
198.208000 198.560000 63
198.720000 199.040000 67
199.200000 199.552000 65
199.552000 200.512000 62
200.704000 201.888000 64
202.656000 204.032000 64
204.032000 205.056000 61
205.632000 206.752000 62
208.192000 208.320000 62
208.448000 208.800000 63
208.896000 211.776000 66
213.056000 213.536000 67
213.760000 219.200000 62
220.032000 220.128000 57
220.448000 220.768000 55
220.896000 221.216000 61
221.344000 221.984000 60
222.112000 222.400000 60
222.528000 223.616000 62
223.968000 224.576000 55
224.576000 224.896000 67
225.056000 226.400000 64
226.784000 227.168000 62
227.360000 227.680000 64
227.808000 228.832000 60
228.960000 229.216000 52
229.728000 230.656000 55
230.656000 230.912000 60
231.008000 232.128000 62
232.288000 233.440000 57
233.696000 233.792000 57
234.144000 234.432000 57
235.232000 235.616000 55
235.616000 236.000000 61
236.096000 237.120000 60
237.280000 238.528000 62
239.552000 240.320000 62
240.320000 241.344000 64
241.440000 243.648000 67
244.160000 245.600000 66
245.792000 246.016000 64
246.112000 246.784000 64
249.024000 249.408000 63
249.504000 249.888000 58
250.016000 250.592000 57
250.784000 251.264000 61
252.448000 252.544000 57
252.704000 253.504000 60
253.696000 254.976000 52
255.584000 256.608000 58
256.608000 257.440000 55
257.600000 258.688000 57
258.688000 259.584000 55
261.152000 261.312000 58
261.568000 262.880000 59
263.584000 263.680000 66
263.808000 264.672000 59
264.672000 266.848000 53
268.512000 269.344000 58
269.344000 272.640000 55
272.928000 273.344000 54
277.600000 277.760000 54
