8.480000 8.576000 50
8.672000 8.800000 55
9.152000 9.568000 57
9.792000 10.208000 54
10.208000 10.688000 51
10.816000 11.168000 54
11.296000 11.936000 51
15.616000 15.840000 56
15.840000 15.936000 59
15.936000 16.608000 57
16.608000 17.152000 54
17.408000 17.920000 51
18.048000 18.624000 56
22.368000 22.528000 50
22.528000 22.592000 53
22.592000 23.552000 57
23.712000 23.904000 61
23.904000 24.192000 63
24.352000 24.640000 56
24.800000 25.408000 56
25.408000 25.824000 60
26.080000 27.040000 54
28.128000 28.224000 50
28.320000 28.832000 53
29.024000 29.952000 56
31.360000 33.376000 51
36.480000 36.704000 56
36.704000 36.832000 59
36.928000 37.152000 56
37.152000 37.376000 58
37.568000 38.080000 54
38.080000 38.528000 51
38.656000 38.944000 55
39.136000 39.296000 51
39.424000 39.872000 51
43.232000 43.328000 51
43.456000 43.776000 56
43.904000 44.320000 57
44.576000 45.024000 54
45.248000 46.624000 56
50.368000 50.528000 56
50.528000 51.488000 58
51.488000 51.968000 62
52.128000 52.448000 56
52.608000 53.536000 56
53.696000 54.112000 58
54.112000 54.848000 54
55.872000 56.352000 52
56.480000 56.640000 54
56.800000 57.472000 56
59.552000 60.768000 55
61.216000 61.280000 53
61.280000 61.440000 61
61.440000 61.600000 63
61.728000 62.016000 61
62.144000 62.400000 59
62.560000 63.424000 61
63.424000 63.712000 56
63.904000 64.160000 63
64.288000 64.736000 56
64.736000 65.056000 62
65.184000 65.696000 64
66.048000 66.336000 63
66.496000 66.784000 61
66.944000 67.232000 54
67.360000 67.680000 60
67.776000 68.000000 54
68.224000 68.544000 61
68.672000 69.184000 63
69.504000 69.664000 63
69.664000 69.888000 61
69.984000 70.368000 58
70.368000 70.656000 52
70.848000 71.072000 59
71.392000 71.488000 59
71.680000 72.032000 61
72.128000 72.992000 59
73.312000 73.344000 55
73.408000 73.472000 55
73.472000 73.792000 58
73.888000 74.720000 58
75.232000 75.744000 58
75.840000 76.448000 59
76.864000 76.928000 57
76.928000 77.216000 63
77.344000 78.080000 63
78.240000 78.688000 56
78.688000 78.944000 62
79.072000 79.616000 63
79.776000 80.096000 63
80.224000 80.736000 61
80.832000 80.992000 61
81.088000 81.376000 61
81.504000 81.664000 63
81.664000 81.984000 66
82.144000 82.464000 64
82.560000 82.912000 63
83.008000 83.296000 60
83.424000 83.744000 62
84.032000 84.480000 58
84.608000 84.896000 59
85.024000 85.600000 52
85.600000 85.760000 49
86.880000 87.232000 60
87.488000 87.616000 58
87.776000 87.872000 58
88.064000 89.248000 55
93.952000 94.304000 59
94.976000 95.136000 67
103.904000 104.032000 60
104.032000 104.512000 56
107.776000 108.448000 56
108.448000 108.704000 58
108.864000 109.376000 54
109.376000 109.920000 51
109.920000 110.272000 55
110.432000 110.592000 51
110.688000 111.168000 51
114.720000 114.912000 56
114.912000 115.040000 59
115.200000 115.648000 58
115.872000 116.288000 54
116.512000 117.856000 56
121.696000 121.888000 56
121.888000 122.784000 58
122.784000 123.264000 62
123.424000 123.712000 57
123.904000 124.416000 56
124.544000 124.864000 56
125.184000 125.280000 59
125.408000 126.112000 54
127.136000 127.680000 52
127.776000 127.936000 54
128.096000 128.896000 56
129.216000 129.312000 54
131.040000 131.424000 55
131.520000 132.096000 56
132.384000 132.544000 54
132.544000 132.576000 57
132.576000 132.896000 63
132.992000 133.312000 61
133.408000 133.696000 59
133.856000 134.144000 61
134.272000 134.656000 62
134.656000 135.104000 56
135.200000 135.584000 63
135.584000 136.064000 56
136.064000 136.352000 63
136.480000 136.992000 63
137.376000 137.632000 63
137.792000 138.080000 60
138.272000 138.496000 54
138.624000 139.008000 60
139.104000 139.328000 54
139.520000 139.872000 61
139.968000 140.448000 62
140.832000 140.992000 63
140.992000 141.184000 61
141.184000 141.600000 59
141.600000 141.952000 52
142.144000 142.400000 58
142.592000 142.816000 52
142.976000 143.360000 61
143.456000 144.288000 58
144.640000 145.088000 58
145.184000 146.016000 57
146.528000 147.008000 58
147.136000 147.520000 59
147.520000 147.904000 61
148.096000 148.352000 61
148.352000 148.512000 63
148.640000 149.440000 63
149.536000 149.952000 57
149.952000 150.240000 63
150.368000 150.976000 64
151.072000 151.424000 64
151.520000 151.616000 63
151.616000 152.064000 61
152.160000 152.288000 61
152.384000 152.704000 61
152.800000 153.344000 65
153.472000 153.760000 63
153.888000 154.272000 63
154.272000 155.040000 61
155.264000 155.776000 58
155.904000 156.192000 58
156.288000 156.640000 52
156.704000 157.376000 49
157.600000 157.664000 48
157.792000 157.920000 51
158.016000 158.112000 55
158.208000 158.336000 59
158.464000 158.656000 61
158.656000 158.944000 57
159.104000 160.992000 55
162.112000 162.176000 66
162.176000 162.464000 68
162.560000 162.688000 61
162.848000 162.976000 61
162.976000 163.168000 59
163.264000 163.616000 59
164.096000 164.416000 58
164.576000 165.216000 60
165.600000 165.760000 66
165.760000 165.920000 68
166.048000 166.400000 63
166.400000 166.592000 59
166.720000 167.008000 59
167.392000 167.456000 66
167.456000 167.680000 68
167.680000 167.808000 63
167.808000 168.320000 61
168.480000 168.608000 59
168.704000 168.992000 61
169.152000 169.440000 67
169.568000 169.696000 61
169.792000 169.888000 62
169.888000 170.112000 59
170.272000 170.560000 59
170.880000 171.008000 67
171.104000 171.552000 58
171.552000 172.224000 59
172.576000 172.864000 67
172.992000 173.152000 62
173.280000 174.656000 59
174.880000 175.520000 59
175.616000 175.808000 61
176.032000 177.632000 63
177.792000 177.952000 64
177.952000 178.368000 61
178.464000 178.720000 61
179.040000 179.104000 61
179.104000 179.360000 66
179.552000 180.224000 63
180.224000 180.352000 59
180.704000 181.696000 63
181.888000 182.048000 56
182.048000 182.464000 59
182.592000 182.848000 61
183.040000 183.776000 63
183.904000 184.640000 63
184.800000 184.928000 65
184.928000 185.024000 62
185.216000 185.632000 61
185.792000 185.920000 67
186.016000 187.040000 64
187.200000 187.552000 59
187.552000 188.000000 64
188.256000 189.088000 62
189.088000 189.216000 57
189.312000 189.824000 59
189.952000 191.488000 58
191.552000 191.808000 51
200.000000 200.160000 60
220.352000 221.600000 64
221.600000 222.048000 57
222.144000 222.432000 63
222.560000 223.008000 58
223.008000 223.296000 63
223.424000 224.000000 64
224.288000 224.576000 64
224.768000 225.024000 62
225.184000 225.472000 55
225.568000 225.952000 60
225.952000 226.304000 55
226.464000 226.784000 62
226.912000 227.456000 64
227.744000 227.936000 64
227.936000 228.544000 60
228.672000 228.896000 60
229.120000 229.344000 60
229.568000 229.824000 60
229.984000 230.304000 62
230.400000 231.296000 59
231.488000 231.648000 63
231.648000 232.064000 59
232.160000 232.992000 59
233.440000 233.952000 59
234.080000 234.432000 60
234.528000 234.816000 62
235.072000 235.136000 59
235.136000 235.456000 63
235.584000 236.352000 64
236.480000 236.864000 57
236.864000 237.120000 63
237.312000 237.888000 65
238.112000 238.336000 65
238.432000 238.592000 64
238.592000 238.976000 61
239.104000 239.264000 62
239.360000 239.680000 62
239.840000 240.256000 66
240.416000 240.736000 65
240.864000 241.216000 64
241.216000 241.600000 62
241.728000 241.984000 63
242.272000 242.720000 60
242.848000 243.200000 59
243.296000 243.680000 53
243.744000 244.224000 62
244.512000 244.640000 69
245.152000 245.632000 60
245.632000 245.888000 58
246.048000 246.624000 58
246.784000 249.632000 56
252.288000 253.120000 60
254.208000 255.264000 57
