19.296000 19.456000 57
19.456000 21.344000 59
21.344000 22.112000 62
22.272000 22.400000 62
22.400000 22.528000 60
22.528000 22.752000 56
22.912000 23.488000 51
24.320000 24.480000 54
24.640000 24.928000 53
24.928000 25.216000 55
25.216000 25.696000 57
25.856000 28.160000 60
28.672000 28.992000 60
28.992000 29.632000 62
29.632000 30.400000 65
30.400000 30.496000 70
30.496000 30.848000 67
30.848000 31.584000 62
31.744000 31.904000 62
31.904000 32.288000 61
32.288000 33.344000 57
33.728000 34.272000 54
34.368000 34.592000 57
34.592000 35.232000 60
35.328000 35.520000 57
35.520000 36.032000 55
38.176000 38.528000 67
38.528000 38.912000 69
39.072000 39.360000 67
39.360000 42.816000 69
42.816000 42.912000 62
42.912000 45.216000 66
45.312000 46.272000 65
46.272000 46.560000 62
46.560000 47.296000 60
47.616000 48.032000 65
48.032000 48.512000 67
48.512000 48.704000 65
48.704000 49.280000 61
49.376000 49.664000 57
50.208000 50.400000 60
50.400000 50.496000 63
50.496000 50.752000 62
50.752000 51.232000 59
51.232000 51.968000 56
52.352000 53.248000 53
53.248000 53.536000 54
53.536000 53.824000 57
53.824000 54.304000 60
54.304000 54.912000 65
55.040000 56.160000 67
56.480000 58.688000 67
58.688000 59.584000 62
59.680000 62.336000 65
75.904000 76.096000 57
76.096000 76.928000 59
76.928000 79.392000 60
79.392000 80.384000 53
80.960000 81.024000 52
81.024000 81.152000 55
81.312000 81.568000 53
81.568000 81.760000 55
81.856000 82.240000 57
82.240000 82.368000 63
82.496000 84.864000 60
85.376000 86.304000 62
86.304000 87.712000 65
87.712000 89.184000 61
89.312000 89.536000 57
89.632000 89.888000 57
90.400000 90.880000 55
90.880000 91.360000 57
91.360000 92.416000 58
94.848000 95.040000 73
95.040000 99.456000 69
99.552000 102.496000 66
102.592000 102.784000 66
102.784000 103.488000 62
103.488000 103.968000 60
104.288000 105.408000 65
105.408000 105.888000 61
106.048000 106.176000 60
106.176000 106.368000 57
106.592000 107.712000 60
107.808000 108.064000 57
108.064000 108.320000 55
108.448000 108.704000 58
109.024000 109.760000 52
109.856000 110.176000 55
110.176000 110.432000 57
110.432000 110.912000 60
110.912000 111.520000 65
111.680000 112.768000 66
113.120000 115.264000 67
115.264000 118.848000 65
137.280000 137.536000 57
137.536000 140.736000 60
140.736000 141.440000 54
142.304000 143.136000 54
143.264000 143.680000 57
143.680000 143.776000 62
143.872000 146.176000 60
146.752000 146.816000 59
146.816000 147.040000 60
147.040000 147.680000 62
147.680000 149.152000 65
149.152000 149.600000 62
149.760000 149.920000 62
149.920000 150.336000 61
150.336000 151.392000 57
151.808000 152.096000 53
152.096000 152.640000 55
152.800000 152.960000 60
152.960000 153.152000 58
153.152000 153.312000 60
153.312000 153.376000 58
153.376000 153.952000 56
153.952000 154.560000 53
156.192000 160.800000 68
160.896000 163.168000 65
163.296000 164.128000 66
164.128000 165.312000 60
165.632000 165.696000 57
165.696000 165.760000 61
165.760000 166.720000 65
166.720000 167.488000 62
167.488000 167.872000 57
168.000000 168.064000 57
168.064000 168.192000 59
168.288000 168.448000 60
168.448000 168.576000 63
168.576000 169.120000 60
169.152000 169.344000 57
169.472000 169.728000 55
169.824000 170.048000 60
170.432000 171.392000 53
171.392000 171.808000 57
171.808000 172.288000 60
172.288000 172.960000 65
173.088000 174.208000 67
174.528000 176.800000 67
176.800000 180.832000 65
