25.696000 26.144000 50
26.432000 26.720000 52
27.552000 28.544000 57
29.280000 30.080000 57
30.176000 30.912000 54
31.040000 32.704000 55
34.816000 34.880000 58
34.880000 34.976000 60
34.976000 36.288000 62
36.832000 37.920000 67
38.016000 38.432000 62
38.560000 38.976000 64
38.976000 39.104000 67
39.200000 39.360000 65
39.360000 39.424000 64
39.424000 42.624000 62
44.192000 44.384000 62
45.056000 45.376000 52
46.208000 47.168000 57
47.488000 47.584000 56
48.096000 48.800000 57
48.800000 49.120000 59
49.120000 49.600000 67
49.696000 49.920000 65
49.920000 50.176000 62
50.272000 52.640000 62
52.896000 54.304000 59
54.400000 54.624000 57
55.296000 56.608000 57
56.928000 57.184000 54
57.344000 57.408000 54
57.568000 58.944000 54
59.104000 60.736000 55
62.560000 63.552000 62
63.552000 64.608000 67
64.640000 66.624000 67
67.136000 68.224000 67
68.320000 68.416000 67
68.416000 68.576000 64
68.576000 69.024000 62
69.216000 70.048000 62
70.048000 70.592000 59
70.688000 71.200000 62
71.584000 73.280000 59
73.280000 73.568000 55
73.920000 73.984000 54
73.984000 75.328000 57
75.328000 76.704000 54
76.800000 77.568000 54
77.728000 78.240000 55
78.368000 79.616000 55
81.152000 82.272000 62
82.272000 84.896000 67
84.960000 84.992000 67
85.056000 85.088000 67
85.792000 87.232000 67
87.232000 88.736000 62
88.736000 89.856000 60
90.240000 91.904000 59
92.576000 93.280000 57
93.312000 93.344000 57
93.408000 94.016000 57
94.016000 95.360000 54
95.424000 96.224000 54
96.352000 96.544000 57
96.544000 96.928000 55
96.928000 97.120000 53
97.248000 98.592000 55
99.296000 99.424000 62
99.552000 99.712000 62
99.904000 101.024000 69
109.632000 109.952000 67
110.944000 111.424000 60
118.784000 118.880000 70
122.016000 122.048000 67
122.080000 122.176000 67
122.176000 122.240000 70
122.304000 123.456000 70
131.456000 131.584000 62
137.568000 138.080000 50
138.080000 138.592000 52
139.456000 139.744000 55
139.744000 140.448000 57
140.704000 141.056000 55
141.216000 142.208000 57
142.208000 142.720000 54
143.328000 144.288000 55
146.688000 146.784000 58
146.784000 146.912000 61
146.912000 148.128000 63
148.768000 149.856000 67
149.856000 150.400000 62
150.528000 151.456000 64
151.456000 152.064000 60
152.064000 154.432000 62
154.592000 154.720000 66
156.128000 156.256000 49
156.384000 156.864000 50
158.176000 159.040000 57
159.264000 159.488000 55
159.904000 160.960000 57
161.056000 162.176000 64
162.176000 163.424000 62
163.552000 163.936000 59
163.936000 164.448000 62
164.928000 165.024000 58
165.120000 165.632000 59
165.632000 166.592000 57
167.200000 167.360000 57
167.456000 167.968000 57
168.064000 168.736000 57
168.736000 169.088000 54
169.184000 170.240000 54
170.368000 171.392000 55
171.520000 172.960000 55
174.432000 175.904000 62
175.904000 178.528000 67
179.104000 180.128000 67
180.256000 180.352000 68
180.352000 181.920000 62
182.048000 182.528000 59
182.528000 183.136000 62
183.488000 185.152000 59
185.152000 185.504000 55
185.824000 185.888000 55
185.888000 187.392000 57
187.392000 189.472000 54
189.600000 191.552000 55
191.712000 191.840000 55
193.088000 194.112000 62
194.112000 197.120000 67
197.184000 197.248000 68
197.728000 198.848000 67
198.880000 198.944000 67
198.944000 199.168000 64
199.168000 199.392000 62
199.488000 199.776000 60
199.776000 200.640000 62
200.640000 201.152000 59
201.280000 201.600000 62
201.600000 201.824000 58
202.144000 203.904000 59
204.480000 204.544000 54
204.544000 206.112000 57
206.112000 206.560000 54
206.688000 207.264000 54
207.360000 208.128000 54
208.320000 208.480000 57
208.480000 208.736000 55
208.800000 209.056000 53
209.152000 210.784000 55
211.456000 213.120000 59
213.120000 213.472000 55
213.824000 213.888000 55
213.888000 215.328000 57
215.328000 216.576000 54
216.672000 217.440000 54
217.664000 217.824000 57
217.824000 218.048000 55
218.048000 218.144000 59
218.400000 219.616000 55
219.712000 220.096000 55
220.192000 220.288000 55
220.512000 221.344000 60
222.592000 222.752000 67
222.752000 223.392000 69
223.552000 223.776000 67
225.888000 227.584000 67
