29.184000 29.440000 63
29.568000 29.760000 63
30.368000 30.752000 64
30.880000 31.104000 63
31.104000 31.680000 60
32.896000 33.344000 60
33.472000 33.600000 59
33.600000 34.208000 56
35.456000 36.736000 68
36.736000 37.472000 65
37.696000 37.888000 60
38.080000 38.880000 64
38.880000 39.008000 63
40.384000 40.672000 63
40.672000 41.120000 65
41.280000 41.760000 65
41.760000 42.368000 68
42.944000 43.488000 64
43.584000 44.128000 63
44.288000 45.024000 58
46.016000 46.144000 59
46.240000 46.656000 58
46.816000 47.264000 59
47.456000 48.064000 56
48.416000 48.672000 60
48.832000 49.312000 56
50.112000 50.336000 64
50.432000 50.624000 64
51.072000 51.584000 65
51.712000 52.608000 60
53.728000 54.208000 59
54.368000 54.944000 56
56.288000 57.728000 68
57.920000 58.176000 65
58.208000 58.432000 65
58.592000 58.688000 60
58.848000 59.200000 60
59.200000 59.520000 62
60.832000 61.344000 63
61.472000 61.632000 63
61.824000 61.984000 68
62.112000 62.304000 65
62.400000 62.944000 68
63.744000 63.968000 63
64.096000 64.640000 63
64.736000 64.928000 63
64.928000 65.408000 56
66.400000 66.656000 56
66.656000 67.264000 58
67.712000 67.904000 56
68.000000 68.320000 56
68.544000 69.120000 52
69.344000 69.856000 54
74.848000 74.944000 57
75.136000 75.968000 60
76.096000 76.320000 60
76.416000 76.576000 58
76.768000 77.248000 57
77.536000 77.760000 57
77.760000 78.048000 55
80.064000 80.544000 57
80.640000 80.800000 58
81.024000 81.344000 56
82.016000 82.336000 60
85.184000 85.408000 63
85.536000 86.112000 63
86.208000 86.400000 63
86.528000 87.840000 63
88.128000 88.768000 60
88.768000 89.376000 57
90.336000 90.624000 61
90.752000 90.912000 61
91.008000 92.000000 61
92.000000 92.512000 58
92.640000 94.016000 60
96.000000 96.448000 60
96.576000 97.472000 60
97.568000 97.760000 58
97.888000 98.080000 57
98.240000 98.560000 56
98.688000 98.880000 57
98.880000 99.680000 54
100.864000 101.024000 58
101.184000 101.344000 58
101.440000 101.952000 58
102.112000 102.368000 57
102.464000 102.592000 56
102.592000 103.360000 53
103.584000 103.936000 59
106.016000 106.720000 63
106.976000 107.168000 63
107.328000 107.616000 63
107.936000 108.160000 63
108.256000 108.768000 65
109.120000 109.408000 59
109.600000 110.176000 57
111.584000 112.736000 61
112.896000 113.024000 60
113.152000 113.376000 61
113.504000 113.824000 66
113.920000 114.016000 63
114.176000 114.464000 60
114.464000 115.040000 63
115.232000 115.936000 60
116.128000 116.768000 58
116.768000 117.696000 55
118.432000 118.528000 59
118.688000 119.712000 58
119.712000 119.840000 56
120.640000 121.152000 59
123.584000 123.744000 60
123.904000 124.864000 58
124.864000 125.440000 55
125.856000 126.304000 59
126.528000 127.360000 58
127.456000 127.904000 56
128.800000 129.728000 59
129.728000 130.656000 56
131.680000 132.544000 63
132.704000 132.832000 63
133.248000 133.472000 63
133.568000 133.696000 63
133.888000 134.048000 58
134.144000 134.656000 58
135.936000 136.160000 63
136.256000 136.448000 63
137.120000 137.376000 64
137.568000 138.304000 60
139.616000 140.000000 59
140.192000 140.800000 57
142.112000 143.424000 68
143.424000 144.160000 65
144.352000 144.512000 60
144.800000 145.664000 64
146.976000 147.296000 63
147.296000 148.160000 65
148.256000 149.088000 68
149.600000 150.848000 63
150.880000 151.456000 59
152.544000 153.376000 58
153.472000 153.952000 58
154.080000 154.912000 56
155.104000 155.360000 60
155.488000 156.096000 57
156.736000 156.992000 62
157.088000 157.280000 63
157.792000 158.272000 65
158.368000 158.624000 63
158.624000 159.232000 60
160.416000 160.864000 60
160.960000 161.184000 58
161.184000 161.760000 56
162.944000 164.288000 68
164.512000 165.088000 65
165.248000 165.344000 60
165.536000 165.824000 60
165.824000 166.080000 63
167.520000 168.064000 63
168.192000 168.288000 64
168.480000 168.672000 68
168.768000 168.928000 66
169.056000 169.664000 68
170.400000 170.624000 64
170.720000 171.232000 63
171.360000 171.584000 63
171.584000 171.968000 56
172.192000 172.288000 56
172.736000 172.864000 54
173.056000 173.888000 58
174.304000 174.496000 56
174.624000 174.976000 56
175.136000 175.776000 52
176.000000 176.480000 54
220.832000 221.984000 60
222.080000 222.240000 58
222.464000 222.944000 56
223.232000 223.328000 58
223.328000 223.392000 57
223.392000 223.456000 56
223.456000 224.192000 51
224.352000 224.512000 51
225.696000 226.176000 57
226.304000 226.464000 58
226.688000 227.008000 56
227.200000 227.360000 54
227.712000 227.936000 60
227.936000 228.064000 57
228.192000 228.544000 52
230.848000 231.008000 63
231.168000 231.712000 63
231.840000 232.000000 63
232.128000 232.864000 63
232.864000 233.408000 65
233.792000 233.952000 59
233.952000 234.560000 60
234.560000 234.880000 58
236.000000 236.320000 61
236.416000 236.576000 61
236.672000 236.896000 61
236.992000 237.568000 61
237.632000 237.888000 60
237.888000 238.176000 56
238.336000 239.584000 60
241.600000 242.080000 60
242.240000 243.104000 60
243.232000 243.424000 58
243.552000 243.744000 56
243.872000 244.608000 57
244.608000 245.376000 53
245.888000 246.368000 57
246.528000 246.656000 57
246.848000 247.008000 58
247.104000 247.648000 58
247.776000 247.968000 58
248.096000 248.288000 56
248.288000 248.896000 53
249.120000 249.632000 60
249.792000 250.592000 60
251.680000 252.416000 63
252.640000 252.800000 63
252.960000 253.216000 63
253.632000 254.016000 63
254.016000 254.496000 65
254.624000 255.072000 59
255.296000 255.840000 57
257.280000 258.336000 61
258.784000 258.976000 61
259.136000 259.360000 66
259.488000 259.648000 63
259.808000 260.160000 60
260.160000 260.448000 63
260.736000 261.408000 72
261.760000 262.464000 58
262.464000 263.360000 56
264.032000 264.192000 60
264.352000 265.376000 58
265.376000 265.504000 56
266.304000 266.816000 59
267.392000 267.680000 53
267.968000 268.096000 55
269.216000 269.376000 60
269.568000 270.272000 59
270.272000 271.072000 56
271.680000 271.968000 59
272.160000 273.408000 58
274.496000 275.264000 59
275.392000 275.680000 58
275.680000 276.096000 56
277.344000 278.240000 64
278.272000 278.496000 63
278.688000 278.784000 63
278.944000 279.104000 63
279.264000 279.392000 63
279.488000 279.744000 58
279.840000 280.384000 58
281.536000 281.792000 63
281.920000 282.112000 63
282.720000 283.040000 65
283.200000 283.328000 64
283.328000 283.936000 60
285.216000 285.984000 59
285.984000 286.496000 56
287.776000 287.840000 65
287.840000 289.056000 68
289.056000 289.824000 65
290.048000 290.208000 59
290.432000 291.360000 64
292.672000 293.088000 63
293.088000 293.504000 67
293.504000 293.824000 65
293.920000 294.752000 68
295.232000 295.776000 63
295.904000 296.416000 63
296.544000 297.248000 58
298.208000 299.008000 58
299.104000 299.648000 58
299.648000 300.480000 56
300.736000 300.992000 59
301.120000 301.472000 56
302.368000 302.592000 63
302.720000 302.912000 63
303.488000 303.904000 65
304.000000 304.256000 63
304.352000 304.704000 60
306.048000 306.528000 59
306.624000 307.296000 56
308.576000 309.920000 68
310.208000 310.720000 65
310.880000 311.008000 60
311.168000 311.552000 60
311.648000 311.744000 61
313.120000 313.952000 63
314.112000 314.272000 68
314.400000 314.624000 65
314.720000 315.296000 68
316.064000 316.256000 63
316.384000 316.896000 63
317.024000 317.216000 63
317.216000 317.376000 59
317.472000 317.568000 56
318.336000 318.496000 53
318.688000 319.520000 58
320.000000 320.544000 56
320.768000 321.504000 52
321.664000 322.144000 54
323.584000 323.712000 54
323.904000 324.736000 58
325.184000 325.376000 56
325.504000 325.920000 56
326.080000 326.720000 52
326.944000 327.392000 54
328.736000 328.896000 53
329.088000 329.312000 56
329.312000 329.920000 58
330.688000 331.264000 56
331.360000 332.032000 51
332.352000 332.896000 55
334.016000 334.112000 54
334.304000 334.560000 56
334.560000 335.200000 58
335.936000 336.736000 56
336.864000 337.472000 52
337.664000 337.952000 54
