13.600000 14.752000 60
14.848000 15.296000 64
15.488000 15.776000 60
16.416000 16.480000 63
16.480000 16.800000 65
16.800000 17.184000 67
17.280000 17.440000 67
17.440000 18.336000 64
18.528000 18.656000 63
18.656000 18.976000 61
21.120000 21.248000 60
21.344000 22.496000 67
22.656000 23.360000 67
23.840000 23.904000 59
23.904000 24.192000 61
24.384000 24.576000 62
24.576000 25.888000 60
26.016000 26.528000 58
28.352000 28.576000 58
28.768000 29.152000 60
29.248000 29.632000 61
29.984000 30.048000 59
30.048000 30.208000 61
30.208000 31.488000 64
32.640000 32.992000 62
33.120000 34.176000 61
34.400000 34.720000 66
34.848000 35.552000 65
36.320000 36.384000 59
36.384000 36.480000 61
36.480000 37.312000 64
37.856000 38.208000 65
38.208000 38.848000 69
38.944000 39.296000 67
39.616000 39.840000 67
39.936000 40.736000 65
40.896000 42.528000 65
44.832000 45.088000 60
45.280000 45.888000 60
46.080000 46.432000 64
46.656000 46.944000 60
47.488000 47.552000 61
47.552000 47.840000 65
47.968000 48.096000 67
48.192000 48.384000 69
48.384000 48.608000 67
48.608000 49.600000 63
49.696000 49.984000 63
49.984000 50.304000 60
52.352000 52.640000 60
52.640000 54.656000 67
55.072000 55.712000 62
55.840000 56.000000 60
56.128000 56.288000 57
56.416000 57.056000 60
57.280000 57.888000 58
59.392000 59.584000 55
59.584000 59.808000 58
59.904000 60.864000 60
61.152000 61.344000 60
61.344000 62.912000 64
63.808000 64.192000 62
64.288000 65.504000 61
65.504000 66.048000 67
66.240000 66.720000 65
67.456000 67.552000 59
67.552000 67.648000 60
67.648000 68.128000 63
68.224000 68.640000 64
68.960000 69.024000 62
69.024000 69.568000 65
69.728000 70.048000 69
70.048000 70.560000 67
70.880000 71.328000 67
71.456000 74.464000 65
75.040000 75.136000 57
75.136000 75.360000 60
75.360000 75.584000 63
75.584000 76.416000 67
76.800000 76.960000 67
76.960000 77.600000 69
77.600000 78.400000 68
78.752000 79.200000 67
79.200000 79.424000 72
79.424000 80.416000 66
80.704000 81.280000 65
81.408000 81.536000 69
81.536000 81.760000 65
81.760000 82.304000 62
82.304000 82.496000 67
82.592000 83.264000 64
83.456000 84.064000 65
84.736000 84.800000 53
84.800000 84.864000 56
84.864000 84.896000 59
84.896000 85.504000 62
85.504000 85.888000 67
85.888000 86.176000 69
86.560000 86.720000 68
86.720000 87.360000 69
87.360000 88.000000 68
88.288000 88.416000 61
88.416000 88.640000 65
88.640000 88.896000 67
88.896000 89.056000 72
89.184000 89.536000 67
89.696000 90.464000 65
91.360000 91.552000 62
91.712000 92.224000 63
92.384000 92.768000 65
93.024000 94.496000 65
107.264000 108.416000 60
108.544000 108.992000 64
108.992000 109.344000 60
109.888000 109.952000 59
109.952000 109.984000 61
109.984000 110.304000 65
110.400000 111.072000 67
111.072000 112.448000 63
112.448000 112.800000 60
114.784000 115.040000 60
115.040000 115.712000 67
115.808000 116.576000 67
116.800000 117.088000 66
117.440000 117.568000 59
117.568000 117.792000 62
118.048000 118.208000 62
118.208000 118.592000 59
118.720000 119.136000 60
119.456000 119.712000 58
121.856000 122.240000 58
122.368000 122.720000 60
122.880000 123.296000 61
123.584000 123.648000 60
123.648000 123.776000 61
123.776000 125.344000 64
126.176000 126.560000 62
126.752000 128.032000 61
128.032000 129.216000 66
129.952000 130.048000 60
130.048000 130.560000 62
130.688000 131.072000 65
131.264000 131.392000 61
131.392000 131.488000 63
131.488000 132.000000 65
132.192000 133.024000 68
133.280000 133.504000 67
133.504000 134.464000 65
134.560000 137.024000 65
137.504000 137.728000 60
137.728000 138.016000 62
138.016000 138.848000 67
139.232000 139.392000 67
139.392000 140.064000 69
140.064000 140.928000 67
141.152000 141.568000 67
141.664000 141.856000 72
141.856000 142.720000 65
143.104000 143.680000 65
143.840000 144.000000 69
144.000000 144.224000 65
144.224000 144.768000 62
144.768000 145.440000 65
145.536000 145.728000 64
145.984000 146.272000 65
147.232000 147.680000 60
147.776000 147.968000 65
147.968000 148.576000 68
148.960000 149.152000 67
149.152000 149.408000 69
149.408000 150.560000 68
150.848000 150.912000 62
150.912000 151.040000 65
151.040000 151.360000 67
151.360000 151.584000 71
151.584000 152.000000 65
152.160000 152.896000 65
153.536000 153.728000 62
153.888000 154.496000 64
154.592000 154.976000 65
155.232000 157.760000 65
173.472000 175.168000 68
175.296000 176.672000 69
176.768000 179.168000 65
179.488000 179.872000 60
181.280000 182.944000 68
183.104000 184.640000 69
184.640000 187.168000 65
188.256000 188.448000 60
188.448000 188.672000 62
188.672000 189.568000 67
189.920000 190.112000 67
190.112000 190.752000 69
190.752000 191.488000 68
191.872000 191.936000 65
191.936000 192.352000 67
192.352000 192.576000 72
192.576000 193.472000 66
193.856000 194.432000 65
194.560000 194.720000 69
194.720000 194.784000 67
194.784000 194.976000 65
194.976000 195.680000 62
195.808000 196.448000 64
196.576000 197.120000 65
197.120000 197.440000 63
197.984000 198.048000 58
198.048000 198.112000 59
198.112000 198.176000 60
198.176000 198.464000 62
198.464000 199.360000 67
199.680000 199.840000 67
199.840000 200.544000 69
200.544000 201.312000 67
201.440000 201.664000 64
201.664000 202.144000 67
202.144000 202.304000 71
202.304000 202.720000 66
202.880000 203.552000 65
204.224000 204.288000 59
204.288000 204.384000 61
204.512000 205.632000 64
205.824000 206.464000 65
206.464000 207.968000 68
208.128000 208.512000 68
208.512000 209.280000 66
209.376000 209.824000 66
209.920000 210.112000 72
210.112000 211.040000 65
211.328000 211.424000 61
211.424000 211.520000 65
211.648000 211.808000 65
211.904000 212.128000 67
212.128000 212.320000 69
212.320000 212.384000 67
212.384000 213.344000 64
213.344000 213.856000 60
213.856000 214.080000 62
214.080000 215.008000 67
215.360000 216.640000 68
216.640000 216.992000 67
216.992000 217.024000 63
217.120000 217.216000 60
217.216000 217.248000 62
217.248000 217.344000 64
217.344000 217.728000 67
217.728000 217.920000 71
217.920000 218.368000 66
218.496000 219.168000 65
219.872000 220.064000 62
220.160000 220.768000 64
220.864000 221.216000 65
221.408000 221.568000 64
221.568000 223.136000 65
223.136000 224.672000 68
225.088000 225.536000 67
225.536000 225.728000 72
225.728000 226.912000 65
227.072000 227.648000 65
227.744000 227.872000 69
227.872000 227.936000 67
227.936000 228.128000 65
228.128000 228.672000 62
228.672000 228.832000 67
228.928000 229.600000 64
229.792000 230.368000 65
231.136000 231.392000 60
231.392000 231.616000 62
231.616000 232.576000 67
232.896000 233.056000 67
233.056000 233.344000 69
233.344000 233.568000 72
233.568000 234.496000 67
234.720000 234.784000 62
234.784000 234.976000 65
234.976000 235.264000 67
235.264000 235.456000 72
235.456000 235.904000 67
236.032000 236.768000 65
237.440000 237.632000 62
237.760000 238.816000 64
239.040000 240.032000 65
240.032000 241.216000 68
241.280000 241.376000 65
241.376000 241.856000 68
241.856000 242.336000 66
242.528000 243.072000 66
243.072000 243.296000 71
243.296000 244.192000 66
244.544000 244.960000 65
245.056000 245.568000 67
245.568000 246.176000 64
246.272000 246.528000 65
246.528000 246.976000 60
246.976000 247.232000 62
247.232000 248.160000 67
248.512000 248.640000 67
248.640000 249.632000 69
249.632000 250.112000 67
250.304000 250.432000 60
250.432000 250.528000 64
250.528000 250.912000 67
250.912000 251.104000 71
251.104000 251.840000 67
252.032000 252.768000 65
253.056000 253.312000 62
253.472000 254.208000 63
254.304000 254.912000 65
255.168000 256.896000 65
