5.952000 6.208000 64
21.632000 23.744000 57
23.904000 24.128000 48
24.288000 24.576000 51
24.672000 26.080000 54
26.752000 26.816000 49
26.816000 27.008000 51
27.008000 28.480000 53
28.480000 29.664000 48
29.856000 30.304000 46
30.464000 30.528000 48
30.592000 30.720000 48
30.816000 30.944000 48
31.936000 32.384000 46
32.704000 33.088000 47
33.312000 33.408000 45
33.792000 34.432000 46
34.624000 35.040000 51
35.168000 35.680000 53
35.872000 36.096000 56
36.096000 36.384000 51
37.120000 37.376000 48
37.504000 37.664000 48
37.696000 37.952000 48
38.048000 38.272000 60
38.368000 38.688000 59
38.688000 38.976000 57
39.200000 39.552000 51
39.552000 40.288000 53
40.288000 41.888000 57
42.208000 44.960000 58
45.056000 45.216000 60
45.216000 46.528000 64
46.528000 47.360000 60
47.808000 47.872000 50
47.872000 48.000000 53
48.000000 48.192000 56
48.192000 48.768000 57
48.768000 50.080000 59
50.080000 51.104000 54
51.264000 51.776000 56
51.776000 52.480000 51
53.344000 53.920000 51
54.048000 54.368000 48
54.368000 54.496000 51
54.624000 55.840000 54
56.000000 56.512000 57
56.640000 57.920000 61
57.920000 58.560000 58
59.168000 59.296000 61
59.296000 59.616000 60
59.616000 59.776000 59
59.776000 60.320000 57
60.512000 61.024000 52
61.024000 62.592000 59
62.592000 63.968000 56
68.384000 68.448000 47
68.512000 68.576000 49
68.768000 68.960000 51
68.960000 69.056000 57
69.056000 69.376000 53
70.080000 70.176000 58
71.104000 71.456000 61
71.616000 71.808000 57
71.808000 72.064000 54
85.376000 85.920000 56
85.920000 86.688000 57
86.784000 87.680000 56
87.776000 88.352000 48
88.448000 89.344000 53
89.408000 89.760000 53
89.824000 90.016000 54
90.592000 90.688000 49
90.688000 91.840000 54
92.000000 92.384000 54
92.384000 92.832000 51
92.928000 93.440000 48
93.600000 94.016000 45
94.144000 94.208000 47
94.240000 94.464000 47
94.560000 94.688000 48
96.032000 96.288000 47
96.480000 96.640000 49
96.640000 97.056000 46
97.248000 97.344000 45
97.792000 98.208000 46
98.208000 98.464000 48
98.560000 99.072000 51
99.232000 99.488000 53
99.488000 99.776000 56
99.776000 100.608000 52
101.120000 101.408000 46
101.984000 102.272000 60
102.368000 102.592000 58
102.720000 103.072000 56
103.072000 103.456000 51
103.520000 104.704000 54
104.704000 105.728000 57
106.208000 106.304000 61
106.304000 108.960000 58
109.056000 109.280000 60
109.280000 110.048000 63
110.048000 110.688000 64
110.688000 111.488000 60
111.968000 112.064000 50
112.064000 113.152000 56
113.280000 114.112000 58
114.176000 114.592000 56
114.720000 115.168000 53
115.328000 115.840000 57
115.840000 116.640000 51
117.312000 117.504000 48
117.696000 117.984000 52
117.984000 118.368000 48
118.464000 118.752000 51
118.752000 119.808000 53
119.968000 120.352000 57
120.448000 120.640000 57
120.736000 121.664000 61
121.664000 122.624000 58
123.232000 123.488000 60
123.488000 123.808000 59
123.808000 124.256000 57
124.256000 124.864000 52
124.992000 127.776000 57
132.800000 133.120000 53
133.120000 133.376000 56
133.472000 133.952000 58
134.336000 134.496000 61
134.496000 135.360000 58
135.456000 135.712000 57
135.712000 136.288000 61
136.416000 136.544000 61
149.344000 150.272000 57
150.368000 150.688000 60
150.752000 150.816000 59
150.816000 151.520000 58
151.776000 152.064000 48
152.064000 152.352000 50
152.416000 153.888000 54
154.560000 154.624000 48
154.624000 154.720000 50
154.720000 156.704000 53
156.704000 157.408000 48
157.600000 157.760000 51
157.760000 158.432000 47
159.776000 160.000000 45
160.000000 160.256000 47
160.576000 160.704000 47
160.800000 161.024000 46
161.792000 162.304000 46
162.432000 162.592000 48
162.592000 162.688000 51
162.688000 163.040000 52
163.040000 163.424000 53
163.424000 163.648000 57
163.776000 164.128000 57
165.056000 165.120000 45
165.120000 165.408000 47
165.632000 165.824000 48
165.952000 166.336000 60
166.336000 167.072000 57
167.168000 167.424000 51
167.520000 167.872000 53
167.872000 169.248000 56
170.112000 172.896000 58
172.992000 173.088000 60
173.216000 174.496000 64
174.496000 175.392000 60
175.744000 175.808000 50
175.808000 175.840000 51
175.840000 176.704000 57
176.800000 177.120000 60
177.248000 178.080000 58
178.080000 178.144000 57
178.144000 178.368000 56
178.368000 178.944000 54
178.944000 179.808000 57
179.808000 179.968000 51
180.128000 180.704000 52
181.280000 181.568000 51
181.568000 181.856000 53
181.984000 182.304000 48
182.304000 182.528000 51
182.656000 182.944000 53
183.296000 183.584000 54
183.584000 184.448000 57
184.576000 185.728000 60
185.728000 186.368000 58
186.944000 187.264000 61
187.264000 187.488000 60
187.488000 187.904000 56
188.064000 188.864000 52
188.960000 190.240000 59
190.240000 192.448000 57
