17.856000 18.624000 69
24.480000 24.992000 72
24.992000 26.112000 69
29.184000 29.312000 67
29.312000 29.472000 69
29.568000 29.728000 69
29.984000 30.272000 69
30.464000 30.560000 71
30.816000 31.168000 69
34.816000 35.040000 69
37.184000 37.536000 58
37.824000 37.888000 61
37.888000 38.720000 63
38.720000 39.104000 60
39.200000 39.328000 60
39.456000 39.776000 57
40.128000 40.320000 64
40.320000 40.544000 62
40.544000 41.248000 60
41.248000 42.016000 57
42.176000 42.816000 57
42.912000 43.776000 57
43.872000 43.968000 57
44.256000 44.480000 57
44.480000 44.736000 60
45.408000 45.824000 64
45.920000 46.752000 61
46.848000 47.008000 57
47.296000 47.712000 64
47.712000 48.608000 61
48.704000 48.992000 57
48.992000 49.088000 59
49.088000 49.120000 62
49.120000 49.824000 67
49.824000 50.208000 64
50.400000 50.880000 64
50.976000 51.200000 64
51.232000 51.296000 63
51.296000 51.904000 66
51.904000 52.416000 69
52.576000 52.768000 78
52.768000 52.864000 76
53.024000 53.408000 71
53.536000 53.920000 69
54.016000 54.592000 71
54.592000 55.712000 69
55.840000 56.384000 72
56.384000 57.056000 69
57.696000 58.656000 70
58.656000 59.424000 69
59.520000 59.648000 70
59.648000 60.032000 72
60.032000 60.256000 69
60.448000 60.800000 72
60.896000 61.280000 69
61.376000 61.472000 70
61.472000 61.888000 72
61.888000 62.304000 69
62.304000 62.656000 75
62.752000 62.976000 72
62.976000 63.520000 73
63.616000 64.576000 69
64.864000 64.960000 69
65.088000 65.440000 71
65.440000 67.232000 68
67.808000 67.872000 65
67.872000 68.448000 69
68.544000 68.736000 67
68.736000 69.216000 69
69.216000 69.696000 64
69.696000 73.440000 69
73.440000 74.976000 72
75.168000 75.392000 67
75.392000 75.904000 69
75.904000 76.608000 68
76.608000 77.120000 64
77.120000 78.272000 68
78.336000 80.192000 69
80.288000 81.760000 69
81.760000 82.592000 69
96.960000 97.216000 64
97.344000 97.568000 64
97.568000 97.760000 62
97.760000 98.496000 60
98.496000 98.688000 57
98.816000 99.072000 63
99.200000 99.392000 64
99.392000 100.288000 61
100.384000 100.704000 57
100.832000 100.960000 57
101.504000 101.824000 57
102.048000 102.880000 57
102.976000 103.232000 57
103.360000 103.520000 57
103.616000 103.968000 59
104.256000 104.352000 60
104.352000 104.608000 63
104.768000 104.960000 64
104.960000 105.152000 62
105.152000 105.920000 60
105.920000 106.112000 57
106.304000 106.368000 62
106.368000 106.784000 64
106.784000 107.808000 62
107.808000 107.904000 57
108.000000 108.128000 58
108.128000 108.736000 67
108.896000 109.120000 64
109.120000 109.824000 62
110.048000 110.176000 64
110.272000 111.008000 67
111.008000 111.520000 68
111.776000 111.904000 79
112.160000 112.512000 72
112.640000 112.960000 69
113.088000 113.696000 71
113.696000 114.784000 69
114.944000 115.072000 71
115.072000 115.424000 72
115.424000 116.128000 69
116.800000 116.864000 69
116.864000 117.312000 72
117.312000 118.560000 69
118.560000 120.352000 71
120.448000 120.960000 72
120.960000 121.344000 69
121.344000 121.728000 75
121.856000 122.624000 73
122.720000 123.808000 69
123.936000 124.032000 69
124.160000 124.448000 71
124.448000 124.640000 67
124.640000 125.408000 69
125.504000 126.304000 68
126.624000 126.688000 63
126.688000 126.784000 65
126.880000 126.944000 65
126.944000 127.104000 67
127.104000 128.352000 68
128.352000 128.768000 64
128.768000 130.496000 69
130.592000 132.480000 69
132.480000 132.704000 76
132.704000 134.016000 72
134.240000 134.464000 67
134.464000 135.680000 68
135.680000 136.192000 64
136.192000 137.312000 69
137.504000 140.640000 69
140.704000 140.992000 72
140.992000 141.440000 69
141.632000 141.696000 65
141.696000 141.888000 67
141.888000 142.272000 69
142.272000 142.592000 67
142.592000 143.040000 69
143.040000 143.552000 64
143.552000 143.712000 67
143.712000 147.264000 69
147.264000 148.800000 72
149.024000 149.248000 67
149.248000 150.432000 69
150.432000 151.008000 64
151.008000 151.136000 67
151.136000 154.624000 69
154.624000 156.576000 72
164.032000 164.128000 69
172.384000 172.736000 69
172.864000 172.960000 69
173.088000 173.152000 70
173.152000 173.600000 72
173.600000 174.016000 69
174.272000 174.432000 69
178.624000 178.976000 72
179.104000 179.392000 69
179.552000 181.664000 69
183.328000 183.456000 70
183.456000 183.904000 74
183.904000 184.064000 78
184.064000 184.352000 80
184.352000 184.512000 76
184.608000 184.704000 75
184.704000 184.832000 74
184.832000 184.960000 71
185.088000 185.728000 77
185.728000 187.424000 68
187.424000 188.000000 64
188.000000 191.520000 69
191.520000 191.648000 73
191.648000 193.120000 72
193.344000 194.784000 68
194.784000 195.264000 64
195.264000 196.352000 68
196.576000 198.336000 69
198.464000 198.752000 69
198.752000 198.976000 65
198.976000 200.512000 69
200.768000 200.960000 67
200.960000 201.344000 69
201.344000 201.664000 67
201.664000 202.112000 69
202.112000 202.656000 64
202.656000 202.816000 67
202.816000 206.304000 69
206.304000 207.872000 72
208.096000 209.536000 68
209.536000 210.016000 64
210.016000 211.168000 69
211.360000 213.696000 69
213.696000 213.760000 73
213.760000 214.048000 76
214.048000 214.848000 72
214.848000 215.872000 69
