16.288000 16.480000 60
16.608000 17.856000 67
18.304000 18.656000 65
18.848000 19.616000 59
19.808000 20.032000 57
20.736000 20.864000 58
20.960000 21.280000 60
21.280000 22.176000 57
24.032000 24.224000 60
24.224000 24.480000 64
24.576000 24.992000 68
25.088000 25.632000 67
25.792000 26.272000 65
26.560000 26.784000 63
27.040000 27.648000 65
31.808000 32.000000 60
32.096000 32.160000 64
32.160000 32.704000 67
32.864000 33.376000 67
33.760000 34.144000 65
34.304000 34.624000 60
34.784000 35.136000 59
35.424000 35.456000 58
36.160000 36.544000 59
36.672000 36.896000 59
36.896000 37.504000 57
37.920000 38.048000 57
38.144000 40.864000 58
41.824000 41.920000 58
42.016000 46.784000 58
46.784000 50.016000 60
50.208000 50.976000 71
51.200000 51.872000 71
51.872000 52.768000 70
53.152000 53.376000 60
53.376000 53.568000 65
53.664000 53.824000 68
54.080000 54.720000 71
54.848000 55.776000 68
55.776000 56.032000 65
56.032000 56.704000 68
56.992000 57.888000 65
57.920000 57.984000 68
57.984000 58.016000 72
58.016000 58.400000 77
58.496000 59.456000 75
59.456000 60.576000 71
60.864000 60.992000 65
61.152000 61.248000 69
61.344000 64.544000 70
64.992000 65.184000 65
65.184000 65.536000 68
65.696000 66.336000 71
66.688000 68.192000 70
68.864000 69.088000 65
69.088000 69.376000 68
69.568000 69.632000 69
69.632000 70.272000 71
70.272000 71.168000 68
71.296000 71.424000 65
71.520000 72.352000 68
72.480000 72.896000 65
73.024000 73.312000 65
73.440000 73.664000 75
73.664000 73.856000 77
73.984000 74.912000 75
74.912000 75.488000 72
75.488000 76.288000 68
76.320000 76.512000 65
76.512000 76.992000 68
77.088000 80.000000 70
80.416000 80.864000 70
80.864000 81.088000 68
81.184000 82.912000 65
84.352000 84.384000 67
84.576000 88.832000 68
93.696000 93.888000 59
94.016000 95.392000 67
95.776000 96.160000 65
96.256000 97.024000 59
97.152000 97.408000 56
98.080000 98.144000 56
98.144000 99.392000 58
99.392000 99.808000 56
101.504000 101.664000 59
101.664000 101.728000 60
101.728000 101.952000 63
102.048000 102.368000 67
102.528000 103.712000 66
103.968000 104.320000 63
104.512000 106.336000 65
109.568000 110.080000 67
110.240000 110.944000 67
111.200000 111.552000 65
111.712000 112.064000 59
112.192000 112.608000 58
112.608000 112.960000 56
113.408000 113.600000 57
113.600000 114.016000 59
114.144000 114.784000 59
115.040000 115.072000 58
115.328000 116.352000 57
116.544000 116.736000 58
116.864000 117.600000 58
118.016000 118.464000 58
119.456000 122.176000 57
122.176000 122.464000 60
122.816000 122.976000 60
122.976000 123.040000 61
123.040000 123.104000 63
123.104000 123.584000 67
123.776000 124.640000 71
124.800000 125.440000 71
125.440000 126.176000 69
126.944000 127.136000 65
127.232000 127.360000 68
127.616000 128.320000 70
128.416000 128.768000 68
128.768000 129.120000 70
129.120000 130.272000 68
130.592000 130.720000 65
130.848000 131.456000 65
131.584000 131.776000 75
131.776000 131.968000 77
132.064000 132.480000 75
132.576000 133.056000 75
133.056000 133.696000 71
133.696000 134.112000 68
134.432000 134.688000 65
134.688000 134.816000 68
134.912000 137.760000 70
137.856000 138.080000 71
138.560000 138.752000 65
138.752000 139.040000 67
139.296000 139.904000 71
140.256000 140.928000 71
140.928000 141.120000 68
141.248000 141.728000 70
141.888000 141.984000 70
142.400000 142.656000 65
142.656000 142.944000 68
143.168000 143.840000 71
143.840000 144.480000 68
144.608000 144.704000 67
144.864000 144.992000 65
145.152000 145.888000 68
146.080000 146.464000 65
146.560000 147.008000 65
147.008000 147.456000 75
147.552000 147.936000 75
148.032000 148.512000 75
148.512000 149.248000 71
149.248000 149.664000 68
149.888000 150.112000 65
150.112000 150.176000 66
150.176000 150.560000 69
150.688000 153.408000 70
154.016000 154.304000 71
154.304000 154.496000 70
154.496000 156.928000 65
158.144000 158.496000 67
158.624000 161.312000 68
161.728000 162.016000 71
162.016000 164.672000 65
165.408000 165.568000 61
165.920000 166.016000 67
166.176000 166.272000 67
166.464000 166.720000 67
166.976000 168.608000 68
168.672000 169.248000 68
169.568000 169.792000 68
169.856000 170.368000 68
171.904000 172.000000 67
172.224000 172.416000 68
172.416000 174.592000 70
174.592000 176.672000 72
176.768000 176.896000 72
177.248000 177.376000 65
177.376000 177.792000 68
177.952000 178.656000 71
178.976000 179.616000 71
179.616000 179.776000 68
179.872000 180.608000 70
181.376000 181.568000 68
181.824000 182.496000 71
182.592000 182.912000 68
182.912000 183.264000 70
183.264000 184.448000 68
184.768000 185.568000 65
185.568000 185.696000 68
185.696000 186.080000 76
186.208000 187.168000 75
187.168000 188.288000 71
188.608000 188.800000 65
188.800000 188.992000 67
189.088000 191.776000 70
192.736000 192.864000 65
192.864000 193.280000 68
193.408000 194.080000 71
194.432000 195.040000 71
195.040000 195.264000 68
195.360000 195.968000 70
196.576000 196.832000 65
196.832000 197.024000 67
197.344000 198.016000 71
198.016000 198.944000 68
199.296000 199.936000 68
200.192000 200.640000 65
200.736000 201.088000 65
201.216000 201.280000 73
201.280000 201.632000 76
201.728000 202.592000 75
202.592000 203.840000 71
204.064000 204.288000 65
204.384000 204.576000 68
204.576000 204.736000 70
204.832000 207.488000 70
208.256000 208.384000 72
208.384000 208.704000 70
208.704000 208.832000 68
208.960000 210.656000 65
210.848000 210.944000 67
211.168000 211.200000 69
211.264000 212.224000 68
212.384000 212.480000 67
212.576000 212.704000 68
212.864000 215.360000 68
216.096000 216.224000 71
216.224000 216.608000 68
216.704000 217.088000 67
217.184000 220.960000 65
221.056000 225.312000 68
