9.248000 9.408000 68
9.408000 9.600000 70
9.696000 11.072000 70
11.264000 11.648000 65
12.960000 14.560000 63
14.688000 15.168000 61
15.264000 15.872000 58
17.376000 18.528000 70
18.720000 19.904000 65
20.992000 21.344000 64
21.472000 22.528000 63
22.720000 23.968000 58
25.664000 26.528000 65
26.656000 27.424000 65
27.648000 28.544000 65
28.640000 28.864000 65
28.864000 28.928000 61
28.992000 29.056000 61
29.056000 29.632000 63
31.232000 31.424000 70
31.424000 31.680000 73
31.680000 32.064000 69
32.192000 33.024000 63
33.024000 33.216000 61
33.632000 34.592000 65
34.720000 35.552000 65
35.680000 36.320000 65
36.704000 36.864000 65
36.864000 37.664000 63
39.232000 39.424000 70
39.424000 39.648000 73
39.648000 40.128000 68
40.128000 41.248000 63
41.504000 42.016000 61
42.336000 42.656000 61
42.944000 43.008000 60
43.040000 43.136000 60
44.224000 44.384000 70
44.384000 44.608000 73
44.608000 44.832000 69
45.888000 45.984000 63
46.368000 46.528000 60
46.976000 47.104000 66
47.232000 47.328000 68
47.360000 47.424000 70
47.424000 47.648000 73
47.648000 47.872000 69
47.872000 48.128000 68
48.128000 49.056000 63
49.056000 49.216000 61
49.472000 49.600000 68
49.600000 50.336000 70
50.336000 51.200000 65
51.520000 51.584000 66
51.712000 52.384000 70
52.384000 53.216000 65
53.728000 53.792000 70
53.792000 54.624000 72
54.624000 57.216000 70
57.504000 58.336000 70
58.432000 59.136000 65
59.488000 59.584000 69
59.616000 59.872000 70
59.872000 60.224000 72
60.224000 60.352000 70
60.448000 61.152000 65
61.664000 64.480000 72
64.736000 64.864000 57
64.960000 65.152000 58
65.152000 65.248000 64
65.248000 67.104000 70
67.104000 68.832000 65
68.928000 69.152000 61
69.152000 69.696000 63
69.696000 69.952000 66
69.952000 70.624000 63
70.720000 71.136000 63
71.264000 72.832000 61
73.184000 73.344000 68
73.344000 74.880000 70
74.880000 75.968000 65
76.032000 76.640000 65
76.640000 78.464000 63
78.464000 78.560000 61
78.656000 79.104000 63
79.200000 80.064000 61
80.160000 81.056000 58
81.184000 81.248000 67
81.248000 83.104000 70
83.104000 84.640000 65
84.640000 86.592000 63
86.720000 87.200000 63
87.456000 88.128000 61
88.192000 88.448000 58
88.448000 88.960000 61
89.216000 90.336000 70
90.432000 90.848000 70
90.944000 91.904000 65
92.000000 92.128000 63
92.128000 92.416000 66
92.416000 92.608000 65
92.608000 95.136000 63
95.136000 96.224000 60
96.224000 96.864000 58
107.040000 107.168000 65
107.936000 108.160000 66
110.880000 111.008000 66
111.520000 111.776000 66
113.664000 114.304000 65
114.592000 115.360000 65
115.712000 115.936000 61
115.936000 116.480000 65
116.768000 117.056000 61
117.056000 117.696000 63
119.232000 119.360000 69
119.456000 119.648000 73
119.648000 120.128000 68
120.128000 120.896000 64
120.896000 121.472000 61
121.664000 122.368000 65
122.624000 123.328000 65
123.712000 124.352000 65
124.640000 125.056000 65
125.056000 125.792000 63
127.168000 127.232000 68
127.232000 127.392000 70
127.392000 127.584000 73
127.680000 128.096000 69
128.096000 128.608000 65
128.736000 129.824000 61
129.856000 130.048000 60
130.240000 130.464000 61
131.072000 131.136000 65
131.168000 131.232000 65
131.936000 132.928000 70
132.928000 133.600000 63
133.856000 134.080000 63
134.944000 135.264000 66
135.456000 135.616000 66
136.160000 136.864000 70
136.864000 137.568000 68
137.568000 138.336000 70
138.432000 138.592000 68
138.688000 139.584000 65
139.616000 139.904000 70
139.904000 140.224000 72
140.224000 140.576000 68
140.704000 141.440000 65
141.664000 144.224000 72
144.704000 144.800000 58
144.928000 145.088000 58
145.184000 147.104000 70
147.200000 147.712000 65
147.936000 148.352000 65
148.448000 148.608000 65
148.608000 149.568000 63
149.696000 150.112000 65
150.112000 150.592000 61
150.720000 150.976000 63
151.296000 151.360000 59
151.488000 152.096000 61
152.224000 152.480000 58
152.480000 152.800000 61
153.184000 155.136000 70
155.136000 155.680000 65
155.808000 156.608000 65
156.608000 157.504000 63
157.728000 158.176000 65
158.176000 159.008000 62
159.104000 159.232000 58
159.232000 160.160000 61
160.160000 161.024000 58
161.184000 161.376000 68
161.376000 162.784000 70
162.784000 164.832000 65
164.928000 165.568000 63
165.664000 165.888000 66
165.888000 166.080000 65
166.080000 166.592000 62
166.656000 167.040000 63
167.456000 167.840000 61
167.936000 168.096000 60
168.224000 168.480000 58
168.512000 168.864000 61
169.152000 170.304000 70
170.432000 170.848000 70
170.848000 172.864000 65
172.960000 173.152000 62
173.152000 173.536000 63
173.536000 174.400000 65
174.432000 174.912000 63
175.232000 176.064000 61
176.192000 177.056000 58
177.664000 178.048000 70
178.144000 178.976000 70
179.168000 179.904000 70
179.904000 180.256000 73
180.384000 180.928000 70
181.376000 181.472000 67
181.664000 182.944000 68
183.200000 183.872000 70
184.000000 184.448000 67
184.448000 184.832000 63
185.408000 185.632000 68
185.632000 186.976000 69
187.104000 187.168000 66
187.168000 187.904000 69
187.904000 188.288000 73
188.288000 188.768000 69
189.056000 189.152000 74
189.760000 190.272000 70
190.432000 195.040000 70
197.152000 197.408000 68
197.408000 198.592000 70
198.592000 199.136000 68
199.232000 200.096000 65
200.992000 202.176000 63
202.464000 202.944000 61
202.944000 204.320000 58
205.152000 205.248000 60
205.248000 205.280000 64
205.280000 205.600000 69
205.696000 206.496000 70
206.688000 208.128000 65
208.928000 209.344000 64
209.440000 210.528000 63
210.688000 210.912000 61
210.912000 212.928000 58
213.280000 213.664000 64
214.208000 214.368000 67
214.624000 214.784000 68
214.944000 215.008000 70
215.008000 215.584000 73
215.872000 216.000000 68
216.000000 216.288000 70
216.288000 216.736000 74
216.864000 216.960000 75
216.960000 218.080000 70
218.176000 218.816000 70
218.816000 220.512000 65
223.232000 223.360000 60
223.456000 224.096000 61
224.224000 224.448000 58
224.448000 224.768000 61
225.216000 225.344000 68
225.344000 226.912000 70
226.912000 228.608000 65
228.672000 228.736000 71
228.736000 229.056000 76
229.056000 231.296000 72
231.424000 231.872000 61
231.872000 232.832000 58
233.184000 235.072000 70
235.168000 235.712000 65
235.776000 236.832000 65
236.832000 237.568000 63
237.696000 237.888000 66
237.888000 239.040000 63
239.264000 239.840000 61
239.936000 240.064000 59
240.224000 240.416000 58
240.416000 240.960000 61
241.152000 242.304000 70
242.432000 242.848000 70
242.848000 243.104000 68
243.104000 244.608000 65
244.608000 245.600000 63
245.696000 246.112000 65
246.112000 246.944000 62
247.040000 248.064000 61
248.160000 248.832000 58
249.120000 249.568000 63
249.696000 249.888000 66
249.888000 250.080000 65
250.080000 250.848000 63
251.136000 251.200000 57
251.200000 251.296000 59
251.296000 252.096000 61
252.096000 252.864000 58
252.928000 253.056000 62
253.184000 253.600000 63
253.696000 253.888000 66
253.888000 254.080000 65
254.080000 255.072000 62
255.168000 255.232000 58
255.232000 256.064000 60
256.064000 256.960000 58
257.312000 257.536000 58
260.768000 260.928000 65
261.120000 261.280000 65
261.504000 264.000000 65
