29.152000 29.312000 58
29.408000 29.728000 59
29.856000 30.592000 61
30.752000 31.680000 60
31.680000 32.064000 62
32.704000 32.928000 65
32.928000 33.152000 62
33.280000 34.528000 59
34.528000 34.752000 62
34.912000 35.424000 60
35.424000 35.904000 58
37.536000 37.664000 56
37.664000 37.760000 57
37.760000 38.592000 60
38.784000 39.360000 67
39.936000 40.096000 61
40.192000 40.288000 60
40.448000 40.672000 58
40.864000 41.184000 56
41.376000 41.920000 58
41.920000 43.328000 60
44.768000 45.856000 60
46.176000 46.368000 60
46.464000 46.624000 58
46.624000 47.520000 61
48.128000 48.320000 63
48.320000 49.312000 65
49.312000 49.888000 63
50.016000 51.168000 65
51.168000 51.776000 63
52.448000 52.800000 59
52.896000 53.056000 60
53.152000 53.536000 61
53.856000 53.984000 59
54.080000 54.272000 58
54.368000 55.456000 60
56.032000 57.856000 58
59.136000 59.808000 62
59.936000 61.920000 65
62.368000 62.720000 58
62.720000 62.880000 59
62.880000 63.584000 62
63.680000 65.536000 67
65.664000 66.848000 65
67.296000 67.456000 62
67.456000 67.680000 65
67.808000 68.384000 69
68.544000 68.928000 70
69.024000 69.280000 62
69.600000 69.664000 63
69.664000 70.080000 68
70.176000 70.656000 67
70.656000 71.040000 65
71.360000 71.520000 62
71.616000 74.624000 67
75.232000 75.552000 61
75.552000 76.864000 67
77.152000 77.216000 62
77.216000 77.312000 62
77.312000 77.760000 65
77.856000 78.528000 67
78.624000 78.848000 62
79.040000 79.200000 61
79.296000 80.416000 72
80.416000 80.896000 64
80.992000 82.304000 67
82.592000 82.848000 65
82.848000 83.520000 68
83.648000 83.840000 67
83.968000 84.384000 69
84.384000 85.088000 70
85.376000 85.728000 67
85.856000 86.432000 60
86.944000 87.552000 63
87.744000 88.288000 69
88.416000 88.608000 67
88.896000 89.056000 62
89.184000 89.344000 62
89.344000 89.600000 64
89.600000 90.464000 66
90.592000 90.752000 61
90.880000 91.008000 64
91.008000 92.224000 67
92.448000 92.672000 63
92.672000 93.088000 65
93.248000 93.856000 67
93.952000 94.176000 62
94.432000 94.656000 67
94.656000 95.520000 72
95.680000 95.840000 69
95.840000 96.384000 64
96.384000 96.896000 68
97.056000 97.824000 67
98.016000 98.272000 64
98.272000 98.432000 67
98.528000 99.168000 67
99.328000 99.872000 69
99.872000 100.288000 72
100.448000 100.640000 67
100.864000 101.216000 68
101.408000 101.856000 60
102.240000 102.496000 65
102.624000 102.784000 62
102.912000 103.104000 64
103.104000 103.744000 68
104.064000 104.224000 69
104.352000 104.672000 69
104.832000 105.184000 67
105.280000 105.504000 63
105.600000 108.352000 60
108.800000 109.056000 60
110.720000 110.848000 60
111.168000 111.712000 60
117.568000 118.176000 66
118.912000 119.616000 62
121.280000 121.472000 59
121.568000 121.888000 59
122.016000 122.848000 61
122.944000 123.904000 60
123.904000 124.352000 62
124.992000 125.312000 63
125.472000 126.752000 59
126.752000 126.976000 62
127.072000 127.200000 61
127.200000 128.096000 59
129.664000 129.888000 57
129.888000 130.784000 60
130.976000 131.648000 67
132.128000 132.480000 60
132.640000 132.928000 58
133.600000 135.872000 60
136.960000 137.664000 60
137.664000 138.048000 62
138.272000 138.496000 60
138.592000 138.848000 59
138.848000 139.616000 61
140.480000 140.736000 65
140.736000 141.152000 68
141.152000 142.016000 64
142.144000 143.328000 65
143.328000 143.936000 63
144.608000 144.928000 60
144.960000 145.632000 60
146.016000 147.616000 60
148.128000 149.568000 58
151.264000 151.424000 60
151.424000 152.160000 63
152.288000 154.496000 65
154.656000 155.008000 59
155.136000 155.264000 61
155.264000 155.552000 62
155.552000 155.808000 65
155.904000 157.664000 67
157.824000 159.360000 65
159.488000 159.680000 63
159.680000 159.808000 65
159.936000 160.512000 69
160.672000 161.088000 70
161.280000 161.472000 62
161.728000 161.792000 64
161.792000 161.856000 65
161.856000 162.816000 67
162.816000 163.232000 65
163.520000 166.976000 67
167.424000 167.712000 61
167.712000 169.056000 67
169.344000 169.536000 63
169.536000 169.728000 64
169.728000 169.920000 67
170.016000 170.720000 67
170.720000 170.976000 62
171.200000 171.424000 61
171.648000 172.352000 72
172.352000 172.480000 70
172.480000 173.024000 64
173.120000 173.728000 68
173.856000 174.496000 67
174.784000 174.976000 64
174.976000 175.712000 67
175.808000 175.968000 67
176.096000 176.544000 69
176.544000 177.248000 71
177.504000 177.920000 68
178.048000 178.528000 60
179.200000 179.744000 63
179.936000 180.800000 69
181.056000 181.152000 63
181.312000 181.472000 62
181.472000 182.592000 66
182.752000 182.912000 61
183.040000 183.200000 64
183.200000 184.096000 67
184.096000 185.248000 64
185.376000 186.016000 67
186.144000 186.368000 62
186.624000 186.720000 66
186.816000 187.648000 72
187.808000 188.064000 69
188.064000 188.544000 65
188.544000 189.088000 68
189.280000 189.792000 67
190.144000 190.400000 64
190.400000 190.560000 67
190.656000 191.296000 67
191.456000 192.096000 69
192.096000 192.416000 72
192.608000 192.768000 67
192.928000 193.280000 68
193.536000 194.048000 60
194.560000 194.656000 63
194.784000 194.912000 62
195.040000 195.232000 64
195.232000 195.936000 68
196.192000 196.384000 69
196.480000 196.768000 69
196.960000 197.312000 67
197.440000 197.696000 64
197.696000 198.240000 62
198.368000 201.056000 60
201.184000 201.504000 57
206.336000 206.432000 57
209.472000 209.856000 57
210.080000 210.816000 55
210.912000 211.008000 55
211.296000 211.520000 55
224.992000 225.312000 60
225.312000 225.472000 64
225.472000 226.720000 67
226.944000 227.104000 62
227.104000 227.328000 64
227.328000 227.520000 67
227.616000 228.032000 67
228.128000 228.288000 67
228.384000 228.576000 62
228.864000 229.056000 61
229.056000 229.120000 65
229.120000 230.240000 72
230.240000 230.592000 64
230.720000 231.648000 69
231.744000 232.128000 67
232.416000 232.576000 64
232.576000 233.312000 67
233.408000 233.600000 67
233.696000 234.144000 69
234.144000 234.784000 70
234.784000 234.944000 67
235.200000 235.584000 68
235.712000 236.480000 60
236.832000 237.312000 63
237.504000 238.112000 69
238.368000 238.720000 69
238.912000 239.008000 72
239.104000 240.032000 67
240.352000 240.512000 60
240.640000 240.704000 64
240.704000 241.952000 67
242.240000 242.464000 63
242.464000 242.848000 65
242.976000 243.616000 67
243.744000 243.936000 62
244.224000 244.416000 67
244.416000 245.248000 72
245.440000 245.632000 69
245.632000 246.112000 64
246.112000 246.688000 68
246.816000 247.424000 67
247.744000 247.936000 64
248.032000 248.160000 67
248.288000 248.896000 68
249.056000 249.504000 69
249.504000 250.016000 71
250.208000 250.400000 67
250.560000 250.912000 68
251.136000 251.872000 60
252.096000 252.768000 67
252.864000 253.312000 69
253.312000 253.856000 71
254.016000 254.176000 74
254.336000 254.656000 75
254.816000 255.520000 72
255.680000 255.808000 67
255.968000 256.320000 68
256.448000 256.576000 67
256.736000 257.312000 69
257.312000 257.728000 71
257.888000 258.112000 67
258.304000 258.688000 68
258.848000 259.296000 60
259.776000 259.840000 65
260.032000 260.192000 62
260.320000 260.480000 64
260.480000 261.152000 68
261.504000 261.664000 69
261.760000 262.080000 68
262.272000 262.656000 66
262.656000 262.944000 63
263.072000 263.808000 62
264.032000 264.672000 60
267.616000 267.744000 64
267.872000 268.032000 62
268.032000 268.384000 64
268.384000 268.960000 69
269.344000 269.536000 69
269.696000 270.496000 68
270.848000 271.072000 64
271.232000 272.928000 60
274.400000 279.936000 60
