37.216000 37.792000 64
37.984000 38.304000 65
39.072000 39.712000 64
39.840000 40.032000 65
40.032000 40.320000 67
40.928000 41.120000 67
41.120000 42.208000 60
42.304000 42.656000 67
42.752000 43.360000 65
43.488000 43.904000 69
44.640000 44.928000 65
45.344000 45.600000 65
46.432000 46.752000 65
46.944000 47.072000 65
47.200000 47.584000 67
48.288000 48.512000 67
48.512000 49.536000 60
49.696000 51.200000 70
51.584000 51.936000 65
52.032000 52.704000 69
52.896000 53.248000 69
53.408000 53.600000 67
53.696000 54.304000 70
55.200000 55.360000 64
55.456000 55.616000 65
55.712000 55.904000 66
56.192000 56.480000 67
56.640000 56.864000 67
56.864000 57.280000 65
57.408000 57.920000 69
58.912000 60.032000 64
60.128000 60.992000 62
61.248000 61.600000 58
61.696000 62.080000 68
62.176000 62.432000 67
62.432000 63.616000 63
66.720000 67.360000 64
67.488000 67.968000 65
68.640000 69.632000 65
69.632000 69.952000 67
70.432000 70.688000 67
70.688000 71.744000 60
71.904000 72.000000 65
72.000000 72.224000 67
72.352000 72.992000 65
73.088000 73.920000 68
73.920000 74.720000 65
74.848000 75.232000 65
75.744000 75.840000 60
76.000000 76.384000 67
76.480000 77.312000 67
77.856000 78.080000 67
78.080000 79.264000 60
79.264000 80.096000 70
80.192000 80.352000 72
80.512000 80.672000 67
80.672000 81.920000 70
82.016000 82.432000 70
82.432000 84.032000 69
84.128000 84.512000 67
84.768000 85.152000 68
85.248000 86.048000 69
86.144000 87.008000 67
87.104000 87.232000 65
87.232000 87.456000 67
87.584000 88.032000 65
88.480000 88.704000 62
88.704000 89.920000 64
89.920000 90.368000 62
90.816000 91.232000 65
91.232000 91.872000 68
91.872000 92.640000 62
92.640000 95.200000 69
97.920000 98.080000 72
98.176000 98.560000 72
98.560000 101.728000 69
101.824000 102.048000 72
102.048000 102.208000 69
102.304000 102.496000 67
102.496000 102.624000 65
102.784000 104.672000 69
105.280000 105.760000 69
105.760000 106.304000 62
106.464000 107.520000 67
107.520000 108.768000 62
109.248000 109.536000 69
109.536000 110.016000 72
110.016000 110.272000 68
110.272000 110.816000 65
111.008000 112.480000 60
112.704000 113.152000 69
113.280000 113.728000 62
113.856000 114.112000 69
114.112000 114.400000 72
114.400000 116.416000 69
116.544000 117.280000 65
117.536000 118.048000 69
118.048000 119.104000 62
120.064000 120.224000 62
120.320000 120.416000 62
120.608000 121.184000 65
121.280000 121.376000 63
121.376000 121.600000 61
121.792000 123.232000 57
124.000000 124.384000 67
124.384000 125.440000 66
125.440000 125.728000 62
125.856000 129.216000 65
142.432000 143.072000 64
143.200000 143.712000 65
144.320000 144.704000 65
144.800000 145.056000 64
145.056000 145.632000 67
146.144000 146.336000 67
146.336000 147.392000 60
147.552000 147.712000 65
147.712000 147.872000 67
148.000000 148.640000 66
148.736000 149.600000 67
149.600000 150.400000 65
150.528000 151.040000 65
151.456000 151.584000 60
151.712000 152.928000 67
153.536000 153.728000 67
153.728000 154.400000 60
154.496000 154.912000 60
154.912000 156.032000 70
156.128000 156.896000 69
156.992000 157.376000 70
157.376000 157.600000 72
157.696000 158.560000 69
158.656000 159.072000 70
159.072000 159.712000 68
159.808000 160.192000 67
160.448000 161.728000 69
161.856000 162.688000 67
162.784000 163.136000 67
163.232000 163.680000 65
164.160000 164.384000 62
164.384000 165.632000 64
165.632000 166.112000 62
166.496000 166.912000 65
166.912000 167.584000 67
167.584000 168.384000 62
168.384000 171.456000 69
171.744000 171.904000 72
172.032000 172.384000 72
172.384000 175.584000 69
175.680000 175.904000 72
175.904000 176.064000 69
176.160000 178.400000 69
179.136000 179.648000 69
179.648000 180.160000 62
180.288000 181.376000 67
181.376000 182.624000 62
183.072000 184.288000 69
184.288000 184.960000 63
184.960000 185.120000 58
185.120000 185.216000 57
185.216000 185.408000 57
185.408000 186.368000 60
186.752000 187.040000 69
187.040000 187.616000 62
187.744000 190.240000 69
190.240000 190.976000 65
190.976000 191.904000 69
191.904000 192.768000 62
193.888000 194.208000 62
194.432000 194.880000 65
194.880000 195.456000 62
195.616000 196.064000 60
196.064000 196.928000 57
197.024000 197.280000 57
197.760000 198.144000 67
198.144000 198.560000 65
198.560000 199.168000 67
199.168000 199.616000 62
199.712000 201.824000 65
202.848000 202.912000 62
202.912000 203.072000 68
203.168000 203.296000 70
203.392000 204.256000 70
204.256000 204.448000 67
204.448000 206.240000 68
206.240000 206.784000 65
206.880000 207.936000 69
208.320000 208.704000 67
208.704000 210.400000 70
210.560000 211.008000 72
211.168000 211.904000 70
211.904000 212.544000 68
212.704000 212.896000 64
213.056000 213.248000 62
213.344000 215.296000 65
215.808000 217.344000 67
217.440000 220.352000 70
220.480000 221.088000 70
221.184000 221.728000 70
221.728000 223.200000 65
223.488000 224.832000 65
224.832000 225.440000 67
225.536000 225.728000 69
225.824000 226.848000 72
227.200000 228.448000 66
228.448000 229.408000 68
229.504000 229.856000 73
229.984000 231.840000 73
232.704000 233.344000 73
233.344000 236.512000 70
236.608000 236.864000 73
236.864000 236.992000 70
237.088000 237.344000 68
237.568000 239.360000 70
240.096000 240.576000 70
240.576000 241.120000 63
241.248000 242.272000 68
242.272000 243.616000 63
244.000000 244.288000 70
244.288000 244.800000 73
244.800000 244.928000 70
244.928000 245.696000 66
245.824000 247.232000 61
247.456000 247.936000 70
248.032000 248.512000 63
248.608000 248.864000 70
248.864000 249.216000 73
249.216000 251.168000 70
251.264000 252.064000 66
252.320000 252.768000 70
252.768000 254.112000 63
254.688000 255.200000 63
255.328000 255.808000 66
255.808000 256.384000 63
256.544000 257.056000 61
257.056000 258.368000 58
258.752000 259.072000 68
259.072000 259.552000 66
259.552000 260.096000 68
260.096000 262.080000 66
262.464000 262.528000 68
262.528000 262.656000 71
262.656000 267.424000 73
267.424000 269.344000 68
269.600000 270.112000 70
270.112000 270.656000 63
270.752000 271.808000 68
271.808000 273.184000 63
273.536000 274.688000 70
274.688000 275.072000 65
275.072000 275.488000 64
275.488000 275.552000 60
275.552000 275.648000 59
275.648000 275.872000 58
275.872000 276.768000 61
277.024000 277.472000 70
277.568000 278.080000 63
278.176000 280.736000 70
280.736000 281.376000 66
281.376000 281.568000 68
281.824000 282.272000 70
282.272000 283.264000 63
286.240000 286.560000 63
286.784000 287.360000 66
287.488000 287.840000 63
288.032000 288.544000 61
288.544000 289.760000 58
291.552000 293.056000 66
293.152000 293.376000 65
293.376000 294.080000 60
294.272000 294.432000 63
294.592000 294.880000 62
295.680000 296.576000 63
