16.896000 17.088000 69
17.216000 18.144000 72
18.592000 18.880000 69
18.880000 21.184000 64
21.184000 21.920000 59
25.344000 25.696000 55
25.792000 26.144000 59
26.144000 26.464000 55
26.560000 27.584000 61
27.680000 28.064000 57
28.064000 28.736000 63
28.896000 29.184000 60
29.184000 29.536000 56
29.664000 30.304000 55
31.008000 32.032000 60
32.192000 33.024000 59
33.120000 33.632000 57
33.728000 35.552000 55
37.568000 37.920000 55
37.920000 38.080000 57
38.080000 38.336000 60
38.336000 38.560000 55
38.752000 39.808000 61
39.936000 40.288000 66
40.384000 41.152000 62
41.152000 41.440000 60
41.440000 41.760000 55
41.888000 42.432000 55
43.264000 43.712000 60
43.872000 44.032000 60
44.032000 44.736000 61
44.864000 45.824000 58
45.952000 46.560000 57
46.688000 47.936000 57
48.640000 48.960000 56
49.088000 49.376000 55
49.504000 49.952000 53
50.112000 50.592000 59
50.592000 50.912000 53
51.040000 51.232000 58
51.232000 51.584000 60
51.744000 52.480000 62
52.480000 52.960000 59
53.056000 54.272000 57
54.752000 55.264000 56
55.264000 55.936000 53
56.096000 56.576000 59
56.576000 56.960000 53
57.120000 57.504000 59
57.728000 58.048000 60
58.048000 58.784000 62
58.784000 60.192000 59
60.896000 61.536000 60
61.664000 62.432000 57
62.624000 63.424000 63
63.424000 63.712000 61
63.904000 63.968000 58
63.968000 64.544000 61
64.672000 65.216000 63
65.216000 65.536000 60
65.664000 66.528000 57
66.944000 67.712000 59
67.712000 68.384000 57
68.512000 68.640000 62
68.640000 69.568000 63
70.016000 70.336000 60
70.432000 70.656000 62
70.784000 71.328000 63
71.328000 71.584000 60
71.712000 72.736000 63
73.088000 73.824000 60
73.824000 75.008000 57
75.008000 75.840000 63
75.968000 76.128000 62
76.128000 76.512000 60
76.512000 77.024000 62
77.024000 77.312000 64
77.312000 77.632000 67
77.632000 78.048000 62
78.048000 78.944000 58
79.072000 79.680000 56
79.680000 80.448000 53
80.576000 80.768000 56
80.768000 81.088000 57
81.088000 82.592000 58
82.720000 83.328000 57
83.488000 84.704000 57
85.024000 86.880000 62
86.880000 87.648000 64
87.648000 89.248000 68
89.632000 90.688000 64
90.688000 93.184000 62
93.408000 95.136000 64
95.552000 96.160000 55
96.160000 96.352000 59
96.448000 96.736000 55
96.832000 97.440000 62
97.568000 97.856000 60
97.952000 98.208000 57
98.336000 99.008000 62
99.008000 99.392000 60
99.520000 99.776000 55
99.904000 100.576000 55
101.408000 102.304000 60
102.496000 102.784000 60
102.880000 103.328000 59
103.488000 103.904000 58
104.000000 105.888000 55
107.872000 108.256000 55
108.256000 108.704000 58
108.704000 108.928000 55
109.088000 109.280000 60
109.280000 109.696000 62
109.824000 110.112000 60
110.208000 110.496000 66
110.592000 111.008000 63
111.008000 111.648000 61
111.744000 112.832000 55
113.600000 115.584000 60
115.680000 116.096000 57
116.224000 116.928000 55
116.992000 118.304000 57
118.912000 119.520000 56
119.520000 119.712000 53
119.808000 120.192000 53
120.352000 120.768000 59
120.768000 121.184000 53
121.312000 121.888000 60
122.016000 122.720000 62
122.816000 123.808000 57
123.904000 124.224000 57
124.224000 124.672000 55
125.056000 125.632000 56
125.632000 126.240000 53
126.400000 126.880000 59
126.880000 127.232000 53
127.392000 127.552000 58
127.552000 127.808000 60
127.968000 128.288000 60
128.288000 129.056000 62
129.056000 130.368000 59
131.072000 131.232000 60
131.232000 131.392000 62
131.520000 131.808000 60
131.872000 132.768000 57
132.896000 133.056000 62
133.056000 133.856000 63
134.208000 134.528000 60
134.624000 134.880000 62
135.008000 135.488000 63
135.488000 135.712000 61
135.712000 136.352000 59
136.352000 136.864000 57
137.248000 138.272000 58
138.272000 138.752000 57
138.848000 139.872000 63
140.320000 140.960000 60
141.088000 141.632000 63
141.632000 141.792000 60
141.792000 142.464000 62
142.464000 143.040000 65
143.360000 143.936000 61
143.936000 145.088000 57
145.088000 145.504000 66
145.504000 146.080000 62
146.368000 146.816000 60
146.816000 147.520000 62
147.616000 147.968000 67
147.968000 148.352000 62
148.352000 148.704000 60
148.704000 149.216000 56
149.472000 150.272000 55
150.272000 150.752000 53
150.880000 151.040000 55
151.040000 151.392000 57
151.392000 152.992000 60
152.992000 153.248000 56
153.408000 155.616000 57
164.864000 164.928000 68
167.904000 168.192000 67
176.992000 177.728000 61
177.824000 177.952000 55
177.952000 178.784000 57
178.784000 179.840000 63
180.032000 180.736000 61
180.832000 181.376000 63
181.376000 181.728000 60
181.824000 182.784000 57
183.136000 183.712000 59
183.712000 184.352000 57
184.672000 185.216000 63
185.216000 186.560000 60
186.560000 188.480000 62
188.480000 189.024000 64
189.120000 189.280000 59
189.280000 189.824000 61
189.824000 191.008000 57
191.008000 192.032000 62
192.160000 192.256000 59
192.352000 192.672000 60
192.672000 193.408000 62
193.504000 193.760000 67
193.760000 194.656000 62
194.656000 195.200000 57
195.328000 195.936000 56
195.936000 196.640000 53
196.736000 196.928000 56
196.928000 197.248000 58
197.248000 198.144000 60
198.272000 198.528000 60
198.528000 198.848000 59
198.848000 199.104000 57
199.232000 200.480000 57
201.440000 202.144000 59
202.304000 203.136000 57
203.232000 204.256000 63
204.576000 205.248000 61
205.376000 205.824000 63
205.824000 206.240000 60
206.368000 207.200000 57
207.616000 208.672000 58
208.672000 209.056000 57
209.184000 210.272000 63
210.720000 211.008000 60
211.104000 211.328000 62
211.488000 212.000000 63
212.096000 212.288000 60
212.384000 212.896000 62
213.024000 213.376000 64
213.792000 214.368000 60
214.368000 214.976000 57
215.072000 215.424000 57
215.424000 215.968000 65
215.968000 216.480000 62
216.832000 217.216000 60
217.216000 217.920000 62
218.016000 218.208000 67
218.304000 218.976000 68
218.976000 219.072000 64
219.072000 219.360000 62
219.360000 220.416000 57
221.344000 221.952000 56
221.952000 222.656000 53
222.848000 223.008000 55
223.008000 223.360000 57
223.360000 223.744000 60
223.840000 224.288000 59
224.384000 224.800000 57
224.960000 225.280000 56
225.440000 226.592000 57
227.488000 228.160000 56
228.160000 228.800000 53
228.928000 229.056000 55
229.056000 229.504000 57
229.504000 229.792000 60
229.952000 230.400000 61
230.496000 230.944000 59
231.104000 231.200000 58
231.200000 231.520000 55
231.680000 233.408000 58
