37.984000 38.432000 56
38.624000 39.136000 55
39.328000 39.680000 57
39.680000 40.096000 52
40.864000 41.248000 52
41.472000 41.728000 52
41.824000 42.016000 52
42.208000 42.656000 55
42.816000 44.672000 49
49.472000 50.400000 56
50.528000 50.848000 57
50.848000 51.200000 59
51.296000 51.744000 54
52.288000 52.832000 53
53.056000 53.632000 52
53.824000 54.208000 58
54.400000 56.672000 54
61.056000 62.272000 55
62.400000 62.784000 58
62.976000 63.456000 52
63.936000 64.064000 51
64.192000 64.832000 51
64.928000 65.120000 52
65.312000 65.792000 55
65.984000 67.520000 49
68.576000 70.112000 56
70.880000 71.328000 55
71.552000 71.904000 56
72.160000 72.352000 54
72.352000 72.928000 50
73.632000 75.136000 54
75.776000 76.128000 52
76.128000 76.448000 55
76.576000 76.768000 52
76.896000 77.344000 51
77.536000 79.648000 52
79.744000 79.904000 52
82.752000 82.976000 54
83.072000 83.136000 55
83.136000 84.288000 59
84.448000 84.608000 54
84.608000 85.376000 56
85.568000 86.400000 51
86.400000 87.936000 55
88.768000 89.056000 56
89.184000 89.344000 57
89.344000 90.144000 59
90.240000 90.848000 56
90.944000 92.576000 63
92.736000 92.960000 59
92.960000 93.152000 56
93.280000 94.240000 56
94.944000 96.416000 59
96.800000 96.960000 59
97.120000 97.280000 59
97.280000 97.664000 56
97.856000 98.816000 59
98.912000 99.296000 60
99.648000 101.632000 59
101.632000 102.048000 56
102.176000 106.528000 59
107.680000 108.704000 59
108.704000 108.928000 63
109.088000 111.232000 63
111.584000 111.872000 56
111.968000 113.088000 59
113.472000 114.016000 59
114.112000 114.720000 61
114.816000 116.704000 64
116.704000 117.216000 66
117.312000 117.600000 63
117.792000 118.592000 59
119.200000 120.160000 59
120.256000 120.512000 61
120.640000 121.088000 67
121.088000 121.728000 61
122.016000 122.304000 60
122.432000 123.456000 60
123.456000 123.872000 67
123.872000 124.672000 59
124.928000 125.120000 59
125.120000 126.688000 61
126.688000 128.832000 64
128.832000 130.272000 59
130.816000 131.808000 59
131.808000 134.464000 63
134.464000 134.976000 56
135.136000 136.160000 59
136.608000 137.632000 59
137.632000 139.584000 63
139.584000 140.384000 66
140.384000 140.832000 62
140.992000 141.856000 59
142.432000 143.616000 60
143.744000 144.160000 67
144.160000 144.832000 61
144.992000 145.408000 59
145.568000 146.560000 60
146.560000 147.040000 66
147.040000 147.744000 59
148.064000 148.128000 58
148.128000 148.256000 59
148.256000 149.824000 61
149.824000 151.296000 64
151.392000 151.424000 65
151.712000 152.480000 62
152.480000 153.376000 66
153.856000 154.112000 64
154.272000 154.656000 64
154.848000 158.144000 64
168.000000 168.896000 55
168.992000 169.280000 56
169.408000 169.664000 57
169.792000 170.144000 51
170.880000 171.360000 52
171.552000 171.776000 52
171.904000 172.288000 52
172.288000 172.640000 55
172.864000 174.240000 49
179.584000 180.832000 56
180.960000 181.216000 59
181.376000 181.856000 54
182.432000 182.976000 52
183.136000 183.712000 52
183.872000 184.224000 58
184.448000 186.336000 54
187.104000 189.408000 59
191.104000 192.352000 55
192.544000 192.992000 57
192.992000 193.344000 52
194.048000 194.208000 51
194.368000 194.912000 51
195.040000 195.392000 52
195.392000 195.424000 54
195.424000 195.840000 60
196.032000 198.496000 61
198.624000 200.064000 56
201.216000 202.048000 55
202.048000 202.432000 54
202.432000 203.200000 50
203.712000 203.840000 54
203.840000 204.448000 56
204.448000 205.216000 54
205.888000 206.112000 52
206.272000 206.752000 55
206.752000 206.848000 53
207.008000 210.560000 52
213.120000 213.184000 54
213.184000 213.280000 55
213.280000 214.400000 59
214.560000 214.720000 54
214.720000 215.200000 56
215.200000 215.488000 51
215.648000 216.576000 50
216.576000 218.048000 55
218.880000 219.136000 56
219.296000 219.424000 57
219.424000 220.224000 59
220.320000 220.960000 56
221.056000 222.688000 63
222.880000 223.072000 59
223.072000 223.264000 56
223.360000 224.256000 56
225.056000 226.496000 59
226.880000 227.040000 59
227.232000 227.392000 59
227.392000 227.712000 56
227.968000 229.376000 59
229.664000 230.272000 59
230.272000 230.816000 56
230.816000 231.776000 59
231.776000 232.192000 56
232.352000 234.336000 59
234.880000 236.000000 59
236.000000 238.688000 63
239.104000 239.456000 56
239.456000 240.512000 59
240.928000 241.984000 59
241.984000 243.584000 63
243.584000 244.768000 66
244.928000 245.056000 63
245.216000 246.112000 59
246.656000 247.584000 60
247.648000 247.904000 61
248.032000 248.480000 67
248.480000 249.216000 61
249.536000 249.664000 59
249.664000 250.176000 61
250.272000 250.592000 59
250.592000 250.816000 61
250.816000 250.880000 59
250.880000 251.424000 56
251.424000 252.064000 59
252.416000 253.472000 59
253.472000 256.000000 64
256.128000 256.768000 61
256.768000 257.856000 66
258.240000 259.392000 59
259.392000 260.672000 63
260.800000 262.144000 63
262.432000 262.688000 57
262.784000 264.224000 59
264.320000 265.408000 59
265.408000 267.232000 63
267.232000 268.224000 66
268.320000 268.544000 68
268.768000 269.856000 59
270.016000 271.296000 60
271.424000 271.808000 67
271.808000 272.640000 61
272.832000 273.088000 60
273.248000 274.304000 60
274.304000 274.432000 66
274.432000 274.656000 68
274.752000 275.456000 59
275.520000 275.648000 57
275.776000 276.832000 59
276.928000 278.976000 64
279.360000 280.160000 62
280.160000 281.120000 66
281.696000 281.984000 64
282.208000 282.688000 64
283.136000 284.064000 63
284.640000 288.256000 64
321.888000 322.528000 59
