17.248000 17.504000 52
17.632000 18.176000 57
18.176000 18.432000 60
18.528000 18.784000 59
18.784000 19.360000 55
19.552000 19.808000 52
20.064000 20.640000 52
24.512000 24.672000 52
24.672000 24.768000 53
24.768000 25.216000 56
25.312000 26.080000 59
26.080000 26.592000 56
26.688000 27.200000 54
27.200000 28.832000 57
30.976000 31.136000 57
31.264000 31.776000 62
31.904000 32.064000 58
32.160000 32.224000 60
32.224000 32.672000 62
32.800000 32.960000 58
33.088000 33.152000 60
33.152000 33.600000 63
33.856000 34.496000 62
34.944000 35.136000 59
35.840000 36.320000 60
36.704000 36.768000 58
36.768000 37.280000 61
37.824000 38.400000 60
39.072000 39.328000 53
39.456000 40.000000 57
40.000000 40.736000 59
40.736000 41.120000 55
41.312000 41.600000 54
41.696000 43.456000 57
46.368000 46.592000 53
46.720000 47.040000 57
47.168000 47.968000 59
48.064000 48.384000 55
48.704000 49.856000 52
53.664000 53.952000 53
53.952000 55.200000 58
55.328000 55.616000 56
56.224000 58.176000 57
60.064000 60.256000 57
60.384000 60.448000 60
60.448000 60.864000 63
60.992000 61.184000 58
61.280000 61.344000 60
61.344000 61.824000 63
61.920000 62.176000 58
62.176000 62.400000 61
62.496000 62.720000 64
62.816000 63.008000 59
63.136000 63.584000 62
64.000000 64.480000 60
64.896000 64.960000 58
64.960000 65.408000 61
65.792000 65.856000 58
65.856000 66.368000 61
66.944000 67.616000 60
68.192000 68.384000 53
68.384000 68.448000 54
68.448000 68.960000 57
68.960000 69.760000 62
69.760000 73.856000 57
77.376000 77.472000 57
77.600000 78.432000 68
78.432000 80.480000 63
80.576000 81.664000 64
81.920000 82.016000 60
82.144000 84.224000 62
84.224000 85.312000 57
85.568000 85.664000 60
85.760000 87.104000 62
87.360000 87.808000 62
87.808000 88.384000 57
88.480000 88.960000 64
89.216000 90.560000 62
90.688000 91.808000 59
92.160000 92.224000 67
92.224000 92.512000 69
92.512000 92.960000 67
92.960000 93.440000 64
93.536000 94.528000 64
94.688000 96.192000 64
96.512000 96.608000 64
96.608000 98.080000 69
98.080000 98.688000 63
98.688000 99.840000 57
100.096000 101.696000 62
101.952000 102.112000 63
102.112000 102.336000 62
102.336000 102.496000 60
102.496000 103.040000 57
103.040000 103.520000 64
103.712000 104.288000 63
104.416000 104.768000 62
104.768000 106.144000 59
106.240000 109.280000 57
109.696000 109.824000 55
113.600000 113.856000 52
113.984000 114.304000 57
114.432000 115.360000 59
115.360000 115.648000 55
115.968000 116.224000 51
116.768000 116.960000 52
117.216000 117.472000 52
120.896000 121.120000 52
121.216000 121.920000 57
121.920000 122.464000 59
122.560000 122.976000 55
123.520000 125.472000 57
127.360000 127.712000 58
127.712000 127.840000 61
127.936000 128.096000 64
128.096000 128.416000 58
128.512000 129.024000 63
129.120000 129.376000 57
129.376000 129.632000 61
129.728000 129.984000 64
130.112000 130.336000 59
130.336000 130.816000 62
131.232000 131.584000 59
131.904000 132.192000 55
132.192000 132.704000 60
133.088000 133.152000 58
133.152000 133.664000 61
134.208000 134.848000 60
135.424000 135.616000 53
135.616000 136.128000 57
136.224000 136.608000 64
136.704000 137.024000 62
137.024000 137.536000 59
137.632000 140.928000 57
141.056000 141.152000 57
142.592000 142.688000 59
143.168000 143.488000 61
143.488000 143.840000 64
143.936000 144.256000 69
144.864000 145.504000 68
145.504000 147.744000 64
147.840000 148.928000 64
149.216000 149.312000 60
149.408000 151.616000 62
151.712000 152.608000 57
153.056000 153.440000 62
153.536000 154.432000 62
154.656000 155.232000 62
155.328000 155.648000 57
155.776000 156.224000 64
156.512000 157.856000 62
157.984000 159.136000 59
159.424000 160.288000 67
160.352000 160.704000 64
160.800000 161.824000 64
161.984000 163.520000 64
163.808000 163.904000 64
163.904000 165.312000 69
165.312000 166.016000 63
166.016000 167.104000 57
167.424000 167.488000 59
167.520000 168.992000 62
169.216000 169.376000 63
169.376000 169.632000 62
169.632000 169.824000 60
169.824000 170.336000 57
170.336000 171.584000 64
171.712000 172.032000 62
172.128000 173.440000 59
173.536000 176.608000 57
177.120000 177.856000 63
177.856000 178.304000 60
178.976000 179.360000 63
179.360000 179.776000 62
180.768000 180.992000 63
181.216000 181.568000 62
181.664000 181.888000 60
182.080000 182.240000 63
182.592000 182.944000 64
182.944000 183.360000 62
183.360000 183.712000 58
184.352000 184.736000 63
184.832000 184.960000 63
185.056000 185.600000 61
186.208000 186.912000 63
187.104000 187.264000 64
187.552000 192.800000 64
192.960000 194.304000 64
194.912000 194.976000 58
195.200000 195.328000 59
195.328000 195.648000 64
195.776000 196.096000 62
196.224000 196.576000 64
196.672000 197.952000 62
197.952000 198.656000 57
198.912000 199.296000 64
199.424000 199.712000 62
199.840000 200.192000 64
200.288000 201.472000 62
201.472000 201.568000 60
201.664000 202.048000 57
202.176000 202.272000 59
202.528000 202.912000 63
203.040000 203.360000 62
203.456000 203.840000 63
203.936000 204.288000 62
204.384000 204.768000 64
204.768000 205.120000 62
205.120000 205.952000 57
206.176000 206.592000 63
206.688000 208.256000 62
208.352000 208.672000 62
208.768000 208.896000 60
208.896000 209.536000 57
209.856000 210.144000 64
210.304000 210.624000 62
210.752000 211.104000 64
211.200000 211.872000 62
211.968000 212.512000 62
212.608000 212.768000 57
213.056000 213.824000 64
213.952000 215.968000 64
216.736000 218.848000 65
219.232000 219.328000 58
219.424000 220.288000 69
220.352000 222.336000 65
222.432000 223.520000 65
223.712000 223.840000 65
223.936000 225.248000 70
225.248000 225.984000 64
225.984000 227.136000 58
227.584000 228.928000 63
229.216000 229.312000 65
229.408000 229.632000 63
229.632000 230.176000 58
230.304000 230.816000 65
231.040000 233.056000 63
233.056000 233.888000 61
234.048000 236.160000 58
237.024000 237.120000 58
237.280000 237.408000 58
238.016000 238.592000 58
