29.440000 29.600000 47
29.824000 30.592000 56
30.720000 31.552000 54
31.680000 32.992000 51
33.184000 33.792000 59
33.792000 34.048000 56
34.176000 35.040000 59
36.128000 36.864000 57
37.120000 38.176000 57
38.272000 38.912000 52
39.072000 39.264000 52
39.424000 39.712000 49
40.032000 40.960000 54
41.536000 41.600000 50
41.600000 41.760000 54
41.760000 41.984000 56
41.984000 42.144000 57
42.144000 43.136000 58
43.328000 44.320000 59
44.896000 45.184000 56
45.280000 45.536000 63
45.696000 45.984000 63
45.984000 46.208000 61
46.304000 46.560000 59
46.656000 46.880000 59
46.880000 47.456000 56
48.096000 48.160000 47
48.160000 48.192000 49
48.192000 48.512000 53
48.800000 49.088000 56
49.632000 49.696000 47
49.696000 49.760000 49
49.760000 49.952000 51
49.952000 49.984000 52
49.984000 50.208000 54
50.208000 51.456000 56
51.552000 54.208000 52
57.152000 57.440000 49
57.856000 57.920000 47
57.920000 58.144000 49
58.144000 58.688000 52
58.688000 59.136000 49
59.360000 59.424000 50
59.424000 59.904000 52
59.904000 60.864000 51
60.896000 60.960000 51
61.216000 61.792000 56
61.920000 63.168000 56
64.384000 64.608000 52
64.768000 64.896000 52
64.896000 65.376000 49
65.664000 69.728000 54
70.336000 70.560000 48
70.560000 70.848000 52
70.976000 71.136000 52
71.136000 71.808000 49
72.128000 72.448000 61
72.448000 73.504000 56
73.504000 74.112000 59
74.336000 75.648000 59
76.224000 76.704000 60
76.864000 77.696000 61
77.824000 78.528000 60
78.560000 83.456000 59
84.160000 84.320000 62
84.320000 84.544000 64
84.672000 85.056000 63
85.056000 85.280000 58
85.600000 86.720000 59
86.976000 87.136000 59
87.136000 87.264000 56
87.360000 90.048000 59
90.496000 91.200000 63
91.200000 91.552000 56
91.680000 92.832000 56
93.152000 93.280000 56
93.376000 93.472000 54
93.568000 93.696000 54
93.696000 94.272000 56
94.400000 94.496000 52
94.592000 96.416000 59
96.864000 97.248000 55
97.536000 99.424000 61
99.840000 100.448000 64
100.640000 100.864000 61
100.960000 101.792000 62
101.792000 103.744000 59
104.032000 104.224000 59
104.320000 104.800000 59
104.928000 105.504000 59
105.504000 105.888000 56
106.080000 106.368000 55
106.464000 106.624000 59
106.624000 106.912000 53
107.040000 108.608000 54
109.184000 109.248000 61
109.248000 109.472000 64
109.600000 110.048000 63
110.048000 110.112000 60
110.112000 111.200000 57
111.200000 111.616000 59
111.776000 112.000000 59
112.128000 114.656000 59
115.008000 115.072000 60
115.072000 115.296000 63
115.424000 115.648000 64
115.776000 116.256000 63
116.256000 117.760000 56
118.080000 118.880000 55
118.880000 119.200000 59
119.296000 119.456000 59
119.552000 121.216000 59
121.792000 121.856000 51
121.856000 122.048000 54
122.080000 122.464000 57
122.464000 124.224000 61
124.544000 124.768000 58
124.768000 125.504000 63
125.504000 126.720000 61
126.720000 127.456000 59
127.456000 128.800000 64
129.152000 130.112000 59
130.272000 130.432000 59
130.432000 130.784000 56
130.912000 131.680000 55
132.256000 133.216000 59
133.344000 133.568000 59
133.568000 134.816000 56
135.072000 138.528000 52
147.872000 148.000000 59
148.288000 149.056000 56
149.280000 150.016000 54
150.016000 151.072000 52
151.296000 151.680000 59
151.680000 152.288000 61
152.448000 152.608000 59
152.736000 153.728000 59
154.336000 155.872000 57
155.968000 156.640000 57
156.736000 157.376000 52
157.664000 157.856000 51
157.952000 158.144000 47
158.592000 158.720000 52
158.880000 159.456000 54
159.872000 160.160000 53
160.256000 160.320000 56
160.320000 160.832000 57
160.832000 162.976000 59
163.360000 163.616000 56
163.744000 164.064000 64
164.160000 164.672000 63
164.800000 164.992000 59
165.184000 166.048000 56
166.496000 166.656000 48
166.656000 166.784000 51
166.880000 167.072000 54
167.264000 167.648000 56
168.096000 168.160000 48
168.160000 168.256000 49
168.256000 168.416000 51
168.416000 168.736000 54
168.736000 170.176000 56
170.176000 172.576000 52
173.248000 173.312000 47
173.312000 173.536000 49
173.536000 174.304000 51
174.464000 174.528000 48
174.528000 176.224000 51
176.288000 176.416000 54
176.608000 177.216000 56
177.312000 178.688000 56
179.712000 180.000000 52
180.128000 180.800000 49
181.024000 181.184000 51
181.280000 185.056000 54
185.696000 185.824000 47
185.824000 185.920000 48
185.920000 186.208000 51
186.368000 186.560000 52
186.560000 187.072000 49
187.520000 187.840000 61
187.840000 188.640000 56
188.736000 189.376000 59
189.696000 191.072000 59
191.552000 192.032000 59
192.224000 193.056000 61
193.184000 193.536000 59
193.536000 193.856000 61
193.952000 194.368000 64
194.368000 199.136000 59
199.424000 199.904000 64
200.032000 200.512000 63
200.512000 200.672000 58
200.960000 202.016000 59
202.272000 202.496000 59
202.496000 202.720000 56
202.752000 205.504000 59
205.856000 206.560000 63
206.560000 208.192000 56
208.576000 208.672000 56
208.768000 209.728000 55
209.952000 211.776000 59
212.256000 212.640000 55
212.896000 214.816000 61
215.200000 215.808000 64
216.000000 217.184000 61
217.184000 219.104000 59
219.296000 219.552000 59
219.680000 219.776000 59
219.904000 220.160000 60
220.288000 220.832000 60
220.832000 221.280000 56
221.440000 221.760000 55
221.856000 222.176000 59
222.176000 222.432000 58
222.432000 223.936000 54
224.512000 224.832000 64
224.928000 225.344000 63
225.344000 225.472000 60
225.472000 226.304000 56
226.304000 226.912000 59
227.200000 227.392000 59
227.520000 230.144000 59
230.240000 230.272000 55
230.336000 230.400000 55
230.400000 230.688000 63
230.784000 231.584000 64
231.584000 233.120000 56
233.504000 233.824000 55
233.920000 234.048000 54
234.048000 234.240000 56
234.240000 234.560000 59
234.656000 236.672000 59
237.088000 237.152000 50
237.152000 237.312000 53
237.472000 237.728000 56
237.824000 238.112000 59
238.240000 239.712000 61
240.128000 240.256000 62
240.256000 240.576000 64
240.576000 241.632000 62
241.728000 242.016000 61
242.080000 242.432000 59
242.592000 242.912000 59
242.912000 243.968000 64
244.416000 245.472000 59
245.568000 245.792000 59
245.792000 247.136000 54
247.552000 249.024000 59
249.120000 249.408000 56
249.504000 250.080000 54
250.496000 255.904000 64
256.096000 256.352000 66
274.368000 274.528000 62
274.528000 274.720000 64
274.848000 275.296000 63
275.296000 275.392000 61
275.392000 276.192000 56
276.192000 276.896000 59
276.992000 277.248000 59
277.376000 279.968000 59
280.256000 280.544000 63
280.672000 280.896000 64
280.992000 281.440000 63
281.440000 282.976000 56
283.360000 284.160000 55
284.160000 284.448000 59
284.544000 286.528000 59
286.880000 286.944000 60
286.944000 287.552000 62
287.680000 287.936000 59
287.968000 289.600000 61
289.984000 290.144000 62
290.144000 290.464000 64
290.464000 291.456000 61
291.552000 291.648000 63
291.648000 291.936000 61
291.936000 292.768000 58
292.768000 294.848000 64
294.944000 295.104000 64
295.840000 296.896000 59
297.056000 297.248000 59
297.248000 297.600000 56
297.696000 298.496000 54
299.072000 300.096000 59
300.256000 300.448000 59
300.448000 300.608000 56
300.736000 301.536000 56
301.664000 301.920000 54
302.208000 305.728000 52
319.712000 320.000000 59
