26.656000 28.512000 66
28.704000 29.504000 64
30.016000 31.424000 62
31.552000 31.936000 62
32.032000 32.800000 59
33.376000 35.136000 66
35.328000 35.744000 64
35.872000 36.896000 62
37.120000 37.248000 57
37.408000 37.888000 59
37.984000 39.008000 59
39.648000 39.840000 55
39.840000 41.408000 59
41.504000 42.944000 59
43.264000 44.064000 59
44.224000 45.088000 59
45.248000 45.696000 61
45.856000 46.496000 62
46.496000 46.944000 60
47.072000 47.520000 60
47.744000 48.192000 59
48.352000 48.512000 59
48.608000 48.864000 60
48.992000 50.208000 59
50.208000 51.680000 62
53.312000 53.952000 66
53.952000 54.176000 64
54.272000 55.328000 60
55.424000 55.648000 64
55.648000 56.160000 60
56.480000 57.696000 59
57.696000 58.240000 60
58.560000 59.200000 59
59.200000 59.616000 57
60.064000 60.576000 54
60.704000 60.832000 55
61.088000 61.472000 60
61.760000 61.824000 53
61.856000 62.240000 53
62.368000 62.656000 54
62.752000 62.816000 58
62.816000 62.912000 59
62.912000 64.096000 62
64.096000 64.544000 59
65.024000 65.920000 64
66.112000 66.432000 59
66.688000 67.360000 66
67.360000 67.584000 64
67.744000 68.224000 59
68.384000 68.640000 61
68.768000 68.960000 64
68.960000 69.536000 60
69.824000 69.984000 59
70.080000 70.368000 57
70.464000 71.584000 60
71.712000 72.064000 71
72.064000 72.480000 63
72.480000 72.672000 62
72.672000 72.736000 59
72.736000 73.120000 55
73.376000 74.336000 55
74.432000 74.496000 63
74.496000 75.648000 66
75.648000 76.032000 62
76.448000 79.264000 64
79.424000 79.872000 66
80.032000 80.096000 59
80.096000 84.928000 64
85.152000 85.408000 59
85.856000 86.752000 59
86.752000 91.168000 64
91.200000 91.808000 73
92.032000 92.128000 74
92.256000 92.512000 74
92.768000 93.120000 66
93.344000 95.168000 66
95.328000 96.320000 64
96.544000 96.672000 64
96.672000 98.976000 62
98.976000 99.456000 59
100.032000 101.824000 66
101.984000 103.552000 64
103.808000 103.936000 58
104.064000 105.792000 59
106.336000 106.432000 55
106.528000 108.032000 59
108.160000 109.664000 59
109.856000 110.688000 59
110.880000 111.232000 59
111.616000 111.776000 59
111.904000 112.384000 62
112.544000 112.800000 63
112.800000 113.568000 61
113.760000 114.176000 60
114.400000 114.816000 59
115.008000 115.520000 59
115.680000 116.576000 59
116.704000 117.376000 64
117.472000 118.368000 62
120.000000 120.064000 65
120.064000 120.608000 67
120.608000 120.864000 64
120.864000 122.016000 60
122.112000 122.304000 64
122.304000 122.912000 60
123.168000 123.232000 59
123.360000 123.744000 57
123.744000 124.896000 60
125.056000 125.120000 57
125.120000 126.272000 59
126.272000 126.336000 56
126.560000 126.592000 53
126.656000 127.264000 55
127.360000 127.616000 55
127.776000 128.160000 61
128.352000 128.896000 52
129.056000 129.312000 54
129.440000 129.504000 58
129.504000 129.600000 60
129.600000 130.688000 62
130.688000 131.168000 60
131.712000 132.608000 64
132.768000 133.152000 59
133.376000 133.472000 65
133.472000 134.240000 66
134.432000 134.848000 59
135.104000 135.296000 62
135.424000 135.584000 64
135.584000 136.192000 60
136.480000 137.024000 58
137.184000 138.240000 60
138.400000 138.688000 59
138.816000 139.360000 62
139.360000 139.424000 58
139.424000 139.776000 56
140.000000 140.032000 54
140.096000 140.960000 55
141.120000 141.600000 66
141.696000 141.952000 66
141.952000 142.528000 64
142.624000 142.912000 66
143.072000 144.576000 64
145.088000 145.344000 63
145.440000 145.952000 64
146.112000 151.712000 64
153.376000 154.912000 67
154.912000 158.624000 71
159.968000 162.880000 59
163.168000 164.032000 59
164.192000 164.736000 60
164.928000 165.088000 59
165.312000 165.696000 62
165.888000 168.224000 60
168.352000 168.480000 58
168.672000 168.704000 60
168.992000 169.184000 59
169.184000 169.600000 60
169.600000 169.792000 63
169.792000 170.112000 64
170.112000 171.552000 66
171.552000 172.384000 70
172.416000 172.480000 70
172.512000 172.672000 70
173.312000 173.504000 69
174.176000 175.200000 69
176.832000 176.992000 67
179.680000 179.936000 73
180.416000 180.576000 69
181.888000 182.592000 71
185.216000 187.232000 68
187.680000 187.872000 69
189.024000 189.152000 67
190.240000 190.336000 70
191.744000 192.128000 71
193.696000 193.792000 69
196.704000 196.832000 67
201.600000 201.792000 68
201.920000 202.080000 69
202.240000 202.304000 72
204.224000 204.608000 66
204.704000 204.832000 66
204.832000 205.088000 64
205.088000 205.792000 59
205.888000 206.016000 60
206.016000 206.656000 62
206.656000 207.200000 60
207.392000 209.088000 59
209.280000 210.496000 59
210.496000 210.592000 55
210.880000 211.456000 54
211.584000 211.840000 56
212.000000 212.064000 58
212.064000 212.384000 61
212.576000 213.120000 53
213.280000 213.536000 54
213.632000 213.696000 58
213.696000 213.792000 60
213.792000 214.976000 62
214.976000 215.424000 60
215.936000 216.448000 63
216.576000 216.864000 65
217.024000 217.312000 59
217.568000 217.696000 65
217.696000 218.016000 67
218.016000 218.432000 64
218.624000 219.040000 59
219.296000 219.520000 62
219.648000 219.840000 64
219.840000 220.352000 60
220.736000 221.248000 57
221.376000 222.464000 60
222.624000 222.944000 71
223.008000 223.552000 62
223.552000 223.648000 59
223.648000 223.840000 57
223.904000 223.968000 54
224.320000 225.184000 55
225.312000 225.376000 62
225.376000 225.472000 64
225.472000 226.144000 66
226.144000 226.816000 64
227.072000 227.104000 56
227.264000 227.456000 56
227.456000 228.832000 64
229.408000 229.568000 63
229.664000 229.920000 64
229.920000 230.176000 66
230.336000 230.912000 66
231.008000 233.728000 64
233.888000 234.112000 63
234.112000 235.744000 62
235.744000 237.152000 59
237.504000 240.448000 64
240.480000 243.712000 62
244.064000 244.576000 63
244.704000 244.992000 62
245.120000 245.920000 59
245.984000 246.144000 59
246.528000 247.168000 59
247.264000 247.456000 59
247.616000 247.776000 57
250.336000 250.528000 55
253.376000 253.728000 59
254.144000 254.400000 59
255.488000 255.840000 60
255.968000 256.064000 59
256.576000 256.800000 59
256.992000 257.120000 59
257.312000 257.472000 59
257.632000 257.824000 61
260.096000 260.224000 67
260.320000 260.416000 67
263.776000 263.968000 67
264.160000 264.416000 65
