32.032000 32.320000 65
32.320000 32.640000 66
32.640000 34.656000 68
34.656000 36.576000 62
37.216000 37.792000 58
37.952000 38.528000 61
38.624000 39.808000 59
39.904000 41.600000 56
43.264000 43.584000 54
43.584000 43.872000 56
43.872000 44.192000 58
44.288000 44.576000 61
44.576000 44.896000 63
44.896000 45.504000 66
45.600000 45.792000 66
45.792000 45.856000 65
45.856000 45.920000 63
45.920000 46.176000 62
46.176000 46.752000 60
46.752000 48.736000 58
48.736000 50.912000 61
53.184000 53.824000 65
53.824000 55.136000 68
55.136000 56.096000 66
56.096000 57.984000 62
58.560000 59.136000 59
59.136000 60.352000 61
60.448000 60.992000 59
61.152000 62.624000 56
62.720000 62.816000 56
63.744000 64.000000 60
64.096000 64.512000 61
64.512000 64.960000 59
65.088000 65.696000 56
65.696000 67.840000 60
68.384000 68.608000 58
68.768000 68.928000 56
69.056000 71.744000 59
73.632000 73.952000 53
73.952000 74.112000 54
74.112000 75.872000 58
76.352000 76.704000 58
76.704000 78.720000 66
79.008000 79.104000 65
79.104000 79.328000 66
79.328000 79.616000 67
79.616000 80.864000 70
80.992000 82.720000 66
82.720000 84.704000 63
84.960000 85.472000 66
85.600000 87.072000 66
87.072000 87.456000 67
87.456000 88.800000 62
88.960000 89.536000 56
89.664000 90.048000 58
90.048000 91.968000 60
92.256000 92.736000 62
92.736000 95.136000 60
95.392000 96.320000 66
96.320000 96.736000 68
96.928000 97.376000 68
97.568000 98.464000 66
98.464000 100.480000 62
100.800000 101.408000 58
101.504000 102.816000 61
102.816000 103.424000 59
103.520000 105.472000 56
106.080000 107.040000 61
107.136000 107.392000 58
107.392000 108.000000 55
108.192000 108.672000 58
108.832000 110.400000 60
110.560000 110.720000 60
110.720000 110.976000 58
111.104000 111.328000 56
111.424000 114.432000 59
131.712000 132.384000 50
138.880000 139.648000 61
139.648000 141.760000 58
143.616000 144.544000 55
145.856000 145.920000 61
145.920000 147.072000 62
147.072000 147.936000 66
148.512000 148.896000 65
148.896000 149.088000 66
149.088000 150.528000 68
150.528000 151.520000 66
151.520000 153.312000 62
153.696000 154.336000 58
154.432000 154.592000 60
154.592000 155.680000 61
155.680000 156.672000 59
156.672000 157.824000 55
159.072000 159.360000 54
159.456000 159.616000 52
159.616000 160.320000 54
160.320000 160.960000 59
161.056000 161.376000 63
161.376000 161.984000 66
162.080000 162.240000 66
162.240000 162.304000 65
162.304000 162.944000 62
163.040000 163.456000 58
163.456000 164.288000 56
164.288000 167.200000 60
167.392000 167.488000 64
167.488000 167.712000 66
169.632000 170.272000 65
170.272000 170.336000 66
170.336000 171.648000 68
171.648000 172.960000 66
172.960000 174.528000 63
174.528000 174.944000 66
174.944000 177.536000 60
177.536000 179.936000 56
180.192000 181.184000 61
181.184000 181.504000 58
181.888000 182.112000 56
182.144000 182.208000 59
182.368000 182.752000 58
182.880000 184.480000 61
184.832000 185.088000 59
185.216000 188.480000 58
190.336000 190.784000 55
190.912000 192.832000 58
193.152000 195.040000 66
195.456000 195.648000 65
195.648000 195.776000 66
195.776000 196.064000 67
196.064000 197.024000 70
197.152000 197.376000 67
197.472000 199.040000 66
199.104000 200.736000 62
201.440000 201.952000 65
202.048000 203.968000 66
204.064000 204.736000 62
204.736000 205.280000 59
205.472000 205.984000 56
206.080000 208.288000 60
208.704000 208.992000 62
208.992000 211.488000 60
212.032000 212.640000 66
212.640000 214.880000 67
215.040000 216.992000 62
217.280000 217.824000 58
217.952000 218.208000 60
218.304000 219.232000 61
219.232000 219.936000 59
219.936000 221.952000 56
222.560000 223.392000 61
223.392000 223.776000 59
223.776000 225.408000 58
225.408000 227.040000 60
227.200000 231.136000 58
231.136000 231.392000 59
232.640000 232.832000 54
232.832000 235.424000 58
235.520000 236.096000 54
236.192000 237.408000 66
237.824000 238.112000 54
238.112000 238.464000 55
238.464000 239.680000 58
239.840000 241.504000 66
241.600000 243.168000 63
243.776000 244.288000 65
244.416000 246.304000 66
246.400000 247.008000 63
247.072000 247.360000 60
247.360000 247.840000 58
247.840000 248.352000 56
248.448000 248.704000 58
248.704000 250.688000 60
251.072000 251.424000 62
251.424000 253.696000 60
254.368000 254.912000 65
255.040000 256.032000 68
256.032000 257.696000 66
257.696000 259.264000 62
259.680000 260.256000 58
260.256000 262.208000 60
262.304000 264.384000 56
264.896000 266.080000 60
266.080000 266.816000 56
266.912000 269.184000 60
269.568000 269.728000 59
269.728000 272.128000 58
272.128000 274.528000 59
274.656000 274.752000 59
275.488000 276.416000 61
276.416000 277.408000 56
277.504000 278.080000 58
278.176000 279.744000 60
280.128000 282.784000 58
282.784000 285.248000 59
