13.024000 13.280000 62
14.048000 14.208000 56
15.840000 16.192000 59
16.288000 16.672000 63
16.832000 16.960000 63
17.088000 17.376000 63
17.504000 17.664000 63
17.792000 18.368000 67
18.464000 18.656000 67
18.720000 19.072000 65
19.232000 19.552000 63
19.712000 20.544000 65
21.600000 22.176000 63
22.304000 22.560000 67
22.560000 22.912000 70
22.912000 23.424000 68
23.424000 24.800000 72
24.800000 25.248000 68
25.664000 26.656000 68
26.784000 28.192000 63
29.152000 29.440000 70
29.440000 29.728000 67
29.856000 30.624000 70
31.040000 31.648000 75
31.744000 32.480000 70
32.896000 33.472000 72
33.600000 33.920000 70
34.080000 34.464000 63
34.752000 35.392000 68
35.488000 36.512000 65
37.120000 37.344000 63
37.344000 37.600000 66
37.600000 38.496000 70
38.656000 39.776000 66
40.480000 41.344000 68
41.344000 41.728000 71
41.920000 43.104000 68
43.808000 44.224000 71
44.224000 44.928000 75
44.928000 45.472000 71
45.632000 45.856000 67
45.856000 45.984000 69
46.176000 46.656000 76
46.656000 47.008000 73
47.104000 47.360000 70
47.584000 48.448000 69
48.512000 48.640000 68
48.736000 49.408000 68
49.408000 50.592000 63
52.256000 52.480000 63
52.480000 52.736000 66
52.736000 53.184000 68
53.184000 53.568000 70
53.856000 54.400000 68
54.400000 54.496000 66
55.552000 56.192000 68
56.288000 56.864000 70
57.024000 58.400000 68
58.944000 59.360000 70
59.360000 59.936000 75
59.936000 60.640000 71
60.768000 60.960000 68
60.960000 61.088000 71
61.280000 61.824000 75
61.824000 62.080000 72
62.176000 62.496000 70
62.656000 63.744000 69
63.840000 64.000000 57
64.128000 64.384000 69
64.384000 64.512000 68
64.512000 64.768000 66
64.768000 65.824000 63
67.872000 68.800000 70
68.800000 69.344000 73
69.472000 70.656000 75
71.616000 74.304000 71
74.880000 75.360000 63
75.360000 75.936000 67
76.288000 77.632000 68
78.176000 79.488000 68
79.488000 79.616000 66
80.160000 80.256000 68
80.256000 80.352000 67
80.352000 81.120000 65
81.120000 81.312000 64
82.144000 82.464000 58
82.624000 83.008000 63
83.168000 83.712000 63
83.808000 83.968000 64
84.064000 85.024000 67
85.024000 85.376000 64
85.504000 85.824000 63
86.016000 86.656000 65
87.872000 88.480000 64
88.576000 88.864000 68
88.864000 89.184000 70
89.184000 89.600000 67
89.728000 90.720000 72
90.720000 91.648000 68
91.968000 92.992000 68
93.120000 93.312000 67
93.728000 94.464000 64
95.456000 95.744000 70
95.744000 96.000000 67
96.160000 96.896000 70
97.344000 97.728000 75
97.728000 97.984000 74
97.984000 98.784000 71
99.200000 100.192000 72
100.384000 100.832000 63
101.056000 101.696000 68
101.792000 102.752000 65
103.360000 103.616000 63
103.616000 103.872000 66
103.872000 104.320000 68
104.320000 104.896000 71
104.896000 105.568000 66
106.656000 106.848000 68
106.944000 107.520000 68
107.616000 107.904000 71
108.128000 109.152000 68
109.984000 110.400000 70
110.400000 111.136000 75
111.136000 111.648000 70
111.808000 112.032000 67
112.032000 112.160000 69
112.352000 112.928000 75
112.928000 113.120000 72
113.216000 113.536000 71
113.728000 113.888000 68
113.888000 114.528000 69
114.624000 115.392000 68
115.392000 116.960000 63
118.304000 118.496000 63
118.592000 118.848000 66
118.848000 119.232000 68
119.232000 119.680000 70
119.840000 120.128000 68
120.128000 120.640000 66
121.600000 122.272000 68
122.272000 122.848000 70
123.040000 124.192000 68
124.896000 125.344000 70
125.344000 125.952000 75
125.952000 127.104000 70
127.232000 127.840000 75
127.840000 128.032000 72
128.160000 128.384000 70
128.608000 129.440000 68
129.536000 129.664000 68
129.792000 130.400000 68
130.400000 131.680000 63
136.000000 136.224000 71
136.224000 136.384000 75
136.384000 136.640000 69
136.640000 137.120000 71
137.216000 137.248000 68
137.408000 137.824000 68
137.824000 139.072000 63
139.744000 140.096000 69
140.224000 140.576000 68
140.672000 141.600000 68
141.888000 142.496000 63
143.680000 143.808000 71
