18.240000 18.368000 63
18.368000 18.432000 65
18.432000 18.464000 67
18.464000 18.496000 69
18.496000 19.264000 72
19.264000 19.520000 69
19.616000 19.744000 67
19.904000 20.384000 66
20.384000 20.960000 62
21.600000 23.680000 62
25.472000 25.632000 64
25.728000 25.984000 66
25.984000 26.432000 68
26.560000 26.784000 75
26.784000 27.072000 73
27.072000 27.808000 69
28.224000 28.640000 67
28.736000 29.152000 71
29.280000 30.240000 69
30.848000 31.168000 71
31.168000 31.456000 72
31.456000 32.800000 74
32.800000 33.568000 69
33.728000 34.528000 60
35.296000 35.488000 64
35.584000 35.744000 66
35.872000 36.128000 67
36.608000 36.864000 71
36.960000 37.376000 68
37.504000 37.728000 66
37.728000 37.952000 68
38.080000 38.656000 67
40.160000 40.416000 63
40.416000 40.480000 68
40.480000 41.248000 72
41.376000 41.792000 68
41.888000 42.080000 67
42.208000 42.400000 66
42.496000 42.976000 62
43.552000 43.904000 60
44.096000 44.576000 63
44.672000 45.664000 62
47.296000 47.648000 64
47.648000 47.872000 66
47.872000 48.096000 67
48.096000 48.192000 69
48.192000 48.640000 73
48.800000 49.088000 74
49.088000 49.216000 72
49.216000 50.496000 69
50.688000 52.192000 69
52.896000 53.152000 71
53.152000 53.440000 72
53.440000 54.944000 74
54.944000 55.232000 69
55.232000 55.424000 67
55.424000 56.288000 60
57.280000 57.728000 66
57.824000 58.112000 67
58.624000 58.816000 71
58.816000 59.360000 68
59.456000 60.896000 67
62.208000 62.720000 71
62.720000 63.744000 69
64.160000 64.736000 72
64.736000 65.952000 68
66.080000 66.336000 62
66.560000 66.784000 60
66.784000 66.880000 61
66.880000 67.072000 62
67.072000 68.064000 66
68.448000 68.672000 71
68.672000 69.152000 68
69.280000 70.208000 67
70.944000 71.392000 71
71.392000 72.704000 69
72.832000 73.568000 71
73.568000 74.656000 68
74.752000 75.072000 62
75.360000 75.744000 61
75.840000 76.032000 64
76.032000 76.704000 66
77.152000 77.376000 71
77.376000 77.856000 68
77.984000 79.200000 67
88.576000 88.832000 74
88.832000 89.056000 72
89.056000 89.312000 71
89.312000 89.792000 68
89.952000 90.400000 66
90.400000 91.040000 62
91.552000 93.664000 62
95.328000 95.584000 64
95.584000 95.712000 65
95.712000 95.840000 66
95.840000 96.352000 68
96.448000 96.896000 75
96.992000 97.824000 69
98.048000 98.560000 67
98.560000 98.976000 71
99.072000 100.096000 69
100.608000 100.928000 71
100.928000 101.216000 72
101.216000 102.528000 74
102.528000 103.296000 69
103.552000 104.160000 60
104.928000 105.344000 64
105.440000 105.792000 67
106.176000 106.432000 71
106.432000 106.816000 69
106.816000 107.200000 66
107.296000 107.456000 69
107.552000 108.160000 67
109.568000 109.856000 62
109.856000 110.592000 72
110.752000 110.912000 69
110.912000 111.424000 67
111.520000 111.712000 66
111.808000 112.288000 62
112.832000 113.184000 60
113.408000 113.856000 63
113.952000 115.168000 62
116.448000 116.800000 65
116.800000 117.216000 66
117.216000 117.280000 68
117.280000 117.568000 71
117.568000 117.952000 75
117.952000 118.208000 74
118.208000 119.616000 69
119.648000 120.000000 71
120.192000 121.056000 69
121.856000 122.112000 71
122.112000 122.400000 72
122.400000 123.680000 74
123.680000 124.480000 69
124.480000 125.216000 60
126.080000 126.944000 66
127.456000 127.616000 71
127.616000 128.160000 68
128.256000 129.536000 67
130.848000 131.072000 72
131.072000 132.576000 69
132.672000 133.408000 71
133.408000 133.728000 69
133.728000 134.464000 68
134.464000 134.720000 62
135.072000 135.264000 60
135.264000 135.648000 62
135.648000 136.544000 67
136.928000 137.088000 71
137.088000 137.216000 70
137.216000 137.600000 68
137.696000 138.688000 67
139.328000 139.776000 71
139.776000 139.840000 70
139.840000 141.184000 69
141.184000 141.952000 71
141.952000 142.912000 68
143.008000 143.264000 62
143.520000 144.064000 62
144.064000 145.120000 67
145.376000 145.568000 71
145.568000 146.112000 68
146.208000 147.552000 67
