17.472000 23.744000 65
32.960000 33.312000 46
34.112000 34.368000 46
34.592000 34.976000 53
34.976000 35.200000 49
35.424000 35.616000 48
35.744000 35.840000 45
37.920000 38.144000 48
38.240000 38.432000 46
38.432000 38.624000 48
38.880000 39.104000 50
39.168000 40.032000 53
40.128000 40.256000 52
40.352000 40.480000 53
40.576000 40.704000 53
40.800000 40.928000 53
42.880000 43.232000 50
43.232000 43.616000 53
43.744000 44.032000 55
44.032000 45.440000 57
45.440000 46.656000 55
47.040000 47.136000 50
47.840000 48.032000 48
48.032000 48.224000 50
48.992000 49.376000 46
49.600000 49.792000 46
50.176000 50.272000 60
50.464000 50.528000 59
50.560000 50.944000 60
51.104000 51.392000 60
51.712000 51.808000 59
53.440000 53.600000 55
53.600000 54.720000 58
54.720000 56.864000 57
57.472000 58.240000 53
58.336000 59.072000 62
59.072000 59.712000 58
60.000000 60.128000 60
60.128000 60.288000 58
60.288000 60.768000 53
60.864000 60.992000 53
61.088000 61.184000 53
61.312000 61.408000 54
61.536000 61.632000 53
61.728000 62.016000 53
62.144000 62.272000 54
63.936000 63.968000 45
63.968000 64.000000 45
64.000000 64.032000 45
64.032000 64.064000 45
64.064000 64.096000 45
64.096000 64.128000 45
64.128000 64.160000 45
64.160000 64.192000 45
64.192000 64.224000 45
64.960000 65.056000 47
65.920000 66.304000 47
66.560000 67.136000 48
67.232000 67.328000 50
67.456000 67.552000 50
67.680000 67.776000 50
67.904000 68.000000 50
69.344000 69.920000 53
70.112000 70.272000 59
70.272000 70.304000 57
70.304000 70.496000 55
70.496000 71.072000 53
71.072000 71.392000 50
71.488000 72.288000 53
72.672000 72.768000 53
74.144000 74.368000 53
74.368000 74.560000 55
74.560000 75.104000 53
75.104000 76.480000 58
76.480000 77.280000 62
77.280000 78.016000 57
78.144000 78.240000 54
78.336000 78.464000 54
78.560000 78.720000 54
78.816000 78.912000 54
80.064000 80.576000 48
80.992000 81.120000 53
82.144000 82.240000 46
82.368000 82.464000 46
82.848000 83.008000 46
83.040000 83.200000 46
83.328000 83.456000 47
83.584000 83.680000 47
84.096000 84.192000 47
87.840000 88.000000 45
89.632000 89.728000 45
91.552000 91.680000 50
91.808000 91.872000 50
91.872000 91.968000 53
91.968000 92.064000 50
92.320000 92.512000 47
92.928000 93.056000 47
95.104000 95.616000 51
95.616000 95.680000 49
95.904000 96.000000 46
101.120000 101.312000 45
102.080000 102.176000 49
102.336000 102.528000 48
103.680000 103.776000 55
103.776000 103.904000 52
104.000000 104.128000 54
104.128000 104.256000 52
107.424000 107.552000 61
107.552000 107.680000 55
107.680000 107.712000 51
108.064000 108.160000 47
109.760000 109.920000 51
110.208000 110.592000 56
113.920000 114.048000 50
114.336000 114.560000 48
114.720000 114.848000 52
114.976000 115.040000 53
116.672000 116.960000 56
117.216000 117.344000 61
117.472000 117.600000 57
117.696000 117.792000 55
117.792000 118.016000 52
118.432000 118.528000 51
118.720000 118.880000 49
119.808000 120.032000 53
120.160000 120.288000 53
120.288000 120.512000 52
120.512000 120.864000 55
122.336000 122.496000 56
122.592000 122.720000 52
122.880000 122.976000 52
122.976000 123.264000 48
125.184000 125.280000 50
125.600000 125.696000 47
127.328000 127.456000 59
127.456000 127.680000 56
127.808000 127.968000 55
128.160000 128.512000 58
128.672000 128.800000 59
129.024000 129.120000 50
131.296000 131.520000 50
131.744000 131.872000 52
138.848000 139.168000 46
139.296000 139.392000 46
139.520000 139.616000 47
139.936000 140.256000 46
140.544000 140.928000 53
141.056000 141.472000 48
142.016000 142.048000 46
142.144000 142.304000 46
142.432000 142.528000 46
143.872000 144.416000 47
144.640000 145.024000 50
145.152000 145.504000 53
145.504000 146.144000 55
146.240000 146.816000 53
146.912000 147.008000 52
147.200000 147.328000 53
147.456000 147.552000 53
148.928000 149.248000 49
149.248000 149.472000 53
149.472000 151.296000 57
151.424000 152.320000 55
152.320000 152.768000 53
152.960000 153.056000 50
153.952000 154.144000 48
154.144000 154.304000 50
154.592000 154.688000 47
155.040000 155.840000 46
156.064000 156.224000 59
156.256000 156.320000 58
156.608000 156.992000 60
157.728000 157.888000 59
159.424000 159.776000 55
159.776000 162.976000 58
163.520000 164.384000 54
164.480000 165.120000 62
165.120000 165.824000 58
165.888000 165.952000 59
165.952000 166.048000 62
166.176000 166.368000 60
166.368000 168.288000 53
168.416000 168.544000 54
168.640000 168.736000 54
170.080000 170.112000 45
170.112000 170.144000 45
170.144000 170.176000 45
170.176000 170.208000 45
170.208000 170.240000 45
170.240000 170.272000 45
170.272000 170.304000 45
170.304000 170.336000 45
170.688000 170.784000 47
171.168000 171.264000 47
172.192000 172.480000 48
172.800000 173.376000 48
173.504000 173.600000 50
173.728000 173.824000 50
174.432000 174.528000 50
175.424000 175.520000 50
175.616000 176.224000 53
176.320000 176.480000 56
176.480000 176.608000 55
176.608000 177.504000 53
177.664000 178.880000 53
178.976000 179.072000 54
180.160000 181.056000 53
181.056000 181.312000 58
181.408000 181.504000 59
181.632000 182.112000 57
182.208000 182.432000 58
182.432000 182.944000 63
182.944000 183.232000 60
183.360000 183.616000 58
183.616000 183.968000 55
184.064000 184.160000 53
184.256000 184.384000 53
184.480000 184.608000 53
184.704000 184.864000 53
184.992000 185.088000 54
185.184000 185.280000 54
186.080000 186.528000 48
188.416000 188.512000 58
188.896000 189.184000 58
189.472000 189.504000 58
189.600000 189.632000 58
189.888000 189.984000 59
194.112000 199.136000 65
