21.504000 22.144000 58
22.240000 22.496000 58
22.496000 22.912000 55
23.040000 23.488000 58
23.616000 24.000000 55
24.000000 24.544000 53
24.672000 25.088000 55
25.696000 26.336000 48
26.432000 26.656000 51
26.752000 27.200000 53
27.200000 27.616000 55
27.776000 28.000000 56
28.096000 28.448000 55
28.544000 29.088000 53
29.856000 29.920000 55
29.920000 30.048000 56
30.048000 31.168000 57
31.168000 31.360000 55
31.456000 31.904000 58
32.000000 32.928000 60
33.056000 33.440000 60
34.016000 34.208000 50
34.208000 35.552000 53
35.648000 35.968000 48
36.128000 36.928000 53
37.696000 38.016000 48
38.144000 41.120000 53
42.336000 42.528000 63
42.656000 45.600000 58
46.080000 46.336000 54
46.432000 47.328000 60
47.328000 48.256000 57
48.352000 50.400000 53
50.432000 51.776000 53
52.032000 52.160000 55
52.352000 52.576000 56
53.440000 53.472000 58
53.856000 55.424000 58
56.320000 57.888000 56
57.984000 58.336000 53
58.496000 58.976000 48
59.040000 59.104000 47
59.136000 59.424000 48
60.096000 60.192000 53
60.416000 60.448000 53
60.928000 61.088000 55
61.632000 61.920000 51
62.016000 63.072000 51
64.448000 65.888000 60
66.016000 66.336000 56
66.336000 66.880000 53
67.008000 67.936000 57
68.480000 68.640000 56
68.640000 68.896000 58
68.960000 69.408000 57
69.472000 69.760000 55
69.952000 70.144000 51
70.272000 70.432000 51
71.008000 71.328000 55
71.328000 72.096000 53
72.544000 73.120000 48
73.120000 73.888000 52
74.048000 74.400000 48
74.528000 75.072000 53
75.136000 75.200000 53
75.328000 75.488000 53
76.032000 76.416000 48
76.832000 76.992000 58
77.216000 77.344000 58
77.472000 77.600000 58
77.856000 78.112000 53
78.272000 79.680000 53
80.576000 81.152000 54
81.312000 82.336000 58
82.336000 82.432000 54
82.432000 83.360000 52
83.520000 83.872000 51
84.512000 84.672000 45
84.672000 85.088000 48
85.216000 85.952000 53
86.048000 86.432000 55
86.432000 86.976000 53
87.616000 87.872000 54
88.160000 88.416000 48
89.152000 89.184000 51
89.216000 89.472000 51
90.304000 90.656000 50
90.720000 90.752000 51
90.784000 91.680000 51
112.480000 112.736000 64
112.960000 113.056000 64
118.912000 120.320000 65
128.416000 128.768000 59
128.864000 129.216000 58
129.280000 131.712000 58
131.936000 132.384000 65
132.384000 133.760000 60
133.760000 134.272000 56
134.400000 135.968000 53
136.192000 137.664000 53
138.208000 138.464000 56
139.136000 139.264000 58
139.360000 139.904000 58
140.032000 141.056000 58
141.120000 141.344000 58
141.408000 141.440000 58
142.208000 143.744000 56
143.872000 144.160000 53
144.576000 144.608000 48
144.640000 145.216000 48
146.304000 146.432000 51
146.720000 146.784000 51
146.816000 146.880000 51
147.360000 148.448000 51
150.080000 151.488000 60
151.584000 152.000000 56
152.000000 152.480000 53
152.608000 153.632000 58
154.016000 154.240000 57
154.240000 154.848000 58
154.848000 155.296000 56
155.488000 155.712000 51
155.776000 155.904000 51
156.032000 156.160000 48
156.480000 157.376000 54
157.952000 158.656000 49
158.656000 158.880000 52
158.976000 159.264000 53
159.360000 159.488000 49
159.648000 159.712000 49
159.904000 160.096000 50
160.352000 160.672000 53
160.800000 161.056000 57
161.408000 161.856000 48
161.952000 162.080000 51
162.304000 162.496000 58
162.560000 162.944000 58
162.976000 163.008000 58
163.168000 163.488000 53
163.552000 164.192000 53
164.320000 164.448000 58
164.672000 164.736000 58
164.768000 164.800000 58
165.856000 166.432000 55
166.592000 167.200000 58
167.296000 167.552000 58
167.552000 167.616000 57
167.616000 168.192000 51
168.288000 168.640000 54
168.800000 169.184000 51
169.760000 170.336000 48
170.464000 171.136000 52
171.264000 171.648000 55
171.648000 172.256000 53
172.864000 173.024000 54
173.312000 173.536000 48
173.920000 173.952000 51
174.560000 174.848000 51
174.944000 174.976000 51
175.008000 175.200000 51
175.264000 175.424000 51
175.680000 176.960000 51
