21.984000 22.048000 52
22.048000 22.784000 54
22.784000 23.104000 56
23.104000 25.792000 58
25.792000 27.104000 55
27.584000 28.160000 54
28.160000 28.192000 55
28.192000 28.512000 56
28.512000 28.864000 57
28.864000 32.160000 59
32.160000 32.576000 61
32.896000 33.568000 55
33.568000 34.272000 57
34.272000 35.712000 59
35.712000 37.920000 56
38.400000 41.664000 56
41.760000 43.264000 54
43.744000 44.000000 60
44.000000 45.760000 61
45.760000 48.832000 59
49.184000 51.072000 57
51.200000 51.808000 58
51.904000 53.152000 57
53.280000 54.080000 56
54.592000 57.056000 61
57.056000 59.648000 59
60.096000 61.280000 57
61.408000 62.656000 57
62.656000 65.280000 54
70.240000 70.496000 54
70.496000 70.848000 55
70.848000 71.040000 56
71.040000 72.480000 59
72.544000 75.424000 55
75.424000 76.096000 57
76.096000 76.832000 60
76.928000 77.152000 59
77.152000 78.048000 57
78.048000 79.072000 61
79.488000 80.256000 55
80.352000 80.640000 58
80.640000 82.240000 59
82.336000 83.968000 55
84.064000 86.048000 57
86.144000 88.384000 55
88.704000 90.400000 62
90.400000 92.992000 59
93.312000 95.200000 58
95.296000 97.536000 57
97.824000 99.456000 61
99.456000 102.048000 59
102.400000 104.384000 57
104.480000 107.584000 54
108.864000 109.312000 55
119.616000 119.808000 57
120.096000 120.224000 55
125.152000 125.600000 54
125.600000 126.880000 58
126.912000 127.008000 61
127.040000 127.328000 57
127.488000 127.872000 58
127.968000 128.064000 58
128.064000 128.192000 56
128.224000 128.256000 56
128.320000 128.448000 56
128.576000 128.800000 54
129.408000 129.472000 57
129.504000 129.536000 55
129.600000 130.400000 54
130.464000 130.720000 58
130.848000 131.168000 59
131.552000 131.584000 61
131.648000 131.712000 60
131.712000 131.776000 57
131.904000 132.096000 57
132.480000 132.640000 57
132.736000 133.056000 60
133.056000 133.600000 62
133.888000 133.952000 57
134.176000 134.880000 54
135.008000 135.616000 59
135.968000 136.192000 59
136.320000 136.928000 57
137.120000 138.528000 54
138.688000 139.360000 57
139.456000 140.544000 57
140.608000 140.928000 57
140.992000 141.312000 54
141.408000 142.336000 54
142.368000 142.720000 54
143.104000 143.552000 62
143.648000 144.832000 61
144.928000 146.208000 59
146.304000 147.424000 60
147.680000 148.032000 57
148.032000 148.480000 54
148.480000 149.568000 58
149.664000 152.096000 57
152.128000 152.192000 58
152.192000 154.336000 61
154.432000 155.200000 59
155.296000 155.904000 59
155.968000 156.000000 57
156.032000 158.816000 57
158.912000 159.648000 54
160.128000 160.512000 54
161.184000 162.016000 61
162.272000 162.784000 61
162.784000 164.672000 59
164.960000 165.344000 59
165.600000 167.744000 57
167.872000 168.672000 54
169.024000 169.728000 54
170.112000 171.744000 61
171.744000 172.256000 59
172.352000 173.088000 59
173.152000 173.792000 60
173.792000 174.208000 58
174.496000 176.256000 57
176.288000 176.512000 57
176.512000 176.832000 56
176.864000 176.896000 54
177.056000 177.216000 54
177.248000 177.504000 55
177.696000 178.528000 54
179.072000 180.704000 61
180.704000 182.016000 59
182.208000 182.656000 59
182.880000 183.232000 59
183.520000 185.568000 57
185.728000 186.592000 54
186.688000 187.424000 54
188.032000 189.056000 61
189.152000 189.600000 61
189.728000 190.816000 59
190.912000 191.616000 59
191.872000 192.160000 59
192.544000 195.008000 57
195.104000 195.392000 54
195.424000 195.520000 54
195.552000 196.384000 54
196.992000 197.984000 61
198.080000 198.592000 61
198.592000 199.072000 58
199.360000 199.648000 60
