41.664000 42.304000 51
42.784000 43.008000 50
43.200000 43.328000 48
43.488000 43.552000 48
44.640000 45.536000 60
45.696000 45.984000 60
46.176000 46.624000 57
46.624000 46.688000 56
46.688000 47.648000 52
47.648000 49.280000 55
50.464000 51.840000 56
51.936000 52.512000 57
52.608000 53.184000 52
53.312000 54.112000 50
54.560000 54.848000 50
56.256000 57.600000 50
57.696000 58.176000 50
58.624000 58.976000 45
59.200000 60.736000 52
61.152000 61.248000 52
64.992000 65.920000 51
66.112000 66.336000 50
66.464000 66.912000 48
67.872000 68.864000 60
68.960000 69.312000 60
69.408000 69.984000 57
70.080000 70.688000 52
70.784000 72.672000 55
73.728000 75.584000 57
75.584000 76.480000 52
76.608000 77.248000 50
77.312000 77.984000 50
79.552000 80.224000 49
80.320000 80.512000 50
80.640000 80.896000 52
81.056000 81.440000 50
81.440000 81.728000 47
81.984000 82.304000 45
82.528000 84.032000 48
88.256000 91.072000 60
91.200000 93.536000 55
93.824000 95.008000 57
95.008000 96.320000 52
96.576000 96.736000 54
96.864000 98.400000 50
99.744000 100.320000 52
100.448000 100.736000 53
100.832000 101.664000 55
101.664000 102.144000 53
102.240000 102.816000 58
102.816000 102.848000 57
102.976000 104.576000 57
105.088000 106.752000 57
106.880000 107.968000 58
107.968000 108.512000 62
108.608000 110.144000 62
110.464000 111.072000 64
111.168000 113.088000 60
113.248000 113.312000 59
113.312000 114.080000 61
114.080000 114.304000 58
114.432000 116.000000 58
116.224000 116.832000 57
116.832000 119.936000 62
120.032000 123.136000 59
123.904000 124.480000 59
124.480000 125.216000 56
125.312000 130.464000 60
160.032000 160.992000 51
161.248000 161.344000 50
161.600000 162.112000 48
162.912000 163.872000 60
163.968000 164.320000 60
164.320000 164.768000 58
164.768000 164.896000 56
164.896000 166.432000 54
166.432000 167.424000 56
168.576000 169.952000 57
170.144000 170.528000 57
170.528000 171.328000 52
171.456000 172.032000 50
172.160000 172.800000 50
174.240000 174.592000 49
174.752000 176.096000 50
176.096000 176.832000 45
177.152000 178.592000 52
178.688000 178.784000 52
182.752000 183.744000 52
183.904000 184.160000 50
184.288000 184.832000 48
185.696000 185.888000 58
185.888000 186.976000 60
186.976000 187.936000 57
188.128000 190.080000 55
191.136000 191.264000 54
191.360000 192.672000 57
192.864000 193.280000 57
193.280000 193.344000 56
193.344000 195.264000 50
195.296000 195.552000 50
195.648000 195.776000 50
197.088000 198.016000 50
198.112000 198.368000 52
198.528000 199.104000 50
199.232000 199.776000 45
199.872000 201.920000 48
205.568000 208.256000 60
208.352000 210.784000 55
211.008000 212.160000 57
212.160000 212.544000 55
212.544000 213.856000 53
214.016000 214.592000 50
214.720000 214.944000 50
215.040000 215.136000 50
215.232000 215.392000 49
215.424000 215.520000 49
216.800000 217.824000 52
217.824000 218.080000 55
218.240000 218.624000 55
218.624000 219.072000 52
219.296000 221.504000 57
222.016000 225.408000 57
225.536000 228.864000 62
229.216000 229.536000 62
229.536000 230.240000 64
230.240000 230.944000 62
231.040000 234.464000 60
234.880000 236.512000 63
236.512000 239.968000 57
240.512000 242.112000 61
242.112000 245.312000 55
245.952000 246.048000 62
246.048000 246.304000 59
246.304000 247.072000 60
247.072000 247.680000 58
247.776000 251.008000 57
251.584000 252.000000 56
252.000000 253.056000 58
253.184000 258.144000 62
258.592000 263.104000 64
263.200000 263.296000 62
263.584000 264.192000 62
264.192000 271.616000 60
272.256000 274.112000 56
274.240000 274.336000 55
274.528000 274.816000 55
275.168000 275.424000 55
275.616000 275.872000 55
277.248000 277.408000 48
277.504000 277.632000 48
277.728000 278.080000 48
