14.144000 16.576000 58
16.576000 19.680000 53
20.256000 21.376000 53
21.568000 21.856000 48
23.040000 23.392000 51
23.392000 23.712000 53
23.808000 26.144000 53
27.104000 29.824000 58
29.888000 30.496000 53
30.496000 31.488000 55
31.488000 32.544000 51
33.152000 33.440000 54
33.536000 34.240000 53
35.552000 39.168000 51
40.032000 40.096000 59
40.096000 40.192000 61
40.192000 42.464000 63
42.464000 44.672000 60
44.672000 45.856000 55
45.952000 47.616000 56
47.744000 48.160000 63
48.160000 49.984000 61
50.080000 52.416000 58
52.992000 53.056000 59
53.056000 53.184000 61
53.184000 54.688000 63
54.688000 55.456000 62
55.456000 57.504000 60
57.504000 58.816000 55
59.104000 59.264000 52
59.360000 59.680000 51
59.680000 60.704000 53
60.704000 62.048000 58
62.048000 64.960000 51
66.048000 68.160000 62
68.480000 68.800000 55
68.896000 69.824000 62
69.984000 70.624000 63
70.688000 71.040000 60
71.232000 71.328000 55
71.456000 71.904000 51
71.936000 72.096000 51
72.480000 73.440000 62
73.632000 73.664000 62
73.728000 73.792000 62
73.856000 74.624000 62
74.976000 75.232000 55
75.360000 75.520000 50
75.616000 77.376000 51
77.632000 78.144000 51
78.176000 78.496000 55
78.624000 80.480000 60
80.576000 81.408000 60
81.408000 84.544000 58
85.120000 85.280000 58
85.280000 87.200000 60
87.200000 88.608000 55
88.608000 90.976000 51
105.184000 107.584000 58
107.584000 110.208000 54
110.304000 110.400000 51
110.528000 110.720000 51
111.264000 112.384000 53
112.640000 112.864000 48
113.696000 113.792000 48
113.888000 113.984000 49
114.112000 114.496000 51
114.496000 114.816000 53
114.944000 117.504000 53
118.208000 120.928000 58
121.024000 121.632000 53
121.632000 122.624000 55
122.624000 123.680000 51
124.320000 124.608000 54
124.736000 125.600000 53
126.688000 127.424000 53
127.552000 127.840000 52
127.936000 129.888000 51
131.136000 131.360000 60
131.360000 132.800000 63
132.800000 133.600000 62
133.600000 135.680000 60
135.680000 137.184000 55
137.280000 138.816000 56
138.944000 139.488000 63
139.488000 140.192000 62
140.192000 143.840000 58
144.256000 144.320000 60
144.320000 147.232000 62
147.232000 147.360000 58
147.360000 147.488000 58
147.488000 148.992000 60
149.120000 150.208000 55
150.656000 150.944000 51
150.944000 152.000000 53
152.000000 153.600000 58
153.696000 156.512000 51
157.472000 159.552000 62
159.872000 160.192000 55
160.352000 160.992000 62
161.152000 161.408000 63
161.568000 161.728000 63
161.792000 162.048000 63
162.208000 162.688000 60
162.688000 162.848000 55
162.848000 163.168000 60
163.328000 163.776000 60
164.000000 164.960000 62
165.056000 165.408000 62
165.504000 166.208000 62
166.496000 166.816000 55
166.944000 167.104000 50
167.232000 168.480000 51
168.576000 169.728000 51
170.208000 170.432000 59
170.624000 173.024000 60
173.024000 176.256000 58
176.736000 176.864000 58
176.864000 178.816000 60
178.816000 179.968000 55
179.968000 182.336000 51
185.472000 185.696000 58
186.016000 186.560000 58
187.168000 187.584000 66
187.584000 188.224000 63
188.224000 189.344000 69
189.696000 193.888000 67
