8.416000 8.544000 68
11.936000 12.416000 71
12.416000 12.832000 73
29.664000 33.120000 63
33.312000 33.792000 57
34.112000 34.912000 58
34.912000 35.584000 60
35.584000 36.832000 63
37.120000 37.600000 60
37.600000 38.368000 64
38.496000 39.328000 68
39.328000 43.520000 63
44.288000 44.416000 61
44.512000 44.768000 61
44.896000 45.248000 60
45.376000 46.880000 60
47.072000 47.776000 64
47.936000 48.544000 61
48.544000 48.672000 59
48.832000 49.216000 57
49.568000 49.664000 55
50.144000 50.336000 55
50.688000 51.712000 56
51.776000 52.064000 58
52.256000 52.672000 61
52.672000 53.088000 63
53.088000 54.432000 59
54.528000 54.688000 57
55.552000 56.000000 57
57.888000 58.720000 70
58.784000 59.936000 70
60.064000 60.960000 70
61.312000 61.760000 72
61.760000 62.624000 70
62.624000 63.104000 64
63.104000 63.360000 60
63.360000 64.352000 63
64.352000 64.992000 65
64.992000 66.016000 69
66.112000 66.784000 65
66.944000 67.200000 65
67.200000 67.712000 63
67.872000 69.312000 64
69.312000 69.536000 68
69.536000 70.272000 65
70.272000 70.464000 63
70.464000 70.784000 61
70.784000 71.680000 59
72.928000 73.600000 57
73.824000 73.888000 58
73.888000 74.208000 59
74.208000 74.656000 61
74.656000 76.352000 63
76.384000 76.896000 63
77.280000 78.240000 68
78.240000 79.808000 65
80.000000 80.768000 60
80.768000 81.184000 58
81.312000 82.624000 60
82.880000 83.040000 56
83.232000 84.576000 56
107.008000 109.376000 64
109.568000 110.016000 64
110.016000 110.048000 63
110.048000 110.208000 61
110.208000 111.136000 57
111.296000 112.096000 59
112.192000 112.864000 61
112.864000 114.048000 64
114.400000 114.752000 60
114.848000 115.520000 64
115.712000 116.384000 69
116.480000 120.736000 64
121.376000 121.920000 60
122.080000 122.432000 61
122.560000 123.360000 61
123.360000 124.032000 59
124.256000 124.928000 64
124.928000 125.024000 63
125.024000 126.048000 60
126.048000 126.336000 57
127.328000 128.736000 56
129.024000 129.312000 58
129.408000 129.856000 61
129.856000 130.304000 64
130.304000 131.200000 60
131.200000 133.824000 57
135.168000 138.304000 70
138.496000 138.976000 72
138.976000 139.424000 68
139.424000 139.840000 70
139.840000 140.736000 63
140.832000 141.568000 63
141.568000 142.368000 65
142.496000 143.168000 69
143.328000 144.416000 65
144.416000 144.576000 63
144.576000 144.832000 61
144.832000 144.960000 65
144.960000 146.464000 64
146.464000 147.168000 67
147.168000 147.520000 64
147.520000 148.832000 60
150.112000 150.912000 56
150.912000 150.976000 57
150.976000 151.328000 59
151.328000 152.448000 62
152.448000 154.336000 63
154.528000 155.104000 68
155.104000 156.928000 66
156.928000 157.760000 61
157.984000 158.432000 58
158.592000 158.784000 59
158.784000 159.328000 61
159.328000 161.120000 57
161.248000 161.856000 56
190.880000 192.384000 63
192.544000 194.112000 63
194.112000 195.072000 57
195.264000 195.552000 59
195.552000 196.000000 58
196.128000 196.480000 60
196.480000 197.824000 63
198.336000 198.624000 60
198.624000 198.816000 61
198.816000 199.200000 63
199.200000 199.648000 65
199.648000 200.512000 69
200.512000 204.640000 63
205.376000 208.096000 61
208.224000 208.864000 63
208.864000 209.760000 61
209.856000 210.336000 57
211.264000 212.768000 56
212.896000 213.312000 59
213.312000 213.792000 61
213.792000 214.112000 63
214.112000 215.488000 59
215.680000 217.024000 56
219.104000 223.584000 70
223.776000 224.000000 66
224.000000 225.440000 63
225.440000 226.016000 66
226.112000 226.688000 68
226.688000 227.008000 70
227.200000 228.192000 66
228.192000 230.304000 64
230.304000 230.560000 67
230.560000 230.880000 66
230.880000 230.976000 65
230.976000 231.424000 64
231.424000 231.744000 62
231.744000 232.672000 58
233.216000 233.312000 52
233.952000 234.752000 56
234.752000 234.816000 57
234.816000 235.200000 59
235.200000 237.824000 63
238.208000 239.200000 68
239.200000 240.928000 65
240.928000 241.472000 60
241.696000 241.952000 59
241.952000 242.400000 58
242.400000 243.392000 60
243.392000 245.344000 57
249.696000 252.544000 62
