3.296000 3.456000 60
3.456000 3.520000 59
3.520000 4.352000 55
5.280000 5.504000 57
5.664000 5.984000 56
6.176000 6.368000 56
6.464000 6.720000 57
6.912000 7.584000 56
24.256000 25.344000 53
25.440000 26.016000 53
26.112000 26.464000 51
26.592000 26.944000 46
27.104000 27.712000 48
27.904000 28.960000 50
31.744000 31.904000 51
31.904000 32.128000 53
32.256000 32.864000 53
32.960000 33.984000 51
34.144000 34.752000 47
34.848000 36.544000 50
37.856000 38.144000 46
38.144000 38.208000 47
38.208000 38.304000 51
38.304000 38.400000 55
38.400000 40.128000 57
40.128000 40.896000 53
41.664000 42.048000 46
42.048000 42.464000 54
42.560000 43.328000 53
43.456000 44.768000 58
45.312000 45.632000 47
45.792000 46.624000 53
46.752000 47.104000 51
47.200000 47.616000 49
47.808000 48.352000 46
49.568000 50.048000 47
50.592000 50.816000 48
54.048000 54.272000 49
54.272000 55.328000 53
55.456000 56.544000 51
56.768000 59.168000 50
59.296000 59.456000 53
59.616000 59.840000 53
59.936000 60.032000 53
61.632000 61.696000 50
61.696000 62.080000 52
62.240000 63.520000 53
63.520000 64.480000 58
64.896000 65.312000 50
65.472000 66.656000 50
67.808000 68.032000 51
68.288000 69.568000 57
69.696000 70.144000 57
70.144000 70.848000 53
71.616000 71.872000 46
72.064000 72.832000 54
72.960000 73.312000 53
73.440000 73.760000 53
73.760000 73.856000 54
73.856000 74.240000 60
74.368000 74.784000 62
75.296000 75.712000 60
75.808000 76.192000 61
76.320000 76.576000 55
76.736000 77.568000 62
77.664000 78.912000 62
79.072000 81.088000 58
81.792000 82.432000 64
82.432000 83.104000 62
83.296000 84.128000 65
84.288000 84.448000 62
85.536000 85.952000 64
86.080000 86.848000 62
87.072000 87.648000 65
87.808000 87.936000 65
89.280000 90.688000 63
90.784000 91.424000 65
91.680000 91.840000 53
91.840000 92.384000 55
92.384000 92.992000 58
93.088000 93.728000 58
93.824000 94.432000 60
94.528000 94.912000 58
95.008000 95.168000 58
95.168000 96.576000 61
96.736000 96.864000 62
96.864000 98.112000 63
98.336000 98.880000 64
99.040000 100.096000 55
100.640000 102.464000 63
102.464000 103.072000 67
103.072000 103.744000 65
103.744000 104.768000 58
105.376000 105.696000 62
105.824000 106.176000 63
106.304000 107.168000 63
107.168000 107.584000 62
107.744000 108.704000 58
109.120000 109.472000 57
109.600000 111.200000 58
111.360000 111.520000 58
118.912000 119.744000 61
119.840000 120.352000 61
120.512000 120.896000 61
121.344000 122.432000 61
129.184000 129.376000 50
129.376000 129.632000 52
129.728000 130.112000 53
130.208000 130.880000 52
131.808000 131.968000 48
132.096000 132.320000 48
132.672000 133.248000 50
136.544000 136.832000 50
136.832000 137.024000 52
137.184000 137.536000 53
137.632000 138.240000 53
138.432000 139.520000 58
139.904000 140.256000 50
140.352000 140.832000 50
143.104000 144.608000 57
144.736000 145.120000 57
145.216000 146.112000 53
147.008000 148.736000 53
148.864000 149.184000 62
149.344000 149.888000 62
150.336000 150.912000 60
150.912000 151.232000 62
151.232000 151.552000 66
151.680000 152.032000 62
152.192000 152.896000 62
153.056000 153.312000 64
153.312000 153.984000 65
153.984000 154.336000 62
154.496000 155.072000 61
155.072000 156.352000 58
156.864000 156.928000 61
156.928000 158.144000 63
158.368000 158.880000 65
159.008000 160.160000 55
160.576000 161.888000 63
162.080000 162.592000 64
162.752000 163.808000 53
164.256000 164.384000 62
164.384000 164.736000 64
164.896000 165.664000 62
165.760000 166.208000 64
166.656000 166.848000 53
166.848000 167.040000 55
167.232000 168.032000 57
168.160000 168.736000 58
168.832000 169.408000 60
169.568000 170.176000 58
170.176000 171.520000 61
171.744000 173.152000 63
173.344000 173.856000 64
174.016000 174.848000 55
175.680000 176.896000 63
177.024000 177.344000 65
177.472000 178.016000 67
178.016000 178.464000 65
178.656000 179.840000 58
180.320000 180.480000 60
180.480000 181.184000 63
181.280000 182.208000 63
182.208000 182.528000 62
182.688000 183.840000 58
184.064000 184.416000 57
184.512000 185.952000 58
186.112000 186.208000 58
186.784000 186.848000 59
186.848000 188.128000 63
188.320000 188.832000 65
189.024000 189.728000 55
190.624000 191.008000 64
191.136000 191.936000 62
192.128000 192.640000 65
192.800000 193.760000 53
194.432000 194.496000 62
194.496000 195.264000 63
195.360000 195.840000 62
195.840000 196.224000 64
196.672000 196.864000 53
196.864000 197.120000 55
197.216000 198.784000 57
198.880000 199.168000 60
199.296000 199.744000 58
200.128000 200.256000 58
200.256000 201.632000 61
201.824000 202.080000 63
202.080000 202.240000 65
202.432000 203.168000 62
203.360000 203.872000 65
204.032000 205.152000 55
205.664000 206.016000 64
206.176000 206.432000 63
206.432000 207.072000 62
207.072000 207.904000 67
208.064000 208.608000 65
208.800000 209.984000 58
210.304000 210.464000 60
210.464000 210.688000 62
210.848000 211.168000 63
211.296000 211.616000 64
211.744000 212.192000 63
212.192000 212.896000 60
212.896000 213.728000 58
214.144000 214.240000 58
214.240000 214.688000 60
214.784000 216.352000 62
216.800000 218.144000 63
218.304000 218.880000 65
219.040000 220.256000 55
220.672000 221.504000 63
221.600000 221.888000 62
222.080000 222.592000 64
222.784000 223.680000 53
224.416000 224.736000 65
224.832000 226.176000 63
226.688000 226.848000 53
226.848000 227.520000 55
227.680000 228.032000 58
228.160000 229.024000 59
229.120000 229.312000 60
229.472000 229.696000 58
229.696000 230.336000 60
230.720000 230.816000 65
230.816000 231.136000 67
231.136000 233.088000 63
233.280000 233.792000 65
233.952000 235.104000 55
235.616000 236.384000 63
236.384000 236.448000 62
236.544000 236.896000 62
236.992000 237.312000 65
237.504000 237.856000 68
237.856000 238.432000 65
238.656000 239.136000 60
239.232000 241.792000 70
243.136000 243.328000 60
243.328000 244.000000 62
244.192000 244.544000 64
244.704000 245.120000 63
245.280000 245.952000 61
245.952000 246.176000 58
246.368000 247.872000 58
249.760000 252.576000 58
261.280000 261.440000 46
261.632000 261.728000 46
262.624000 262.752000 46
263.904000 264.064000 46
