26.240000 26.496000 56
26.592000 26.784000 58
26.784000 26.880000 61
27.104000 27.264000 56
27.488000 27.840000 54
28.672000 28.736000 51
28.736000 28.864000 53
29.024000 29.184000 56
29.440000 29.728000 56
30.272000 30.400000 56
30.752000 30.944000 54
31.936000 32.128000 56
32.256000 32.416000 57
32.672000 33.280000 58
33.280000 33.376000 63
33.376000 33.632000 58
33.856000 34.464000 56
35.104000 35.360000 51
35.520000 35.648000 54
35.808000 36.896000 56
37.088000 37.376000 55
37.472000 37.952000 56
39.072000 39.456000 56
39.456000 39.904000 58
39.904000 40.032000 55
40.224000 40.352000 57
40.352000 40.704000 54
41.536000 41.760000 53
41.856000 42.016000 55
42.336000 42.752000 56
43.136000 43.296000 56
43.520000 44.000000 54
44.704000 44.960000 55
45.088000 45.248000 58
45.664000 45.792000 58
45.888000 45.984000 58
46.080000 46.240000 62
46.240000 47.168000 57
47.968000 48.096000 50
48.096000 48.480000 53
48.672000 49.696000 56
49.920000 50.112000 55
50.336000 50.496000 56
50.656000 50.976000 52
51.648000 52.160000 56
52.256000 52.448000 55
52.672000 52.832000 57
53.120000 53.408000 61
53.504000 54.016000 61
54.720000 54.848000 50
54.944000 55.360000 52
55.360000 55.680000 51
55.936000 56.032000 53
56.256000 56.352000 57
56.352000 56.576000 59
56.736000 57.184000 58
57.952000 58.560000 56
58.656000 58.880000 56
58.880000 59.072000 54
59.168000 59.328000 56
59.520000 59.776000 55
59.872000 60.128000 58
60.288000 60.896000 58
61.152000 61.440000 57
61.536000 61.728000 55
61.952000 64.512000 54
65.888000 65.952000 52
65.952000 66.048000 56
66.048000 66.496000 61
66.720000 66.976000 65
67.136000 67.392000 63
67.488000 68.320000 58
69.056000 69.184000 64
69.280000 69.408000 61
69.408000 69.952000 56
70.144000 70.240000 58
70.240000 71.744000 56
72.416000 73.472000 56
73.600000 74.272000 54
74.432000 74.496000 55
74.496000 75.008000 58
75.008000 75.040000 57
75.488000 75.712000 58
75.712000 75.872000 60
75.968000 76.160000 63
76.320000 76.736000 66
76.736000 77.024000 62
77.152000 77.408000 58
77.696000 78.688000 61
78.688000 79.040000 57
79.136000 79.552000 63
79.552000 79.744000 66
79.968000 80.256000 63
80.256000 80.480000 61
80.480000 80.640000 58
80.832000 81.152000 58
81.888000 82.208000 58
82.400000 82.816000 56
82.912000 83.072000 58
83.232000 83.424000 56
83.552000 83.712000 54
83.712000 84.512000 56
85.184000 85.344000 55
85.344000 85.504000 57
85.600000 85.888000 56
86.016000 86.592000 56
86.784000 87.040000 55
87.232000 87.392000 57
87.552000 87.680000 61
87.680000 88.032000 58
88.288000 88.736000 59
88.736000 89.856000 63
89.952000 90.144000 58
90.272000 92.128000 61
92.768000 92.928000 57
92.928000 93.152000 61
93.152000 93.312000 63
93.312000 93.856000 65
94.016000 94.752000 61
94.752000 94.944000 63
94.944000 95.104000 66
95.168000 95.232000 63
95.232000 95.488000 63
95.648000 95.936000 63
96.096000 96.928000 58
97.024000 97.760000 61
97.760000 98.240000 58
98.400000 98.720000 62
99.328000 99.392000 58
99.392000 99.520000 61
99.616000 99.744000 63
99.744000 100.128000 66
100.128000 100.320000 61
100.448000 100.832000 63
100.864000 101.184000 61
101.184000 101.856000 64
102.048000 102.304000 63
102.560000 102.880000 57
103.008000 103.328000 57
103.488000 104.320000 61
104.416000 104.640000 58
104.800000 105.568000 63
106.016000 106.176000 57
106.176000 106.400000 60
106.400000 106.752000 63
106.752000 107.776000 66
107.968000 108.544000 65
108.832000 108.960000 63
108.960000 109.088000 61
109.248000 109.760000 63
109.952000 111.776000 63
125.504000 125.632000 62
125.824000 125.952000 56
126.048000 126.368000 58
126.496000 126.752000 56
126.912000 127.008000 56
127.008000 127.296000 53
128.160000 128.352000 54
128.448000 128.640000 56
128.800000 129.152000 56
129.248000 129.344000 57
129.760000 129.888000 56
130.176000 130.688000 54
131.360000 131.552000 55
131.712000 131.872000 58
132.096000 132.672000 58
132.672000 132.832000 63
132.832000 133.088000 58
133.344000 133.728000 56
134.592000 134.848000 51
134.944000 135.136000 54
135.360000 136.384000 56
136.576000 136.832000 55
137.024000 137.184000 56
137.728000 137.952000 53
138.080000 139.072000 56
139.360000 139.456000 57
139.712000 140.000000 62
140.128000 140.608000 61
141.344000 141.504000 50
141.504000 141.664000 52
141.760000 141.952000 54
142.816000 142.912000 56
142.912000 143.168000 59
143.360000 143.776000 58
144.544000 144.608000 54
144.608000 144.832000 57
144.928000 145.632000 56
145.728000 145.888000 56
146.144000 146.208000 54
146.208000 146.688000 56
146.880000 147.424000 58
147.776000 147.840000 57
147.904000 148.320000 56
148.544000 148.672000 53
148.768000 150.720000 54
152.480000 152.672000 58
152.672000 153.120000 62
153.312000 153.568000 66
153.760000 153.984000 63
154.144000 154.752000 58
155.680000 155.744000 56
155.744000 156.128000 58
156.128000 156.576000 56
156.704000 156.896000 57
156.992000 158.400000 56
158.976000 160.832000 56
161.024000 161.120000 56
161.120000 161.664000 58
162.112000 162.464000 59
162.560000 162.976000 63
163.168000 163.360000 66
163.360000 163.616000 62
163.744000 163.936000 58
164.160000 165.952000 61
166.592000 166.752000 58
166.752000 166.880000 61
166.976000 167.104000 63
167.104000 167.488000 66
167.488000 167.648000 61
167.776000 167.936000 61
167.936000 168.160000 63
168.160000 168.608000 61
168.608000 168.896000 64
168.928000 168.992000 62
168.992000 169.088000 66
169.088000 169.280000 63
169.440000 169.728000 63
169.728000 170.720000 58
170.816000 171.008000 61
171.168000 171.520000 61
171.520000 172.032000 58
172.128000 172.512000 62
173.120000 173.280000 61
173.376000 173.888000 65
173.888000 174.112000 61
174.208000 174.976000 61
174.976000 175.648000 63
175.840000 176.160000 63
176.576000 176.672000 57
176.800000 177.152000 57
177.312000 177.440000 60
177.536000 177.920000 61
177.920000 178.080000 58
178.208000 178.368000 57
178.624000 179.392000 63
179.808000 179.968000 58
179.968000 180.160000 61
180.160000 180.608000 63
180.608000 181.568000 66
181.792000 182.400000 65
182.560000 182.656000 63
182.656000 182.848000 61
182.976000 183.296000 62
183.456000 185.024000 63
211.520000 211.552000 60
211.584000 211.648000 60
211.648000 211.840000 61
211.840000 212.000000 63
212.000000 212.416000 66
212.416000 212.576000 62
212.736000 213.504000 61
213.504000 213.792000 65
213.952000 214.048000 65
214.048000 214.208000 62
214.304000 214.592000 63
214.816000 214.880000 58
214.880000 214.976000 61
214.976000 215.200000 63
215.200000 215.360000 66
215.488000 215.712000 66
215.712000 215.936000 61
216.128000 216.416000 61
216.416000 217.024000 58
217.024000 217.472000 62
218.048000 218.208000 61
218.304000 218.464000 64
218.464000 218.848000 66
218.848000 219.040000 61
219.136000 219.904000 61
219.904000 220.224000 63
220.320000 220.448000 66
220.448000 220.640000 63
220.704000 220.992000 63
221.088000 221.280000 58
221.280000 221.440000 61
221.504000 221.632000 63
221.760000 222.048000 66
222.176000 222.368000 65
222.368000 222.624000 63
222.720000 222.912000 61
223.200000 223.360000 58
223.552000 223.680000 62
223.776000 224.128000 63
224.704000 224.896000 58
224.896000 225.088000 61
225.088000 225.504000 63
225.504000 226.528000 66
226.720000 227.328000 65
227.552000 227.808000 62
227.936000 228.416000 62
228.640000 230.400000 63
231.136000 231.232000 58
231.328000 231.520000 61
231.520000 231.904000 63
231.904000 232.896000 66
233.120000 233.696000 65
233.984000 234.304000 62
234.464000 234.688000 61
234.688000 235.008000 63
235.232000 236.800000 63
