8.064000 8.160000 55
8.512000 8.640000 55
8.768000 8.896000 58
8.992000 9.120000 58
9.248000 9.376000 58
9.504000 9.568000 56
10.432000 10.528000 56
15.136000 15.520000 65
15.520000 15.584000 58
15.808000 15.968000 65
15.968000 16.160000 62
16.288000 17.088000 62
17.504000 17.600000 65
17.728000 18.688000 62
19.904000 20.320000 65
20.320000 20.672000 62
20.672000 21.024000 67
21.120000 21.312000 67
21.312000 22.144000 60
22.304000 22.464000 59
22.880000 23.392000 65
23.488000 23.744000 65
23.744000 23.872000 63
24.032000 24.480000 62
24.640000 24.736000 63
25.440000 25.536000 67
25.536000 26.656000 62
27.456000 28.032000 65
28.384000 29.120000 67
29.120000 30.176000 60
30.496000 30.560000 59
30.560000 30.592000 62
30.592000 30.624000 64
30.624000 31.168000 67
31.264000 32.128000 69
32.256000 32.896000 65
33.216000 34.176000 69
34.176000 34.592000 66
34.880000 35.808000 65
36.640000 37.696000 65
38.528000 38.656000 67
38.784000 38.912000 69
39.008000 39.392000 70
39.520000 39.840000 69
39.936000 40.160000 67
40.160000 40.320000 65
40.480000 40.640000 63
40.992000 41.312000 70
41.408000 41.792000 69
41.984000 42.144000 67
42.144000 42.368000 65
42.656000 43.360000 65
46.016000 46.144000 64
46.272000 46.656000 67
46.784000 46.848000 67
46.976000 47.168000 74
47.168000 47.648000 72
47.648000 48.608000 69
48.768000 49.632000 67
49.984000 50.720000 67
50.848000 51.488000 72
51.584000 52.512000 69
52.576000 53.472000 69
53.824000 54.560000 67
54.560000 55.520000 72
55.680000 56.416000 69
56.448000 56.864000 69
56.864000 57.344000 67
57.856000 59.232000 67
59.328000 59.648000 67
59.904000 60.672000 67
60.864000 61.280000 67
61.536000 61.888000 65
61.984000 62.112000 65
62.208000 62.432000 65
62.432000 64.032000 63
64.160000 64.384000 65
64.384000 64.512000 62
64.672000 65.376000 62
66.208000 66.720000 65
66.848000 66.976000 59
67.072000 67.712000 67
67.904000 68.640000 60
68.864000 69.024000 62
69.248000 69.632000 65
69.728000 69.888000 65
69.984000 70.176000 65
70.176000 70.368000 62
70.496000 71.072000 62
71.264000 71.808000 65
71.904000 72.096000 65
72.096000 73.088000 62
73.856000 73.984000 63
74.080000 74.528000 65
74.528000 74.720000 59
74.848000 74.912000 61
74.912000 76.768000 65
76.896000 76.992000 65
77.088000 77.600000 67
77.696000 78.080000 69
78.176000 78.880000 68
78.880000 79.328000 65
79.424000 79.552000 59
79.712000 80.064000 70
80.160000 80.608000 69
80.608000 81.056000 66
81.344000 82.304000 65
83.104000 84.000000 65
84.800000 85.184000 67
85.184000 86.752000 69
86.944000 87.104000 64
87.104000 87.296000 58
87.392000 88.160000 69
88.192000 88.256000 67
88.384000 88.576000 67
88.576000 88.768000 65
89.056000 90.080000 67
91.072000 91.968000 74
92.320000 92.384000 62
92.416000 92.512000 62
92.512000 92.608000 65
92.736000 93.088000 67
93.216000 93.280000 67
93.440000 94.080000 72
94.208000 95.008000 69
95.200000 96.096000 67
96.384000 97.184000 67
97.280000 97.952000 72
98.048000 98.464000 70
98.560000 98.592000 69
99.072000 99.936000 69
100.288000 100.960000 67
100.960000 101.984000 72
102.144000 102.592000 69
102.944000 103.776000 67
104.096000 104.192000 66
104.320000 106.112000 67
106.368000 107.104000 67
107.328000 107.712000 67
108.224000 108.608000 55
108.704000 109.088000 56
109.184000 109.312000 57
109.408000 109.536000 60
109.728000 110.016000 60
110.016000 111.328000 57
111.328000 111.456000 60
111.904000 112.512000 57
112.800000 113.024000 65
113.280000 113.408000 64
113.568000 113.696000 64
113.696000 114.528000 61
114.528000 114.848000 64
116.096000 116.288000 67
116.448000 116.832000 69
116.832000 117.312000 67
117.472000 117.536000 66
117.568000 117.600000 65
117.856000 118.208000 62
118.624000 118.720000 60
118.912000 119.072000 60
119.072000 119.296000 62
119.840000 120.192000 62
120.320000 121.120000 62
121.344000 121.440000 62
121.728000 122.304000 62
122.752000 123.104000 62
123.424000 123.552000 63
123.680000 124.064000 67
124.192000 124.256000 67
124.256000 125.056000 72
125.152000 125.792000 69
125.792000 126.080000 62
126.176000 127.040000 67
127.424000 128.128000 67
128.256000 128.480000 74
128.480000 128.928000 72
128.928000 129.408000 69
129.408000 129.696000 63
129.984000 130.880000 69
131.264000 131.904000 67
131.904000 132.960000 72
133.120000 133.536000 69
133.664000 133.920000 63
133.920000 134.784000 67
135.296000 137.088000 67
137.344000 138.080000 66
138.272000 138.688000 67
138.784000 139.072000 67
139.168000 139.616000 67
140.192000 140.512000 67
140.864000 140.992000 74
141.088000 141.216000 72
141.312000 141.984000 70
142.080000 142.976000 69
143.296000 143.552000 67
144.032000 144.384000 67
144.544000 144.896000 74
145.088000 145.312000 63
145.504000 146.304000 69
146.496000 147.328000 69
147.904000 148.256000 67
148.576000 148.832000 62
148.928000 149.248000 60
149.376000 149.728000 70
150.528000 150.656000 69
150.912000 151.200000 67
151.744000 152.160000 67
152.256000 152.384000 66
152.736000 152.832000 62
152.992000 153.152000 62
153.280000 154.080000 67
154.208000 154.496000 56
154.816000 155.264000 67
155.360000 155.552000 74
155.552000 156.032000 72
156.032000 156.736000 70
156.800000 156.992000 62
157.120000 158.016000 67
158.400000 159.104000 67
159.232000 159.872000 72
159.968000 160.384000 69
160.768000 160.896000 64
160.992000 161.856000 69
162.176000 162.944000 67
162.944000 163.936000 72
164.096000 164.512000 69
164.800000 165.728000 67
166.272000 167.616000 67
167.712000 168.032000 67
168.288000 169.056000 67
169.248000 170.752000 67
