16.832000 17.120000 65
17.536000 17.920000 65
22.464000 22.528000 56
22.528000 22.912000 58
22.912000 24.032000 61
24.032000 25.152000 63
25.248000 25.600000 64
25.760000 25.984000 63
26.208000 26.560000 58
26.656000 27.072000 61
27.072000 27.520000 58
27.520000 28.416000 61
28.544000 28.928000 61
29.024000 29.440000 58
29.984000 30.336000 58
30.432000 30.784000 61
30.912000 31.104000 58
31.104000 31.968000 63
32.096000 32.608000 63
32.800000 33.440000 64
33.728000 34.208000 58
34.208000 35.296000 61
37.472000 37.888000 58
37.888000 38.304000 61
38.400000 38.528000 58
38.624000 40.960000 63
41.216000 41.280000 55
41.280000 41.664000 58
41.664000 42.720000 61
42.848000 43.392000 61
43.552000 43.904000 61
44.032000 44.512000 58
44.928000 45.088000 57
45.088000 45.440000 58
45.440000 45.792000 61
45.888000 45.952000 57
45.952000 46.048000 58
46.048000 46.944000 63
47.072000 47.520000 63
47.520000 47.776000 61
47.776000 48.128000 64
48.256000 48.480000 63
48.736000 49.024000 58
49.216000 49.536000 61
49.536000 49.856000 58
49.856000 50.240000 61
51.904000 52.000000 61
52.416000 52.480000 59
52.480000 52.608000 63
52.608000 52.896000 65
52.896000 53.856000 68
53.856000 55.168000 70
55.296000 55.968000 68
56.256000 56.576000 67
56.704000 57.120000 68
57.120000 57.280000 65
57.408000 58.688000 68
58.816000 58.976000 68
59.072000 59.808000 65
59.936000 60.000000 61
60.000000 60.096000 63
60.096000 60.416000 65
60.416000 61.376000 67
61.376000 63.488000 70
63.744000 63.872000 66
63.872000 64.576000 68
64.576000 65.280000 66
65.376000 67.136000 68
67.392000 67.456000 62
67.456000 68.032000 64
68.192000 68.320000 62
68.416000 69.056000 63
69.312000 69.920000 64
70.048000 70.176000 63
70.272000 70.976000 63
71.104000 71.328000 63
71.328000 71.744000 65
71.936000 73.536000 61
74.880000 74.944000 61
74.944000 76.608000 63
76.832000 77.664000 63
77.760000 78.496000 63
78.720000 79.232000 64
79.232000 81.472000 61
82.464000 83.008000 58
83.136000 83.328000 61
83.424000 83.616000 58
83.616000 84.000000 62
84.128000 84.448000 63
84.544000 85.440000 63
85.440000 85.600000 65
85.728000 85.952000 63
86.176000 86.592000 58
86.688000 88.224000 61
88.320000 88.960000 61
89.056000 89.664000 58
89.952000 90.112000 57
90.112000 90.400000 58
90.400000 90.784000 61
90.912000 91.136000 58
91.136000 92.704000 63
92.800000 93.440000 65
93.696000 94.080000 58
94.400000 94.560000 61
94.560000 94.752000 58
94.912000 95.296000 61
97.344000 97.504000 61
97.504000 97.600000 63
97.600000 97.920000 65
97.920000 98.848000 68
98.848000 100.960000 70
101.248000 101.600000 68
101.696000 102.112000 68
102.112000 102.304000 65
102.400000 103.680000 68
103.808000 104.704000 65
104.960000 105.024000 62
105.024000 105.120000 64
105.120000 105.408000 65
105.408000 106.400000 68
106.400000 108.480000 70
108.768000 109.568000 68
109.664000 109.856000 65
109.856000 110.240000 67
110.368000 111.456000 68
111.552000 112.160000 70
112.416000 112.640000 63
112.640000 113.056000 65
113.184000 114.048000 62
114.304000 114.912000 64
115.040000 115.168000 63
115.264000 115.968000 63
116.192000 117.120000 63
117.120000 118.624000 61
118.848000 118.944000 63
118.944000 120.096000 61
120.096000 122.688000 65
122.784000 123.488000 63
123.648000 124.608000 63
124.608000 126.304000 61
130.816000 131.296000 68
131.424000 131.936000 75
131.936000 132.096000 68
134.976000 135.232000 61
136.192000 136.384000 63
137.120000 137.216000 65
138.016000 138.208000 68
138.368000 138.720000 68
142.016000 142.240000 61
142.464000 142.720000 57
142.880000 143.296000 61
143.392000 143.648000 58
143.648000 144.928000 63
145.056000 145.248000 61
145.248000 145.632000 65
145.728000 145.984000 63
146.240000 146.304000 56
146.304000 146.688000 58
146.688000 146.816000 61
146.912000 147.104000 61
147.104000 147.680000 59
147.840000 148.224000 61
148.320000 148.416000 61
148.576000 148.864000 61
149.024000 149.472000 58
149.920000 150.304000 58
150.400000 151.392000 61
151.392000 151.968000 63
152.064000 152.672000 63
152.800000 153.184000 64
153.280000 153.472000 63
153.472000 153.536000 58
153.728000 154.048000 58
154.176000 154.496000 61
154.624000 154.880000 58
154.880000 155.264000 61
156.896000 156.992000 62
157.472000 157.600000 63
157.600000 157.920000 65
157.920000 158.848000 68
158.848000 160.160000 70
160.288000 160.992000 68
161.216000 161.600000 67
161.696000 162.112000 68
162.112000 162.336000 65
162.400000 163.680000 68
163.776000 163.936000 68
164.032000 164.608000 65
164.928000 165.056000 63
165.056000 165.376000 65
165.376000 166.368000 68
166.368000 168.512000 70
168.768000 169.568000 68
169.664000 169.856000 65
169.856000 170.272000 67
170.368000 172.160000 68
172.416000 173.056000 64
173.184000 174.080000 62
174.304000 174.912000 64
175.040000 175.168000 63
175.264000 175.936000 63
176.160000 176.352000 63
176.352000 176.800000 65
176.896000 177.120000 63
177.120000 178.656000 61
178.720000 179.040000 63
179.040000 180.128000 61
180.128000 182.688000 65
182.784000 183.456000 63
183.680000 183.840000 63
183.840000 184.320000 64
184.384000 186.368000 61
186.912000 187.008000 60
187.360000 187.488000 58
187.488000 187.584000 63
187.584000 187.904000 65
187.904000 188.832000 68
188.832000 191.040000 70
191.264000 191.584000 68
191.712000 192.128000 68
192.128000 192.288000 65
192.416000 193.696000 68
193.792000 194.752000 65
194.944000 195.008000 62
195.008000 195.104000 63
195.104000 195.424000 65
195.424000 196.352000 67
196.352000 198.496000 70
198.752000 199.552000 68
199.648000 199.840000 65
199.840000 200.256000 67
200.384000 202.144000 68
202.400000 203.040000 63
203.168000 203.264000 63
203.264000 203.616000 61
203.616000 204.064000 63
204.320000 204.928000 64
205.024000 205.952000 63
206.176000 206.368000 63
206.368000 206.816000 64
206.944000 208.640000 61
208.928000 209.408000 62
209.408000 209.984000 61
209.984000 210.784000 65
210.880000 212.640000 65
212.736000 212.960000 66
212.960000 214.240000 64
214.368000 216.800000 61
