2.336000 3.296000 56
3.648000 3.776000 56
4.768000 5.728000 56
5.856000 6.368000 55
6.496000 6.656000 55
7.008000 7.392000 54
8.192000 8.832000 57
20.352000 21.632000 66
22.496000 23.680000 64
23.808000 23.936000 62
24.192000 24.288000 62
24.448000 25.120000 66
26.208000 26.528000 65
26.528000 27.488000 62
27.488000 27.936000 64
29.184000 29.600000 68
29.792000 30.336000 67
30.336000 31.072000 66
31.072000 31.552000 62
32.160000 32.608000 66
32.704000 33.504000 67
34.400000 34.848000 62
35.296000 36.480000 67
36.480000 37.152000 66
38.112000 38.240000 66
38.464000 39.200000 61
39.200000 39.808000 64
41.056000 41.472000 61
41.600000 42.432000 62
42.848000 43.744000 62
43.840000 44.704000 67
44.800000 45.248000 72
45.248000 46.144000 68
46.144000 48.256000 66
48.832000 48.928000 62
48.928000 50.272000 60
50.272000 50.688000 62
50.688000 52.544000 64
52.768000 53.472000 64
53.696000 54.464000 69
55.168000 55.584000 62
55.712000 56.224000 66
56.224000 57.088000 73
57.184000 57.600000 69
57.696000 58.560000 69
58.656000 59.104000 64
59.232000 60.320000 66
61.056000 61.216000 61
61.216000 61.600000 62
61.600000 62.496000 64
62.528000 62.688000 68
62.688000 63.072000 69
63.072000 63.520000 67
63.616000 65.152000 66
65.248000 65.376000 68
65.472000 66.272000 66
66.976000 67.456000 62
67.552000 68.128000 66
68.128000 70.400000 74
70.496000 70.688000 69
70.688000 71.232000 64
71.456000 72.128000 66
72.928000 73.056000 61
73.056000 73.408000 62
73.408000 74.016000 64
74.016000 74.848000 68
75.008000 75.808000 66
75.808000 76.192000 64
76.384000 79.392000 73
80.320000 83.264000 71
95.136000 95.744000 74
98.112000 99.456000 66
100.320000 100.608000 64
100.928000 101.088000 68
101.248000 102.048000 68
102.048000 102.432000 67
102.528000 103.264000 66
104.064000 104.448000 65
104.640000 104.800000 60
104.896000 105.664000 64
106.976000 108.416000 62
108.832000 109.600000 62
109.824000 110.752000 68
110.752000 111.104000 72
111.296000 111.872000 68
111.872000 112.608000 65
112.736000 113.568000 67
113.568000 114.208000 65
114.752000 114.848000 62
114.848000 114.944000 61
114.944000 116.192000 60
116.192000 116.544000 62
116.640000 119.392000 64
119.616000 120.416000 69
121.088000 121.504000 62
121.600000 122.144000 66
122.144000 123.008000 73
123.008000 123.520000 69
123.648000 124.480000 70
124.576000 125.056000 64
125.184000 126.208000 66
126.976000 127.136000 60
127.136000 127.488000 62
127.488000 128.096000 64
128.096000 132.160000 66
132.992000 133.376000 62
133.504000 133.920000 66
134.016000 135.776000 74
135.872000 136.320000 73
136.480000 136.544000 69
136.544000 137.120000 64
137.440000 138.176000 66
138.816000 138.976000 61
138.976000 139.296000 62
139.296000 140.224000 64
140.320000 140.768000 69
140.864000 141.280000 67
141.376000 142.176000 65
142.304000 143.136000 74
143.232000 143.648000 73
143.840000 146.272000 71
150.976000 151.072000 67
151.328000 152.064000 65
166.464000 166.816000 59
167.712000 167.840000 60
167.840000 168.288000 62
168.288000 168.832000 66
168.832000 169.792000 73
169.792000 171.104000 69
171.168000 171.680000 64
171.808000 172.896000 66
173.664000 173.728000 60
173.728000 174.176000 62
174.176000 175.008000 64
175.104000 175.712000 69
175.712000 176.096000 67
176.224000 176.480000 66
176.576000 177.152000 64
177.280000 177.984000 66
178.112000 178.784000 70
179.616000 180.064000 62
180.192000 180.704000 66
180.704000 182.976000 73
182.976000 183.360000 69
183.360000 183.776000 64
184.096000 184.736000 66
185.504000 185.984000 62
185.984000 186.592000 64
186.592000 187.456000 67
187.712000 187.968000 67
188.064000 188.832000 65
189.024000 191.296000 73
191.456000 194.176000 71
194.464000 194.688000 69
198.848000 199.008000 63
199.008000 199.296000 64
199.296000 201.312000 66
201.312000 203.168000 71
204.000000 204.192000 65
204.192000 204.768000 69
204.768000 206.208000 65
206.208000 206.720000 62
206.720000 207.360000 66
213.152000 213.280000 60
213.536000 213.920000 60
214.080000 214.688000 60
214.688000 215.104000 61
215.104000 215.616000 62
215.616000 216.768000 66
217.024000 217.184000 65
217.184000 218.560000 61
220.736000 221.920000 61
222.528000 222.688000 62
223.296000 223.712000 64
