14.752000 15.328000 55
15.328000 16.320000 57
16.320000 18.016000 55
19.168000 19.648000 55
19.648000 19.936000 57
19.936000 20.288000 59
20.288000 21.312000 55
21.408000 22.624000 52
22.624000 22.720000 54
23.552000 23.648000 48
23.648000 24.128000 50
24.128000 24.384000 52
24.384000 24.640000 54
24.640000 26.368000 50
26.912000 26.944000 45
26.944000 26.976000 45
26.976000 27.008000 45
27.008000 27.040000 45
27.040000 27.072000 45
27.072000 27.104000 45
27.104000 27.136000 45
27.136000 27.168000 45
27.168000 27.200000 45
27.200000 27.232000 45
27.232000 27.264000 45
27.968000 28.384000 47
28.544000 28.640000 47
28.640000 28.928000 45
29.120000 29.824000 48
29.920000 30.208000 50
30.208000 30.720000 52
30.720000 31.328000 56
31.328000 31.744000 53
32.448000 33.280000 55
33.280000 33.600000 60
33.600000 33.952000 56
34.048000 34.304000 57
34.304000 34.848000 61
34.848000 36.224000 55
36.864000 37.696000 62
37.696000 37.920000 65
37.920000 38.176000 63
38.176000 38.624000 64
38.624000 39.264000 61
39.264000 39.584000 55
39.584000 40.096000 61
40.096000 40.576000 55
41.280000 41.696000 52
41.696000 41.856000 53
41.856000 42.336000 57
42.432000 42.784000 51
42.784000 42.848000 48
43.040000 43.136000 47
43.136000 43.488000 45
43.680000 45.056000 49
45.184000 45.312000 51
45.440000 45.504000 50
63.648000 64.480000 55
64.480000 64.864000 60
64.864000 66.880000 55
68.064000 68.640000 55
68.640000 68.864000 57
68.864000 68.960000 58
68.960000 69.280000 60
69.280000 70.176000 56
70.176000 70.624000 52
70.880000 71.328000 51
71.456000 71.968000 55
72.544000 72.960000 50
72.960000 73.376000 52
73.376000 73.632000 55
73.632000 75.232000 50
75.392000 75.424000 45
75.424000 75.456000 45
75.616000 75.648000 45
75.648000 75.680000 45
75.680000 75.712000 45
75.904000 75.936000 45
75.936000 75.968000 45
75.968000 76.000000 45
76.960000 77.248000 46
77.248000 77.472000 49
77.472000 77.664000 47
77.664000 78.080000 45
78.080000 78.432000 48
78.880000 79.264000 51
79.264000 79.776000 52
79.776000 80.256000 56
80.256000 80.736000 52
81.440000 82.208000 55
82.304000 82.624000 60
82.624000 82.688000 59
82.688000 83.328000 57
83.328000 83.840000 60
83.840000 85.248000 55
85.824000 86.176000 62
86.176000 87.936000 63
87.936000 88.608000 57
88.608000 88.768000 62
88.768000 88.928000 60
88.928000 89.120000 57
89.152000 89.632000 55
90.208000 90.656000 52
90.784000 91.104000 57
91.104000 91.328000 55
91.328000 91.840000 50
92.064000 92.096000 45
92.096000 92.128000 45
92.128000 92.160000 45
92.160000 92.192000 45
92.192000 92.224000 45
92.224000 92.256000 45
92.256000 92.288000 45
92.288000 92.320000 45
92.320000 92.352000 45
92.352000 92.384000 45
92.384000 92.416000 45
92.512000 94.496000 48
94.688000 95.040000 61
107.040000 107.168000 61
108.192000 108.672000 55
108.672000 109.728000 57
109.728000 111.360000 55
112.576000 113.152000 55
113.152000 113.376000 57
113.376000 113.824000 60
113.824000 115.200000 55
115.328000 115.808000 51
115.936000 116.352000 55
116.960000 117.536000 50
117.536000 117.984000 52
117.984000 118.528000 50
118.656000 118.880000 52
118.880000 119.072000 49
119.232000 119.392000 51
119.392000 119.648000 48
119.776000 120.160000 45
120.320000 120.352000 45
120.352000 120.384000 45
120.384000 120.416000 45
120.512000 120.608000 45
121.408000 121.664000 45
121.664000 121.888000 48
121.888000 122.368000 45
122.528000 122.912000 48
123.136000 123.168000 48
123.328000 123.488000 51
123.584000 124.064000 52
124.160000 124.352000 55
124.352000 124.960000 57
124.960000 125.184000 52
125.824000 126.656000 55
126.656000 126.848000 60
126.848000 127.104000 58
127.104000 127.680000 56
127.680000 128.224000 61
128.224000 129.856000 55
130.208000 132.352000 63
132.352000 132.448000 59
132.448000 132.960000 56
132.960000 133.344000 61
133.344000 133.984000 55
134.784000 135.136000 52
135.136000 135.520000 57
135.520000 136.160000 51
136.256000 136.416000 47
136.416000 136.736000 45
136.832000 138.784000 49
138.848000 138.976000 50
139.072000 139.232000 62
139.392000 139.488000 62
152.416000 152.960000 55
152.960000 153.888000 58
153.888000 155.808000 55
156.736000 157.152000 55
157.152000 157.312000 56
157.312000 157.504000 57
157.504000 157.568000 58
157.568000 157.920000 60
157.920000 158.976000 56
158.976000 159.456000 52
159.520000 159.776000 51
159.872000 160.000000 51
160.160000 160.640000 56
161.184000 161.664000 51
161.728000 162.240000 53
162.304000 162.752000 50
162.848000 163.072000 53
163.072000 163.360000 49
163.392000 163.808000 49
163.808000 163.872000 48
164.032000 164.128000 45
164.288000 164.352000 45
164.576000 164.608000 45
164.608000 164.640000 45
164.640000 164.672000 45
165.632000 165.888000 45
165.888000 165.984000 49
166.144000 166.272000 47
166.272000 166.496000 45
166.560000 167.456000 48
167.552000 168.192000 51
168.352000 168.864000 56
168.864000 169.376000 52
169.984000 170.784000 55
170.784000 171.232000 60
171.232000 171.328000 58
171.328000 171.616000 55
171.616000 172.768000 58
172.768000 174.048000 55
174.368000 175.200000 62
175.200000 175.456000 65
175.456000 176.352000 63
176.352000 176.672000 60
176.672000 177.216000 56
177.216000 177.568000 60
177.632000 178.144000 55
178.720000 179.232000 52
179.296000 179.808000 55
179.808000 179.904000 49
179.904000 180.288000 52
180.416000 180.512000 49
180.512000 180.960000 45
180.960000 182.880000 48
182.944000 183.072000 50
183.200000 183.328000 51
183.488000 183.584000 51
