5.696000 5.952000 56
6.048000 6.176000 55
6.432000 6.880000 54
6.976000 7.264000 53
7.424000 7.776000 54
9.920000 10.176000 55
10.368000 10.528000 57
10.624000 10.848000 56
11.040000 11.232000 56
11.328000 11.648000 53
11.936000 12.448000 54
12.704000 13.184000 53
15.648000 16.000000 55
16.128000 16.256000 54
16.576000 16.672000 52
43.200000 43.360000 59
43.488000 43.840000 65
43.968000 44.096000 66
44.096000 44.512000 64
44.832000 45.024000 57
45.440000 45.536000 57
45.696000 45.824000 59
47.040000 47.232000 59
47.232000 47.296000 60
47.296000 47.424000 62
47.424000 47.648000 66
47.744000 48.128000 65
48.224000 48.416000 64
49.184000 49.312000 58
49.408000 49.536000 59
50.080000 50.208000 59
50.208000 50.752000 61
50.752000 50.944000 64
51.040000 51.264000 61
51.520000 52.160000 62
52.448000 53.120000 66
53.120000 53.280000 64
53.280000 53.728000 61
53.824000 54.656000 63
54.848000 55.072000 61
55.072000 55.328000 63
55.744000 55.968000 64
56.064000 56.256000 59
57.120000 57.344000 58
57.472000 57.568000 57
58.336000 58.496000 59
58.592000 58.656000 62
58.656000 58.848000 65
58.880000 59.072000 62
59.072000 59.200000 59
59.264000 59.296000 58
59.552000 60.128000 56
60.256000 60.448000 56
60.736000 60.864000 59
62.112000 62.336000 59
62.336000 62.432000 60
62.432000 62.752000 66
62.848000 63.008000 66
63.008000 63.488000 64
63.712000 63.872000 56
63.968000 64.128000 56
64.224000 64.416000 56
65.184000 66.336000 61
66.624000 66.752000 61
67.072000 67.168000 62
67.552000 67.904000 67
68.032000 68.192000 66
68.192000 68.416000 64
68.416000 69.088000 61
69.248000 69.888000 62
69.888000 70.304000 61
70.848000 71.072000 64
71.648000 71.872000 61
72.000000 72.160000 57
72.288000 72.384000 59
72.512000 72.672000 66
72.768000 73.152000 68
73.248000 73.728000 67
73.728000 74.240000 64
74.752000 75.008000 61
75.168000 75.328000 64
76.128000 76.256000 64
76.256000 77.344000 68
77.440000 77.952000 64
77.952000 78.336000 66
78.496000 79.360000 68
80.256000 80.544000 64
80.544000 81.024000 66
81.312000 82.112000 64
82.112000 83.360000 61
83.360000 84.128000 66
84.128000 84.224000 64
84.352000 85.472000 71
85.728000 86.112000 69
86.272000 86.592000 68
86.848000 87.712000 66
91.360000 92.192000 57
92.192000 92.480000 55
94.944000 95.136000 55
96.160000 96.256000 54
96.416000 96.544000 53
96.640000 96.736000 53
102.112000 102.400000 58
102.432000 102.816000 60
104.384000 104.832000 58
104.992000 105.344000 55
108.256000 108.576000 56
108.576000 109.056000 53
112.512000 112.736000 54
112.896000 113.024000 55
116.224000 116.320000 53
116.416000 116.544000 54
128.768000 129.088000 60
129.216000 129.344000 71
129.440000 129.664000 71
129.664000 130.176000 67
130.176000 130.816000 65
130.912000 131.072000 66
131.072000 131.296000 64
131.296000 131.744000 60
131.872000 132.032000 66
132.544000 132.736000 60
132.736000 132.896000 63
133.056000 133.152000 71
133.280000 133.440000 71
133.440000 133.632000 69
133.760000 133.888000 66
134.016000 134.336000 64
134.336000 135.072000 66
135.200000 135.520000 59
135.872000 136.032000 68
136.032000 136.480000 66
136.576000 136.736000 64
136.736000 137.056000 61
137.056000 137.344000 64
137.728000 138.144000 66
138.240000 139.424000 64
139.680000 139.776000 67
139.904000 140.256000 65
140.384000 140.736000 65
140.832000 140.992000 66
141.088000 141.216000 64
141.312000 141.696000 65
141.792000 141.920000 68
141.920000 142.464000 72
142.560000 142.912000 67
143.008000 143.584000 66
143.936000 144.224000 60
144.352000 144.512000 71
144.608000 144.736000 71
144.736000 144.768000 70
144.768000 145.312000 67
145.312000 146.400000 64
146.528000 146.848000 59
147.008000 147.168000 66
147.744000 148.000000 60
148.000000 148.064000 63
148.064000 148.576000 71
148.576000 150.432000 66
150.528000 152.896000 71
152.896000 153.856000 64
154.016000 154.592000 64
154.720000 154.912000 61
154.912000 155.552000 62
155.552000 156.352000 63
156.608000 157.280000 62
157.376000 157.600000 64
157.600000 157.760000 66
157.920000 158.208000 66
158.272000 158.688000 64
158.912000 159.200000 61
159.328000 159.936000 64
166.560000 166.720000 60
166.816000 166.880000 62
166.880000 167.168000 66
167.296000 167.936000 64
170.336000 170.624000 59
170.624000 170.688000 60
170.688000 171.712000 65
171.840000 172.096000 65
172.736000 173.024000 63
173.376000 173.664000 59
173.664000 174.592000 61
174.912000 175.488000 62
175.808000 176.192000 67
176.288000 176.448000 66
176.448000 176.640000 64
176.640000 177.376000 61
177.504000 178.560000 62
178.560000 179.264000 64
179.424000 179.744000 66
180.544000 180.896000 65
181.056000 181.472000 69
181.472000 182.080000 66
182.080000 182.464000 64
182.944000 183.232000 61
184.256000 184.480000 64
184.480000 185.568000 68
185.696000 186.176000 64
186.176000 186.528000 66
186.688000 186.912000 70
186.912000 187.424000 68
188.512000 188.704000 64
188.704000 189.536000 66
189.536000 190.304000 64
190.304000 191.360000 61
191.360000 192.480000 65
192.640000 192.768000 69
192.864000 194.336000 71
194.432000 196.192000 66
196.448000 196.576000 58
196.704000 197.088000 59
197.248000 197.312000 65
197.312000 197.696000 71
197.696000 198.848000 66
198.944000 199.104000 66
199.104000 199.360000 64
199.360000 199.808000 60
199.872000 199.936000 63
199.936000 200.224000 67
200.608000 200.832000 60
200.832000 200.992000 67
201.088000 201.216000 71
201.312000 201.504000 71
201.504000 201.696000 67
201.792000 201.920000 66
202.048000 202.240000 65
202.304000 203.136000 66
203.232000 203.552000 59
203.680000 204.288000 67
204.288000 204.512000 64
204.608000 204.768000 64
204.768000 205.088000 61
205.088000 205.344000 64
205.792000 206.176000 66
206.304000 206.624000 64
206.624000 206.976000 61
206.976000 207.264000 64
207.680000 207.840000 67
207.936000 208.064000 66
208.064000 208.384000 64
208.384000 208.672000 67
208.864000 209.024000 66
209.120000 209.248000 64
209.344000 209.728000 65
209.824000 209.920000 69
209.920000 210.208000 71
210.208000 210.464000 73
210.560000 211.584000 66
211.936000 212.128000 60
212.128000 212.224000 61
212.224000 212.320000 65
212.320000 212.544000 71
212.640000 212.768000 71
212.768000 212.832000 69
212.832000 213.184000 67
213.184000 214.464000 65
214.592000 214.880000 61
215.040000 215.328000 67
215.744000 216.032000 60
216.160000 216.608000 71
216.608000 217.120000 67
217.120000 217.216000 64
217.216000 218.592000 66
218.592000 220.864000 71
220.864000 221.632000 65
221.728000 221.888000 64
222.240000 222.368000 63
222.368000 224.448000 62
224.640000 224.864000 61
224.864000 225.280000 62
225.408000 225.728000 63
225.984000 226.144000 54
226.304000 226.496000 57
226.848000 227.072000 61
227.168000 227.296000 58
227.424000 228.128000 64
229.760000 229.952000 59
242.144000 242.464000 60
242.624000 243.040000 71
243.040000 243.584000 67
243.584000 244.224000 64
244.320000 244.480000 66
244.480000 244.736000 64
244.736000 245.152000 59
245.312000 245.504000 66
245.952000 246.176000 60
246.432000 246.528000 71
246.624000 246.848000 71
246.848000 247.040000 67
247.136000 247.264000 66
247.360000 247.488000 64
247.616000 247.968000 66
248.064000 248.224000 66
248.224000 248.480000 64
248.576000 248.992000 59
248.992000 249.824000 66
249.952000 250.080000 64
250.080000 250.368000 61
250.464000 250.752000 64
251.168000 251.520000 67
251.648000 252.000000 64
252.000000 252.256000 61
252.352000 252.640000 64
253.088000 253.184000 67
253.312000 253.632000 65
253.760000 254.112000 65
254.208000 254.336000 66
254.432000 254.592000 64
254.688000 255.072000 65
255.136000 255.200000 66
255.200000 255.296000 69
255.296000 255.808000 72
255.904000 256.864000 66
257.312000 257.568000 59
257.728000 257.888000 70
257.984000 258.112000 71
258.112000 258.176000 69
258.176000 258.528000 67
258.528000 258.912000 64
258.976000 259.808000 66
259.904000 260.224000 59
260.384000 260.736000 67
261.088000 261.280000 59
261.280000 261.408000 62
261.408000 262.016000 71
262.048000 263.808000 66
263.904000 266.144000 71
266.304000 267.328000 64
268.096000 268.320000 61
268.320000 269.952000 63
270.080000 270.624000 62
270.720000 270.944000 64
270.944000 271.104000 68
271.264000 271.872000 68
272.224000 272.544000 61
272.672000 273.632000 64
276.960000 277.184000 61
277.472000 277.632000 63
277.760000 277.952000 62
278.080000 278.592000 62
278.784000 279.008000 57
280.128000 280.384000 61
280.544000 280.992000 62
281.088000 281.248000 55
281.248000 281.504000 53
281.664000 281.760000 53
282.176000 282.400000 54
284.576000 284.736000 66
284.896000 285.024000 67
285.536000 287.040000 64
288.384000 288.576000 55
288.672000 289.120000 54
297.088000 297.440000 61
297.632000 297.792000 62
297.920000 298.144000 59
298.304000 298.528000 57
305.216000 305.376000 56
305.760000 306.048000 55
306.368000 306.432000 55
