1.280000 1.568000 72
3.200000 3.456000 62
20.896000 20.992000 56
21.248000 21.760000 62
21.888000 22.048000 61
22.176000 22.368000 61
22.528000 22.688000 60
22.816000 23.008000 58
23.168000 23.616000 55
23.872000 25.408000 62
26.016000 26.144000 55
26.400000 27.232000 60
27.360000 27.616000 60
27.616000 28.544000 58
28.640000 28.960000 58
28.960000 29.088000 59
29.088000 30.656000 60
31.072000 31.392000 55
31.616000 32.064000 65
32.160000 32.384000 65
32.480000 33.120000 65
33.120000 34.304000 63
34.464000 34.656000 65
34.752000 35.168000 66
35.168000 35.712000 64
36.320000 36.576000 63
36.736000 37.472000 67
37.664000 37.856000 67
38.048000 38.528000 65
38.656000 39.168000 60
39.360000 40.192000 62
40.288000 41.152000 62
41.280000 41.664000 62
41.856000 42.368000 62
42.528000 43.264000 62
43.456000 43.616000 58
43.616000 44.288000 55
44.448000 45.632000 62
47.072000 48.192000 60
48.320000 48.768000 59
48.768000 49.184000 57
49.280000 49.440000 58
49.664000 50.080000 60
50.240000 50.528000 62
50.528000 51.104000 58
52.192000 52.672000 65
52.832000 53.984000 65
54.144000 54.336000 62
54.432000 54.624000 63
54.752000 54.816000 63
54.816000 56.032000 65
56.032000 56.352000 63
56.992000 57.184000 62
57.344000 57.856000 67
57.984000 58.208000 67
58.304000 58.496000 67
58.688000 59.200000 67
59.328000 59.616000 67
59.744000 61.856000 69
62.112000 62.400000 62
62.528000 63.008000 62
63.168000 63.552000 62
63.616000 63.680000 62
63.808000 63.968000 62
64.096000 65.280000 70
65.472000 65.632000 65
65.632000 66.176000 63
66.176000 66.720000 60
67.296000 67.552000 61
67.680000 68.192000 60
68.352000 69.088000 60
69.280000 69.760000 69
69.888000 69.984000 69
69.984000 70.080000 68
70.080000 70.624000 66
70.624000 71.360000 62
72.480000 72.704000 63
72.832000 73.344000 62
73.504000 74.400000 62
74.400000 75.328000 70
75.424000 75.872000 67
75.872000 76.192000 69
76.288000 76.512000 69
76.512000 77.536000 72
77.824000 78.816000 70
78.976000 80.128000 70
80.320000 81.344000 69
81.504000 81.984000 67
81.984000 82.816000 69
83.168000 83.680000 62
83.808000 84.032000 62
84.480000 84.576000 69
84.704000 85.184000 70
85.408000 85.696000 69
85.696000 85.920000 67
86.112000 86.176000 65
86.240000 86.272000 64
86.368000 86.816000 63
86.816000 87.552000 60
87.712000 88.160000 62
88.352000 88.800000 61
88.960000 89.280000 60
89.408000 89.728000 60
89.888000 90.016000 69
90.528000 90.656000 69
90.656000 91.392000 66
91.552000 91.744000 62
91.840000 92.032000 61
93.184000 93.344000 63
93.504000 94.016000 62
94.144000 94.656000 62
95.040000 95.424000 70
95.552000 96.032000 69
96.032000 96.864000 67
96.960000 97.184000 69
97.184000 97.984000 71
98.144000 98.240000 69
98.464000 99.488000 70
99.616000 100.864000 70
100.896000 102.080000 69
102.496000 102.656000 67
102.816000 103.328000 69
103.424000 103.776000 69
103.776000 104.000000 67
104.096000 106.464000 67
124.448000 124.928000 62
125.088000 125.312000 62
125.408000 125.664000 61
125.760000 125.984000 60
125.984000 126.656000 57
127.040000 127.232000 61
127.360000 127.552000 62
127.648000 128.128000 62
128.128000 128.832000 60
129.632000 130.176000 60
130.272000 130.496000 60
130.592000 131.104000 60
131.232000 131.456000 58
131.552000 131.744000 57
131.904000 132.032000 58
132.288000 133.536000 60
133.536000 133.920000 58
134.752000 135.296000 65
135.392000 135.648000 64
135.744000 135.936000 65
136.032000 136.448000 64
136.448000 136.608000 62
136.704000 137.184000 62
137.376000 137.536000 65
137.664000 138.208000 65
138.304000 139.104000 63
139.584000 139.840000 63
139.936000 140.448000 67
140.832000 141.216000 67
141.248000 141.408000 66
141.568000 141.664000 65
141.888000 143.008000 61
143.456000 144.320000 62
144.704000 144.896000 62
145.088000 146.240000 61
146.400000 146.528000 60
146.688000 146.912000 58
147.744000 148.448000 62
148.640000 148.736000 62
148.960000 149.120000 60
150.272000 150.784000 60
150.912000 151.712000 60
151.872000 152.064000 58
152.224000 152.448000 57
152.800000 153.984000 60
154.144000 154.592000 59
155.360000 155.968000 65
156.064000 156.608000 65
156.704000 156.928000 65
157.024000 157.216000 63
157.344000 157.632000 62
157.632000 159.136000 65
159.264000 159.712000 63
160.192000 160.416000 63
160.576000 161.440000 67
161.536000 162.336000 67
162.464000 162.944000 67
163.072000 164.192000 69
164.448000 164.704000 69
164.832000 165.216000 69
165.248000 165.280000 69
165.664000 165.696000 68
167.296000 167.616000 70
168.000000 168.256000 69
168.352000 168.448000 67
168.704000 168.864000 65
168.960000 169.408000 63
169.408000 170.048000 60
170.528000 170.784000 62
170.912000 171.392000 61
171.552000 172.256000 60
172.480000 173.248000 69
173.248000 173.920000 66
173.920000 174.592000 62
175.680000 175.872000 63
176.128000 176.512000 62
176.736000 176.928000 62
177.344000 177.472000 70
177.600000 177.984000 70
178.336000 178.560000 69
178.560000 179.424000 67
179.520000 179.648000 69
179.744000 180.736000 71
181.056000 182.080000 70
182.176000 184.672000 69
185.120000 185.248000 68
185.376000 186.592000 69
186.688000 188.512000 67
188.640000 189.216000 70
189.312000 189.536000 69
189.632000 189.888000 67
189.984000 190.304000 62
190.304000 190.400000 65
190.624000 191.392000 65
191.840000 192.736000 72
192.832000 193.632000 70
193.696000 193.984000 67
194.144000 196.128000 57
196.224000 196.320000 57
196.800000 196.896000 61
197.376000 197.440000 62
197.472000 197.504000 62
197.568000 198.624000 62
226.912000 227.104000 67
227.200000 228.160000 68
228.288000 228.384000 68
228.544000 228.640000 68
228.736000 229.056000 71
229.408000 229.504000 71
229.504000 229.920000 69
230.976000 231.328000 67
231.456000 231.936000 66
232.416000 233.536000 64
233.600000 233.920000 61
234.144000 234.464000 61
234.496000 235.456000 67
235.456000 236.000000 63
236.160000 237.408000 74
237.504000 238.976000 63
239.072000 239.360000 71
239.712000 239.968000 70
239.968000 240.832000 68
240.928000 241.120000 70
241.120000 241.792000 72
242.112000 242.272000 70
242.496000 243.136000 70
243.264000 243.456000 71
243.584000 243.744000 67
243.744000 244.128000 70
244.224000 244.384000 71
244.544000 245.888000 70
246.528000 246.656000 69
246.816000 248.032000 70
248.128000 249.440000 68
