1.024000 2.816000 75
2.816000 6.112000 69
7.008000 7.200000 72
7.200000 10.464000 74
10.464000 14.944000 76
23.872000 25.216000 67
31.616000 32.128000 64
32.128000 32.160000 67
32.160000 33.120000 69
33.280000 33.632000 64
33.792000 35.648000 69
35.968000 36.896000 67
36.992000 37.344000 67
37.472000 37.728000 69
37.728000 39.456000 64
40.128000 40.512000 66
40.640000 41.056000 65
41.216000 42.144000 67
42.304000 42.688000 69
42.816000 43.328000 67
43.328000 44.288000 69
44.416000 45.344000 67
45.472000 45.664000 62
45.760000 46.016000 59
46.016000 46.176000 62
46.272000 49.632000 64
50.816000 51.296000 64
51.296000 51.552000 71
51.648000 51.808000 69
51.808000 52.416000 67
52.416000 52.768000 64
52.960000 54.752000 69
55.168000 55.808000 67
55.936000 56.512000 67
56.672000 56.896000 69
56.896000 57.344000 67
57.344000 58.560000 64
59.328000 59.776000 66
59.872000 60.256000 64
60.416000 60.672000 67
61.440000 63.392000 69
63.584000 64.000000 67
64.128000 64.320000 67
64.416000 64.608000 64
64.704000 64.928000 62
64.928000 65.344000 60
65.472000 66.080000 66
67.072000 68.576000 64
68.896000 69.408000 64
69.440000 70.400000 71
70.496000 72.992000 69
73.248000 74.912000 69
74.912000 80.000000 71
80.000000 81.408000 69
81.760000 82.368000 69
82.368000 87.328000 72
87.328000 90.144000 76
90.304000 90.912000 75
90.912000 91.200000 71
91.200000 91.648000 72
91.648000 92.800000 74
92.800000 93.888000 71
94.112000 95.488000 75
95.488000 97.792000 69
98.304000 99.008000 73
99.168000 99.584000 71
99.584000 100.416000 73
100.416000 102.176000 64
102.624000 103.616000 75
103.616000 106.368000 69
106.912000 107.104000 72
107.104000 107.488000 74
107.488000 108.480000 70
108.672000 112.384000 71
118.912000 119.008000 72
129.824000 130.336000 64
130.336000 130.656000 71
130.656000 131.360000 68
131.456000 131.872000 64
132.000000 133.856000 69
134.112000 134.400000 67
134.592000 134.912000 67
134.912000 135.136000 69
135.264000 135.456000 67
135.744000 136.288000 68
136.416000 137.888000 64
138.400000 138.848000 66
138.944000 139.296000 64
139.424000 139.648000 68
140.064000 140.160000 64
140.288000 140.384000 64
140.544000 140.928000 69
141.024000 141.600000 67
141.600000 142.464000 69
142.656000 143.456000 67
143.456000 143.648000 64
143.744000 143.936000 62
144.032000 144.256000 59
144.256000 144.448000 62
144.544000 147.648000 64
149.088000 149.632000 64
149.632000 149.920000 71
149.920000 151.104000 66
151.232000 153.280000 69
153.376000 155.680000 67
155.680000 156.800000 64
157.504000 158.528000 65
158.656000 159.296000 67
159.712000 161.600000 69
161.856000 162.272000 67
162.368000 162.560000 67
162.656000 162.848000 64
162.944000 163.040000 62
163.232000 163.424000 59
163.520000 163.616000 62
163.744000 164.224000 65
164.416000 166.752000 64
167.104000 167.744000 64
167.744000 171.232000 69
171.520000 173.184000 69
173.184000 175.584000 71
175.744000 176.448000 71
176.448000 177.216000 74
177.216000 179.712000 69
180.000000 180.544000 69
180.672000 184.128000 71
184.320000 184.640000 71
184.640000 184.864000 72
184.864000 185.536000 74
185.536000 189.184000 76
189.184000 192.352000 72
192.352000 192.928000 76
192.928000 196.096000 69
196.544000 197.472000 73
197.472000 198.528000 72
198.816000 200.384000 64
200.864000 202.112000 74
202.112000 204.576000 69
205.216000 205.408000 72
205.408000 205.856000 74
205.856000 206.720000 71
206.816000 207.008000 69
207.008000 209.440000 71
209.440000 210.688000 75
210.848000 214.016000 69
215.360000 215.520000 72
215.520000 219.424000 74
219.424000 226.080000 76
226.240000 226.368000 76
