13.056000 13.568000 65
13.824000 15.072000 66
15.232000 16.128000 66
16.928000 17.408000 66
17.664000 17.792000 66
17.888000 18.496000 66
18.624000 18.720000 66
18.880000 19.744000 65
20.864000 21.312000 65
21.536000 21.632000 65
21.760000 22.144000 65
22.304000 22.624000 66
22.720000 22.848000 64
22.976000 23.072000 66
23.232000 23.936000 65
24.736000 24.864000 61
24.864000 26.592000 65
26.944000 27.840000 65
27.840000 28.960000 61
29.024000 29.376000 71
29.536000 30.336000 69
30.464000 30.656000 61
30.752000 31.904000 68
32.416000 32.576000 73
32.704000 32.832000 73
32.896000 33.344000 71
33.344000 34.848000 68
36.032000 36.640000 61
36.800000 37.152000 71
37.280000 38.400000 68
38.432000 39.648000 68
40.064000 40.352000 61
40.448000 40.544000 63
40.736000 41.472000 66
41.600000 42.080000 65
42.272000 43.008000 65
43.104000 43.456000 65
43.680000 43.904000 61
44.096000 44.544000 65
44.736000 45.280000 68
45.504000 46.112000 61
46.208000 47.520000 68
47.744000 48.160000 61
48.160000 48.544000 63
48.640000 49.376000 68
49.504000 49.728000 61
49.824000 50.080000 61
50.080000 50.432000 63
50.432000 51.488000 71
51.872000 52.288000 66
52.512000 52.992000 56
53.248000 53.792000 61
53.952000 54.080000 71
54.240000 55.072000 68
55.360000 55.552000 61
55.648000 57.088000 66
57.376000 57.472000 64
57.600000 57.920000 67
58.080000 58.912000 66
59.136000 59.456000 64
67.328000 67.424000 66
67.552000 67.776000 65
68.000000 68.128000 65
68.224000 68.640000 65
68.736000 69.280000 65
69.440000 69.568000 66
69.664000 70.496000 65
71.424000 71.680000 65
71.968000 72.224000 65
72.352000 72.704000 66
72.832000 72.960000 66
73.088000 74.112000 65
75.040000 75.520000 66
75.936000 76.352000 65
76.480000 77.024000 66
77.216000 78.144000 65
78.752000 79.136000 61
79.136000 79.936000 65
80.064000 80.256000 66
80.352000 80.768000 65
81.088000 82.048000 65
82.048000 82.656000 61
82.976000 83.328000 73
83.488000 84.576000 69
84.672000 84.864000 61
84.960000 85.984000 68
86.400000 86.592000 61
86.688000 86.976000 61
87.136000 87.872000 70
88.000000 88.896000 68
90.112000 90.432000 61
90.720000 90.816000 61
90.976000 91.136000 71
91.200000 92.320000 69
92.448000 92.608000 61
92.704000 93.824000 68
94.304000 94.720000 61
94.912000 95.456000 65
95.584000 95.680000 66
95.840000 96.224000 65
96.352000 97.632000 65
97.760000 98.144000 61
98.400000 98.752000 65
98.944000 99.488000 68
99.680000 99.840000 61
99.936000 100.320000 61
100.416000 101.664000 68
101.920000 102.336000 61
102.336000 102.784000 63
102.784000 103.584000 68
103.744000 103.904000 61
104.000000 104.224000 61
104.224000 104.640000 63
104.640000 105.696000 71
106.080000 106.496000 65
106.720000 107.296000 68
107.456000 107.552000 71
107.680000 108.032000 73
108.160000 108.256000 71
108.416000 109.344000 68
109.536000 109.760000 61
109.856000 111.296000 66
111.520000 111.776000 64
111.808000 112.096000 67
112.288000 112.448000 64
112.448000 113.216000 66
113.216000 113.632000 64
113.728000 114.080000 61
119.328000 119.424000 64
119.584000 119.776000 67
120.064000 120.256000 64
120.256000 120.384000 66
120.512000 120.800000 67
120.960000 121.248000 64
127.040000 127.296000 64
127.296000 127.520000 67
127.808000 128.576000 66
128.768000 129.088000 64
129.280000 130.464000 61
133.088000 134.560000 61
134.784000 136.608000 68
136.960000 138.368000 61
138.880000 139.360000 74
139.488000 140.288000 75
140.960000 142.240000 61
142.496000 143.968000 68
144.160000 144.704000 68
144.704000 145.024000 73
145.184000 145.536000 71
145.920000 146.080000 62
146.080000 146.336000 61
146.336000 146.656000 58
146.976000 147.936000 66
148.448000 148.640000 65
148.768000 148.928000 69
149.024000 149.888000 68
150.016000 150.528000 68
150.944000 151.776000 68
152.000000 153.120000 66
154.880000 155.168000 66
156.480000 156.672000 67
156.800000 157.024000 62
161.728000 161.856000 61
163.168000 163.648000 56
164.992000 165.088000 57
165.248000 165.664000 56
166.560000 166.688000 61
167.168000 167.328000 64
167.328000 167.392000 63
167.392000 167.520000 62
167.520000 167.872000 59
170.720000 170.784000 74
170.784000 171.008000 76
171.392000 171.680000 76
172.224000 172.448000 73
178.624000 178.656000 78
185.824000 185.952000 67
187.296000 187.776000 65
187.968000 188.512000 68
188.960000 189.312000 61
189.696000 190.656000 68
190.944000 191.392000 61
191.392000 191.648000 63
191.648000 192.576000 68
192.768000 192.960000 61
193.056000 193.280000 61
193.280000 193.664000 63
193.664000 193.760000 65
193.760000 194.432000 71
194.528000 194.752000 71
195.200000 195.520000 66
195.744000 196.256000 68
196.448000 197.024000 61
197.184000 197.312000 71
197.440000 198.304000 68
198.592000 198.752000 61
198.880000 200.352000 66
200.608000 200.704000 64
200.832000 201.152000 67
201.280000 202.176000 66
202.272000 202.624000 64
202.784000 203.264000 65
203.456000 204.160000 68
204.480000 204.832000 61
204.928000 205.056000 71
205.152000 206.144000 68
206.432000 206.528000 61
206.624000 206.880000 61
206.880000 207.264000 63
207.360000 208.160000 68
208.256000 208.384000 61
208.544000 208.800000 61
208.800000 209.216000 63
209.216000 210.208000 59
210.592000 211.104000 65
211.232000 211.872000 68
212.000000 212.544000 61
212.640000 212.704000 66
212.704000 212.768000 71
212.928000 213.760000 68
213.952000 214.272000 61
214.368000 215.808000 66
216.032000 216.352000 64
216.352000 216.640000 67
216.800000 216.992000 64
216.992000 217.664000 66
217.664000 218.112000 64
218.240000 218.656000 61
