24.640000 25.568000 62
25.696000 27.232000 62
27.392000 28.288000 62
28.416000 28.960000 57
29.120000 29.696000 54
30.144000 31.040000 66
31.040000 31.776000 62
31.872000 34.944000 61
35.744000 36.384000 55
36.480000 37.280000 56
37.440000 37.728000 58
37.728000 38.080000 61
38.400000 38.944000 63
39.040000 39.744000 66
39.744000 40.064000 63
40.160000 40.672000 62
41.184000 41.792000 57
41.888000 42.496000 57
42.496000 42.816000 62
42.976000 43.264000 62
43.264000 45.728000 54
46.688000 48.288000 69
48.480000 48.960000 62
49.408000 49.952000 62
50.048000 50.400000 68
50.496000 50.880000 69
51.104000 51.584000 67
52.096000 52.704000 68
52.800000 53.632000 69
53.632000 53.696000 64
53.824000 54.400000 62
54.656000 56.800000 66
57.568000 59.040000 69
59.232000 59.456000 66
59.456000 59.808000 63
60.288000 60.576000 62
60.576000 60.896000 63
60.896000 61.216000 66
61.344000 61.536000 67
61.536000 61.760000 63
61.920000 62.432000 61
62.944000 63.040000 55
63.040000 63.456000 58
63.552000 63.808000 57
63.936000 64.128000 56
64.320000 64.832000 61
64.928000 65.248000 56
65.472000 67.168000 54
68.512000 68.768000 67
68.928000 70.944000 69
71.360000 72.224000 69
72.352000 73.664000 67
73.984000 74.048000 62
74.048000 74.912000 67
75.008000 75.616000 69
75.712000 76.320000 69
76.448000 76.992000 68
77.120000 77.408000 67
77.408000 78.944000 62
79.456000 79.968000 70
80.064000 80.352000 69
80.448000 80.960000 69
81.088000 81.568000 67
82.016000 82.848000 67
83.040000 83.584000 62
83.712000 84.160000 63
84.736000 84.960000 66
84.960000 85.280000 63
85.280000 85.472000 66
85.472000 86.592000 61
86.592000 86.848000 55
87.040000 88.704000 56
88.832000 89.088000 61
89.312000 89.472000 62
89.952000 92.672000 62
92.800000 93.696000 61
93.696000 94.112000 58
94.112000 94.976000 55
95.456000 96.288000 66
96.384000 97.024000 62
97.120000 97.408000 59
97.408000 97.760000 62
97.888000 100.128000 61
100.960000 101.504000 54
101.600000 101.888000 55
101.984000 102.688000 57
102.688000 102.976000 58
102.976000 103.456000 62
103.552000 104.224000 63
104.224000 104.544000 66
104.704000 104.864000 66
104.864000 105.184000 63
105.344000 105.824000 62
106.336000 106.944000 57
107.104000 107.776000 57
108.064000 108.288000 62
108.288000 108.352000 60
108.352000 108.864000 56
109.152000 110.720000 54
111.776000 113.248000 69
113.440000 113.952000 62
114.432000 115.104000 62
115.104000 115.424000 68
115.520000 115.968000 69
115.968000 116.800000 66
117.120000 117.664000 68
117.792000 118.368000 69
118.368000 118.752000 66
118.912000 119.392000 62
119.584000 121.696000 67
122.464000 123.456000 69
123.552000 123.776000 69
123.776000 124.032000 67
124.128000 124.288000 67
124.288000 124.736000 63
125.184000 125.728000 62
125.824000 126.016000 65
126.016000 126.432000 66
126.432000 126.784000 62
126.880000 127.456000 61
127.936000 128.800000 57
128.896000 129.120000 57
129.280000 129.472000 60
129.472000 129.856000 62
129.856000 130.208000 57
130.432000 131.712000 54
133.312000 133.568000 67
133.696000 135.520000 69
136.064000 136.896000 69
137.024000 137.440000 69
137.440000 138.304000 66
138.720000 139.584000 66
139.712000 140.960000 69
141.088000 141.184000 72
141.184000 141.664000 68
141.792000 142.336000 67
142.336000 143.584000 62
144.032000 144.960000 69
145.056000 145.248000 70
145.248000 145.600000 68
145.760000 146.208000 67
146.656000 147.520000 67
147.520000 148.736000 62
149.280000 149.536000 66
149.632000 150.176000 63
150.176000 150.816000 62
150.944000 151.328000 57
151.360000 151.424000 54
151.648000 153.024000 57
165.568000 169.056000 62
169.248000 169.792000 57
169.920000 170.528000 54
170.912000 171.392000 66
171.520000 171.744000 66
171.744000 171.808000 61
171.904000 172.448000 62
172.576000 172.800000 60
172.800000 173.120000 63
173.376000 175.488000 62
176.320000 176.896000 54
176.896000 177.760000 56
177.920000 178.208000 58
178.208000 178.816000 62
178.912000 179.456000 63
179.616000 180.096000 67
180.096000 180.480000 63
180.576000 181.088000 62
181.600000 182.880000 57
182.880000 183.104000 61
183.264000 183.520000 61
183.520000 183.552000 59
183.552000 183.712000 57
183.712000 184.128000 54
184.288000 185.952000 54
187.008000 188.512000 69
188.640000 189.152000 62
189.600000 190.112000 62
190.112000 190.208000 63
190.208000 190.560000 68
190.656000 191.072000 69
191.264000 191.712000 67
192.256000 193.472000 69
193.472000 193.824000 67
193.824000 194.592000 62
194.976000 197.024000 67
197.568000 198.528000 69
198.688000 199.104000 67
199.200000 199.424000 67
199.424000 199.840000 63
200.224000 200.800000 63
200.896000 201.568000 66
201.568000 202.432000 62
202.944000 204.160000 57
204.320000 204.864000 61
204.992000 205.280000 56
205.472000 207.328000 54
208.320000 208.640000 66
208.800000 210.688000 69
211.072000 211.904000 69
212.128000 213.344000 67
213.696000 213.760000 58
213.760000 214.592000 67
214.688000 215.296000 68
215.392000 215.968000 70
216.064000 216.640000 68
216.736000 217.216000 67
217.216000 218.496000 62
219.072000 219.936000 70
220.096000 220.288000 70
220.288000 221.184000 67
221.632000 222.432000 67
222.432000 223.488000 63
223.616000 223.872000 67
224.224000 224.672000 63
224.768000 224.896000 66
224.896000 225.120000 62
225.216000 226.112000 61
226.112000 226.432000 57
226.528000 227.328000 57
227.936000 228.704000 57
228.800000 229.376000 60
229.504000 230.272000 62
230.432000 230.688000 62
230.784000 231.008000 64
231.200000 231.328000 67
231.328000 232.000000 62
232.128000 232.192000 58
232.192000 232.736000 61
232.896000 233.984000 62
234.272000 234.400000 62
