0.768000 0.864000 74
8.000000 8.320000 72
8.320000 8.608000 74
11.936000 12.256000 65
13.856000 14.144000 71
14.304000 14.464000 66
15.872000 15.936000 72
15.936000 16.224000 74
18.176000 18.560000 73
21.920000 21.984000 65
21.984000 22.336000 68
22.336000 24.032000 65
24.288000 24.544000 65
24.544000 25.152000 68
25.248000 25.632000 70
25.760000 26.272000 63
26.656000 26.944000 70
26.944000 27.360000 72
27.360000 27.776000 74
27.808000 28.320000 68
28.320000 28.608000 63
28.608000 29.152000 68
29.536000 29.600000 66
29.600000 29.984000 68
29.984000 30.400000 65
30.496000 31.648000 65
31.904000 32.160000 65
32.160000 32.416000 67
32.416000 32.864000 68
32.864000 33.248000 71
33.376000 33.888000 67
34.272000 34.560000 70
34.560000 34.976000 72
34.976000 35.264000 75
35.264000 35.904000 68
35.904000 36.224000 63
36.224000 37.920000 70
38.080000 38.560000 67
39.296000 39.488000 68
39.488000 39.904000 65
40.032000 40.160000 67
40.512000 40.736000 61
40.736000 41.024000 63
41.440000 41.824000 60
41.920000 42.624000 63
42.912000 43.072000 63
43.360000 44.096000 65
45.728000 46.208000 67
46.688000 46.816000 68
46.912000 47.040000 68
47.168000 47.392000 65
47.392000 48.000000 67
48.128000 48.672000 72
49.088000 49.248000 63
49.536000 49.856000 63
49.984000 50.752000 68
50.880000 51.392000 63
51.392000 52.096000 69
53.344000 54.048000 72
54.304000 54.432000 70
54.432000 55.072000 72
55.072000 55.520000 68
55.808000 56.064000 68
57.152000 57.312000 73
57.312000 58.016000 75
58.016000 59.488000 68
60.960000 61.632000 72
61.920000 62.752000 72
64.768000 65.696000 75
65.696000 67.552000 69
68.576000 69.088000 65
69.088000 69.536000 68
69.536000 70.112000 71
70.528000 71.040000 63
71.360000 71.840000 69
72.384000 72.864000 63
72.864000 73.664000 68
73.824000 74.144000 71
74.304000 74.432000 68
74.432000 74.752000 70
74.752000 74.944000 67
75.232000 75.904000 65
76.192000 76.672000 65
76.672000 76.960000 68
77.184000 77.728000 71
78.112000 78.592000 63
78.592000 78.816000 68
79.072000 79.168000 68
79.168000 79.488000 70
79.488000 79.712000 67
80.032000 80.480000 63
80.480000 81.312000 72
81.440000 82.528000 68
82.816000 83.328000 68
83.328000 85.024000 65
85.248000 85.504000 65
85.504000 86.560000 68
86.720000 87.200000 62
87.648000 87.744000 70
87.744000 88.576000 72
88.576000 89.312000 68
89.312000 89.536000 63
89.536000 90.240000 68
90.496000 90.560000 64
90.560000 90.880000 68
90.976000 92.608000 65
92.864000 93.088000 65
93.088000 93.632000 67
93.824000 94.144000 71
94.304000 94.848000 68
95.264000 95.328000 69
95.328000 95.424000 70
95.424000 95.872000 72
95.872000 96.160000 75
96.160000 96.960000 68
96.960000 97.152000 63
97.152000 97.216000 65
97.216000 99.104000 72
99.232000 99.328000 73
99.840000 100.992000 65
101.248000 101.344000 67
101.600000 101.920000 65
102.496000 102.752000 61
103.520000 104.064000 65
104.544000 104.736000 70
105.056000 106.048000 68
106.048000 106.208000 71
106.208000 106.912000 70
106.912000 107.776000 67
107.840000 108.736000 69
108.736000 108.800000 65
108.832000 108.896000 65
109.184000 109.600000 65
110.240000 110.464000 65
110.656000 110.816000 65
111.008000 111.616000 65
112.096000 112.448000 70
112.640000 112.864000 68
113.152000 113.344000 68
113.920000 114.432000 70
115.648000 115.744000 58
115.904000 116.224000 56
118.688000 119.328000 70
123.072000 123.168000 67
123.264000 123.360000 67
123.616000 123.840000 65
125.280000 126.848000 70
127.392000 128.192000 71
128.448000 129.536000 70
130.272000 130.528000 61
130.720000 130.912000 61
130.912000 131.072000 63
131.072000 131.456000 65
131.456000 131.936000 68
132.480000 132.512000 68
132.608000 132.832000 67
132.832000 133.280000 65
133.376000 133.632000 68
133.856000 134.336000 63
134.784000 135.072000 60
135.072000 135.392000 61
135.392000 137.600000 63
138.976000 139.072000 59
139.072000 139.712000 68
140.032000 140.384000 68
140.384000 140.864000 65
140.960000 141.344000 68
141.440000 142.272000 71
142.432000 143.328000 63
143.328000 143.744000 67
143.840000 144.320000 68
144.320000 144.736000 63
144.736000 145.600000 70
146.688000 147.488000 72
147.584000 147.744000 70
147.744000 148.416000 72
148.416000 149.248000 68
150.496000 150.656000 73
150.656000 151.360000 75
151.360000 153.152000 68
154.304000 154.976000 72
155.264000 155.392000 70
155.392000 156.032000 72
156.032000 156.416000 68
158.112000 159.040000 75
159.040000 160.832000 69
161.888000 162.400000 65
162.400000 162.880000 68
162.880000 163.456000 71
163.840000 164.288000 63
164.288000 165.152000 69
165.696000 166.208000 63
166.208000 167.008000 68
167.168000 167.456000 71
167.648000 167.776000 68
167.776000 168.064000 70
168.064000 168.288000 67
168.576000 169.248000 65
169.536000 170.016000 65
170.016000 170.368000 68
170.496000 170.624000 70
170.624000 170.912000 72
170.912000 171.136000 68
171.424000 171.936000 63
171.936000 172.160000 68
172.416000 172.960000 69
172.960000 173.120000 67
173.344000 173.824000 63
173.824000 174.688000 72
174.784000 175.840000 68
181.952000 182.112000 61
191.392000 191.872000 68
191.872000 193.664000 65
193.824000 194.080000 65
194.080000 195.136000 68
195.328000 195.776000 62
196.224000 196.320000 70
196.320000 197.152000 72
197.152000 197.824000 68
197.824000 198.112000 63
198.112000 198.816000 69
199.104000 199.168000 65
199.168000 199.488000 68
199.488000 201.312000 65
201.472000 201.664000 65
201.664000 202.176000 67
202.400000 202.848000 71
202.848000 203.456000 68
203.840000 203.904000 69
203.904000 204.000000 70
204.000000 204.448000 72
204.448000 204.736000 75
204.736000 205.536000 68
205.536000 205.728000 63
205.728000 205.760000 65
205.760000 207.808000 72
210.496000 210.880000 69
210.976000 211.232000 66
211.232000 211.808000 69
211.936000 213.120000 66
213.120000 214.272000 69
214.272000 214.912000 64
215.232000 215.296000 70
215.296000 215.936000 73
215.936000 216.192000 76
216.192000 216.256000 72
216.256000 216.896000 69
216.896000 217.216000 64
217.216000 217.856000 70
218.144000 218.528000 69
218.528000 220.768000 66
220.768000 221.440000 69
221.440000 221.824000 73
221.920000 222.592000 69
222.880000 223.520000 73
223.520000 223.808000 76
223.808000 223.872000 72
223.872000 224.512000 69
224.512000 224.832000 65
224.832000 226.784000 73
229.568000 230.816000 70
230.816000 232.320000 68
232.416000 233.248000 71
233.376000 233.568000 65
233.568000 233.888000 66
234.272000 234.336000 67
234.336000 235.008000 75
235.008000 235.264000 78
235.264000 235.968000 71
235.968000 236.256000 66
236.256000 236.832000 72
236.928000 237.056000 73
237.152000 238.496000 70
238.496000 238.944000 68
239.072000 239.328000 68
239.552000 239.936000 69
240.032000 240.512000 71
240.512000 240.992000 74
240.992000 241.696000 71
241.920000 242.624000 75
242.624000 242.880000 78
242.880000 244.160000 71
244.160000 247.712000 75
247.808000 247.936000 76
249.088000 249.728000 71
250.048000 250.304000 75
250.528000 251.008000 73
251.456000 253.600000 71
253.856000 254.112000 72
254.336000 254.592000 75
254.688000 254.784000 75
255.424000 255.616000 64
255.840000 255.936000 64
256.736000 256.928000 66
257.312000 257.408000 66
258.144000 258.304000 75
258.592000 259.488000 71
259.648000 261.088000 70
