22.400000 24.096000 63
24.288000 24.640000 65
24.800000 25.088000 65
25.184000 25.408000 61
27.136000 27.456000 60
27.456000 27.776000 54
27.872000 28.768000 63
28.896000 29.664000 61
29.824000 30.272000 57
30.368000 31.136000 58
33.344000 33.408000 63
33.408000 33.792000 66
33.792000 34.176000 63
34.432000 34.624000 63
34.784000 35.680000 65
35.776000 35.936000 66
36.128000 36.512000 67
38.208000 38.400000 61
38.400000 38.688000 54
38.848000 39.712000 63
40.224000 41.120000 62
41.216000 41.408000 63
41.568000 42.784000 65
44.352000 45.056000 63
45.184000 46.656000 63
46.752000 46.944000 64
47.104000 48.576000 61
48.672000 48.896000 61
48.896000 49.184000 59
49.184000 49.760000 61
49.952000 52.512000 59
52.608000 54.528000 57
54.560000 55.072000 57
55.296000 57.376000 63
57.536000 57.664000 63
57.664000 57.952000 65
58.144000 58.752000 61
58.944000 59.392000 61
59.392000 60.288000 60
60.288000 60.736000 61
60.864000 61.088000 59
61.184000 63.008000 59
63.008000 64.192000 58
64.640000 64.832000 63
64.832000 65.120000 58
65.248000 65.312000 63
65.312000 65.696000 66
65.888000 66.016000 64
66.016000 66.080000 66
66.080000 66.880000 69
66.976000 67.200000 70
67.328000 67.552000 70
67.744000 68.384000 62
68.544000 70.240000 70
70.400000 70.624000 71
70.720000 71.136000 72
71.424000 71.520000 70
71.520000 71.680000 72
71.680000 71.872000 68
71.968000 73.248000 69
73.408000 73.472000 66
73.472000 73.760000 67
74.016000 76.608000 65
76.992000 78.880000 69
78.976000 79.168000 63
79.168000 79.520000 65
79.520000 80.864000 71
81.024000 81.248000 71
81.376000 81.760000 71
81.856000 82.112000 71
82.432000 82.656000 72
82.752000 84.480000 69
84.672000 84.832000 66
85.248000 85.440000 66
85.440000 87.776000 64
88.192000 90.784000 70
90.944000 93.728000 70
95.136000 96.064000 70
96.064000 98.144000 65
99.168000 99.328000 68
99.328000 107.040000 70
107.040000 109.120000 65
109.472000 109.888000 70
110.208000 111.584000 75
111.936000 112.352000 75
113.536000 113.760000 70
115.872000 117.728000 75
118.656000 118.912000 75
126.336000 126.496000 63
127.008000 127.488000 63
132.096000 132.256000 64
132.256000 132.480000 66
132.480000 134.400000 63
134.496000 134.784000 65
134.880000 135.200000 61
136.896000 137.184000 60
137.184000 137.536000 55
137.632000 138.528000 63
138.720000 139.456000 61
139.584000 139.968000 57
140.128000 140.736000 57
143.072000 143.776000 64
143.776000 144.256000 63
144.448000 145.664000 65
145.824000 146.240000 68
147.936000 148.128000 61
148.128000 148.576000 54
148.576000 149.344000 62
149.600000 149.920000 53
149.920000 151.136000 63
151.296000 153.056000 65
153.152000 153.248000 65
154.016000 157.632000 63
157.664000 158.144000 61
158.272000 159.488000 61
159.488000 160.608000 59
160.736000 161.056000 58
161.056000 162.176000 59
162.272000 163.232000 57
163.328000 163.552000 58
163.808000 164.192000 56
164.320000 164.768000 57
165.024000 165.952000 63
166.080000 167.744000 63
167.936000 168.032000 61
168.160000 169.504000 61
169.504000 171.712000 59
171.744000 171.808000 59
171.872000 172.832000 59
172.832000 173.664000 57
173.760000 173.888000 58
173.888000 174.016000 62
174.272000 174.496000 63
174.656000 174.880000 58
174.880000 174.944000 59
174.944000 175.136000 64
175.328000 175.648000 63
175.648000 175.712000 64
175.712000 177.280000 69
177.376000 177.568000 69
177.888000 178.080000 66
178.240000 179.296000 70
179.424000 179.968000 71
180.128000 180.832000 71
181.152000 181.248000 70
181.248000 181.376000 73
181.472000 183.328000 69
183.328000 183.520000 66
183.744000 185.216000 65
185.312000 186.272000 63
186.720000 188.576000 69
188.736000 188.896000 63
188.896000 189.184000 66
189.184000 190.592000 71
190.720000 190.944000 71
191.072000 191.808000 71
192.096000 192.352000 71
192.480000 194.176000 69
194.720000 194.848000 64
194.848000 195.264000 66
195.360000 195.648000 58
195.872000 196.000000 65
196.000000 196.192000 60
196.192000 197.600000 63
198.080000 198.176000 63
198.304000 199.552000 63
199.808000 200.640000 66
201.408000 201.536000 70
202.144000 202.336000 69
202.432000 203.136000 69
203.136000 205.152000 75
206.400000 206.496000 65
206.624000 207.904000 65
208.064000 208.480000 65
214.752000 214.848000 63
218.720000 219.008000 65
219.936000 220.064000 63
231.072000 231.200000 63
232.800000 232.960000 63
233.088000 233.248000 63
241.120000 241.248000 61
241.248000 241.536000 63
241.536000 242.368000 66
242.464000 243.360000 64
243.360000 243.712000 66
243.872000 244.416000 69
244.576000 244.704000 63
244.704000 244.832000 65
244.928000 246.464000 65
246.624000 246.976000 63
246.976000 247.904000 65
248.000000 248.768000 64
248.768000 249.184000 66
249.280000 249.536000 66
249.760000 249.856000 64
252.160000 252.224000 60
252.224000 252.448000 63
252.448000 252.704000 65
252.800000 253.024000 65
253.152000 253.344000 66
253.504000 253.856000 65
253.856000 254.240000 63
254.240000 254.976000 66
254.976000 255.136000 70
255.232000 255.424000 68
255.552000 255.808000 64
255.904000 257.856000 65
257.952000 258.208000 65
258.304000 258.944000 66
258.944000 259.648000 65
259.648000 260.576000 73
260.704000 260.896000 68
261.024000 261.664000 70
264.448000 265.504000 75
265.504000 267.104000 73
267.104000 268.224000 68
268.352000 268.640000 68
269.280000 269.344000 59
269.344000 269.824000 66
269.952000 271.264000 66
272.000000 272.192000 59
272.192000 272.416000 61
272.704000 272.768000 61
272.768000 273.280000 65
273.408000 275.488000 63
275.776000 275.904000 63
276.000000 276.096000 63
277.056000 281.312000 63
