11.456000 11.840000 61
11.936000 12.192000 55
12.192000 12.832000 58
12.928000 13.344000 62
13.440000 13.728000 61
13.888000 14.112000 55
14.112000 15.040000 58
15.328000 15.712000 61
15.808000 15.936000 55
16.032000 16.288000 57
16.288000 16.480000 58
16.480000 17.856000 60
17.952000 18.176000 57
18.176000 18.432000 58
18.432000 18.880000 61
19.136000 19.520000 61
19.648000 19.776000 55
19.904000 20.512000 58
20.608000 20.800000 62
21.120000 21.376000 61
21.568000 21.696000 55
21.792000 22.752000 58
23.040000 23.296000 61
23.488000 23.712000 55
23.712000 23.968000 57
23.968000 24.672000 60
24.928000 25.248000 59
25.408000 26.592000 57
26.848000 27.104000 62
27.328000 27.552000 55
27.552000 28.192000 58
28.288000 28.544000 62
28.736000 29.088000 61
29.280000 29.472000 55
29.472000 30.112000 58
30.240000 30.432000 58
30.688000 31.040000 62
31.232000 31.424000 55
31.424000 31.648000 57
31.648000 32.864000 61
33.056000 33.696000 58
33.792000 34.272000 61
34.528000 34.976000 61
34.976000 35.712000 57
35.712000 35.904000 60
36.000000 36.224000 62
36.416000 36.800000 60
36.928000 37.152000 55
37.152000 37.504000 57
37.632000 37.984000 59
38.336000 38.656000 60
38.848000 39.040000 55
39.040000 39.232000 58
39.328000 39.680000 59
39.808000 40.000000 62
40.288000 40.608000 60
40.736000 41.152000 62
41.248000 42.432000 62
42.432000 42.944000 62
43.136000 43.328000 62
43.424000 43.648000 57
43.648000 43.840000 62
44.096000 44.320000 62
44.320000 44.800000 60
44.800000 45.056000 57
45.248000 45.792000 62
45.792000 46.016000 67
46.016000 46.720000 62
46.720000 47.456000 58
47.456000 47.648000 62
47.936000 48.928000 61
49.184000 49.312000 62
49.408000 49.632000 62
49.632000 49.856000 67
49.856000 50.080000 62
50.080000 50.720000 60
50.816000 51.040000 62
51.040000 51.328000 57
51.328000 51.520000 62
51.776000 52.000000 62
52.192000 52.480000 62
52.480000 52.960000 57
52.960000 53.472000 62
53.472000 53.664000 67
53.664000 54.400000 62
54.400000 55.072000 58
55.168000 55.808000 62
55.808000 56.128000 58
56.128000 57.280000 67
72.864000 73.152000 61
73.376000 73.632000 55
73.632000 73.888000 57
73.888000 74.560000 60
74.848000 75.104000 61
75.328000 75.552000 55
75.552000 76.512000 58
76.768000 77.056000 61
77.504000 78.016000 58
78.208000 78.432000 62
78.432000 78.624000 61
78.624000 79.488000 59
79.648000 79.776000 58
79.872000 80.128000 60
80.128000 80.352000 62
80.640000 80.896000 62
81.088000 81.472000 55
81.568000 81.760000 58
81.760000 81.952000 60
82.080000 82.272000 62
82.496000 82.880000 62
82.944000 83.104000 55
83.488000 84.224000 58
84.416000 84.736000 61
84.928000 85.056000 55
85.152000 85.376000 57
85.376000 85.632000 58
85.632000 86.144000 61
86.368000 86.656000 59
86.816000 87.456000 57
87.552000 87.776000 57
87.872000 88.000000 55
88.288000 88.704000 62
88.704000 89.472000 57
89.472000 89.984000 61
90.176000 90.592000 62
90.592000 90.816000 55
90.944000 91.584000 58
91.680000 91.872000 58
92.160000 92.480000 61
92.576000 92.832000 55
92.832000 93.088000 57
93.088000 93.728000 60
93.824000 94.048000 61
94.048000 94.656000 59
94.752000 94.976000 57
94.976000 95.232000 58
95.232000 95.744000 61
95.968000 96.352000 61
96.448000 96.640000 55
96.640000 97.408000 58
97.408000 97.632000 62
97.888000 98.336000 62
98.336000 99.552000 58
99.808000 99.872000 58
99.872000 100.032000 62
100.256000 100.704000 56
100.800000 100.960000 58
100.960000 101.472000 60
101.760000 102.336000 59
102.464000 102.880000 57
102.880000 102.976000 62
103.168000 103.392000 62
103.392000 103.584000 67
103.584000 103.840000 62
103.840000 104.096000 60
104.096000 104.320000 62
104.320000 104.896000 58
104.896000 105.280000 61
105.504000 105.696000 62
105.920000 106.208000 62
106.208000 106.656000 57
106.656000 106.944000 62
107.040000 107.232000 62
107.232000 107.424000 67
107.424000 108.160000 62
108.160000 108.896000 58
108.896000 109.088000 62
109.376000 109.568000 62
109.760000 110.048000 62
110.048000 110.592000 57
110.592000 111.968000 62
112.064000 112.256000 58
112.256000 112.448000 62
112.448000 112.736000 57
112.736000 113.120000 62
113.216000 113.472000 62
113.472000 113.696000 58
113.696000 113.888000 62
113.888000 114.368000 57
114.368000 114.944000 62
114.944000 115.136000 67
115.136000 115.360000 62
115.360000 116.768000 60
116.960000 117.216000 62
117.440000 117.792000 62
117.792000 118.688000 67
137.472000 137.632000 62
137.760000 137.952000 62
137.952000 138.176000 67
138.176000 138.432000 62
138.432000 139.392000 61
139.392000 139.616000 57
139.616000 139.872000 62
140.096000 140.288000 62
140.512000 140.800000 62
140.800000 141.088000 57
141.280000 142.720000 62
142.720000 142.976000 58
142.976000 143.168000 62
143.264000 143.488000 57
143.488000 143.648000 62
143.744000 143.872000 66
143.872000 144.128000 62
144.320000 144.384000 58
144.384000 144.608000 62
144.608000 144.864000 57
145.152000 145.632000 62
145.632000 145.760000 67
145.760000 145.856000 65
145.856000 146.048000 62
146.048000 146.304000 60
146.304000 146.560000 62
146.560000 147.296000 58
147.296000 147.488000 62
147.584000 147.744000 56
147.744000 147.936000 62
148.192000 148.416000 62
148.512000 148.768000 57
148.992000 149.440000 62
149.440000 149.664000 67
149.664000 149.952000 62
150.048000 150.336000 61
150.432000 150.624000 58
150.624000 150.880000 62
150.880000 151.040000 57
151.136000 152.256000 62
152.352000 152.608000 57
152.832000 153.312000 62
153.312000 156.672000 67
156.800000 159.456000 67
159.584000 160.480000 66
160.640000 163.296000 67
163.392000 166.912000 67
167.040000 167.232000 62
167.232000 167.648000 65
167.744000 168.320000 67
168.320000 168.672000 62
168.672000 168.928000 67
168.928000 169.152000 62
169.152000 169.376000 60
169.376000 169.600000 62
169.600000 170.592000 58
170.624000 170.720000 66
170.848000 171.040000 62
171.040000 171.296000 58
171.296000 171.456000 62
171.456000 171.872000 57
171.872000 172.032000 62
172.032000 172.160000 63
172.160000 172.288000 65
172.288000 172.736000 66
172.736000 172.960000 62
172.960000 174.432000 60
174.656000 174.848000 62
175.040000 175.328000 62
175.328000 175.872000 57
175.872000 176.352000 62
176.352000 179.744000 67
179.744000 182.048000 62
182.336000 183.072000 62
183.072000 186.528000 67
186.656000 188.288000 67
188.384000 188.512000 69
188.608000 190.656000 67
190.752000 191.136000 66
191.232000 194.016000 67
194.112000 195.936000 67
196.032000 196.224000 70
196.224000 196.416000 67
196.544000 197.856000 67
197.952000 198.144000 70
198.144000 198.336000 66
198.432000 199.872000 67
202.240000 202.400000 60
202.400000 202.496000 58
202.496000 202.688000 54
202.912000 203.712000 52
