41.216000 41.408000 51
41.408000 41.856000 53
41.952000 42.464000 58
43.296000 43.680000 58
43.776000 43.872000 56
44.000000 44.192000 57
44.320000 44.544000 55
44.640000 44.736000 54
45.376000 45.568000 50
45.664000 45.824000 52
45.920000 46.080000 55
46.208000 46.624000 59
46.720000 47.520000 59
47.520000 48.032000 53
48.096000 48.768000 57
49.696000 49.760000 58
49.760000 49.888000 61
49.888000 49.952000 59
49.952000 50.048000 58
50.048000 50.176000 57
50.176000 50.560000 55
50.560000 51.072000 59
51.840000 52.000000 62
52.000000 52.096000 60
52.096000 52.480000 56
52.576000 52.736000 55
52.864000 53.312000 55
54.016000 54.112000 49
54.208000 54.400000 52
54.496000 54.816000 55
54.816000 55.456000 59
55.456000 55.712000 55
55.872000 56.096000 56
56.096000 56.224000 54
56.224000 56.640000 52
56.640000 57.024000 56
57.152000 58.016000 55
58.016000 58.272000 53
61.472000 61.536000 53
61.536000 61.632000 55
61.632000 62.080000 58
62.240000 62.368000 55
62.368000 63.328000 59
63.712000 64.288000 57
64.288000 64.736000 55
64.896000 65.152000 58
65.504000 65.888000 59
66.048000 66.304000 60
66.336000 66.432000 59
66.432000 66.496000 58
66.496000 66.976000 55
67.168000 67.392000 57
67.392000 68.448000 63
68.576000 68.672000 62
68.768000 69.728000 62
71.104000 71.200000 62
71.328000 71.808000 62
71.936000 72.384000 67
72.480000 72.704000 63
72.704000 72.864000 60
72.992000 73.312000 62
73.504000 73.952000 63
74.240000 75.264000 57
75.488000 75.872000 55
76.000000 76.096000 54
76.256000 76.320000 54
76.320000 76.480000 56
76.480000 77.184000 59
77.280000 77.440000 62
77.440000 77.952000 58
78.048000 78.272000 55
78.848000 79.104000 62
79.104000 79.264000 64
79.392000 80.064000 62
80.512000 80.928000 67
81.024000 81.280000 63
81.280000 81.440000 59
81.568000 81.888000 62
82.080000 82.240000 63
82.240000 82.528000 64
83.040000 83.584000 57
83.680000 84.032000 57
84.224000 84.448000 55
84.800000 85.056000 57
85.056000 85.280000 59
85.280000 85.504000 57
85.504000 86.592000 58
86.688000 86.880000 55
87.168000 87.392000 52
87.392000 88.512000 55
89.024000 89.088000 58
89.088000 89.728000 62
89.728000 90.048000 63
90.176000 90.432000 59
90.432000 90.784000 55
90.944000 91.200000 57
91.424000 92.128000 58
92.288000 93.184000 55
93.952000 94.048000 52
94.496000 94.816000 55
95.520000 95.680000 58
95.712000 96.000000 61
96.320000 96.576000 56
96.640000 96.960000 55
97.632000 97.696000 55
97.696000 97.952000 59
97.952000 98.144000 61
98.144000 98.656000 57
98.656000 98.720000 55
98.720000 99.328000 53
99.328000 99.936000 56
100.032000 101.024000 59
102.976000 103.648000 55
104.160000 104.288000 59
104.288000 104.544000 62
104.544000 104.576000 60
104.576000 104.832000 58
104.832000 105.728000 55
106.208000 106.464000 64
106.464000 107.168000 62
107.168000 107.648000 58
107.712000 109.120000 55
111.520000 111.808000 58
118.240000 118.432000 50
118.528000 118.688000 52
118.784000 118.976000 55
119.040000 119.520000 58
120.480000 120.864000 58
120.960000 121.088000 55
121.184000 121.376000 57
121.504000 122.048000 55
122.560000 122.784000 50
122.784000 123.072000 52
123.072000 123.264000 55
123.424000 123.808000 59
123.904000 124.160000 59
124.160000 124.800000 60
124.800000 124.864000 56
124.864000 125.312000 53
125.312000 125.664000 58
125.760000 126.624000 57
126.784000 126.848000 58
126.848000 127.008000 62
127.104000 127.296000 57
127.296000 127.648000 55
127.648000 128.128000 59
128.960000 129.248000 62
129.248000 129.408000 57
129.504000 129.664000 55
129.760000 129.920000 55
130.048000 130.560000 55
131.360000 131.584000 52
131.680000 131.808000 55
131.904000 131.968000 55
131.968000 132.608000 60
132.608000 132.768000 54
133.056000 133.248000 57
133.248000 133.344000 55
133.344000 133.888000 52
133.888000 134.112000 57
134.304000 135.744000 55
136.480000 136.832000 56
137.024000 137.472000 55
138.624000 138.688000 55
138.688000 138.912000 56
138.912000 139.456000 58
139.584000 140.480000 58
140.768000 140.832000 55
140.832000 141.376000 57
141.536000 141.856000 55
141.920000 142.496000 59
142.592000 142.976000 59
143.136000 143.552000 59
143.680000 144.064000 55
144.224000 144.416000 57
144.416000 144.512000 59
144.512000 145.024000 64
145.280000 146.560000 50
147.168000 147.232000 57
147.232000 147.456000 60
147.456000 147.584000 63
147.712000 147.872000 64
147.968000 148.352000 62
148.480000 148.960000 62
149.056000 149.120000 65
149.120000 149.536000 66
149.536000 150.048000 62
150.144000 150.496000 62
150.656000 151.136000 63
151.424000 152.288000 57
152.416000 152.480000 57
152.736000 153.056000 55
153.408000 153.600000 57
153.600000 154.304000 59
154.400000 154.560000 62
154.560000 155.040000 58
155.200000 155.392000 55
155.776000 155.872000 62
156.000000 156.224000 62
156.224000 156.416000 64
156.544000 157.184000 62
157.632000 158.080000 67
158.080000 158.592000 62
158.688000 159.680000 62
159.808000 160.736000 57
160.832000 161.120000 57
161.408000 161.632000 55
161.920000 161.984000 55
161.984000 162.144000 57
162.144000 162.976000 59
162.976000 163.136000 62
163.232000 163.712000 57
163.808000 163.968000 55
164.320000 164.480000 51
164.480000 164.544000 52
164.544000 165.728000 55
166.208000 166.272000 61
166.272000 166.400000 64
166.400000 167.200000 62
167.200000 167.616000 58
167.616000 167.808000 55
168.064000 168.224000 57
168.608000 169.216000 58
169.376000 170.240000 56
170.240000 170.336000 61
170.336000 170.592000 67
178.528000 178.688000 62
179.584000 179.840000 67
180.000000 180.096000 67
180.928000 181.024000 67
182.496000 182.592000 67
187.616000 188.064000 67
188.064000 188.416000 63
188.416000 188.608000 59
188.704000 189.024000 62
189.216000 189.632000 63
189.632000 189.696000 60
190.048000 190.304000 58
190.304000 191.136000 57
191.136000 191.616000 55
192.224000 192.896000 58
192.992000 193.152000 62
193.280000 193.664000 58
193.792000 193.952000 55
194.336000 194.432000 60
194.592000 194.656000 60
194.656000 194.720000 61
194.720000 195.008000 63
195.136000 195.680000 62
196.224000 196.704000 67
196.704000 197.216000 61
197.312000 197.632000 62
197.760000 198.272000 63
198.272000 199.328000 57
199.424000 199.776000 57
199.936000 200.224000 55
200.672000 201.568000 59
201.568000 202.304000 62
202.304000 202.592000 59
202.912000 203.136000 52
203.136000 204.384000 56
204.384000 204.480000 61
204.480000 204.640000 64
204.768000 204.832000 65
204.832000 205.216000 67
205.216000 205.504000 64
205.504000 205.536000 62
205.536000 205.824000 59
205.824000 206.976000 62
206.976000 207.072000 57
207.136000 207.616000 57
207.712000 207.808000 57
207.968000 208.672000 55
209.120000 209.312000 56
209.312000 210.112000 58
210.112000 211.200000 62
211.520000 212.128000 65
212.288000 212.384000 63
212.544000 212.800000 62
213.408000 213.888000 67
213.888000 214.080000 64
214.176000 214.304000 59
214.432000 215.360000 62
215.488000 216.512000 57
216.800000 216.928000 55
217.088000 217.312000 55
217.664000 218.080000 58
218.176000 218.400000 57
218.400000 218.688000 59
218.688000 219.840000 62
220.384000 220.576000 56
220.672000 220.864000 58
220.864000 221.408000 55
221.888000 222.080000 64
222.176000 222.912000 62
223.040000 223.232000 58
223.232000 223.584000 55
223.776000 223.968000 57
224.320000 224.960000 58
225.184000 225.504000 54
225.504000 225.664000 55
225.664000 225.728000 56
225.728000 225.824000 58
225.824000 226.112000 62
227.328000 227.680000 55
228.384000 228.576000 59
228.576000 228.864000 61
228.992000 229.440000 57
229.504000 229.856000 55
230.464000 230.528000 55
230.528000 230.560000 56
230.560000 230.624000 58
230.624000 230.912000 61
231.008000 231.104000 59
231.584000 231.744000 55
231.744000 232.192000 53
232.352000 232.416000 54
232.416000 232.768000 57
232.864000 233.952000 59
235.168000 235.200000 50
235.840000 236.288000 55
236.384000 236.512000 57
237.024000 237.152000 59
237.152000 237.408000 62
237.408000 237.440000 59
237.440000 237.952000 57
237.952000 238.528000 55
239.040000 239.104000 55
239.104000 239.328000 59
239.328000 239.968000 62
240.096000 240.352000 59
240.352000 241.280000 55
241.504000 241.568000 62
241.568000 241.600000 64
241.600000 241.760000 65
241.760000 241.920000 66
241.920000 243.392000 67
243.520000 243.648000 66
244.704000 245.824000 70
245.824000 246.240000 67
247.616000 248.576000 67
248.704000 248.800000 67
249.728000 251.488000 70
251.872000 252.256000 62
252.320000 252.480000 64
252.480000 252.704000 66
254.048000 254.368000 66
255.008000 255.104000 67
255.808000 255.904000 67
258.592000 259.456000 71
259.968000 260.224000 67
260.352000 260.448000 67
268.928000 270.560000 71
288.992000 289.312000 70
291.648000 291.904000 71
292.512000 292.672000 67
292.768000 292.960000 67
296.192000 296.288000 55
297.728000 297.856000 53
298.208000 298.304000 53
305.408000 305.600000 63
305.728000 306.240000 65
308.160000 308.320000 66
308.704000 308.864000 60
309.664000 309.760000 69
310.016000 310.112000 69
310.464000 310.560000 69
312.128000 312.768000 66
314.784000 314.848000 66
314.912000 314.944000 66
315.616000 315.712000 67
316.928000 317.248000 59
318.528000 318.624000 57
319.168000 319.200000 58
319.264000 319.296000 58
319.360000 319.424000 59
319.456000 319.488000 59
319.552000 319.680000 59
320.288000 320.480000 58
322.560000 322.656000 62
323.424000 323.584000 62
323.776000 323.808000 62
324.544000 324.640000 63
326.976000 327.328000 55
327.584000 327.712000 56
328.672000 328.768000 59
337.184000 337.472000 66
339.392000 340.640000 67
340.640000 341.280000 70
341.376000 342.976000 70
342.976000 343.168000 66
343.328000 343.424000 62
343.584000 343.808000 62
343.904000 344.512000 71
344.608000 344.832000 71
350.240000 351.040000 70
351.040000 351.424000 67
351.616000 351.840000 67
352.000000 352.032000 66
360.736000 362.208000 71
362.304000 362.400000 71
