0.864000 2.272000 55
2.496000 2.912000 64
3.072000 3.424000 69
3.520000 4.928000 67
4.928000 5.376000 65
5.376000 6.272000 62
7.200000 7.520000 60
7.520000 7.840000 62
7.840000 8.192000 65
8.352000 10.368000 69
10.560000 10.944000 59
10.944000 11.328000 62
11.424000 11.584000 62
12.768000 12.960000 65
15.872000 17.280000 62
17.536000 17.600000 65
17.600000 18.368000 68
19.008000 19.200000 63
19.552000 19.968000 60
19.968000 20.224000 62
21.024000 21.120000 62
21.248000 21.344000 62
21.568000 21.952000 64
21.952000 22.368000 67
22.496000 23.104000 64
23.776000 24.736000 63
24.960000 27.232000 62
27.328000 27.680000 67
27.680000 29.536000 70
29.664000 30.720000 67
31.136000 32.544000 64
32.704000 34.080000 67
34.176000 36.640000 62
36.800000 37.184000 63
37.280000 39.872000 59
39.968000 40.288000 57
40.416000 40.672000 59
40.672000 41.056000 62
41.152000 42.752000 59
43.040000 44.896000 63
44.992000 45.312000 64
45.312000 47.072000 67
47.072000 48.864000 69
49.216000 49.472000 61
49.568000 50.944000 67
51.168000 53.248000 71
53.472000 55.200000 71
55.520000 57.248000 69
57.376000 58.496000 69
58.496000 61.408000 64
61.856000 62.272000 58
62.272000 63.392000 59
63.392000 64.416000 62
64.512000 64.576000 59
64.576000 64.608000 60
64.608000 64.736000 62
64.736000 65.600000 64
65.696000 65.792000 69
65.792000 67.264000 64
67.648000 68.384000 68
68.384000 69.344000 69
69.344000 69.952000 71
69.952000 71.488000 74
71.488000 73.664000 67
76.480000 77.120000 60
78.752000 78.944000 62
82.144000 82.496000 62
83.008000 83.104000 62
83.264000 83.488000 58
83.488000 84.160000 59
84.160000 84.928000 56
85.440000 85.984000 61
90.048000 90.144000 66
90.368000 90.656000 63
90.752000 91.680000 59
91.904000 92.064000 61
92.064000 92.288000 64
92.288000 93.856000 62
93.856000 94.848000 65
94.976000 95.360000 71
95.520000 96.896000 67
97.280000 100.672000 63
100.672000 102.784000 70
102.912000 104.096000 67
104.384000 105.568000 64
105.568000 106.560000 67
106.656000 107.136000 66
107.136000 109.920000 62
110.080000 110.304000 63
110.560000 111.936000 59
112.064000 112.192000 60
112.192000 113.984000 59
113.984000 115.808000 59
116.224000 116.928000 62
116.928000 118.464000 64
118.464000 118.784000 67
118.784000 122.080000 69
122.208000 122.496000 61
122.496000 122.656000 62
122.656000 124.064000 67
124.224000 124.832000 71
124.960000 125.568000 71
125.696000 126.912000 72
126.912000 128.128000 70
128.448000 131.648000 69
131.648000 132.064000 67
132.064000 134.272000 64
134.688000 134.976000 58
135.072000 136.160000 59
136.160000 137.504000 60
137.504000 137.856000 63
137.856000 140.192000 65
140.512000 141.152000 67
141.152000 142.208000 69
142.208000 142.752000 71
142.752000 143.744000 74
143.744000 144.192000 71
144.192000 144.352000 69
144.352000 146.784000 67
146.784000 149.248000 63
149.504000 149.728000 59
149.728000 151.936000 63
152.224000 152.320000 62
153.056000 153.216000 62
153.312000 153.632000 64
153.632000 154.560000 62
154.752000 155.424000 63
156.256000 156.896000 56
156.960000 157.024000 55
157.056000 157.248000 55
157.376000 157.504000 55
157.696000 158.048000 56
158.336000 158.848000 62
159.168000 161.376000 62
161.504000 161.888000 68
161.888000 163.776000 71
163.872000 164.928000 67
165.408000 166.400000 64
166.400000 168.320000 67
168.320000 171.392000 62
171.488000 174.976000 59
174.976000 175.968000 60
176.128000 176.864000 59
177.184000 177.920000 62
177.920000 179.520000 64
179.520000 179.744000 67
179.744000 179.840000 63
179.840000 182.944000 69
183.232000 183.616000 61
183.712000 185.088000 67
185.248000 189.312000 71
189.760000 191.136000 69
191.136000 191.264000 72
191.456000 192.672000 69
192.672000 195.264000 65
195.840000 196.160000 58
196.160000 197.248000 59
197.248000 198.624000 60
198.624000 199.584000 64
199.680000 199.776000 69
199.776000 201.312000 65
201.664000 203.136000 69
203.232000 203.392000 70
203.392000 203.872000 72
203.872000 204.960000 74
204.960000 207.616000 67
207.808000 208.224000 65
208.352000 208.512000 57
208.672000 208.896000 60
209.056000 209.248000 61
209.472000 209.856000 63
210.016000 210.176000 66
210.176000 211.424000 70
211.520000 211.872000 59
212.096000 212.448000 59
213.024000 213.088000 67
213.120000 213.952000 67
