4.160000 4.544000 64
4.640000 4.736000 62
4.896000 5.344000 61
5.568000 5.856000 60
5.856000 6.240000 62
6.368000 6.688000 59
6.784000 7.040000 62
7.264000 7.520000 59
7.520000 8.416000 61
8.416000 8.640000 54
8.832000 9.280000 53
11.808000 11.872000 61
11.872000 12.160000 64
12.288000 12.448000 63
12.448000 12.768000 61
12.768000 13.088000 58
13.280000 13.824000 62
13.984000 14.240000 58
14.240000 14.688000 61
15.008000 15.552000 59
15.680000 16.096000 68
16.096000 16.256000 65
16.416000 16.608000 65
16.608000 17.728000 62
17.728000 18.432000 65
20.000000 20.128000 62
20.128000 20.320000 60
20.448000 20.800000 61
20.960000 22.048000 60
22.144000 22.272000 60
22.400000 23.040000 62
23.872000 24.192000 60
24.320000 24.864000 60
25.024000 25.568000 60
25.728000 26.016000 62
26.016000 26.112000 60
26.112000 26.816000 53
27.648000 27.968000 61
28.160000 28.736000 60
28.800000 29.152000 61
29.280000 29.920000 60
30.016000 30.624000 62
31.584000 32.608000 58
32.736000 33.120000 60
33.440000 33.792000 60
33.920000 34.592000 60
49.920000 50.496000 54
50.688000 50.976000 58
51.168000 51.648000 58
51.648000 52.000000 64
52.160000 52.512000 62
52.608000 53.760000 58
54.080000 54.176000 58
54.176000 54.912000 60
55.040000 55.392000 59
55.488000 55.648000 60
55.648000 56.128000 58
56.128000 56.736000 60
57.760000 57.952000 59
57.952000 58.176000 61
58.400000 58.656000 63
58.688000 58.816000 59
58.816000 59.040000 60
59.040000 59.808000 58
59.808000 60.160000 62
60.288000 60.544000 63
60.832000 61.440000 58
61.664000 61.728000 57
61.728000 61.792000 58
61.792000 63.168000 62
63.168000 63.488000 68
63.680000 63.840000 63
63.840000 64.512000 65
64.512000 65.120000 60
65.120000 66.560000 62
66.560000 67.136000 58
67.264000 67.680000 62
67.808000 68.000000 58
68.000000 68.448000 61
68.768000 68.864000 58
68.960000 69.856000 61
69.856000 70.816000 53
73.216000 73.280000 61
73.280000 73.824000 64
73.984000 74.176000 61
74.176000 74.496000 58
74.688000 74.976000 60
74.976000 75.488000 62
75.648000 76.128000 60
76.416000 76.960000 60
77.088000 77.248000 67
77.248000 77.440000 69
77.440000 78.080000 65
78.080000 78.624000 62
78.816000 82.944000 65
83.040000 83.264000 65
83.840000 84.096000 65
84.192000 84.320000 68
84.544000 84.800000 73
85.024000 85.152000 70
85.280000 85.536000 71
85.632000 85.760000 74
85.984000 86.144000 70
86.304000 86.592000 72
86.784000 86.976000 70
87.072000 87.200000 69
87.424000 87.680000 71
87.776000 87.936000 74
88.032000 88.128000 70
88.224000 88.416000 72
88.512000 89.120000 72
89.344000 89.600000 71
89.696000 89.888000 73
89.888000 89.952000 70
90.112000 90.560000 73
91.552000 91.776000 65
91.872000 92.032000 63
92.224000 92.512000 73
92.512000 92.576000 70
92.640000 92.928000 65
92.928000 93.280000 72
93.664000 94.240000 71
94.368000 94.688000 70
95.136000 95.360000 72
95.456000 95.584000 69
95.872000 96.064000 72
96.064000 96.416000 69
97.024000 97.088000 70
97.088000 97.344000 72
97.344000 97.728000 70
100.128000 100.256000 66
100.256000 100.704000 69
100.864000 101.952000 65
104.480000 104.800000 72
104.992000 105.184000 72
105.184000 105.408000 69
105.696000 106.304000 67
107.840000 107.904000 66
107.904000 108.032000 67
108.032000 108.704000 69
108.704000 109.728000 65
111.712000 112.416000 60
112.768000 112.992000 59
113.280000 113.568000 58
113.920000 113.984000 58
113.984000 114.464000 60
114.560000 115.616000 60
115.744000 115.968000 60
115.968000 117.184000 62
117.952000 118.272000 60
118.368000 118.976000 60
119.136000 119.680000 60
119.808000 120.096000 62
120.096000 120.256000 60
121.792000 122.048000 61
122.240000 122.688000 60
122.912000 124.064000 60
124.160000 124.800000 62
125.600000 126.368000 58
126.528000 127.392000 58
127.520000 128.544000 60
128.800000 129.216000 54
129.408000 129.632000 58
129.920000 130.336000 58
130.336000 130.720000 64
130.880000 131.200000 62
131.360000 132.544000 58
132.800000 133.600000 60
133.728000 134.112000 60
134.208000 134.368000 60
134.368000 134.848000 58
134.848000 135.488000 60
136.480000 136.608000 58
136.608000 136.896000 61
137.120000 137.344000 63
137.472000 137.792000 60
137.792000 138.720000 58
138.720000 138.880000 62
139.008000 139.360000 63
139.552000 140.192000 58
140.448000 140.576000 59
140.576000 141.824000 62
141.824000 142.272000 68
142.304000 142.368000 67
142.368000 142.592000 63
142.592000 143.232000 65
143.232000 145.408000 62
145.408000 145.824000 58
145.984000 146.400000 62
146.528000 146.720000 58
146.720000 147.168000 61
147.488000 147.584000 58
147.680000 148.576000 61
148.576000 149.632000 53
151.936000 152.064000 62
152.064000 152.544000 64
152.704000 152.896000 61
152.896000 153.216000 58
153.408000 154.112000 61
154.368000 154.848000 60
155.136000 155.680000 60
155.840000 155.968000 67
155.968000 156.160000 69
156.160000 156.800000 65
156.800000 157.344000 62
157.536000 158.144000 65
160.352000 160.672000 56
161.696000 162.720000 56
162.976000 163.456000 60
164.000000 164.224000 57
164.480000 165.088000 57
165.248000 165.376000 57
166.048000 166.144000 56
166.400000 166.496000 56
167.520000 167.744000 55
167.744000 168.064000 57
168.064000 168.320000 54
168.480000 168.576000 53
169.472000 169.920000 53
169.920000 170.368000 55
170.592000 171.392000 61
171.744000 171.968000 57
172.160000 172.832000 57
173.056000 173.184000 60
173.600000 174.144000 57
174.240000 174.976000 58
178.624000 178.880000 73
179.104000 179.232000 65
179.328000 179.840000 72
180.064000 180.224000 70
180.416000 180.576000 72
180.704000 180.768000 72
180.800000 181.280000 69
181.472000 181.760000 71
181.856000 181.984000 74
182.112000 182.208000 70
182.304000 183.200000 72
183.424000 183.680000 71
183.776000 183.936000 74
183.936000 184.096000 70
184.192000 184.640000 73
185.600000 185.856000 65
185.952000 186.080000 68
186.304000 186.560000 73
186.752000 186.912000 72
187.040000 187.520000 72
187.744000 188.320000 71
188.480000 189.440000 70
189.440000 189.696000 73
189.792000 189.920000 70
189.920000 190.912000 72
191.072000 191.200000 70
191.200000 192.160000 72
192.256000 192.384000 66
193.312000 193.536000 65
193.632000 193.792000 63
193.984000 194.272000 73
194.432000 194.592000 70
194.688000 194.976000 71
195.072000 195.264000 74
195.424000 195.968000 70
196.000000 196.672000 69
196.864000 197.120000 71
197.216000 197.344000 69
197.344000 198.144000 70
198.144000 198.336000 72
198.432000 198.592000 70
198.752000 198.880000 70
198.880000 199.968000 73
199.968000 200.032000 65
200.960000 201.440000 65
201.664000 201.792000 61
201.792000 202.112000 62
202.112000 202.272000 65
202.400000 202.880000 72
203.104000 203.328000 70
203.328000 203.808000 72
203.808000 204.512000 69
204.512000 206.336000 72
206.432000 206.560000 70
206.560000 206.784000 72
206.784000 206.944000 73
206.944000 207.232000 70
207.232000 207.680000 73
207.872000 208.096000 73
