4.160000 4.256000 61
5.504000 5.600000 61
5.952000 6.112000 64
6.112000 6.176000 59
6.176000 6.464000 54
26.720000 27.008000 57
27.392000 27.648000 51
27.808000 28.320000 52
28.480000 28.768000 54
28.928000 29.376000 55
30.560000 30.688000 45
30.944000 31.168000 51
31.392000 32.384000 51
34.112000 34.240000 46
34.560000 34.816000 53
34.976000 35.520000 54
35.616000 35.968000 55
36.096000 36.608000 56
37.280000 37.344000 47
37.344000 37.536000 50
37.728000 38.656000 51
38.880000 39.072000 52
39.264000 39.648000 53
41.312000 41.440000 45
41.696000 41.952000 52
42.176000 43.168000 53
43.264000 44.032000 56
44.864000 44.928000 55
44.928000 45.088000 58
45.280000 45.568000 52
45.728000 45.888000 52
46.176000 46.752000 52
48.512000 48.608000 47
48.864000 49.152000 54
49.312000 49.856000 54
50.048000 50.304000 56
50.464000 51.072000 56
51.680000 51.840000 51
52.032000 52.352000 51
52.480000 52.928000 51
53.184000 53.472000 53
53.600000 54.080000 53
55.584000 55.648000 47
55.648000 56.832000 51
56.832000 57.568000 58
57.664000 58.112000 50
58.720000 60.256000 53
60.480000 61.344000 52
62.336000 62.432000 47
62.528000 62.624000 50
62.624000 62.976000 51
62.976000 63.552000 53
63.680000 64.416000 53
64.576000 65.408000 54
65.952000 66.272000 57
66.368000 68.128000 59
68.704000 68.896000 51
69.120000 69.376000 56
69.536000 69.760000 59
69.984000 70.560000 60
70.816000 72.096000 54
72.640000 72.704000 51
72.704000 72.896000 56
73.088000 73.408000 57
73.536000 74.208000 59
74.464000 74.528000 50
74.528000 74.912000 53
75.104000 75.776000 53
76.192000 76.256000 50
76.256000 76.448000 53
76.640000 76.992000 56
77.056000 77.664000 57
78.016000 78.528000 51
78.720000 79.232000 51
80.000000 80.480000 53
80.672000 81.632000 56
81.824000 82.528000 54
83.008000 83.200000 51
83.392000 83.648000 56
83.840000 84.064000 59
84.256000 84.928000 60
85.152000 86.432000 54
86.976000 87.040000 57
87.040000 87.296000 62
87.424000 87.680000 61
87.840000 88.928000 58
88.928000 89.216000 63
89.440000 90.496000 64
91.072000 91.136000 50
91.136000 91.328000 54
91.488000 91.776000 56
91.872000 92.864000 57
93.248000 93.312000 52
93.312000 93.824000 55
93.824000 94.272000 52
94.592000 95.904000 52
107.360000 107.456000 57
109.792000 110.080000 52
110.272000 110.784000 53
110.944000 111.264000 54
111.392000 112.032000 56
112.960000 113.120000 46
113.376000 113.664000 52
113.824000 114.848000 52
116.608000 116.768000 47
116.992000 117.248000 54
117.440000 117.952000 55
118.112000 118.400000 56
118.528000 119.136000 57
119.712000 119.776000 47
119.776000 119.936000 50
120.160000 121.088000 51
121.280000 121.536000 52
121.696000 122.176000 54
123.776000 123.872000 46
124.224000 124.384000 52
124.608000 125.568000 53
125.728000 126.336000 56
127.296000 127.552000 59
127.776000 128.032000 51
128.224000 128.512000 52
128.640000 129.184000 52
130.944000 131.104000 47
131.328000 131.648000 54
131.776000 132.320000 55
132.480000 132.736000 56
132.928000 133.536000 57
134.112000 134.272000 50
134.464000 135.392000 51
135.616000 135.904000 53
136.064000 136.864000 54
138.080000 138.144000 46
138.144000 138.208000 47
138.208000 139.200000 51
139.200000 139.296000 54
139.296000 140.032000 58
140.032000 140.672000 51
141.184000 142.688000 52
142.976000 143.488000 52
143.680000 144.320000 52
144.768000 144.992000 48
144.992000 146.048000 52
146.144000 146.912000 54
147.040000 147.840000 55
148.416000 148.704000 57
148.800000 149.376000 58
149.472000 150.592000 59
151.072000 151.264000 51
151.456000 151.520000 52
151.520000 151.776000 56
151.904000 152.160000 59
152.384000 153.088000 60
153.312000 154.592000 54
155.104000 155.168000 49
155.168000 155.360000 56
155.520000 155.904000 57
156.000000 156.672000 58
156.928000 157.376000 53
157.568000 158.304000 53
158.720000 158.944000 54
159.136000 159.456000 56
159.552000 160.160000 57
160.512000 160.960000 52
161.152000 161.824000 51
162.272000 162.944000 52
163.168000 164.064000 56
164.256000 164.640000 54
164.640000 165.056000 56
165.440000 165.632000 52
165.856000 165.920000 52
165.920000 166.112000 56
166.304000 166.560000 59
166.688000 167.456000 60
167.616000 168.864000 54
169.440000 169.760000 62
169.888000 170.208000 61
170.272000 171.232000 59
171.488000 171.680000 63
171.904000 173.056000 64
173.504000 173.632000 51
173.632000 173.824000 54
173.920000 174.880000 56
175.008000 175.200000 58
175.200000 175.552000 59
175.552000 175.616000 58
175.616000 176.064000 55
176.064000 176.864000 52
177.056000 180.192000 52
181.984000 183.264000 60
183.360000 185.728000 60
189.088000 189.120000 60
189.184000 189.696000 60
189.824000 190.400000 60
190.720000 192.544000 60
193.216000 193.792000 64
196.416000 198.208000 66
198.336000 198.880000 64
198.976000 199.040000 64
199.040000 199.232000 67
199.456000 200.192000 66
200.352000 201.504000 64
202.144000 202.240000 61
202.400000 203.168000 55
203.520000 204.000000 57
204.192000 209.696000 59
210.336000 210.528000 53
210.688000 210.752000 53
210.752000 210.976000 57
211.136000 211.456000 60
211.552000 212.288000 62
212.448000 213.792000 55
214.304000 214.528000 57
214.720000 214.976000 58
215.136000 215.840000 60
216.032000 216.096000 52
216.096000 216.544000 55
216.736000 217.440000 54
217.856000 218.144000 55
218.304000 219.328000 57
219.680000 219.776000 51
219.776000 220.096000 53
220.320000 220.928000 52
221.504000 221.728000 53
221.728000 222.112000 55
222.304000 223.232000 57
223.392000 224.288000 56
224.672000 224.864000 53
225.088000 225.312000 58
225.440000 226.080000 60
226.080000 226.624000 62
226.848000 228.064000 55
228.608000 228.928000 63
229.056000 229.312000 62
229.504000 230.496000 60
230.624000 230.848000 64
231.072000 232.160000 65
232.800000 232.832000 54
232.896000 232.960000 54
233.120000 233.440000 57
233.536000 234.080000 58
234.144000 234.656000 59
234.752000 235.040000 56
235.040000 235.232000 57
235.232000 235.936000 54
236.256000 238.368000 53
238.624000 239.008000 53
240.032000 240.256000 55
240.352000 241.280000 57
241.504000 241.920000 60
242.368000 243.008000 55
243.008000 243.712000 53
245.952000 248.256000 52
