3.104000 3.168000 57
3.168000 3.392000 60
3.392000 4.288000 55
5.792000 5.984000 60
6.144000 6.368000 55
6.560000 7.072000 57
7.296000 7.712000 55
8.320000 8.544000 60
8.544000 8.928000 57
9.088000 9.248000 56
9.248000 9.440000 52
10.624000 10.752000 54
10.944000 11.072000 59
11.136000 11.296000 57
11.296000 11.488000 55
11.648000 12.800000 56
13.248000 13.376000 52
13.472000 13.568000 52
14.208000 14.464000 52
15.744000 16.160000 51
16.256000 16.352000 52
16.512000 16.928000 50
18.368000 18.560000 50
18.656000 18.912000 52
19.104000 19.552000 50
21.152000 21.504000 60
21.856000 21.984000 60
22.144000 22.912000 63
23.136000 24.480000 60
24.480000 25.248000 55
27.232000 28.032000 63
28.160000 28.640000 60
28.640000 29.024000 62
29.152000 29.344000 64
29.472000 29.760000 63
29.760000 30.976000 60
31.712000 32.576000 55
32.736000 32.800000 55
32.800000 32.896000 57
32.896000 35.232000 60
35.232000 36.640000 65
36.800000 37.248000 60
37.472000 37.888000 64
38.112000 38.464000 67
38.720000 38.880000 67
39.040000 39.264000 67
39.392000 39.776000 60
40.064000 40.448000 64
40.672000 41.152000 67
42.240000 42.432000 60
42.592000 42.720000 62
42.720000 42.976000 64
43.232000 44.000000 67
44.160000 44.320000 67
44.480000 44.896000 60
45.120000 45.472000 63
45.760000 46.272000 67
47.328000 47.648000 60
47.648000 48.064000 63
48.320000 49.408000 67
49.632000 50.208000 60
50.208000 50.720000 63
50.880000 51.008000 62
51.008000 51.168000 60
51.168000 51.360000 57
52.192000 52.288000 60
52.288000 52.768000 62
53.152000 53.376000 60
53.376000 53.600000 55
53.760000 54.208000 62
54.368000 55.040000 60
56.608000 57.184000 63
57.280000 57.440000 62
57.440000 57.568000 64
57.952000 58.400000 64
58.528000 59.488000 67
59.776000 60.320000 60
60.416000 60.960000 63
61.056000 61.984000 67
63.072000 63.520000 63
63.648000 64.576000 67
64.864000 65.376000 60
65.536000 66.016000 63
66.176000 66.336000 62
66.336000 67.296000 59
67.296000 67.424000 55
68.096000 68.288000 62
68.288000 68.704000 64
68.704000 69.664000 67
70.016000 70.656000 60
70.656000 71.168000 71
71.264000 71.456000 63
71.456000 72.128000 60
72.608000 72.672000 60
72.672000 73.184000 62
73.504000 73.760000 60
73.760000 74.048000 55
74.208000 74.656000 62
74.816000 75.712000 60
75.712000 76.128000 57
76.128000 76.256000 55
77.024000 77.600000 63
77.696000 77.856000 62
77.856000 78.016000 64
78.272000 78.592000 60
79.648000 79.712000 53
79.840000 80.000000 60
80.000000 80.160000 57
80.384000 80.832000 54
80.832000 80.864000 52
82.208000 82.272000 55
82.272000 82.560000 60
82.688000 83.040000 56
83.168000 83.680000 57
83.776000 84.320000 55
84.992000 85.088000 59
85.216000 85.376000 57
85.376000 86.016000 55
87.264000 87.328000 56
87.328000 87.840000 59
87.936000 89.408000 55
89.888000 90.240000 52
90.336000 90.464000 55
90.592000 90.688000 56
90.848000 91.040000 52
92.416000 92.480000 50
92.480000 92.640000 52
92.896000 93.056000 52
93.152000 93.536000 50
95.232000 95.328000 51
95.424000 95.680000 52
95.968000 96.128000 50
98.464000 98.592000 60
98.720000 99.520000 63
99.776000 101.088000 60
101.088000 101.824000 55
103.840000 104.608000 63
104.832000 105.216000 60
105.216000 105.920000 62
106.080000 106.368000 63
106.368000 107.072000 60
107.200000 107.584000 60
108.320000 109.152000 55
109.344000 109.408000 56
109.408000 109.504000 57
109.504000 109.600000 58
109.600000 110.272000 59
110.272000 111.488000 60
111.488000 113.216000 65
113.408000 113.856000 60
114.080000 114.496000 64
114.688000 115.168000 67
115.328000 115.488000 67
115.648000 115.872000 67
116.000000 116.352000 60
116.672000 117.056000 64
117.248000 117.760000 67
118.816000 119.008000 60
119.168000 119.328000 62
119.328000 119.552000 64
119.808000 120.608000 67
120.768000 120.896000 67
121.088000 121.472000 60
121.728000 122.080000 64
122.368000 122.880000 67
123.936000 124.256000 60
124.256000 124.640000 63
124.928000 126.016000 67
126.208000 126.432000 60
126.528000 126.816000 60
126.816000 127.328000 63
127.488000 127.616000 62
127.616000 127.744000 60
127.744000 128.096000 57
128.800000 128.896000 60
128.896000 129.376000 62
129.760000 129.984000 60
129.984000 130.208000 55
130.368000 130.784000 63
130.976000 131.616000 60
133.376000 134.176000 63
134.560000 134.688000 62
134.688000 135.072000 64
135.072000 136.032000 67
136.352000 136.992000 60
136.992000 137.184000 62
137.184000 138.560000 67
139.680000 140.160000 63
140.256000 141.152000 67
141.472000 142.016000 60
142.144000 142.624000 63
142.784000 142.912000 62
142.912000 143.040000 60
143.040000 143.200000 57
143.200000 144.000000 59
144.704000 144.896000 62
144.896000 145.280000 64
145.280000 146.240000 67
146.592000 147.264000 60
147.264000 147.744000 71
147.904000 148.192000 62
148.192000 148.704000 60
149.184000 149.792000 62
150.080000 150.400000 60
150.400000 150.624000 55
150.816000 151.264000 62
151.392000 152.288000 60
152.288000 152.800000 57
152.800000 152.832000 55
153.632000 154.592000 63
154.976000 155.392000 64
155.552000 156.416000 67
156.832000 157.312000 60
157.440000 157.952000 64
158.080000 159.008000 67
160.096000 160.544000 63
160.672000 161.568000 67
161.888000 162.432000 60
162.528000 163.040000 63
163.168000 163.296000 62
163.296000 164.288000 59
164.288000 164.384000 55
165.120000 165.312000 62
165.312000 165.728000 64
165.728000 166.656000 67
167.072000 167.744000 60
167.744000 168.288000 71
168.480000 169.248000 60
169.728000 169.792000 60
169.792000 170.368000 62
170.752000 171.008000 60
171.008000 171.296000 55
171.488000 171.936000 62
172.128000 173.088000 60
173.280000 173.600000 55
174.432000 174.912000 63
175.040000 175.200000 62
175.200000 175.360000 64
175.648000 175.936000 60
176.480000 176.640000 59
