0.800000 1.504000 57
1.824000 2.176000 55
2.176000 2.432000 52
2.752000 3.072000 59
3.232000 3.616000 62
4.608000 5.504000 55
5.984000 6.112000 52
6.496000 6.528000 47
6.848000 7.072000 50
8.384000 8.608000 59
8.704000 9.184000 61
9.184000 9.440000 59
9.600000 10.208000 57
10.208000 10.464000 59
10.688000 11.040000 57
11.456000 11.680000 49
11.936000 13.504000 59
15.616000 16.320000 58
16.512000 16.960000 55
16.960000 17.184000 52
17.504000 17.760000 59
17.920000 18.208000 62
19.296000 20.224000 55
20.704000 20.832000 52
20.832000 20.960000 50
21.376000 21.952000 49
23.072000 23.136000 51
23.136000 23.264000 56
23.488000 23.744000 62
23.936000 25.184000 58
25.504000 25.856000 57
26.240000 26.432000 50
26.688000 28.608000 55
30.464000 31.296000 57
31.296000 31.648000 55
31.840000 32.064000 52
32.288000 32.608000 59
32.768000 32.864000 53
32.864000 33.088000 50
34.080000 34.336000 56
34.592000 35.072000 55
36.128000 36.224000 48
36.416000 36.832000 49
37.824000 37.888000 48
37.888000 38.240000 59
38.240000 38.688000 62
38.688000 40.736000 57
41.024000 41.216000 55
41.440000 42.752000 59
45.184000 46.048000 57
46.048000 46.496000 55
46.496000 47.168000 52
47.456000 47.936000 62
48.864000 49.664000 55
50.784000 50.976000 48
51.136000 51.424000 50
51.520000 51.648000 50
52.576000 53.024000 59
53.024000 53.440000 62
53.440000 54.176000 58
54.432000 55.392000 59
55.840000 55.936000 48
56.288000 58.528000 55
59.936000 61.760000 57
62.016000 62.912000 62
63.168000 63.328000 59
63.616000 64.160000 60
65.312000 65.504000 52
65.856000 65.984000 50
67.392000 67.936000 57
68.288000 68.896000 57
68.896000 69.536000 59
69.632000 70.176000 62
70.592000 70.688000 59
70.816000 71.680000 63
71.936000 72.736000 64
72.736000 73.824000 62
74.304000 74.464000 59
74.464000 74.592000 62
74.752000 76.000000 62
76.128000 76.256000 62
76.576000 77.344000 62
77.472000 77.792000 62
77.952000 78.464000 59
78.912000 79.424000 57
82.080000 82.368000 62
83.616000 84.416000 55
84.416000 84.512000 60
84.672000 85.696000 60
85.792000 86.560000 57
86.720000 87.264000 59
87.392000 88.064000 60
88.160000 88.768000 59
90.496000 91.136000 55
91.296000 91.648000 57
91.776000 92.416000 57
92.736000 93.024000 55
93.152000 93.344000 59
93.344000 93.504000 62
93.696000 94.176000 62
94.560000 94.880000 59
95.040000 95.232000 64
95.520000 95.680000 64
95.936000 96.160000 64
96.416000 97.088000 64
98.240000 98.912000 64
98.912000 100.160000 62
102.176000 103.584000 62
103.776000 104.480000 55
104.736000 104.896000 64
104.896000 106.400000 60
106.592000 106.848000 57
107.040000 108.000000 60
108.224000 109.056000 59
111.200000 111.488000 55
111.584000 112.608000 57
113.056000 113.280000 55
113.280000 113.472000 58
113.472000 114.464000 62
114.848000 115.104000 59
115.104000 116.032000 63
116.256000 117.600000 64
118.880000 120.864000 62
125.568000 125.920000 62
131.072000 131.744000 60
132.608000 132.864000 68
142.112000 142.304000 59
142.528000 142.688000 57
143.040000 143.968000 59
145.216000 145.792000 55
147.200000 147.488000 52
147.712000 147.808000 50
149.056000 149.696000 58
149.920000 150.144000 62
150.400000 150.848000 58
150.848000 151.136000 57
151.904000 152.160000 50
152.288000 154.016000 59
156.480000 156.672000 58
156.896000 157.120000 59
157.344000 157.472000 57
157.824000 158.656000 59
159.680000 160.512000 55
161.504000 161.760000 53
161.952000 162.880000 52
163.008000 163.264000 52
163.840000 163.904000 54
163.904000 164.448000 59
164.736000 164.992000 63
165.152000 166.688000 59
167.008000 168.736000 59
168.864000 170.112000 57
172.672000 172.896000 62
174.176000 174.912000 55
175.136000 176.064000 60
176.288000 176.960000 57
177.216000 177.280000 55
177.280000 177.696000 57
177.888000 178.240000 60
178.560000 179.200000 59
180.992000 181.056000 50
181.056000 181.312000 54
181.312000 181.568000 51
181.760000 182.080000 57
182.272000 182.464000 57
183.168000 183.520000 55
183.648000 183.808000 59
183.808000 183.968000 62
184.160000 184.576000 62
185.056000 185.248000 58
185.568000 185.600000 62
185.920000 186.112000 64
186.400000 186.624000 64
186.880000 187.680000 64
188.736000 188.896000 64
188.992000 189.088000 65
189.184000 189.568000 62
189.664000 190.688000 62
192.672000 193.088000 61
193.088000 193.824000 62
193.824000 195.104000 55
195.232000 195.360000 65
195.488000 196.352000 60
196.608000 197.504000 57
197.792000 198.112000 59
198.272000 199.008000 60
199.104000 199.616000 59
201.216000 201.472000 54
201.664000 201.856000 55
201.856000 201.984000 52
202.112000 202.432000 55
202.592000 203.232000 59
203.520000 203.648000 59
203.808000 204.544000 64
204.736000 205.280000 58
205.280000 206.080000 55
206.784000 207.968000 59
208.064000 208.224000 62
208.224000 208.704000 58
208.864000 209.536000 55
210.336000 211.264000 60
211.392000 212.192000 60
212.704000 213.408000 59
213.664000 214.560000 57
216.640000 217.088000 61
217.088000 217.856000 62
217.856000 218.688000 55
219.232000 219.328000 65
219.456000 220.320000 60
220.576000 221.568000 57
221.824000 222.144000 59
222.240000 223.008000 60
223.136000 223.616000 59
223.776000 224.192000 57
225.408000 225.664000 51
225.664000 225.984000 53
226.176000 226.400000 55
226.560000 226.816000 57
226.816000 227.168000 59
227.456000 227.520000 59
227.744000 228.512000 64
228.672000 229.216000 58
229.312000 230.016000 55
230.720000 230.784000 57
230.784000 232.704000 59
232.832000 233.568000 55
234.400000 234.464000 52
234.464000 234.752000 59
234.848000 236.320000 60
236.512000 239.616000 62
241.568000 241.984000 48
