31.520000 31.584000 58
32.320000 32.544000 58
32.768000 33.184000 58
34.144000 34.400000 57
34.560000 35.584000 55
35.968000 36.096000 55
36.416000 36.576000 55
36.832000 36.928000 55
39.104000 39.488000 57
39.616000 39.936000 58
39.936000 40.832000 63
40.960000 41.984000 65
42.112000 42.496000 64
42.592000 43.104000 61
43.264000 44.064000 59
45.120000 45.440000 59
45.536000 45.632000 59
46.432000 46.624000 55
46.752000 46.880000 55
47.328000 47.840000 55
48.640000 48.800000 57
48.896000 48.992000 59
49.120000 49.440000 60
50.080000 50.240000 55
50.464000 50.560000 55
52.288000 52.896000 55
53.024000 53.664000 54
57.280000 57.408000 60
60.448000 61.696000 58
61.888000 62.048000 58
62.144000 62.240000 58
63.296000 63.648000 57
63.648000 64.832000 55
64.960000 65.056000 56
65.472000 65.632000 55
65.824000 65.984000 55
68.256000 69.056000 58
69.152000 69.344000 61
69.472000 70.112000 63
70.112000 70.688000 65
70.944000 71.744000 65
71.840000 72.192000 61
72.320000 72.640000 61
72.768000 72.928000 59
73.024000 73.696000 58
74.112000 75.008000 60
75.136000 75.296000 56
75.520000 76.096000 56
76.416000 76.864000 55
77.728000 77.888000 56
77.984000 78.112000 58
78.240000 78.464000 59
78.688000 79.008000 55
79.168000 79.424000 55
79.520000 79.680000 56
81.440000 82.496000 54
82.720000 83.232000 54
89.248000 89.440000 61
89.600000 89.952000 63
90.048000 90.112000 65
90.112000 90.272000 70
90.368000 90.848000 70
90.848000 91.712000 68
91.808000 92.544000 66
92.576000 92.736000 63
92.992000 93.120000 61
93.216000 94.368000 61
94.464000 94.592000 63
94.592000 95.712000 68
95.712000 96.096000 65
96.192000 96.352000 66
96.608000 96.736000 61
96.896000 98.208000 59
99.072000 99.136000 62
99.136000 99.456000 66
99.552000 99.904000 65
100.000000 100.352000 66
100.352000 100.640000 63
100.640000 101.056000 65
101.056000 101.952000 58
102.048000 102.976000 61
103.904000 104.128000 61
104.128000 104.480000 63
104.576000 104.640000 66
104.640000 105.408000 70
105.408000 106.240000 68
106.240000 107.232000 66
107.552000 109.088000 61
109.088000 109.216000 66
109.344000 110.912000 70
111.104000 111.712000 61
111.840000 112.384000 59
112.576000 113.504000 66
114.144000 114.656000 66
114.784000 117.952000 66
132.736000 132.896000 59
140.032000 141.696000 59
141.984000 142.080000 61
147.776000 149.024000 58
149.120000 149.312000 58
149.440000 149.760000 58
150.496000 152.096000 56
152.192000 152.320000 55
152.768000 152.928000 54
153.024000 153.536000 54
155.520000 155.584000 55
155.584000 155.680000 56
155.680000 156.448000 58
156.448000 156.576000 63
156.704000 157.152000 63
157.280000 158.112000 65
158.208000 158.400000 66
158.400000 158.976000 65
158.976000 159.456000 61
159.552000 159.872000 61
160.032000 160.192000 59
160.320000 160.992000 58
161.376000 162.080000 59
162.336000 162.688000 54
162.784000 163.488000 56
163.648000 164.256000 54
165.024000 165.184000 57
165.280000 165.376000 59
165.536000 165.920000 59
166.016000 166.272000 55
166.464000 167.104000 56
168.736000 171.072000 54
173.216000 173.408000 55
173.408000 174.688000 56
175.008000 175.200000 58
175.200000 176.288000 60
176.544000 176.768000 61
176.864000 177.280000 63
177.280000 177.472000 69
177.600000 178.112000 70
178.112000 179.008000 68
179.104000 179.744000 66
179.744000 180.000000 63
180.256000 180.416000 61
180.512000 180.800000 61
180.800000 181.056000 58
181.184000 181.664000 61
181.760000 181.888000 63
181.888000 182.688000 68
182.688000 183.680000 65
183.904000 184.032000 61
184.128000 185.664000 59
186.400000 188.448000 65
188.448000 189.248000 58
189.344000 190.656000 61
191.168000 191.744000 63
191.872000 193.568000 68
193.568000 194.272000 66
194.368000 194.560000 63
194.848000 194.976000 61
195.072000 195.392000 61
195.392000 195.616000 59
195.744000 196.448000 61
196.608000 198.208000 70
198.368000 199.008000 61
199.136000 199.744000 59
199.840000 200.864000 66
201.408000 201.984000 66
202.080000 205.920000 66
206.400000 206.560000 68
206.688000 207.232000 68
207.328000 208.672000 67
209.088000 209.472000 69
209.568000 210.656000 61
210.784000 211.904000 73
212.256000 212.416000 71
212.416000 212.576000 73
212.672000 213.760000 71
214.112000 215.648000 71
215.904000 217.984000 71
218.080000 221.920000 68
222.048000 222.144000 74
222.464000 222.624000 75
223.008000 223.136000 74
226.112000 226.272000 72
228.768000 229.088000 73
241.888000 242.176000 64
242.368000 242.432000 68
242.432000 243.168000 70
243.168000 244.032000 68
244.160000 244.736000 66
244.864000 244.960000 63
245.280000 245.408000 61
245.568000 245.856000 61
245.952000 246.208000 59
246.208000 246.784000 61
246.784000 246.848000 62
246.848000 246.912000 64
246.912000 248.608000 66
248.896000 249.024000 61
249.152000 250.432000 59
251.360000 251.712000 65
251.840000 252.192000 65
252.288000 252.736000 66
252.736000 253.856000 71
253.952000 255.904000 70
256.128000 256.672000 63
256.864000 257.472000 70
257.696000 258.496000 68
258.592000 259.200000 66
259.296000 259.584000 63
259.584000 259.776000 66
259.776000 259.936000 64
259.936000 260.640000 61
260.736000 261.440000 61
261.600000 262.720000 71
262.720000 263.200000 69
263.456000 263.968000 61
264.096000 264.704000 59
264.864000 266.592000 66
268.224000 268.768000 66
268.896000 269.056000 65
269.152000 270.976000 66
270.976000 272.448000 70
274.432000 274.560000 61
274.688000 274.912000 61
275.136000 275.776000 59
276.000000 276.384000 65
276.480000 277.792000 66
279.584000 284.320000 66
286.784000 290.624000 61
