3.360000 3.840000 72
7.968000 9.120000 72
9.472000 10.112000 72
13.632000 13.952000 72
18.016000 19.776000 69
20.896000 21.664000 64
21.888000 22.368000 65
22.528000 22.912000 64
23.360000 24.256000 58
24.416000 24.800000 60
25.344000 25.856000 60
26.048000 26.976000 62
27.296000 27.424000 60
27.680000 28.192000 62
31.008000 31.840000 64
31.968000 33.088000 64
33.568000 33.952000 59
33.952000 34.944000 57
35.520000 36.064000 60
36.064000 36.768000 62
37.024000 37.408000 64
37.408000 37.568000 62
37.696000 38.080000 62
39.296000 39.872000 62
39.872000 42.656000 68
43.456000 43.904000 60
44.032000 44.800000 60
44.992000 45.216000 63
45.376000 45.760000 64
46.144000 47.200000 69
47.456000 48.608000 62
48.832000 48.992000 62
49.984000 50.112000 66
50.112000 51.424000 70
51.584000 51.808000 60
51.808000 52.064000 62
52.192000 52.576000 65
52.800000 53.280000 68
53.504000 53.920000 67
54.400000 54.880000 68
55.072000 55.296000 64
55.488000 57.792000 65
59.040000 59.392000 60
59.552000 60.000000 71
60.128000 60.352000 70
60.576000 61.504000 69
61.728000 62.624000 62
62.784000 62.880000 63
64.160000 64.288000 61
64.544000 65.408000 71
65.408000 65.696000 67
65.856000 66.368000 67
66.464000 67.360000 67
67.616000 68.032000 65
68.032000 68.768000 69
69.184000 69.440000 60
69.600000 70.560000 70
70.560000 71.360000 68
71.456000 71.808000 67
71.808000 72.512000 70
73.344000 73.888000 64
73.984000 74.240000 64
74.368000 74.560000 64
74.560000 75.488000 65
75.872000 78.880000 69
79.328000 79.584000 60
79.680000 80.096000 72
80.192000 80.480000 70
80.672000 81.920000 69
81.920000 83.264000 62
84.416000 84.640000 60
84.800000 85.504000 71
85.696000 85.920000 67
86.080000 86.880000 67
87.008000 87.360000 67
87.520000 88.096000 70
88.256000 88.864000 68
88.864000 89.664000 66
90.368000 90.496000 66
90.496000 90.656000 69
90.752000 90.912000 70
91.072000 91.904000 71
92.032000 92.480000 61
92.736000 93.184000 65
93.184000 94.304000 67
94.720000 94.848000 68
95.008000 95.520000 69
95.808000 95.936000 65
96.160000 97.888000 65
99.584000 99.712000 69
99.968000 100.128000 69
117.696000 117.856000 67
121.952000 122.048000 61
122.048000 122.176000 64
122.336000 124.064000 64
124.512000 125.888000 58
125.888000 126.112000 60
126.368000 126.432000 57
126.432000 126.880000 60
127.040000 129.504000 62
132.096000 132.992000 64
133.312000 133.600000 64
133.728000 134.208000 64
134.656000 134.752000 58
135.008000 135.552000 57
135.552000 136.064000 60
136.512000 136.768000 60
136.960000 137.408000 61
137.792000 138.048000 62
138.208000 139.392000 62
140.320000 140.480000 60
140.480000 140.928000 62
140.928000 141.408000 69
141.632000 143.840000 67
144.480000 145.824000 60
145.984000 146.880000 64
147.264000 148.352000 69
148.576000 150.080000 62
151.072000 152.480000 70
152.640000 152.864000 60
152.864000 153.248000 62
153.248000 153.760000 65
153.888000 154.400000 67
154.560000 155.168000 67
155.456000 156.000000 69
156.160000 156.288000 64
156.448000 159.680000 65
160.160000 160.448000 60
160.576000 161.344000 70
161.536000 162.688000 69
162.688000 164.448000 62
165.248000 165.344000 62
165.568000 166.400000 70
166.496000 166.688000 67
166.816000 166.944000 65
166.944000 169.760000 67
170.240000 170.464000 60
170.592000 171.456000 70
171.552000 171.776000 69
171.840000 172.384000 68
172.480000 172.800000 67
172.800000 173.856000 70
174.112000 174.208000 69
174.400000 176.672000 65
176.864000 180.064000 69
180.320000 180.608000 61
180.704000 181.504000 71
181.664000 184.480000 67
185.440000 185.664000 60
185.760000 185.824000 65
185.824000 186.528000 71
186.720000 186.880000 67
187.072000 187.936000 67
188.032000 188.416000 67
188.512000 189.152000 70
189.312000 190.848000 66
190.944000 191.040000 66
191.456000 191.936000 69
192.064000 192.928000 70
193.024000 193.600000 61
193.696000 194.112000 65
194.112000 196.576000 67
196.576000 196.768000 64
196.928000 201.120000 65
203.232000 203.744000 63
220.704000 221.024000 60
221.152000 221.344000 70
221.344000 221.984000 71
222.176000 223.200000 69
223.392000 224.448000 62
226.272000 227.104000 70
227.104000 227.360000 67
227.552000 228.000000 67
228.096000 228.896000 67
229.280000 229.664000 65
229.664000 230.176000 69
230.880000 231.104000 60
231.232000 232.416000 70
232.512000 232.992000 68
233.088000 233.408000 67
233.408000 234.400000 70
234.976000 237.216000 65
237.568000 239.168000 69
239.168000 240.064000 66
240.064000 240.800000 69
240.960000 241.248000 61
241.344000 242.144000 71
242.336000 245.952000 70
246.112000 246.336000 62
246.336000 247.168000 71
247.328000 247.488000 67
247.648000 248.928000 67
249.216000 249.824000 70
249.984000 251.744000 66
252.000000 252.544000 69
252.704000 253.568000 70
253.568000 254.208000 62
254.336000 256.320000 67
256.448000 257.056000 69
257.184000 261.536000 65
262.144000 262.208000 65
262.208000 264.160000 70
264.384000 264.576000 60
264.576000 264.928000 62
264.928000 265.280000 66
265.408000 267.328000 67
269.024000 269.536000 65
269.856000 270.016000 64
270.240000 272.928000 65
282.304000 283.008000 60
283.136000 283.232000 60
283.328000 283.456000 60
283.552000 283.648000 60
