35.424000 36.640000 50
36.800000 37.408000 52
37.536000 38.080000 58
38.080000 38.304000 56
38.432000 39.872000 57
41.600000 41.984000 60
42.080000 43.008000 61
43.232000 44.320000 57
44.832000 46.336000 61
46.496000 47.488000 59
48.448000 49.760000 50
49.760000 50.144000 52
50.496000 51.104000 59
51.200000 52.032000 59
52.032000 53.248000 57
54.592000 54.880000 61
55.040000 55.968000 61
56.224000 56.352000 57
56.448000 57.664000 57
57.824000 59.392000 64
59.456000 59.488000 58
59.744000 60.480000 59
61.408000 62.592000 57
63.104000 63.840000 57
63.936000 64.288000 59
64.416000 66.208000 57
67.872000 69.088000 57
69.632000 69.728000 52
69.728000 70.016000 54
70.016000 70.304000 57
70.432000 70.752000 61
70.848000 72.768000 59
73.664000 74.048000 63
74.144000 76.608000 59
76.800000 77.152000 57
77.152000 78.400000 64
78.816000 79.872000 63
79.872000 80.544000 60
80.544000 81.600000 57
81.696000 81.792000 54
81.792000 83.328000 56
83.328000 84.960000 61
85.408000 86.848000 56
87.008000 87.648000 64
87.744000 88.160000 66
88.576000 90.016000 56
90.240000 91.616000 64
91.616000 92.864000 57
93.888000 94.592000 61
94.688000 94.816000 60
94.816000 96.832000 61
96.832000 98.240000 57
98.368000 98.784000 59
99.616000 100.032000 63
100.032000 102.336000 59
102.336000 103.104000 57
103.200000 104.416000 64
104.832000 105.632000 64
105.632000 105.952000 62
105.952000 106.720000 60
106.880000 107.520000 56
107.616000 108.352000 56
108.448000 108.640000 55
108.640000 109.568000 57
109.696000 110.848000 61
111.296000 111.456000 55
111.456000 111.584000 57
111.680000 112.736000 56
112.960000 113.632000 64
113.824000 114.144000 66
114.560000 116.000000 56
116.160000 116.800000 64
116.960000 117.248000 65
117.344000 118.880000 57
119.808000 119.872000 58
119.872000 120.000000 60
120.000000 120.960000 62
121.056000 121.984000 62
123.104000 124.544000 61
124.544000 125.440000 57
125.536000 125.888000 56
125.984000 127.712000 57
139.104000 140.224000 50
140.480000 140.960000 52
141.120000 143.296000 57
145.088000 145.376000 60
145.536000 146.624000 61
146.720000 146.880000 57
147.040000 147.936000 57
148.288000 148.608000 60
148.736000 149.792000 61
149.888000 150.912000 59
151.360000 151.488000 56
151.680000 151.808000 55
151.904000 152.864000 50
153.056000 153.568000 52
153.920000 154.048000 57
154.048000 155.296000 59
155.296000 156.448000 57
157.856000 158.176000 60
158.336000 159.360000 61
159.520000 159.648000 57
159.744000 161.088000 57
161.088000 162.656000 64
162.752000 163.840000 59
164.640000 165.792000 57
166.336000 166.976000 57
167.104000 167.424000 59
167.520000 169.440000 57
171.040000 172.096000 57
172.672000 172.800000 52
172.800000 172.960000 54
173.120000 176.032000 59
176.352000 176.544000 52
176.704000 176.832000 62
176.832000 177.088000 64
177.088000 179.488000 59
179.488000 180.288000 57
180.288000 181.600000 64
181.824000 182.208000 63
182.304000 182.656000 64
182.656000 183.040000 62
183.040000 183.776000 60
183.904000 185.408000 56
185.504000 185.632000 55
185.632000 185.952000 56
185.952000 186.560000 58
186.688000 187.904000 61
188.256000 189.696000 56
189.920000 190.560000 64
190.720000 191.104000 66
191.488000 192.992000 56
193.120000 193.792000 64
193.920000 194.208000 65
194.304000 195.808000 57
196.512000 196.640000 52
196.640000 199.392000 62
199.904000 199.968000 58
199.968000 201.248000 61
201.248000 203.296000 57
203.424000 204.928000 57
205.696000 206.048000 57
213.088000 213.440000 68
213.728000 213.824000 66
215.104000 215.264000 63
215.520000 215.648000 61
215.648000 215.840000 68
215.936000 218.432000 70
218.528000 219.040000 59
219.200000 221.216000 67
222.528000 223.168000 61
223.296000 223.904000 61
224.000000 224.288000 59
224.864000 225.088000 57
227.936000 228.320000 63
228.416000 230.912000 59
231.072000 231.424000 57
231.520000 232.608000 64
233.088000 234.240000 63
234.240000 234.912000 60
234.912000 236.640000 56
236.736000 236.864000 55
236.864000 237.760000 57
237.888000 238.944000 61
239.552000 240.992000 56
241.120000 241.792000 64
241.888000 242.336000 65
242.656000 244.096000 56
244.320000 245.600000 64
245.600000 246.848000 57
247.904000 248.576000 61
248.704000 248.832000 59
248.832000 248.960000 61
249.056000 249.472000 62
249.472000 250.816000 61
250.816000 252.192000 57
252.288000 252.800000 59
253.120000 253.280000 52
253.504000 253.632000 62
253.632000 253.888000 64
253.888000 255.616000 59
255.616000 255.968000 61
255.968000 256.096000 59
256.096000 257.120000 57
257.120000 259.488000 64
259.488000 260.448000 61
260.704000 262.176000 56
262.304000 262.432000 55
262.432000 262.720000 56
262.720000 263.072000 57
263.072000 264.512000 61
264.640000 265.376000 54
265.536000 266.720000 57
266.720000 267.968000 64
268.288000 270.048000 57
270.048000 271.104000 64
271.104000 272.608000 57
273.440000 275.680000 62
276.736000 278.080000 61
278.080000 278.848000 57
279.296000 279.712000 56
279.840000 282.112000 57
