22.304000 22.976000 56
23.104000 23.296000 58
23.392000 23.936000 60
24.096000 24.640000 67
24.736000 25.536000 67
25.536000 25.952000 63
26.048000 27.328000 65
27.648000 28.512000 62
28.512000 29.216000 58
29.312000 29.600000 56
29.600000 31.904000 59
32.160000 32.256000 61
32.416000 33.344000 63
33.440000 33.760000 63
33.760000 35.008000 70
35.072000 36.256000 67
36.256000 37.600000 65
37.920000 38.208000 65
38.208000 38.624000 62
38.624000 39.456000 58
39.616000 41.184000 56
42.784000 43.744000 67
43.744000 44.576000 71
44.736000 44.960000 69
45.056000 46.560000 69
46.656000 48.288000 65
48.288000 53.024000 71
53.376000 53.728000 62
53.728000 54.016000 70
54.080000 54.368000 69
54.368000 55.360000 67
55.360000 57.248000 63
57.600000 58.208000 63
58.208000 59.232000 65
59.232000 63.360000 68
79.744000 79.968000 56
80.384000 80.992000 60
80.992000 81.568000 66
81.664000 82.464000 67
82.464000 84.288000 63
84.544000 84.768000 60
84.768000 85.248000 62
85.248000 86.080000 59
86.272000 86.528000 56
86.528000 88.800000 60
89.440000 90.656000 62
90.816000 92.000000 70
92.064000 92.800000 67
93.088000 94.592000 65
95.008000 95.616000 66
95.616000 96.800000 58
96.800000 98.528000 56
99.904000 100.800000 68
100.800000 101.152000 69
101.152000 101.728000 71
101.728000 103.744000 68
103.872000 105.024000 64
105.408000 105.472000 65
105.472000 110.048000 71
110.560000 110.912000 62
110.912000 111.584000 69
111.584000 112.800000 67
112.928000 114.144000 62
114.144000 114.432000 59
114.848000 115.488000 62
115.488000 116.704000 64
116.800000 117.856000 69
117.856000 117.920000 64
117.920000 120.640000 67
128.576000 129.088000 72
141.568000 142.208000 56
142.336000 142.560000 58
142.720000 143.328000 60
143.328000 144.800000 67
144.992000 146.624000 64
146.944000 147.104000 61
147.104000 147.648000 62
147.648000 147.872000 60
147.872000 149.152000 57
149.248000 150.880000 59
151.008000 151.104000 60
151.840000 153.152000 62
153.152000 153.600000 70
153.760000 153.888000 70
153.888000 154.368000 69
154.368000 154.656000 66
154.656000 155.840000 67
155.840000 156.896000 65
157.248000 157.568000 65
157.696000 157.952000 63
157.952000 158.208000 60
158.368000 159.808000 57
159.968000 160.736000 56
161.024000 161.120000 56
162.080000 162.976000 67
163.072000 163.680000 69
163.680000 163.904000 71
164.032000 164.224000 69
164.224000 164.384000 66
164.384000 164.896000 67
164.896000 165.952000 69
165.984000 167.232000 65
167.648000 167.712000 67
167.712000 167.968000 69
167.968000 171.712000 71
172.544000 172.672000 64
172.672000 173.120000 62
173.120000 174.208000 68
174.368000 174.464000 68
174.464000 174.720000 66
174.720000 175.040000 65
175.040000 176.800000 62
177.024000 177.664000 62
177.760000 178.688000 65
178.688000 179.040000 67
179.040000 179.936000 70
179.936000 182.944000 67
183.136000 183.584000 65
183.680000 183.936000 65
