20.864000 23.232000 60
23.424000 29.440000 60
29.984000 32.384000 58
32.544000 32.832000 58
32.832000 33.056000 60
33.056000 33.344000 58
33.344000 33.856000 55
33.952000 34.208000 51
34.208000 34.720000 53
34.720000 35.296000 56
35.392000 37.888000 56
39.680000 40.000000 50
40.000000 40.192000 53
40.320000 40.384000 50
40.384000 40.512000 51
40.512000 40.800000 53
40.800000 41.664000 50
41.760000 42.016000 51
42.016000 42.272000 53
42.272000 42.496000 56
42.592000 43.616000 52
44.480000 44.544000 45
44.544000 44.800000 48
44.896000 45.088000 45
45.088000 45.344000 48
45.344000 45.568000 45
45.728000 45.888000 46
46.016000 46.496000 45
46.496000 46.752000 48
46.848000 47.008000 51
47.520000 47.808000 48
47.904000 48.000000 48
48.800000 49.280000 54
49.376000 49.856000 51
49.952000 50.464000 48
50.464000 51.584000 45
51.712000 52.128000 46
52.256000 52.832000 48
53.184000 53.408000 48
53.408000 53.888000 51
53.984000 54.240000 53
54.240000 54.432000 56
54.528000 54.816000 53
54.816000 56.352000 50
56.448000 56.544000 50
56.672000 56.768000 50
56.800000 56.960000 51
57.120000 57.184000 52
58.176000 58.400000 48
58.528000 59.520000 52
59.616000 59.840000 53
59.840000 60.384000 56
60.512000 60.736000 56
60.736000 61.216000 53
61.216000 61.632000 48
61.856000 62.112000 46
62.112000 62.656000 51
62.752000 62.944000 53
63.040000 63.520000 57
63.616000 64.640000 58
65.472000 65.952000 56
65.952000 69.792000 60
69.920000 70.176000 59
70.176000 70.368000 61
70.464000 73.952000 60
74.496000 74.656000 45
74.656000 75.808000 48
75.808000 77.344000 51
77.376000 77.568000 60
77.760000 78.112000 60
78.336000 78.496000 61
78.656000 78.944000 51
78.944000 79.840000 53
79.840000 83.168000 56
83.168000 83.936000 62
100.800000 103.200000 60
103.392000 103.584000 60
103.680000 103.840000 63
103.936000 109.280000 60
109.920000 111.040000 58
111.168000 112.256000 58
112.480000 113.216000 59
113.312000 113.568000 56
113.568000 114.336000 53
114.432000 118.720000 56
118.912000 119.008000 54
119.584000 119.744000 50
119.744000 120.064000 53
120.160000 121.920000 50
121.920000 122.176000 53
122.176000 122.432000 56
122.432000 122.976000 52
123.072000 123.392000 52
123.392000 123.616000 57
124.224000 124.448000 45
124.448000 124.672000 47
124.768000 124.992000 45
124.992000 125.280000 47
125.312000 125.408000 45
125.440000 126.656000 45
126.752000 126.976000 51
126.976000 127.488000 47
127.584000 127.680000 47
127.776000 128.032000 47
128.704000 129.216000 53
129.280000 129.888000 51
129.952000 130.016000 48
130.176000 130.272000 47
130.432000 131.296000 46
131.392000 131.488000 45
131.648000 132.000000 46
132.128000 132.352000 46
132.352000 132.672000 48
133.024000 133.216000 47
133.216000 133.792000 51
133.792000 133.888000 46
133.888000 134.752000 53
134.752000 136.160000 51
136.192000 136.224000 48
136.256000 136.576000 49
136.608000 136.800000 52
137.984000 138.304000 48
138.400000 138.944000 51
138.944000 139.744000 53
139.744000 140.544000 56
140.640000 140.864000 53
140.864000 141.056000 51
141.248000 141.312000 48
141.344000 141.440000 49
141.760000 142.016000 49
142.016000 142.816000 51
142.976000 144.576000 58
145.312000 145.856000 56
145.856000 149.600000 60
149.760000 153.696000 60
154.528000 154.592000 49
154.592000 154.816000 51
154.816000 155.424000 47
155.424000 157.088000 51
157.184000 157.792000 49
157.824000 157.888000 48
158.144000 158.240000 48
158.528000 158.816000 51
158.816000 163.840000 56
175.872000 184.448000 60
185.120000 188.064000 58
188.192000 188.448000 58
188.448000 188.704000 56
188.704000 189.472000 53
189.568000 190.368000 56
190.464000 193.120000 56
194.720000 194.976000 51
194.976000 195.168000 53
195.296000 196.928000 50
196.928000 197.056000 51
197.056000 197.536000 55
197.632000 198.560000 52
198.560000 198.752000 58
199.392000 199.584000 45
199.584000 199.808000 48
199.904000 200.096000 45
200.096000 200.352000 48
200.448000 200.736000 45
200.832000 201.664000 46
201.664000 201.792000 48
201.888000 202.112000 51
202.400000 203.232000 47
203.840000 204.352000 53
204.352000 205.056000 51
205.056000 205.536000 48
205.696000 205.856000 45
206.272000 206.592000 45
206.976000 207.200000 45
207.296000 207.840000 47
208.256000 208.448000 48
208.448000 208.992000 51
209.056000 209.120000 46
209.120000 209.216000 53
209.216000 209.472000 56
209.568000 209.824000 54
209.824000 210.016000 52
210.144000 211.104000 51
211.104000 211.808000 49
211.840000 211.904000 48
212.896000 213.440000 49
213.536000 213.600000 49
213.600000 214.080000 51
214.080000 214.528000 53
214.656000 214.912000 53
214.912000 215.712000 56
215.808000 216.224000 53
216.384000 216.640000 48
216.992000 217.664000 51
217.760000 217.984000 53
218.080000 218.144000 54
218.144000 218.528000 57
218.624000 219.072000 60
219.168000 219.648000 58
220.416000 228.672000 60
229.344000 229.536000 45
229.536000 229.856000 51
229.856000 230.336000 48
230.496000 231.776000 51
231.776000 233.024000 50
233.120000 233.472000 50
233.568000 234.048000 52
234.048000 237.760000 56
