9.408000 9.568000 52
10.080000 10.112000 52
10.528000 10.688000 53
11.360000 11.712000 53
11.904000 12.224000 53
20.768000 21.280000 53
21.344000 21.568000 53
28.352000 28.544000 53
28.896000 29.120000 53
29.440000 29.536000 53
33.120000 33.280000 57
33.408000 33.504000 62
33.632000 34.208000 65
34.368000 34.592000 63
34.592000 34.752000 60
34.752000 35.808000 61
35.808000 36.576000 63
37.120000 37.184000 61
37.184000 37.376000 62
37.376000 38.144000 65
38.368000 38.912000 65
38.912000 39.392000 61
39.424000 40.032000 68
40.128000 40.224000 67
40.416000 40.512000 61
40.608000 40.992000 61
41.120000 41.216000 60
41.216000 41.504000 61
41.600000 41.728000 63
41.728000 42.528000 65
42.624000 42.752000 68
42.752000 43.072000 64
43.168000 43.616000 62
43.872000 44.032000 61
44.128000 44.224000 62
44.352000 44.640000 64
45.120000 45.344000 61
45.632000 46.496000 64
47.136000 47.296000 61
47.616000 48.192000 68
48.384000 49.184000 61
49.184000 49.824000 58
50.112000 51.328000 65
51.424000 52.352000 61
52.608000 53.152000 64
53.152000 53.504000 61
54.656000 54.784000 63
55.136000 56.320000 61
56.608000 56.768000 66
56.768000 57.472000 67
57.600000 58.336000 65
58.624000 58.912000 65
59.104000 59.392000 65
59.584000 60.096000 61
60.096000 62.304000 63
62.624000 63.200000 63
63.616000 63.968000 61
64.096000 64.512000 60
64.640000 64.992000 58
65.376000 65.472000 63
66.624000 66.784000 65
66.880000 67.264000 65
67.360000 67.488000 65
68.160000 68.384000 60
68.960000 69.536000 60
69.632000 69.728000 62
69.888000 70.304000 63
70.400000 71.008000 64
71.136000 71.616000 61
71.616000 72.512000 59
72.960000 73.376000 61
73.376000 74.016000 64
74.112000 74.496000 65
74.624000 74.720000 68
74.720000 75.264000 69
75.360000 75.904000 64
76.128000 76.512000 67
77.152000 77.376000 60
77.376000 78.464000 63
78.624000 79.200000 64
79.200000 79.488000 60
79.616000 80.352000 61
81.152000 81.376000 61
81.376000 81.824000 63
82.144000 82.272000 70
82.400000 82.528000 70
83.488000 83.712000 67
83.712000 84.384000 68
84.384000 85.088000 73
85.184000 85.568000 62
85.760000 85.856000 64
86.112000 86.528000 70
86.624000 86.816000 65
87.264000 87.872000 68
87.872000 88.288000 64
88.384000 88.544000 65
88.832000 89.504000 61
89.664000 89.856000 65
90.528000 91.136000 65
91.712000 92.000000 63
92.224000 92.416000 63
92.416000 93.024000 61
93.120000 93.440000 61
93.440000 93.600000 63
93.728000 94.144000 65
95.360000 95.680000 68
95.904000 96.288000 64
96.384000 96.768000 65
96.928000 96.992000 62
97.024000 97.344000 61
97.344000 97.920000 63
97.920000 98.336000 59
98.624000 98.784000 65
98.912000 99.104000 64
99.648000 100.064000 60
100.480000 101.536000 61
101.568000 101.632000 63
101.632000 102.720000 65
102.720000 103.168000 62
103.360000 104.384000 61
104.800000 105.120000 60
105.120000 105.472000 61
105.472000 105.888000 64
105.888000 106.496000 61
106.624000 107.264000 65
108.384000 108.960000 60
108.960000 109.376000 61
109.376000 110.272000 65
110.368000 111.264000 61
111.360000 111.648000 61
111.840000 112.576000 60
112.832000 113.280000 60
113.632000 114.144000 61
115.104000 115.360000 58
115.360000 115.520000 63
115.616000 116.256000 65
116.256000 116.608000 63
116.608000 118.592000 61
119.136000 119.264000 62
119.360000 120.224000 65
120.384000 120.896000 65
120.992000 121.376000 61
121.408000 122.240000 68
122.400000 122.528000 61
122.624000 123.456000 61
123.616000 123.808000 64
123.904000 124.224000 65
124.352000 124.800000 68
124.800000 125.024000 64
125.120000 125.312000 63
125.312000 125.536000 61
125.632000 126.240000 63
126.368000 126.528000 63
127.104000 127.232000 61
127.584000 127.968000 64
128.128000 128.480000 64
129.120000 129.344000 61
129.632000 130.176000 68
130.368000 131.168000 61
131.168000 131.808000 58
132.128000 133.344000 65
133.440000 134.048000 61
134.144000 134.432000 63
134.592000 134.976000 64
135.136000 135.520000 61
136.608000 136.800000 63
137.280000 138.464000 62
138.624000 138.688000 64
138.688000 138.848000 67
138.848000 139.168000 68
139.168000 139.456000 65
139.616000 140.320000 65
140.608000 140.960000 65
141.088000 141.376000 65
141.568000 142.080000 61
142.080000 144.288000 63
144.608000 145.440000 62
145.664000 145.984000 60
146.112000 146.528000 60
146.624000 147.008000 58
147.168000 147.584000 58
154.496000 154.592000 61
155.360000 155.488000 63
156.608000 156.800000 65
156.896000 157.280000 65
157.760000 157.952000 62
158.208000 158.400000 60
158.944000 159.104000 59
159.104000 159.744000 61
159.872000 160.288000 63
160.384000 160.992000 64
161.152000 161.536000 61
161.568000 162.464000 59
162.976000 163.392000 61
163.392000 164.000000 64
164.128000 164.512000 65
164.608000 165.216000 69
165.376000 165.952000 63
166.144000 166.400000 67
167.136000 167.520000 60
167.648000 168.032000 63
168.128000 168.448000 63
168.608000 169.152000 64
169.152000 170.368000 61
171.168000 171.360000 61
171.360000 171.776000 63
172.160000 172.256000 70
172.416000 172.512000 69
172.704000 172.800000 65
173.376000 174.400000 68
174.400000 175.104000 72
175.392000 175.584000 63
176.128000 176.512000 70
176.672000 177.120000 65
177.184000 177.856000 68
177.856000 178.304000 64
178.400000 178.560000 65
178.848000 179.392000 61
179.392000 179.872000 63
180.000000 180.256000 59
180.640000 181.088000 65
181.184000 181.376000 65
181.696000 181.760000 63
181.824000 181.952000 63
182.208000 182.400000 63
182.400000 183.680000 61
183.680000 184.672000 65
185.216000 185.280000 68
185.344000 185.792000 68
185.792000 186.752000 65
186.880000 187.328000 61
187.328000 187.840000 63
188.128000 189.120000 65
190.432000 190.976000 60
191.072000 191.552000 61
191.552000 193.024000 64
193.088000 193.248000 62
193.344000 193.664000 61
193.760000 194.368000 60
194.880000 195.136000 60
195.136000 195.296000 61
195.296000 195.904000 63
195.904000 196.576000 61
196.672000 196.896000 63
197.120000 197.312000 63
197.472000 197.600000 61
197.888000 198.176000 60
198.240000 198.880000 60
198.880000 199.392000 61
199.392000 201.248000 64
201.344000 201.632000 61
202.144000 202.272000 60
202.848000 202.944000 60
203.168000 203.360000 61
203.456000 203.680000 62
203.680000 204.000000 65
204.384000 204.768000 65
204.864000 205.504000 66
205.632000 206.016000 68
206.368000 207.040000 68
207.040000 209.504000 71
210.080000 210.304000 69
210.624000 211.008000 68
211.168000 212.096000 64
212.384000 212.768000 65
212.864000 213.504000 66
213.632000 214.016000 67
214.592000 214.784000 68
215.616000 215.808000 72
216.384000 217.600000 72
219.136000 219.392000 72
