35.328000 35.456000 69
35.616000 36.192000 69
49.408000 50.144000 72
50.752000 51.104000 67
52.160000 52.256000 62
54.880000 55.552000 61
55.744000 56.224000 62
56.320000 56.768000 63
56.960000 59.872000 67
59.872000 62.272000 69
62.400000 62.560000 69
63.072000 63.808000 72
63.808000 64.992000 73
65.088000 66.464000 69
66.560000 66.912000 68
66.912000 67.680000 66
67.776000 68.032000 62
68.448000 69.184000 60
69.184000 69.984000 62
69.984000 70.720000 66
70.720000 71.392000 67
71.392000 76.224000 69
76.992000 77.664000 57
77.888000 78.400000 57
79.232000 79.584000 57
79.584000 79.872000 61
80.000000 82.176000 68
82.304000 82.624000 69
82.624000 83.136000 67
83.296000 83.840000 66
83.936000 84.480000 63
84.576000 85.152000 67
85.152000 85.760000 63
85.856000 86.144000 60
86.560000 87.712000 58
88.128000 88.320000 57
88.672000 89.120000 57
89.248000 89.824000 58
89.920000 90.208000 60
90.592000 91.232000 57
91.232000 91.360000 58
91.360000 91.552000 59
91.552000 91.712000 60
91.712000 91.904000 61
91.904000 92.672000 62
92.672000 93.856000 66
94.336000 97.408000 63
97.600000 97.856000 63
98.688000 99.296000 57
102.240000 102.496000 62
104.352000 104.480000 62
104.736000 104.864000 62
111.616000 111.744000 62
112.832000 113.088000 62
113.184000 113.664000 62
114.144000 114.272000 62
117.152000 118.080000 65
118.080000 119.168000 68
119.296000 120.672000 65
122.976000 125.344000 57
125.824000 126.176000 57
128.544000 128.864000 55
129.024000 129.280000 53
131.552000 131.808000 57
132.000000 132.096000 60
132.192000 132.320000 62
132.640000 132.768000 62
133.472000 133.728000 62
134.080000 134.272000 62
134.368000 134.560000 62
139.168000 139.200000 60
142.880000 143.488000 61
143.488000 144.384000 62
144.384000 147.456000 67
147.488000 150.112000 69
150.208000 150.496000 69
150.848000 151.488000 72
151.616000 152.800000 74
152.928000 153.056000 70
153.056000 154.272000 69
154.272000 155.424000 66
155.424000 155.808000 62
156.128000 156.832000 60
156.832000 157.440000 62
157.440000 159.072000 67
159.264000 159.360000 71
159.360000 159.680000 70
159.680000 160.832000 68
160.992000 162.912000 57
163.008000 164.448000 57
164.544000 166.176000 57
166.816000 167.072000 57
167.072000 167.488000 60
167.648000 169.728000 68
169.856000 170.080000 69
170.080000 171.232000 66
171.488000 171.968000 62
172.128000 172.704000 67
172.704000 173.280000 62
173.440000 173.952000 61
174.240000 175.232000 57
175.520000 175.904000 55
176.064000 177.088000 55
177.440000 177.760000 53
178.016000 178.144000 56
178.208000 178.496000 57
178.624000 178.720000 57
178.720000 179.136000 59
179.360000 180.096000 62
180.096000 180.480000 67
180.576000 181.280000 66
181.280000 181.568000 63
181.760000 185.472000 62
191.296000 191.392000 62
191.744000 192.256000 62
194.720000 194.880000 67
195.136000 195.232000 67
198.816000 198.944000 63
198.944000 200.480000 62
200.480000 200.640000 64
200.640000 203.680000 67
203.680000 205.856000 69
206.144000 206.240000 69
206.560000 207.200000 72
207.200000 208.384000 74
208.544000 209.824000 69
209.856000 210.464000 68
210.464000 211.136000 65
211.136000 211.360000 62
211.840000 212.160000 60
212.160000 212.480000 61
212.480000 212.896000 62
212.896000 213.600000 65
213.760000 214.688000 67
214.816000 214.912000 71
215.072000 219.392000 69
220.128000 220.832000 57
221.024000 221.504000 57
222.336000 222.528000 68
222.720000 222.976000 72
223.072000 223.584000 69
223.584000 226.752000 67
227.008000 227.488000 63
227.616000 228.192000 67
228.288000 228.832000 62
228.832000 229.568000 60
229.568000 230.752000 58
231.008000 231.392000 55
231.552000 232.096000 55
232.192000 232.800000 56
233.536000 233.984000 58
234.144000 234.784000 59
234.944000 235.616000 62
235.616000 236.832000 66
236.832000 237.056000 60
237.216000 237.504000 61
237.600000 237.824000 60
237.824000 240.928000 63
243.872000 245.728000 65
