2.848000 3.200000 61
4.352000 4.576000 59
7.680000 8.192000 60
25.184000 26.272000 63
26.368000 26.688000 64
26.784000 26.912000 64
27.040000 27.520000 63
27.520000 27.776000 60
27.872000 29.248000 65
31.744000 31.968000 61
32.128000 32.832000 62
32.960000 34.080000 61
34.176000 34.336000 58
34.464000 34.528000 60
34.528000 34.912000 62
35.136000 36.192000 64
38.112000 38.560000 63
38.656000 38.976000 64
39.264000 40.672000 63
41.088000 41.536000 64
41.664000 42.016000 66
42.016000 42.688000 65
42.688000 43.200000 62
44.800000 45.152000 61
45.312000 45.824000 62
45.920000 46.400000 61
46.912000 47.200000 61
47.424000 47.936000 63
48.032000 48.992000 60
49.280000 49.696000 60
49.792000 50.016000 61
50.208000 50.848000 57
51.040000 52.768000 71
52.768000 54.592000 69
54.592000 55.712000 71
57.184000 57.888000 65
58.016000 58.752000 65
58.848000 61.760000 65
62.144000 62.176000 61
62.400000 62.816000 69
62.944000 63.104000 67
63.104000 63.264000 64
63.360000 63.680000 67
63.776000 63.904000 69
64.032000 65.152000 62
66.688000 66.976000 57
67.072000 67.200000 59
67.360000 68.288000 64
68.928000 69.408000 69
69.504000 69.664000 67
69.664000 69.984000 64
69.984000 70.560000 67
70.560000 71.712000 62
72.800000 72.960000 60
73.120000 74.112000 62
74.272000 74.880000 60
75.520000 75.808000 68
75.904000 76.192000 67
76.320000 76.608000 67
76.768000 77.088000 71
77.184000 77.248000 67
77.248000 77.568000 69
77.568000 78.208000 67
78.208000 78.720000 64
78.848000 79.520000 67
79.616000 80.288000 65
80.416000 80.992000 63
80.992000 81.728000 67
82.144000 83.072000 68
83.072000 83.616000 67
83.744000 84.064000 63
84.192000 84.736000 60
85.312000 85.472000 60
85.568000 85.824000 62
85.952000 86.272000 63
86.272000 87.904000 60
94.144000 94.496000 63
94.592000 96.768000 63
96.928000 97.440000 64
97.568000 98.624000 65
100.960000 101.024000 60
101.088000 101.408000 61
101.568000 102.624000 62
102.752000 103.072000 61
103.072000 103.328000 58
103.488000 105.248000 64
106.368000 106.688000 64
106.688000 107.680000 68
107.680000 107.872000 64
108.352000 109.184000 72
109.440000 109.696000 69
109.792000 110.240000 67
110.464000 112.000000 65
112.256000 112.928000 62
112.928000 113.248000 58
113.920000 114.208000 62
114.368000 115.008000 61
115.200000 115.552000 60
115.776000 116.832000 62
116.928000 117.248000 61
117.376000 117.952000 60
118.368000 118.784000 60
118.880000 119.104000 61
119.296000 120.000000 58
120.096000 120.256000 60
120.448000 121.792000 71
121.792000 123.584000 69
123.584000 124.832000 71
126.208000 126.944000 65
127.072000 128.192000 65
128.288000 128.736000 65
128.960000 129.184000 65
129.184000 130.112000 68
130.112000 130.880000 62
131.200000 131.232000 61
131.424000 131.872000 69
132.000000 132.160000 67
132.160000 132.288000 64
132.416000 132.704000 67
132.800000 132.960000 69
133.056000 134.176000 62
135.776000 136.000000 57
136.096000 136.256000 60
136.416000 137.376000 64
137.952000 138.720000 69
138.720000 138.848000 64
138.944000 139.008000 64
139.008000 139.616000 67
139.712000 140.288000 63
140.288000 140.608000 58
141.760000 141.984000 60
142.176000 143.136000 62
143.328000 143.968000 60
144.608000 144.864000 69
144.960000 145.248000 67
145.344000 145.696000 67
145.792000 146.112000 71
146.208000 147.392000 67
147.488000 147.744000 64
147.872000 148.512000 67
148.640000 149.344000 65
149.472000 149.920000 63
149.920000 150.752000 67
151.168000 152.672000 67
152.768000 153.088000 63
153.216000 153.728000 61
154.432000 154.528000 60
154.688000 154.944000 61
155.040000 155.424000 63
155.552000 157.632000 60
158.720000 158.784000 62
158.784000 158.976000 64
158.976000 159.360000 67
159.584000 160.992000 69
161.984000 162.656000 68
162.784000 163.456000 70
163.456000 163.904000 67
164.256000 165.152000 67
165.280000 165.376000 69
165.536000 165.664000 67
165.792000 165.920000 70
166.080000 168.960000 71
168.960000 170.432000 69
170.432000 171.008000 65
171.360000 173.024000 64
173.120000 173.696000 59
173.920000 174.720000 60
175.136000 176.256000 63
176.352000 176.512000 59
176.704000 177.408000 60
177.600000 177.888000 62
178.432000 178.592000 68
178.688000 178.848000 69
179.008000 179.584000 70
179.712000 179.840000 67
179.840000 180.288000 65
180.288000 181.888000 62
181.888000 182.400000 67
182.400000 182.816000 69
184.064000 185.152000 67
185.248000 185.632000 68
185.760000 186.592000 63
187.968000 188.288000 63
188.448000 188.832000 63
188.960000 189.152000 61
189.248000 190.240000 64
191.104000 191.648000 68
191.776000 192.192000 67
192.352000 192.544000 68
192.736000 193.088000 63
193.088000 193.472000 60
194.720000 195.072000 59
195.264000 195.680000 61
196.416000 197.120000 56
197.952000 198.112000 63
198.208000 198.848000 64
199.040000 199.136000 63
199.136000 199.584000 65
200.384000 200.448000 63
200.448000 201.216000 67
201.344000 201.696000 67
201.696000 202.464000 65
202.752000 203.264000 61
204.192000 204.832000 62
204.992000 205.184000 61
205.184000 206.144000 63
206.304000 206.464000 60
206.688000 207.296000 60
208.640000 209.088000 63
209.088000 210.112000 60
211.744000 211.904000 61
212.064000 212.544000 62
212.672000 213.120000 64
213.344000 213.472000 60
213.696000 214.336000 60
216.448000 216.832000 63
216.832000 216.992000 61
217.088000 218.080000 60
