4.576000 6.144000 65
7.168000 7.264000 69
8.320000 11.264000 63
11.584000 11.840000 56
12.832000 12.992000 57
13.408000 13.504000 57
15.616000 15.968000 53
17.984000 18.176000 51
20.000000 20.320000 57
22.464000 22.624000 51
22.720000 22.880000 52
23.104000 23.168000 59
23.168000 23.328000 61
23.328000 24.320000 64
24.480000 25.312000 63
26.432000 26.784000 55
29.568000 29.632000 54
29.632000 29.728000 56
29.728000 30.400000 58
30.400000 30.784000 61
31.264000 32.320000 65
32.416000 32.544000 63
32.672000 32.928000 63
33.952000 34.304000 57
34.304000 34.720000 60
34.880000 35.360000 65
35.456000 35.968000 65
36.128000 36.704000 63
37.760000 38.016000 63
38.208000 38.432000 61
38.528000 39.296000 59
39.296000 39.936000 57
41.376000 41.728000 56
41.856000 42.048000 58
42.432000 43.648000 53
44.576000 45.216000 58
45.312000 45.440000 58
45.600000 45.824000 58
45.824000 46.048000 61
46.048000 46.880000 65
46.976000 47.648000 63
48.608000 49.056000 57
49.056000 49.408000 61
49.696000 50.784000 65
50.912000 51.488000 63
52.352000 52.512000 64
52.512000 53.152000 62
53.376000 53.728000 60
53.728000 55.136000 56
56.192000 56.384000 56
56.384000 57.280000 53
57.280000 58.624000 59
58.624000 58.944000 61
58.944000 59.840000 65
60.832000 61.504000 52
61.504000 61.600000 56
61.728000 62.112000 60
62.304000 62.976000 53
63.200000 63.520000 60
64.576000 65.344000 53
65.472000 65.760000 60
66.080000 66.528000 52
66.816000 67.104000 60
67.904000 68.064000 61
68.192000 68.736000 62
69.024000 70.656000 51
71.936000 72.000000 62
72.000000 72.512000 65
72.608000 73.440000 63
73.568000 74.304000 61
74.432000 74.592000 61
74.592000 75.360000 64
75.648000 76.320000 65
76.512000 76.640000 61
76.640000 76.800000 58
77.184000 77.536000 53
77.664000 77.952000 58
77.952000 78.464000 61
79.392000 79.808000 64
79.968000 80.160000 58
80.160000 80.512000 61
80.768000 81.344000 53
81.344000 81.440000 56
81.568000 81.952000 61
82.368000 82.624000 55
82.752000 85.088000 68
86.688000 88.448000 68
88.448000 89.760000 66
90.112000 90.304000 57
90.304000 92.608000 68
93.152000 93.312000 68
93.312000 93.408000 67
93.408000 94.816000 64
94.976000 95.968000 63
95.968000 96.256000 65
96.736000 97.152000 64
97.248000 97.376000 65
97.472000 99.424000 68
99.552000 100.096000 67
100.096000 100.672000 65
100.768000 100.928000 63
101.536000 101.792000 63
101.888000 102.048000 61
102.144000 102.400000 63
102.688000 102.976000 61
103.296000 103.744000 64
104.128000 105.440000 65
105.440000 106.208000 61
106.464000 106.688000 61
106.944000 107.136000 68
107.136000 107.200000 63
107.328000 107.840000 61
107.840000 108.288000 64
108.832000 108.896000 60
109.216000 109.728000 63
110.048000 110.208000 64
110.208000 110.336000 62
110.528000 110.848000 65
111.552000 111.776000 64
111.776000 112.256000 65
112.256000 112.736000 66
112.864000 114.080000 61
114.304000 114.560000 67
114.560000 114.944000 61
115.040000 115.232000 61
115.232000 115.680000 64
116.256000 117.152000 63
117.888000 117.920000 62
117.984000 118.144000 61
118.336000 118.368000 61
118.752000 118.880000 62
122.304000 122.784000 60
123.040000 123.296000 60
123.296000 123.552000 61
123.552000 123.968000 64
124.096000 125.184000 63
126.272000 127.232000 61
128.192000 129.760000 63
132.768000 133.568000 58
133.696000 134.144000 61
134.688000 135.616000 65
135.776000 136.352000 63
137.184000 137.280000 57
137.376000 137.504000 58
137.664000 138.016000 61
138.176000 139.392000 65
139.488000 140.064000 63
141.216000 141.408000 62
141.568000 141.728000 61
141.728000 142.176000 60
142.176000 142.432000 62
142.528000 142.624000 61
142.624000 143.680000 56
144.608000 144.640000 56
144.832000 145.568000 57
145.856000 147.456000 53
148.448000 148.608000 57
148.704000 149.120000 61
149.472000 150.176000 65
150.304000 150.528000 65
150.528000 151.008000 63
152.064000 152.416000 59
152.416000 152.960000 61
153.088000 154.112000 65
154.240000 154.368000 63
154.496000 154.848000 63
155.872000 156.288000 67
156.384000 156.608000 65
156.608000 157.440000 70
157.568000 158.912000 68
159.840000 160.064000 60
160.160000 160.896000 62
160.896000 163.104000 65
164.416000 164.992000 53
165.216000 165.440000 59
165.632000 166.272000 53
166.592000 167.040000 60
167.936000 168.576000 53
168.576000 169.024000 58
169.344000 169.984000 53
170.208000 170.528000 60
171.552000 172.096000 62
172.352000 174.016000 51
175.296000 175.872000 65
176.000000 176.800000 63
176.928000 177.696000 61
177.792000 178.176000 62
178.272000 178.720000 64
178.976000 179.104000 53
179.200000 179.584000 53
180.160000 180.320000 55
180.576000 180.896000 53
181.056000 181.184000 56
181.408000 181.792000 59
182.720000 183.168000 53
183.552000 183.744000 61
184.096000 184.384000 53
184.480000 184.608000 52
184.896000 185.312000 60
185.760000 185.952000 56
186.112000 188.320000 68
188.320000 188.544000 70
189.920000 190.112000 66
190.112000 190.208000 67
190.208000 190.944000 70
190.944000 191.776000 73
191.776000 192.736000 65
193.504000 193.728000 57
193.728000 196.096000 68
196.544000 196.800000 67
196.800000 198.112000 64
198.144000 198.176000 62
198.336000 198.880000 63
198.944000 199.008000 61
199.008000 199.712000 65
200.160000 200.544000 65
200.640000 200.768000 65
200.864000 202.816000 68
202.912000 203.424000 67
203.424000 204.320000 64
204.864000 205.120000 61
205.312000 205.728000 63
206.656000 207.168000 65
207.552000 208.736000 66
208.736000 209.536000 61
209.632000 210.048000 61
210.304000 210.528000 67
210.528000 210.592000 63
210.720000 211.232000 61
211.232000 211.680000 64
212.160000 212.224000 60
212.224000 212.576000 62
212.832000 213.184000 63
213.248000 213.600000 63
213.824000 214.240000 65
214.976000 215.136000 64
215.136000 216.128000 65
216.224000 217.440000 61
217.632000 217.888000 68
217.888000 218.272000 61
218.400000 218.624000 61
218.624000 219.040000 64
219.552000 219.712000 62
219.744000 220.576000 63
220.736000 220.928000 63
221.152000 221.888000 61
221.920000 221.952000 61
222.048000 222.304000 61
223.040000 223.328000 57
223.584000 224.064000 61
224.160000 227.104000 68
227.296000 227.584000 61
227.680000 227.712000 59
227.776000 227.840000 60
227.840000 229.152000 64
229.536000 230.304000 65
230.400000 230.624000 66
230.624000 232.672000 68
232.672000 233.088000 66
233.184000 233.600000 68
233.600000 234.176000 70
234.432000 234.688000 59
234.848000 235.264000 61
235.264000 235.648000 63
235.648000 235.968000 61
235.968000 236.768000 64
237.056000 237.728000 65
237.728000 238.272000 66
238.272000 239.616000 61
239.808000 240.032000 67
240.032000 240.128000 62
240.224000 240.768000 61
240.768000 241.280000 64
241.696000 241.888000 60
242.080000 242.112000 62
242.144000 242.208000 62
242.272000 242.304000 62
242.336000 243.072000 63
243.328000 243.744000 64
244.512000 244.576000 64
244.576000 245.664000 66
245.760000 246.976000 61
247.200000 247.424000 68
247.424000 247.840000 61
247.936000 248.160000 61
248.160000 248.544000 65
249.088000 250.016000 63
250.176000 250.304000 63
250.400000 250.592000 64
250.688000 251.904000 61
270.464000 270.656000 66
