20.864000 21.248000 60
21.376000 22.144000 59
22.272000 22.400000 59
22.624000 23.040000 58
23.648000 24.160000 59
25.344000 25.472000 59
25.600000 25.920000 57
26.080000 26.688000 54
27.104000 27.232000 53
27.360000 27.712000 55
29.056000 29.216000 59
29.344000 29.664000 58
29.760000 29.984000 56
30.112000 30.336000 54
30.464000 30.752000 52
31.200000 31.424000 52
32.096000 32.384000 58
32.576000 32.704000 58
32.704000 33.440000 55
35.840000 36.576000 59
36.768000 37.792000 60
37.984000 38.272000 62
38.432000 39.040000 59
40.256000 40.864000 59
40.992000 41.568000 61
41.792000 42.144000 65
42.144000 42.880000 59
44.032000 44.224000 59
44.320000 44.448000 59
44.448000 45.440000 61
45.440000 45.856000 65
46.208000 46.560000 63
46.656000 47.136000 62
47.360000 47.840000 59
48.032000 49.440000 62
49.888000 50.080000 59
50.176000 50.720000 59
50.848000 51.232000 65
51.328000 52.096000 59
52.256000 52.576000 65
52.704000 52.960000 59
53.216000 53.504000 55
53.728000 53.792000 55
53.792000 54.016000 56
54.016000 54.656000 58
54.816000 55.168000 61
55.520000 55.680000 61
55.680000 56.416000 63
56.416000 56.928000 61
57.376000 58.336000 59
58.336000 58.752000 65
58.752000 59.712000 59
59.712000 60.128000 65
60.224000 60.576000 60
60.704000 61.216000 63
61.216000 62.048000 61
62.592000 63.648000 61
63.840000 64.352000 61
64.480000 66.400000 61
68.416000 69.024000 63
69.024000 69.280000 61
69.376000 70.048000 62
70.048000 70.240000 59
70.336000 70.560000 58
70.560000 70.656000 59
70.656000 71.104000 62
71.232000 71.488000 60
72.160000 72.864000 62
72.864000 73.504000 61
73.600000 74.336000 59
74.528000 74.656000 63
74.656000 75.328000 64
75.680000 76.064000 56
76.160000 76.704000 55
76.896000 77.248000 53
77.600000 77.728000 56
77.824000 78.272000 64
78.368000 78.656000 63
78.656000 79.360000 56
79.904000 80.256000 58
80.352000 80.704000 58
80.864000 81.216000 60
81.344000 81.472000 57
82.048000 82.688000 63
83.424000 84.032000 63
84.032000 84.512000 60
84.512000 84.928000 63
84.928000 85.536000 59
85.760000 85.984000 63
85.984000 86.528000 60
87.168000 87.744000 62
87.904000 88.032000 61
88.160000 88.320000 62
88.320000 88.640000 63
88.640000 89.536000 59
89.536000 90.304000 63
90.720000 90.944000 57
91.136000 91.648000 65
92.032000 92.416000 66
92.544000 92.736000 68
92.928000 93.504000 63
93.984000 94.592000 67
94.784000 95.392000 60
95.392000 95.872000 58
96.544000 96.768000 63
96.768000 97.536000 60
97.792000 97.920000 56
98.048000 99.552000 57
104.768000 105.152000 61
105.888000 106.048000 64
106.240000 106.624000 61
106.720000 107.040000 63
112.064000 112.224000 66
112.768000 112.864000 66
113.216000 113.312000 66
113.728000 114.208000 64
114.336000 114.560000 70
114.784000 115.712000 68
115.936000 117.344000 68
118.912000 119.008000 69
122.144000 122.848000 60
123.008000 124.096000 60
124.224000 124.512000 62
124.704000 125.312000 59
126.496000 126.688000 59
126.784000 126.912000 59
126.912000 127.904000 61
127.904000 128.320000 65
128.320000 129.312000 59
130.208000 130.368000 59
130.592000 131.552000 61
131.680000 132.096000 65
132.384000 132.992000 63
132.992000 133.536000 61
133.536000 134.336000 59
134.336000 135.616000 63
136.128000 136.960000 59
137.088000 137.216000 63
137.216000 137.472000 66
137.536000 138.368000 59
138.496000 138.784000 65
138.976000 139.104000 60
139.104000 139.616000 55
139.904000 140.064000 55
140.064000 140.544000 57
140.640000 141.376000 60
141.760000 141.888000 61
141.888000 142.624000 63
142.624000 143.232000 61
143.648000 144.576000 59
144.576000 144.928000 65
145.056000 145.952000 59
145.952000 146.304000 65
146.432000 146.816000 60
146.944000 147.392000 63
147.392000 148.480000 61
148.832000 149.024000 59
149.024000 149.600000 61
149.760000 149.888000 61
150.048000 150.400000 61
150.752000 152.960000 66
154.688000 155.520000 62
155.616000 156.224000 62
156.224000 156.480000 59
156.576000 156.832000 58
156.832000 157.376000 61
157.664000 157.824000 60
158.432000 159.104000 63
159.104000 160.096000 61
160.096000 160.576000 59
160.800000 161.504000 64
161.920000 162.208000 57
162.208000 163.552000 67
164.064000 164.928000 64
165.024000 165.504000 56
166.144000 166.272000 58
166.400000 166.528000 59
166.624000 166.944000 59
167.104000 167.456000 60
167.616000 167.712000 58
168.288000 168.992000 63
169.664000 170.304000 63
170.304000 170.336000 61
170.336000 171.616000 60
171.616000 171.744000 58
172.000000 172.128000 64
172.128000 172.832000 60
173.408000 174.016000 62
174.144000 174.272000 61
174.400000 175.136000 62
175.136000 175.584000 58
175.712000 176.448000 64
176.992000 177.216000 57
177.376000 177.856000 65
178.304000 178.688000 67
178.784000 179.008000 68
179.200000 179.808000 63
180.160000 180.864000 67
181.024000 181.632000 60
181.632000 182.208000 58
182.784000 183.040000 63
183.040000 183.776000 60
184.000000 184.192000 55
184.384000 184.448000 55
184.448000 185.024000 58
185.024000 185.760000 56
189.600000 189.696000 57
189.696000 189.952000 59
190.080000 190.848000 61
191.008000 191.392000 57
191.488000 191.712000 56
191.904000 191.968000 62
191.968000 194.016000 65
194.016000 194.560000 61
194.656000 195.584000 61
195.680000 195.840000 60
195.968000 196.352000 56
196.352000 197.280000 61
197.536000 197.760000 61
197.760000 198.400000 64
198.496000 198.656000 65
198.944000 199.328000 64
199.456000 200.256000 64
200.352000 201.184000 66
201.344000 201.664000 65
201.792000 202.272000 63
203.424000 204.256000 64
204.384000 205.056000 64
205.056000 205.216000 60
205.312000 205.600000 60
205.600000 206.048000 64
206.240000 206.560000 62
207.168000 208.512000 64
208.608000 209.344000 60
209.568000 210.272000 65
210.656000 211.040000 58
211.136000 211.840000 69
211.936000 212.288000 67
212.832000 213.248000 66
213.376000 213.696000 65
213.696000 214.912000 58
215.360000 215.712000 60
215.840000 216.256000 60
216.608000 217.152000 64
217.248000 217.408000 62
217.536000 217.984000 65
218.016000 218.240000 65
218.432000 219.008000 65
219.104000 219.488000 62
219.488000 219.904000 64
219.904000 220.544000 60
220.768000 221.056000 65
221.152000 221.504000 62
222.144000 222.272000 65
222.400000 222.752000 64
222.880000 223.008000 62
223.136000 223.904000 63
223.904000 224.384000 60
224.384000 224.640000 62
224.640000 224.768000 66
224.960000 225.248000 65
225.728000 225.920000 58
226.144000 226.592000 66
227.040000 227.744000 69
227.936000 228.512000 65
228.896000 229.568000 69
229.728000 230.400000 62
230.400000 231.104000 60
231.584000 231.904000 65
231.904000 232.256000 63
232.384000 232.576000 62
232.576000 233.056000 58
233.184000 233.504000 59
233.664000 234.912000 58
