3.264000 3.584000 76
3.584000 3.936000 78
3.936000 4.448000 75
4.512000 5.888000 71
5.888000 6.528000 75
7.296000 8.384000 73
8.512000 8.768000 75
8.768000 9.088000 71
9.952000 10.048000 75
10.976000 11.392000 75
11.392000 11.840000 78
12.000000 12.224000 75
12.224000 13.728000 71
13.856000 14.752000 67
14.848000 14.944000 67
15.456000 16.192000 66
16.672000 16.800000 72
16.800000 16.896000 70
17.184000 17.504000 64
17.632000 17.888000 61
18.400000 18.752000 66
18.880000 19.104000 68
19.360000 19.456000 68
19.616000 19.744000 68
19.872000 20.000000 68
20.000000 20.320000 70
20.320000 20.736000 68
20.832000 21.248000 67
21.344000 21.504000 68
21.568000 21.952000 65
22.080000 22.176000 68
22.176000 23.456000 65
24.032000 24.384000 61
24.544000 24.640000 60
25.024000 25.408000 64
25.408000 25.888000 61
26.272000 26.560000 66
26.752000 26.944000 68
27.232000 27.424000 68
27.520000 27.968000 68
27.968000 28.128000 71
28.256000 28.544000 67
28.768000 29.376000 68
29.472000 29.792000 66
29.952000 30.112000 73
30.112000 30.944000 68
30.944000 31.520000 72
32.128000 32.352000 67
32.672000 34.304000 71
34.400000 34.528000 68
34.624000 35.360000 69
35.808000 36.064000 71
36.064000 36.288000 68
36.640000 37.312000 64
37.824000 39.296000 66
39.808000 39.968000 71
39.968000 40.160000 68
40.544000 42.144000 71
42.240000 43.200000 68
43.712000 43.808000 71
44.000000 44.160000 68
44.256000 44.352000 64
44.512000 45.504000 64
45.696000 45.888000 64
45.984000 46.144000 64
46.464000 47.328000 61
47.680000 47.904000 61
48.128000 48.320000 64
48.448000 48.768000 63
48.896000 49.024000 66
49.120000 49.248000 66
49.248000 49.568000 68
49.568000 50.240000 71
50.240000 50.784000 64
51.104000 51.488000 65
51.584000 51.808000 64
52.064000 52.256000 64
52.384000 52.480000 63
52.576000 52.800000 64
52.800000 53.472000 67
53.568000 54.048000 66
54.240000 54.464000 64
54.464000 55.264000 62
55.520000 55.776000 61
56.032000 56.416000 61
56.512000 56.608000 63
56.768000 57.088000 66
57.088000 57.472000 68
57.472000 58.144000 71
58.144000 58.624000 64
58.944000 59.328000 66
59.456000 59.776000 64
59.904000 60.096000 64
60.448000 61.856000 66
62.144000 62.432000 64
62.656000 62.784000 64
62.912000 63.232000 61
65.888000 65.984000 61
72.736000 72.992000 62
76.768000 77.056000 64
77.184000 77.280000 64
77.536000 77.632000 64
78.432000 78.624000 64
79.168000 79.264000 62
79.392000 79.616000 62
83.424000 83.552000 62
86.368000 86.464000 62
87.296000 87.392000 62
90.720000 90.976000 63
91.200000 91.232000 63
91.264000 91.360000 64
92.384000 92.608000 64
92.928000 93.024000 65
93.280000 93.376000 64
94.976000 95.200000 66
96.256000 96.864000 66
97.376000 97.536000 64
97.952000 98.624000 64
98.752000 98.976000 64
99.392000 100.512000 61
100.800000 101.152000 59
101.312000 101.408000 59
101.760000 101.888000 59
112.576000 112.768000 61
113.664000 113.856000 66
114.016000 114.304000 68
114.528000 115.072000 64
120.448000 120.832000 61
120.928000 121.088000 59
121.440000 121.824000 64
121.920000 122.304000 61
122.432000 122.528000 66
122.688000 122.880000 66
123.136000 123.328000 68
123.616000 124.224000 68
124.384000 124.480000 71
124.640000 125.504000 68
125.568000 125.728000 68
125.856000 126.016000 66
126.016000 127.200000 64
127.200000 127.680000 66
128.320000 128.608000 61
128.800000 128.896000 60
129.280000 129.632000 64
129.760000 130.112000 61
130.272000 130.816000 66
131.488000 132.864000 68
132.992000 133.600000 68
133.696000 134.048000 65
134.208000 134.336000 73
134.336000 135.008000 68
135.200000 135.744000 72
136.160000 136.384000 71
136.960000 137.696000 71
138.112000 138.464000 73
138.656000 139.552000 69
140.096000 140.320000 71
140.928000 141.024000 64
141.600000 141.696000 63
142.080000 142.176000 63
142.336000 142.656000 66
142.816000 143.648000 66
144.032000 144.224000 71
144.832000 145.504000 71
146.016000 146.336000 73
146.560000 147.520000 69
148.000000 148.096000 70
148.224000 148.416000 67
148.768000 148.864000 64
169.664000 169.792000 61
170.048000 170.720000 63
170.848000 171.200000 66
171.200000 171.552000 68
171.552000 172.224000 71
172.224000 173.888000 64
174.112000 174.720000 64
174.720000 176.192000 66
176.192000 177.632000 61
177.792000 178.144000 64
178.144000 178.368000 61
178.464000 178.624000 64
178.752000 179.360000 67
179.392000 179.808000 71
179.936000 180.032000 71
180.128000 182.560000 64
182.880000 184.288000 66
184.384000 184.608000 61
184.608000 186.048000 65
186.144000 186.464000 66
186.464000 187.296000 64
187.424000 189.984000 59
190.272000 191.104000 56
191.872000 193.440000 59
193.728000 193.888000 61
194.560000 195.040000 64
195.136000 197.472000 60
197.536000 198.752000 56
198.848000 199.008000 57
199.488000 199.744000 62
200.224000 200.608000 64
200.928000 201.088000 65
201.344000 201.600000 65
201.920000 202.272000 64
202.464000 203.008000 64
203.520000 203.808000 63
204.128000 204.768000 64
208.544000 208.960000 59
209.344000 210.144000 61
210.272000 210.464000 61
210.816000 211.680000 64
212.096000 212.896000 64
213.056000 216.704000 68
