9.728000 9.856000 47
9.952000 10.112000 47
10.112000 10.688000 50
12.032000 12.416000 48
13.504000 13.728000 47
28.992000 29.120000 51
29.120000 29.216000 52
29.216000 29.280000 53
29.280000 29.344000 54
29.344000 30.240000 58
30.400000 31.040000 57
31.040000 31.808000 59
32.800000 33.536000 59
33.728000 33.920000 57
34.016000 34.464000 56
34.656000 34.848000 57
34.944000 35.680000 56
36.736000 38.496000 55
38.656000 39.200000 57
39.360000 39.936000 55
40.032000 40.256000 52
40.384000 40.896000 52
44.256000 44.864000 52
44.960000 45.120000 54
45.280000 45.728000 54
45.728000 46.688000 56
46.816000 47.008000 63
47.168000 47.680000 64
47.808000 48.000000 56
48.096000 49.088000 54
49.216000 49.504000 52
49.664000 50.400000 61
51.776000 52.320000 57
52.480000 52.672000 56
52.832000 53.184000 54
53.728000 54.208000 52
55.488000 56.064000 57
56.192000 56.384000 56
56.512000 56.832000 54
57.216000 57.440000 53
57.568000 58.240000 54
62.240000 63.680000 56
63.680000 64.256000 57
64.256000 64.448000 59
64.544000 65.344000 64
65.440000 65.888000 64
66.048000 66.144000 59
66.304000 67.040000 57
68.352000 68.544000 61
68.544000 69.664000 59
69.792000 70.016000 57
70.208000 71.008000 59
71.776000 71.936000 61
72.128000 72.832000 56
73.600000 74.400000 56
74.528000 75.232000 54
75.392000 76.256000 54
76.800000 78.752000 57
78.752000 78.848000 59
79.072000 79.712000 64
79.936000 80.640000 64
80.800000 81.824000 68
82.240000 83.392000 60
84.736000 85.184000 59
85.184000 85.984000 64
86.560000 87.008000 54
87.328000 88.000000 54
88.192000 88.992000 52
89.280000 89.984000 61
90.080000 90.304000 61
96.032000 96.544000 67
97.056000 97.152000 66
97.856000 97.984000 66
101.824000 102.112000 52
102.112000 103.008000 57
103.136000 103.712000 56
103.840000 104.416000 59
105.280000 105.504000 59
105.504000 105.984000 58
105.984000 106.560000 56
106.720000 106.816000 56
107.040000 107.936000 56
107.936000 108.288000 59
108.960000 110.528000 55
110.656000 111.520000 56
111.520000 111.712000 54
111.968000 112.544000 52
113.184000 114.048000 60
115.776000 116.128000 52
116.128000 117.312000 54
117.312000 118.304000 56
118.464000 118.912000 64
119.040000 119.136000 56
119.296000 119.776000 55
119.904000 120.032000 54
120.032000 120.192000 52
120.352000 120.576000 52
120.736000 121.888000 61
122.624000 122.752000 56
122.912000 123.424000 57
123.584000 123.936000 54
124.096000 125.184000 52
125.984000 126.848000 57
126.848000 127.712000 64
127.840000 129.952000 66
130.048000 130.176000 63
130.560000 130.624000 56
130.656000 132.576000 57
132.576000 132.704000 59
132.704000 134.016000 64
134.176000 135.456000 57
135.584000 135.712000 63
136.320000 137.152000 60
137.248000 139.680000 59
139.872000 140.832000 56
141.248000 142.304000 56
142.400000 143.104000 53
143.200000 143.840000 54
144.224000 145.888000 57
146.048000 146.304000 59
146.496000 148.032000 64
148.128000 149.152000 68
149.408000 149.728000 64
149.888000 151.328000 64
151.744000 152.032000 56
152.032000 152.256000 57
152.256000 153.024000 64
153.216000 158.176000 64
158.400000 158.560000 64
158.560000 159.296000 68
159.296000 161.440000 64
166.464000 166.752000 59
168.288000 170.176000 57
170.176000 170.528000 59
170.528000 171.232000 64
171.328000 171.776000 64
172.128000 172.736000 57
174.016000 177.440000 66
177.536000 178.592000 68
178.976000 179.168000 66
179.168000 180.256000 68
180.256000 181.600000 66
182.144000 182.368000 59
182.368000 183.616000 56
183.744000 184.032000 59
184.128000 185.728000 64
185.856000 186.848000 68
187.104000 187.552000 68
187.552000 187.840000 67
187.840000 189.120000 64
189.440000 189.760000 56
189.760000 189.984000 57
189.984000 190.752000 64
190.912000 191.200000 64
191.296000 191.456000 62
191.456000 192.672000 63
192.672000 195.616000 64
195.616000 195.712000 59
196.352000 196.800000 57
196.800000 197.568000 64
197.856000 198.560000 54
198.720000 198.912000 56
199.008000 204.480000 64
