24.512000 24.640000 56
24.640000 24.672000 57
24.672000 25.120000 62
25.408000 25.728000 62
26.304000 26.496000 62
26.656000 27.264000 60
27.584000 27.904000 59
28.000000 28.768000 57
29.376000 29.792000 56
29.952000 30.240000 55
30.240000 30.880000 57
31.328000 31.872000 59
31.936000 32.896000 62
33.856000 34.336000 67
34.496000 34.784000 64
35.104000 37.792000 62
39.712000 40.608000 64
41.152000 41.824000 69
41.952000 42.496000 65
42.848000 43.488000 65
43.488000 43.904000 62
44.384000 44.512000 60
44.512000 44.704000 62
44.800000 45.152000 63
45.248000 45.504000 62
45.504000 46.336000 58
47.168000 47.264000 55
47.264000 47.584000 60
47.712000 47.936000 60
48.128000 48.448000 60
48.896000 50.656000 62
50.656000 51.520000 58
51.712000 53.376000 57
54.432000 54.688000 56
54.784000 54.848000 56
54.848000 54.880000 57
54.880000 55.264000 62
55.424000 55.776000 62
56.160000 57.216000 62
57.440000 57.632000 56
57.632000 57.952000 59
58.048000 58.784000 57
59.264000 59.648000 57
59.808000 60.768000 57
60.768000 61.056000 59
61.216000 61.344000 55
61.344000 61.408000 56
61.408000 62.208000 60
62.336000 63.072000 64
63.872000 64.192000 67
64.192000 64.736000 64
64.960000 65.824000 60
65.920000 68.384000 62
69.728000 70.080000 62
70.080000 71.104000 64
71.104000 71.840000 69
71.840000 72.448000 65
72.864000 73.472000 65
73.472000 73.920000 62
74.368000 74.432000 57
74.432000 75.040000 62
75.200000 75.584000 59
75.840000 76.352000 66
76.608000 76.896000 64
77.056000 77.440000 66
77.632000 78.208000 66
78.560000 78.816000 64
78.816000 79.008000 67
79.104000 83.424000 69
84.096000 84.448000 67
84.448000 85.216000 69
85.216000 85.888000 62
86.144000 87.680000 69
88.512000 88.928000 69
89.184000 89.632000 65
89.632000 90.048000 62
90.304000 91.200000 67
92.000000 92.160000 62
92.288000 92.352000 62
92.352000 92.704000 64
92.704000 93.952000 67
94.080000 94.240000 67
94.240000 94.880000 62
95.296000 95.360000 64
95.360000 95.904000 67
96.000000 96.672000 71
96.832000 97.472000 69
97.632000 97.952000 67
98.144000 98.656000 69
99.232000 99.296000 64
99.296000 99.456000 67
99.456000 100.192000 69
100.192000 100.800000 64
100.896000 101.248000 67
101.440000 102.688000 69
103.456000 103.872000 69
104.160000 104.640000 65
104.640000 105.088000 62
105.376000 106.240000 67
106.816000 107.136000 59
107.232000 107.296000 57
107.296000 107.360000 58
107.360000 107.936000 61
108.032000 108.384000 64
108.480000 108.800000 67
108.800000 109.376000 70
109.472000 109.952000 71
110.048000 110.112000 65
110.112000 111.552000 67
111.712000 114.304000 67
125.760000 125.920000 57
125.920000 126.400000 62
126.592000 126.912000 62
127.488000 127.680000 62
127.776000 128.416000 60
128.672000 129.312000 58
129.408000 130.048000 57
130.528000 132.032000 57
132.384000 132.448000 56
132.448000 132.480000 57
132.480000 132.512000 58
132.512000 132.736000 59
132.736000 132.992000 60
132.992000 134.112000 63
134.752000 135.200000 67
135.200000 135.744000 64
136.096000 136.352000 62
136.480000 136.960000 61
137.056000 139.168000 62
140.448000 140.768000 62
140.768000 142.048000 64
142.048000 142.304000 71
142.432000 142.752000 69
142.976000 143.456000 65
143.744000 144.384000 65
144.384000 144.864000 62
145.216000 145.376000 58
145.376000 145.984000 62
146.112000 146.464000 59
146.624000 147.200000 66
147.520000 148.288000 64
148.416000 149.152000 67
149.408000 149.568000 64
149.664000 149.888000 67
149.888000 150.240000 71
150.368000 150.720000 71
150.816000 150.944000 67
150.944000 151.104000 69
151.200000 154.496000 69
154.688000 155.104000 67
155.104000 155.840000 69
155.840000 156.544000 62
156.736000 158.432000 69
159.104000 159.552000 69
159.776000 160.224000 65
160.224000 160.672000 62
160.896000 161.856000 67
162.560000 162.752000 62
162.880000 163.168000 64
163.264000 163.648000 66
163.776000 164.512000 67
164.608000 164.800000 67
164.800000 165.440000 62
165.856000 165.920000 64
165.920000 166.240000 67
166.240000 167.264000 71
167.360000 168.000000 69
168.160000 168.512000 67
168.672000 169.216000 69
169.760000 169.952000 67
169.952000 170.112000 69
170.208000 170.624000 70
170.624000 171.200000 64
171.328000 171.680000 67
171.840000 173.312000 69
173.920000 174.272000 69
174.528000 174.944000 65
174.944000 175.456000 62
175.680000 176.864000 67
177.184000 177.536000 59
177.632000 177.696000 57
177.696000 177.728000 58
177.728000 178.240000 61
178.368000 178.720000 64
178.816000 179.136000 67
179.136000 179.680000 70
179.776000 180.256000 71
180.352000 180.480000 64
180.480000 181.824000 68
181.984000 184.704000 67
185.216000 186.496000 67
186.592000 187.744000 69
188.000000 188.704000 67
188.704000 189.088000 65
189.568000 189.632000 59
189.632000 189.824000 62
189.920000 190.144000 62
190.272000 190.592000 60
190.720000 191.296000 61
191.584000 191.648000 58
191.648000 192.160000 62
192.288000 193.216000 63
193.568000 193.792000 63
193.952000 194.624000 65
195.008000 195.168000 65
195.168000 195.712000 58
195.936000 199.072000 62
199.744000 202.240000 62
202.592000 202.944000 62
202.944000 206.720000 70
207.072000 208.000000 66
208.000000 209.888000 67
209.888000 213.888000 69
214.112000 216.704000 70
217.056000 217.472000 68
217.472000 218.176000 70
218.176000 218.848000 63
219.072000 220.704000 70
221.216000 221.312000 67
221.312000 221.760000 70
221.984000 222.336000 67
222.432000 222.848000 63
223.008000 224.064000 72
224.064000 224.384000 68
224.704000 225.088000 63
225.088000 225.824000 66
225.952000 226.688000 68
226.816000 226.944000 68
226.944000 227.552000 63
227.968000 228.032000 67
228.032000 228.320000 68
228.320000 228.704000 70
228.704000 229.248000 72
229.408000 230.048000 70
230.240000 230.528000 71
230.688000 231.040000 69
231.328000 231.712000 70
231.808000 232.032000 68
232.032000 232.672000 70
232.672000 233.696000 66
233.888000 234.016000 71
234.016000 234.272000 72
234.272000 234.688000 68
234.688000 236.224000 70
236.320000 236.608000 63
236.608000 236.896000 67
236.992000 237.408000 63
237.568000 237.920000 67
237.920000 238.528000 68
238.528000 238.944000 65
238.944000 240.352000 61
240.416000 240.576000 65
240.736000 241.056000 68
241.056000 242.208000 72
242.400000 243.776000 69
243.968000 246.688000 68
249.600000 249.984000 70
250.080000 250.304000 68
250.304000 250.464000 70
250.560000 250.912000 71
250.912000 251.520000 65
251.648000 251.968000 68
252.160000 253.024000 70
254.368000 254.784000 69
255.072000 255.616000 65
255.616000 256.000000 63
256.288000 257.120000 68
258.016000 258.240000 60
258.336000 258.432000 59
258.432000 259.008000 61
259.168000 259.520000 65
259.648000 259.936000 68
259.936000 260.576000 71
260.704000 261.152000 72
261.280000 261.472000 67
261.472000 262.912000 69
263.040000 264.704000 68
265.792000 266.080000 60
266.240000 266.304000 59
266.304000 266.944000 61
267.072000 267.200000 63
267.200000 267.520000 65
267.520000 268.320000 68
268.416000 268.544000 70
268.544000 268.800000 72
268.992000 270.560000 73
271.712000 272.704000 68
272.896000 276.672000 68
