11.840000 12.672000 60
13.568000 14.144000 62
14.560000 14.688000 62
14.784000 14.944000 62
15.392000 16.128000 61
16.736000 17.280000 62
17.696000 18.048000 62
18.528000 19.264000 62
19.808000 20.352000 62
20.736000 20.864000 61
20.960000 21.152000 62
21.600000 22.304000 62
23.136000 23.264000 62
23.616000 24.832000 58
26.208000 26.304000 60
26.400000 26.528000 62
26.528000 26.656000 60
26.976000 27.296000 61
27.712000 28.384000 62
29.280000 29.568000 62
29.696000 30.240000 62
30.464000 30.784000 62
30.784000 31.616000 60
32.384000 32.736000 62
33.216000 33.568000 62
34.144000 34.720000 62
35.488000 35.712000 62
35.712000 35.968000 65
35.968000 36.736000 58
37.792000 38.112000 70
38.368000 38.688000 74
38.784000 39.936000 70
40.960000 41.152000 62
41.152000 41.280000 65
41.664000 43.328000 60
44.000000 44.192000 70
44.192000 44.384000 72
44.384000 45.056000 74
45.056000 46.368000 70
47.040000 47.168000 74
47.296000 47.552000 75
47.552000 51.840000 71
52.704000 52.992000 76
53.088000 53.696000 70
53.696000 54.880000 72
55.008000 55.168000 72
55.456000 55.584000 72
55.776000 58.016000 70
58.144000 58.816000 71
58.912000 59.168000 76
59.296000 59.872000 70
59.872000 61.440000 73
61.504000 61.920000 71
62.016000 62.816000 70
62.816000 63.072000 67
63.168000 63.840000 65
63.936000 64.224000 74
64.320000 64.704000 72
64.800000 65.312000 71
65.440000 65.760000 71
65.984000 66.144000 81
66.272000 66.848000 77
67.040000 67.328000 74
67.424000 67.808000 72
67.904000 68.128000 72
68.224000 68.384000 68
68.576000 68.896000 69
69.088000 69.216000 67
69.376000 69.760000 70
70.112000 70.240000 72
70.240000 70.432000 74
70.528000 71.136000 72
71.328000 71.488000 70
71.584000 71.776000 70
71.776000 71.968000 72
72.448000 72.992000 77
73.248000 74.080000 74
74.080000 74.304000 70
74.400000 75.104000 70
75.104000 75.392000 71
75.648000 75.712000 71
75.712000 76.192000 77
76.320000 77.664000 72
77.824000 78.144000 71
78.656000 79.200000 77
79.424000 80.512000 72
80.608000 80.832000 80
80.960000 81.344000 81
81.472000 81.632000 79
81.760000 82.336000 77
82.432000 83.520000 72
83.712000 83.872000 70
83.968000 84.160000 70
84.160000 84.352000 72
85.024000 85.120000 70
85.632000 86.464000 74
86.784000 87.616000 70
88.128000 88.192000 63
88.224000 88.256000 63
88.320000 88.480000 62
89.024000 89.280000 62
89.664000 90.560000 62
91.072000 91.328000 60
91.424000 91.584000 62
92.032000 92.160000 61
92.256000 92.352000 62
92.992000 93.632000 61
94.240000 94.688000 62
94.976000 95.104000 67
95.264000 95.488000 62
95.840000 95.968000 59
95.968000 96.736000 61
97.440000 97.760000 62
97.888000 98.880000 58
99.040000 99.456000 58
100.480000 100.896000 62
101.376000 101.664000 62
102.112000 102.912000 62
103.616000 103.648000 61
103.840000 104.032000 62
104.672000 105.568000 65
105.792000 106.304000 61
106.560000 107.136000 62
107.456000 107.552000 62
107.712000 107.968000 62
108.288000 109.216000 60
109.824000 110.048000 62
110.048000 110.272000 65
110.272000 111.072000 59
112.128000 112.416000 70
112.704000 113.216000 74
113.216000 114.208000 70
115.264000 115.584000 62
115.968000 117.632000 60
118.304000 118.496000 70
118.496000 119.840000 73
119.840000 120.608000 70
121.376000 121.856000 75
121.952000 123.552000 70
123.904000 126.112000 70
127.040000 127.168000 74
127.168000 127.328000 76
127.424000 127.968000 70
127.968000 129.984000 72
130.144000 132.288000 70
132.448000 132.992000 72
133.216000 133.536000 76
133.536000 134.240000 70
134.240000 135.232000 72
135.296000 136.000000 74
136.096000 136.224000 70
136.320000 137.184000 70
137.184000 138.048000 65
138.272000 139.008000 72
139.104000 139.328000 72
139.360000 139.584000 70
139.712000 139.904000 70
139.904000 140.096000 72
140.288000 140.448000 81
140.608000 141.216000 77
141.376000 142.368000 72
142.528000 142.720000 68
142.912000 143.232000 69
143.680000 144.224000 77
144.480000 145.408000 72
145.568000 145.792000 70
145.920000 146.080000 70
146.080000 146.304000 72
146.784000 147.456000 77
147.584000 147.648000 72
147.648000 148.128000 74
148.128000 148.544000 77
148.768000 149.152000 69
149.248000 149.344000 69
149.344000 149.600000 71
150.048000 150.464000 77
150.656000 151.680000 72
151.808000 152.000000 70
152.064000 152.480000 70
152.704000 152.864000 76
152.992000 153.536000 77
153.728000 154.688000 72
156.096000 156.640000 77
156.832000 158.208000 72
158.304000 158.688000 71
159.360000 159.520000 71
159.968000 160.800000 73
160.800000 162.176000 70
