1.568000 1.664000 63
1.888000 2.016000 63
4.320000 4.512000 63
5.984000 6.080000 62
8.224000 8.352000 62
13.760000 13.856000 62
14.496000 14.656000 62
33.376000 33.760000 52
34.048000 34.400000 57
34.848000 35.008000 52
35.392000 35.744000 52
35.872000 36.160000 52
36.288000 36.640000 50
36.992000 37.568000 49
37.664000 38.272000 52
38.400000 38.528000 49
40.544000 40.832000 52
40.832000 41.344000 45
41.440000 41.888000 48
41.888000 42.784000 52
43.040000 43.392000 53
43.520000 44.032000 48
44.128000 45.120000 48
45.248000 45.824000 52
45.920000 46.752000 50
47.008000 47.200000 50
47.200000 47.584000 52
47.680000 48.960000 55
49.056000 49.920000 49
50.176000 50.592000 56
50.592000 51.072000 52
51.296000 52.320000 53
52.448000 54.016000 57
54.208000 54.688000 57
54.688000 55.744000 60
56.000000 56.384000 59
56.384000 56.608000 57
56.704000 57.664000 48
57.792000 58.368000 50
58.464000 58.784000 53
59.360000 59.424000 46
59.424000 59.520000 47
59.520000 59.680000 48
59.680000 60.064000 51
60.256000 61.600000 51
62.080000 62.496000 51
62.944000 63.296000 48
63.424000 64.448000 51
64.544000 65.024000 52
65.152000 65.888000 50
66.080000 66.464000 50
66.464000 66.944000 52
66.944000 67.200000 48
67.328000 68.288000 45
69.216000 69.472000 53
69.888000 70.528000 48
70.528000 70.880000 53
70.976000 72.032000 52
72.032000 73.088000 48
73.248000 73.344000 46
73.472000 73.792000 48
73.888000 74.528000 51
74.624000 75.424000 50
75.712000 75.840000 50
75.968000 76.704000 53
76.800000 76.896000 55
77.024000 77.632000 55
77.632000 78.432000 49
78.880000 79.200000 57
79.200000 79.712000 52
79.936000 80.992000 52
81.120000 81.440000 55
81.568000 82.624000 57
82.880000 83.104000 55
83.104000 84.416000 60
84.640000 85.056000 57
85.056000 85.728000 59
85.792000 85.824000 59
85.920000 86.432000 60
86.432000 86.784000 57
86.880000 88.864000 62
89.248000 89.376000 53
89.376000 89.760000 55
89.760000 90.592000 60
90.688000 91.008000 64
91.168000 91.456000 55
91.552000 92.512000 64
92.512000 93.088000 60
93.184000 93.504000 62
93.824000 94.624000 59
94.816000 95.040000 53
95.168000 95.520000 62
95.616000 96.224000 60
96.320000 97.376000 55
97.632000 97.696000 54
97.696000 98.272000 55
98.528000 98.912000 53
98.912000 99.296000 57
99.424000 99.648000 57
99.648000 100.320000 55
100.320000 101.088000 59
101.248000 101.376000 55
101.376000 101.440000 57
101.440000 101.472000 59
101.472000 101.792000 65
101.952000 102.240000 64
102.336000 102.560000 62
102.560000 102.912000 60
103.040000 104.896000 55
112.192000 112.608000 52
112.896000 113.472000 48
113.472000 113.792000 52
114.400000 115.616000 52
115.776000 116.128000 48
116.224000 116.320000 49
116.448000 117.024000 52
117.120000 117.312000 48
117.600000 118.592000 45
119.360000 119.648000 53
120.064000 120.544000 48
120.640000 120.992000 53
121.152000 121.504000 52
121.600000 121.824000 50
121.824000 122.144000 53
122.144000 122.816000 48
122.976000 123.328000 48
123.424000 123.552000 45
123.648000 123.904000 48
124.064000 124.640000 51
124.736000 125.568000 50
125.888000 126.432000 52
126.528000 127.072000 55
127.200000 127.808000 55
127.808000 128.640000 49
128.960000 129.472000 56
129.472000 129.888000 52
130.080000 131.168000 53
131.264000 132.736000 57
132.928000 133.408000 57
133.408000 134.720000 60
134.816000 135.136000 57
135.232000 135.904000 60
136.096000 136.256000 60
136.352000 136.576000 60
136.640000 136.864000 57
136.992000 137.184000 64
137.280000 138.976000 62
139.360000 139.872000 55
139.872000 140.704000 60
140.800000 141.184000 64
141.184000 141.728000 55
141.728000 142.528000 64
142.528000 143.744000 62
143.968000 144.832000 59
144.832000 145.184000 52
145.344000 145.696000 62
145.792000 146.368000 60
146.464000 147.648000 55
147.776000 147.872000 55
148.032000 148.384000 56
148.480000 148.640000 48
148.640000 148.704000 50
148.704000 149.120000 53
149.120000 149.408000 57
149.600000 149.696000 57
149.824000 150.464000 55
150.464000 151.232000 59
151.328000 151.456000 55
151.584000 152.000000 65
152.000000 152.416000 64
152.416000 153.088000 60
153.312000 153.376000 60
153.376000 153.632000 64
153.856000 154.176000 62
154.176000 154.752000 57
155.008000 158.560000 60
158.880000 158.976000 56
167.232000 167.488000 57
168.128000 168.480000 55
168.576000 168.960000 60
168.960000 169.472000 62
169.472000 169.856000 64
169.856000 170.272000 55
170.400000 171.072000 64
171.264000 171.488000 62
171.584000 171.968000 60
171.968000 172.416000 62
172.576000 173.408000 59
173.600000 173.888000 52
173.984000 175.040000 60
175.040000 176.192000 55
176.416000 176.544000 55
176.672000 177.088000 57
177.312000 177.696000 53
177.696000 179.200000 55
179.200000 179.968000 60
180.224000 181.056000 64
181.152000 181.696000 60
181.824000 183.104000 62
183.104000 183.328000 55
183.328000 184.192000 62
184.288000 184.608000 55
184.736000 185.504000 64
185.504000 186.208000 60
186.304000 186.656000 62
186.944000 187.328000 59
187.424000 187.712000 60
188.256000 189.056000 67
189.088000 190.400000 67
190.784000 191.456000 56
191.648000 192.096000 53
192.096000 192.480000 57
192.576000 193.344000 55
193.440000 194.112000 59
194.336000 194.528000 55
194.528000 195.200000 64
195.296000 196.000000 62
196.000000 196.128000 60
196.352000 201.024000 60
