0.160000 2.112000 63
4.352000 6.304000 63
8.800000 8.896000 67
9.024000 9.952000 65
10.080000 10.176000 63
10.176000 10.528000 60
10.560000 10.624000 62
10.624000 11.392000 64
12.960000 13.600000 65
13.728000 13.856000 65
13.856000 13.920000 63
13.920000 15.008000 58
15.008000 15.360000 66
15.840000 16.256000 63
16.352000 16.960000 62
17.920000 18.176000 65
18.336000 18.432000 69
18.944000 19.264000 66
19.392000 19.712000 63
19.712000 20.384000 65
20.544000 21.024000 68
21.568000 22.368000 64
22.912000 23.040000 59
23.168000 23.264000 60
23.424000 24.032000 67
24.192000 25.056000 63
25.216000 27.168000 63
27.552000 28.736000 62
28.896000 29.280000 62
29.408000 29.504000 60
29.600000 29.792000 59
29.920000 30.720000 67
31.232000 31.360000 60
31.488000 31.936000 62
32.256000 33.472000 62
33.568000 35.584000 63
35.936000 36.032000 63
36.192000 36.352000 62
36.704000 36.832000 63
36.960000 37.088000 69
37.248000 37.696000 63
38.016000 38.112000 59
38.272000 39.008000 67
39.296000 39.456000 63
39.584000 39.776000 70
39.776000 40.224000 67
40.608000 42.080000 66
42.208000 42.688000 70
42.688000 43.776000 63
44.224000 44.704000 69
44.800000 45.504000 63
46.048000 46.080000 70
46.368000 46.848000 69
46.944000 47.136000 63
47.136000 47.648000 62
47.648000 48.160000 71
48.160000 48.544000 67
50.528000 50.592000 65
50.592000 51.008000 69
51.008000 52.128000 63
52.352000 52.448000 69
52.608000 53.088000 70
53.088000 53.952000 63
54.432000 55.712000 62
56.000000 56.416000 62
56.416000 56.864000 64
58.464000 58.752000 58
58.912000 59.424000 58
59.424000 60.576000 62
60.704000 60.800000 58
60.960000 61.312000 58
61.472000 61.664000 62
61.760000 62.176000 63
62.784000 63.424000 58
63.552000 64.256000 63
64.256000 64.768000 70
64.896000 65.216000 67
66.976000 67.584000 58
67.776000 68.864000 62
69.056000 69.216000 58
69.312000 69.440000 57
69.568000 69.664000 58
69.824000 70.080000 61
70.080000 70.656000 63
71.104000 71.744000 62
71.904000 73.088000 62
73.088000 75.104000 63
108.960000 109.600000 67
109.728000 109.920000 65
110.016000 110.688000 63
110.784000 110.912000 63
111.040000 111.520000 65
113.152000 113.568000 65
113.664000 114.016000 65
114.304000 114.656000 59
115.232000 115.520000 67
115.776000 115.840000 65
116.000000 116.992000 63
117.280000 117.600000 58
117.856000 117.920000 60
118.080000 118.624000 67
118.624000 119.008000 72
119.136000 119.456000 67
119.648000 119.968000 64
119.968000 120.576000 67
120.672000 121.184000 67
121.728000 122.176000 64
122.272000 122.464000 65
122.624000 123.264000 58
123.360000 123.456000 59
123.584000 124.000000 67
124.096000 124.256000 67
124.384000 124.608000 64
124.608000 125.280000 62
142.080000 144.064000 63
144.416000 144.864000 62
144.992000 145.600000 62
145.760000 146.144000 62
146.496000 146.656000 58
146.784000 147.552000 67
147.840000 147.936000 58
148.096000 148.256000 58
148.352000 148.800000 62
149.152000 152.448000 63
152.800000 152.928000 63
153.056000 153.248000 62
153.568000 153.696000 61
153.824000 153.920000 58
154.112000 154.464000 63
155.136000 155.872000 67
156.160000 156.352000 63
156.448000 156.672000 70
156.672000 157.120000 67
157.472000 158.176000 65
158.272000 158.624000 66
159.040000 159.104000 67
159.104000 159.456000 69
159.584000 160.832000 63
161.152000 161.504000 69
161.664000 161.824000 62
161.920000 162.304000 63
162.976000 163.168000 58
163.264000 163.616000 58
163.744000 164.416000 63
164.416000 164.928000 70
165.056000 165.472000 67
167.136000 167.776000 58
167.936000 169.088000 62
169.248000 169.376000 58
169.504000 169.600000 57
170.016000 170.272000 61
170.272000 170.816000 63
171.264000 171.904000 62
172.096000 172.192000 61
172.320000 172.512000 62
172.512000 172.896000 59
172.896000 173.312000 63
173.408000 175.008000 63
175.040000 175.072000 62
175.360000 176.128000 58
176.256000 176.704000 62
176.800000 177.376000 62
177.536000 178.080000 57
178.336000 179.008000 62
179.648000 179.808000 58
179.936000 180.320000 58
180.448000 181.120000 62
181.216000 181.664000 70
181.760000 182.944000 66
183.072000 183.200000 65
183.328000 183.424000 65
183.840000 183.936000 58
184.096000 184.480000 58
184.640000 185.728000 62
186.144000 186.272000 68
186.272000 186.624000 70
186.720000 187.488000 63
188.000000 189.344000 62
189.568000 191.488000 63
191.904000 192.192000 63
192.384000 192.640000 63
192.928000 193.472000 66
196.608000 196.736000 72
197.120000 197.504000 72
197.664000 198.016000 72
198.016000 198.432000 69
200.416000 200.704000 71
202.144000 202.368000 70
202.592000 202.656000 67
202.656000 203.392000 75
203.392000 204.608000 72
205.088000 205.472000 72
205.472000 205.696000 70
205.696000 206.304000 67
206.304000 206.816000 72
206.944000 208.128000 75
208.256000 208.416000 75
209.120000 209.248000 66
209.568000 209.920000 67
210.336000 210.496000 70
210.688000 211.296000 70
212.448000 212.544000 67
212.864000 212.992000 63
213.856000 214.944000 65
214.944000 216.832000 67
217.088000 217.472000 67
217.760000 217.824000 73
217.824000 218.144000 75
218.144000 218.240000 74
218.240000 220.384000 72
220.576000 221.376000 67
221.536000 222.400000 70
222.400000 225.472000 75
