1.344000 1.792000 68
1.792000 2.240000 65
2.368000 3.104000 65
3.264000 3.648000 75
3.872000 4.000000 75
4.192000 4.576000 71
4.800000 4.928000 65
5.088000 5.856000 67
5.984000 6.400000 63
7.456000 7.808000 63
7.808000 7.904000 68
8.096000 8.448000 75
8.672000 8.800000 65
8.992000 9.280000 68
9.600000 9.696000 66
9.856000 10.304000 70
10.464000 10.784000 68
10.784000 11.072000 71
11.392000 11.648000 68
11.968000 12.512000 65
21.088000 21.184000 62
33.568000 33.920000 60
34.176000 34.304000 60
34.432000 34.880000 58
35.072000 35.616000 58
35.968000 36.512000 61
37.184000 37.600000 61
37.792000 38.016000 61
38.400000 38.528000 61
38.976000 39.104000 63
39.296000 39.648000 64
40.000000 40.224000 63
40.480000 40.704000 59
40.832000 41.056000 58
42.624000 42.816000 56
43.168000 43.488000 59
43.776000 43.872000 60
44.160000 44.768000 59
44.992000 45.152000 60
45.632000 45.792000 60
46.176000 46.272000 61
46.784000 46.976000 61
47.104000 48.384000 67
48.384000 49.024000 63
49.792000 50.208000 63
50.400000 50.560000 61
50.560000 50.784000 63
51.584000 51.712000 65
51.904000 52.000000 65
52.192000 52.608000 65
52.800000 53.440000 65
53.440000 54.016000 72
54.368000 54.496000 65
54.592000 55.072000 64
55.200000 55.456000 65
55.456000 55.776000 63
55.776000 56.384000 74
56.928000 57.568000 63
57.568000 57.984000 70
58.176000 58.880000 68
59.072000 59.616000 63
59.968000 61.440000 68
61.792000 61.984000 65
62.080000 62.176000 63
62.400000 63.040000 65
63.040000 63.520000 71
63.904000 64.032000 75
64.160000 64.576000 77
64.768000 65.152000 75
65.408000 65.984000 68
66.560000 66.656000 63
66.752000 66.944000 63
67.168000 67.520000 71
67.520000 67.680000 68
67.776000 67.872000 68
68.096000 68.224000 63
68.384000 68.480000 63
68.992000 69.504000 70
69.536000 69.984000 69
70.752000 70.848000 72
70.944000 71.360000 68
71.360000 71.808000 66
72.000000 72.608000 65
72.768000 73.184000 75
73.184000 73.280000 70
73.504000 73.600000 71
73.728000 73.792000 67
73.792000 74.240000 71
74.272000 74.880000 69
75.008000 76.064000 70
76.192000 76.416000 63
76.736000 77.440000 63
77.568000 78.080000 75
78.304000 78.464000 65
78.464000 78.784000 68
79.200000 79.264000 68
79.264000 79.552000 70
79.552000 79.808000 68
79.808000 80.576000 70
80.672000 80.928000 68
80.928000 81.760000 65
81.856000 82.208000 65
82.208000 82.368000 71
82.368000 82.816000 75
83.072000 83.200000 74
83.200000 83.392000 69
83.392000 83.808000 71
83.936000 84.000000 67
84.000000 84.032000 70
84.032000 84.928000 74
85.184000 85.440000 75
85.440000 85.632000 71
85.792000 86.400000 68
86.496000 87.008000 70
87.008000 88.224000 75
88.224000 89.504000 74
89.952000 90.272000 70
90.272000 90.368000 68
90.560000 91.008000 68
91.136000 92.992000 65
93.024000 93.152000 64
93.152000 93.312000 67
93.312000 93.600000 63
95.072000 95.200000 63
95.200000 95.360000 64
95.360000 95.680000 68
95.680000 96.896000 72
97.504000 97.728000 64
97.888000 98.560000 56
98.560000 98.688000 60
98.688000 99.584000 65
99.584000 99.936000 70
100.192000 100.640000 68
100.640000 101.632000 65
102.080000 102.112000 60
102.144000 102.176000 60
102.208000 102.304000 61
102.432000 102.560000 71
102.560000 102.848000 68
102.944000 103.104000 62
103.232000 103.488000 59
103.776000 104.224000 60
104.384000 104.864000 60
105.600000 105.696000 59
107.104000 107.552000 61
107.968000 108.320000 63
108.576000 108.704000 63
108.896000 109.600000 63
110.080000 110.592000 58
111.840000 112.064000 56
112.288000 112.480000 56
112.896000 112.992000 59
113.696000 114.400000 58
115.200000 115.360000 60
115.456000 115.616000 61
116.384000 116.480000 61
116.704000 117.088000 68
117.280000 117.504000 68
117.504000 118.112000 65
118.112000 118.528000 63
119.392000 119.840000 64
119.968000 120.288000 61
121.184000 121.280000 65
121.472000 121.600000 65
121.792000 122.208000 65
122.400000 122.656000 65
122.656000 122.976000 63
122.976000 123.648000 71
123.936000 124.096000 65
124.192000 124.416000 65
124.512000 124.640000 63
124.800000 125.056000 65
125.056000 125.376000 63
125.376000 125.952000 74
126.336000 126.464000 68
126.624000 127.200000 63
127.200000 127.328000 70
127.456000 127.680000 68
127.776000 128.480000 68
128.768000 129.184000 63
129.568000 131.072000 68
131.392000 131.552000 65
132.000000 132.256000 65
132.256000 132.544000 63
132.544000 133.120000 70
133.472000 133.600000 73
133.760000 134.112000 77
134.368000 134.784000 75
134.976000 136.224000 67
136.256000 136.576000 63
136.768000 137.056000 71
137.056000 137.504000 68
138.560000 139.616000 70
142.944000 143.264000 68
143.456000 143.776000 65
144.000000 144.608000 65
145.088000 145.216000 73
145.792000 146.144000 71
146.400000 146.592000 69
146.688000 146.816000 69
147.008000 147.392000 69
147.584000 147.776000 70
148.224000 148.448000 63
148.928000 149.472000 70
149.728000 150.016000 75
150.624000 150.880000 68
151.200000 151.296000 68
151.648000 151.808000 68
151.808000 152.544000 70
152.736000 152.896000 68
152.992000 153.280000 65
153.280000 153.440000 68
154.144000 154.272000 69
154.592000 154.752000 75
154.752000 154.816000 71
155.360000 155.808000 71
156.000000 156.064000 70
156.064000 156.160000 74
156.320000 156.576000 72
156.576000 156.864000 75
156.928000 157.088000 72
157.184000 157.472000 75
157.696000 157.984000 80
158.496000 159.008000 70
159.008000 159.328000 76
159.424000 160.128000 75
162.080000 162.240000 71
162.816000 162.912000 80
163.072000 163.232000 79
163.232000 163.392000 77
163.744000 163.968000 72
165.248000 165.312000 68
165.952000 166.528000 68
167.552000 167.712000 68
169.024000 169.440000 75
169.440000 169.760000 68
169.760000 170.080000 74
170.368000 171.296000 72
171.520000 171.904000 71
171.904000 172.544000 68
172.672000 173.024000 65
173.120000 173.216000 68
174.176000 174.272000 56
174.656000 175.136000 56
175.232000 175.808000 58
176.608000 176.704000 58
176.928000 177.440000 58
177.600000 178.240000 63
178.464000 178.784000 63
178.944000 179.136000 63
179.360000 181.184000 61
186.336000 186.496000 68
186.880000 187.104000 68
198.432000 198.560000 70
199.680000 199.776000 70
200.416000 200.704000 74
200.832000 201.120000 74
201.120000 201.312000 75
208.960000 209.056000 80
209.536000 209.632000 77
210.048000 210.368000 67
210.368000 210.432000 63
210.464000 210.848000 63
