15.872000 16.512000 62
16.608000 17.184000 61
17.312000 17.536000 62
17.696000 18.016000 62
19.648000 20.224000 62
20.352000 20.896000 61
21.024000 21.312000 64
21.504000 21.888000 61
23.392000 24.448000 61
24.576000 25.888000 62
26.176000 26.240000 62
26.304000 26.560000 63
26.688000 26.912000 64
26.912000 27.200000 66
28.288000 28.480000 69
28.576000 28.928000 64
30.880000 31.072000 61
31.200000 32.096000 62
32.288000 33.024000 62
34.944000 36.864000 62
38.400000 38.720000 62
38.880000 39.008000 62
39.104000 40.192000 62
40.320000 40.672000 62
41.440000 42.176000 64
43.616000 43.968000 64
45.184000 45.568000 62
45.632000 45.696000 64
45.696000 46.656000 71
46.816000 46.944000 69
47.072000 47.648000 71
49.632000 50.688000 71
50.784000 51.264000 64
53.376000 53.472000 71
53.632000 53.760000 71
53.856000 54.272000 71
54.272000 55.488000 73
56.352000 56.544000 66
56.896000 57.408000 73
57.568000 58.080000 69
58.304000 58.784000 69
58.784000 59.648000 72
60.000000 60.128000 73
60.416000 60.512000 71
62.880000 63.456000 66
64.928000 65.696000 64
65.888000 66.272000 62
66.432000 67.968000 66
67.968000 69.952000 64
70.112000 71.392000 66
72.896000 73.184000 64
73.952000 75.264000 66
75.264000 75.744000 71
75.904000 76.448000 76
76.544000 76.640000 76
76.736000 77.056000 77
77.152000 77.280000 75
77.632000 78.240000 78
81.536000 82.688000 78
88.352000 88.704000 74
89.216000 90.048000 66
109.664000 110.720000 62
110.848000 111.424000 62
111.648000 111.776000 62
113.376000 114.048000 62
114.144000 114.432000 61
114.496000 114.720000 62
114.816000 115.104000 64
115.264000 115.712000 61
117.152000 117.536000 62
117.856000 119.520000 62
120.160000 120.352000 64
120.448000 120.640000 64
120.640000 120.864000 66
122.048000 122.240000 69
122.240000 122.912000 64
124.640000 125.248000 62
125.344000 125.888000 61
126.048000 126.400000 63
126.528000 126.912000 62
128.384000 129.376000 62
129.568000 129.696000 62
129.792000 130.016000 64
130.272000 130.560000 61
132.352000 133.472000 62
133.568000 133.952000 63
134.080000 134.432000 62
135.168000 135.968000 64
137.056000 137.248000 69
137.344000 137.696000 64
138.944000 139.392000 62
139.392000 140.416000 71
140.576000 140.704000 69
140.832000 141.408000 71
143.392000 143.872000 71
143.872000 144.480000 69
144.480000 144.960000 64
147.104000 147.232000 71
147.360000 148.032000 71
148.032000 149.024000 73
149.120000 149.248000 71
150.400000 150.528000 72
150.656000 151.072000 74
151.296000 152.544000 69
152.544000 153.984000 73
154.080000 154.176000 71
154.752000 154.848000 62
155.136000 156.160000 59
156.512000 156.736000 59
156.896000 157.216000 59
157.888000 158.016000 66
158.176000 158.496000 66
159.840000 160.224000 78
161.696000 162.432000 76
162.688000 162.848000 77
163.552000 163.808000 76
164.384000 164.704000 78
165.440000 165.952000 78
166.176000 166.272000 76
167.392000 167.712000 78
169.152000 170.368000 76
171.360000 172.512000 78
172.768000 172.960000 75
174.432000 174.560000 78
174.688000 175.040000 74
175.296000 176.448000 78
177.024000 177.312000 76
177.440000 177.856000 76
181.792000 181.920000 76
182.208000 182.304000 74
182.880000 183.936000 78
184.640000 184.800000 76
184.960000 185.088000 76
