14.624000 14.816000 51
14.816000 15.968000 56
16.128000 16.416000 59
16.544000 17.056000 63
17.056000 17.888000 59
18.304000 19.872000 59
20.000000 21.216000 55
21.760000 22.464000 54
22.976000 23.264000 57
23.264000 23.392000 64
23.392000 23.840000 62
23.840000 24.960000 57
25.248000 25.856000 59
25.952000 26.496000 57
26.848000 28.160000 54
28.320000 28.416000 53
28.576000 29.376000 52
29.824000 30.336000 55
30.336000 31.040000 60
31.040000 32.736000 63
32.864000 34.208000 59
34.208000 37.344000 56
42.432000 43.456000 56
43.616000 43.936000 59
44.032000 44.576000 63
44.576000 45.248000 59
45.632000 47.456000 59
47.456000 48.192000 57
48.320000 48.992000 55
49.088000 49.888000 54
50.176000 50.816000 57
50.816000 50.880000 58
50.880000 51.584000 60
51.584000 52.160000 57
52.672000 54.176000 57
54.272000 55.040000 55
55.168000 55.872000 54
55.872000 56.800000 52
57.376000 57.728000 55
57.728000 58.496000 60
58.592000 60.224000 63
60.384000 61.696000 59
61.696000 65.280000 56
69.824000 70.016000 67
70.016000 71.776000 68
71.776000 72.608000 64
72.864000 74.496000 71
74.496000 76.480000 67
76.640000 78.688000 66
78.848000 79.456000 62
79.456000 79.520000 64
79.520000 79.552000 67
79.552000 82.336000 71
82.336000 83.008000 67
83.200000 83.424000 69
83.552000 83.872000 62
84.000000 84.256000 64
84.384000 84.480000 69
84.480000 85.024000 64
85.280000 85.472000 58
85.472000 85.600000 59
85.600000 87.264000 63
87.392000 87.872000 59
88.320000 93.504000 71
97.376000 98.144000 56
98.464000 98.592000 55
98.592000 98.880000 59
99.008000 99.584000 62
99.584000 99.776000 59
99.904000 100.288000 59
100.416000 100.512000 57
100.704000 102.336000 59
102.464000 104.096000 55
104.128000 104.960000 54
105.280000 105.824000 57
105.920000 106.464000 61
106.464000 107.488000 57
107.616000 109.248000 57
109.248000 110.784000 54
111.168000 111.840000 52
112.384000 112.800000 55
112.800000 113.472000 60
113.600000 114.272000 64
114.496000 115.232000 63
115.392000 116.096000 59
116.192000 117.760000 57
117.888000 119.904000 56
124.768000 124.832000 51
124.832000 124.928000 52
124.928000 125.664000 56
126.080000 126.400000 59
126.400000 126.496000 60
126.496000 127.072000 63
127.072000 127.904000 59
128.256000 128.992000 60
129.056000 129.792000 59
129.984000 131.488000 55
131.712000 132.352000 53
132.448000 132.736000 55
132.928000 133.184000 57
133.280000 133.408000 66
133.408000 133.952000 62
133.952000 136.544000 57
136.832000 139.232000 54
139.424000 139.584000 56
139.840000 140.128000 55
140.224000 140.416000 59
140.416000 140.928000 60
140.928000 142.656000 63
142.816000 145.248000 58
145.248000 147.840000 56
152.256000 153.088000 67
153.120000 154.432000 67
154.432000 155.072000 64
155.264000 157.024000 71
157.024000 158.944000 67
159.136000 159.200000 63
159.200000 159.296000 64
159.296000 161.120000 66
161.120000 161.920000 62
161.920000 162.016000 67
162.016000 163.840000 71
163.840000 165.952000 68
166.080000 166.368000 63
166.464000 166.752000 64
166.880000 166.976000 59
166.976000 167.552000 64
168.128000 169.696000 63
169.920000 170.368000 59
170.752000 172.320000 71
172.480000 176.160000 71
179.776000 179.840000 65
179.840000 181.664000 68
181.664000 182.528000 64
182.752000 184.416000 59
184.608000 186.464000 67
186.656000 188.672000 66
188.768000 189.408000 62
189.408000 189.440000 67
189.440000 189.504000 68
189.504000 192.256000 71
192.256000 193.248000 67
193.536000 193.760000 57
193.920000 194.208000 64
194.304000 195.008000 64
195.232000 195.584000 56
195.680000 196.192000 64
196.288000 197.184000 63
197.376000 198.080000 59
198.336000 199.872000 71
200.032000 203.456000 71
204.192000 204.864000 64
205.056000 205.312000 63
205.312000 207.840000 64
207.840000 208.384000 68
208.608000 208.992000 69
213.440000 213.568000 69
214.176000 214.304000 69
214.464000 214.912000 71
215.200000 218.752000 69
221.344000 231.392000 71
