24.736000 30.560000 55
30.720000 31.328000 48
32.576000 36.480000 58
36.576000 39.840000 60
40.416000 42.368000 53
42.368000 43.616000 60
43.712000 44.032000 49
44.032000 44.288000 51
44.384000 46.272000 50
46.432000 47.456000 50
48.352000 49.216000 46
49.536000 49.824000 48
49.824000 50.144000 50
50.240000 52.032000 48
52.160000 52.864000 51
58.048000 59.968000 55
60.064000 61.920000 55
62.016000 63.904000 55
64.000000 64.672000 48
64.768000 64.864000 49
65.824000 69.056000 58
69.152000 73.312000 60
73.728000 75.648000 53
75.776000 77.536000 48
77.632000 78.336000 50
78.688000 78.912000 48
79.040000 79.328000 48
79.328000 79.616000 50
79.712000 80.704000 50
81.312000 82.432000 46
82.784000 84.736000 48
84.832000 85.376000 48
85.600000 85.632000 45
85.632000 85.664000 45
85.664000 85.696000 45
85.696000 85.728000 45
86.464000 86.496000 45
86.496000 86.528000 45
86.528000 86.560000 45
86.560000 86.592000 45
86.592000 86.624000 45
86.848000 87.040000 46
87.040000 87.328000 49
87.488000 88.416000 48
91.360000 93.344000 53
93.440000 95.456000 55
95.456000 96.640000 63
96.800000 98.784000 60
99.424000 100.576000 62
100.768000 101.376000 62
101.408000 103.264000 60
103.264000 104.576000 55
104.768000 105.056000 55
105.056000 105.760000 58
105.760000 106.848000 53
107.456000 107.520000 45
107.520000 107.648000 46
107.648000 109.216000 48
109.216000 110.976000 53
111.264000 111.648000 50
111.840000 111.872000 45
111.872000 111.904000 45
111.904000 111.936000 45
111.936000 111.968000 45
111.968000 112.000000 45
112.000000 112.032000 45
112.032000 112.064000 45
112.064000 112.096000 45
112.096000 112.128000 45
112.608000 112.640000 45
112.640000 112.672000 45
112.672000 112.704000 45
112.704000 112.736000 45
112.736000 112.768000 45
112.768000 112.800000 45
112.896000 113.856000 46
114.560000 114.752000 46
115.232000 115.264000 45
115.264000 115.296000 45
115.296000 115.328000 45
115.328000 115.360000 45
115.360000 115.392000 45
115.392000 115.424000 45
115.424000 115.456000 45
115.456000 115.488000 45
115.584000 115.616000 45
115.616000 115.648000 45
115.648000 115.680000 45
115.840000 115.872000 45
115.872000 115.904000 45
115.904000 115.936000 45
115.936000 115.968000 45
115.968000 116.000000 45
116.000000 116.032000 45
118.848000 118.944000 46
119.200000 121.792000 48
123.040000 123.488000 53
123.488000 129.056000 55
129.056000 130.080000 48
130.944000 134.112000 58
134.240000 138.208000 60
138.848000 140.768000 53
140.768000 142.624000 48
142.720000 143.520000 50
144.096000 145.760000 50
145.984000 146.272000 50
146.272000 146.528000 48
146.528000 148.448000 46
148.544000 149.728000 48
149.888000 150.368000 48
150.560000 151.680000 51
151.872000 152.224000 47
152.224000 152.416000 50
152.544000 153.344000 48
153.504000 153.664000 48
188.416000 194.208000 55
194.304000 195.264000 48
196.224000 196.768000 58
196.864000 199.488000 58
199.488000 201.248000 60
201.344000 201.856000 60
201.952000 203.264000 60
203.872000 204.960000 53
205.056000 205.344000 53
205.472000 205.696000 53
205.792000 207.520000 48
207.744000 208.384000 50
208.992000 209.984000 48
210.112000 210.880000 50
211.520000 213.024000 46
213.024000 215.168000 48
215.360000 215.392000 45
215.392000 215.424000 45
215.424000 215.456000 45
215.552000 215.584000 45
215.584000 215.616000 45
215.616000 215.648000 45
216.640000 216.864000 46
216.960000 217.152000 50
217.248000 217.536000 49
217.664000 217.824000 48
217.952000 218.144000 48
221.056000 221.120000 50
221.120000 223.104000 53
223.104000 224.992000 55
224.992000 226.208000 63
226.336000 227.232000 58
227.232000 228.192000 60
228.896000 230.048000 62
230.208000 232.800000 60
232.832000 234.016000 55
234.208000 234.496000 55
234.496000 235.136000 58
235.136000 236.064000 53
236.800000 238.560000 48
238.560000 239.808000 53
239.904000 240.320000 51
240.512000 240.896000 51
241.088000 241.120000 45
241.120000 241.152000 45
241.152000 241.184000 45
241.184000 241.216000 45
241.216000 241.248000 45
241.248000 241.280000 45
241.280000 241.312000 45
241.312000 241.344000 45
241.344000 241.376000 45
241.376000 241.408000 45
241.408000 241.440000 45
241.536000 241.568000 45
241.568000 241.600000 45
241.600000 241.632000 45
241.760000 241.824000 45
241.824000 242.176000 45
242.176000 242.752000 46
242.752000 243.264000 48
243.776000 244.128000 46
244.416000 244.448000 45
244.448000 244.480000 45
244.480000 244.512000 45
244.512000 244.544000 45
244.544000 244.576000 45
244.576000 244.608000 45
244.608000 244.640000 45
244.640000 244.672000 45
244.672000 244.704000 45
244.704000 244.736000 45
244.736000 244.768000 45
244.768000 244.800000 45
244.800000 244.832000 45
244.832000 244.864000 45
244.864000 244.896000 45
244.896000 244.928000 45
244.928000 244.960000 45
244.960000 244.992000 45
244.992000 245.024000 45
245.024000 245.056000 45
245.056000 245.088000 45
245.088000 245.120000 45
246.304000 246.336000 45
246.336000 246.368000 45
246.368000 246.400000 45
246.400000 246.432000 45
246.432000 246.464000 45
246.560000 246.592000 45
246.592000 246.624000 45
246.624000 246.656000 45
246.656000 246.688000 45
246.688000 246.720000 45
246.720000 246.752000 45
246.752000 246.784000 45
246.784000 246.816000 45
246.816000 246.848000 45
246.848000 246.880000 45
246.880000 246.912000 45
247.552000 247.584000 45
247.584000 247.616000 45
247.616000 247.648000 45
247.648000 247.680000 45
247.680000 247.712000 45
247.872000 248.032000 46
248.160000 248.992000 48
249.440000 250.752000 49
252.000000 253.760000 55
253.920000 255.296000 55
255.424000 255.648000 58
255.648000 257.568000 55
257.696000 258.464000 48
259.488000 260.128000 58
260.224000 262.592000 58
262.720000 266.560000 60
267.168000 268.320000 53
268.448000 269.024000 53
269.184000 270.688000 48
270.688000 271.648000 50
272.000000 272.224000 48
272.384000 272.864000 49
273.024000 274.048000 50
274.560000 275.648000 46
275.904000 276.000000 48
276.128000 276.608000 49
276.768000 277.440000 48
278.112000 278.592000 48
278.784000 278.816000 45
278.816000 278.848000 45
278.848000 278.880000 45
278.880000 278.912000 45
278.912000 278.944000 45
278.944000 278.976000 45
278.976000 279.008000 45
279.008000 279.040000 45
279.040000 279.072000 45
279.680000 279.712000 45
279.712000 279.744000 45
279.744000 279.776000 45
279.776000 279.808000 45
279.808000 279.840000 45
279.936000 280.128000 46
280.128000 280.416000 49
280.544000 281.536000 48
283.936000 284.256000 48
284.256000 285.504000 46
285.504000 286.144000 48
286.240000 287.392000 48
287.520000 288.000000 48
288.192000 288.832000 51
289.184000 289.408000 46
289.536000 291.872000 48
