7.776000 7.936000 57
14.208000 14.784000 57
16.000000 16.448000 55
17.664000 18.816000 57
18.912000 19.264000 55
19.520000 20.064000 57
20.224000 20.928000 56
21.088000 21.568000 57
22.784000 23.232000 55
24.512000 25.120000 57
25.312000 25.632000 57
25.728000 26.016000 55
26.208000 27.040000 57
27.616000 28.256000 52
30.208000 30.752000 53
30.944000 32.192000 55
33.504000 33.760000 55
33.920000 34.208000 56
34.368000 36.096000 57
41.664000 42.240000 56
43.392000 43.904000 55
45.120000 45.248000 55
45.248000 45.408000 57
45.536000 45.792000 57
45.920000 46.624000 56
46.912000 47.488000 57
47.616000 47.968000 57
47.968000 48.352000 55
48.512000 49.024000 57
50.208000 50.784000 55
51.936000 52.672000 57
52.768000 53.600000 56
53.760000 54.016000 57
54.016000 54.752000 62
54.880000 55.776000 57
55.776000 56.512000 55
57.504000 57.664000 51
57.664000 58.144000 54
58.304000 59.616000 55
60.928000 61.216000 58
61.376000 61.664000 55
61.792000 64.288000 57
67.648000 67.744000 65
67.744000 68.512000 60
68.640000 68.864000 59
69.056000 69.120000 55
69.120000 69.248000 56
69.248000 69.728000 58
69.888000 70.464000 60
70.464000 70.944000 59
71.392000 71.840000 57
72.064000 73.888000 59
74.496000 75.072000 62
75.072000 75.552000 60
75.552000 76.544000 57
76.704000 76.864000 64
76.864000 77.056000 66
77.248000 77.952000 62
78.336000 78.464000 62
78.464000 78.720000 59
78.912000 80.704000 62
81.600000 81.792000 55
81.888000 82.080000 56
82.080000 82.624000 59
82.752000 83.136000 59
83.232000 83.456000 60
83.584000 84.000000 60
84.448000 84.608000 56
84.608000 85.664000 60
85.760000 87.232000 57
87.872000 88.608000 55
88.704000 89.120000 57
89.216000 90.624000 57
91.936000 92.032000 53
92.160000 92.320000 53
92.320000 92.576000 55
92.576000 93.248000 57
93.248000 93.792000 60
93.920000 95.072000 57
96.512000 97.120000 57
98.208000 98.944000 55
99.968000 101.056000 57
101.184000 101.440000 55
101.632000 101.728000 55
101.728000 102.304000 57
102.464000 102.784000 57
102.912000 103.904000 55
104.832000 105.152000 55
105.472000 105.536000 55
106.816000 107.488000 57
107.584000 107.968000 57
107.968000 108.768000 55
108.928000 109.536000 62
109.792000 110.624000 58
110.624000 111.424000 55
112.512000 112.992000 52
113.216000 114.688000 55
115.808000 116.064000 59
116.160000 116.480000 55
116.576000 119.744000 57
122.592000 122.720000 60
122.720000 123.328000 62
123.424000 123.680000 59
123.904000 124.544000 58
124.800000 125.920000 60
126.304000 126.720000 58
126.912000 128.736000 59
129.344000 129.440000 64
129.440000 130.144000 61
130.144000 131.392000 58
131.552000 131.904000 66
132.064000 132.800000 62
133.248000 133.568000 59
133.728000 135.744000 62
136.384000 136.640000 55
136.768000 136.896000 56
136.896000 137.440000 58
137.664000 137.984000 59
138.080000 138.304000 60
138.432000 138.848000 60
139.264000 139.456000 57
139.456000 141.216000 59
141.216000 141.856000 57
142.528000 142.624000 60
142.720000 143.456000 56
143.616000 146.016000 57
147.072000 147.136000 53
147.136000 147.776000 55
147.936000 148.608000 59
148.768000 149.056000 59
149.152000 149.568000 57
149.984000 150.144000 60
150.144000 150.752000 61
150.912000 151.104000 59
151.328000 151.392000 55
151.392000 151.488000 56
151.488000 152.000000 59
152.192000 152.800000 60
152.800000 153.248000 59
153.696000 154.112000 57
154.336000 156.544000 59
156.864000 157.888000 60
157.888000 158.816000 57
159.040000 159.136000 64
159.168000 159.328000 66
159.456000 160.160000 62
160.672000 160.896000 64
160.896000 161.120000 67
161.248000 163.136000 67
163.808000 164.064000 55
164.192000 164.256000 55
164.256000 164.640000 57
164.640000 164.896000 59
165.024000 165.344000 59
165.472000 165.792000 60
165.888000 166.272000 60
166.688000 166.848000 56
166.848000 167.808000 60
168.000000 168.736000 58
168.864000 169.280000 57
170.144000 171.328000 56
171.520000 173.312000 57
174.400000 174.624000 53
174.624000 175.616000 57
175.744000 176.032000 60
176.160000 176.992000 57
177.504000 177.760000 54
177.920000 178.240000 55
178.368000 178.784000 61
178.784000 179.936000 55
180.032000 181.120000 62
181.728000 183.392000 59
183.488000 184.608000 59
185.216000 186.720000 60
187.264000 187.584000 60
187.744000 188.352000 58
188.352000 188.864000 55
189.056000 189.184000 53
189.184000 189.376000 55
189.472000 189.792000 56
189.920000 190.400000 58
190.528000 190.880000 57
191.200000 191.488000 54
191.648000 191.872000 55
192.064000 192.544000 61
192.544000 192.736000 55
192.992000 193.216000 55
193.312000 193.568000 55
193.728000 194.848000 62
195.424000 195.776000 62
195.904000 196.256000 63
196.256000 196.832000 59
197.184000 198.176000 66
198.432000 199.232000 66
199.360000 200.768000 64
202.368000 202.560000 53
202.784000 203.200000 55
204.000000 205.120000 58
208.288000 209.056000 60
209.184000 209.408000 59
210.048000 210.272000 59
210.464000 210.656000 60
210.752000 211.456000 60
211.456000 212.032000 67
212.096000 212.256000 67
212.320000 212.352000 67
212.512000 212.608000 66
212.608000 212.768000 62
212.768000 213.440000 57
213.440000 214.720000 62
215.200000 216.256000 60
216.256000 216.928000 58
216.960000 217.376000 62
217.600000 218.560000 62
219.008000 219.296000 59
219.488000 221.216000 62
221.344000 221.920000 62
222.016000 222.144000 59
222.144000 222.432000 56
222.528000 222.560000 59
222.976000 223.680000 59
223.776000 223.904000 60
224.064000 224.256000 54
224.288000 224.704000 53
224.992000 225.056000 56
225.056000 225.152000 57
225.152000 226.848000 59
226.848000 227.552000 57
228.256000 228.384000 61
228.384000 229.152000 56
229.312000 229.472000 54
229.600000 232.608000 57
232.768000 233.024000 54
233.024000 233.504000 56
233.600000 234.336000 59
234.496000 235.328000 57
235.744000 236.480000 61
236.608000 236.864000 59
237.088000 237.152000 55
237.152000 237.440000 57
237.440000 237.728000 59
237.984000 239.040000 60
239.424000 239.872000 57
240.064000 242.112000 59
242.624000 243.488000 60
243.488000 244.320000 57
244.320000 244.576000 59
244.704000 244.832000 64
244.832000 245.056000 66
245.184000 245.888000 62
246.304000 246.432000 63
246.432000 246.784000 66
246.912000 249.056000 67
249.472000 249.792000 55
249.984000 250.048000 55
250.048000 250.592000 58
250.784000 250.848000 55
250.848000 251.136000 59
251.232000 252.000000 60
252.448000 252.544000 56
252.544000 253.568000 60
253.760000 254.432000 58
254.592000 255.008000 57
255.872000 257.088000 56
257.216000 259.168000 57
260.192000 260.320000 53
260.320000 260.512000 55
260.608000 261.344000 57
261.472000 262.208000 59
262.336000 262.816000 57
263.648000 264.000000 55
264.128000 266.080000 55
