0.672000 1.312000 66
1.408000 1.856000 64
4.064000 4.640000 66
4.992000 5.632000 64
5.952000 6.304000 66
6.656000 6.912000 64
9.120000 9.600000 66
10.336000 10.464000 64
10.656000 10.816000 64
10.976000 11.264000 67
11.520000 11.936000 64
12.512000 12.704000 65
12.832000 13.120000 66
15.040000 15.200000 67
15.360000 15.872000 68
16.000000 16.288000 65
18.432000 18.816000 67
20.672000 20.800000 64
20.800000 21.344000 66
21.472000 21.888000 64
21.888000 22.144000 61
23.968000 24.032000 59
24.416000 24.864000 66
25.024000 25.440000 64
25.632000 25.824000 64
25.824000 25.952000 66
26.080000 26.400000 67
26.400000 26.880000 64
27.040000 27.200000 64
28.736000 29.024000 59
29.120000 29.632000 66
29.760000 29.888000 66
30.048000 30.144000 64
30.432000 30.496000 64
30.688000 30.816000 64
30.816000 31.264000 66
31.552000 31.904000 64
32.576000 33.120000 66
35.104000 35.264000 67
35.360000 35.680000 68
36.768000 37.152000 60
37.664000 37.824000 61
38.080000 38.592000 66
38.912000 39.008000 63
39.136000 39.648000 60
40.320000 40.544000 60
41.472000 41.600000 66
41.760000 42.176000 66
42.272000 42.496000 66
42.496000 42.976000 64
42.976000 44.416000 61
44.736000 45.216000 56
45.408000 45.696000 59
45.984000 46.368000 68
46.656000 47.744000 69
47.840000 48.064000 71
48.192000 48.448000 71
48.832000 49.600000 66
50.080000 50.240000 65
50.368000 50.592000 67
50.944000 51.072000 64
51.264000 51.488000 64
51.584000 51.808000 67
52.064000 52.544000 60
52.800000 53.120000 59
53.472000 54.336000 66
54.432000 54.592000 65
54.624000 54.816000 66
54.816000 54.944000 68
55.040000 55.616000 64
56.096000 56.160000 64
56.704000 58.112000 68
58.208000 58.368000 64
58.432000 58.464000 66
58.528000 59.040000 66
59.200000 60.128000 66
60.128000 60.256000 64
60.352000 60.832000 64
61.216000 61.312000 71
61.600000 62.208000 73
62.368000 62.560000 71
62.656000 63.008000 71
63.008000 63.168000 76
63.328000 63.904000 68
64.000000 64.096000 71
64.224000 64.416000 69
64.544000 64.768000 68
64.768000 65.056000 64
65.216000 65.856000 68
66.592000 66.848000 68
66.848000 67.552000 71
67.712000 68.128000 70
68.256000 68.512000 69
68.576000 69.440000 66
70.464000 70.688000 63
70.688000 71.296000 66
71.584000 71.904000 64
74.080000 74.560000 66
74.720000 75.008000 66
75.008000 75.232000 64
75.264000 75.776000 64
75.776000 76.192000 66
76.448000 76.928000 64
79.104000 79.168000 68
79.168000 80.064000 71
80.064000 80.960000 68
81.056000 81.536000 68
81.696000 82.048000 66
82.048000 82.336000 63
82.624000 82.816000 70
82.816000 83.136000 68
83.136000 83.392000 65
83.488000 84.256000 66
84.448000 84.608000 68
84.736000 84.896000 69
85.056000 85.824000 68
85.984000 86.272000 65
86.400000 86.880000 64
88.704000 88.960000 64
91.488000 91.584000 66
91.776000 92.160000 66
92.288000 92.960000 64
93.056000 93.600000 61
93.728000 94.400000 59
94.720000 95.040000 56
95.392000 95.648000 59
96.032000 96.352000 68
96.640000 97.728000 69
97.856000 98.080000 71
98.208000 98.432000 72
98.816000 99.584000 66
100.064000 100.256000 65
100.352000 100.576000 67
100.768000 101.088000 64
101.248000 101.472000 64
101.600000 101.792000 67
102.144000 102.944000 60
103.488000 104.352000 66
104.576000 105.088000 66
105.088000 105.664000 64
106.080000 106.208000 64
106.720000 107.104000 68
107.136000 108.064000 68
108.160000 108.320000 71
108.576000 110.208000 66
110.336000 110.752000 64
110.976000 111.072000 61
111.584000 112.256000 73
112.384000 112.576000 71
112.672000 112.960000 71
112.960000 113.184000 76
113.312000 113.472000 67
113.472000 114.080000 68
114.208000 114.400000 69
114.560000 114.752000 68
114.784000 115.072000 65
115.232000 115.904000 68
116.576000 116.832000 68
116.832000 117.312000 71
117.376000 117.536000 71
117.696000 117.888000 71
118.016000 118.144000 69
118.304000 118.464000 69
118.592000 119.392000 66
119.936000 120.224000 64
120.320000 120.512000 66
120.896000 121.504000 63
121.600000 121.696000 64
121.888000 122.144000 68
122.240000 122.336000 74
122.336000 123.264000 77
123.456000 124.416000 76
124.960000 125.312000 64
125.312000 125.728000 68
125.920000 126.656000 64
126.880000 127.008000 68
127.200000 127.392000 75
127.392000 129.536000 76
131.424000 131.616000 66
131.776000 132.096000 66
132.224000 132.480000 66
132.480000 132.992000 64
132.992000 134.432000 61
134.752000 135.104000 56
135.360000 135.584000 59
135.584000 135.776000 61
136.000000 136.416000 68
136.608000 136.832000 70
136.960000 137.696000 68
137.888000 138.048000 71
138.208000 138.464000 72
138.816000 139.360000 66
140.384000 141.120000 67
141.120000 141.824000 64
142.240000 142.528000 60
142.656000 142.976000 59
143.552000 144.352000 66
144.448000 145.248000 66
145.376000 145.728000 64
145.984000 146.080000 64
146.240000 146.304000 63
146.720000 147.520000 68
147.584000 147.808000 68
147.808000 149.024000 66
149.248000 149.600000 65
149.600000 150.240000 66
150.336000 150.848000 64
151.552000 152.192000 73
152.384000 152.576000 71
152.704000 152.992000 71
152.992000 153.440000 64
153.536000 154.080000 68
154.208000 154.432000 69
154.592000 154.944000 68
154.976000 155.200000 64
155.200000 156.128000 67
156.128000 156.352000 62
156.608000 156.896000 68
156.896000 157.536000 71
157.728000 157.888000 71
158.016000 158.144000 69
158.272000 158.432000 69
158.592000 159.264000 66
159.584000 159.712000 63
159.936000 160.256000 64
160.576000 160.736000 68
160.992000 161.728000 64
161.888000 162.048000 67
162.240000 162.336000 74
162.336000 163.168000 76
163.424000 164.352000 76
164.480000 164.544000 77
164.960000 165.536000 71
165.632000 165.664000 67
165.824000 165.984000 69
165.984000 166.112000 68
166.112000 167.072000 65
167.232000 168.160000 76
168.448000 169.408000 76
169.952000 170.496000 64
170.976000 171.520000 63
172.256000 173.152000 76
173.440000 174.368000 76
174.912000 175.520000 64
175.584000 175.712000 64
175.840000 175.968000 66
175.968000 176.352000 64
176.352000 176.544000 71
176.544000 177.216000 68
177.216000 178.144000 76
178.464000 179.456000 76
180.032000 180.320000 64
180.320000 180.736000 67
180.992000 181.600000 63
181.600000 182.144000 61
182.528000 182.912000 59
183.520000 183.744000 56
