9.696000 9.760000 57
9.760000 10.816000 59
10.816000 11.200000 62
11.520000 11.904000 56
14.240000 15.232000 58
15.328000 15.488000 61
15.488000 15.648000 63
16.256000 16.544000 56
16.736000 17.056000 54
18.688000 19.456000 59
19.840000 20.000000 61
20.000000 20.224000 63
20.384000 20.992000 63
21.248000 21.792000 59
22.592000 23.200000 56
23.424000 23.680000 56
24.032000 24.416000 54
27.616000 27.712000 61
27.904000 28.352000 61
28.480000 28.736000 61
28.736000 29.216000 65
29.408000 30.048000 58
30.144000 30.880000 56
31.296000 31.744000 56
31.872000 32.672000 58
32.992000 33.920000 56
34.656000 34.816000 56
34.944000 35.424000 61
35.520000 35.840000 63
36.064000 37.056000 63
37.248000 37.504000 56
37.792000 38.016000 64
38.336000 39.264000 63
39.392000 40.288000 61
40.640000 41.568000 60
41.664000 42.080000 53
42.240000 42.336000 53
42.848000 44.352000 60
44.672000 45.248000 56
45.248000 45.888000 54
45.888000 46.560000 61
47.072000 47.360000 61
47.584000 48.864000 61
49.504000 50.496000 65
50.624000 51.328000 65
51.456000 51.744000 65
51.744000 52.032000 63
52.320000 52.416000 56
52.608000 52.864000 56
52.864000 53.792000 61
53.920000 55.008000 63
55.104000 55.456000 56
55.712000 55.968000 65
56.352000 57.760000 63
57.760000 58.208000 61
58.496000 59.456000 60
59.680000 60.064000 53
60.736000 62.208000 60
62.368000 63.520000 54
63.808000 64.832000 61
64.928000 66.848000 60
67.456000 68.384000 65
68.544000 69.248000 65
69.376000 69.696000 65
69.696000 70.080000 63
70.816000 71.360000 61
71.648000 73.504000 61
74.848000 75.104000 59
75.328000 75.456000 57
75.456000 76.000000 59
76.000000 76.160000 63
76.416000 76.960000 56
77.280000 77.888000 54
79.232000 79.680000 59
79.776000 80.064000 58
80.064000 80.352000 59
80.352000 80.672000 62
80.928000 82.560000 54
83.520000 83.616000 62
83.968000 84.832000 58
84.832000 85.152000 62
85.408000 85.984000 63
86.240000 86.752000 59
87.360000 87.744000 54
87.744000 88.032000 56
88.224000 88.672000 56
88.800000 88.928000 54
89.024000 89.824000 54
92.128000 92.864000 61
92.960000 93.376000 61
93.536000 93.792000 61
93.792000 93.952000 63
93.952000 94.208000 65
94.208000 94.464000 61
94.464000 95.904000 56
96.352000 96.800000 56
96.896000 97.440000 58
97.440000 97.792000 60
98.016000 98.944000 56
99.456000 99.552000 56
99.712000 99.904000 56
100.000000 100.896000 61
101.152000 102.112000 63
102.240000 102.592000 56
102.816000 102.976000 56
103.392000 104.352000 63
104.448000 104.736000 63
104.736000 105.024000 61
105.056000 105.376000 61
105.632000 106.560000 60
106.720000 107.040000 53
107.904000 109.376000 60
109.504000 109.664000 53
109.664000 110.176000 56
110.272000 110.944000 54
111.008000 111.488000 61
112.064000 112.128000 56
112.128000 112.416000 61
112.608000 113.888000 60
114.528000 115.520000 65
115.680000 116.384000 65
116.480000 116.832000 65
116.832000 117.152000 63
117.632000 117.824000 56
117.952000 118.944000 61
119.008000 119.168000 61
119.168000 119.872000 63
119.872000 120.480000 56
121.280000 122.016000 63
122.144000 122.208000 60
122.208000 122.592000 64
122.592000 123.264000 61
123.552000 124.544000 60
124.640000 125.088000 53
125.760000 127.232000 60
127.488000 127.680000 53
127.680000 128.160000 55
128.288000 128.608000 54
128.864000 129.856000 61
129.984000 131.904000 60
132.480000 133.440000 65
133.600000 134.304000 66
134.432000 135.264000 63
135.872000 136.544000 61
136.672000 138.336000 61
138.336000 139.520000 64
139.520000 140.064000 59
140.352000 140.800000 62
141.184000 141.344000 59
141.344000 142.528000 61
142.720000 142.848000 58
142.944000 143.040000 57
144.192000 144.544000 61
145.184000 147.232000 60
147.232000 147.648000 59
148.064000 148.192000 56
148.192000 150.048000 59
150.464000 150.560000 56
150.560000 151.872000 58
151.872000 152.160000 62
152.448000 152.736000 57
152.992000 153.120000 50
153.248000 153.632000 51
153.824000 154.240000 59
154.400000 155.488000 56
159.264000 160.160000 61
160.256000 160.672000 61
160.800000 161.088000 61
161.088000 161.664000 64
161.664000 163.168000 56
163.616000 164.064000 56
164.224000 165.056000 58
165.312000 166.208000 56
167.008000 167.200000 56
167.296000 168.224000 61
168.288000 168.352000 65
168.384000 168.512000 63
168.512000 172.608000 70
172.608000 173.824000 63
173.984000 174.432000 55
175.136000 176.192000 62
176.224000 176.288000 58
176.288000 176.672000 62
176.960000 177.600000 58
177.600000 178.144000 56
178.144000 180.352000 62
180.896000 181.216000 58
181.824000 184.608000 67
184.896000 185.088000 58
185.088000 186.144000 63
186.240000 187.360000 65
187.808000 188.320000 64
188.576000 189.984000 66
189.984000 191.264000 63
191.264000 191.392000 67
191.392000 192.128000 62
192.320000 192.416000 58
193.056000 194.560000 62
194.560000 195.456000 56
195.616000 196.000000 56
196.160000 197.120000 63
197.280000 199.200000 62
199.488000 199.616000 58
199.840000 200.768000 67
200.864000 201.568000 67
201.696000 202.880000 67
202.880000 207.968000 63
208.736000 208.864000 60
208.864000 210.432000 62
210.432000 210.784000 59
210.976000 212.544000 62
212.768000 214.080000 56
214.080000 216.224000 62
216.544000 216.704000 53
216.800000 217.152000 58
217.440000 217.536000 59
217.792000 219.520000 67
219.648000 220.864000 65
221.088000 224.032000 63
