14.016000 14.240000 63
53.472000 53.568000 65
64.352000 64.768000 65
64.768000 65.600000 63
65.760000 65.856000 65
65.856000 66.208000 67
66.208000 66.432000 72
66.656000 66.752000 63
66.848000 67.744000 58
67.968000 68.416000 65
68.608000 69.184000 65
69.376000 69.760000 67
69.856000 70.112000 60
70.272000 70.784000 61
70.784000 70.976000 58
71.616000 71.968000 65
72.064000 72.192000 62
72.288000 72.864000 65
72.992000 73.344000 67
73.472000 74.048000 60
74.176000 74.336000 61
74.336000 74.784000 58
74.880000 75.008000 58
75.264000 75.680000 65
75.776000 76.384000 65
76.704000 77.120000 67
77.120000 77.440000 62
77.824000 77.952000 62
77.952000 78.176000 58
78.272000 78.432000 59
78.880000 79.552000 67
79.776000 79.808000 64
80.000000 80.512000 65
80.704000 80.768000 66
80.768000 81.280000 67
81.408000 81.600000 69
81.600000 82.688000 65
82.752000 83.328000 67
83.424000 83.616000 65
83.936000 84.096000 67
84.352000 84.832000 65
85.024000 85.152000 69
85.312000 86.080000 66
86.176000 86.560000 66
86.688000 87.904000 67
88.032000 88.416000 67
88.512000 89.024000 68
89.024000 89.312000 65
89.408000 89.696000 67
89.856000 90.528000 66
90.528000 91.488000 67
91.648000 93.408000 66
93.536000 94.304000 55
94.496000 94.720000 55
94.848000 94.944000 55
95.264000 95.328000 64
95.328000 95.424000 67
95.520000 96.032000 67
96.192000 96.288000 67
96.416000 97.056000 65
97.152000 97.696000 65
97.696000 98.144000 67
98.240000 98.656000 65
99.008000 99.456000 65
99.616000 99.776000 69
99.776000 99.968000 66
100.064000 101.280000 65
101.440000 101.600000 68
101.696000 101.792000 67
101.888000 101.984000 63
102.144000 102.432000 67
102.432000 102.528000 63
102.784000 102.944000 65
103.040000 103.616000 68
103.744000 104.128000 66
104.128000 104.256000 62
104.608000 104.704000 65
104.800000 105.472000 67
105.472000 106.304000 66
107.168000 107.840000 65
107.840000 107.968000 62
108.064000 108.352000 55
108.416000 108.448000 55
108.480000 108.672000 55
108.864000 109.056000 60
109.856000 110.016000 55
110.240000 111.488000 55
112.416000 112.608000 60
112.928000 113.152000 58
113.760000 115.136000 55
115.328000 115.584000 55
115.712000 116.192000 55
116.480000 116.960000 59
117.376000 118.912000 55
119.104000 119.136000 55
119.360000 119.488000 55
119.776000 120.320000 58
121.312000 121.440000 61
121.600000 121.856000 60
122.624000 123.008000 59
123.008000 123.168000 62
123.264000 123.424000 62
123.424000 123.616000 60
123.808000 123.872000 58
123.904000 124.096000 58
124.192000 124.288000 58
124.640000 125.408000 58
125.536000 125.984000 58
126.144000 126.496000 59
126.592000 126.944000 62
127.136000 127.424000 60
127.424000 128.096000 58
128.288000 129.024000 59
129.184000 129.536000 58
129.952000 130.752000 62
130.880000 131.008000 58
131.008000 131.360000 62
131.456000 131.808000 60
131.904000 132.000000 60
132.096000 133.568000 62
133.728000 134.528000 62
134.624000 135.136000 62
135.136000 135.392000 65
135.584000 135.872000 58
136.032000 136.128000 62
136.224000 137.120000 62
137.120000 138.176000 65
138.304000 138.592000 62
138.752000 139.040000 60
139.360000 139.552000 55
139.680000 140.000000 60
140.192000 140.352000 63
140.576000 140.768000 60
140.768000 141.792000 65
141.952000 142.304000 62
142.304000 142.752000 60
142.752000 143.168000 57
143.392000 143.872000 60
144.032000 144.480000 62
144.640000 144.768000 58
145.088000 146.336000 58
146.560000 146.784000 58
146.880000 147.584000 58
147.680000 147.936000 58
147.968000 148.160000 60
148.288000 149.504000 58
149.760000 150.048000 60
150.144000 150.560000 58
150.720000 150.880000 58
151.104000 151.360000 58
151.552000 151.840000 60
151.936000 152.288000 58
152.416000 153.216000 58
153.312000 153.440000 58
153.440000 153.600000 60
153.728000 154.112000 58
154.336000 155.040000 58
155.200000 155.648000 62
155.712000 156.384000 60
156.576000 156.640000 60
156.672000 156.768000 62
156.928000 157.184000 60
157.344000 157.920000 60
158.112000 158.592000 60
158.784000 160.736000 58
161.024000 161.280000 58
161.472000 161.824000 58
161.952000 163.360000 58
163.456000 163.616000 58
163.744000 164.096000 58
164.192000 164.384000 59
164.544000 164.992000 58
165.152000 165.952000 58
166.080000 166.176000 58
166.336000 166.592000 55
166.720000 166.880000 55
167.072000 167.104000 58
167.168000 167.296000 60
167.712000 167.904000 58
168.448000 169.632000 55
169.984000 170.144000 55
170.336000 170.464000 55
170.688000 170.912000 60
171.424000 171.456000 57
171.936000 173.312000 55
173.568000 173.792000 55
173.920000 174.208000 55
174.720000 175.232000 59
175.680000 177.056000 55
177.600000 177.760000 55
177.952000 178.208000 60
178.976000 179.616000 55
179.904000 180.000000 60
180.448000 180.544000 58
180.896000 181.056000 65
181.248000 181.728000 68
181.952000 182.272000 67
182.528000 182.688000 60
182.944000 184.160000 55
184.832000 185.344000 68
185.568000 185.920000 67
186.176000 186.368000 60
186.624000 186.912000 55
187.232000 187.840000 55
188.064000 188.384000 55
188.512000 188.864000 55
189.280000 189.440000 57
189.696000 189.984000 55
190.208000 191.488000 55
193.120000 193.248000 59
193.536000 193.632000 62
194.016000 194.176000 62
194.560000 194.624000 60
195.328000 195.712000 59
196.128000 196.224000 55
198.400000 198.496000 55
218.560000 218.688000 53
