0.704000 1.056000 57
1.216000 1.472000 60
1.568000 1.760000 62
2.016000 2.304000 60
2.528000 2.784000 59
3.008000 3.200000 57
3.744000 3.872000 57
4.192000 4.352000 55
4.768000 5.536000 58
5.664000 5.888000 60
6.080000 6.784000 59
8.640000 9.024000 56
9.152000 9.568000 59
9.824000 10.048000 61
10.144000 10.560000 60
10.848000 11.200000 58
11.360000 11.712000 57
11.968000 12.544000 56
12.768000 12.896000 57
13.184000 13.792000 59
16.768000 17.152000 56
17.312000 18.176000 60
18.464000 18.656000 60
18.848000 19.072000 59
19.328000 19.648000 57
20.032000 20.352000 57
20.544000 20.896000 56
21.024000 21.248000 57
21.440000 21.760000 59
21.920000 22.080000 60
22.304000 22.624000 59
22.912000 23.488000 56
25.120000 25.376000 57
25.664000 26.240000 60
26.464000 26.976000 60
27.168000 27.232000 57
28.128000 28.448000 58
28.672000 28.832000 56
29.184000 29.920000 56
33.696000 34.464000 69
34.624000 35.072000 67
35.200000 35.296000 66
35.296000 36.160000 64
36.288000 36.640000 63
36.864000 37.120000 64
37.120000 37.664000 59
37.888000 38.720000 60
41.216000 41.280000 66
41.280000 41.824000 67
41.824000 42.784000 68
42.880000 43.200000 69
43.200000 43.872000 65
44.000000 44.192000 66
44.448000 45.312000 62
45.440000 46.560000 59
47.584000 47.808000 59
49.952000 50.400000 70
50.528000 50.912000 67
51.040000 51.392000 69
51.392000 52.544000 65
52.544000 52.736000 62
52.864000 53.184000 62
53.376000 53.568000 61
53.568000 54.432000 59
54.624000 56.608000 59
58.112000 58.560000 69
58.656000 58.816000 67
59.168000 60.192000 67
60.192000 60.448000 70
60.672000 61.600000 69
61.696000 62.432000 67
65.536000 65.664000 58
65.760000 66.016000 57
66.016000 67.840000 60
68.128000 68.608000 57
69.856000 70.208000 56
70.368000 70.624000 59
70.880000 71.072000 59
71.392000 71.520000 59
71.936000 72.320000 57
73.696000 73.792000 56
73.920000 74.336000 57
74.464000 74.720000 60
74.912000 76.000000 60
76.000000 76.928000 57
77.312000 77.600000 54
77.600000 78.112000 56
78.304000 79.424000 59
81.056000 81.376000 55
81.536000 82.336000 57
82.560000 83.392000 60
83.680000 83.776000 61
83.904000 85.472000 57
85.632000 86.016000 56
86.144000 86.880000 58
87.040000 87.840000 60
87.840000 88.160000 57
88.512000 88.640000 55
90.016000 90.112000 56
90.208000 90.496000 57
90.496000 91.360000 60
91.456000 91.808000 60
91.936000 92.544000 59
92.736000 92.896000 58
93.216000 93.696000 57
94.112000 94.464000 56
94.560000 94.656000 56
98.848000 99.552000 69
99.808000 100.192000 68
100.384000 100.832000 64
100.832000 101.216000 66
101.376000 101.568000 62
101.888000 102.240000 63
102.240000 102.688000 59
102.944000 103.776000 59
106.272000 106.848000 67
106.848000 107.776000 69
107.904000 108.224000 69
108.224000 108.480000 68
108.480000 109.312000 64
109.504000 110.528000 62
110.528000 111.776000 59
112.704000 113.056000 58
114.208000 114.304000 63
114.944000 115.104000 63
115.104000 115.424000 69
115.584000 115.968000 67
116.128000 116.384000 69
116.384000 116.448000 68
116.448000 117.408000 65
117.536000 118.336000 62
118.432000 118.624000 62
118.688000 119.104000 59
119.232000 119.520000 60
119.840000 120.128000 59
120.736000 121.216000 59
121.216000 121.568000 57
123.232000 123.648000 69
123.744000 123.904000 67
124.224000 125.248000 67
125.248000 125.504000 70
125.632000 125.728000 66
125.728000 126.496000 69
126.496000 126.624000 67
126.752000 127.296000 67
130.336000 130.848000 67
130.848000 131.200000 70
131.520000 133.216000 69
133.216000 133.312000 64
133.696000 134.752000 67
134.944000 135.584000 67
135.744000 135.968000 69
136.192000 136.672000 67
136.960000 137.600000 66
137.792000 137.952000 64
138.496000 139.136000 66
139.296000 139.648000 70
139.904000 140.864000 69
142.048000 142.240000 68
142.336000 142.944000 67
143.040000 143.200000 69
143.360000 143.456000 66
143.552000 143.744000 69
143.872000 143.968000 67
144.128000 145.248000 68
145.440000 145.728000 68
145.920000 146.176000 64
146.624000 146.976000 70
147.136000 147.328000 71
147.328000 147.488000 68
147.712000 148.192000 64
148.768000 148.960000 62
149.920000 150.240000 62
150.464000 150.656000 62
150.656000 150.944000 70
151.104000 151.296000 69
151.488000 151.808000 71
151.968000 152.160000 69
152.160000 152.768000 67
152.768000 152.992000 70
152.992000 153.184000 66
153.248000 153.696000 65
154.784000 155.104000 70
155.200000 155.584000 71
155.808000 156.288000 64
156.288000 157.216000 62
157.440000 158.496000 62
159.840000 161.152000 65
161.248000 161.440000 67
161.600000 163.264000 68
163.360000 163.776000 69
163.840000 164.224000 69
164.448000 164.576000 67
164.960000 165.312000 67
165.472000 165.920000 64
165.920000 166.240000 66
166.528000 166.624000 63
167.008000 167.296000 64
167.776000 167.872000 59
168.224000 168.352000 59
171.328000 171.968000 67
171.968000 172.384000 69
172.544000 172.896000 67
173.088000 173.376000 69
173.376000 173.888000 64
174.336000 174.496000 64
174.816000 175.424000 66
175.808000 176.192000 67
177.152000 177.248000 63
177.440000 178.048000 58
178.144000 178.272000 57
180.224000 180.576000 69
180.704000 181.056000 67
181.216000 181.472000 69
181.472000 181.536000 68
181.536000 181.600000 67
181.600000 182.208000 64
182.208000 182.464000 67
182.464000 182.880000 62
182.976000 183.200000 62
183.200000 183.392000 64
183.520000 184.640000 59
184.736000 185.376000 59
185.792000 187.040000 58
187.040000 187.616000 59
188.320000 188.384000 64
188.384000 189.056000 68
189.280000 190.400000 67
190.400000 190.624000 71
190.752000 190.816000 67
190.816000 191.744000 69
191.840000 192.608000 67
196.448000 196.864000 69
196.960000 197.120000 67
197.376000 198.432000 67
198.432000 198.720000 70
198.848000 198.976000 69
198.976000 199.680000 72
199.680000 200.768000 67
204.512000 204.928000 70
205.120000 205.312000 67
205.728000 206.016000 67
206.016000 206.272000 69
206.368000 207.072000 66
207.392000 207.616000 64
207.616000 208.160000 62
208.544000 209.376000 60
