5.600000 7.296000 67
7.296000 8.128000 64
8.672000 9.184000 68
9.184000 9.408000 66
9.504000 9.632000 66
9.632000 9.728000 68
9.856000 11.328000 68
11.328000 12.800000 65
13.440000 13.632000 67
13.632000 13.696000 66
13.696000 15.296000 63
17.280000 17.344000 65
17.344000 17.728000 68
17.728000 18.272000 63
18.400000 19.232000 66
20.768000 21.664000 66
21.984000 22.528000 67
22.528000 22.752000 64
22.848000 23.136000 61
23.136000 23.968000 66
25.472000 25.536000 63
25.536000 26.432000 66
26.432000 27.264000 71
27.264000 27.776000 64
27.872000 28.032000 70
28.160000 28.736000 66
29.856000 30.080000 64
30.080000 30.624000 66
30.720000 31.488000 64
31.488000 31.712000 67
32.224000 32.800000 66
33.088000 33.856000 63
33.856000 33.984000 59
34.368000 34.560000 63
35.008000 35.360000 62
35.456000 37.184000 61
37.536000 37.984000 63
37.984000 38.496000 59
38.592000 38.912000 59
39.008000 39.520000 59
39.904000 40.096000 63
40.192000 41.920000 61
42.240000 42.784000 63
43.168000 43.776000 66
44.288000 45.216000 68
45.600000 45.664000 65
45.664000 47.168000 68
47.168000 48.128000 64
48.704000 49.216000 68
49.216000 49.728000 66
49.856000 50.208000 68
50.336000 50.496000 66
50.656000 51.328000 68
51.328000 52.832000 64
53.376000 53.920000 68
53.920000 54.880000 67
55.040000 55.168000 71
55.168000 55.936000 73
55.936000 56.640000 68
56.800000 57.152000 71
57.376000 57.920000 69
57.920000 58.176000 67
58.176000 58.720000 64
58.720000 59.616000 68
59.744000 59.808000 65
59.808000 61.312000 68
61.312000 62.240000 64
62.848000 64.256000 64
64.416000 64.896000 66
65.056000 65.440000 68
65.440000 66.208000 66
66.208000 67.072000 64
67.424000 67.520000 63
67.904000 68.096000 64
68.096000 68.608000 66
68.896000 69.568000 68
69.728000 70.176000 68
70.176000 71.392000 66
71.392000 71.712000 63
72.128000 72.256000 63
72.256000 72.544000 68
72.832000 73.120000 66
73.120000 73.312000 69
73.408000 73.504000 58
73.632000 73.792000 61
73.792000 74.272000 67
74.272000 74.528000 64
74.624000 74.784000 61
74.912000 75.104000 67
75.232000 75.616000 66
77.216000 78.144000 65
78.272000 78.464000 61
78.464000 78.944000 68
78.944000 79.168000 64
79.168000 79.584000 62
79.584000 79.776000 67
79.936000 80.352000 66
81.920000 82.816000 66
82.976000 83.616000 71
83.616000 83.936000 67
83.936000 84.288000 64
84.288000 84.448000 71
84.608000 84.992000 72
85.312000 86.048000 66
86.368000 86.560000 64
86.560000 87.168000 66
87.168000 88.224000 64
88.736000 89.280000 66
89.536000 90.336000 63
90.336000 90.464000 59
90.752000 91.232000 56
91.648000 93.664000 61
94.016000 96.000000 59
96.320000 97.984000 61
98.048000 98.400000 61
98.720000 99.328000 63
99.552000 99.744000 64
99.744000 100.224000 66
100.224000 100.672000 62
100.768000 101.440000 67
101.440000 101.632000 63
102.080000 102.144000 65
102.144000 103.136000 68
103.136000 104.576000 64
105.152000 105.632000 68
105.632000 106.208000 66
106.368000 106.656000 68
106.752000 106.944000 66
107.104000 107.776000 68
107.776000 109.344000 64
109.632000 109.728000 66
109.856000 110.368000 68
110.368000 111.360000 67
111.520000 111.648000 71
111.648000 112.416000 73
112.416000 113.120000 68
113.280000 113.632000 71
113.824000 114.496000 69
114.496000 114.528000 67
114.624000 115.104000 64
115.200000 115.904000 68
116.192000 116.256000 65
116.256000 117.760000 68
117.760000 118.688000 64
119.296000 119.552000 66
119.552000 120.960000 63
121.056000 121.216000 61
121.312000 121.600000 64
121.632000 121.696000 64
121.696000 121.856000 67
121.888000 122.432000 66
122.592000 123.520000 64
124.064000 125.216000 59
125.568000 125.792000 68
125.888000 126.048000 68
126.048000 126.304000 64
126.816000 127.136000 66
127.424000 127.520000 68
127.520000 127.648000 64
127.680000 128.352000 64
128.576000 128.736000 63
128.736000 129.024000 68
129.024000 129.216000 71
129.248000 129.536000 66
129.536000 129.888000 62
129.888000 130.464000 61
130.464000 130.944000 68
131.104000 131.648000 66
131.648000 132.096000 71
132.288000 132.736000 67
132.832000 133.856000 64
134.016000 134.400000 62
134.592000 135.136000 61
135.136000 135.616000 68
135.744000 136.128000 66
136.352000 136.800000 71
136.928000 137.472000 63
139.296000 140.032000 61
140.032000 140.320000 68
140.480000 140.960000 66
141.120000 141.216000 69
141.216000 141.376000 71
141.664000 141.952000 68
141.952000 143.232000 65
143.424000 143.712000 63
144.000000 144.384000 61
144.640000 145.536000 66
145.792000 146.144000 71
146.304000 146.848000 63
147.808000 148.768000 68
149.120000 149.184000 65
149.184000 150.848000 67
150.848000 151.648000 64
152.224000 152.736000 68
152.736000 153.248000 66
153.408000 153.536000 68
153.888000 153.984000 66
154.144000 154.464000 68
154.560000 154.816000 68
154.816000 156.096000 66
156.096000 156.352000 63
156.928000 158.432000 68
158.688000 159.456000 73
159.456000 159.936000 68
160.000000 160.160000 71
160.352000 160.672000 71
160.896000 160.960000 67
160.960000 161.440000 69
161.472000 161.536000 67
161.664000 162.144000 64
162.272000 163.136000 68
163.232000 163.360000 66
163.360000 164.288000 68
164.288000 164.800000 66
164.800000 166.016000 63
166.368000 167.808000 64
167.904000 168.864000 66
168.864000 170.496000 64
171.648000 172.288000 65
172.512000 173.568000 66
173.568000 175.392000 64
175.776000 176.096000 68
176.096000 176.256000 71
176.288000 176.672000 67
176.672000 176.928000 69
177.376000 177.504000 71
177.504000 178.304000 73
178.304000 179.008000 68
179.168000 179.488000 71
179.712000 179.776000 67
179.776000 180.192000 70
180.480000 180.992000 64
181.088000 181.184000 66
181.184000 181.504000 69
181.504000 183.104000 68
183.104000 184.576000 64
185.152000 185.440000 66
185.440000 186.016000 64
186.016000 187.104000 63
187.328000 187.488000 64
187.520000 187.616000 61
187.840000 187.904000 63
187.904000 187.968000 66
188.128000 188.256000 66
188.448000 188.640000 64
188.672000 189.056000 64
189.088000 189.408000 63
189.728000 189.888000 63
189.888000 190.208000 61
190.208000 191.008000 59
191.328000 191.776000 61
192.000000 192.224000 64
192.224000 192.384000 61
192.832000 192.960000 59
193.280000 193.344000 64
193.376000 193.824000 64
193.952000 194.144000 63
194.432000 194.624000 63
194.624000 194.912000 68
194.912000 195.168000 71
195.168000 195.360000 65
195.488000 195.776000 69
196.096000 196.864000 73
196.960000 197.120000 73
197.120000 197.824000 68
197.984000 198.336000 71
198.528000 198.592000 68
198.592000 199.200000 69
199.296000 199.808000 64
199.904000 202.528000 68
202.528000 203.392000 64
204.032000 204.288000 66
204.288000 204.480000 64
204.576000 205.088000 64
205.184000 205.888000 61
