3.392000 3.776000 56
10.336000 10.624000 57
10.752000 10.976000 56
11.104000 11.328000 54
20.640000 20.960000 54
29.888000 29.984000 70
29.984000 30.240000 73
30.336000 30.496000 74
30.496000 31.104000 69
31.264000 32.192000 67
32.192000 33.120000 69
33.120000 33.568000 65
34.816000 34.880000 67
34.880000 35.008000 72
35.008000 35.392000 74
35.392000 37.152000 67
37.312000 37.920000 69
37.920000 38.144000 65
38.272000 38.368000 65
38.944000 39.648000 65
39.808000 40.000000 62
40.384000 40.512000 62
40.704000 41.120000 62
41.312000 41.376000 62
41.376000 41.440000 63
41.440000 41.824000 65
41.824000 42.144000 67
42.240000 42.400000 62
42.816000 43.392000 62
44.640000 45.152000 74
45.248000 46.048000 69
46.208000 46.656000 67
46.816000 47.584000 69
47.712000 47.808000 68
47.808000 48.192000 65
48.352000 48.768000 62
49.536000 50.688000 64
50.720000 51.744000 64
52.032000 52.832000 64
52.832000 53.152000 62
53.248000 53.472000 65
53.472000 53.824000 67
53.824000 54.272000 64
54.528000 55.648000 64
55.744000 56.640000 65
56.960000 57.952000 64
58.176000 59.008000 66
59.008000 59.264000 62
59.392000 59.616000 69
59.616000 59.936000 67
59.936000 60.480000 65
60.480000 61.216000 62
61.344000 62.400000 62
62.560000 63.584000 62
63.712000 64.160000 62
64.256000 64.544000 69
64.544000 64.832000 67
64.832000 65.408000 65
65.408000 66.048000 62
66.176000 67.328000 62
67.488000 69.120000 62
69.120000 69.792000 67
69.792000 70.944000 63
71.104000 71.552000 67
71.552000 71.808000 62
71.936000 72.096000 62
72.384000 72.768000 67
72.864000 73.408000 62
73.632000 74.304000 67
74.304000 74.624000 64
74.624000 75.328000 61
75.584000 75.936000 60
75.936000 76.192000 57
76.192000 76.512000 61
76.992000 77.120000 67
77.120000 77.696000 62
77.696000 78.176000 60
78.176000 78.720000 62
83.808000 84.000000 72
84.000000 84.320000 74
84.448000 84.896000 69
84.896000 85.568000 67
85.664000 86.784000 69
86.880000 86.976000 68
86.976000 87.072000 67
87.072000 87.392000 65
87.392000 87.968000 62
88.704000 89.216000 74
89.344000 89.760000 69
89.760000 91.328000 67
91.488000 91.680000 69
91.808000 91.968000 67
91.968000 92.256000 65
92.256000 92.864000 62
92.864000 93.536000 65
94.208000 94.400000 62
94.560000 94.848000 63
95.264000 96.032000 65
96.224000 96.352000 63
96.672000 97.536000 62
98.496000 98.624000 72
98.624000 99.008000 74
99.008000 99.040000 72
99.040000 99.712000 69
99.712000 101.728000 67
101.888000 102.048000 65
102.176000 102.688000 62
103.424000 103.680000 69
103.680000 104.000000 67
104.000000 104.544000 65
104.544000 105.216000 62
105.376000 106.432000 62
106.592000 107.648000 62
107.840000 108.320000 62
108.320000 108.576000 69
108.576000 108.896000 67
108.896000 111.360000 62
111.552000 113.184000 62
113.184000 113.824000 67
113.824000 115.008000 63
115.200000 115.584000 67
115.584000 115.872000 62
116.000000 116.128000 62
116.448000 116.800000 67
116.928000 117.472000 62
117.696000 118.112000 67
118.112000 118.464000 66
118.464000 119.040000 62
119.040000 119.360000 60
119.680000 119.968000 60
119.968000 120.224000 57
120.224000 120.544000 54
121.056000 121.152000 67
121.248000 121.792000 62
121.792000 122.240000 60
122.240000 122.752000 62
122.976000 123.232000 65
123.328000 123.808000 72
123.936000 125.056000 67
125.152000 125.408000 68
125.760000 128.416000 67
128.800000 129.024000 67
129.120000 130.304000 67
130.656000 130.944000 67
131.136000 132.448000 67
132.736000 133.120000 65
133.120000 133.600000 72
133.728000 134.848000 67
134.944000 135.232000 67
135.552000 135.936000 67
135.968000 137.056000 67
137.152000 137.600000 67
137.696000 137.920000 65
138.016000 138.080000 70
138.080000 138.240000 72
138.592000 138.816000 67
138.912000 140.128000 67
140.448000 140.736000 67
140.928000 142.080000 67
142.080000 142.720000 62
143.584000 143.840000 67
144.224000 144.384000 64
144.576000 146.016000 67
146.144000 146.336000 67
146.496000 146.688000 67
147.488000 147.808000 74
147.968000 148.032000 72
148.032000 148.608000 69
149.056000 149.280000 67
149.504000 149.728000 67
152.928000 153.024000 69
154.048000 154.144000 69
154.560000 154.688000 73
154.976000 155.200000 76
155.296000 155.392000 75
156.128000 156.384000 67
157.312000 157.568000 74
157.568000 157.920000 72
157.920000 158.400000 69
158.848000 159.072000 67
159.296000 159.520000 67
162.720000 162.816000 67
164.064000 164.448000 67
164.928000 165.024000 70
165.152000 165.248000 69
169.536000 170.752000 72
170.752000 171.552000 70
171.552000 172.544000 68
172.544000 173.792000 63
173.920000 175.008000 62
175.168000 176.224000 62
176.384000 176.896000 62
176.896000 177.152000 69
177.152000 177.472000 67
177.472000 179.264000 62
179.360000 179.552000 64
179.872000 180.128000 67
180.544000 181.120000 62
181.344000 181.504000 62
181.696000 181.920000 65
182.048000 182.336000 67
182.336000 182.688000 65
182.688000 183.584000 62
183.744000 184.160000 67
184.160000 184.448000 62
184.576000 184.736000 62
184.992000 185.376000 67
185.472000 186.080000 62
186.240000 187.008000 67
187.008000 187.456000 64
187.488000 187.936000 59
188.256000 188.544000 61
188.544000 188.736000 56
188.832000 189.184000 62
189.600000 189.760000 67
189.760000 190.240000 63
190.240000 190.304000 61
190.304000 190.784000 60
190.784000 191.264000 62
191.264000 192.160000 67
192.160000 192.320000 72
192.480000 194.080000 67
194.368000 195.200000 67
195.296000 196.000000 67
196.160000 196.384000 67
196.384000 196.768000 65
196.768000 197.056000 71
197.376000 198.880000 67
199.072000 199.520000 67
199.680000 199.936000 67
200.096000 200.544000 67
200.544000 201.568000 65
201.696000 202.080000 72
202.240000 202.976000 67
203.360000 203.776000 72
203.968000 205.568000 67
205.728000 205.824000 67
205.824000 206.048000 73
206.240000 206.496000 65
206.592000 206.848000 71
206.976000 207.104000 59
207.200000 207.392000 55
207.520000 207.680000 55
207.808000 208.096000 55
208.160000 208.320000 59
208.544000 208.672000 61
209.024000 209.312000 67
209.504000 209.696000 67
209.984000 210.496000 55
210.528000 210.592000 58
210.752000 211.360000 62
221.344000 221.472000 60
221.920000 222.048000 63
222.240000 222.336000 65
222.464000 222.880000 64
222.880000 222.944000 62
223.072000 223.200000 62
223.424000 224.128000 63
224.224000 224.384000 62
225.952000 226.208000 53
227.296000 227.456000 53
228.288000 228.416000 59
228.576000 229.120000 58
229.760000 229.824000 58
230.112000 230.304000 59
232.832000 233.216000 64
233.312000 233.504000 64
234.176000 234.304000 61
234.496000 234.752000 59
234.848000 235.104000 57
235.136000 235.392000 56
235.648000 235.712000 56
236.224000 236.288000 59
237.056000 237.152000 66
237.280000 237.632000 64
237.984000 238.240000 60
243.392000 243.552000 54
248.128000 248.288000 60
