1.216000 1.344000 64
2.432000 2.560000 60
2.560000 2.912000 58
3.552000 3.840000 60
4.544000 4.736000 59
4.992000 5.088000 63
5.792000 5.984000 68
6.688000 6.816000 70
8.160000 8.352000 66
8.512000 8.640000 69
9.440000 9.536000 74
9.536000 9.600000 71
9.920000 10.080000 64
10.720000 10.816000 66
11.296000 11.648000 69
12.928000 12.992000 58
12.992000 13.120000 60
13.120000 13.344000 63
13.536000 13.632000 67
13.856000 13.984000 67
14.080000 14.496000 67
14.784000 15.040000 64
15.200000 15.392000 60
15.392000 15.552000 58
15.680000 15.872000 60
15.872000 16.096000 62
16.192000 16.544000 59
18.176000 18.496000 59
18.592000 19.424000 60
19.552000 19.968000 61
19.968000 20.512000 59
20.800000 20.896000 56
21.120000 21.376000 56
22.016000 23.168000 59
23.168000 23.776000 61
23.904000 24.384000 59
24.864000 25.248000 56
26.336000 27.424000 60
29.952000 30.144000 68
30.208000 30.432000 65
30.432000 30.624000 63
30.624000 32.096000 60
33.664000 33.952000 58
34.080000 34.784000 60
34.784000 34.912000 62
35.040000 35.456000 61
35.456000 35.968000 58
36.608000 36.832000 56
37.472000 38.624000 59
38.624000 39.232000 61
39.392000 40.096000 58
40.352000 40.864000 56
41.856000 42.208000 60
42.304000 42.752000 59
43.136000 43.296000 58
44.512000 44.608000 56
45.440000 45.568000 56
46.208000 46.400000 60
46.400000 46.560000 63
46.656000 47.104000 66
47.104000 47.552000 63
47.648000 49.472000 60
49.472000 49.792000 56
50.048000 50.208000 56
50.304000 50.432000 58
50.528000 50.880000 58
51.040000 51.264000 56
51.488000 51.904000 58
52.896000 53.280000 58
53.984000 54.176000 60
54.176000 55.360000 63
55.360000 55.616000 58
55.616000 56.704000 60
56.832000 57.056000 58
57.056000 57.568000 56
57.568000 58.240000 58
58.496000 59.136000 58
60.672000 61.472000 70
61.472000 61.664000 67
61.664000 61.856000 65
61.856000 61.984000 62
62.144000 63.200000 70
64.288000 64.384000 57
64.576000 64.928000 71
65.024000 65.248000 70
65.248000 65.472000 68
65.472000 65.888000 65
66.016000 67.104000 69
68.672000 69.440000 63
69.440000 69.696000 68
69.856000 70.048000 70
70.048000 70.368000 72
70.816000 70.880000 67
70.880000 71.264000 69
71.776000 72.320000 65
72.800000 72.864000 60
72.864000 73.024000 63
73.024000 73.600000 67
73.760000 74.144000 72
74.272000 74.400000 71
74.720000 75.168000 75
75.680000 76.064000 70
76.160000 76.896000 70
76.896000 77.152000 68
77.152000 77.504000 64
77.632000 78.272000 70
78.368000 78.752000 70
80.032000 80.736000 70
80.736000 80.896000 68
80.896000 81.376000 64
81.472000 81.856000 70
81.984000 82.144000 70
82.240000 82.592000 70
84.128000 84.864000 63
84.864000 85.216000 68
85.344000 85.760000 72
86.272000 86.432000 68
86.432000 86.752000 70
87.200000 87.392000 66
87.488000 87.712000 65
88.256000 88.480000 63
88.480000 88.736000 65
88.736000 89.248000 68
89.248000 89.760000 72
90.176000 90.592000 74
90.944000 91.872000 70
92.128000 92.736000 67
92.832000 93.344000 65
93.344000 94.080000 63
94.624000 95.872000 63
95.968000 96.256000 63
96.352000 96.608000 61
96.736000 96.832000 60
97.056000 97.248000 63
97.248000 97.728000 59
98.496000 98.816000 63
98.912000 99.232000 63
99.392000 100.512000 63
100.640000 101.088000 59
101.824000 102.144000 62
102.304000 102.816000 58
103.392000 103.456000 62
103.520000 104.960000 63
105.216000 105.664000 58
106.176000 106.368000 63
106.368000 107.072000 61
107.200000 107.264000 61
107.264000 108.032000 65
108.160000 108.224000 60
108.224000 108.704000 63
108.704000 108.992000 67
109.088000 109.536000 63
109.536000 111.360000 60
111.488000 111.744000 56
112.000000 112.128000 55
112.224000 112.384000 58
112.480000 112.800000 59
112.960000 113.184000 56
113.440000 113.856000 58
114.016000 114.240000 56
115.008000 115.200000 58
115.872000 115.936000 56
115.936000 116.096000 60
116.096000 116.224000 63
116.320000 116.736000 66
116.736000 117.280000 63
117.280000 118.720000 60
118.784000 118.976000 58
118.976000 119.520000 56
119.520000 120.160000 58
120.448000 121.056000 58
122.624000 123.008000 72
123.104000 123.264000 70
123.264000 123.552000 68
123.552000 123.936000 65
124.064000 125.152000 70
125.664000 125.920000 60
126.208000 126.240000 57
126.496000 126.880000 71
126.976000 127.168000 70
127.168000 127.392000 68
127.392000 128.096000 65
128.096000 129.056000 69
130.592000 130.656000 60
130.656000 131.104000 63
131.104000 131.680000 67
131.712000 131.808000 68
131.808000 132.480000 71
132.736000 132.800000 67
132.800000 133.216000 70
133.696000 134.304000 65
134.720000 134.784000 60
134.784000 134.976000 63
134.976000 135.520000 67
135.680000 136.064000 71
136.160000 136.256000 71
136.640000 137.056000 75
137.632000 138.016000 70
138.112000 138.496000 72
138.592000 138.784000 70
138.784000 139.008000 68
139.136000 139.264000 65
139.264000 139.392000 62
139.552000 140.192000 70
140.288000 140.704000 69
141.984000 142.656000 70
142.656000 142.848000 67
142.944000 143.520000 64
143.520000 143.776000 70
143.904000 144.512000 69
144.960000 145.056000 69
145.152000 145.248000 67
146.080000 146.752000 63
146.752000 147.136000 68
147.264000 147.680000 71
148.256000 148.384000 68
148.384000 148.672000 70
149.024000 149.120000 68
149.120000 149.696000 65
150.176000 150.432000 63
150.432000 150.656000 65
150.656000 151.360000 68
151.360000 151.616000 72
152.096000 152.544000 74
152.896000 153.696000 70
154.016000 154.656000 67
154.784000 155.264000 65
155.264000 155.968000 63
156.448000 156.640000 73
157.824000 157.984000 68
158.016000 158.080000 67
158.080000 158.176000 71
159.360000 159.456000 67
160.128000 160.288000 72
160.448000 160.672000 69
160.672000 160.768000 70
160.768000 161.088000 72
161.248000 161.376000 74
161.376000 161.920000 71
162.464000 162.592000 72
162.592000 162.784000 70
163.680000 163.904000 67
164.096000 164.384000 73
164.992000 165.120000 70
169.056000 169.984000 70
169.984000 170.080000 65
170.080000 170.240000 65
170.240000 170.400000 62
170.528000 171.648000 70
172.960000 173.600000 70
173.600000 173.856000 68
173.856000 174.496000 65
174.496000 174.752000 70
174.880000 175.488000 70
176.096000 176.224000 68
176.992000 177.664000 63
177.760000 178.080000 68
178.240000 178.656000 72
179.200000 179.360000 68
179.360000 179.648000 70
180.064000 180.640000 65
181.152000 181.376000 63
181.376000 181.632000 65
181.632000 182.208000 68
182.208000 182.656000 72
183.072000 183.520000 74
183.712000 183.936000 68
184.032000 184.544000 70
184.992000 185.600000 67
185.728000 186.272000 65
186.272000 186.880000 63
187.936000 188.000000 58
188.480000 188.544000 59
189.472000 189.600000 59
189.600000 189.760000 61
191.616000 191.712000 68
192.320000 192.416000 67
192.544000 192.640000 68
192.736000 192.960000 65
193.024000 193.344000 65
193.568000 193.664000 65
194.752000 194.976000 62
195.264000 195.360000 58
195.712000 195.808000 58
196.672000 196.800000 65
196.896000 197.024000 63
197.024000 197.216000 61
197.408000 197.600000 60
197.696000 197.824000 62
198.176000 198.336000 62
198.624000 198.752000 61
199.072000 199.168000 59
199.328000 199.648000 56
200.224000 200.384000 56
201.056000 201.280000 59
