13.248000 13.312000 64
13.312000 13.472000 66
13.472000 13.696000 68
13.696000 15.520000 71
15.520000 16.032000 67
16.192000 16.544000 65
16.896000 18.080000 68
18.080000 19.040000 70
19.040000 20.352000 64
20.576000 20.768000 67
20.768000 21.024000 68
21.024000 23.232000 70
23.232000 23.808000 65
24.032000 24.128000 66
24.288000 24.672000 65
24.768000 24.992000 68
24.992000 25.248000 65
25.248000 25.344000 69
25.344000 25.728000 66
25.728000 27.104000 72
27.200000 28.224000 70
28.224000 28.672000 68
28.960000 29.504000 56
29.504000 30.336000 59
30.560000 30.848000 58
30.880000 30.944000 59
30.944000 31.232000 61
31.232000 31.584000 58
31.680000 31.840000 61
31.936000 32.608000 61
32.960000 33.056000 56
33.568000 33.920000 58
34.080000 34.112000 57
34.560000 35.136000 56
35.424000 35.552000 56
36.128000 36.160000 56
36.384000 36.640000 56
37.216000 37.280000 57
37.280000 37.568000 59
37.696000 37.952000 61
37.952000 38.176000 58
39.008000 39.328000 61
39.552000 40.000000 61
40.672000 40.864000 61
40.960000 41.024000 69
41.024000 41.152000 73
41.152000 41.312000 70
41.408000 43.040000 68
43.040000 43.456000 66
44.160000 45.088000 70
45.088000 45.184000 68
45.376000 45.856000 61
46.016000 46.144000 56
46.272000 46.432000 58
47.136000 47.584000 61
47.808000 47.872000 67
47.872000 48.192000 71
48.192000 48.352000 68
48.352000 48.704000 71
48.704000 49.088000 68
49.248000 49.504000 61
49.760000 50.496000 68
51.200000 51.872000 70
52.000000 52.064000 70
52.064000 52.384000 71
52.480000 52.704000 67
52.768000 53.216000 63
53.344000 53.632000 68
53.632000 53.792000 70
54.432000 55.008000 61
55.008000 55.168000 65
55.264000 55.584000 68
55.584000 56.864000 70
57.344000 57.536000 63
57.536000 58.048000 68
58.048000 58.720000 70
58.720000 59.648000 71
59.648000 60.320000 68
60.512000 60.928000 65
61.216000 62.048000 68
62.144000 62.368000 68
62.368000 63.328000 70
63.328000 64.032000 66
64.224000 64.576000 63
64.960000 65.088000 66
65.088000 65.344000 68
65.344000 67.360000 70
67.456000 68.256000 65
68.352000 68.480000 65
68.608000 68.864000 65
68.864000 70.080000 66
70.080000 70.816000 73
70.944000 71.648000 71
71.648000 74.976000 70
74.976000 75.744000 65
76.000000 76.352000 68
76.448000 76.608000 66
76.608000 77.184000 68
77.184000 78.400000 70
78.528000 79.392000 63
79.680000 79.840000 66
79.840000 80.160000 68
80.160000 82.144000 71
82.240000 82.976000 65
83.072000 83.232000 66
83.392000 83.712000 65
83.872000 84.064000 69
84.064000 84.384000 65
84.384000 84.800000 66
84.800000 85.152000 72
85.216000 85.600000 73
85.696000 86.368000 71
86.368000 87.776000 70
87.968000 88.416000 68
88.640000 88.800000 60
88.896000 89.024000 61
89.152000 89.248000 63
89.344000 90.112000 61
90.816000 91.232000 65
91.328000 91.456000 61
91.584000 91.776000 60
92.512000 92.640000 72
92.832000 93.024000 70
93.024000 93.472000 67
93.568000 94.336000 68
94.464000 94.880000 69
94.976000 95.104000 68
95.200000 95.552000 66
96.320000 96.384000 58
96.384000 97.088000 61
97.088000 97.664000 68
98.176000 98.240000 58
98.240000 98.880000 61
98.880000 99.712000 68
100.512000 100.576000 66
100.576000 100.672000 70
100.672000 101.280000 72
101.376000 102.048000 68
102.048000 102.432000 70
102.528000 102.656000 70
102.880000 103.296000 69
103.296000 104.288000 70
104.384000 104.480000 66
104.480000 104.544000 63
104.608000 104.896000 61
105.088000 105.504000 69
106.240000 106.432000 61
106.624000 107.456000 70
107.456000 107.584000 72
107.584000 108.032000 69
108.032000 108.192000 66
108.352000 108.576000 61
108.832000 109.696000 68
110.240000 110.336000 73
110.336000 110.400000 72
110.400000 111.456000 70
111.456000 111.776000 68
111.776000 112.288000 62
112.448000 112.704000 68
112.704000 112.896000 70
113.408000 113.984000 61
114.080000 115.616000 70
115.616000 116.576000 73
116.576000 117.152000 68
117.152000 119.392000 70
119.584000 119.936000 65
120.288000 121.120000 68
121.216000 121.472000 68
121.472000 122.368000 70
122.368000 122.592000 68
122.592000 123.712000 63
124.032000 124.160000 66
124.160000 124.416000 68
124.416000 126.432000 71
126.528000 127.296000 65
127.456000 127.552000 65
127.680000 129.184000 66
129.184000 131.520000 71
131.552000 131.776000 68
132.064000 132.576000 69
132.736000 133.472000 71
133.472000 133.632000 70
133.632000 134.848000 65
135.072000 135.424000 68
135.520000 135.904000 68
136.000000 136.256000 68
136.256000 137.504000 70
137.600000 138.464000 63
138.752000 138.944000 66
138.944000 140.032000 70
140.128000 140.864000 71
140.864000 141.024000 70
141.024000 142.048000 65
142.464000 142.816000 65
142.912000 143.136000 68
143.136000 143.488000 65
143.488000 143.872000 66
143.872000 144.672000 73
144.832000 145.600000 71
145.728000 146.336000 70
146.336000 147.904000 68
148.032000 148.544000 63
148.736000 149.344000 68
149.344000 149.760000 65
149.920000 150.112000 61
150.176000 150.208000 61
150.592000 151.264000 68
151.264000 151.520000 65
151.520000 151.840000 61
152.192000 152.320000 69
152.416000 152.896000 68
153.088000 153.344000 66
153.344000 153.440000 69
153.568000 154.336000 64
155.392000 155.584000 63
155.904000 155.968000 65
156.096000 156.736000 68
156.736000 157.056000 65
157.248000 157.472000 61
157.760000 158.848000 68
159.008000 159.296000 61
159.520000 160.224000 68
160.224000 160.800000 72
160.928000 161.248000 68
161.344000 161.408000 68
161.408000 163.232000 70
163.232000 164.000000 73
164.128000 164.736000 73
164.896000 165.248000 71
165.248000 167.040000 69
167.168000 167.328000 64
167.616000 167.712000 68
167.872000 168.064000 63
168.064000 168.640000 66
168.672000 168.704000 68
168.768000 170.752000 71
170.848000 171.904000 68
171.968000 172.000000 65
172.064000 172.192000 65
172.192000 172.544000 66
172.544000 173.152000 69
173.280000 173.664000 70
173.760000 173.792000 69
173.856000 173.888000 70
174.336000 174.624000 71
174.784000 175.136000 71
175.232000 175.712000 70
175.776000 175.904000 68
176.064000 178.656000 71
178.752000 179.552000 73
179.552000 180.640000 68
180.640000 181.888000 70
182.048000 182.144000 65
182.368000 182.688000 63
183.072000 183.232000 66
183.232000 183.520000 68
183.520000 184.128000 70
184.128000 185.184000 71
185.184000 185.952000 68
186.080000 187.008000 65
187.008000 188.512000 67
188.672000 189.088000 66
189.088000 191.168000 70
191.552000 192.576000 68
