23.680000 24.000000 60
24.256000 24.352000 60
37.088000 37.568000 55
37.792000 38.272000 55
38.816000 39.040000 49
40.416000 41.824000 55
42.368000 42.944000 51
43.904000 45.248000 55
45.472000 45.760000 55
45.856000 46.400000 50
47.232000 47.520000 50
47.648000 47.712000 49
47.776000 48.512000 50
48.512000 49.920000 52
50.912000 52.192000 55
52.800000 53.248000 48
54.368000 55.744000 55
55.936000 56.192000 49
56.320000 56.864000 51
57.856000 59.680000 55
59.808000 60.160000 50
61.248000 61.984000 49
62.176000 62.272000 49
62.368000 63.520000 52
64.320000 64.448000 48
64.576000 65.088000 58
65.216000 65.376000 60
65.376000 65.824000 59
65.984000 66.432000 60
66.496000 66.752000 58
67.840000 67.968000 60
67.968000 68.096000 57
68.256000 68.480000 59
68.608000 68.928000 60
69.056000 70.208000 60
71.296000 71.456000 60
71.456000 71.584000 58
71.712000 74.464000 59
74.752000 75.296000 60
75.616000 76.096000 60
76.480000 77.088000 60
78.560000 78.816000 60
78.816000 79.520000 58
79.616000 80.672000 60
81.696000 83.552000 60
83.648000 84.192000 60
84.352000 84.448000 60
85.024000 88.064000 60
88.992000 89.120000 61
89.536000 90.560000 65
90.656000 90.944000 64
91.072000 91.840000 64
92.320000 93.024000 60
93.024000 93.984000 62
94.144000 95.232000 62
95.904000 96.064000 60
96.064000 97.344000 62
97.344000 97.824000 64
98.048000 98.592000 63
98.592000 98.752000 60
99.392000 99.488000 57
99.488000 100.416000 59
100.608000 100.960000 60
101.056000 101.600000 67
101.696000 102.016000 66
102.016000 102.688000 65
102.688000 103.456000 64
103.456000 104.288000 60
104.544000 105.536000 64
106.176000 106.208000 65
106.272000 106.912000 60
106.912000 107.904000 62
108.064000 108.960000 62
109.728000 110.432000 60
110.432000 111.392000 62
111.488000 111.808000 65
111.936000 112.480000 63
112.480000 112.640000 60
113.280000 113.408000 57
113.536000 114.016000 58
114.016000 114.304000 60
114.368000 114.976000 59
114.976000 116.032000 67
116.032000 117.088000 65
117.184000 120.512000 60
121.824000 122.048000 60
122.816000 123.008000 60
123.328000 124.064000 60
124.320000 125.312000 60
126.304000 126.432000 60
126.624000 126.720000 60
134.400000 135.040000 55
135.200000 135.712000 55
136.032000 136.800000 48
137.824000 139.232000 55
139.776000 140.384000 51
141.312000 142.656000 55
142.848000 143.200000 55
143.264000 143.392000 51
143.584000 143.680000 50
144.672000 145.952000 49
145.952000 147.232000 52
148.288000 149.024000 55
149.120000 149.696000 55
151.712000 153.120000 55
155.360000 155.936000 55
156.064000 157.056000 55
157.056000 157.536000 50
158.592000 159.456000 49
159.552000 160.608000 52
161.952000 162.080000 57
162.080000 162.432000 59
162.592000 162.848000 60
162.976000 163.840000 60
163.872000 164.224000 59
165.216000 165.376000 60
165.376000 165.504000 58
165.632000 167.584000 60
168.672000 168.864000 60
169.056000 169.728000 59
169.920000 170.848000 59
171.264000 171.808000 60
172.032000 172.576000 60
172.992000 173.536000 60
173.856000 174.208000 60
174.208000 174.784000 62
175.616000 176.224000 59
176.224000 176.448000 57
176.448000 178.272000 59
179.104000 179.328000 60
179.456000 179.840000 60
179.904000 180.960000 60
181.056000 181.600000 60
182.400000 185.600000 60
186.656000 186.752000 67
186.944000 187.936000 65
188.032000 189.184000 64
189.408000 189.984000 60
189.984000 191.360000 62
191.520000 191.936000 60
191.936000 192.512000 62
193.024000 194.880000 62
194.880000 195.200000 65
195.424000 195.968000 63
195.968000 196.128000 60
196.768000 196.896000 57
196.896000 197.792000 59
197.792000 197.920000 57
197.984000 198.464000 59
198.464000 199.424000 67
199.424000 200.000000 65
200.000000 200.832000 64
200.832000 201.664000 60
201.920000 202.976000 64
203.456000 203.680000 67
203.680000 205.120000 61
205.120000 205.280000 64
205.440000 205.824000 60
205.824000 206.400000 62
207.104000 207.360000 60
207.360000 208.800000 62
208.896000 209.184000 65
209.344000 209.856000 64
209.856000 210.048000 60
210.656000 211.264000 58
211.264000 212.352000 60
212.352000 212.800000 66
212.992000 214.752000 65
214.752000 217.504000 60
217.760000 218.144000 50
218.240000 218.784000 50
218.880000 219.232000 51
221.056000 221.280000 49
221.312000 222.048000 49
222.368000 223.040000 52
223.200000 223.776000 51
224.640000 224.992000 48
225.056000 225.632000 48
226.944000 227.936000 65
227.936000 228.640000 64
228.640000 229.504000 60
229.728000 230.912000 64
231.488000 232.160000 60
232.160000 233.184000 62
233.280000 234.240000 62
234.944000 235.104000 60
235.104000 236.608000 62
236.704000 236.928000 65
237.152000 237.536000 64
237.536000 237.824000 60
238.656000 240.192000 60
240.192000 242.624000 65
242.624000 245.696000 60
247.840000 248.320000 72
248.544000 248.864000 72
249.664000 250.368000 72
