22.400000 22.560000 61
24.576000 24.672000 61
80.992000 81.408000 58
83.616000 83.712000 58
83.904000 84.544000 58
86.528000 86.752000 56
86.880000 88.416000 60
88.544000 88.928000 59
89.120000 90.048000 58
90.208000 90.592000 58
90.848000 91.136000 58
91.680000 92.096000 56
92.896000 94.112000 60
95.584000 96.032000 58
96.192000 96.992000 58
98.624000 99.040000 60
99.200000 99.776000 60
100.032000 100.416000 60
100.544000 101.248000 60
101.248000 101.600000 58
102.048000 103.296000 58
103.584000 104.256000 56
105.376000 106.176000 59
107.744000 109.152000 58
110.880000 111.040000 56
111.040000 112.000000 60
112.160000 112.800000 60
112.896000 114.112000 58
114.272000 115.488000 58
115.936000 116.256000 56
116.704000 117.152000 56
117.152000 118.432000 60
120.160000 120.384000 57
120.544000 121.760000 58
123.104000 123.200000 56
123.360000 124.928000 60
125.088000 125.472000 59
125.632000 125.792000 58
125.888000 127.008000 58
127.168000 127.584000 58
128.160000 128.576000 56
128.736000 128.864000 56
129.120000 129.248000 56
129.440000 129.728000 60
129.824000 130.432000 60
130.592000 130.752000 59
132.640000 133.664000 63
133.664000 134.752000 60
135.200000 135.424000 56
135.424000 136.768000 60
136.896000 137.632000 58
137.632000 138.592000 56
141.984000 142.624000 65
142.720000 146.784000 70
147.584000 148.832000 65
148.832000 150.112000 68
150.304000 152.736000 70
153.120000 153.216000 68
153.376000 153.760000 74
153.760000 154.528000 68
154.528000 154.816000 71
155.328000 156.192000 68
156.512000 157.056000 68
157.152000 157.504000 68
157.504000 158.208000 66
158.304000 159.360000 63
159.488000 159.840000 74
159.936000 162.368000 68
162.368000 162.528000 63
163.232000 163.584000 68
163.584000 164.000000 67
164.000000 165.472000 63
166.304000 166.368000 62
166.368000 166.464000 63
166.464000 167.040000 65
167.040000 171.520000 70
171.936000 173.376000 65
173.472000 173.888000 68
173.888000 174.560000 70
174.656000 177.216000 70
177.408000 177.504000 68
177.696000 178.048000 74
178.048000 178.240000 70
178.240000 179.136000 68
179.616000 180.608000 68
180.768000 180.896000 68
181.280000 181.792000 68
181.888000 182.176000 67
182.272000 182.560000 63
182.656000 183.616000 63
183.744000 184.128000 74
184.128000 184.288000 70
184.288000 184.960000 68
184.960000 185.280000 71
185.408000 186.784000 68
187.168000 187.488000 68
187.584000 188.384000 67
188.384000 188.608000 63
188.736000 190.240000 63
190.240000 191.104000 57
191.488000 191.616000 63
196.544000 197.248000 59
199.328000 200.480000 58
202.368000 202.656000 59
202.784000 203.104000 60
203.360000 204.512000 60
204.672000 204.768000 58
204.896000 206.304000 58
206.464000 206.816000 58
207.360000 207.680000 56
208.512000 209.088000 59
211.200000 211.392000 58
211.552000 212.384000 58
214.432000 215.808000 60
215.904000 217.056000 59
217.280000 218.336000 58
218.432000 218.848000 58
219.520000 219.808000 56
220.640000 220.896000 59
221.056000 221.760000 60
221.856000 222.080000 58
223.328000 223.520000 56
223.680000 224.832000 63
224.928000 225.824000 60
226.752000 229.088000 59
229.440000 230.304000 56
232.800000 232.864000 62
232.864000 233.984000 65
233.984000 234.784000 68
234.784000 238.336000 70
238.944000 240.064000 65
240.064000 244.192000 70
244.608000 244.672000 72
244.672000 245.024000 74
245.024000 245.952000 68
246.528000 247.520000 68
247.808000 248.544000 68
248.800000 249.248000 67
249.248000 250.560000 63
250.688000 251.104000 74
251.104000 251.264000 70
251.264000 252.096000 68
252.320000 253.440000 68
253.440000 253.728000 63
254.528000 254.656000 68
254.880000 255.168000 67
255.264000 256.800000 63
257.568000 257.696000 63
257.696000 258.304000 65
258.304000 259.104000 68
259.104000 262.496000 70
262.656000 262.752000 68
263.232000 264.640000 65
264.736000 267.872000 70
267.968000 268.576000 68
268.704000 268.800000 68
268.960000 269.312000 74
269.312000 270.016000 68
270.112000 270.368000 71
270.880000 271.712000 68
271.712000 271.968000 63
272.576000 273.056000 68
273.056000 273.440000 67
273.440000 274.848000 63
275.008000 275.328000 74
275.328000 275.584000 70
275.584000 276.512000 68
276.704000 277.792000 68
277.792000 278.080000 64
278.432000 278.592000 68
278.784000 279.552000 67
279.552000 279.680000 66
279.680000 281.632000 63
281.632000 282.304000 68
282.304000 283.424000 70
284.480000 287.360000 73
287.360000 288.608000 68
288.608000 289.088000 71
289.440000 289.568000 80
290.240000 290.368000 80
290.592000 290.688000 72
290.688000 290.912000 73
290.912000 292.448000 75
292.448000 293.248000 79
293.440000 294.624000 68
294.752000 294.880000 68
296.384000 296.512000 71
296.640000 296.704000 72
296.704000 296.800000 73
296.800000 298.112000 74
298.112000 300.160000 72
300.384000 302.400000 68
302.400000 305.792000 71
306.208000 306.336000 70
306.336000 306.944000 65
307.232000 307.392000 64
307.456000 307.520000 66
307.520000 308.352000 70
308.480000 310.560000 70
310.688000 311.136000 68
311.232000 311.744000 68
311.808000 311.936000 62
311.936000 313.056000 65
313.056000 316.480000 70
316.544000 316.992000 68
317.312000 317.472000 68
317.600000 317.664000 72
317.664000 317.984000 74
317.984000 318.144000 70
318.144000 319.008000 68
319.488000 320.480000 68
320.608000 321.888000 68
321.888000 322.432000 66
322.528000 323.552000 63
323.648000 324.064000 74
324.064000 324.896000 68
324.896000 325.152000 71
325.312000 325.472000 68
325.536000 326.496000 68
326.496000 326.848000 63
327.488000 327.712000 68
327.872000 328.192000 67
328.256000 329.792000 63
330.560000 331.232000 65
331.488000 331.648000 68
331.776000 332.032000 68
332.032000 335.808000 70
336.160000 337.600000 65
337.696000 338.752000 70
338.848000 341.792000 70
341.952000 342.240000 62
342.336000 342.976000 56
343.072000 343.360000 59
343.840000 344.896000 68
345.504000 345.984000 68
346.080000 346.464000 67
346.464000 347.808000 63
347.968000 348.416000 73
348.416000 349.408000 68
349.568000 349.600000 69
349.664000 350.752000 68
350.752000 351.040000 64
351.680000 352.608000 67
352.608000 352.832000 63
352.960000 354.464000 63
354.464000 356.480000 56
