17.440000 17.536000 60
23.136000 23.200000 45
23.200000 23.232000 45
23.232000 23.328000 46
23.328000 23.680000 48
23.680000 24.352000 50
24.512000 24.928000 47
25.120000 25.152000 45
25.152000 25.184000 45
25.184000 25.216000 45
25.216000 25.248000 45
25.248000 25.280000 45
25.376000 25.408000 45
25.408000 25.440000 45
25.440000 25.472000 45
25.728000 25.792000 58
25.824000 25.888000 58
26.720000 27.584000 51
27.776000 27.872000 47
28.000000 28.096000 47
28.224000 28.800000 48
28.928000 29.056000 50
29.600000 29.664000 45
29.664000 29.824000 51
29.824000 30.144000 53
30.144000 30.432000 56
30.528000 30.720000 50
30.720000 31.072000 52
31.200000 31.488000 47
31.488000 31.968000 51
31.968000 32.960000 49
32.960000 33.632000 50
34.912000 35.360000 45
35.616000 35.776000 48
35.936000 36.448000 46
36.640000 37.184000 51
37.312000 37.536000 50
38.240000 38.528000 48
38.624000 38.784000 51
38.976000 40.512000 46
40.608000 40.640000 45
40.640000 40.672000 45
40.672000 40.704000 45
40.704000 40.736000 45
40.832000 40.864000 45
40.864000 40.896000 45
40.896000 40.928000 45
40.928000 40.960000 45
40.960000 40.992000 45
40.992000 41.024000 45
41.024000 41.056000 45
41.056000 41.088000 45
41.088000 41.120000 45
41.120000 41.152000 45
41.344000 41.376000 45
41.376000 41.408000 45
41.408000 41.440000 45
41.568000 41.600000 45
41.600000 41.632000 45
41.632000 41.664000 45
41.664000 41.696000 45
41.696000 41.728000 45
41.824000 41.856000 45
41.856000 41.888000 45
41.888000 41.920000 45
41.920000 41.952000 45
42.080000 42.112000 45
42.112000 42.144000 45
42.144000 42.176000 45
42.176000 42.208000 45
42.208000 42.240000 45
42.336000 42.368000 45
42.752000 42.912000 48
43.040000 43.168000 46
43.744000 43.872000 46
43.872000 44.128000 48
44.128000 44.672000 51
44.672000 45.632000 50
45.728000 45.792000 47
45.792000 45.888000 51
45.888000 46.080000 48
46.496000 46.688000 51
46.784000 47.008000 53
47.136000 47.232000 51
47.232000 47.392000 48
47.584000 48.320000 50
48.416000 48.512000 51
49.376000 49.472000 52
49.568000 49.888000 56
49.888000 50.144000 58
50.240000 51.168000 59
51.392000 52.320000 57
52.416000 52.448000 57
52.512000 52.768000 57
52.896000 53.056000 58
53.120000 53.248000 57
53.344000 53.536000 56
53.568000 54.016000 57
54.528000 54.752000 56
54.752000 54.848000 62
54.848000 55.904000 59
56.000000 57.472000 55
57.760000 58.240000 53
58.240000 58.656000 55
58.848000 59.456000 49
59.456000 59.552000 52
60.288000 60.320000 45
60.320000 60.352000 45
60.352000 60.384000 45
60.384000 60.416000 45
60.416000 60.448000 45
60.448000 60.480000 45
60.480000 60.512000 45
60.512000 60.544000 45
60.544000 60.576000 45
60.672000 60.800000 46
60.800000 60.832000 45
60.992000 61.056000 45
61.056000 61.120000 45
61.376000 61.952000 46
62.080000 62.624000 51
62.784000 63.040000 56
63.488000 64.032000 50
64.160000 64.384000 53
64.544000 65.024000 51
65.024000 65.792000 47
66.400000 66.432000 45
66.432000 66.464000 45
66.464000 66.496000 45
66.496000 66.528000 45
66.528000 66.560000 45
66.560000 66.592000 45
66.592000 66.624000 45
66.624000 66.656000 45
66.656000 66.688000 45
66.688000 66.720000 45
67.104000 67.136000 45
67.136000 67.168000 45
67.168000 67.200000 45
75.232000 75.552000 61
79.936000 80.000000 45
80.000000 80.384000 48
80.384000 80.960000 50
81.184000 81.344000 48
81.344000 81.600000 46
81.920000 81.952000 45
81.952000 81.984000 45
81.984000 82.016000 45
82.016000 82.048000 45
82.048000 82.080000 45
82.080000 82.112000 45
82.112000 82.144000 45
82.144000 82.176000 45
82.176000 82.208000 45
82.208000 82.240000 45
82.240000 82.272000 45
82.272000 82.304000 45
82.304000 82.336000 45
82.336000 82.368000 45
82.368000 82.400000 45
82.400000 82.432000 45
82.432000 82.464000 45
82.464000 82.496000 45
82.912000 83.360000 48
83.360000 83.904000 52
84.000000 84.256000 50
84.352000 84.480000 47
84.608000 84.736000 47
84.832000 84.928000 47
85.056000 85.504000 48
85.632000 85.728000 50
86.336000 86.464000 50
86.528000 86.912000 53
86.912000 87.200000 56
87.200000 87.776000 52
87.936000 88.192000 48
88.192000 88.448000 51
88.608000 88.736000 51
88.736000 90.496000 49
91.488000 91.520000 45
91.520000 91.552000 45
91.712000 91.744000 45
91.744000 91.776000 45
92.032000 92.352000 45
92.352000 92.480000 47
92.672000 92.768000 45
92.896000 93.120000 46
93.120000 93.344000 48
93.344000 93.984000 51
94.112000 94.368000 49
94.976000 95.040000 45
95.040000 95.392000 48
95.392000 95.584000 51
95.808000 96.608000 46
96.832000 97.056000 46
98.016000 98.048000 45
98.048000 98.080000 45
98.080000 98.112000 45
98.112000 98.144000 45
99.008000 99.424000 51
99.424000 100.000000 48
100.608000 100.736000 46
100.736000 100.960000 48
100.960000 101.152000 51
101.248000 102.912000 51
103.328000 103.552000 51
103.552000 103.808000 53
104.000000 104.256000 48
104.352000 104.480000 53
104.480000 104.928000 50
104.928000 105.536000 49
106.240000 106.400000 53
106.400000 106.784000 56
106.784000 108.672000 59
108.768000 110.880000 57
112.000000 112.960000 58
113.024000 113.984000 55
113.984000 114.368000 52
114.688000 114.944000 53
115.040000 115.168000 53
115.168000 115.264000 58
115.264000 115.616000 56
115.808000 116.576000 50
117.216000 117.248000 45
117.248000 117.280000 45
117.280000 117.312000 45
117.312000 117.344000 45
117.344000 117.376000 45
117.376000 117.408000 45
117.408000 117.440000 45
117.440000 117.472000 45
117.472000 117.504000 45
117.504000 117.536000 45
117.536000 117.568000 45
117.568000 117.600000 45
117.600000 117.632000 45
117.632000 117.664000 45
117.664000 117.696000 45
117.696000 117.728000 45
117.728000 117.760000 45
117.952000 117.984000 45
117.984000 118.016000 45
118.336000 118.496000 46
118.592000 118.752000 45
118.752000 118.912000 48
119.072000 119.552000 51
119.744000 120.032000 55
120.448000 120.576000 55
120.576000 121.184000 50
121.184000 122.112000 51
122.176000 122.848000 48
122.944000 123.040000 45
123.424000 123.456000 45
123.456000 123.488000 45
123.488000 123.520000 45
123.680000 123.712000 45
123.712000 123.744000 45
123.744000 123.776000 45
123.936000 124.032000 45
124.416000 124.544000 45
124.672000 124.704000 45
124.704000 124.736000 45
124.736000 124.768000 45
131.552000 131.968000 56
132.288000 132.576000 61
148.512000 148.576000 45
148.576000 149.024000 48
149.024000 149.792000 50
150.048000 150.176000 48
150.176000 150.432000 45
150.784000 150.976000 53
151.040000 151.104000 45
151.680000 151.808000 47
151.808000 152.096000 48
152.096000 152.640000 51
152.672000 152.864000 50
153.120000 153.280000 46
153.408000 153.536000 46
153.664000 153.792000 47
153.856000 154.176000 48
154.304000 154.432000 50
154.976000 155.040000 45
155.040000 155.136000 50
155.136000 155.584000 53
155.584000 155.904000 56
155.904000 156.544000 51
156.672000 156.896000 48
156.896000 157.216000 51
157.376000 157.920000 50
157.920000 158.208000 49
158.208000 159.136000 49
160.384000 160.416000 45
160.416000 160.448000 45
160.448000 160.480000 45
160.480000 160.512000 45
160.512000 160.544000 45
160.544000 160.576000 45
160.576000 160.608000 45
160.608000 160.640000 45
160.704000 161.088000 45
161.088000 161.312000 47
161.440000 161.536000 45
161.664000 161.824000 46
161.824000 162.080000 48
162.080000 162.752000 51
162.880000 163.104000 50
163.552000 163.584000 45
163.584000 163.616000 45
163.616000 163.648000 45
163.648000 163.680000 45
163.680000 163.712000 45
163.712000 163.744000 45
163.744000 163.776000 45
163.776000 163.808000 45
163.808000 163.840000 45
163.840000 163.872000 47
163.872000 163.904000 48
163.904000 163.936000 48
163.936000 163.968000 48
163.968000 164.000000 48
164.000000 164.032000 48
164.032000 164.064000 48
164.064000 164.096000 48
164.096000 164.128000 48
164.128000 164.160000 48
164.160000 164.192000 48
164.192000 164.224000 48
164.224000 164.256000 48
164.256000 164.288000 48
164.288000 164.320000 48
164.320000 164.352000 50
164.352000 164.384000 50
164.384000 164.416000 50
164.576000 165.472000 47
165.600000 165.888000 46
166.592000 166.880000 55
167.104000 167.136000 45
167.232000 167.264000 45
167.264000 167.296000 45
167.296000 167.328000 45
167.328000 167.360000 45
169.312000 169.408000 46
169.536000 169.696000 48
169.696000 169.856000 51
169.984000 170.368000 51
170.368000 170.528000 48
170.528000 171.328000 50
171.328000 171.680000 48
172.128000 172.384000 51
172.384000 172.672000 53
172.768000 172.960000 51
172.960000 173.440000 48
173.504000 173.952000 49
173.952000 174.080000 51
174.176000 174.272000 51
175.232000 175.840000 56
175.936000 178.528000 58
178.528000 179.776000 57
180.448000 180.640000 56
180.800000 181.024000 58
181.024000 181.568000 60
181.824000 183.168000 54
183.552000 183.744000 53
183.840000 184.000000 53
184.000000 184.256000 56
184.256000 184.416000 52
184.704000 185.152000 50
186.048000 186.080000 45
186.080000 186.112000 45
186.112000 186.144000 45
186.144000 186.176000 45
186.176000 186.208000 45
186.208000 186.240000 45
186.240000 186.272000 45
186.272000 186.304000 45
186.304000 186.336000 45
186.336000 186.368000 45
186.368000 186.400000 45
186.496000 186.656000 45
186.752000 186.784000 45
186.784000 186.816000 45
186.816000 186.848000 45
186.848000 186.880000 45
186.880000 186.912000 45
187.200000 187.296000 46
187.424000 187.680000 45
187.680000 187.872000 48
187.872000 188.544000 51
188.608000 188.832000 55
189.536000 189.792000 51
189.920000 190.048000 51
190.048000 190.208000 54
190.336000 190.816000 51
190.816000 190.912000 47
191.072000 191.456000 48
191.456000 191.584000 45
191.904000 192.128000 51
202.176000 202.272000 61
202.656000 202.688000 60
203.456000 203.552000 61
