22.176000 22.304000 57
22.304000 23.008000 61
23.872000 25.280000 61
25.472000 25.728000 58
26.528000 26.784000 58
26.784000 27.392000 61
28.192000 28.416000 58
28.416000 29.504000 61
29.664000 29.984000 62
30.848000 31.008000 57
31.104000 31.776000 60
32.288000 32.448000 56
32.448000 32.864000 58
32.960000 33.248000 61
33.248000 36.288000 66
36.480000 36.896000 66
37.920000 38.208000 64
39.456000 40.256000 61
40.960000 41.152000 58
41.152000 41.664000 61
41.760000 42.496000 61
42.624000 42.912000 60
43.680000 43.776000 60
43.968000 44.512000 61
45.280000 45.536000 58
45.536000 45.760000 61
45.760000 46.560000 63
46.656000 46.880000 61
47.008000 47.232000 60
48.000000 48.096000 59
48.256000 49.056000 61
49.856000 51.232000 70
51.232000 52.960000 68
53.152000 53.344000 66
53.440000 53.536000 67
54.176000 54.240000 60
54.240000 54.720000 66
54.816000 55.424000 66
55.584000 56.000000 68
56.000000 58.048000 70
58.848000 59.264000 66
59.360000 59.904000 66
59.904000 60.416000 68
60.608000 60.928000 70
60.928000 61.152000 73
61.344000 62.240000 70
63.872000 63.936000 64
63.936000 64.064000 66
64.064000 64.608000 68
64.768000 65.408000 73
65.408000 65.568000 70
66.048000 66.272000 66
66.272000 66.752000 69
66.848000 67.136000 73
67.136000 67.456000 75
67.456000 67.808000 70
68.384000 68.576000 73
68.800000 69.568000 63
70.528000 71.424000 72
71.680000 72.160000 66
72.256000 72.384000 66
72.480000 72.768000 66
72.768000 75.008000 70
75.104000 75.232000 70
75.552000 75.776000 69
76.288000 77.184000 66
77.280000 77.600000 68
77.600000 77.728000 70
77.920000 78.208000 71
78.208000 78.432000 73
78.560000 80.000000 70
81.344000 81.504000 66
81.632000 82.176000 68
82.336000 82.720000 74
82.720000 83.072000 70
83.424000 83.520000 63
83.520000 83.712000 66
83.712000 84.192000 68
84.448000 84.704000 73
84.864000 85.440000 70
86.080000 86.336000 73
86.592000 87.168000 64
88.160000 88.384000 73
88.736000 88.960000 73
89.056000 89.408000 71
93.568000 93.760000 58
93.888000 94.048000 61
94.176000 94.464000 60
95.072000 95.200000 56
95.200000 95.424000 58
95.424000 95.872000 61
95.968000 96.960000 61
96.960000 97.248000 58
97.824000 97.952000 56
97.952000 98.752000 61
99.200000 99.296000 58
99.488000 99.648000 58
99.744000 100.800000 63
100.928000 101.184000 61
101.184000 101.632000 59
101.984000 102.400000 58
102.400000 103.072000 61
103.776000 104.032000 57
104.032000 104.544000 61
104.544000 104.768000 68
104.864000 106.112000 66
106.112000 108.128000 68
108.640000 109.312000 65
109.696000 110.368000 61
110.816000 110.880000 57
110.880000 111.712000 61
112.320000 112.416000 57
112.416000 112.544000 58
112.544000 112.608000 59
112.608000 112.768000 60
112.768000 113.216000 61
113.216000 114.240000 62
114.240000 114.432000 58
114.944000 115.136000 63
115.264000 116.096000 61
116.320000 116.608000 61
116.608000 117.120000 65
117.312000 117.952000 66
117.952000 118.464000 63
118.464000 118.560000 61
118.912000 118.976000 61
118.976000 119.072000 63
119.072000 119.424000 66
119.424000 120.224000 69
120.352000 120.576000 62
120.736000 120.928000 66
121.056000 121.312000 72
121.472000 122.240000 70
122.240000 122.400000 66
122.720000 122.976000 66
123.072000 123.872000 67
124.032000 124.256000 68
124.352000 124.576000 66
124.672000 125.056000 68
125.600000 125.984000 66
126.112000 126.624000 66
126.816000 129.440000 70
130.016000 130.976000 66
130.976000 131.552000 69
131.680000 132.096000 70
132.192000 133.824000 70
134.976000 135.168000 66
135.168000 135.648000 69
135.744000 136.384000 73
136.384000 136.672000 70
137.056000 137.504000 68
137.504000 137.824000 70
137.824000 138.432000 73
138.432000 138.912000 70
139.360000 139.616000 73
139.872000 140.992000 63
141.472000 142.272000 72
142.496000 142.656000 72
142.656000 142.976000 66
143.072000 143.264000 65
143.360000 143.712000 66
143.776000 143.840000 67
143.840000 146.400000 70
146.944000 147.808000 66
147.904000 148.352000 68
148.352000 148.448000 70
148.576000 148.992000 70
149.120000 150.464000 70
151.744000 151.808000 64
151.808000 152.000000 66
152.000000 152.256000 68
152.256000 152.768000 70
152.768000 153.120000 74
153.120000 153.472000 70
153.888000 153.952000 61
153.952000 153.984000 63
153.984000 154.176000 66
154.176000 154.752000 70
154.912000 155.104000 73
155.232000 155.360000 73
155.360000 155.904000 70
156.224000 156.416000 73
156.640000 157.568000 63
158.048000 158.464000 73
158.592000 160.640000 71
161.472000 161.696000 68
161.696000 161.888000 66
161.984000 162.272000 68
162.624000 162.720000 68
163.456000 163.744000 68
163.744000 164.000000 66
164.160000 164.352000 68
164.832000 165.024000 63
165.024000 165.376000 65
165.376000 167.200000 70
167.776000 167.968000 68
168.224000 168.896000 64
170.336000 170.624000 66
170.752000 171.712000 68
172.288000 172.480000 68
172.576000 172.736000 66
172.832000 172.992000 68
172.992000 173.280000 66
173.440000 173.632000 63
173.632000 173.856000 65
173.856000 174.176000 66
174.176000 175.904000 70
176.352000 178.240000 71
178.624000 178.880000 68
178.880000 179.072000 66
179.168000 179.552000 68
179.680000 180.128000 68
180.736000 181.184000 67
181.312000 181.568000 68
181.856000 182.080000 63
182.080000 182.528000 65
182.624000 183.040000 68
183.040000 184.928000 70
185.056000 185.440000 63
185.440000 186.272000 60
187.072000 187.520000 67
187.616000 188.672000 68
189.184000 189.920000 67
190.240000 190.304000 61
190.304000 190.656000 64
190.848000 191.232000 63
191.328000 194.592000 75
194.912000 195.328000 73
195.488000 197.504000 73
197.920000 198.048000 63
198.048000 198.368000 66
198.496000 198.944000 66
199.072000 199.360000 68
199.360000 201.344000 70
201.344000 201.696000 67
202.016000 202.112000 69
202.112000 202.176000 66
202.208000 203.104000 66
203.104000 203.296000 68
203.296000 205.632000 70
205.632000 206.016000 66
206.560000 206.656000 65
207.104000 207.168000 63
207.168000 207.360000 66
207.360000 207.808000 68
207.904000 208.160000 73
208.160000 208.416000 75
208.416000 208.864000 70
209.120000 209.184000 64
209.184000 209.248000 65
209.248000 209.440000 66
209.440000 209.696000 68
209.696000 209.984000 70
209.984000 210.656000 74
210.656000 211.232000 70
211.520000 211.744000 73
211.744000 212.960000 63
213.632000 214.432000 72
214.720000 215.168000 66
215.296000 215.424000 66
215.520000 215.584000 63
215.584000 215.840000 66
215.936000 216.160000 67
216.160000 218.720000 70
218.848000 218.944000 71
218.944000 220.480000 66
220.480000 222.336000 70
222.464000 223.328000 70
223.968000 224.096000 66
224.224000 224.896000 69
224.992000 225.344000 74
225.344000 225.984000 70
226.240000 226.528000 68
226.528000 226.880000 70
227.040000 227.232000 73
227.392000 228.064000 70
228.384000 228.608000 72
228.736000 229.824000 63
230.240000 230.656000 73
230.816000 232.768000 71
234.400000 234.880000 69
235.424000 235.712000 70
235.904000 236.192000 66
238.656000 239.296000 70
239.680000 239.872000 70
240.256000 240.864000 68
242.848000 243.680000 70
243.968000 244.160000 70
244.544000 245.216000 66
246.304000 246.400000 66
246.496000 246.944000 68
