14.624000 14.752000 53
14.848000 15.232000 56
15.552000 15.648000 53
15.744000 16.032000 56
16.384000 16.544000 53
16.544000 16.864000 56
17.088000 17.472000 58
18.208000 18.432000 53
18.432000 18.720000 56
19.136000 19.200000 52
19.200000 19.616000 55
20.256000 20.448000 56
20.640000 20.992000 57
21.152000 23.392000 51
24.480000 27.040000 51
28.960000 29.184000 54
29.184000 29.536000 56
30.112000 30.304000 56
30.304000 30.592000 53
30.720000 30.912000 53
30.912000 31.232000 56
31.424000 31.904000 57
32.384000 32.768000 53
32.768000 33.120000 56
33.440000 33.504000 52
33.504000 33.664000 53
33.664000 34.048000 56
34.112000 34.240000 52
34.336000 34.656000 53
34.656000 35.488000 56
35.872000 37.792000 51
38.720000 39.040000 50
39.200000 39.328000 50
39.424000 41.280000 51
43.232000 43.296000 57
43.488000 43.968000 61
44.160000 44.352000 61
44.576000 45.120000 61
45.280000 45.536000 62
45.728000 46.176000 65
46.848000 47.136000 60
47.296000 48.320000 60
48.448000 48.736000 60
48.864000 49.120000 61
49.120000 49.312000 58
49.312000 49.472000 61
49.472000 50.208000 63
50.208000 51.136000 60
51.136000 52.160000 56
52.832000 52.928000 60
53.120000 53.216000 61
53.440000 53.824000 63
53.888000 54.752000 62
54.752000 55.264000 58
57.792000 58.336000 61
58.496000 58.752000 61
58.880000 59.488000 61
59.648000 59.808000 63
60.032000 60.480000 65
61.120000 62.624000 60
62.720000 63.488000 60
63.680000 65.088000 62
65.088000 65.440000 60
65.440000 65.920000 56
65.920000 66.464000 56
67.168000 67.296000 61
67.424000 67.872000 61
67.872000 68.928000 63
68.928000 69.664000 61
69.664000 71.232000 65
74.304000 74.848000 56
75.008000 75.328000 53
75.424000 76.256000 56
76.384000 76.672000 56
76.800000 78.016000 56
78.112000 78.528000 56
78.528000 78.912000 61
79.008000 80.224000 62
80.224000 80.800000 65
81.696000 81.952000 64
81.952000 82.240000 62
82.368000 82.944000 61
83.040000 83.360000 61
83.488000 83.744000 61
83.904000 84.128000 61
84.384000 84.640000 57
85.280000 85.344000 52
85.344000 85.472000 57
85.664000 86.144000 61
86.144000 87.360000 63
87.360000 87.840000 65
87.840000 88.384000 56
88.864000 89.216000 54
89.312000 91.456000 56
91.648000 91.968000 56
92.064000 92.864000 56
92.864000 93.920000 61
94.112000 94.496000 61
94.496000 95.328000 65
96.064000 96.256000 64
96.384000 96.832000 61
97.024000 97.248000 61
97.472000 98.176000 61
98.336000 98.560000 61
98.816000 99.072000 58
99.712000 99.904000 57
100.096000 100.544000 61
100.544000 101.152000 63
107.040000 107.616000 54
108.128000 108.576000 54
108.800000 109.504000 54
111.296000 111.488000 52
111.584000 111.840000 56
112.224000 112.352000 53
112.448000 112.672000 56
113.056000 113.120000 51
113.120000 113.376000 54
113.376000 113.504000 56
113.760000 114.016000 57
114.176000 114.304000 54
114.848000 114.912000 52
114.912000 115.488000 56
115.776000 115.936000 53
115.936000 116.224000 56
116.896000 117.120000 56
117.312000 117.664000 57
117.760000 118.400000 53
118.528000 120.128000 51
121.120000 123.712000 51
125.536000 125.664000 57
125.824000 126.400000 61
126.560000 126.784000 61
126.976000 127.520000 61
127.712000 128.000000 62
128.096000 128.576000 64
128.832000 128.928000 62
128.928000 129.088000 60
129.216000 129.504000 60
129.664000 130.624000 60
130.784000 130.912000 58
130.912000 131.104000 60
131.232000 131.520000 61
131.648000 131.776000 61
131.776000 132.224000 63
132.224000 132.512000 65
132.512000 133.664000 60
133.664000 134.816000 56
135.264000 135.936000 61
135.936000 136.992000 63
136.992000 137.760000 61
137.760000 139.328000 65
142.336000 142.816000 55
143.040000 143.328000 54
143.456000 144.736000 56
144.896000 145.248000 56
145.344000 146.624000 56
146.624000 147.904000 61
148.064000 148.832000 65
148.832000 148.992000 61
149.728000 149.984000 64
150.240000 150.528000 61
150.656000 151.840000 61
152.032000 152.320000 61
152.512000 152.864000 58
153.440000 153.632000 57
153.792000 154.304000 61
154.304000 155.360000 63
155.360000 155.904000 65
155.904000 156.480000 55
156.896000 158.144000 55
158.272000 158.624000 56
158.784000 159.072000 56
159.232000 159.968000 56
160.064000 160.992000 56
160.992000 161.248000 61
161.472000 162.016000 62
162.112000 162.400000 61
162.528000 163.296000 65
163.360000 163.680000 65
164.064000 164.416000 63
164.544000 164.864000 61
164.960000 165.344000 61
165.440000 166.208000 61
166.336000 166.592000 61
166.816000 167.232000 58
167.712000 167.840000 56
168.064000 168.480000 61
168.480000 168.960000 63
179.392000 179.552000 53
179.648000 179.936000 56
180.288000 180.384000 52
180.512000 180.768000 56
181.184000 181.408000 53
181.408000 181.664000 56
181.856000 182.336000 57
183.040000 183.104000 51
183.104000 183.520000 55
183.936000 184.096000 53
184.096000 184.384000 56
185.024000 185.248000 56
185.408000 185.760000 58
185.856000 188.160000 51
189.248000 191.040000 50
192.064000 193.408000 51
