1.728000 2.400000 63
2.496000 2.880000 61
3.104000 4.000000 64
4.224000 4.896000 61
6.048000 6.496000 62
6.688000 7.136000 60
7.328000 7.616000 61
7.872000 8.096000 59
8.256000 8.384000 59
10.368000 10.816000 62
11.040000 11.200000 61
11.360000 12.128000 60
12.320000 12.480000 59
15.072000 15.136000 60
15.136000 15.520000 61
15.520000 15.808000 59
15.968000 16.064000 56
16.256000 16.544000 53
16.640000 17.120000 57
17.536000 17.696000 59
17.792000 18.080000 61
18.400000 18.656000 59
19.456000 19.616000 64
19.616000 20.064000 62
20.224000 20.384000 62
20.576000 21.376000 63
21.632000 22.368000 61
23.488000 23.904000 63
24.064000 24.768000 60
25.024000 25.248000 59
25.344000 25.568000 59
27.872000 28.352000 62
28.576000 28.896000 60
29.056000 29.440000 59
29.728000 30.368000 59
32.256000 32.512000 57
32.512000 32.672000 60
32.864000 32.960000 60
33.056000 33.248000 59
33.408000 33.664000 56
33.664000 34.304000 53
34.304000 34.624000 57
34.784000 35.584000 59
35.872000 36.160000 59
37.728000 37.984000 65
38.464000 38.656000 67
38.656000 38.848000 69
39.072000 39.360000 71
39.616000 40.000000 72
40.256000 40.800000 71
41.248000 41.568000 65
42.976000 43.136000 69
43.456000 43.840000 71
44.000000 44.448000 71
44.608000 45.216000 71
45.600000 45.952000 66
46.752000 48.128000 68
48.128000 48.576000 64
48.928000 49.632000 59
50.528000 50.688000 57
50.880000 51.072000 59
51.200000 51.904000 60
54.976000 55.264000 64
55.264000 55.488000 66
56.096000 56.224000 69
56.352000 56.832000 69
56.832000 57.408000 71
57.728000 58.304000 71
58.752000 59.200000 65
60.832000 61.824000 71
62.048000 62.624000 71
63.168000 63.328000 66
64.224000 65.120000 68
65.248000 66.240000 65
66.432000 67.744000 59
68.416000 68.608000 59
68.768000 68.928000 60
69.056000 69.344000 59
71.776000 72.064000 63
72.160000 72.480000 61
72.576000 72.704000 62
73.024000 73.664000 64
73.664000 74.560000 61
75.872000 76.384000 62
76.640000 77.120000 61
77.280000 77.440000 61
77.696000 78.240000 59
80.288000 80.512000 63
80.608000 80.800000 62
80.896000 81.088000 61
81.216000 81.472000 59
81.472000 81.696000 61
81.952000 82.272000 59
83.296000 83.456000 67
83.744000 83.904000 67
84.256000 84.352000 66
84.928000 85.728000 60
85.728000 85.856000 57
85.856000 86.720000 56
86.720000 87.136000 59
88.224000 88.384000 59
89.216000 90.048000 62
90.176000 90.368000 62
90.656000 91.104000 64
91.104000 92.448000 61
92.672000 92.864000 57
93.312000 93.504000 62
93.664000 94.080000 62
94.272000 94.432000 59
94.656000 95.232000 61
95.424000 95.872000 59
97.696000 98.272000 62
98.560000 98.720000 61
98.944000 99.456000 59
99.648000 100.128000 59
100.224000 100.320000 59
101.056000 101.344000 65
101.696000 101.952000 65
102.336000 102.848000 62
103.008000 103.968000 62
104.864000 105.184000 61
105.312000 105.760000 63
105.952000 106.720000 65
106.848000 107.872000 64
108.480000 108.736000 69
108.960000 109.248000 71
109.536000 109.952000 60
111.104000 111.456000 65
112.864000 112.992000 57
113.376000 113.696000 59
113.920000 114.336000 59
114.624000 115.072000 70
115.488000 115.808000 65
116.640000 118.016000 68
118.016000 118.464000 64
118.816000 119.520000 59
120.416000 120.576000 57
120.768000 120.960000 59
121.088000 121.792000 60
124.832000 125.184000 64
125.184000 125.408000 66
125.952000 126.112000 69
126.240000 126.752000 69
126.752000 127.296000 71
127.552000 128.192000 71
128.672000 128.992000 65
130.848000 131.744000 59
132.000000 132.544000 70
133.088000 133.152000 66
134.112000 135.008000 68
135.200000 136.128000 64
136.320000 137.632000 59
138.304000 138.496000 59
138.656000 138.816000 60
138.944000 139.264000 59
142.848000 143.104000 56
143.360000 143.616000 58
143.936000 144.512000 56
144.992000 145.184000 56
145.440000 145.600000 56
145.696000 146.272000 57
146.432000 146.784000 57
147.168000 148.064000 56
148.384000 148.608000 56
149.952000 150.624000 57
150.688000 150.752000 57
151.072000 151.424000 57
151.552000 151.648000 56
151.744000 152.320000 56
152.576000 156.352000 61
157.376000 157.472000 68
157.568000 158.080000 68
159.808000 160.096000 57
160.288000 160.896000 56
161.376000 161.792000 56
162.176000 162.624000 56
162.944000 163.520000 57
163.520000 164.832000 59
164.832000 165.184000 57
166.240000 167.232000 60
167.392000 167.776000 59
168.032000 168.576000 57
168.608000 168.864000 59
168.864000 169.120000 56
169.216000 169.344000 56
169.472000 169.536000 56
169.536000 169.728000 59
170.112000 171.904000 60
172.864000 172.896000 57
172.960000 173.184000 56
173.376000 174.368000 56
174.560000 174.944000 55
175.072000 175.392000 56
175.424000 175.616000 56
175.744000 175.808000 56
175.968000 176.064000 65
176.096000 176.576000 67
185.280000 185.728000 62
185.824000 186.144000 61
186.432000 186.816000 64
187.584000 187.936000 61
189.536000 189.952000 62
190.144000 190.496000 61
190.688000 191.008000 61
191.520000 191.648000 59
191.840000 191.968000 60
193.792000 194.048000 62
194.144000 194.240000 62
194.496000 194.592000 61
194.880000 195.392000 59
198.528000 198.976000 61
199.168000 199.264000 59
200.096000 200.256000 54
200.576000 200.640000 56
201.248000 201.472000 60
201.888000 202.208000 59
216.928000 217.056000 66
217.280000 217.376000 66
217.824000 218.016000 66
218.208000 218.944000 65
219.232000 219.328000 65
219.456000 219.552000 65
219.648000 219.744000 65
219.840000 219.936000 65
222.112000 222.368000 62
225.376000 225.504000 69
225.504000 226.048000 70
226.048000 226.272000 68
229.600000 230.720000 69
230.752000 231.616000 67
233.728000 234.304000 66
234.752000 235.168000 66
235.328000 236.288000 65
236.608000 236.960000 63
237.120000 237.824000 63
