64.224000 67.392000 58
67.552000 67.904000 57
69.408000 69.696000 55
69.696000 70.272000 57
70.464000 71.488000 61
72.512000 72.704000 53
72.704000 72.896000 54
72.896000 72.992000 55
72.992000 73.280000 56
73.280000 74.112000 59
74.208000 74.912000 59
74.912000 75.584000 57
77.600000 81.536000 58
82.560000 82.784000 54
83.104000 83.232000 56
83.328000 83.488000 57
83.488000 84.064000 59
84.224000 85.024000 61
85.728000 86.208000 52
86.368000 86.720000 56
86.720000 86.816000 57
86.816000 87.456000 61
87.584000 88.288000 62
88.288000 88.352000 60
88.448000 88.800000 60
89.376000 91.232000 57
91.840000 92.064000 57
92.064000 92.256000 58
92.256000 94.720000 60
95.648000 96.032000 56
96.032000 97.760000 63
98.560000 99.232000 65
99.360000 101.216000 65
101.824000 104.640000 65
105.280000 107.040000 66
107.712000 108.256000 66
108.640000 109.312000 64
109.472000 110.208000 63
110.720000 110.880000 60
111.072000 111.232000 61
111.424000 111.776000 63
112.032000 112.640000 61
112.832000 113.856000 60
116.000000 119.264000 60
119.360000 122.464000 60
122.656000 125.920000 60
125.952000 126.144000 58
126.144000 126.752000 60
126.848000 126.912000 57
126.912000 127.008000 58
127.008000 128.576000 61
128.672000 128.960000 58
129.216000 131.520000 65
131.616000 132.064000 65
132.192000 132.384000 65
132.576000 134.752000 65
134.848000 135.360000 65
135.488000 135.712000 65
135.904000 136.416000 68
136.576000 137.248000 65
137.568000 137.856000 67
137.856000 138.176000 68
138.176000 138.816000 65
139.168000 139.232000 66
139.232000 140.160000 69
140.256000 140.736000 63
140.832000 141.920000 62
141.920000 142.400000 64
142.560000 144.896000 68
145.216000 145.888000 63
145.984000 146.464000 63
146.624000 146.752000 61
146.880000 147.104000 62
147.200000 147.360000 65
147.488000 148.512000 65
148.864000 149.344000 61
149.344000 149.600000 66
149.600000 150.592000 68
150.592000 151.168000 72
151.168000 151.232000 70
151.232000 151.584000 68
151.584000 152.288000 63
152.640000 153.728000 60
153.920000 154.432000 62
154.432000 155.008000 60
155.168000 155.232000 59
155.232000 155.616000 61
155.616000 158.368000 68
158.784000 160.192000 62
160.288000 160.544000 63
160.640000 161.760000 65
162.208000 162.528000 63
162.624000 162.848000 62
162.848000 163.264000 63
163.424000 163.616000 65
163.712000 164.096000 66
164.512000 164.608000 64
164.608000 164.736000 65
164.736000 164.960000 68
165.088000 165.792000 69
165.952000 166.176000 70
166.176000 166.496000 68
166.496000 166.688000 66
166.784000 166.944000 65
167.040000 167.552000 64
167.776000 170.464000 60
175.552000 175.712000 56
175.776000 176.608000 57
176.736000 177.216000 58
177.408000 177.824000 58
178.016000 178.368000 58
178.624000 178.880000 58
179.040000 179.328000 58
179.456000 180.992000 58
181.088000 181.952000 57
182.560000 183.008000 53
183.232000 183.488000 56
183.488000 184.064000 59
184.256000 185.728000 61
185.728000 188.224000 65
188.416000 189.056000 65
189.376000 190.592000 61
190.880000 191.168000 61
191.264000 191.392000 61
191.488000 191.808000 61
191.904000 192.192000 61
192.320000 194.496000 60
194.592000 195.104000 60
195.200000 195.488000 61
195.584000 198.816000 60
198.912000 199.232000 61
199.232000 201.472000 60
201.568000 202.528000 59
202.688000 205.376000 64
205.536000 208.192000 64
208.256000 208.704000 65
208.864000 209.248000 65
209.248000 209.760000 67
209.856000 210.624000 64
210.912000 211.264000 67
211.520000 212.256000 65
212.544000 212.768000 69
213.600000 214.080000 63
214.208000 214.368000 61
214.368000 215.488000 63
215.488000 215.712000 66
216.256000 217.184000 68
217.216000 218.240000 68
218.240000 218.400000 61
218.560000 220.032000 63
220.128000 220.192000 61
220.192000 220.704000 63
220.768000 221.984000 65
222.080000 222.112000 65
222.144000 222.208000 69
222.208000 222.656000 73
222.656000 223.872000 68
223.872000 224.928000 72
224.928000 225.056000 64
225.056000 226.336000 62
226.432000 227.328000 63
227.328000 227.424000 66
227.520000 228.512000 64
228.512000 229.120000 61
229.312000 229.344000 68
229.568000 231.488000 68
231.488000 231.712000 67
231.712000 233.600000 63
233.696000 235.328000 65
235.488000 236.032000 63
236.192000 236.256000 61
236.256000 236.672000 63
236.800000 237.536000 66
237.664000 238.080000 66
238.080000 239.104000 69
239.616000 239.840000 68
239.968000 240.096000 65
240.192000 240.896000 65
241.024000 241.088000 62
241.088000 241.408000 65
241.504000 242.656000 64
242.880000 242.976000 60
242.976000 244.352000 64
244.352000 246.176000 65
246.176000 246.784000 60
246.976000 247.328000 60
247.616000 248.672000 62
248.864000 249.056000 59
249.056000 249.248000 60
249.248000 249.824000 58
249.824000 250.144000 61
250.336000 250.656000 60
250.976000 251.424000 62
251.584000 252.032000 61
252.192000 252.576000 60
252.672000 253.216000 58
253.216000 253.568000 61
253.728000 254.144000 61
254.400000 254.848000 62
255.008000 255.392000 61
255.552000 256.320000 59
256.448000 257.600000 60
257.760000 257.984000 58
258.208000 259.616000 61
259.808000 259.872000 62
259.872000 260.448000 65
260.576000 261.184000 64
261.184000 261.280000 65
261.280000 261.792000 67
261.792000 262.304000 65
262.400000 263.040000 61
263.136000 263.776000 65
263.872000 264.320000 63
264.320000 264.960000 67
265.120000 265.632000 64
265.760000 266.496000 62
266.560000 266.624000 61
266.624000 267.072000 65
267.232000 267.296000 62
267.296000 267.840000 63
267.840000 269.280000 65
269.280000 269.824000 61
269.856000 271.232000 64
271.488000 272.128000 65
272.640000 274.976000 58
275.968000 276.160000 59
276.160000 276.480000 60
276.480000 277.088000 61
277.088000 279.008000 62
279.456000 280.384000 64
280.480000 282.432000 65
283.232000 289.216000 65
289.952000 291.424000 65
291.424000 292.448000 60
292.896000 293.728000 65
293.920000 295.968000 65
296.736000 303.776000 65
