19.648000 19.936000 59
20.032000 20.416000 66
20.512000 21.728000 63
23.296000 23.680000 59
23.776000 24.160000 65
24.448000 24.768000 64
24.928000 25.696000 63
26.560000 26.688000 59
26.784000 27.232000 63
27.232000 27.936000 66
28.064000 28.448000 66
28.704000 29.056000 62
29.184000 29.760000 64
29.920000 30.240000 62
30.336000 30.784000 61
31.488000 31.680000 59
31.872000 32.736000 61
34.720000 34.912000 59
35.040000 35.584000 64
35.680000 37.216000 61
38.112000 38.688000 59
38.784000 39.328000 65
39.456000 40.896000 61
41.856000 42.592000 59
42.720000 42.880000 63
42.976000 43.360000 67
43.776000 44.224000 62
44.416000 45.504000 56
46.016000 46.400000 62
46.496000 46.624000 61
46.816000 48.480000 59
50.240000 50.400000 58
50.400000 51.936000 61
52.128000 52.704000 62
52.800000 52.960000 61
52.960000 53.376000 63
53.376000 53.888000 66
54.336000 54.528000 64
54.528000 55.200000 66
55.328000 55.520000 64
55.616000 56.000000 66
56.128000 57.216000 63
57.536000 57.696000 61
57.696000 57.856000 63
57.856000 59.456000 67
59.584000 59.744000 68
59.744000 60.640000 62
60.800000 61.184000 56
61.440000 61.536000 57
61.696000 62.912000 68
63.584000 65.120000 66
65.600000 65.760000 57
65.760000 65.888000 62
65.984000 66.048000 63
66.048000 66.496000 65
66.720000 66.784000 62
66.784000 66.912000 63
66.912000 67.424000 65
67.552000 68.000000 64
68.000000 68.192000 63
68.288000 68.416000 71
68.416000 68.672000 73
68.672000 69.120000 70
69.408000 69.792000 71
69.920000 70.528000 69
70.528000 70.912000 66
70.912000 72.288000 63
73.440000 74.016000 62
74.336000 74.496000 61
74.592000 74.912000 63
75.072000 75.392000 60
75.520000 75.616000 59
75.744000 76.064000 67
76.224000 76.544000 63
76.928000 77.280000 61
77.408000 77.792000 59
77.792000 78.016000 68
78.112000 78.176000 61
78.176000 78.528000 63
78.528000 78.656000 66
78.784000 79.744000 66
80.224000 80.544000 59
80.704000 80.832000 62
80.928000 81.504000 66
81.856000 82.400000 66
82.528000 82.944000 66
82.944000 83.168000 63
83.232000 83.296000 67
83.296000 83.744000 72
83.744000 84.160000 70
84.352000 84.704000 70
84.864000 85.504000 68
85.632000 85.952000 66
85.952000 86.176000 63
86.304000 86.912000 63
87.232000 87.296000 61
87.296000 87.424000 66
87.424000 87.616000 69
87.616000 87.872000 66
88.064000 88.736000 71
89.088000 89.312000 59
89.312000 89.504000 61
89.600000 89.824000 63
89.824000 90.432000 68
90.944000 91.136000 66
91.392000 91.808000 63
91.904000 92.736000 61
93.824000 93.920000 59
94.016000 94.400000 62
94.496000 95.072000 59
95.200000 97.024000 59
105.888000 106.080000 59
106.240000 106.368000 59
109.792000 109.888000 61
110.400000 110.496000 58
111.520000 111.808000 59
111.904000 112.384000 65
112.384000 114.112000 62
114.912000 115.616000 59
115.616000 115.968000 66
116.288000 117.728000 63
118.464000 118.688000 59
118.688000 119.712000 64
119.712000 120.320000 66
120.576000 120.896000 62
120.992000 121.120000 63
121.216000 121.632000 65
121.760000 122.784000 61
123.328000 123.456000 59
123.616000 124.736000 61
126.400000 126.880000 59
126.880000 127.488000 65
127.488000 128.672000 62
128.672000 129.504000 59
129.856000 129.952000 55
129.952000 130.592000 59
130.592000 131.200000 65
131.200000 132.064000 62
132.256000 132.928000 61
133.632000 133.792000 54
133.888000 134.496000 59
134.496000 134.688000 63
134.816000 135.232000 67
135.232000 135.616000 63
135.776000 135.968000 61
135.968000 136.128000 59
136.256000 137.312000 56
137.856000 138.784000 61
138.784000 140.544000 59
141.856000 141.984000 58
142.080000 142.176000 57
142.176000 142.272000 58
142.272000 143.840000 62
144.000000 144.096000 62
144.096000 144.576000 61
144.672000 144.864000 61
144.864000 145.152000 63
145.152000 145.728000 66
146.208000 146.624000 65
146.720000 146.784000 66
146.784000 147.072000 68
147.232000 147.392000 64
147.488000 147.552000 64
147.552000 147.968000 66
147.968000 149.088000 63
149.376000 149.504000 63
149.600000 149.792000 64
149.792000 150.176000 66
150.176000 150.656000 68
150.656000 151.072000 66
151.072000 151.648000 67
151.648000 152.512000 62
152.640000 153.024000 56
153.344000 153.472000 56
153.600000 155.040000 68
155.424000 157.152000 66
157.472000 157.568000 58
157.568000 157.600000 59
157.600000 157.824000 62
157.824000 158.368000 66
158.592000 158.752000 62
158.752000 159.296000 66
159.456000 159.680000 66
159.680000 160.032000 63
160.160000 160.224000 71
160.224000 160.608000 72
160.608000 160.992000 70
161.280000 161.632000 71
161.856000 162.144000 70
162.144000 162.560000 68
162.560000 164.032000 63
165.120000 165.216000 58
165.344000 165.888000 63
166.240000 166.784000 63
166.944000 167.264000 61
167.456000 167.552000 58
167.680000 168.000000 68
168.128000 168.512000 63
168.832000 169.664000 60
169.664000 169.888000 68
169.888000 170.528000 63
170.720000 171.808000 66
172.128000 172.192000 58
172.192000 172.384000 60
172.544000 172.608000 61
172.608000 172.992000 63
172.992000 173.344000 66
173.728000 174.784000 66
174.880000 175.008000 63
175.168000 175.296000 71
175.296000 175.584000 73
175.584000 176.032000 70
176.128000 176.672000 71
176.736000 177.344000 69
177.504000 177.824000 66
177.824000 179.296000 63
179.392000 179.520000 69
179.520000 179.712000 66
179.904000 180.576000 71
180.736000 181.344000 59
181.472000 181.696000 63
181.696000 182.528000 68
182.816000 182.912000 64
182.912000 183.072000 66
183.232000 183.680000 63
183.776000 185.312000 61
185.696000 185.888000 59
185.888000 186.080000 61
186.080000 186.304000 63
186.304000 188.608000 59
189.600000 189.664000 59
189.888000 190.272000 71
190.368000 190.560000 71
190.560000 190.784000 70
190.784000 191.008000 66
191.008000 191.680000 63
191.840000 192.608000 66
192.704000 194.304000 66
194.592000 195.904000 59
196.000000 196.864000 71
196.928000 197.312000 71
197.408000 198.272000 71
198.272000 198.496000 66
198.560000 198.720000 61
198.720000 199.328000 63
199.520000 200.064000 66
200.192000 203.424000 66
204.064000 204.256000 59
204.256000 204.672000 61
204.768000 205.024000 64
205.024000 205.312000 66
205.568000 205.728000 63
205.728000 206.304000 66
206.464000 206.688000 66
206.688000 206.976000 63
207.136000 207.872000 71
208.160000 208.416000 71
208.512000 209.312000 69
209.440000 210.592000 63
211.968000 212.096000 58
212.192000 212.384000 61
212.384000 212.736000 63
213.120000 213.664000 62
213.824000 214.176000 60
214.304000 214.400000 59
214.528000 214.848000 68
215.008000 215.328000 63
215.648000 216.000000 60
216.096000 216.448000 59
216.448000 216.512000 61
216.512000 216.576000 64
216.576000 216.768000 68
216.768000 217.440000 63
217.536000 218.656000 66
219.008000 219.296000 59
219.520000 219.712000 63
219.712000 220.224000 66
220.448000 220.512000 62
220.640000 220.864000 64
220.864000 221.920000 66
221.984000 222.048000 67
222.048000 222.144000 71
222.144000 222.432000 73
222.432000 222.880000 70
223.488000 223.840000 70
223.936000 224.192000 68
224.320000 224.704000 66
224.704000 225.664000 63
225.984000 226.048000 62
226.048000 226.208000 66
226.208000 226.368000 69
226.368000 226.592000 65
226.752000 227.456000 71
227.936000 228.320000 59
228.512000 228.736000 63
228.736000 229.408000 68
229.792000 230.016000 65
230.240000 230.432000 64
230.496000 232.288000 61
233.408000 233.632000 61
233.632000 234.016000 63
234.464000 234.848000 60
235.136000 235.648000 63
235.968000 236.768000 59
