0.032000 0.064000 55
0.288000 0.800000 54
0.800000 1.344000 56
1.440000 2.048000 59
2.048000 3.296000 54
3.456000 4.384000 56
5.024000 5.088000 53
5.088000 5.472000 54
5.472000 6.176000 56
6.400000 6.624000 54
6.624000 6.880000 52
6.880000 7.360000 56
7.360000 7.456000 50
7.648000 8.000000 49
8.000000 8.800000 52
9.152000 9.216000 51
9.216000 9.312000 52
9.312000 10.208000 56
10.400000 10.912000 58
10.912000 11.808000 54
11.904000 12.544000 53
12.544000 13.344000 56
13.888000 14.624000 54
14.720000 15.296000 56
15.296000 16.288000 54
16.416000 16.608000 54
16.736000 16.800000 50
17.024000 18.048000 53
19.296000 19.680000 54
19.776000 20.864000 53
21.248000 22.336000 49
22.528000 23.360000 49
28.640000 28.768000 61
29.600000 29.760000 61
32.128000 32.224000 68
32.608000 33.728000 66
34.368000 35.712000 66
37.696000 37.984000 56
38.080000 38.624000 56
39.136000 40.000000 55
40.128000 41.248000 56
41.344000 41.536000 59
41.536000 42.368000 54
42.560000 42.656000 52
43.072000 43.200000 54
43.328000 43.456000 54
43.584000 43.904000 54
44.384000 44.608000 54
44.800000 45.056000 50
45.056000 45.152000 54
45.280000 45.408000 54
45.568000 46.496000 54
46.720000 47.104000 55
47.264000 48.416000 56
48.672000 49.088000 55
49.216000 49.376000 56
49.472000 50.368000 55
50.592000 50.944000 49
50.944000 51.264000 55
51.424000 51.744000 54
52.160000 52.192000 53
52.416000 52.544000 52
52.544000 52.928000 49
52.928000 53.248000 54
53.376000 53.504000 52
53.504000 53.792000 55
54.144000 54.240000 53
54.368000 54.496000 58
54.496000 55.136000 61
55.136000 55.360000 64
55.360000 56.320000 71
56.320000 56.736000 66
56.864000 57.216000 65
57.376000 58.144000 66
58.144000 58.240000 62
58.848000 59.936000 63
60.032000 60.896000 61
60.896000 61.152000 58
61.984000 62.112000 55
62.240000 63.232000 61
63.232000 64.224000 71
64.224000 64.576000 66
64.704000 65.056000 65
65.216000 65.984000 66
65.984000 66.112000 59
66.656000 66.752000 56
66.752000 68.832000 62
68.832000 69.088000 56
70.144000 72.000000 61
72.160000 73.024000 60
73.536000 74.400000 59
74.560000 75.328000 54
75.520000 76.608000 54
76.736000 76.896000 52
76.992000 77.120000 48
77.344000 77.536000 48
77.536000 77.568000 52
77.568000 77.984000 54
77.984000 78.400000 56
78.496000 79.072000 58
79.072000 79.776000 54
79.776000 80.192000 55
80.352000 80.864000 56
81.664000 81.728000 53
81.728000 82.144000 54
82.144000 82.656000 56
82.880000 83.104000 54
83.104000 83.168000 51
83.200000 83.360000 51
83.360000 83.680000 56
83.680000 83.840000 49
83.936000 84.320000 49
84.320000 84.864000 52
85.312000 85.504000 52
85.504000 85.856000 54
85.856000 86.432000 56
86.432000 86.752000 59
86.752000 88.640000 54
88.768000 88.960000 58
89.504000 90.176000 54
90.272000 90.720000 56
90.720000 91.680000 54
91.776000 91.904000 54
92.096000 92.128000 50
92.288000 92.608000 52
93.248000 93.376000 63
93.376000 93.888000 66
93.888000 94.208000 68
94.208000 94.912000 69
94.912000 95.936000 66
96.064000 96.640000 68
97.184000 97.280000 63
97.440000 97.504000 63
97.504000 97.952000 66
97.952000 98.496000 69
98.624000 98.816000 66
98.816000 99.136000 64
99.136000 99.360000 68
99.360000 99.392000 65
99.392000 100.640000 62
100.832000 100.960000 60
101.088000 101.152000 62
101.152000 101.248000 64
101.248000 101.760000 66
101.760000 102.112000 68
102.112000 102.240000 69
102.240000 102.560000 71
102.560000 104.480000 66
104.576000 104.608000 68
105.248000 105.760000 66
105.760000 106.464000 68
106.464000 106.912000 65
107.008000 108.384000 66
108.480000 108.672000 66
108.672000 108.832000 64
108.928000 109.216000 64
109.216000 109.824000 62
110.880000 111.072000 62
111.072000 111.168000 59
111.168000 111.456000 57
111.456000 113.248000 54
116.320000 117.248000 56
117.568000 117.696000 54
117.824000 119.136000 56
119.264000 119.616000 56
119.776000 120.064000 58
120.160000 121.280000 54
121.504000 121.728000 50
121.728000 122.880000 54
122.976000 123.104000 54
123.104000 123.296000 52
123.296000 123.488000 49
123.712000 123.808000 53
124.256000 124.544000 54
124.736000 125.248000 55
125.504000 125.824000 55
125.984000 127.136000 56
127.488000 127.776000 55
127.936000 128.064000 56
128.192000 128.640000 56
128.640000 129.312000 54
129.408000 129.568000 49
129.664000 129.984000 55
130.176000 130.496000 54
131.104000 131.232000 53
131.232000 131.296000 51
131.296000 131.648000 49
131.648000 131.968000 53
132.096000 132.224000 52
132.224000 132.544000 55
132.768000 132.928000 55
133.056000 133.184000 59
133.184000 133.824000 61
133.824000 134.080000 64
134.080000 135.040000 71
135.040000 135.392000 66
135.520000 135.872000 65
136.032000 136.800000 66
136.800000 136.960000 58
137.504000 137.568000 56
137.568000 138.592000 63
138.688000 139.584000 61
139.584000 139.968000 56
140.256000 140.352000 57
140.960000 142.816000 61
142.944000 143.840000 61
144.416000 144.992000 60
144.992000 145.216000 59
145.376000 147.488000 54
147.584000 147.776000 52
147.776000 148.032000 49
148.256000 148.288000 49
148.352000 148.672000 54
148.800000 149.216000 56
149.312000 149.376000 57
149.376000 149.792000 59
149.792000 151.008000 54
151.168000 151.680000 56
152.512000 152.576000 53
152.576000 152.960000 54
152.960000 153.568000 56
153.728000 153.920000 54
153.920000 154.208000 52
154.208000 154.496000 56
154.496000 154.656000 50
154.752000 155.136000 49
155.136000 155.424000 52
155.456000 155.520000 52
155.552000 155.712000 51
156.160000 156.320000 52
156.320000 157.088000 55
157.184000 157.664000 59
157.728000 157.792000 54
157.824000 158.816000 54
159.040000 159.456000 56
159.616000 159.680000 58
160.320000 160.832000 54
160.832000 161.568000 56
161.568000 161.984000 53
162.080000 162.720000 54
163.072000 163.584000 52
163.648000 164.224000 64
164.224000 164.736000 66
164.736000 165.728000 69
165.728000 166.816000 66
166.848000 166.912000 64
166.912000 167.680000 67
167.680000 168.128000 65
168.288000 168.704000 66
168.704000 169.472000 68
169.472000 169.664000 66
169.664000 169.952000 64
169.952000 170.176000 68
170.176000 170.272000 63
170.272000 170.912000 61
170.912000 172.064000 64
172.064000 174.272000 67
174.368000 174.560000 66
174.560000 174.752000 63
174.752000 175.808000 67
175.808000 175.872000 61
175.904000 175.968000 60
176.096000 176.736000 66
176.832000 177.344000 68
177.344000 177.728000 64
177.824000 179.200000 66
179.296000 179.488000 66
179.488000 180.672000 62
182.432000 182.816000 60
182.816000 183.072000 56
183.072000 183.264000 59
183.264000 185.408000 62
185.536000 185.952000 64
185.952000 187.104000 63
187.104000 187.392000 61
187.648000 187.840000 63
187.968000 188.064000 63
188.064000 188.352000 61
188.512000 188.672000 63
188.768000 188.896000 63
188.992000 189.152000 61
189.216000 189.344000 61
189.472000 190.240000 63
190.528000 191.328000 63
191.648000 192.064000 63
192.064000 192.224000 61
192.448000 192.608000 63
192.704000 192.832000 63
192.960000 193.024000 61
193.152000 193.312000 61
193.408000 194.176000 63
194.592000 195.008000 63
195.008000 195.392000 61
195.552000 195.680000 63
195.744000 195.776000 63
195.808000 195.968000 63
195.968000 196.160000 61
196.416000 196.768000 63
196.864000 197.280000 61
197.280000 198.048000 63
198.048000 198.272000 59
198.432000 198.496000 63
198.528000 199.232000 63
199.584000 200.384000 59
200.544000 201.056000 54
201.056000 201.376000 51
201.632000 202.432000 54
202.432000 203.488000 56
203.616000 203.776000 55
205.504000 205.632000 53
205.824000 206.304000 48
206.432000 206.496000 52
206.624000 206.848000 54
206.848000 207.264000 56
207.392000 207.456000 57
207.456000 207.776000 59
207.776000 209.056000 54
209.216000 209.696000 56
210.560000 211.008000 54
211.008000 211.616000 56
211.744000 211.936000 54
211.936000 212.256000 52
212.256000 212.448000 56
212.448000 212.640000 50
212.800000 213.184000 49
213.600000 213.696000 53
214.208000 214.336000 52
214.336000 214.720000 54
214.720000 215.680000 57
215.776000 216.832000 54
217.056000 217.504000 56
218.368000 219.040000 54
219.136000 219.584000 56
219.584000 219.968000 52
220.128000 220.480000 54
220.640000 220.768000 54
221.152000 221.440000 52
221.440000 221.664000 55
221.888000 222.208000 63
222.208000 222.240000 64
222.240000 222.752000 66
222.752000 223.072000 68
223.072000 223.680000 70
223.680000 224.256000 66
224.256000 224.480000 68
224.480000 226.112000 66
226.336000 226.784000 66
226.784000 227.424000 68
227.424000 228.224000 66
228.224000 228.992000 61
228.992000 230.112000 64
230.112000 230.240000 66
230.240000 230.656000 66
230.656000 232.288000 68
232.384000 232.576000 67
232.576000 232.704000 63
232.704000 232.800000 64
232.800000 233.856000 67
234.112000 234.752000 66
234.880000 235.360000 68
235.360000 236.544000 66
236.672000 237.504000 66
237.504000 239.072000 63
239.200000 239.328000 61
239.328000 239.936000 64
240.000000 240.224000 63
240.224000 240.544000 61
240.640000 240.832000 63
241.024000 241.792000 63
241.984000 242.176000 63
242.176000 242.304000 61
242.368000 242.560000 58
242.688000 242.784000 63
242.912000 243.072000 64
243.168000 243.392000 61
243.584000 243.712000 62
243.808000 244.512000 62
244.672000 245.824000 63
245.920000 246.112000 63
246.112000 246.560000 60
246.560000 246.720000 64
246.848000 246.912000 63
246.944000 247.424000 61
247.520000 247.840000 63
247.936000 248.384000 62
248.544000 249.184000 63
249.216000 249.728000 63
249.888000 250.048000 63
250.048000 250.432000 59
250.528000 250.656000 64
250.784000 250.880000 63
251.040000 251.552000 61
251.552000 251.744000 64
251.904000 252.224000 61
252.256000 252.320000 59
252.480000 252.608000 63
252.896000 253.440000 61
