22.592000 23.456000 46
24.032000 24.128000 45
24.672000 24.928000 47
25.504000 25.632000 46
25.856000 26.048000 45
26.208000 26.400000 47
26.528000 27.072000 49
29.088000 29.312000 52
29.408000 30.016000 52
30.112000 30.752000 49
30.880000 31.488000 52
31.584000 31.712000 49
31.840000 32.096000 52
34.112000 34.176000 45
34.176000 35.808000 52
35.936000 36.096000 49
36.096000 36.288000 51
37.152000 37.312000 45
37.312000 37.920000 47
38.112000 38.368000 51
38.464000 38.656000 47
38.816000 39.040000 49
40.736000 41.280000 45
45.664000 46.784000 47
47.136000 47.328000 46
47.456000 47.584000 45
48.896000 49.120000 45
49.248000 49.440000 47
49.600000 50.112000 49
52.192000 52.448000 53
52.544000 53.120000 52
53.408000 53.856000 50
53.952000 54.176000 52
54.336000 54.560000 52
54.560000 54.752000 49
54.912000 55.168000 52
57.280000 57.344000 47
57.344000 58.912000 52
59.008000 59.232000 49
60.256000 60.384000 45
60.480000 60.576000 47
60.896000 61.056000 48
61.216000 61.472000 51
61.600000 62.208000 48
64.032000 64.320000 45
64.608000 64.768000 45
65.664000 65.824000 45
65.984000 66.176000 45
66.432000 66.592000 45
69.152000 69.664000 52
69.856000 70.112000 52
70.240000 71.200000 52
71.296000 71.456000 49
71.456000 71.680000 52
72.032000 72.096000 50
72.096000 72.672000 53
72.768000 73.376000 52
73.504000 73.760000 57
73.888000 74.336000 53
74.432000 74.592000 52
76.448000 76.640000 48
76.864000 77.024000 46
77.152000 77.312000 45
77.472000 77.568000 46
78.016000 78.176000 50
78.176000 79.296000 57
79.296000 79.648000 61
79.648000 80.544000 57
80.864000 80.928000 49
80.928000 81.152000 52
81.152000 81.312000 57
81.408000 82.432000 57
82.528000 83.232000 56
84.160000 84.608000 57
84.736000 84.992000 57
85.216000 85.408000 61
85.408000 86.176000 57
86.912000 87.072000 57
87.072000 87.616000 55
87.616000 87.712000 57
88.352000 88.544000 57
88.544000 89.056000 54
89.056000 89.248000 57
89.376000 89.504000 57
89.728000 91.200000 59
91.968000 92.032000 48
92.032000 92.256000 51
92.384000 93.088000 57
93.408000 93.632000 59
93.952000 94.400000 59
94.912000 94.976000 55
94.976000 95.072000 58
95.168000 95.424000 57
95.520000 95.744000 59
95.872000 95.936000 61
95.936000 96.096000 64
96.096000 96.544000 61
98.304000 98.400000 62
98.496000 99.040000 64
99.168000 99.392000 64
99.392000 100.032000 61
100.032000 100.544000 64
100.640000 100.800000 64
100.800000 101.216000 61
101.216000 101.792000 64
103.488000 103.552000 58
103.552000 103.712000 61
103.808000 104.096000 64
104.192000 105.248000 64
105.248000 105.920000 61
106.112000 106.208000 57
106.304000 106.368000 54
106.368000 106.656000 57
106.656000 106.752000 55
106.752000 107.008000 59
107.008000 107.104000 57
107.104000 107.424000 61
107.424000 107.712000 64
107.712000 108.832000 59
109.792000 109.888000 54
109.984000 111.328000 57
111.488000 112.864000 57
113.056000 114.592000 64
116.352000 116.416000 61
116.416000 116.864000 64
116.864000 117.632000 59
117.632000 117.856000 64
118.240000 119.808000 57
120.128000 120.512000 57
122.208000 122.304000 62
123.840000 123.936000 62
123.936000 124.032000 59
125.216000 126.080000 57
126.176000 126.304000 57
127.584000 128.000000 61
128.000000 128.384000 64
128.384000 129.216000 59
129.216000 129.632000 64
129.632000 131.008000 57
131.136000 131.808000 57
133.824000 134.272000 64
134.272000 134.304000 61
135.488000 135.584000 62
135.584000 135.648000 61
135.648000 135.968000 57
138.304000 139.168000 47
139.648000 139.872000 46
140.064000 140.160000 45
140.256000 140.576000 47
141.184000 141.280000 46
141.504000 142.048000 46
142.208000 142.272000 48
142.272000 142.688000 50
144.736000 145.632000 52
145.792000 146.048000 49
146.144000 146.208000 48
146.208000 146.400000 51
146.496000 146.752000 52
146.848000 147.104000 52
147.232000 147.360000 49
147.520000 147.776000 52
149.824000 149.888000 47
150.080000 150.272000 52
150.464000 150.720000 52
150.816000 151.296000 52
151.296000 151.744000 49
152.480000 152.576000 45
152.800000 152.928000 45
153.024000 153.184000 47
153.440000 153.632000 49
153.760000 153.952000 52
153.952000 154.336000 47
154.496000 154.592000 49
158.528000 158.688000 45
158.976000 159.168000 45
161.440000 161.984000 46
162.912000 163.008000 47
163.168000 163.488000 46
164.256000 164.384000 46
164.672000 164.896000 45
164.992000 165.120000 47
165.280000 165.856000 49
167.808000 168.448000 52
168.544000 168.704000 52
168.704000 168.992000 49
169.280000 169.856000 52
170.048000 170.272000 52
170.272000 170.784000 50
170.784000 170.880000 52
172.896000 172.960000 47
172.960000 173.216000 49
173.216000 173.472000 52
173.600000 173.856000 53
173.984000 174.496000 52
174.496000 174.944000 49
175.872000 176.032000 45
176.128000 176.416000 47
176.544000 176.608000 46
176.608000 176.768000 49
176.896000 177.152000 52
177.152000 177.440000 47
179.072000 179.168000 45
179.552000 179.840000 45
179.936000 180.384000 45
180.896000 181.024000 45
181.216000 181.408000 45
181.888000 182.144000 45
184.832000 185.408000 53
185.568000 185.824000 52
185.952000 186.048000 52
186.464000 186.880000 52
186.976000 187.104000 49
187.200000 187.360000 52
187.744000 187.872000 51
188.064000 188.288000 54
188.448000 189.024000 52
189.184000 189.408000 57
189.536000 190.240000 52
190.624000 190.912000 49
191.520000 191.616000 50
191.712000 191.840000 50
192.096000 192.480000 48
192.480000 192.704000 46
192.960000 193.184000 51
193.472000 193.760000 64
194.016000 194.880000 57
194.880000 196.096000 59
196.768000 197.728000 57
197.920000 198.976000 56
199.168000 200.288000 57
200.416000 200.704000 57
200.704000 200.960000 61
200.960000 202.400000 58
202.496000 202.720000 57
202.720000 203.296000 55
203.808000 203.904000 54
204.000000 204.864000 57
205.056000 206.880000 59
206.976000 207.392000 53
207.648000 207.712000 48
207.712000 207.936000 52
208.032000 208.800000 58
209.056000 209.344000 59
209.600000 210.080000 59
210.496000 210.688000 59
210.816000 211.424000 59
211.584000 211.840000 64
211.840000 212.448000 61
214.144000 217.504000 64
219.168000 219.232000 59
219.232000 219.456000 61
219.456000 221.664000 64
222.112000 222.336000 57
222.432000 222.624000 59
222.784000 223.072000 61
223.072000 223.424000 64
223.520000 223.584000 58
223.584000 224.384000 59
224.384000 224.544000 57
225.184000 225.280000 57
225.504000 225.664000 54
225.664000 226.144000 57
226.400000 226.848000 57
227.136000 231.040000 57
232.096000 232.512000 64
233.824000 234.112000 58
234.336000 235.968000 57
237.792000 237.920000 61
237.920000 238.144000 64
238.592000 238.912000 66
239.200000 239.584000 64
239.680000 240.000000 58
243.680000 244.128000 64
244.128000 244.768000 59
244.768000 245.184000 64
245.344000 245.472000 62
245.472000 245.696000 58
249.664000 249.824000 64
249.824000 249.888000 62
249.888000 250.624000 59
250.624000 251.232000 64
251.232000 252.672000 57
254.432000 254.592000 47
255.296000 255.520000 47
255.712000 256.224000 47
256.768000 256.896000 47
257.120000 257.664000 46
257.792000 258.336000 49
260.352000 260.928000 52
261.056000 261.216000 52
261.216000 261.696000 49
261.792000 261.952000 50
262.176000 262.752000 52
262.880000 263.008000 49
263.168000 263.424000 52
265.504000 265.760000 49
265.760000 266.016000 52
266.144000 267.072000 52
267.072000 267.776000 49
268.416000 268.576000 45
268.672000 268.928000 47
269.056000 269.216000 49
269.440000 269.696000 52
269.696000 270.016000 47
270.144000 270.400000 49
272.064000 272.800000 45
273.728000 273.824000 48
274.080000 274.208000 50
279.872000 279.968000 49
279.968000 280.256000 52
280.256000 281.088000 58
281.312000 281.600000 59
281.920000 282.368000 59
282.848000 282.976000 59
283.136000 283.680000 57
283.808000 283.904000 67
283.904000 284.800000 61
286.176000 286.272000 62
286.368000 286.528000 66
286.528000 287.360000 64
287.360000 287.744000 61
287.840000 288.480000 64
288.576000 288.736000 64
288.736000 289.216000 62
289.216000 289.536000 64
291.520000 291.744000 61
291.744000 292.352000 64
292.544000 292.960000 64
292.960000 293.952000 61
294.304000 294.400000 63
294.400000 294.944000 58
295.072000 295.136000 58
295.136000 295.360000 61
295.360000 295.648000 64
295.776000 296.384000 60
296.480000 296.800000 57
297.536000 297.664000 56
297.664000 298.016000 54
298.016000 299.520000 57
299.744000 300.416000 69
300.640000 301.568000 57
302.976000 303.520000 63
303.520000 303.936000 64
304.128000 304.576000 64
304.576000 305.536000 61
305.952000 306.016000 52
306.016000 306.048000 55
306.048000 306.560000 59
306.688000 306.752000 58
306.752000 307.040000 61
307.040000 307.296000 64
307.392000 308.224000 59
308.224000 308.736000 57
309.184000 309.248000 56
309.248000 309.440000 54
309.536000 309.792000 55
309.984000 310.720000 57
310.976000 311.072000 51
311.360000 311.968000 57
312.096000 314.496000 57
318.432000 320.384000 64
323.040000 323.616000 64
323.712000 326.144000 64
329.280000 329.408000 58
330.368000 331.680000 57
331.808000 331.904000 57
334.848000 335.008000 64
335.488000 336.672000 64
342.464000 342.624000 64
344.800000 345.472000 64
345.792000 346.144000 66
346.592000 346.688000 60
354.304000 354.496000 64
356.672000 356.864000 63
357.088000 357.216000 62
358.880000 359.008000 64
359.168000 359.840000 64
360.000000 360.128000 64
360.448000 360.544000 64
360.640000 360.768000 64
360.928000 361.024000 64
361.216000 361.568000 64
