20.448000 20.928000 55
21.536000 21.920000 55
21.920000 22.464000 59
22.656000 23.200000 59
23.712000 24.448000 54
25.024000 25.472000 55
25.696000 26.688000 59
27.488000 27.936000 55
28.448000 29.056000 55
29.280000 30.272000 59
30.272000 31.904000 55
32.128000 32.320000 57
32.320000 32.800000 55
32.800000 33.600000 62
34.752000 34.976000 55
35.648000 36.160000 55
36.320000 37.216000 60
37.888000 38.560000 55
39.200000 39.680000 55
39.904000 40.736000 59
41.728000 42.144000 55
42.752000 43.168000 55
43.520000 44.032000 59
44.192000 44.288000 59
44.448000 44.704000 57
44.864000 46.144000 55
46.336000 46.848000 57
47.104000 48.448000 62
48.640000 49.280000 55
49.280000 49.664000 57
49.792000 51.488000 60
52.224000 52.416000 57
52.416000 52.864000 55
52.864000 53.248000 57
53.408000 54.720000 59
54.816000 54.912000 59
55.296000 55.552000 56
55.968000 58.784000 60
59.296000 59.744000 60
59.744000 60.000000 64
60.064000 62.080000 62
62.784000 63.232000 66
63.232000 63.424000 69
63.904000 64.384000 67
64.480000 64.640000 66
64.864000 65.760000 67
66.272000 66.656000 67
66.752000 66.976000 69
67.392000 68.096000 67
68.288000 69.312000 64
69.824000 75.072000 71
75.264000 76.000000 67
76.128000 76.320000 67
76.800000 77.248000 67
77.344000 79.168000 67
79.232000 79.776000 67
79.808000 80.768000 67
80.864000 81.088000 69
81.120000 82.080000 68
82.368000 82.560000 67
84.032000 84.256000 67
84.256000 84.864000 71
84.960000 86.944000 71
87.104000 88.960000 71
89.088000 90.336000 67
90.784000 93.696000 64
94.304000 96.064000 65
96.320000 96.928000 63
96.928000 97.376000 60
97.408000 97.472000 60
99.712000 101.600000 59
101.664000 102.240000 58
102.240000 102.720000 55
103.104000 103.392000 55
103.488000 107.904000 55
108.128000 108.288000 55
108.320000 108.704000 55
109.408000 110.208000 59
110.240000 111.136000 55
112.928000 113.600000 59
113.600000 114.752000 55
114.976000 115.136000 57
115.744000 115.872000 60
119.904000 120.608000 59
120.608000 121.824000 55
122.112000 122.496000 55
123.424000 124.096000 59
124.096000 125.120000 55
125.888000 125.952000 57
126.944000 127.616000 59
127.616000 128.864000 55
129.568000 129.664000 55
130.432000 131.168000 59
131.200000 132.672000 55
135.200000 139.968000 67
139.968000 140.640000 62
140.736000 140.992000 62
141.536000 142.144000 67
142.208000 142.848000 67
142.880000 144.128000 67
144.128000 146.976000 66
149.056000 153.888000 67
153.888000 155.136000 62
156.960000 157.056000 65
157.184000 158.592000 67
158.688000 159.712000 67
160.192000 161.280000 69
161.280000 162.592000 71
162.720000 163.424000 63
163.424000 164.224000 60
164.928000 165.920000 71
166.240000 168.096000 67
168.096000 169.280000 72
169.536000 170.176000 67
171.136000 171.296000 61
191.968000 192.064000 66
193.024000 193.120000 66
194.016000 194.752000 67
194.944000 196.192000 67
196.384000 196.544000 67
196.640000 196.928000 67
196.928000 197.248000 69
197.312000 198.784000 67
198.976000 199.200000 64
199.584000 200.352000 67
200.512000 200.800000 71
200.896000 204.928000 71
205.056000 205.472000 67
205.632000 205.856000 67
206.528000 207.136000 67
207.264000 208.288000 67
208.288000 208.736000 71
208.928000 212.352000 67
212.512000 212.576000 64
212.704000 212.864000 67
213.120000 213.632000 67
213.760000 213.888000 71
213.952000 218.336000 71
218.400000 218.976000 67
219.072000 219.488000 67
219.872000 223.008000 64
223.456000 225.024000 65
225.344000 225.952000 63
225.952000 226.656000 60
228.544000 231.136000 59
231.232000 231.616000 55
231.904000 232.224000 55
232.320000 236.512000 55
236.896000 237.056000 55
238.240000 239.136000 59
239.136000 240.192000 55
240.480000 240.544000 55
241.728000 242.400000 59
242.400000 243.616000 55
248.608000 249.248000 59
249.248000 250.432000 55
250.816000 250.880000 55
252.064000 252.736000 59
252.736000 253.728000 55
255.488000 256.128000 59
256.128000 257.056000 56
257.408000 257.504000 58
261.184000 261.568000 60
261.728000 261.792000 60
262.336000 263.104000 72
263.136000 264.416000 67
265.696000 266.432000 71
266.432000 266.464000 69
266.464000 268.032000 66
269.056000 269.792000 72
269.792000 270.944000 67
271.200000 271.328000 64
271.584000 271.680000 64
274.496000 275.296000 72
275.456000 275.488000 69
275.552000 275.872000 71
276.032000 276.320000 71
276.384000 276.416000 69
276.448000 277.472000 67
278.944000 279.872000 72
280.000000 280.064000 68
280.064000 281.056000 71
281.056000 281.248000 67
282.272000 283.104000 71
283.104000 284.224000 67
284.416000 284.576000 67
284.576000 284.704000 71
284.832000 284.928000 72
285.984000 286.144000 71
286.272000 286.624000 72
287.616000 288.064000 72
288.128000 288.448000 72
288.448000 288.576000 69
288.704000 289.120000 71
289.248000 289.408000 72
289.600000 290.624000 67
290.976000 291.328000 67
291.392000 291.424000 68
291.488000 291.712000 68
292.064000 292.096000 67
292.128000 292.800000 71
292.960000 293.056000 72
293.248000 293.888000 71
293.888000 294.432000 68
295.104000 295.840000 59
295.968000 296.160000 59
296.512000 297.344000 67
297.696000 297.920000 60
298.528000 299.264000 60
299.616000 299.712000 60
300.096000 302.272000 60
302.336000 302.880000 62
303.104000 303.136000 63
303.168000 309.248000 72
309.696000 309.760000 64
310.976000 311.136000 60
311.488000 311.776000 64
312.256000 312.288000 60
312.384000 312.544000 60
312.640000 313.280000 60
313.376000 315.040000 60
315.136000 315.648000 62
315.808000 316.064000 62
316.128000 316.160000 62
316.448000 318.880000 67
318.976000 320.352000 71
320.352000 321.024000 68
321.952000 322.656000 71
322.944000 323.808000 67
324.032000 324.320000 60
324.352000 325.664000 60
325.760000 328.064000 60
328.224000 329.216000 69
330.944000 331.296000 68
331.712000 331.904000 67
332.384000 332.416000 71
332.448000 332.544000 71
332.576000 332.736000 71
333.248000 333.728000 67
333.952000 334.144000 64
334.560000 334.720000 64
334.944000 335.360000 63
335.552000 336.128000 64
