26.976000 27.040000 58
27.040000 27.360000 61
27.552000 28.160000 62
28.160000 28.512000 65
28.704000 28.928000 66
29.376000 30.784000 62
30.784000 30.944000 66
31.136000 31.264000 66
31.776000 32.096000 61
32.320000 32.928000 62
32.928000 33.440000 66
33.536000 33.760000 62
33.760000 34.336000 59
34.752000 35.104000 62
35.296000 35.648000 63
36.512000 37.952000 62
37.952000 38.464000 66
38.880000 39.232000 61
39.520000 40.384000 62
40.608000 40.832000 66
41.312000 42.560000 62
42.560000 42.848000 67
42.848000 43.168000 65
43.168000 43.840000 60
44.288000 45.024000 62
45.696000 46.240000 64
46.624000 47.200000 66
47.200000 47.712000 69
47.872000 48.000000 66
48.416000 48.768000 65
48.992000 49.568000 66
49.568000 50.080000 70
50.240000 50.464000 65
50.464000 50.656000 62
50.752000 51.232000 58
51.904000 52.096000 69
52.256000 52.448000 69
52.608000 54.272000 64
56.608000 56.768000 58
56.768000 57.472000 63
57.696000 57.824000 69
57.984000 58.528000 74
58.880000 59.040000 73
59.200000 59.552000 74
59.552000 59.776000 73
59.776000 59.936000 69
60.064000 60.192000 66
60.352000 60.896000 74
61.568000 61.984000 73
62.144000 62.368000 69
62.368000 62.816000 66
62.976000 64.032000 69
64.160000 64.704000 69
64.704000 64.928000 65
65.024000 65.344000 64
66.144000 66.208000 57
66.208000 66.880000 63
67.072000 67.200000 69
67.360000 67.968000 74
68.320000 68.480000 74
68.608000 68.960000 74
68.960000 69.152000 73
69.152000 69.312000 69
69.472000 69.568000 66
69.760000 70.496000 74
70.976000 71.488000 73
71.584000 71.872000 69
71.872000 72.288000 66
72.416000 72.896000 69
72.992000 74.048000 69
74.208000 74.976000 64
75.616000 75.680000 59
75.680000 76.288000 62
76.832000 77.120000 64
77.120000 77.312000 66
77.408000 77.856000 66
77.952000 78.528000 69
78.528000 78.656000 66
79.200000 79.968000 66
80.352000 80.800000 69
81.024000 81.120000 66
81.216000 81.440000 62
81.568000 81.824000 59
82.496000 82.688000 62
83.072000 83.328000 69
83.328000 84.832000 64
88.832000 89.056000 60
89.056000 90.304000 62
91.168000 92.704000 62
93.600000 93.792000 61
94.208000 94.592000 62
94.752000 94.816000 64
94.816000 94.976000 67
95.072000 95.232000 66
95.360000 95.584000 62
95.584000 96.128000 59
96.512000 97.248000 62
97.248000 97.920000 64
98.336000 98.400000 59
98.400000 99.872000 62
100.064000 100.256000 66
100.704000 101.792000 62
101.888000 102.208000 64
102.464000 102.592000 66
103.072000 104.320000 62
104.320000 104.704000 66
104.928000 105.056000 62
105.152000 105.408000 59
105.408000 105.632000 61
106.112000 106.848000 62
107.520000 108.064000 64
108.416000 109.088000 66
109.088000 109.504000 69
109.696000 109.728000 66
110.176000 110.688000 64
110.816000 111.360000 66
111.360000 111.840000 69
112.032000 112.288000 65
112.288000 112.480000 62
112.576000 112.896000 59
113.760000 113.952000 69
114.080000 114.304000 69
114.304000 114.912000 64
114.912000 115.456000 63
115.808000 115.872000 61
115.872000 116.768000 62
117.056000 117.216000 69
117.312000 117.856000 74
118.240000 118.432000 73
118.592000 118.944000 74
118.944000 119.168000 73
119.168000 119.296000 69
119.424000 119.584000 66
119.712000 120.320000 74
120.928000 121.344000 73
121.504000 121.760000 69
121.760000 122.144000 66
122.336000 123.424000 69
123.520000 124.064000 69
124.064000 124.288000 65
124.384000 124.928000 64
125.536000 125.600000 57
125.600000 125.632000 59
125.632000 126.304000 64
126.432000 126.592000 69
126.752000 127.328000 74
127.712000 127.872000 73
128.000000 128.352000 74
128.352000 128.544000 73
128.544000 128.704000 69
128.864000 129.024000 66
129.152000 129.888000 74
130.336000 130.848000 73
130.944000 131.232000 69
131.232000 131.648000 66
131.808000 133.472000 69
133.600000 134.528000 64
135.040000 135.648000 61
135.712000 135.840000 64
136.288000 137.312000 66
137.408000 137.696000 68
137.696000 137.920000 70
137.920000 138.240000 66
138.656000 139.456000 66
139.808000 140.288000 69
140.448000 140.608000 66
140.608000 140.896000 62
141.024000 141.824000 59
144.160000 144.576000 62
144.960000 145.248000 69
145.248000 146.464000 64
150.880000 151.072000 61
151.392000 152.128000 62
152.128000 152.352000 65
152.576000 152.672000 66
153.248000 154.720000 62
154.976000 155.200000 66
155.616000 156.000000 61
156.192000 156.768000 62
156.768000 157.280000 66
157.472000 157.664000 62
157.664000 158.144000 59
158.528000 159.456000 62
160.448000 160.704000 61
160.704000 161.632000 62
161.632000 162.400000 66
162.816000 163.232000 61
163.424000 163.936000 62
164.032000 164.096000 63
164.096000 164.448000 65
165.184000 165.664000 61
165.888000 166.240000 62
166.400000 166.880000 66
167.104000 167.232000 62
167.328000 167.616000 59
167.616000 168.640000 62
168.864000 169.344000 62
170.176000 171.264000 62
