18.880000 19.136000 57
19.136000 19.552000 59
19.552000 19.808000 62
19.968000 20.608000 59
20.704000 20.992000 62
21.120000 22.720000 64
22.720000 23.072000 59
23.168000 23.392000 62
23.392000 23.680000 64
24.416000 24.672000 59
24.672000 24.864000 62
25.024000 25.728000 64
25.920000 26.048000 59
26.208000 26.464000 62
26.592000 27.328000 64
27.552000 28.000000 59
28.192000 28.640000 57
28.640000 29.920000 62
31.616000 32.000000 57
32.000000 32.320000 59
33.216000 33.504000 59
33.600000 33.824000 62
33.984000 34.272000 64
34.400000 35.904000 64
37.152000 37.344000 59
37.344000 38.080000 62
38.368000 38.528000 66
38.528000 38.592000 64
38.592000 38.688000 62
38.688000 38.976000 59
38.976000 39.232000 62
39.360000 39.776000 64
39.904000 40.288000 65
40.288000 40.576000 59
40.768000 41.056000 57
41.152000 41.472000 57
41.696000 43.200000 62
45.216000 45.280000 61
45.312000 45.664000 62
45.664000 46.304000 64
46.944000 47.136000 65
47.136000 47.264000 64
47.264000 47.648000 62
47.648000 48.160000 65
48.352000 49.056000 63
49.152000 49.536000 59
49.536000 49.792000 62
50.048000 50.368000 66
50.784000 51.680000 64
51.808000 53.024000 63
53.216000 53.504000 64
53.504000 53.760000 62
53.984000 54.400000 64
54.752000 55.200000 59
55.200000 56.096000 62
56.096000 56.352000 58
56.544000 56.704000 59
57.280000 57.792000 58
58.016000 58.208000 61
58.208000 58.400000 56
58.400000 59.104000 58
59.200000 59.328000 62
59.520000 61.184000 64
61.184000 61.568000 60
61.568000 62.176000 64
63.424000 64.384000 64
64.384000 64.864000 62
65.024000 65.888000 64
66.048000 66.400000 59
66.976000 67.904000 62
68.000000 69.088000 62
69.920000 70.720000 69
70.816000 71.072000 69
71.072000 71.776000 66
71.968000 72.640000 69
72.768000 73.088000 71
73.088000 74.784000 64
75.168000 75.552000 62
75.552000 76.576000 64
76.576000 78.208000 69
78.400000 78.624000 71
79.200000 80.640000 64
80.672000 81.152000 62
81.376000 81.568000 62
82.720000 82.912000 67
82.912000 83.808000 69
83.808000 84.576000 66
84.768000 85.920000 69
86.016000 86.624000 64
86.912000 87.584000 63
88.096000 89.184000 62
89.184000 91.200000 69
91.584000 92.256000 66
92.384000 93.504000 64
93.504000 94.368000 62
94.464000 94.592000 62
95.904000 96.640000 59
96.768000 97.344000 59
97.536000 97.824000 62
97.984000 98.272000 64
98.368000 98.432000 65
98.432000 98.688000 66
98.688000 99.520000 64
99.520000 100.064000 60
100.064000 100.576000 64
101.184000 101.408000 59
101.408000 101.664000 62
101.792000 102.240000 64
102.336000 102.560000 66
103.040000 104.224000 64
104.416000 104.512000 59
104.768000 105.120000 57
105.472000 106.528000 62
108.480000 108.640000 57
108.800000 109.088000 59
109.216000 109.440000 62
109.600000 110.112000 59
110.336000 110.688000 62
110.688000 112.544000 64
112.768000 113.440000 64
113.952000 114.208000 59
114.208000 114.944000 63
115.200000 115.488000 66
115.808000 116.000000 62
116.192000 116.448000 64
116.768000 117.088000 65
117.088000 117.152000 62
117.184000 117.664000 59
117.856000 118.272000 57
118.272000 119.712000 62
122.016000 122.176000 75
122.688000 123.552000 71
123.552000 123.968000 74
125.024000 125.152000 71
125.152000 125.344000 74
125.344000 125.760000 71
125.888000 126.752000 71
126.752000 126.976000 75
126.976000 127.200000 69
127.968000 128.160000 60
128.352000 128.576000 56
129.568000 129.952000 59
129.952000 130.624000 62
131.584000 131.776000 75
132.768000 133.376000 74
133.792000 133.952000 76
136.192000 136.576000 74
136.864000 136.928000 70
137.952000 138.208000 75
138.432000 138.560000 71
138.688000 139.456000 71
139.552000 139.776000 75
140.160000 140.352000 69
141.152000 141.440000 75
142.016000 142.144000 73
142.400000 142.592000 76
142.752000 143.008000 75
143.360000 143.584000 69
143.936000 144.064000 71
144.384000 144.608000 75
145.952000 146.176000 75
146.720000 146.880000 67
147.552000 148.128000 62
148.128000 148.608000 64
148.768000 149.184000 64
149.504000 150.560000 64
150.816000 151.456000 64
151.616000 151.904000 59
151.904000 152.352000 62
152.480000 152.736000 66
153.120000 153.920000 64
154.208000 154.784000 62
154.784000 155.424000 64
155.616000 155.904000 64
155.904000 156.160000 62
156.384000 156.448000 62
156.448000 156.768000 65
157.152000 157.536000 59
157.536000 158.240000 62
158.880000 159.104000 59
159.648000 160.192000 58
160.384000 160.512000 62
160.512000 160.736000 58
160.960000 161.120000 57
161.120000 161.568000 59
161.568000 161.824000 62
161.952000 163.584000 64
163.584000 163.936000 59
163.936000 164.576000 64
165.152000 165.248000 60
165.792000 166.816000 64
166.944000 167.200000 62
167.392000 168.160000 64
168.384000 169.152000 58
169.344000 169.632000 57
169.632000 171.456000 62
172.352000 172.576000 67
172.576000 173.568000 69
173.568000 174.208000 66
174.368000 175.072000 69
175.168000 175.488000 71
175.584000 176.224000 64
176.384000 177.184000 63
177.632000 177.984000 62
177.984000 179.072000 64
179.072000 180.640000 69
180.800000 181.056000 71
181.568000 183.520000 63
183.648000 183.968000 62
185.120000 185.312000 67
185.312000 186.240000 69
186.240000 186.688000 66
186.784000 187.008000 69
187.168000 188.320000 69
188.448000 189.088000 64
189.312000 189.472000 62
189.568000 190.016000 64
190.336000 191.584000 62
191.584000 193.568000 69
194.016000 194.688000 66
194.784000 196.160000 64
196.416000 197.152000 62
197.920000 197.984000 66
197.984000 198.080000 67
198.080000 199.136000 69
199.136000 199.808000 66
200.000000 200.672000 69
200.800000 201.120000 71
201.216000 201.888000 64
202.016000 202.816000 63
203.200000 203.584000 62
203.584000 204.640000 64
204.640000 206.240000 69
206.432000 206.528000 70
207.200000 207.296000 61
207.296000 209.152000 63
209.248000 209.568000 62
210.752000 210.944000 67
210.944000 211.840000 69
211.840000 212.288000 66
212.384000 212.672000 69
212.800000 213.952000 69
214.048000 214.720000 64
214.848000 215.104000 62
215.200000 215.680000 64
216.000000 216.544000 62
216.544000 217.216000 63
217.216000 219.072000 69
219.584000 220.288000 66
220.416000 221.248000 64
221.600000 222.688000 62
223.936000 224.576000 74
224.736000 224.960000 74
224.960000 225.568000 71
225.568000 226.176000 74
226.336000 226.752000 74
227.136000 227.776000 74
227.968000 228.160000 74
228.288000 228.576000 69
228.672000 230.176000 74
230.304000 230.976000 74
231.136000 231.360000 74
231.456000 232.000000 71
232.000000 232.576000 74
232.960000 233.152000 74
233.472000 234.176000 74
234.304000 234.560000 74
234.656000 234.784000 71
234.848000 234.976000 69
234.976000 235.776000 74
235.936000 236.448000 74
237.280000 237.664000 68
237.760000 238.112000 66
238.464000 238.976000 69
238.976000 239.168000 65
239.232000 239.456000 70
239.680000 240.000000 64
240.448000 240.896000 62
240.896000 241.184000 64
241.760000 241.984000 67
242.144000 242.368000 64
242.400000 242.784000 62
242.784000 243.232000 65
243.584000 243.840000 69
244.256000 244.992000 57
245.568000 245.664000 68
245.824000 245.856000 66
245.888000 246.208000 64
246.304000 246.624000 62
247.200000 247.872000 62
248.160000 248.320000 57
248.480000 248.704000 59
249.184000 249.312000 67
249.312000 250.304000 69
250.304000 250.688000 66
250.784000 251.040000 69
251.200000 252.320000 69
252.448000 253.088000 64
253.248000 254.016000 63
254.400000 255.552000 62
255.552000 257.344000 69
257.920000 258.656000 66
258.752000 258.976000 65
258.976000 261.152000 63
261.920000 261.984000 66
261.984000 262.112000 68
262.112000 263.104000 69
263.104000 264.672000 67
264.800000 265.120000 71
265.216000 265.920000 64
266.016000 266.784000 63
267.200000 267.616000 62
267.616000 268.704000 64
268.704000 270.240000 69
270.400000 270.624000 71
271.232000 272.320000 64
272.416000 272.992000 62
273.440000 273.536000 62
274.720000 274.784000 66
274.784000 274.880000 67
274.880000 275.872000 69
275.872000 276.256000 66
276.384000 276.608000 69
276.768000 277.952000 69
278.048000 278.688000 64
279.008000 279.552000 63
280.032000 281.088000 62
281.184000 282.752000 69
283.552000 284.224000 66
284.384000 285.472000 64
285.472000 287.104000 62
287.488000 288.288000 69
288.384000 288.672000 69
288.672000 289.344000 66
289.568000 290.208000 69
290.368000 290.688000 70
290.816000 291.200000 64
291.296000 291.392000 64
291.680000 291.776000 62
291.872000 292.384000 64
