35.776000 36.448000 53
36.448000 37.344000 56
38.528000 39.424000 54
39.584000 39.744000 53
39.904000 40.416000 52
40.768000 41.376000 51
42.368000 42.752000 49
43.040000 43.648000 50
44.736000 45.024000 49
45.024000 46.464000 52
48.384000 48.544000 53
48.704000 49.088000 53
49.088000 50.016000 56
51.104000 51.360000 61
51.456000 53.024000 60
53.280000 54.176000 59
55.168000 55.872000 56
56.224000 57.696000 51
57.760000 58.336000 49
59.840000 60.256000 51
60.352000 60.960000 53
61.728000 62.016000 51
62.112000 63.872000 52
64.000000 65.024000 49
66.848000 68.704000 56
68.800000 69.088000 60
69.216000 69.600000 58
69.600000 70.752000 63
71.136000 71.456000 64
71.552000 72.224000 61
72.384000 72.640000 60
72.768000 73.984000 61
74.336000 74.592000 61
74.816000 76.128000 61
76.224000 77.152000 65
77.408000 78.080000 63
78.080000 78.176000 61
78.304000 78.560000 61
78.656000 80.000000 61
80.192000 81.248000 60
81.504000 81.824000 55
82.016000 82.112000 53
82.272000 82.560000 54
82.656000 83.104000 54
83.456000 84.800000 53
85.408000 86.720000 57
87.104000 87.616000 57
87.776000 88.096000 65
88.192000 88.512000 64
88.640000 88.800000 63
88.896000 90.464000 61
91.552000 91.712000 60
91.712000 92.032000 64
92.128000 92.192000 64
92.192000 92.416000 67
92.416000 92.896000 64
92.896000 93.344000 62
93.696000 93.760000 67
93.760000 94.016000 69
94.112000 94.560000 64
94.560000 94.848000 61
94.944000 96.064000 63
96.448000 96.768000 64
96.864000 97.536000 61
97.632000 97.952000 62
98.080000 99.264000 61
99.616000 99.840000 61
100.000000 101.472000 61
101.568000 102.400000 65
102.752000 103.040000 64
103.168000 103.808000 61
104.000000 105.184000 61
105.536000 105.792000 60
105.920000 106.432000 59
106.432000 107.072000 56
107.520000 108.096000 54
108.192000 108.416000 54
108.544000 110.208000 56
110.656000 111.872000 56
112.224000 112.832000 57
112.832000 112.928000 58
112.928000 113.312000 65
113.440000 113.984000 64
114.144000 115.616000 61
116.800000 117.088000 62
117.184000 117.408000 65
117.408000 117.760000 67
117.760000 117.920000 64
118.016000 118.304000 63
118.400000 118.624000 61
118.976000 119.296000 70
119.296000 119.648000 65
119.744000 119.872000 64
119.872000 120.416000 61
120.576000 121.984000 64
122.624000 123.360000 61
123.552000 126.336000 61
127.968000 128.064000 61
132.480000 132.608000 62
134.112000 135.232000 61
135.360000 135.488000 59
136.864000 137.472000 53
137.472000 138.272000 55
139.584000 140.768000 54
140.896000 141.184000 52
141.184000 141.952000 53
141.952000 142.528000 50
143.360000 143.776000 49
144.096000 144.736000 50
145.792000 146.048000 49
146.048000 148.000000 52
149.344000 149.568000 52
149.728000 150.112000 53
150.112000 151.008000 56
152.160000 152.384000 61
152.480000 152.832000 60
152.928000 153.504000 60
153.600000 154.912000 60
154.912000 155.328000 58
156.064000 156.832000 56
157.248000 158.592000 51
158.688000 159.392000 49
160.864000 160.992000 49
160.992000 162.240000 52
162.784000 163.104000 52
163.232000 163.456000 53
163.552000 164.288000 54
164.448000 164.960000 53
165.056000 165.888000 49
165.888000 166.496000 52
167.936000 168.608000 56
168.768000 169.856000 57
169.856000 170.112000 61
170.624000 171.840000 63
172.192000 172.736000 63
172.736000 173.248000 61
173.376000 173.696000 60
173.856000 174.848000 61
175.392000 175.680000 61
175.776000 177.152000 61
177.248000 178.304000 65
178.496000 179.104000 63
179.104000 179.584000 61
179.712000 180.800000 61
181.248000 182.208000 60
182.464000 182.656000 56
182.656000 182.816000 54
182.912000 183.136000 52
183.264000 183.584000 54
183.680000 184.320000 54
184.448000 185.888000 53
186.432000 187.648000 56
188.032000 188.640000 57
188.800000 189.120000 66
189.216000 189.536000 64
189.664000 189.792000 63
189.888000 191.424000 61
192.576000 192.768000 61
192.768000 193.056000 64
193.152000 193.216000 65
193.216000 193.472000 68
193.472000 193.920000 65
193.920000 194.304000 62
194.528000 194.720000 66
194.720000 195.040000 70
195.136000 195.488000 65
195.488000 195.840000 62
195.936000 197.216000 63
197.440000 197.728000 64
197.856000 198.976000 62
199.136000 200.352000 61
200.672000 200.896000 61
201.056000 202.144000 61
202.240000 202.496000 61
202.592000 203.616000 65
203.808000 204.096000 64
204.224000 204.864000 62
205.024000 206.208000 61
206.592000 206.848000 61
206.944000 207.488000 59
207.488000 208.032000 56
208.192000 208.384000 52
208.576000 209.120000 54
209.216000 211.264000 56
211.680000 212.896000 56
213.248000 213.952000 57
213.952000 214.336000 65
214.464000 215.008000 64
215.136000 215.264000 64
215.264000 216.672000 61
216.960000 217.088000 60
217.856000 217.920000 61
217.920000 218.368000 63
218.464000 218.784000 68
218.912000 219.360000 64
219.456000 219.616000 61
219.840000 219.936000 67
220.064000 220.384000 69
220.384000 220.736000 65
220.832000 221.408000 62
221.568000 223.264000 64
223.648000 224.448000 61
224.608000 227.712000 61
228.320000 229.696000 63
229.696000 230.848000 61
248.000000 248.288000 64
248.416000 249.120000 61
249.280000 249.472000 61
249.664000 250.720000 61
251.200000 251.424000 61
251.616000 252.992000 61
253.120000 253.856000 65
254.240000 254.784000 64
254.784000 255.360000 61
255.488000 256.672000 61
257.216000 258.144000 60
258.272000 258.656000 55
258.752000 258.976000 52
259.104000 259.392000 54
259.488000 259.680000 54
259.680000 260.160000 57
260.256000 261.856000 56
262.336000 263.360000 56
263.840000 264.416000 57
264.640000 264.896000 66
264.992000 265.344000 65
265.472000 265.664000 63
265.792000 265.888000 64
265.888000 266.016000 63
266.016000 267.008000 61
267.008000 267.616000 65
268.352000 268.512000 61
268.512000 268.832000 64
268.928000 268.992000 64
268.992000 269.248000 68
269.248000 269.824000 64
269.824000 270.176000 62
270.528000 270.848000 70
270.944000 271.392000 65
271.392000 271.648000 62
271.744000 271.968000 62
271.968000 273.280000 65
273.376000 273.696000 64
273.696000 274.336000 61
274.688000 274.976000 62
275.104000 276.128000 61
276.480000 276.704000 61
276.864000 278.240000 61
278.368000 279.232000 65
279.616000 279.840000 64
279.968000 280.640000 61
280.800000 281.952000 61
282.368000 282.560000 61
282.752000 283.776000 61
283.904000 284.192000 63
284.320000 284.864000 61
284.960000 287.072000 68
287.488000 288.768000 56
289.024000 289.728000 57
289.824000 290.144000 57
290.304000 290.848000 64
291.008000 291.136000 65
291.136000 291.360000 63
291.360000 292.256000 61
292.256000 293.056000 65
293.632000 294.272000 63
294.272000 294.496000 68
294.496000 294.752000 65
294.848000 295.168000 63
295.168000 295.456000 61
295.616000 295.712000 67
295.808000 296.128000 69
296.128000 296.480000 65
296.576000 297.152000 61
297.376000 299.040000 64
299.456000 300.224000 61
300.416000 303.392000 61
308.768000 309.184000 60
309.440000 311.520000 61
324.320000 324.416000 64
325.824000 325.920000 64
328.384000 328.672000 64
329.568000 329.760000 65
331.328000 331.424000 66
333.120000 333.280000 62
335.392000 335.488000 61
336.480000 336.608000 61
340.864000 340.992000 61
341.248000 341.824000 59
341.952000 342.176000 58
342.336000 342.432000 58
343.040000 343.296000 59
346.528000 346.624000 59
347.360000 347.616000 59
348.064000 348.352000 58
349.408000 349.504000 63
349.664000 349.888000 65
350.048000 350.208000 65
350.528000 350.624000 65
352.352000 352.512000 61
352.704000 352.832000 61
353.120000 353.376000 61
353.536000 353.632000 62
354.528000 354.656000 62
354.816000 354.912000 62
355.264000 355.360000 62
358.624000 358.720000 64
