5.344000 5.472000 46
5.888000 6.240000 47
7.040000 7.168000 48
7.584000 7.680000 51
7.776000 7.872000 52
8.064000 8.096000 52
8.544000 8.896000 53
10.816000 11.328000 49
11.616000 11.712000 48
12.416000 12.544000 49
12.544000 12.640000 47
13.440000 13.632000 47
19.584000 19.680000 46
20.832000 20.928000 47
21.440000 21.664000 46
22.048000 22.176000 46
22.528000 22.688000 48
22.880000 23.008000 49
24.192000 24.288000 46
27.456000 27.552000 56
30.208000 30.400000 56
30.400000 31.360000 59
31.712000 32.000000 58
32.000000 32.736000 61
32.928000 33.120000 56
33.280000 33.792000 56
33.952000 34.592000 65
34.720000 35.808000 63
36.192000 36.480000 60
36.576000 36.832000 63
36.928000 37.280000 65
37.664000 37.792000 64
37.792000 38.656000 67
38.784000 39.040000 63
39.232000 39.488000 60
39.584000 39.808000 56
39.808000 40.544000 61
40.672000 40.960000 59
41.056000 41.312000 57
41.440000 41.824000 58
42.240000 42.528000 56
42.528000 44.000000 58
44.000000 44.736000 61
44.864000 45.088000 56
45.600000 45.664000 66
45.664000 47.136000 67
47.136000 48.064000 65
48.544000 49.312000 60
49.632000 49.856000 61
49.984000 50.336000 64
50.464000 50.656000 63
50.848000 51.104000 60
51.104000 51.392000 58
51.552000 51.680000 58
51.936000 52.640000 56
53.056000 53.184000 62
53.472000 54.016000 60
54.144000 54.240000 66
54.336000 56.576000 70
56.832000 57.184000 68
57.184000 59.744000 67
59.744000 60.512000 65
61.152000 62.432000 58
62.432000 65.376000 60
65.568000 66.016000 56
66.912000 67.168000 51
67.296000 67.584000 51
67.680000 67.968000 51
68.064000 68.576000 55
68.672000 68.864000 56
69.152000 69.312000 51
69.664000 69.920000 49
69.920000 71.040000 51
71.040000 71.360000 55
71.456000 71.872000 56
72.064000 72.288000 55
72.800000 73.504000 53
73.696000 73.984000 53
73.984000 74.304000 56
74.432000 74.624000 58
74.752000 74.848000 58
75.072000 75.264000 56
75.264000 75.488000 53
75.648000 75.776000 49
75.936000 76.256000 49
76.928000 77.344000 56
77.472000 78.176000 57
79.008000 79.872000 51
80.032000 80.832000 55
81.120000 81.312000 51
81.952000 82.816000 51
83.072000 83.552000 56
83.680000 83.904000 56
84.064000 84.448000 59
84.992000 86.176000 53
86.432000 86.784000 58
87.040000 87.200000 51
87.392000 88.224000 49
88.384000 88.544000 50
88.864000 88.928000 57
88.928000 89.312000 60
89.472000 89.920000 58
90.176000 90.496000 53
90.560000 90.624000 55
90.656000 91.168000 56
91.232000 91.872000 56
92.064000 92.160000 55
92.288000 92.704000 56
92.832000 92.896000 59
93.088000 93.152000 59
93.376000 94.560000 55
94.592000 95.040000 55
95.264000 95.712000 55
96.000000 96.224000 58
96.416000 96.704000 51
96.704000 97.568000 49
97.632000 97.888000 49
98.400000 98.624000 51
98.880000 98.944000 56
99.072000 99.488000 56
99.808000 100.192000 52
100.320000 100.704000 56
100.992000 101.280000 65
101.472000 101.952000 63
101.952000 103.744000 58
103.808000 104.064000 58
104.064000 104.672000 61
104.832000 105.760000 56
105.952000 106.496000 65
106.688000 107.808000 63
108.160000 108.416000 60
108.608000 108.896000 63
108.928000 109.280000 65
109.824000 110.080000 66
110.240000 110.688000 67
110.688000 111.008000 63
111.200000 111.456000 60
111.552000 111.680000 55
111.680000 111.776000 56
111.776000 112.512000 61
112.736000 112.960000 60
113.056000 113.344000 56
113.408000 113.824000 58
114.176000 114.464000 56
114.464000 116.096000 58
116.096000 116.704000 62
116.864000 117.024000 56
117.184000 117.376000 55
117.920000 118.656000 67
118.816000 120.064000 65
120.512000 120.896000 59
121.024000 121.280000 61
121.440000 121.856000 61
121.984000 122.336000 65
122.432000 122.656000 63
122.880000 123.232000 60
123.328000 123.456000 58
123.584000 123.744000 60
123.936000 124.608000 56
125.472000 126.048000 60
126.560000 126.848000 56
127.072000 127.520000 53
127.776000 127.936000 53
127.936000 127.968000 50
128.192000 128.416000 47
128.992000 129.216000 47
131.360000 131.584000 46
133.472000 133.600000 48
138.528000 138.688000 48
138.784000 139.904000 51
140.032000 140.576000 56
140.704000 140.896000 56
141.056000 141.312000 52
142.016000 142.592000 51
142.720000 142.912000 52
143.072000 144.160000 56
144.896000 145.856000 53
146.016000 146.240000 57
146.400000 146.848000 59
147.008000 147.232000 55
147.584000 147.808000 49
147.968000 148.384000 49
148.896000 149.600000 56
149.600000 150.112000 58
150.944000 151.456000 51
151.616000 151.904000 51
152.032000 152.608000 55
152.736000 152.896000 56
153.952000 154.880000 51
155.104000 155.552000 56
155.712000 155.904000 56
156.032000 156.384000 59
156.928000 157.952000 53
157.952000 158.560000 57
158.688000 158.848000 60
159.008000 159.200000 63
159.488000 159.808000 64
159.904000 160.480000 64
160.480000 161.632000 65
161.632000 162.016000 63
162.240000 162.784000 55
162.912000 163.584000 56
163.680000 164.128000 56
164.352000 164.800000 56
165.056000 165.184000 60
165.440000 165.760000 56
165.984000 166.144000 55
166.240000 166.560000 55
166.688000 167.136000 55
167.264000 167.712000 55
168.032000 168.160000 58
168.544000 168.896000 51
169.632000 169.792000 49
170.336000 170.496000 55
170.784000 170.976000 57
171.072000 171.456000 56
171.808000 172.416000 53
172.928000 175.072000 63
175.648000 175.968000 56
175.968000 177.568000 58
177.568000 178.208000 61
178.336000 178.560000 56
178.688000 178.944000 55
179.040000 179.264000 56
179.424000 180.064000 65
180.192000 181.344000 63
181.632000 181.888000 60
182.048000 182.336000 63
182.464000 182.784000 65
183.168000 183.520000 65
183.520000 184.224000 67
184.352000 184.544000 63
184.736000 184.928000 60
185.088000 185.440000 56
185.440000 185.984000 61
186.176000 186.272000 60
186.592000 186.848000 56
186.912000 187.328000 58
187.648000 188.064000 56
188.064000 189.472000 58
189.472000 190.208000 61
190.432000 190.528000 57
191.200000 192.256000 67
192.320000 192.544000 67
192.672000 192.800000 65
192.896000 193.504000 65
194.176000 194.816000 60
195.136000 195.392000 61
195.552000 195.872000 65
195.968000 196.160000 63
196.416000 196.704000 60
196.736000 196.960000 58
197.056000 197.280000 60
197.472000 198.112000 56
198.464000 198.752000 64
198.944000 199.648000 63
199.936000 200.096000 56
200.160000 200.224000 57
200.224000 200.832000 58
200.832000 201.440000 57
201.568000 202.112000 56
202.336000 202.816000 56
203.008000 203.232000 56
203.360000 203.648000 59
203.776000 203.968000 56
204.192000 204.384000 63
204.640000 205.056000 56
205.312000 205.824000 63
206.240000 206.272000 67
206.464000 206.688000 65
206.784000 206.976000 63
207.008000 207.328000 63
207.904000 208.736000 64
209.440000 209.696000 65
210.016000 210.240000 65
210.528000 210.656000 68
210.656000 210.688000 67
210.688000 211.744000 64
211.840000 212.128000 67
212.416000 214.400000 65
214.880000 215.008000 54
216.576000 216.672000 46
220.320000 220.480000 50
220.608000 220.768000 49
222.368000 222.464000 46
223.648000 223.776000 46
224.800000 224.928000 46
229.696000 229.920000 50
230.080000 230.336000 53
230.368000 230.752000 54
231.136000 231.392000 67
231.584000 231.744000 69
231.904000 232.256000 70
232.256000 232.320000 65
232.448000 232.576000 65
232.576000 232.896000 62
232.896000 233.344000 58
233.344000 233.984000 63
234.112000 234.432000 64
234.432000 234.720000 59
234.912000 235.296000 60
235.680000 235.936000 58
236.032000 237.440000 60
237.536000 237.792000 62
237.920000 238.208000 65
238.304000 238.592000 58
238.720000 238.944000 57
239.104000 239.360000 58
239.488000 240.672000 57
240.864000 241.536000 67
241.824000 242.016000 59
242.016000 242.784000 62
243.136000 243.424000 63
243.520000 243.744000 66
243.904000 244.160000 65
244.256000 244.640000 62
244.672000 244.896000 60
244.960000 245.280000 61
245.408000 246.144000 58
246.592000 246.816000 53
246.880000 246.944000 56
246.944000 247.360000 63
247.392000 247.552000 62
247.648000 247.904000 60
248.064000 248.352000 58
248.448000 248.736000 62
248.832000 251.296000 58
251.392000 251.584000 62
251.776000 252.032000 58
252.160000 252.352000 65
252.544000 253.376000 58
253.536000 253.696000 59
254.016000 254.336000 58
254.496000 254.880000 66
254.976000 255.200000 65
255.264000 255.424000 67
255.872000 256.672000 65
257.088000 257.280000 55
257.600000 257.696000 55
258.464000 258.496000 59
258.528000 258.592000 60
261.312000 261.408000 61
262.176000 262.336000 54
262.336000 262.720000 49
263.296000 263.424000 52
264.640000 264.768000 60
264.992000 265.056000 60
267.616000 267.840000 62
269.440000 269.536000 65
269.536000 270.656000 67
270.656000 271.360000 65
271.584000 275.744000 58
