21.152000 21.440000 52
21.760000 22.368000 53
22.496000 22.976000 54
23.456000 23.616000 50
23.808000 24.192000 50
24.192000 24.512000 52
28.704000 28.800000 52
28.928000 29.120000 53
29.376000 29.952000 45
29.952000 31.040000 50
33.024000 34.272000 52
34.400000 34.688000 50
34.784000 35.008000 52
35.136000 35.232000 54
35.488000 35.584000 56
38.176000 39.488000 53
39.840000 39.968000 52
40.192000 40.544000 53
40.864000 41.024000 53
41.536000 42.752000 54
43.008000 43.648000 47
43.648000 44.128000 49
44.352000 44.928000 52
44.928000 45.856000 54
45.856000 46.176000 52
46.368000 46.976000 52
47.584000 47.936000 54
49.632000 49.984000 47
50.112000 50.656000 45
50.752000 50.944000 47
51.136000 51.584000 50
51.776000 52.256000 52
52.448000 53.760000 52
53.824000 54.400000 47
54.944000 55.072000 47
55.072000 55.424000 49
55.840000 56.128000 50
56.256000 56.384000 48
56.544000 56.992000 50
57.632000 59.488000 54
63.488000 64.480000 54
64.800000 65.216000 47
65.728000 65.952000 47
66.336000 66.592000 47
66.816000 66.976000 47
67.136000 67.872000 50
67.936000 68.288000 50
68.448000 68.640000 50
68.800000 70.144000 54
72.640000 72.864000 51
73.248000 73.312000 50
73.984000 74.112000 56
74.336000 75.072000 54
75.296000 76.768000 54
77.664000 78.112000 57
78.336000 78.880000 57
79.392000 81.920000 57
84.864000 85.120000 54
96.480000 96.704000 45
97.184000 97.312000 54
97.472000 97.760000 51
97.920000 98.656000 50
99.232000 99.520000 48
99.680000 99.776000 49
99.904000 100.640000 52
100.768000 101.376000 50
101.568000 102.048000 47
102.976000 103.456000 57
105.056000 105.248000 54
105.248000 105.504000 50
105.632000 106.240000 50
106.336000 106.688000 52
106.688000 107.008000 54
107.360000 107.680000 57
108.000000 108.128000 54
108.352000 108.640000 50
108.896000 109.088000 52
109.376000 109.920000 54
111.104000 111.488000 50
112.832000 113.088000 57
113.472000 113.632000 54
113.824000 114.112000 50
114.400000 114.528000 52
114.816000 115.808000 54
116.576000 116.960000 50
117.120000 117.408000 54
118.048000 119.136000 54
119.392000 119.968000 47
119.968000 120.448000 49
120.672000 121.696000 53
121.696000 121.824000 57
121.824000 122.528000 53
122.720000 123.520000 52
123.840000 124.352000 53
126.048000 126.144000 46
126.464000 126.976000 45
127.104000 127.296000 47
127.456000 127.968000 50
128.160000 128.608000 52
128.800000 129.024000 54
129.024000 129.472000 52
130.208000 130.752000 47
131.232000 131.712000 50
131.904000 132.064000 48
132.256000 132.480000 50
132.480000 132.800000 48
132.896000 133.376000 50
133.568000 133.696000 52
134.016000 135.680000 54
139.936000 140.736000 54
141.056000 141.728000 47
142.080000 142.208000 47
142.624000 142.944000 47
143.456000 143.808000 50
143.904000 144.640000 50
144.832000 144.928000 50
145.152000 146.528000 54
148.672000 148.800000 52
149.664000 149.696000 57
150.336000 150.432000 57
150.688000 151.456000 54
151.680000 153.472000 54
154.016000 155.360000 57
155.776000 158.848000 57
161.664000 162.816000 54
163.360000 163.520000 50
163.904000 164.160000 51
164.288000 165.024000 53
165.024000 165.760000 55
165.760000 166.208000 53
166.336000 167.136000 52
167.392000 167.904000 53
170.176000 170.688000 45
170.848000 171.008000 47
171.168000 171.552000 50
171.840000 172.288000 52
172.480000 173.504000 53
173.920000 174.624000 47
174.880000 175.424000 49
175.904000 176.192000 50
176.608000 177.056000 49
177.664000 179.168000 54
183.360000 184.640000 66
184.768000 185.952000 59
186.144000 187.008000 64
187.104000 187.360000 57
187.488000 188.000000 65
188.160000 188.864000 64
189.056000 189.312000 64
189.312000 189.664000 66
189.920000 190.816000 57
191.200000 191.328000 59
191.328000 191.520000 57
191.904000 192.768000 57
192.896000 193.408000 62
193.568000 194.048000 64
194.336000 194.592000 66
194.592000 195.392000 64
195.392000 196.288000 59
196.704000 197.216000 62
197.344000 197.568000 59
197.664000 197.952000 62
197.952000 198.528000 60
198.528000 199.200000 61
199.488000 202.432000 66
205.088000 205.184000 66
205.312000 206.240000 66
206.304000 207.936000 66
208.128000 208.352000 65
208.352000 208.384000 59
208.608000 208.768000 59
208.928000 210.176000 62
210.624000 211.584000 66
211.584000 212.000000 64
212.000000 213.184000 57
213.696000 213.920000 57
214.048000 214.272000 57
214.464000 214.688000 57
214.688000 215.072000 54
215.072000 215.264000 57
215.808000 215.968000 58
216.128000 216.960000 66
217.184000 217.312000 62
217.440000 219.456000 66
220.192000 220.608000 54
220.832000 221.312000 54
221.504000 221.984000 54
221.984000 223.872000 57
223.872000 227.776000 61
