21.184000 21.280000 59
26.432000 26.816000 61
26.944000 27.104000 59
27.776000 28.032000 59
28.032000 28.320000 61
28.416000 28.864000 59
29.312000 29.920000 59
30.464000 30.816000 61
30.976000 31.168000 59
31.776000 32.064000 59
32.064000 32.352000 61
32.448000 32.928000 59
33.248000 33.312000 61
33.312000 33.760000 63
33.760000 33.952000 61
34.464000 34.848000 61
34.976000 35.232000 59
35.840000 36.960000 59
37.280000 38.080000 59
39.488000 39.680000 59
42.528000 42.944000 61
43.072000 43.296000 59
44.064000 45.024000 60
45.280000 46.048000 59
46.560000 47.328000 60
48.096000 48.512000 61
48.608000 49.056000 59
49.344000 49.536000 62
49.536000 49.792000 64
49.792000 50.048000 61
50.624000 51.008000 61
51.104000 51.392000 60
52.096000 52.544000 61
52.640000 53.120000 60
53.440000 53.792000 59
53.888000 54.016000 59
55.488000 55.840000 59
58.176000 58.304000 64
58.304000 58.496000 66
58.496000 58.720000 62
58.912000 59.488000 62
59.488000 60.512000 59
61.088000 61.184000 59
61.792000 61.920000 59
61.920000 62.240000 61
62.240000 62.592000 65
62.592000 62.816000 61
62.944000 63.264000 64
63.488000 63.616000 59
64.448000 64.576000 59
65.792000 66.432000 61
66.432000 66.656000 65
66.656000 66.848000 61
67.008000 67.360000 64
67.360000 67.616000 61
67.776000 68.544000 59
69.152000 69.536000 59
69.696000 70.208000 59
71.744000 72.128000 59
74.336000 74.976000 71
75.008000 75.968000 71
76.096000 76.160000 71
76.288000 76.960000 71
77.056000 78.112000 71
78.112000 78.336000 67
78.336000 78.848000 71
79.104000 79.264000 71
79.488000 80.064000 71
80.320000 80.960000 71
81.120000 81.376000 71
81.472000 82.144000 71
82.144000 82.368000 66
82.368000 83.008000 71
83.136000 83.424000 71
83.520000 84.224000 71
84.384000 85.024000 71
85.152000 86.336000 71
86.400000 86.560000 71
86.784000 87.008000 71
87.168000 88.320000 71
88.384000 88.576000 71
88.736000 88.800000 72
88.832000 88.928000 71
88.960000 90.112000 71
90.432000 90.496000 67
90.496000 90.944000 71
91.040000 91.488000 71
91.584000 94.368000 71
94.496000 96.192000 71
96.416000 96.480000 66
96.480000 101.056000 71
101.152000 101.504000 71
101.696000 102.784000 71
102.880000 103.552000 71
103.648000 104.352000 71
104.352000 104.576000 66
104.576000 104.736000 71
104.896000 105.120000 71
105.312000 106.368000 71
106.368000 106.592000 66
106.592000 108.384000 71
108.384000 108.576000 66
109.088000 109.856000 60
110.624000 111.840000 60
112.000000 112.608000 59
113.120000 113.536000 61
113.632000 113.856000 59
114.656000 115.040000 61
115.168000 115.616000 59
115.872000 115.936000 59
115.936000 116.480000 63
116.480000 116.608000 60
117.184000 117.952000 61
118.656000 119.872000 60
119.904000 120.640000 59
121.984000 123.200000 71
124.800000 125.088000 66
125.088000 125.344000 61
125.440000 125.504000 60
125.504000 125.792000 63
125.888000 127.008000 59
127.136000 127.360000 59
127.520000 128.512000 59
128.512000 128.800000 60
128.800000 129.312000 64
129.504000 129.664000 62
129.664000 129.856000 64
129.856000 129.952000 59
130.080000 130.176000 59
130.848000 131.136000 59
132.384000 132.544000 59
132.544000 132.864000 62
132.864000 133.184000 66
133.184000 133.376000 60
133.536000 133.952000 64
133.952000 134.208000 60
134.304000 135.104000 59
135.168000 135.360000 59
135.584000 135.744000 59
136.224000 136.896000 59
137.632000 137.760000 62
138.112000 139.584000 71
140.416000 140.704000 72
140.704000 140.736000 67
140.800000 143.136000 71
143.232000 144.672000 71
144.672000 144.896000 66
144.896000 145.472000 71
145.600000 146.720000 71
146.848000 147.200000 71
147.296000 147.488000 71
147.680000 152.992000 71
153.024000 153.184000 71
153.344000 153.536000 71
153.728000 153.952000 71
154.048000 154.592000 71
155.008000 155.136000 59
155.360000 155.520000 59
155.744000 155.968000 59
156.096000 156.736000 71
156.736000 157.024000 66
157.024000 158.048000 71
158.144000 158.816000 71
158.944000 160.800000 71
160.800000 161.056000 66
161.056000 161.568000 71
161.664000 163.552000 71
163.680000 168.096000 71
168.256000 168.864000 71
169.120000 169.280000 71
169.376000 170.912000 71
170.912000 171.296000 67
171.424000 171.680000 71
171.872000 172.128000 71
172.224000 172.736000 72
172.736000 172.960000 69
172.960000 173.088000 66
174.176000 175.488000 65
175.488000 175.584000 61
175.904000 176.544000 59
176.672000 177.440000 59
178.208000 178.816000 59
178.976000 179.072000 62
179.072000 179.488000 64
179.488000 179.776000 61
179.936000 180.448000 59
182.208000 182.848000 66
182.976000 183.616000 64
183.968000 184.608000 59
184.736000 185.472000 59
187.008000 187.648000 69
187.712000 187.776000 71
187.776000 189.248000 73
189.248000 190.304000 71
190.400000 191.104000 71
191.168000 191.872000 71
192.000000 193.056000 71
193.056000 193.216000 66
193.312000 193.888000 71
194.016000 194.304000 71
194.432000 197.120000 71
197.120000 197.248000 66
197.376000 201.024000 71
201.024000 204.064000 73
204.096000 204.384000 71
204.544000 205.120000 73
205.280000 205.440000 65
205.472000 206.464000 71
206.560000 207.232000 71
207.328000 207.680000 71
207.776000 208.000000 71
208.160000 208.416000 71
208.544000 209.088000 72
209.088000 209.408000 69
209.408000 210.848000 76
210.944000 214.016000 72
214.112000 218.496000 71
218.624000 219.200000 72
219.200000 219.488000 66
219.488000 221.504000 71
226.656000 227.008000 59
