3.616000 5.824000 67
7.552000 8.864000 64
11.264000 12.384000 65
14.528000 15.136000 57
15.776000 16.640000 55
16.736000 16.896000 56
18.368000 18.752000 56
18.976000 20.064000 63
20.192000 21.504000 56
22.496000 23.392000 57
23.552000 23.936000 57
24.096000 24.384000 57
25.760000 26.400000 57
26.496000 26.848000 58
26.944000 28.320000 57
28.928000 29.344000 55
29.824000 29.920000 57
30.080000 31.008000 59
31.328000 31.424000 59
31.520000 31.776000 59
33.504000 33.888000 64
34.208000 34.304000 64
34.432000 34.592000 64
34.720000 34.848000 64
35.136000 35.968000 63
36.256000 36.448000 61
36.832000 37.088000 61
37.312000 37.536000 61
37.536000 37.600000 62
37.600000 38.976000 66
40.800000 41.792000 66
42.016000 44.640000 65
45.504000 46.400000 64
46.880000 48.864000 64
48.960000 49.472000 62
49.696000 50.304000 60
50.432000 51.296000 63
52.032000 52.896000 67
52.896000 53.376000 64
53.600000 54.048000 64
54.304000 54.496000 64
54.624000 54.784000 66
54.880000 55.200000 64
55.616000 56.000000 64
56.096000 58.528000 66
59.680000 60.192000 64
60.192000 61.152000 68
61.216000 61.280000 68
61.888000 62.240000 65
62.336000 63.040000 67
63.488000 63.648000 68
63.744000 63.936000 68
64.032000 64.576000 67
64.736000 65.088000 66
65.344000 66.176000 64
66.336000 66.848000 64
67.264000 67.360000 64
67.488000 67.680000 64
67.680000 68.576000 68
68.672000 68.800000 66
68.928000 69.152000 64
69.376000 70.112000 64
70.976000 71.104000 64
71.232000 71.328000 65
71.520000 72.512000 69
72.512000 73.408000 67
73.568000 73.984000 64
74.752000 75.072000 64
75.232000 76.480000 68
76.896000 77.088000 66
77.216000 77.600000 66
77.600000 77.920000 68
78.496000 79.584000 68
79.712000 80.064000 66
80.416000 80.960000 64
81.088000 81.216000 64
81.344000 81.728000 66
82.272000 82.368000 64
82.464000 82.624000 64
82.752000 83.104000 68
83.232000 83.808000 67
83.936000 84.128000 64
84.448000 85.184000 64
86.080000 86.400000 64
86.528000 87.264000 70
87.456000 87.616000 69
87.616000 89.856000 68
89.856000 91.200000 64
92.736000 93.216000 59
93.312000 94.048000 59
94.368000 95.072000 57
95.104000 95.616000 58
97.280000 97.376000 58
97.760000 98.112000 62
98.208000 98.368000 63
98.496000 98.880000 63
99.072000 99.296000 59
99.584000 99.840000 57
100.992000 101.472000 59
101.760000 101.952000 59
102.176000 102.880000 59
103.040000 104.032000 58
104.864000 104.928000 66
104.928000 105.664000 69
105.792000 106.016000 71
106.016000 106.336000 66
106.720000 107.264000 64
107.552000 107.872000 64
108.224000 109.120000 64
109.120000 111.520000 68
112.032000 112.384000 68
112.480000 112.640000 68
112.736000 114.016000 66
114.112000 114.208000 63
114.368000 114.752000 63
114.880000 115.424000 64
115.424000 118.176000 66
118.176000 118.688000 64
119.456000 119.712000 64
119.840000 120.384000 69
120.608000 120.864000 69
120.960000 123.616000 67
124.256000 125.216000 64
125.600000 127.616000 64
127.744000 128.096000 66
128.480000 128.512000 61
128.576000 128.640000 60
128.672000 128.736000 60
128.800000 129.056000 61
129.152000 129.632000 63
129.632000 130.304000 60
130.880000 131.264000 68
131.424000 131.552000 67
131.552000 131.936000 64
131.968000 132.064000 62
132.096000 132.352000 61
132.352000 132.672000 64
133.024000 133.184000 65
133.344000 133.856000 64
134.048000 134.176000 62
134.304000 134.624000 64
134.752000 135.136000 64
135.136000 137.248000 66
137.248000 141.792000 68
142.144000 142.720000 64
142.720000 143.424000 68
143.520000 144.000000 68
144.416000 144.864000 64
144.864000 145.600000 68
146.080000 146.208000 68
146.336000 146.496000 68
146.592000 147.168000 67
147.296000 148.128000 66
148.128000 148.800000 64
148.896000 149.344000 66
150.208000 150.400000 67
150.400000 150.624000 69
150.816000 151.392000 67
151.552000 151.840000 63
151.968000 152.800000 64
153.568000 153.728000 64
154.080000 155.168000 69
155.168000 156.000000 67
156.192000 156.832000 65
157.280000 157.600000 64
157.792000 158.432000 68
158.528000 159.072000 68
159.392000 159.808000 64
159.808000 160.704000 68
161.056000 162.688000 66
162.944000 163.168000 66
163.232000 163.552000 64
163.648000 163.776000 64
163.904000 164.448000 66
164.864000 164.960000 64
165.056000 165.216000 64
165.312000 165.696000 69
165.824000 166.368000 67
166.496000 166.784000 64
166.944000 167.840000 64
168.640000 168.832000 66
169.024000 170.592000 69
170.688000 172.736000 68
172.736000 174.016000 64
174.624000 174.784000 61
174.912000 175.072000 64
175.168000 175.328000 64
175.456000 175.904000 64
176.160000 176.736000 56
176.864000 177.760000 59
178.720000 179.456000 67
179.808000 180.192000 64
180.320000 180.704000 66
180.800000 181.632000 66
182.208000 183.424000 65
183.904000 185.696000 68
185.856000 185.952000 68
186.400000 188.384000 66
188.384000 189.504000 61
190.880000 192.800000 64
194.336000 194.912000 68
195.072000 195.392000 72
195.392000 195.584000 73
195.584000 197.472000 71
197.472000 198.272000 76
198.368000 201.120000 71
202.464000 202.688000 64
202.816000 203.840000 68
204.448000 204.608000 64
204.704000 205.024000 65
206.080000 206.368000 68
206.656000 206.848000 68
206.976000 207.168000 66
207.328000 207.648000 66
207.968000 208.608000 63
208.608000 209.376000 66
209.824000 209.888000 67
210.112000 210.432000 67
210.432000 210.656000 69
210.848000 211.328000 67
211.552000 211.776000 63
211.936000 212.768000 64
213.568000 213.888000 64
214.048000 214.176000 69
214.176000 214.368000 71
214.560000 215.776000 69
215.808000 216.032000 66
216.032000 216.928000 65
217.312000 217.600000 64
217.792000 218.432000 68
218.560000 219.072000 68
219.424000 219.776000 64
219.776000 220.672000 67
221.056000 222.208000 68
222.400000 222.784000 66
223.008000 223.104000 66
223.104000 224.352000 64
225.312000 225.664000 69
225.792000 226.368000 67
226.496000 226.688000 64
226.976000 228.064000 64
228.416000 229.024000 64
229.024000 232.384000 69
234.720000 235.264000 68
235.488000 235.936000 67
239.584000 241.888000 67
243.328000 245.664000 71
247.872000 248.032000 58
248.192000 248.640000 56
248.768000 248.928000 56
249.088000 249.216000 56
252.384000 252.896000 54
