20.992000 21.408000 57
21.504000 22.432000 57
22.528000 22.976000 60
23.136000 23.264000 55
24.096000 24.704000 52
25.120000 25.600000 50
25.888000 26.208000 52
26.880000 27.008000 52
27.200000 27.840000 55
28.192000 28.384000 48
29.248000 29.376000 50
29.952000 30.176000 52
30.240000 30.272000 51
31.296000 31.488000 48
32.224000 32.384000 50
32.512000 32.736000 50
32.768000 32.832000 50
33.024000 33.152000 49
33.216000 33.472000 50
34.240000 35.040000 57
35.200000 35.904000 57
35.936000 36.032000 55
36.256000 36.768000 57
36.864000 37.280000 58
37.440000 37.568000 57
37.856000 37.984000 57
38.144000 38.848000 57
39.296000 39.904000 57
40.192000 40.576000 57
40.736000 41.152000 60
41.280000 41.472000 55
41.472000 41.824000 52
42.240000 43.008000 52
43.328000 43.488000 49
44.064000 44.256000 52
44.544000 44.672000 50
45.280000 45.792000 55
48.064000 48.256000 52
48.800000 49.024000 55
50.560000 51.072000 50
51.328000 51.776000 48
52.288000 52.608000 55
52.704000 53.088000 53
53.312000 54.048000 57
54.304000 56.064000 57
56.160000 56.352000 57
57.056000 57.216000 57
57.568000 57.824000 52
58.304000 58.752000 57
58.752000 59.296000 55
59.680000 59.776000 59
59.776000 60.256000 57
61.312000 61.696000 52
61.920000 62.240000 50
62.592000 63.360000 48
63.872000 64.000000 52
64.128000 64.576000 48
65.856000 66.304000 51
66.400000 66.848000 50
67.328000 68.032000 57
68.032000 68.224000 54
68.352000 68.576000 52
68.704000 69.216000 56
69.472000 70.144000 57
70.304000 71.072000 60
71.392000 73.216000 58
73.312000 74.240000 58
74.368000 74.688000 57
74.848000 75.136000 57
75.424000 76.832000 57
76.960000 77.376000 60
77.536000 77.664000 55
77.792000 78.144000 52
78.496000 79.136000 52
79.488000 79.712000 50
80.256000 80.352000 52
81.472000 82.016000 55
82.016000 82.240000 52
83.552000 83.648000 50
84.288000 84.416000 52
84.800000 85.248000 55
86.784000 86.944000 50
87.264000 87.328000 54
87.776000 87.904000 52
88.032000 88.192000 54
88.288000 88.384000 53
88.544000 89.120000 57
89.472000 89.632000 58
89.824000 90.208000 57
90.336000 92.320000 57
92.608000 92.736000 57
93.088000 93.184000 57
93.504000 94.240000 65
101.600000 103.040000 69
103.168000 103.584000 60
103.712000 103.904000 67
103.904000 106.592000 64
106.688000 106.880000 62
107.040000 107.456000 62
107.456000 107.648000 65
107.648000 108.224000 68
108.224000 109.632000 61
109.728000 110.976000 63
110.976000 111.136000 69
111.232000 111.424000 67
111.424000 111.584000 64
111.872000 112.064000 60
112.160000 112.480000 60
112.736000 112.928000 62
113.024000 114.144000 63
114.144000 114.688000 66
114.816000 119.520000 69
119.776000 121.152000 57
121.280000 121.696000 60
121.888000 121.952000 55
122.816000 123.008000 52
123.200000 123.360000 52
123.776000 123.968000 50
124.544000 124.832000 52
125.088000 125.280000 50
125.600000 125.696000 52
125.824000 126.400000 55
126.400000 126.432000 52
126.816000 127.264000 48
128.512000 128.768000 52
129.024000 129.216000 57
129.312000 129.568000 55
129.856000 130.048000 48
131.072000 131.424000 50
131.808000 132.128000 49
132.864000 133.120000 54
133.184000 133.568000 53
133.824000 134.720000 57
134.816000 137.856000 57
138.080000 138.240000 52
138.784000 139.200000 58
139.200000 139.776000 55
140.352000 140.512000 57
140.800000 140.960000 52
141.984000 142.112000 52
142.400000 142.496000 52
144.928000 145.216000 48
146.560000 146.752000 52
146.848000 146.944000 51
147.840000 148.512000 57
148.608000 148.736000 55
148.832000 148.992000 52
149.184000 149.504000 56
149.600000 149.696000 55
149.984000 150.656000 57
150.784000 151.520000 61
151.872000 152.896000 57
153.440000 154.080000 58
154.336000 154.368000 57
154.400000 154.464000 57
154.624000 154.880000 57
155.360000 155.648000 57
155.776000 157.312000 58
157.408000 157.856000 60
158.016000 158.080000 55
158.080000 158.144000 53
158.208000 158.400000 52
158.432000 158.528000 52
158.976000 159.488000 52
159.616000 159.808000 53
159.936000 160.128000 50
160.672000 160.896000 52
161.024000 161.216000 50
161.312000 161.536000 50
161.952000 162.208000 55
164.032000 164.192000 50
164.256000 164.416000 50
164.736000 165.120000 52
165.216000 165.632000 56
166.240000 166.304000 61
167.296000 167.712000 63
168.448000 168.576000 68
168.576000 168.768000 66
168.960000 169.952000 57
169.952000 170.688000 61
170.816000 174.752000 57
175.072000 176.288000 69
176.384000 176.640000 70
178.016000 178.112000 61
178.432000 178.528000 61
178.752000 179.872000 70
180.000000 180.288000 70
