24.576000 24.704000 63
24.768000 25.056000 63
27.808000 27.904000 59
29.376000 29.504000 48
29.504000 30.240000 55
30.400000 30.656000 53
30.784000 31.072000 51
31.168000 31.744000 53
32.256000 33.280000 51
33.376000 33.888000 49
34.048000 34.656000 50
35.168000 35.232000 48
35.232000 35.392000 50
35.488000 36.416000 55
36.512000 36.800000 55
36.928000 37.888000 58
37.888000 40.224000 56
40.896000 41.120000 49
41.248000 42.560000 56
42.656000 45.408000 53
45.504000 45.888000 48
46.624000 47.552000 50
47.648000 47.904000 50
48.000000 48.224000 48
48.352000 48.896000 51
49.056000 49.344000 53
49.344000 49.664000 56
49.760000 51.168000 55
52.000000 52.544000 51
52.736000 54.912000 48
57.696000 57.856000 60
63.744000 63.904000 49
63.904000 64.704000 55
64.800000 66.112000 53
66.560000 66.720000 51
66.720000 66.848000 48
66.944000 67.584000 51
67.712000 67.968000 50
67.968000 68.192000 48
68.352000 68.992000 50
69.472000 69.600000 49
69.600000 69.696000 51
69.792000 70.752000 55
70.848000 71.104000 55
71.232000 72.192000 58
72.192000 74.496000 56
75.072000 75.328000 48
75.488000 76.800000 56
76.864000 79.712000 53
79.712000 80.160000 48
80.800000 82.368000 50
82.464000 83.072000 50
83.232000 83.552000 53
83.552000 83.840000 56
83.936000 85.344000 55
86.080000 86.624000 50
86.816000 88.736000 48
89.184000 89.536000 55
89.536000 90.784000 58
90.912000 93.280000 61
93.280000 93.600000 58
93.728000 94.368000 55
94.752000 95.008000 51
95.104000 95.680000 53
95.744000 96.000000 53
96.096000 97.056000 53
97.184000 97.504000 53
97.504000 99.200000 55
99.296000 99.904000 55
100.160000 100.288000 53
100.288000 100.640000 55
100.640000 101.152000 59
101.152000 101.536000 58
101.536000 102.016000 55
102.016000 102.592000 60
102.720000 103.328000 60
103.424000 103.616000 61
103.616000 104.416000 62
104.416000 105.440000 56
105.824000 106.112000 51
106.240000 107.520000 53
107.648000 108.192000 53
108.320000 108.928000 51
108.992000 110.272000 50
111.200000 111.776000 50
111.968000 114.592000 48
114.720000 114.848000 48
134.688000 134.816000 48
134.816000 135.648000 55
135.808000 136.096000 53
136.128000 137.184000 53
137.536000 138.592000 51
138.592000 139.136000 48
139.296000 139.904000 50
140.384000 140.608000 50
140.704000 141.664000 55
141.760000 141.984000 55
142.176000 143.104000 58
143.104000 145.408000 56
146.016000 146.240000 47
146.368000 147.680000 56
147.776000 150.496000 53
150.592000 151.072000 48
151.712000 152.576000 50
152.704000 152.960000 50
153.056000 153.280000 48
153.408000 153.952000 50
154.112000 156.224000 55
156.896000 157.440000 50
157.632000 159.616000 48
160.000000 160.352000 55
160.448000 161.312000 58
161.312000 161.696000 55
161.824000 163.264000 60
163.264000 164.512000 62
164.640000 165.216000 55
165.664000 165.984000 51
165.984000 166.560000 53
166.688000 166.912000 53
167.008000 168.384000 53
168.384000 170.752000 55
170.944000 171.040000 60
171.040000 171.456000 55
171.456000 173.088000 58
173.088000 173.376000 60
173.408000 175.136000 61
175.232000 175.456000 58
175.584000 176.096000 55
176.544000 176.832000 51
176.928000 178.208000 53
178.336000 178.880000 53
179.008000 181.024000 50
181.792000 182.368000 50
182.464000 185.760000 48
190.400000 190.528000 63
190.688000 190.912000 58
190.912000 191.648000 63
