25.216000 25.888000 53
26.016000 26.336000 50
26.336000 26.784000 46
26.784000 27.072000 50
27.168000 27.424000 52
27.552000 28.288000 52
28.416000 28.768000 50
28.768000 29.088000 55
29.184000 29.792000 57
31.520000 31.840000 57
31.840000 32.576000 55
32.736000 32.992000 50
33.088000 33.760000 55
33.856000 34.208000 57
34.208000 35.328000 53
35.552000 35.712000 45
37.856000 38.496000 53
38.656000 38.912000 50
39.200000 39.360000 45
39.456000 39.680000 50
39.776000 40.192000 52
40.192000 40.832000 53
40.832000 41.280000 50
41.280000 42.880000 57
44.544000 44.896000 50
44.992000 46.432000 55
46.528000 47.008000 57
47.392000 47.648000 50
47.712000 48.480000 48
48.480000 49.376000 50
50.528000 51.200000 52
51.296000 51.552000 50
51.712000 51.936000 45
51.936000 52.096000 46
52.096000 52.320000 50
52.416000 52.704000 52
52.832000 53.120000 53
53.216000 53.472000 53
53.632000 53.920000 50
54.016000 54.240000 55
54.464000 55.488000 57
56.736000 57.120000 57
57.120000 57.536000 55
57.536000 57.856000 57
57.856000 58.208000 50
58.304000 59.392000 55
59.520000 60.608000 53
60.800000 60.832000 45
60.832000 60.864000 45
60.864000 60.896000 45
60.896000 60.928000 45
61.216000 61.536000 45
63.104000 63.456000 53
63.456000 63.808000 52
63.808000 64.160000 50
64.160000 64.672000 45
64.672000 64.928000 50
65.024000 65.440000 52
65.440000 65.760000 53
65.760000 66.592000 51
66.592000 68.384000 57
69.824000 70.080000 50
70.176000 70.464000 53
70.560000 71.264000 55
71.392000 71.680000 55
71.776000 72.160000 57
72.640000 73.024000 48
73.216000 73.344000 50
73.792000 74.688000 50
75.808000 76.064000 50
76.192000 76.416000 53
76.544000 76.832000 57
76.960000 79.168000 62
79.296000 79.584000 60
79.680000 79.936000 57
80.064000 80.224000 60
80.224000 80.736000 57
80.864000 81.120000 55
81.280000 81.792000 57
82.400000 83.200000 57
83.232000 84.352000 52
84.352000 85.472000 49
85.568000 85.888000 52
85.984000 86.240000 53
86.368000 86.624000 55
86.720000 87.936000 57
88.352000 88.672000 50
88.768000 89.152000 53
89.152000 89.408000 57
89.568000 91.008000 61
91.136000 92.608000 60
92.608000 93.760000 57
93.952000 94.144000 45
94.304000 94.336000 55
94.400000 95.104000 52
95.680000 96.128000 52
96.256000 96.544000 53
96.640000 97.408000 55
97.408000 97.984000 49
98.624000 99.008000 53
99.040000 99.712000 51
99.872000 102.144000 52
126.272000 126.624000 53
126.624000 126.976000 52
126.976000 127.360000 50
127.360000 128.096000 46
128.224000 128.544000 52
128.640000 129.376000 53
129.376000 129.696000 50
129.856000 130.432000 55
130.432000 131.200000 57
132.896000 133.184000 50
133.344000 133.632000 57
133.632000 134.784000 55
134.912000 135.200000 57
135.328000 136.352000 53
136.448000 136.736000 53
136.864000 137.920000 55
138.848000 139.584000 52
139.680000 139.936000 50
140.096000 140.352000 45
140.448000 140.800000 50
140.800000 141.120000 52
141.216000 142.272000 53
142.432000 142.752000 60
143.008000 144.096000 56
145.856000 145.920000 51
145.920000 146.368000 53
146.368000 147.840000 55
147.936000 148.992000 48
149.184000 149.792000 50
149.824000 150.048000 50
151.488000 151.776000 50
151.904000 152.288000 53
152.288000 152.576000 57
152.704000 153.344000 62
153.472000 154.944000 60
155.072000 155.360000 60
155.456000 155.744000 57
155.872000 156.576000 57
156.672000 156.928000 55
157.056000 157.728000 57
158.240000 158.944000 57
158.944000 159.744000 52
159.904000 160.160000 52
160.160000 161.280000 49
161.376000 162.112000 52
162.112000 163.808000 57
163.904000 164.096000 55
164.096000 164.416000 50
164.512000 164.832000 53
164.832000 165.152000 57
165.280000 166.816000 60
166.912000 167.328000 60
167.328000 167.872000 62
167.872000 169.536000 57
169.696000 169.984000 45
170.176000 170.784000 52
172.064000 172.320000 53
172.448000 173.184000 55
173.184000 173.984000 50
174.432000 174.656000 53
174.752000 175.136000 52
175.136000 175.424000 50
175.584000 176.704000 57
176.704000 177.056000 50
177.216000 177.568000 53
177.568000 177.856000 57
177.984000 178.240000 60
178.240000 179.456000 61
179.552000 179.968000 62
180.352000 180.608000 62
180.608000 180.992000 57
181.152000 181.312000 60
181.312000 183.072000 57
183.456000 184.224000 57
184.224000 185.376000 52
185.376000 186.912000 50
187.040000 187.392000 53
187.392000 188.480000 57
188.608000 189.024000 57
189.376000 189.792000 50
189.792000 190.176000 53
190.176000 190.592000 57
190.592000 191.648000 62
191.744000 192.000000 60
192.160000 192.448000 62
192.576000 192.992000 62
193.344000 193.856000 57
193.856000 194.368000 57
194.528000 194.912000 55
195.008000 197.440000 57
200.192000 200.896000 57
201.056000 201.344000 57
201.472000 202.240000 57
202.240000 202.848000 52
203.104000 204.960000 50
208.480000 209.184000 53
209.376000 210.048000 51
210.656000 210.976000 53
211.136000 211.488000 50
211.488000 211.840000 55
212.032000 212.576000 57
215.808000 216.096000 45
216.800000 217.216000 53
217.344000 218.240000 52
219.872000 220.256000 53
