10.528000 10.592000 58
10.592000 13.280000 60
13.280000 16.768000 62
16.832000 18.656000 62
20.064000 20.160000 55
20.288000 20.864000 55
20.992000 21.536000 57
21.664000 24.992000 57
25.088000 26.112000 55
27.552000 28.096000 55
28.256000 32.224000 57
32.384000 32.832000 55
34.816000 35.360000 55
35.520000 35.968000 57
36.128000 36.320000 56
36.480000 36.704000 57
36.864000 37.600000 62
37.792000 37.888000 62
38.016000 38.144000 60
38.272000 38.432000 60
38.720000 38.848000 62
38.944000 39.360000 60
39.648000 39.744000 62
40.576000 40.608000 65
41.440000 42.240000 62
42.272000 42.656000 62
42.784000 43.008000 60
44.768000 44.864000 57
45.088000 45.312000 62
45.312000 45.472000 60
45.952000 46.176000 62
46.176000 46.368000 60
47.296000 47.392000 63
48.704000 48.800000 62
48.928000 49.312000 62
49.408000 49.504000 62
49.600000 50.016000 60
50.112000 50.304000 60
50.592000 50.624000 64
52.256000 53.632000 62
53.728000 53.920000 60
54.688000 54.784000 64
55.072000 56.992000 62
57.344000 57.536000 60
59.616000 59.712000 62
60.096000 60.416000 62
60.544000 60.864000 61
60.960000 61.184000 60
63.008000 63.232000 57
63.232000 64.480000 62
64.672000 64.832000 60
65.120000 65.184000 63
65.184000 65.312000 66
65.568000 66.240000 57
66.656000 67.264000 62
67.360000 68.128000 62
68.288000 68.576000 60
68.704000 68.960000 63
69.184000 69.408000 60
69.632000 69.856000 60
70.304000 70.656000 62
70.752000 71.648000 62
71.936000 72.256000 62
72.416000 72.512000 62
72.928000 73.088000 57
73.280000 73.408000 57
73.728000 74.560000 64
74.656000 74.944000 64
75.072000 75.264000 62
75.552000 77.632000 64
77.824000 77.984000 62
78.240000 78.336000 55
78.496000 79.040000 55
79.136000 83.104000 57
83.264000 83.776000 55
83.840000 83.968000 54
84.192000 84.288000 54
84.384000 84.544000 54
85.728000 86.272000 55
86.432000 87.040000 57
87.136000 90.432000 57
90.592000 90.976000 55
91.168000 91.264000 56
92.992000 93.536000 55
93.696000 94.208000 57
94.624000 94.944000 62
95.040000 95.200000 62
95.296000 96.256000 62
96.416000 96.640000 62
96.864000 97.120000 60
98.272000 98.560000 62
98.688000 100.736000 62
101.184000 101.344000 60
101.888000 102.272000 62
102.336000 103.104000 62
103.136000 103.488000 62
103.648000 103.968000 62
104.160000 104.352000 60
104.576000 104.896000 62
105.536000 107.584000 62
107.808000 108.032000 60
108.480000 108.640000 62
108.736000 108.896000 62
109.184000 109.504000 62
109.600000 111.200000 62
111.424000 111.584000 62
111.872000 112.128000 62
112.576000 112.768000 57
112.864000 113.536000 62
113.664000 116.160000 62
116.416000 117.152000 62
117.184000 118.624000 62
118.720000 118.912000 60
120.064000 120.384000 62
120.512000 121.760000 62
121.888000 121.984000 62
122.112000 122.208000 62
122.336000 122.560000 60
122.848000 122.944000 62
123.488000 123.584000 60
123.744000 124.032000 60
124.160000 124.800000 60
125.056000 125.536000 60
125.536000 126.432000 62
126.912000 127.264000 60
127.360000 128.448000 60
128.704000 128.864000 60
129.024000 129.728000 64
130.080000 130.272000 65
130.400000 130.720000 64
130.720000 131.072000 62
131.072000 131.680000 57
131.904000 132.128000 65
132.192000 132.512000 64
132.512000 133.120000 62
133.248000 133.472000 57
133.472000 133.728000 59
133.728000 134.272000 64
134.368000 134.688000 62
134.848000 135.520000 60
135.520000 135.872000 63
135.968000 136.352000 62
136.640000 137.216000 55
137.344000 138.272000 57
138.528000 141.344000 57
141.472000 142.624000 55
143.936000 144.352000 55
144.640000 145.184000 57
145.440000 148.608000 57
148.768000 149.536000 55
149.856000 150.336000 59
151.200000 151.744000 55
151.872000 152.384000 57
152.800000 153.120000 62
153.216000 154.464000 62
154.656000 154.880000 62
155.072000 155.328000 60
