12.000000 12.288000 67
12.512000 12.896000 63
14.208000 14.496000 58
14.656000 14.816000 57
15.040000 15.328000 57
15.456000 16.512000 58
17.216000 19.104000 62
20.608000 21.312000 57
21.472000 21.760000 57
21.888000 22.048000 58
22.304000 23.424000 58
24.128000 25.760000 62
27.104000 27.296000 57
27.488000 28.096000 58
28.096000 28.352000 56
29.632000 30.688000 55
30.880000 31.296000 53
31.840000 32.544000 60
32.544000 33.056000 59
34.240000 34.400000 57
34.400000 34.816000 59
34.816000 35.264000 56
37.472000 38.368000 57
38.656000 39.328000 57
41.664000 41.920000 58
42.048000 42.272000 57
42.496000 43.872000 57
44.672000 46.688000 62
48.032000 48.864000 57
48.960000 49.152000 57
49.280000 49.984000 57
50.176000 50.528000 59
50.816000 51.264000 67
51.424000 52.512000 65
52.512000 53.376000 62
54.560000 55.136000 57
55.424000 55.584000 54
55.680000 55.872000 57
56.128000 56.256000 57
56.608000 56.736000 57
56.992000 57.728000 55
57.984000 58.528000 52
59.232000 60.320000 62
61.280000 61.600000 57
61.728000 62.240000 58
62.240000 62.816000 56
63.008000 63.200000 57
63.488000 64.064000 57
64.288000 64.512000 53
64.736000 65.792000 62
65.984000 68.672000 62
71.232000 71.840000 62
71.840000 72.288000 59
72.448000 72.576000 67
72.576000 73.248000 69
73.248000 73.920000 67
74.272000 74.816000 62
74.816000 74.976000 67
75.008000 75.072000 62
75.392000 76.032000 55
76.160000 77.728000 59
78.080000 78.720000 62
78.944000 79.168000 59
79.296000 79.808000 63
79.936000 80.512000 64
80.640000 80.864000 67
81.088000 81.248000 67
81.824000 81.952000 56
81.952000 82.336000 59
82.848000 84.256000 57
85.088000 85.248000 57
85.376000 85.632000 57
85.728000 86.048000 59
86.176000 87.008000 55
88.256000 88.416000 62
88.416000 88.608000 64
88.736000 88.832000 67
88.832000 89.216000 63
89.216000 89.344000 59
89.600000 89.824000 59
89.824000 91.232000 62
92.096000 92.768000 55
92.992000 93.504000 57
93.920000 93.984000 54
94.016000 94.048000 55
94.368000 94.592000 54
94.720000 94.944000 52
95.200000 95.968000 63
95.968000 96.800000 57
96.928000 98.208000 57
98.656000 99.360000 62
99.456000 99.712000 59
99.904000 100.000000 67
100.000000 100.736000 69
100.736000 101.408000 67
101.760000 102.272000 62
102.528000 102.880000 59
102.880000 103.424000 55
103.552000 105.024000 59
105.472000 105.536000 59
105.536000 105.728000 62
105.888000 106.016000 62
106.016000 106.176000 60
106.368000 106.592000 59
106.720000 107.200000 63
107.328000 107.584000 62
107.584000 108.320000 64
108.704000 109.536000 57
109.792000 110.400000 58
110.560000 111.968000 57
112.640000 113.024000 57
113.184000 113.856000 58
113.856000 114.208000 55
115.680000 116.032000 63
116.160000 116.608000 63
116.608000 117.216000 59
117.344000 118.880000 62
119.168000 119.328000 63
119.584000 119.616000 65
119.680000 119.712000 65
119.808000 119.936000 65
120.416000 120.544000 58
120.544000 121.120000 55
122.624000 123.136000 61
123.136000 123.264000 57
124.320000 125.792000 55
134.144000 134.528000 58
134.688000 134.848000 57
135.040000 135.200000 59
135.200000 136.704000 57
137.152000 139.200000 62
140.704000 141.408000 57
141.504000 142.560000 57
142.784000 143.168000 59
143.360000 143.840000 67
144.032000 145.120000 64
145.120000 146.048000 62
146.816000 146.976000 57
147.072000 147.744000 57
148.032000 148.160000 55
148.288000 148.448000 57
149.184000 149.344000 57
149.664000 150.304000 55
150.528000 151.104000 52
151.776000 152.608000 61
152.608000 153.248000 59
153.920000 154.080000 56
154.336000 154.400000 57
154.400000 154.720000 59
154.720000 155.328000 56
155.712000 155.808000 58
156.448000 156.640000 68
156.928000 157.120000 64
157.312000 158.560000 62
158.688000 161.696000 62
162.752000 162.976000 66
163.744000 164.384000 62
164.384000 164.864000 59
165.024000 166.464000 68
166.816000 166.912000 64
166.912000 167.360000 62
167.360000 169.056000 57
169.056000 170.176000 59
170.528000 171.296000 62
171.552000 171.712000 59
171.840000 172.640000 62
172.768000 173.088000 64
173.120000 173.440000 66
173.664000 173.952000 55
174.048000 174.624000 57
174.944000 175.232000 57
175.456000 175.680000 63
175.680000 177.024000 57
177.920000 178.144000 61
178.144000 178.272000 63
178.272000 178.912000 70
178.912000 179.200000 67
179.296000 179.392000 67
179.520000 179.648000 67
179.648000 179.904000 64
180.096000 180.192000 64
180.448000 181.504000 62
181.664000 182.496000 63
182.592000 182.720000 66
182.720000 183.808000 62
184.288000 184.480000 57
184.800000 186.016000 56
186.528000 186.624000 69
186.624000 187.552000 67
187.712000 188.416000 62
188.608000 188.832000 58
188.832000 189.056000 59
189.056000 190.016000 57
190.208000 190.688000 57
191.168000 191.840000 62
191.840000 192.224000 59
192.416000 192.544000 67
192.544000 193.248000 69
193.248000 193.920000 67
194.272000 194.816000 62
195.168000 195.424000 59
195.424000 196.032000 55
196.128000 197.568000 59
198.112000 198.272000 62
198.496000 198.720000 61
198.720000 199.104000 59
199.104000 199.168000 65
199.168000 199.328000 70
199.328000 200.032000 63
200.160000 200.448000 64
200.640000 200.704000 65
200.704000 200.960000 66
201.120000 201.696000 55
201.920000 203.040000 57
203.264000 204.480000 59
204.832000 205.088000 63
205.280000 206.016000 62
206.240000 207.232000 64
207.360000 208.384000 67
208.672000 208.928000 65
209.056000 210.272000 62
210.432000 210.528000 62
210.720000 210.944000 69
211.072000 212.672000 67
213.824000 214.528000 59
214.816000 214.944000 56
215.232000 215.552000 58
215.712000 215.936000 59
215.936000 216.064000 56
216.544000 216.736000 52
216.736000 217.824000 55
219.616000 219.712000 58
219.904000 220.768000 59
221.856000 224.096000 59
227.456000 227.872000 56
240.736000 240.832000 50
