15.040000 15.168000 59
15.168000 15.808000 62
15.936000 16.320000 64
16.864000 17.824000 63
17.984000 19.040000 60
20.352000 21.856000 59
21.984000 22.400000 57
22.944000 23.808000 55
24.640000 24.768000 54
25.184000 25.216000 54
25.568000 27.168000 64
27.296000 27.936000 62
29.408000 29.568000 60
29.568000 30.144000 62
30.240000 30.688000 64
31.200000 31.872000 63
31.872000 33.280000 61
34.752000 36.672000 59
37.248000 38.176000 55
39.424000 39.744000 53
39.872000 40.192000 57
40.320000 40.672000 59
40.768000 41.056000 58
41.248000 42.016000 62
42.112000 42.432000 62
42.528000 42.720000 62
42.720000 42.912000 60
43.008000 44.480000 60
46.752000 46.944000 67
46.944000 48.064000 60
48.160000 48.768000 67
48.768000 49.184000 59
49.440000 49.920000 59
50.368000 50.624000 66
50.720000 51.136000 60
51.264000 51.712000 60
51.712000 51.840000 65
51.840000 52.352000 67
52.352000 52.864000 60
53.024000 53.696000 59
53.952000 54.144000 55
54.368000 55.264000 60
55.264000 55.616000 63
56.160000 56.864000 60
56.864000 57.280000 63
57.568000 57.920000 63
57.920000 58.272000 60
58.432000 58.752000 63
58.752000 59.296000 60
59.648000 60.320000 60
60.448000 60.832000 62
61.088000 61.312000 67
61.504000 62.336000 60
62.464000 63.168000 67
63.328000 64.192000 59
64.704000 64.896000 67
64.896000 65.792000 60
66.048000 66.656000 67
66.944000 67.552000 64
67.552000 68.032000 60
68.256000 68.512000 56
68.704000 69.472000 60
69.632000 69.952000 63
70.496000 71.104000 60
71.200000 71.424000 62
71.424000 71.648000 64
71.840000 72.224000 65
72.352000 72.992000 63
72.992000 73.536000 60
74.144000 75.008000 62
75.232000 77.152000 60
80.128000 80.352000 59
83.104000 83.264000 59
83.264000 83.872000 62
83.968000 84.384000 64
84.800000 84.992000 63
85.088000 85.792000 63
85.984000 86.240000 61
86.400000 87.072000 60
88.384000 89.408000 59
89.568000 90.400000 57
90.912000 91.104000 52
91.168000 91.968000 55
92.640000 92.768000 54
93.120000 93.312000 54
93.600000 94.784000 64
94.944000 95.264000 64
95.360000 95.936000 62
96.224000 96.896000 63
97.408000 97.568000 60
97.568000 98.208000 62
98.304000 98.720000 64
99.136000 99.872000 64
99.872000 100.128000 67
100.256000 100.672000 62
100.768000 101.504000 60
102.784000 103.264000 59
103.456000 104.768000 58
105.440000 105.536000 61
105.536000 105.696000 63
105.792000 106.528000 55
107.040000 107.296000 52
107.488000 107.808000 53
107.904000 108.256000 56
108.384000 108.672000 59
108.704000 109.088000 57
109.472000 109.568000 60
109.568000 110.112000 62
110.112000 110.432000 60
110.432000 111.072000 62
111.072000 111.200000 66
111.200000 111.744000 64
111.744000 113.056000 60
113.664000 113.888000 67
114.816000 115.040000 67
115.200000 116.096000 60
116.256000 116.832000 66
116.928000 117.184000 59
117.504000 117.952000 59
118.400000 118.592000 67
118.592000 118.656000 65
118.656000 119.776000 60
119.776000 120.416000 67
120.416000 120.896000 59
121.088000 121.728000 59
121.984000 122.176000 55
122.432000 123.328000 60
123.328000 123.712000 63
124.256000 124.928000 60
124.928000 125.376000 63
125.632000 125.984000 62
125.984000 126.336000 60
126.496000 126.816000 63
126.816000 127.328000 60
127.680000 128.448000 60
128.544000 128.896000 62
129.152000 129.376000 67
129.376000 130.432000 60
130.528000 131.168000 67
131.424000 132.288000 59
132.736000 132.960000 67
133.056000 133.888000 60
134.080000 134.752000 67
134.976000 135.616000 64
135.616000 136.096000 60
136.352000 136.544000 55
136.768000 137.536000 60
137.664000 138.048000 63
138.592000 139.232000 60
139.232000 139.648000 63
139.840000 140.320000 64
140.480000 140.672000 64
140.672000 141.728000 60
142.176000 143.200000 62
143.296000 145.728000 60
149.536000 149.984000 63
149.984000 152.192000 60
158.496000 158.592000 62
158.752000 159.136000 62
159.136000 159.520000 64
159.616000 160.352000 64
160.352000 161.376000 60
162.112000 162.432000 60
162.528000 164.544000 65
164.960000 165.600000 64
165.888000 166.400000 62
166.400000 166.688000 65
166.816000 167.168000 64
167.232000 168.192000 62
168.192000 168.544000 64
169.024000 169.312000 63
169.472000 170.208000 64
170.368000 170.592000 63
170.816000 171.616000 64
171.744000 172.192000 67
172.192000 172.384000 69
172.384000 173.504000 62
173.504000 174.176000 68
174.176000 174.560000 61
174.816000 175.264000 61
175.712000 175.936000 68
175.936000 176.544000 62
176.608000 177.088000 62
177.088000 177.216000 67
177.216000 177.728000 69
177.728000 178.240000 61
178.400000 179.072000 61
179.328000 179.520000 57
179.744000 180.672000 62
180.672000 180.992000 66
181.568000 182.240000 62
182.240000 182.656000 65
182.912000 183.552000 63
183.808000 184.064000 65
184.064000 184.512000 62
184.992000 185.728000 62
185.824000 186.496000 64
186.496000 186.528000 65
186.528000 186.592000 67
186.592000 187.520000 69
187.520000 189.568000 66
189.568000 191.488000 62
191.680000 192.032000 67
192.320000 192.992000 66
193.184000 193.408000 62
193.600000 193.856000 58
194.080000 194.784000 62
194.976000 195.392000 65
195.872000 196.352000 61
196.352000 196.960000 64
197.216000 197.536000 66
197.792000 198.336000 65
198.400000 198.944000 62
199.456000 200.480000 64
200.576000 200.768000 61
200.832000 200.896000 66
200.896000 201.120000 68
201.184000 201.248000 69
201.504000 206.560000 69
207.104000 207.712000 61
207.936000 208.160000 57
208.416000 209.280000 61
209.280000 209.632000 65
209.952000 210.112000 58
210.208000 210.688000 61
210.688000 210.880000 62
210.880000 211.360000 65
211.584000 211.840000 65
211.840000 212.256000 62
212.448000 212.736000 65
212.736000 213.152000 62
213.536000 213.664000 59
213.664000 213.888000 61
213.888000 214.752000 64
214.784000 215.008000 62
215.104000 215.360000 68
215.360000 215.392000 63
215.456000 216.416000 62
216.512000 218.176000 69
218.528000 218.880000 69
218.880000 220.192000 62
220.192000 221.408000 69
221.600000 222.080000 62
222.304000 222.528000 57
222.752000 223.488000 62
223.680000 224.000000 65
224.128000 224.288000 64
224.544000 225.184000 62
225.184000 226.240000 66
226.336000 226.944000 65
227.104000 227.616000 62
228.192000 228.512000 65
228.640000 229.088000 64
229.376000 232.224000 62
239.552000 242.752000 62
