46.944000 47.552000 61
47.712000 47.840000 59
48.064000 48.576000 61
48.800000 49.120000 61
49.120000 51.072000 56
53.888000 54.560000 62
55.232000 55.488000 63
55.680000 55.840000 61
56.480000 56.608000 63
56.704000 56.928000 61
57.120000 57.664000 61
57.760000 58.016000 63
58.144000 58.432000 61
58.432000 58.944000 63
59.104000 59.552000 63
59.744000 60.256000 61
60.448000 60.896000 60
61.024000 61.184000 63
61.376000 62.112000 64
62.432000 62.848000 62
63.040000 63.392000 59
63.392000 63.648000 56
64.256000 64.864000 61
65.568000 65.856000 50
65.952000 66.176000 61
66.912000 67.360000 61
67.488000 67.904000 60
68.192000 68.448000 61
68.544000 68.992000 63
69.120000 69.344000 64
69.472000 69.920000 64
70.144000 70.976000 61
71.072000 71.232000 61
71.392000 71.616000 63
71.744000 71.840000 64
72.128000 72.288000 63
72.416000 72.512000 63
72.736000 72.992000 61
73.344000 73.888000 59
74.272000 74.976000 59
75.136000 75.264000 57
75.360000 75.680000 58
75.840000 76.352000 58
76.352000 76.480000 56
76.832000 77.088000 58
77.280000 77.568000 58
77.920000 78.176000 58
78.368000 78.720000 58
78.848000 79.008000 57
79.488000 79.712000 59
79.872000 80.160000 58
80.320000 80.416000 56
80.544000 81.344000 58
81.472000 81.696000 56
84.352000 84.928000 62
85.024000 85.216000 63
85.344000 85.568000 63
85.760000 86.080000 59
86.080000 86.496000 57
86.688000 87.232000 61
88.512000 89.248000 62
89.440000 89.888000 62
91.840000 93.120000 63
93.120000 94.048000 58
94.144000 94.720000 59
94.720000 95.104000 61
95.264000 95.872000 50
96.160000 96.320000 59
96.320000 96.512000 57
96.768000 97.056000 56
97.056000 97.568000 62
98.816000 99.616000 62
99.808000 100.256000 61
101.568000 102.112000 59
102.528000 103.104000 63
103.200000 103.424000 63
103.424000 104.704000 59
104.832000 105.632000 57
105.632000 105.952000 56
109.280000 109.824000 61
109.984000 110.112000 59
110.336000 110.752000 61
110.944000 111.392000 61
111.392000 113.472000 56
116.096000 116.256000 63
116.352000 116.448000 61
116.608000 116.832000 61
117.312000 118.144000 62
118.624000 119.136000 61
119.232000 119.392000 58
119.392000 119.840000 61
119.936000 120.224000 60
120.224000 120.864000 62
121.024000 121.824000 64
121.984000 122.528000 62
122.720000 122.976000 60
123.360000 123.776000 63
124.000000 124.128000 64
124.256000 124.448000 63
124.640000 125.088000 61
125.280000 125.632000 59
126.624000 127.104000 61
127.968000 128.576000 61
129.088000 129.376000 62
129.632000 129.728000 59
129.824000 130.112000 60
130.112000 130.368000 61
130.528000 130.688000 59
130.688000 131.008000 53
131.104000 132.224000 64
132.416000 132.864000 62
132.896000 132.960000 62
132.992000 133.312000 60
133.632000 133.888000 63
133.984000 134.112000 64
134.112000 134.208000 66
134.368000 134.528000 63
134.656000 134.880000 64
135.104000 135.328000 61
135.584000 136.032000 58
136.544000 137.248000 58
137.408000 137.536000 56
137.632000 137.952000 58
138.112000 138.624000 58
138.624000 138.752000 56
139.104000 139.360000 58
139.552000 139.904000 58
140.224000 140.544000 58
140.640000 140.992000 58
141.152000 141.280000 57
141.792000 141.984000 59
142.144000 142.400000 58
142.560000 142.656000 56
142.816000 143.616000 58
143.744000 143.968000 56
146.624000 147.136000 62
147.296000 147.488000 63
147.616000 147.840000 63
148.032000 148.352000 59
148.352000 148.768000 56
148.928000 149.504000 61
150.784000 151.520000 63
151.712000 152.096000 62
154.112000 155.392000 63
155.392000 156.320000 58
156.416000 156.992000 59
156.992000 157.376000 62
157.536000 158.144000 50
158.432000 158.656000 58
158.656000 158.784000 56
159.040000 159.328000 56
159.328000 159.840000 62
161.088000 161.888000 62
162.080000 162.496000 49
163.840000 164.352000 59
164.768000 165.344000 63
165.472000 165.696000 63
165.696000 166.944000 59
167.104000 167.168000 56
167.168000 167.456000 59
167.456000 168.032000 56
171.552000 172.096000 61
172.256000 172.384000 59
172.608000 173.120000 61
173.216000 173.312000 63
173.312000 173.664000 61
173.664000 175.392000 56
175.808000 175.872000 62
175.872000 176.032000 68
176.128000 176.704000 70
176.736000 176.800000 70
176.832000 176.928000 69
177.120000 177.344000 69
177.344000 178.304000 70
178.304000 179.296000 64
181.920000 182.848000 61
182.976000 183.552000 61
183.648000 184.096000 61
184.096000 185.088000 56
185.152000 185.824000 55
185.824000 186.176000 62
186.176000 186.400000 68
186.528000 187.328000 70
187.520000 189.088000 69
197.376000 197.472000 59
198.464000 198.560000 61
