13.696000 13.760000 59
13.760000 14.048000 62
14.144000 14.496000 63
14.592000 15.104000 66
16.768000 18.976000 67
21.056000 21.760000 65
21.760000 22.848000 63
23.904000 23.968000 62
23.968000 24.736000 64
24.896000 26.368000 67
27.808000 27.872000 61
27.872000 28.512000 64
28.640000 29.824000 66
30.912000 32.416000 67
32.416000 33.792000 65
35.264000 35.680000 66
35.808000 36.992000 63
37.920000 37.984000 59
37.984000 38.176000 63
38.336000 39.136000 65
39.232000 40.896000 67
41.728000 42.208000 66
42.304000 43.552000 69
44.896000 46.528000 70
46.624000 47.424000 63
49.312000 49.664000 67
49.888000 51.008000 67
52.032000 52.288000 65
52.512000 52.736000 65
52.736000 53.248000 62
53.408000 53.568000 57
53.920000 54.432000 58
56.064000 56.128000 60
56.128000 56.320000 63
56.480000 56.672000 64
56.896000 57.856000 66
59.040000 59.328000 67
59.520000 60.032000 67
60.160000 60.288000 67
60.416000 61.984000 65
63.392000 64.128000 65
64.128000 65.216000 63
66.112000 67.360000 63
67.488000 70.976000 63
73.600000 73.664000 59
73.664000 73.984000 62
74.080000 74.304000 65
74.528000 75.072000 66
76.672000 77.952000 67
77.952000 78.848000 65
81.024000 81.728000 65
81.728000 82.752000 63
83.712000 83.808000 59
83.808000 84.096000 62
84.288000 84.736000 65
84.864000 86.208000 67
87.744000 87.808000 61
87.808000 88.416000 64
88.576000 89.120000 66
90.816000 91.104000 67
91.200000 92.288000 67
92.288000 93.408000 65
95.136000 95.488000 66
95.616000 96.352000 63
97.792000 97.856000 58
97.856000 98.144000 62
98.272000 99.104000 65
99.200000 100.512000 67
101.728000 101.792000 59
101.792000 101.824000 62
101.824000 102.112000 66
102.240000 102.656000 67
102.656000 103.264000 69
104.864000 106.400000 69
106.528000 107.136000 62
109.184000 109.536000 67
109.760000 111.072000 68
112.352000 112.608000 65
112.736000 113.152000 62
113.376000 114.464000 58
116.000000 116.192000 63
116.384000 116.608000 65
116.896000 117.280000 66
119.008000 119.328000 66
119.520000 119.968000 67
120.096000 120.224000 67
120.352000 121.664000 65
123.328000 125.024000 63
126.016000 126.336000 63
126.432000 127.200000 63
127.360000 131.360000 63
131.456000 131.584000 67
131.680000 131.776000 67
133.504000 133.600000 60
133.600000 133.952000 62
133.952000 134.464000 64
134.560000 135.104000 66
136.640000 138.176000 67
138.368000 138.880000 65
139.008000 139.136000 65
139.296000 139.552000 68
141.024000 142.592000 63
143.968000 146.080000 67
146.112000 146.144000 66
146.208000 146.368000 67
147.648000 147.840000 62
147.840000 148.608000 65
148.608000 149.056000 67
149.152000 149.376000 67
150.688000 151.872000 67
152.032000 152.224000 67
152.288000 152.480000 65
152.544000 152.736000 65
152.832000 153.440000 65
155.072000 155.616000 65
155.680000 155.872000 62
156.032000 156.864000 63
157.728000 158.240000 63
158.240000 160.640000 67
160.800000 160.864000 67
161.696000 161.760000 65
161.760000 162.528000 67
162.528000 163.424000 69
164.480000 164.608000 67
165.216000 166.336000 70
166.560000 167.200000 63
169.216000 172.096000 68
172.288000 172.512000 66
172.640000 172.928000 64
173.056000 173.248000 62
173.376000 173.664000 59
176.288000 176.480000 65
176.704000 177.472000 66
178.912000 179.200000 55
179.328000 179.936000 67
180.032000 181.504000 65
183.328000 183.648000 65
183.808000 184.512000 63
186.016000 186.208000 62
186.432000 187.008000 64
187.136000 188.768000 63
190.720000 191.136000 77
191.392000 193.376000 75
211.104000 211.808000 78
212.032000 212.160000 78
212.256000 212.768000 78
212.864000 213.120000 70
213.216000 213.248000 70
213.280000 213.504000 70
213.728000 213.792000 69
215.936000 216.160000 68
216.480000 217.696000 67
217.792000 217.888000 67
218.432000 218.528000 67
221.120000 221.216000 75
222.624000 222.912000 65
223.008000 223.488000 67
223.488000 223.776000 71
225.120000 225.376000 62
225.504000 225.824000 65
225.984000 226.592000 67
228.256000 228.512000 67
228.672000 229.152000 55
229.248000 229.376000 67
229.472000 229.664000 67
229.984000 230.752000 66
232.640000 233.088000 65
233.088000 233.600000 63
233.632000 234.400000 63
235.232000 235.328000 58
235.648000 237.504000 67
237.536000 238.144000 67
238.336000 238.560000 66
239.328000 240.608000 65
242.336000 243.488000 67
243.648000 243.776000 67
243.872000 244.832000 66
244.896000 245.024000 66
246.720000 247.264000 65
247.744000 247.808000 63
248.096000 248.256000 65
248.320000 248.352000 63
249.408000 249.696000 63
249.824000 252.448000 67
253.344000 253.440000 65
253.440000 254.912000 68
255.456000 255.616000 67
256.832000 257.952000 70
258.176000 258.592000 63
260.864000 263.040000 68
263.360000 263.712000 65
263.904000 264.096000 66
264.288000 264.608000 63
264.960000 265.120000 60
265.280000 265.408000 58
267.840000 268.032000 65
270.528000 271.520000 67
271.616000 272.896000 65
274.944000 275.264000 66
275.456000 276.352000 63
277.664000 277.920000 62
278.112000 278.880000 65
278.912000 280.608000 63
