7.328000 7.488000 56
8.128000 8.608000 53
8.864000 9.504000 55
10.304000 10.400000 52
12.096000 12.608000 72
13.344000 14.400000 62
14.432000 14.560000 63
14.560000 15.296000 69
15.392000 15.520000 67
15.616000 15.744000 69
15.840000 15.968000 67
16.096000 16.544000 64
16.544000 16.736000 67
16.736000 16.928000 71
17.056000 18.464000 69
18.944000 19.552000 72
19.680000 19.776000 69
19.776000 21.248000 67
21.248000 22.272000 64
22.752000 23.488000 64
23.488000 24.096000 69
24.224000 24.352000 66
24.448000 25.280000 62
25.376000 26.112000 62
26.560000 26.624000 63
26.624000 26.752000 66
26.848000 26.976000 67
26.976000 27.328000 64
27.520000 27.968000 62
27.968000 28.352000 60
28.512000 29.408000 57
30.816000 31.168000 69
31.744000 32.160000 69
32.160000 32.704000 67
32.704000 33.696000 63
34.080000 34.688000 62
34.848000 35.264000 58
35.328000 35.392000 61
35.392000 35.424000 63
35.424000 36.160000 66
36.160000 37.248000 64
37.888000 37.984000 60
37.984000 38.240000 61
38.240000 38.592000 63
38.592000 39.968000 64
39.968000 41.280000 62
41.632000 41.856000 67
41.984000 42.080000 68
42.080000 42.304000 67
42.304000 42.464000 64
42.592000 42.752000 62
42.880000 43.072000 63
43.072000 43.456000 60
43.584000 44.608000 57
46.368000 46.496000 74
49.408000 49.440000 76
52.960000 53.728000 67
53.856000 54.240000 64
54.336000 54.528000 67
54.528000 54.720000 72
54.880000 56.320000 69
56.736000 57.344000 72
57.472000 57.568000 69
57.568000 59.072000 67
59.072000 60.032000 64
60.480000 61.056000 64
61.056000 61.824000 69
61.952000 62.080000 66
62.080000 63.200000 62
63.296000 63.872000 61
64.192000 64.256000 62
64.256000 64.352000 65
64.480000 64.672000 67
64.672000 64.832000 65
64.960000 65.120000 63
65.120000 65.952000 61
66.112000 67.296000 57
68.416000 68.544000 69
68.640000 68.768000 69
69.568000 69.728000 69
69.728000 70.208000 67
70.208000 70.624000 64
70.720000 70.880000 62
70.880000 71.520000 63
71.648000 72.160000 61
72.512000 72.832000 57
72.928000 72.992000 60
72.992000 74.912000 64
75.424000 75.616000 60
75.616000 76.256000 62
76.384000 76.512000 64
76.512000 77.024000 66
77.024000 77.664000 62
77.792000 78.144000 61
78.272000 78.464000 61
78.560000 78.752000 62
79.168000 79.264000 62
79.424000 79.712000 64
79.872000 79.968000 67
80.096000 83.264000 69
97.760000 97.920000 67
98.016000 98.112000 67
98.240000 98.368000 69
98.528000 98.592000 66
98.720000 99.040000 64
99.136000 99.360000 67
99.360000 99.552000 71
99.648000 101.024000 69
101.472000 102.080000 72
102.176000 102.304000 69
102.304000 103.712000 67
103.712000 104.704000 64
105.152000 105.696000 64
105.824000 105.984000 72
105.984000 106.656000 69
106.752000 107.584000 62
107.712000 108.480000 61
108.864000 108.928000 64
108.928000 109.312000 66
109.312000 109.632000 64
109.760000 110.176000 62
110.176000 110.560000 60
110.720000 111.840000 57
112.608000 112.768000 57
112.992000 113.088000 57
113.216000 113.312000 57
113.472000 113.632000 58
113.856000 114.048000 69
114.144000 114.272000 69
114.272000 114.784000 68
114.784000 115.168000 64
115.264000 115.872000 63
116.192000 116.768000 62
116.960000 117.056000 60
117.056000 117.472000 57
117.472000 119.392000 64
120.000000 120.256000 61
120.256000 120.608000 62
120.608000 121.824000 64
121.824000 123.168000 62
123.552000 123.776000 67
123.872000 123.968000 68
123.968000 124.160000 67
124.160000 124.608000 64
124.736000 124.928000 64
124.928000 125.344000 59
125.440000 126.528000 57
127.712000 128.288000 53
128.416000 128.512000 54
129.792000 129.888000 57
130.432000 130.848000 67
131.328000 131.520000 67
132.768000 132.992000 64
134.592000 135.360000 67
135.552000 135.872000 64
135.968000 136.192000 68
136.192000 136.352000 72
136.448000 137.888000 69
138.272000 138.848000 72
139.008000 139.104000 69
139.104000 140.480000 67
140.480000 141.472000 64
141.920000 142.496000 64
142.496000 142.592000 66
142.592000 142.784000 71
142.784000 143.456000 69
143.456000 143.680000 64
143.776000 144.384000 62
144.512000 144.640000 60
144.704000 145.312000 62
145.632000 146.208000 66
146.304000 146.432000 64
146.432000 146.944000 62
146.944000 147.328000 60
147.488000 148.512000 57
149.728000 149.792000 68
149.952000 150.048000 69
150.624000 150.752000 68
150.880000 151.040000 69
151.040000 151.296000 67
151.456000 151.552000 67
151.552000 151.744000 64
151.808000 151.936000 62
152.064000 152.672000 63
152.960000 153.536000 62
153.728000 154.240000 57
154.240000 156.160000 64
156.640000 156.864000 60
156.864000 157.472000 62
157.632000 157.696000 64
157.696000 157.952000 66
158.048000 158.208000 66
158.208000 158.880000 62
159.008000 159.360000 61
159.488000 159.968000 61
160.288000 160.448000 60
160.608000 160.896000 64
161.056000 161.152000 67
161.280000 164.864000 69
168.192000 170.432000 57
