11.616000 11.744000 56
11.744000 12.224000 58
12.544000 13.056000 55
14.368000 14.944000 56
15.136000 15.584000 56
15.744000 16.832000 58
17.152000 17.728000 56
18.848000 18.976000 56
19.136000 19.520000 55
19.744000 20.192000 55
20.992000 21.440000 60
21.824000 22.240000 56
23.584000 24.288000 56
24.384000 25.344000 57
25.536000 25.728000 54
25.952000 26.560000 56
30.112000 30.400000 56
30.400000 30.880000 59
30.976000 31.744000 56
32.992000 33.216000 56
33.312000 34.080000 56
34.176000 34.240000 56
34.240000 34.592000 59
34.848000 35.552000 59
35.712000 36.320000 56
37.408000 38.048000 56
38.240000 38.688000 55
38.848000 39.232000 53
39.392000 40.064000 60
40.224000 41.056000 57
41.952000 43.552000 56
43.744000 43.904000 54
44.000000 45.632000 53
47.488000 47.840000 63
48.032000 49.088000 63
49.440000 50.528000 64
50.624000 50.848000 66
50.848000 51.456000 64
52.032000 52.448000 62
52.640000 53.728000 61
54.144000 54.304000 63
54.400000 54.528000 63
54.528000 54.848000 59
55.040000 56.032000 64
56.352000 56.480000 59
56.704000 57.056000 67
57.184000 58.016000 64
58.176000 58.368000 61
58.656000 58.976000 59
58.976000 60.160000 67
60.160000 60.320000 64
60.416000 61.248000 64
61.856000 62.112000 64
62.112000 62.272000 66
62.464000 64.928000 66
65.568000 65.824000 59
65.920000 66.112000 68
66.240000 66.720000 68
66.720000 67.296000 66
67.424000 67.488000 64
67.488000 67.808000 67
67.968000 68.256000 60
68.256000 68.608000 66
68.800000 69.600000 64
69.696000 70.144000 65
70.304000 70.432000 59
70.528000 71.040000 66
71.136000 71.936000 65
72.096000 72.256000 64
72.512000 73.056000 64
73.152000 73.408000 64
73.408000 74.528000 66
74.528000 75.040000 68
75.168000 75.584000 67
75.744000 75.968000 66
75.968000 76.192000 64
76.288000 76.832000 64
77.184000 77.696000 64
77.696000 78.432000 63
78.624000 80.160000 67
80.288000 80.512000 66
80.640000 81.088000 64
81.216000 81.408000 64
81.504000 81.728000 64
81.728000 82.112000 61
82.112000 82.656000 66
82.656000 82.816000 68
82.944000 83.712000 64
84.032000 84.224000 59
84.352000 84.608000 68
84.704000 85.184000 68
85.184000 85.792000 66
85.888000 86.336000 67
86.336000 86.592000 59
86.688000 87.072000 67
87.264000 87.456000 66
87.584000 88.608000 64
88.768000 88.960000 60
88.960000 90.016000 66
90.176000 90.784000 64
90.976000 92.256000 64
92.448000 93.472000 67
93.632000 94.048000 66
94.176000 94.976000 65
95.136000 95.424000 64
95.648000 96.352000 64
96.512000 96.736000 63
96.832000 97.024000 59
97.152000 97.440000 65
97.440000 99.008000 67
99.008000 100.448000 64
100.576000 100.992000 60
101.504000 101.664000 58
101.664000 101.696000 61
101.696000 102.464000 66
102.464000 103.296000 63
103.488000 103.680000 63
103.776000 104.736000 64
127.040000 127.360000 57
127.360000 127.840000 59
128.000000 128.832000 56
129.760000 130.144000 56
130.240000 130.496000 54
130.496000 131.488000 56
131.712000 132.480000 59
132.576000 133.280000 56
134.272000 134.976000 56
135.136000 135.648000 55
135.808000 136.128000 53
136.288000 136.928000 60
137.152000 138.080000 57
138.912000 140.448000 56
140.608000 140.768000 55
140.928000 141.632000 53
144.416000 144.768000 63
144.960000 145.984000 63
146.432000 147.424000 64
147.520000 147.744000 65
147.840000 148.288000 64
148.960000 149.376000 62
149.600000 150.624000 61
151.040000 151.232000 62
151.296000 151.456000 62
151.456000 151.808000 59
151.936000 152.992000 63
153.280000 153.472000 59
153.632000 153.952000 67
154.048000 154.944000 64
155.104000 155.264000 61
155.616000 155.808000 59
155.904000 156.512000 67
156.512000 157.024000 64
157.088000 157.248000 64
157.376000 158.208000 61
158.816000 159.232000 64
159.424000 161.920000 66
162.496000 162.720000 59
162.816000 163.040000 68
163.136000 163.648000 68
163.648000 164.256000 66
164.352000 164.704000 67
164.864000 165.120000 60
165.120000 165.504000 67
165.696000 165.888000 66
165.984000 166.496000 64
166.624000 166.880000 65
167.168000 167.328000 58
167.424000 167.776000 67
167.776000 168.768000 65
168.960000 169.184000 64
169.440000 170.240000 64
170.336000 171.328000 66
171.328000 171.616000 68
171.744000 171.936000 68
172.096000 172.512000 66
172.672000 173.792000 64
174.048000 175.008000 63
175.104000 175.328000 59
175.520000 176.160000 66
176.352000 177.088000 67
177.248000 177.440000 66
177.536000 177.984000 64
178.144000 178.336000 64
178.432000 178.656000 64
178.656000 179.040000 61
179.040000 179.264000 63
179.264000 179.744000 68
179.840000 180.672000 64
180.928000 181.120000 59
181.280000 182.080000 68
182.080000 182.336000 66
182.432000 182.688000 66
182.816000 183.200000 67
183.328000 183.584000 59
183.584000 184.000000 67
184.160000 184.352000 66
184.512000 185.408000 64
185.664000 185.920000 59
185.920000 186.688000 67
186.688000 186.912000 64
187.072000 187.648000 64
187.904000 189.248000 64
189.376000 189.920000 66
189.920000 190.432000 68
190.592000 191.008000 66
191.136000 191.872000 64
192.064000 192.256000 64
192.544000 193.280000 64
193.440000 193.632000 64
193.632000 193.952000 59
193.952000 195.360000 67
195.456000 197.376000 64
197.504000 197.952000 60
198.368000 198.592000 59
198.592000 198.624000 62
198.624000 199.456000 66
199.456000 200.160000 64
200.320000 201.216000 63
201.760000 201.984000 60
202.080000 202.272000 69
202.400000 202.880000 69
202.880000 203.968000 67
204.096000 204.384000 60
204.384000 204.768000 68
204.960000 205.152000 67
205.248000 205.760000 65
205.856000 206.208000 66
206.368000 206.528000 72
206.656000 207.072000 68
207.072000 207.168000 65
207.200000 207.264000 64
207.264000 208.064000 66
208.160000 208.448000 65
208.736000 209.184000 66
209.312000 209.472000 65
209.568000 210.656000 67
210.656000 211.584000 68
211.680000 211.904000 67
211.904000 212.288000 65
212.448000 213.056000 65
213.312000 213.920000 66
213.952000 214.368000 65
214.368000 214.624000 60
214.752000 215.392000 67
215.616000 216.352000 68
216.480000 216.672000 67
216.768000 217.248000 65
217.376000 217.536000 65
217.632000 217.856000 65
217.856000 218.208000 62
218.208000 218.496000 64
218.496000 220.000000 68
220.192000 220.448000 71
220.544000 220.704000 72
220.832000 220.896000 67
220.896000 221.312000 69
221.312000 221.600000 66
221.696000 222.400000 67
222.560000 222.720000 69
222.880000 223.264000 68
223.424000 223.616000 67
223.744000 224.000000 65
224.000000 224.608000 67
224.832000 226.176000 67
226.336000 226.880000 65
227.104000 228.448000 65
228.608000 228.832000 72
228.832000 229.344000 69
229.408000 229.568000 69
229.760000 230.208000 67
230.336000 231.072000 65
231.264000 231.488000 65
231.776000 232.480000 65
232.608000 232.768000 65
232.768000 233.152000 60
233.152000 234.912000 68
235.360000 235.520000 62
235.520000 236.256000 67
236.352000 236.576000 65
236.736000 236.960000 60
236.960000 237.216000 62
237.472000 237.824000 60
237.824000 238.624000 67
238.720000 239.264000 64
239.712000 240.640000 64
