17.664000 20.352000 66
20.480000 20.800000 64
20.800000 21.440000 62
21.440000 22.752000 59
23.104000 23.968000 58
24.160000 27.680000 64
28.352000 28.416000 58
28.416000 28.480000 60
28.480000 28.736000 62
28.736000 29.120000 64
29.120000 29.696000 66
29.696000 31.104000 69
31.104000 32.000000 66
32.160000 33.472000 59
33.824000 34.048000 57
34.176000 35.360000 58
35.456000 36.256000 65
36.256000 37.856000 62
39.136000 39.200000 66
39.200000 40.064000 69
40.064000 41.056000 72
41.216000 41.440000 66
41.536000 44.160000 69
44.480000 44.544000 63
44.544000 45.536000 69
45.536000 46.784000 71
46.880000 47.776000 66
47.936000 48.704000 67
48.704000 49.600000 64
49.920000 50.752000 66
50.752000 51.584000 62
51.584000 52.288000 59
52.288000 52.864000 62
52.960000 53.632000 59
53.792000 53.952000 55
53.952000 54.656000 58
55.296000 55.904000 62
55.904000 56.352000 64
56.352000 56.672000 66
56.672000 58.144000 69
58.144000 59.904000 71
60.128000 61.440000 69
61.568000 62.496000 65
62.496000 65.408000 62
76.672000 79.136000 66
79.584000 79.872000 64
79.872000 80.544000 62
80.544000 81.856000 59
82.144000 82.912000 57
82.912000 83.232000 59
83.232000 86.592000 64
87.552000 87.616000 61
87.616000 87.936000 62
87.936000 88.288000 64
88.288000 88.736000 66
88.736000 90.496000 69
90.624000 90.976000 65
90.976000 92.736000 59
92.960000 93.184000 57
93.280000 93.792000 58
93.984000 94.464000 58
94.752000 95.232000 66
95.232000 96.640000 62
96.736000 96.832000 62
98.176000 98.240000 61
98.240000 99.200000 69
99.296000 99.424000 71
99.424000 99.872000 74
99.872000 100.128000 71
100.288000 103.264000 69
103.584000 104.768000 69
104.768000 104.960000 74
104.960000 105.920000 71
105.920000 106.848000 66
107.040000 107.136000 66
107.136000 107.264000 69
107.456000 108.000000 64
108.096000 108.608000 64
109.024000 109.696000 66
109.696000 109.952000 64
109.952000 110.656000 62
110.656000 111.904000 60
112.000000 112.672000 59
112.800000 112.960000 55
112.960000 113.632000 57
113.792000 113.920000 57
114.304000 114.976000 62
114.976000 115.328000 64
115.328000 115.680000 66
115.680000 117.248000 69
117.248000 118.944000 71
119.104000 120.416000 69
120.544000 121.408000 65
121.408000 124.032000 62
124.128000 124.224000 62
141.248000 143.968000 66
144.128000 144.192000 65
144.192000 144.448000 64
144.448000 145.504000 62
145.504000 146.368000 59
146.816000 147.552000 57
147.552000 147.808000 59
147.808000 151.232000 64
151.328000 151.488000 65
152.224000 152.896000 63
152.896000 153.600000 66
153.600000 154.912000 69
154.912000 155.648000 65
155.648000 157.248000 59
157.728000 158.528000 57
158.688000 159.296000 58
159.296000 161.888000 62
162.944000 163.008000 62
163.008000 163.872000 69
164.000000 164.160000 71
164.160000 164.640000 74
164.640000 164.960000 71
165.056000 165.280000 66
165.376000 168.064000 69
168.096000 169.248000 69
169.440000 169.504000 71
169.504000 169.984000 74
169.984000 170.720000 71
170.816000 172.736000 66
172.736000 173.312000 64
173.824000 174.624000 66
174.624000 175.424000 63
175.584000 175.680000 61
175.680000 176.256000 59
176.256000 176.736000 62
176.928000 177.024000 62
177.024000 177.184000 60
177.184000 177.248000 59
177.248000 178.656000 57
179.200000 179.872000 62
179.872000 180.224000 64
180.224000 180.992000 67
181.248000 181.568000 66
181.568000 183.968000 71
184.096000 185.248000 69
185.248000 185.664000 67
185.664000 186.336000 66
186.336000 188.864000 62
189.440000 190.592000 69
190.592000 191.424000 66
191.520000 191.648000 64
191.936000 192.576000 59
193.280000 193.376000 61
194.944000 195.296000 69
