24.736000 24.800000 62
24.800000 26.432000 68
26.560000 26.624000 68
26.656000 26.688000 66
27.136000 27.424000 59
27.424000 29.024000 62
29.472000 29.920000 57
30.048000 30.336000 60
30.336000 30.688000 62
30.688000 33.728000 64
34.208000 35.840000 68
36.480000 36.544000 58
36.544000 38.368000 61
38.880000 39.456000 57
39.456000 40.128000 60
40.128000 40.704000 63
40.704000 44.672000 56
44.704000 44.864000 56
45.920000 47.648000 68
48.224000 48.288000 58
48.288000 50.208000 61
50.656000 51.200000 57
51.200000 51.488000 60
51.488000 51.904000 62
51.904000 54.848000 63
55.296000 55.360000 61
55.360000 56.448000 68
56.544000 57.312000 68
57.600000 57.664000 57
57.664000 59.456000 61
60.064000 60.576000 56
60.576000 61.120000 60
61.216000 62.048000 63
62.048000 65.344000 56
65.440000 65.600000 63
66.496000 66.752000 65
66.752000 67.616000 68
67.968000 68.032000 64
68.032000 68.320000 67
68.320000 68.864000 68
69.152000 69.216000 62
69.216000 69.504000 64
69.504000 71.360000 66
71.552000 72.576000 64
72.736000 73.024000 61
73.024000 73.824000 64
73.952000 74.112000 63
74.208000 74.272000 60
74.272000 74.496000 64
74.496000 74.656000 62
74.656000 74.912000 59
74.912000 76.064000 63
76.384000 76.576000 66
76.672000 77.216000 68
77.216000 77.248000 64
77.568000 78.400000 67
78.784000 79.072000 64
79.072000 79.808000 67
79.808000 81.120000 66
81.408000 81.472000 60
81.472000 81.568000 63
81.568000 82.688000 65
82.688000 84.576000 67
84.736000 85.152000 68
85.152000 85.408000 67
85.408000 85.504000 73
85.664000 90.624000 64
91.168000 91.232000 62
91.232000 91.968000 68
92.064000 92.256000 67
92.384000 92.832000 67
92.992000 93.152000 67
93.152000 93.344000 62
93.344000 93.536000 57
93.536000 95.360000 61
95.936000 96.448000 56
96.448000 96.992000 60
97.088000 97.152000 61
97.152000 97.792000 64
97.792000 98.144000 60
98.240000 102.176000 56
102.208000 102.304000 56
114.592000 114.688000 70
114.688000 114.880000 73
116.448000 116.704000 74
131.744000 131.808000 62
131.808000 132.064000 66
132.064000 132.896000 68
132.992000 133.408000 68
133.664000 133.824000 65
134.176000 134.368000 59
134.464000 136.064000 61
136.576000 136.992000 56
137.120000 137.440000 60
137.440000 137.760000 61
137.760000 140.896000 63
141.376000 143.040000 67
143.136000 143.264000 67
143.264000 143.392000 63
143.616000 145.472000 61
146.112000 146.624000 56
146.624000 147.040000 60
147.040000 147.936000 63
147.936000 148.160000 61
148.160000 148.960000 56
149.056000 151.392000 56
151.424000 151.456000 55
151.520000 151.744000 56
152.832000 152.896000 63
152.896000 153.216000 66
153.216000 153.728000 68
154.080000 154.912000 67
155.296000 155.648000 63
155.648000 156.064000 66
156.224000 156.640000 64
156.640000 157.440000 66
157.696000 158.848000 64
158.944000 159.264000 61
159.264000 160.064000 64
160.192000 160.352000 64
160.448000 160.960000 62
160.960000 161.024000 58
161.024000 161.568000 60
161.568000 162.240000 63
162.528000 162.592000 62
162.592000 163.392000 67
163.744000 164.640000 67
165.024000 165.312000 64
165.312000 166.080000 66
166.080000 166.240000 60
166.240000 167.360000 66
167.648000 167.712000 58
167.712000 169.024000 64
169.024000 170.144000 66
170.336000 170.400000 64
170.400000 170.816000 68
170.880000 171.392000 68
171.392000 171.648000 67
171.648000 171.744000 72
171.904000 176.928000 64
177.472000 177.536000 63
177.536000 178.560000 67
178.688000 179.136000 67
179.264000 179.392000 66
179.776000 181.760000 61
182.272000 182.816000 56
182.816000 183.328000 60
183.424000 184.288000 63
184.288000 184.544000 59
184.608000 188.224000 56
189.312000 190.464000 67
190.592000 191.072000 67
191.200000 191.328000 66
191.712000 193.696000 61
194.144000 194.624000 56
194.624000 195.200000 60
195.328000 195.392000 60
195.392000 195.936000 63
195.936000 196.384000 60
196.512000 200.800000 56
