16.352000 17.376000 55
17.696000 18.080000 58
18.208000 18.464000 58
18.464000 19.360000 60
19.520000 20.256000 63
20.256000 22.784000 62
23.776000 24.832000 65
24.992000 25.312000 63
25.312000 25.568000 57
25.792000 25.952000 58
25.952000 26.944000 60
26.944000 27.296000 56
27.456000 28.832000 58
29.056000 29.184000 58
31.008000 32.640000 56
32.896000 33.632000 60
33.632000 34.880000 63
35.104000 36.768000 63
38.144000 39.296000 65
39.424000 39.776000 63
39.776000 40.032000 56
40.224000 40.384000 58
40.384000 41.472000 60
41.472000 41.792000 56
41.920000 42.880000 56
42.944000 43.424000 55
45.472000 46.624000 59
46.848000 47.232000 63
47.392000 47.680000 69
47.680000 49.216000 70
49.216000 50.496000 63
50.496000 52.192000 63
52.992000 54.432000 65
54.432000 55.936000 69
56.096000 59.968000 70
60.416000 62.176000 72
62.336000 63.840000 70
64.192000 64.480000 67
64.480000 64.896000 68
64.896000 65.056000 67
65.056000 65.920000 65
65.920000 66.240000 60
66.336000 67.328000 62
67.712000 69.248000 64
69.632000 71.072000 70
71.168000 76.224000 68
90.720000 91.776000 56
92.032000 92.448000 58
92.576000 93.088000 59
93.088000 93.664000 61
93.664000 93.728000 63
93.824000 94.432000 64
94.432000 96.960000 62
97.088000 97.184000 63
98.144000 99.232000 65
99.392000 99.680000 63
99.680000 99.936000 57
100.128000 100.320000 58
100.320000 101.280000 60
101.280000 101.696000 56
101.888000 103.616000 58
105.504000 107.168000 56
107.360000 108.192000 60
108.192000 109.312000 63
109.504000 111.712000 63
112.704000 114.368000 64
114.368000 114.560000 57
114.784000 115.168000 59
115.168000 116.064000 60
116.064000 116.320000 56
116.512000 117.280000 56
117.536000 117.664000 56
117.728000 117.984000 56
120.064000 121.184000 59
121.440000 121.792000 63
121.952000 122.016000 64
122.016000 122.240000 69
122.240000 123.840000 70
123.840000 126.304000 63
126.368000 126.592000 63
127.616000 129.088000 65
129.088000 130.528000 69
130.688000 134.560000 70
135.072000 136.800000 71
136.960000 138.560000 70
138.816000 139.136000 66
139.136000 139.552000 68
139.552000 139.648000 67
139.648000 140.480000 65
140.480000 141.792000 63
142.272000 143.744000 65
144.160000 145.600000 70
145.760000 150.240000 68
179.264000 180.352000 59
180.608000 181.024000 63
181.120000 181.184000 65
181.184000 181.440000 69
181.440000 182.976000 70
182.976000 185.632000 63
186.752000 188.256000 65
188.256000 189.600000 69
189.760000 193.376000 70
194.080000 195.776000 72
195.936000 197.344000 70
197.760000 198.080000 67
198.080000 198.464000 68
198.464000 199.520000 65
199.520000 199.776000 60
199.872000 200.576000 63
201.152000 202.688000 64
203.072000 204.448000 70
204.608000 209.568000 68
214.016000 216.736000 56
