4.928000 5.728000 73
13.472000 13.664000 73
14.048000 14.144000 74
15.520000 15.680000 72
15.680000 15.744000 68
16.768000 17.440000 70
17.536000 18.368000 54
19.328000 19.520000 56
19.616000 19.808000 58
19.808000 20.160000 60
20.288000 20.480000 59
20.480000 22.240000 62
23.040000 23.648000 64
23.744000 23.936000 61
23.936000 24.608000 59
24.768000 25.632000 62
25.760000 26.240000 62
27.040000 27.456000 55
27.552000 27.680000 58
27.776000 27.936000 61
27.936000 28.288000 59
28.288000 28.416000 62
28.416000 29.504000 63
29.504000 29.952000 65
29.952000 30.816000 62
31.520000 31.840000 65
31.840000 32.032000 64
32.032000 32.480000 61
32.608000 33.920000 61
34.688000 35.200000 60
35.296000 35.520000 58
35.520000 35.968000 62
36.064000 38.240000 61
39.264000 39.680000 62
39.808000 40.128000 65
40.320000 42.880000 70
43.264000 43.456000 70
43.552000 43.808000 70
43.808000 43.968000 69
43.968000 44.416000 65
44.416000 46.624000 68
47.168000 47.808000 65
47.808000 48.736000 62
48.864000 48.960000 63
48.960000 49.344000 61
49.344000 50.048000 64
50.048000 50.656000 62
51.584000 51.776000 63
51.776000 52.032000 61
52.032000 52.416000 63
52.416000 52.544000 66
52.544000 53.952000 68
53.952000 55.168000 69
55.616000 55.680000 65
55.680000 56.064000 70
56.064000 56.384000 68
56.384000 59.616000 65
59.616000 60.320000 61
60.544000 60.608000 57
60.608000 60.864000 59
60.928000 61.184000 60
61.216000 61.632000 59
61.664000 61.696000 58
61.760000 62.560000 59
62.656000 62.912000 59
63.552000 64.256000 58
64.352000 64.608000 58
64.608000 64.736000 61
64.864000 66.496000 61
67.136000 68.128000 63
68.224000 70.656000 61
70.752000 70.848000 61
72.448000 72.640000 60
72.992000 73.312000 63
73.408000 73.888000 63
74.112000 74.208000 66
74.208000 74.528000 70
74.528000 74.720000 63
75.104000 75.200000 64
75.392000 75.552000 62
75.552000 75.616000 67
75.616000 76.000000 74
76.896000 77.376000 72
77.664000 78.016000 73
80.000000 80.160000 72
81.664000 81.984000 73
82.144000 82.240000 74
85.600000 86.464000 58
87.776000 87.872000 58
87.968000 88.160000 61
88.160000 88.320000 59
88.448000 88.608000 58
88.608000 90.432000 62
91.168000 91.808000 64
91.904000 92.128000 62
92.128000 92.768000 59
92.928000 93.792000 62
93.920000 94.560000 62
95.136000 95.712000 57
95.712000 96.544000 59
96.544000 98.496000 63
98.496000 98.944000 62
99.680000 100.000000 65
100.000000 100.160000 63
100.160000 100.608000 61
100.704000 102.176000 61
102.880000 103.168000 61
103.424000 103.584000 58
103.584000 103.680000 59
103.680000 104.096000 62
104.192000 106.688000 61
107.424000 107.648000 61
107.648000 107.808000 63
107.936000 108.288000 65
108.448000 111.040000 70
111.424000 111.616000 70
111.744000 112.064000 70
112.064000 114.944000 68
115.168000 116.032000 65
116.032000 116.864000 62
116.960000 117.440000 61
117.440000 118.208000 64
118.208000 118.784000 62
119.712000 120.512000 63
120.512000 120.704000 65
120.704000 122.176000 68
122.176000 122.720000 70
122.720000 123.296000 68
123.712000 123.776000 65
123.776000 124.512000 69
124.512000 127.904000 65
127.904000 128.480000 60
128.512000 128.672000 56
128.672000 129.248000 60
129.312000 129.344000 58
129.376000 129.600000 59
129.952000 130.176000 58
130.304000 130.528000 59
130.720000 130.944000 58
131.680000 132.384000 58
132.480000 132.736000 58
132.736000 132.896000 62
132.992000 134.784000 61
135.264000 135.680000 63
135.776000 136.160000 65
136.288000 138.720000 61
139.264000 139.456000 60
139.552000 139.744000 61
139.744000 139.936000 63
140.032000 140.384000 66
140.544000 143.008000 70
143.488000 143.680000 70
143.776000 144.064000 70
144.064000 144.224000 68
144.224000 144.640000 66
144.640000 147.072000 68
147.360000 148.128000 65
148.128000 149.760000 62
149.760000 150.464000 63
150.560000 150.848000 63
151.776000 151.904000 63
151.904000 152.288000 61
152.288000 152.672000 63
152.672000 152.736000 65
152.736000 153.568000 68
153.568000 155.392000 69
155.840000 155.904000 67
155.904000 156.640000 69
156.640000 159.104000 65
159.296000 159.808000 65
159.808000 160.352000 62
160.448000 161.056000 60
161.408000 161.440000 57
161.600000 161.792000 60
161.824000 162.080000 59
162.336000 162.464000 58
162.560000 163.104000 59
163.744000 164.832000 58
164.832000 164.928000 61
165.024000 165.792000 61
165.856000 165.888000 59
165.920000 166.912000 61
167.392000 167.776000 63
167.840000 168.288000 65
168.384000 170.272000 61
170.496000 172.256000 61
172.416000 172.544000 60
172.544000 173.248000 63
173.504000 176.736000 61
176.832000 176.928000 61
