28.768000 28.832000 55
28.832000 28.960000 59
29.120000 29.536000 59
29.632000 29.952000 56
30.112000 30.656000 60
30.784000 30.912000 59
30.912000 31.296000 57
31.424000 31.488000 53
31.488000 32.320000 59
32.448000 32.608000 55
32.608000 32.832000 57
34.080000 34.272000 59
34.368000 34.592000 60
34.720000 34.976000 58
34.976000 35.264000 57
35.264000 35.616000 60
35.680000 35.968000 60
35.968000 36.288000 58
36.448000 36.576000 57
36.736000 37.280000 61
37.376000 37.632000 57
37.728000 37.824000 54
37.824000 38.144000 57
39.392000 39.456000 60
39.456000 39.968000 62
39.968000 41.280000 60
41.376000 41.600000 60
41.696000 43.136000 60
43.232000 43.680000 64
44.864000 44.928000 53
44.928000 45.248000 59
45.408000 45.824000 59
46.208000 46.848000 59
46.976000 47.232000 59
47.520000 47.616000 54
47.616000 47.808000 55
47.808000 48.256000 58
48.320000 48.448000 59
48.448000 48.928000 57
52.000000 52.416000 59
54.272000 54.368000 68
54.464000 54.624000 54
54.816000 55.104000 59
55.104000 55.264000 56
55.584000 55.712000 60
56.736000 57.120000 59
57.472000 57.600000 64
57.600000 57.824000 60
58.304000 58.528000 58
59.328000 59.360000 67
59.616000 60.000000 57
60.000000 60.064000 58
60.224000 60.352000 59
65.824000 66.016000 59
66.208000 66.624000 59
66.720000 67.040000 56
67.168000 67.744000 60
67.904000 68.320000 57
68.544000 68.608000 56
68.608000 68.768000 59
68.896000 69.440000 59
69.568000 69.984000 57
71.168000 71.744000 60
71.872000 71.968000 58
72.064000 72.416000 57
72.576000 72.736000 60
73.056000 73.376000 58
73.504000 73.856000 56
73.856000 74.048000 61
74.176000 74.400000 62
74.560000 74.720000 58
74.720000 75.360000 56
76.512000 77.024000 62
77.152000 77.376000 59
77.568000 77.664000 58
77.664000 77.952000 61
78.080000 78.336000 62
78.432000 78.848000 59
79.136000 79.360000 59
79.456000 80.256000 60
80.352000 80.896000 64
81.952000 82.400000 59
82.496000 82.976000 60
83.296000 83.712000 58
83.872000 84.320000 59
84.640000 84.704000 54
84.704000 85.152000 56
85.152000 85.344000 59
85.440000 86.368000 57
88.512000 88.992000 60
89.344000 89.376000 59
89.472000 89.504000 59
91.424000 91.584000 57
91.584000 91.712000 55
91.712000 91.808000 59
91.936000 92.224000 59
92.640000 92.800000 59
93.792000 94.272000 60
94.560000 94.720000 59
95.360000 95.488000 59
96.384000 96.512000 54
96.736000 97.216000 56
97.248000 97.344000 58
97.376000 97.536000 59
107.040000 107.136000 64
107.328000 107.488000 62
107.488000 107.904000 59
134.752000 134.816000 56
134.816000 134.976000 59
135.168000 135.552000 59
135.648000 135.968000 57
136.128000 136.640000 60
136.768000 136.960000 59
136.960000 137.312000 57
137.440000 137.504000 54
137.504000 138.336000 59
138.464000 138.592000 55
138.592000 138.848000 57
140.064000 140.128000 56
140.128000 140.320000 59
140.416000 140.640000 60
140.736000 140.928000 59
140.928000 141.248000 57
141.248000 141.568000 60
141.664000 141.728000 57
141.728000 142.304000 59
142.464000 142.624000 57
142.784000 143.328000 61
143.424000 143.648000 58
143.776000 143.872000 54
143.872000 144.320000 57
145.376000 145.440000 57
145.440000 145.824000 61
145.888000 146.848000 60
146.848000 147.232000 61
147.328000 147.712000 59
147.744000 147.808000 59
148.064000 149.344000 60
149.344000 149.824000 64
150.880000 150.944000 53
150.944000 151.296000 60
151.424000 151.584000 60
151.680000 151.936000 60
152.160000 152.800000 59
152.960000 153.184000 59
153.536000 153.824000 54
153.824000 154.240000 58
154.336000 154.432000 59
154.432000 154.976000 56
157.408000 157.856000 60
158.048000 158.464000 60
159.936000 160.064000 55
160.416000 160.576000 54
160.576000 160.672000 57
160.896000 161.088000 60
161.408000 161.440000 56
161.472000 161.792000 56
162.752000 163.136000 60
163.360000 163.712000 59
164.352000 164.448000 58
165.568000 165.728000 57
165.728000 165.792000 54
165.856000 165.920000 54
165.920000 166.016000 57
166.112000 166.368000 59
166.528000 166.560000 55
167.040000 167.168000 57
167.904000 168.416000 60
168.640000 168.704000 59
168.704000 168.832000 63
168.832000 168.992000 60
169.312000 169.824000 59
170.560000 170.656000 54
171.008000 171.232000 55
171.456000 171.680000 59
172.224000 172.256000 59
173.248000 173.664000 60
173.856000 174.208000 60
174.272000 174.304000 55
174.720000 174.784000 58
174.816000 175.104000 58
176.224000 176.512000 57
177.088000 177.152000 56
177.568000 177.728000 57
178.624000 179.008000 60
179.264000 179.520000 60
180.032000 180.288000 58
181.984000 182.208000 59
182.752000 182.816000 57
183.872000 184.256000 60
184.416000 184.800000 60
