11.072000 11.808000 62
11.936000 12.224000 62
13.312000 13.408000 72
13.408000 13.472000 69
13.504000 13.664000 69
15.232000 18.816000 67
35.936000 36.064000 54
36.064000 36.352000 57
36.448000 36.704000 58
36.704000 37.248000 62
37.408000 37.568000 58
37.568000 38.304000 55
39.392000 40.736000 57
40.928000 41.696000 54
43.808000 43.936000 54
43.936000 44.352000 56
44.448000 44.672000 58
44.672000 44.896000 64
45.024000 45.280000 62
45.408000 45.664000 58
45.888000 46.400000 55
47.552000 49.152000 58
49.376000 49.600000 53
49.760000 50.336000 55
51.968000 52.320000 56
52.416000 52.672000 58
52.672000 53.184000 62
53.408000 53.664000 58
53.760000 54.272000 55
55.456000 55.840000 56
55.968000 56.288000 57
56.448000 57.088000 56
57.088000 57.120000 54
57.280000 57.536000 55
57.696000 57.888000 57
57.888000 58.528000 54
59.968000 60.192000 55
60.192000 60.608000 57
60.736000 60.992000 65
61.088000 61.312000 61
61.312000 61.600000 58
61.856000 62.464000 55
63.392000 64.352000 57
64.448000 64.800000 59
64.800000 65.408000 57
65.408000 65.696000 53
65.792000 66.656000 55
67.936000 69.120000 62
69.216000 69.536000 62
69.728000 69.952000 61
70.112000 70.240000 62
70.336000 70.528000 62
70.688000 72.256000 62
72.448000 72.608000 62
72.768000 73.024000 61
73.184000 74.560000 58
74.944000 75.104000 58
75.200000 75.456000 58
75.456000 75.744000 64
75.904000 76.576000 58
76.896000 77.152000 58
77.152000 77.472000 56
77.472000 77.760000 64
77.888000 78.624000 58
78.720000 82.048000 65
82.944000 83.040000 56
83.040000 83.104000 57
83.104000 83.168000 58
83.168000 85.152000 62
85.248000 85.856000 58
85.856000 86.304000 60
86.688000 87.296000 62
87.424000 88.064000 58
88.192000 88.992000 60
89.184000 90.336000 57
90.944000 91.136000 57
91.232000 91.552000 53
91.552000 91.840000 55
91.936000 92.000000 62
92.000000 92.192000 66
92.288000 92.736000 67
93.184000 94.016000 58
94.016000 94.816000 65
95.168000 95.328000 58
95.456000 95.872000 62
95.968000 97.152000 63
97.344000 97.632000 58
97.760000 98.432000 60
98.880000 99.168000 59
99.168000 100.128000 62
100.224000 101.152000 63
101.152000 102.304000 59
102.720000 103.136000 62
103.136000 103.328000 60
103.456000 103.616000 58
103.712000 104.064000 58
104.192000 104.320000 60
104.448000 104.864000 61
104.864000 105.024000 59
105.184000 106.272000 58
106.656000 106.880000 58
106.976000 107.232000 57
107.232000 107.840000 54
107.936000 108.800000 67
109.216000 109.824000 57
109.952000 110.848000 65
111.168000 111.424000 58
111.424000 111.552000 61
111.552000 113.088000 63
113.088000 113.536000 58
113.728000 114.144000 60
114.496000 114.752000 63
114.880000 115.360000 62
115.520000 117.504000 58
120.448000 120.576000 60
120.576000 121.728000 62
121.728000 122.624000 60
122.720000 122.880000 60
122.880000 124.576000 62
125.344000 126.496000 65
126.656000 130.080000 60
130.336000 130.784000 59
132.960000 133.600000 66
133.824000 134.144000 62
134.144000 136.768000 60
136.768000 138.528000 67
138.688000 138.912000 66
139.968000 141.120000 62
141.248000 141.536000 62
141.696000 142.624000 62
142.720000 144.256000 62
144.480000 144.608000 62
144.832000 145.088000 61
145.216000 146.592000 58
146.976000 147.136000 57
147.232000 147.456000 59
147.456000 147.776000 64
147.968000 148.672000 58
148.896000 149.120000 57
149.120000 149.440000 56
149.440000 149.760000 64
149.760000 150.656000 58
150.752000 154.016000 65
154.912000 155.040000 55
155.040000 155.168000 58
155.168000 155.488000 60
155.488000 157.472000 62
157.472000 158.368000 59
158.688000 159.104000 63
159.104000 159.296000 60
159.424000 160.064000 58
160.192000 161.024000 60
161.216000 162.400000 57
162.944000 163.104000 57
163.232000 163.552000 53
163.552000 163.872000 55
163.968000 164.768000 67
165.184000 166.144000 58
166.144000 166.752000 65
167.200000 167.360000 58
167.456000 167.840000 62
167.968000 169.152000 63
169.344000 169.664000 58
169.760000 170.400000 60
170.944000 171.104000 58
171.104000 172.128000 62
172.224000 173.152000 63
173.248000 173.664000 58
173.664000 174.400000 60
174.720000 175.136000 62
175.136000 175.328000 60
175.456000 175.616000 58
175.712000 176.064000 58
176.192000 176.352000 60
176.448000 176.864000 61
176.864000 176.960000 58
177.184000 177.472000 59
177.568000 178.240000 57
178.656000 178.848000 58
178.944000 179.200000 57
179.200000 180.192000 54
180.480000 180.768000 55
181.216000 181.344000 56
181.344000 181.952000 58
181.952000 182.848000 65
183.168000 183.424000 58
183.424000 184.352000 62
184.448000 185.120000 63
185.120000 185.408000 62
185.408000 185.632000 58
185.760000 186.144000 60
186.464000 186.752000 63
186.880000 187.360000 62
187.552000 188.160000 60
188.288000 189.824000 58
191.584000 191.680000 58
191.776000 194.272000 62
194.368000 194.624000 54
194.624000 195.968000 63
195.968000 197.440000 58
197.952000 198.464000 58
198.912000 199.104000 57
199.232000 199.520000 53
199.520000 199.936000 55
199.936000 200.768000 66
201.216000 202.016000 58
202.016000 202.944000 65
203.232000 203.392000 58
203.520000 203.904000 62
204.032000 205.376000 63
205.536000 205.728000 58
205.888000 206.368000 60
206.944000 207.104000 58
207.104000 207.680000 60
207.680000 208.128000 62
208.224000 209.056000 63
209.056000 209.248000 61
209.248000 209.664000 58
209.664000 210.400000 60
210.688000 211.296000 61
211.456000 211.616000 59
211.712000 212.096000 59
212.192000 212.352000 60
212.448000 212.832000 61
212.832000 213.056000 58
213.216000 213.472000 60
213.600000 214.272000 57
214.656000 214.848000 58
214.944000 215.200000 57
215.200000 215.840000 54
215.968000 216.064000 64
216.064000 216.256000 66
216.288000 216.800000 67
217.184000 217.344000 56
217.344000 217.920000 58
217.920000 218.976000 65
219.200000 219.456000 58
219.456000 220.384000 62
220.480000 221.184000 63
221.184000 221.600000 62
221.600000 221.728000 58
221.856000 223.584000 60
224.480000 224.800000 62
224.928000 225.408000 62
225.600000 226.304000 60
226.432000 227.712000 58
229.920000 231.680000 69
233.504000 233.856000 72
234.304000 234.432000 72
235.904000 236.032000 66
236.032000 236.192000 67
236.192000 236.864000 65
236.864000 239.392000 61
239.552000 240.640000 58
240.832000 240.928000 55
243.744000 245.376000 56
245.376000 246.016000 55
248.928000 250.240000 60
251.296000 251.872000 57
252.224000 257.920000 55
