8.032000 8.384000 53
8.608000 9.216000 52
9.824000 10.656000 54
10.848000 11.840000 54
12.160000 12.608000 61
12.608000 13.664000 57
14.464000 14.880000 53
15.104000 15.552000 52
16.192000 17.216000 54
18.592000 19.584000 54
19.776000 20.160000 56
20.960000 22.496000 52
22.624000 22.912000 55
23.008000 23.744000 54
23.872000 24.960000 54
27.424000 27.616000 52
27.616000 27.872000 54
28.064000 28.768000 52
29.472000 30.080000 54
31.104000 31.776000 69
31.776000 31.904000 66
32.384000 32.512000 62
33.152000 33.280000 62
33.280000 33.760000 58
33.952000 34.144000 57
34.144000 34.592000 53
34.720000 34.880000 52
34.976000 35.584000 52
35.776000 36.672000 54
36.800000 37.504000 57
39.584000 39.776000 62
39.776000 40.672000 57
40.672000 40.800000 53
40.800000 41.024000 54
41.280000 41.920000 52
42.048000 43.072000 54
43.200000 44.384000 61
44.480000 45.312000 61
45.504000 45.824000 62
45.952000 46.080000 66
46.080000 46.688000 64
46.688000 47.424000 62
47.520000 48.448000 64
48.576000 50.944000 64
50.976000 51.168000 64
51.776000 52.512000 62
52.512000 53.248000 64
53.408000 53.984000 62
53.984000 55.232000 64
55.424000 55.552000 58
55.552000 57.568000 64
58.688000 59.328000 62
59.424000 59.488000 65
59.488000 60.480000 68
60.480000 61.088000 66
61.184000 62.208000 58
62.752000 64.256000 66
64.384000 64.768000 59
64.768000 65.248000 62
65.344000 65.600000 66
65.600000 66.816000 63
66.976000 67.264000 66
67.264000 68.544000 63
68.640000 71.968000 64
72.128000 72.384000 74
72.384000 74.112000 76
74.208000 74.656000 74
74.912000 75.232000 76
75.360000 77.280000 76
77.408000 77.536000 76
77.536000 77.696000 74
77.696000 77.888000 69
77.888000 78.112000 66
78.144000 78.432000 65
78.528000 79.232000 62
79.360000 79.520000 66
79.520000 81.376000 62
81.376000 84.000000 64
84.032000 84.064000 66
84.224000 84.544000 65
84.640000 84.960000 65
85.056000 85.376000 62
85.888000 86.240000 54
86.432000 86.944000 53
87.520000 88.480000 54
88.768000 90.656000 54
90.848000 91.360000 54
91.904000 92.000000 55
92.320000 92.672000 53
92.864000 93.120000 54
93.120000 93.376000 52
93.984000 94.432000 54
94.432000 94.880000 57
95.168000 95.328000 61
95.712000 95.808000 65
95.968000 96.672000 69
96.672000 96.736000 67
97.248000 97.344000 64
97.568000 97.632000 66
97.760000 97.856000 69
98.016000 98.208000 74
98.208000 98.976000 69
99.264000 99.456000 54
99.616000 100.352000 52
100.640000 101.536000 54
101.696000 102.528000 57
102.528000 103.072000 59
103.232000 103.712000 59
103.872000 103.968000 58
104.480000 104.736000 73
104.736000 105.344000 70
105.344000 105.920000 67
106.080000 106.848000 64
107.040000 107.072000 66
107.104000 107.936000 66
108.032000 108.128000 69
108.128000 109.152000 66
109.152000 109.984000 62
110.144000 110.688000 62
110.784000 110.944000 66
110.944000 112.288000 63
112.384000 112.640000 66
112.640000 114.144000 62
114.368000 116.000000 64
116.640000 117.376000 62
117.376000 118.144000 64
118.304000 118.848000 62
118.848000 120.128000 64
120.320000 120.512000 59
120.512000 122.432000 64
123.552000 124.160000 62
124.320000 124.384000 68
124.384000 125.024000 69
125.024000 125.952000 67
126.112000 127.392000 58
127.584000 127.648000 62
127.648000 129.120000 66
129.248000 129.760000 59
129.760000 130.208000 62
130.208000 131.680000 64
131.840000 132.736000 64
132.832000 136.064000 63
136.288000 136.640000 66
136.736000 137.088000 66
137.184000 137.984000 76
137.984000 139.552000 74
139.648000 139.808000 74
139.968000 140.352000 66
140.608000 141.248000 64
141.248000 142.112000 62
142.112000 143.328000 65
143.424000 143.872000 62
144.192000 144.416000 65
144.416000 145.024000 62
145.024000 145.696000 64
145.696000 146.336000 62
146.336000 147.168000 65
147.232000 147.872000 62
148.064000 148.992000 64
149.088000 149.440000 62
149.792000 150.272000 62
150.272000 151.552000 64
151.680000 152.768000 66
152.864000 155.136000 76
155.232000 155.360000 76
155.360000 155.744000 74
155.840000 156.128000 76
156.256000 157.216000 75
157.344000 158.432000 75
158.528000 158.624000 76
158.944000 161.120000 76
161.312000 161.824000 64
161.856000 161.920000 66
162.080000 162.368000 65
162.464000 162.784000 65
162.880000 163.456000 62
163.456000 163.616000 61
163.616000 165.088000 57
165.280000 166.464000 52
167.392000 167.552000 53
169.792000 170.144000 61
170.144000 170.880000 57
170.976000 171.296000 57
171.296000 171.616000 53
171.808000 172.960000 52
173.088000 173.856000 52
173.984000 174.304000 52
176.256000 176.608000 61
176.704000 177.312000 57
177.504000 177.792000 57
178.048000 178.112000 62
178.144000 178.176000 62
178.336000 178.624000 65
178.720000 178.976000 64
179.456000 179.808000 61
179.936000 180.448000 57
180.704000 181.024000 57
181.024000 181.216000 54
181.440000 181.504000 61
181.504000 181.632000 63
181.632000 181.888000 65
181.888000 182.208000 63
182.656000 183.072000 61
183.072000 183.872000 57
184.000000 184.256000 57
184.352000 184.512000 62
184.512000 184.768000 64
185.408000 185.984000 64
186.208000 186.496000 64
186.496000 186.784000 62
187.008000 187.328000 64
187.328000 188.128000 62
188.224000 188.512000 62
188.608000 189.088000 64
189.184000 189.408000 64
189.536000 190.240000 62
190.240000 191.136000 64
191.296000 191.552000 76
192.000000 192.160000 67
192.352000 192.512000 69
192.608000 193.024000 69
193.024000 193.952000 66
194.176000 194.496000 66
194.496000 195.808000 64
196.128000 196.512000 76
196.736000 197.280000 64
197.408000 197.504000 64
197.760000 197.920000 76
198.368000 198.496000 67
198.560000 198.592000 67
198.624000 199.744000 66
199.744000 200.320000 63
200.416000 200.928000 66
200.928000 201.792000 63
202.144000 203.424000 68
203.424000 203.776000 66
203.968000 204.736000 57
204.864000 204.960000 62
205.440000 206.944000 66
207.104000 207.424000 59
207.616000 207.936000 62
208.320000 208.576000 70
208.672000 208.832000 64
208.928000 209.536000 62
209.696000 209.920000 66
210.208000 210.528000 64
210.688000 210.752000 72
210.752000 211.008000 75
211.264000 211.552000 62
211.552000 214.368000 64
