19.552000 20.416000 60
20.416000 21.824000 63
21.920000 23.232000 68
23.232000 23.456000 64
23.552000 23.968000 63
24.288000 24.640000 63
24.736000 24.864000 63
24.864000 24.928000 62
24.928000 25.472000 60
25.472000 26.208000 58
26.304000 28.224000 59
29.056000 29.792000 63
29.952000 30.624000 68
30.624000 31.008000 71
31.008000 32.032000 68
32.192000 32.480000 64
32.480000 32.608000 62
32.608000 33.024000 60
33.024000 33.344000 62
33.824000 34.592000 63
34.592000 34.848000 60
34.848000 37.728000 57
37.760000 37.856000 57
38.496000 40.000000 67
40.096000 40.672000 69
40.864000 41.568000 71
41.696000 41.984000 63
41.984000 42.016000 66
42.016000 42.176000 70
42.176000 43.392000 71
43.392000 44.320000 69
44.448000 44.704000 64
44.832000 45.344000 62
45.344000 45.536000 64
45.632000 47.040000 62
47.968000 48.640000 56
48.768000 49.408000 58
49.568000 50.048000 58
50.432000 51.040000 62
51.200000 52.800000 70
53.280000 53.440000 70
53.440000 53.568000 69
53.568000 54.528000 67
54.528000 55.296000 64
55.296000 57.888000 68
62.784000 62.880000 67
63.008000 63.200000 71
63.392000 63.648000 70
63.744000 64.128000 70
64.288000 64.384000 70
67.232000 67.808000 59
67.808000 68.000000 60
68.000000 69.664000 64
69.664000 70.912000 68
70.912000 71.776000 63
71.968000 72.608000 63
72.608000 72.672000 62
72.672000 74.432000 58
74.528000 76.000000 60
76.864000 77.600000 63
77.728000 78.016000 67
78.016000 78.464000 68
78.464000 78.848000 71
78.848000 79.872000 68
80.032000 80.256000 65
80.256000 80.416000 63
80.416000 81.280000 62
81.632000 82.272000 63
82.272000 82.336000 61
82.336000 85.696000 56
86.336000 87.968000 67
88.064000 88.640000 69
88.832000 89.504000 71
89.632000 89.984000 63
89.984000 90.304000 70
90.432000 91.520000 71
91.520000 92.384000 69
92.384000 94.976000 63
96.032000 96.608000 55
96.608000 98.144000 58
98.464000 99.232000 62
99.232000 99.936000 69
100.096000 100.960000 69
101.312000 101.568000 69
101.568000 101.664000 67
101.664000 102.720000 66
102.720000 103.168000 63
103.264000 106.080000 67
106.176000 106.496000 71
107.040000 107.136000 74
107.136000 107.360000 75
107.360000 108.096000 76
108.096000 108.576000 73
125.440000 126.304000 60
126.304000 126.368000 61
126.368000 127.072000 62
127.072000 128.000000 64
128.000000 128.704000 68
128.832000 129.088000 70
129.088000 129.248000 67
129.248000 129.568000 64
129.696000 129.920000 63
130.336000 130.720000 63
130.816000 131.136000 62
131.232000 131.424000 60
131.424000 131.584000 59
131.584000 134.208000 58
135.264000 136.160000 62
136.160000 136.320000 67
136.320000 136.928000 68
136.928000 137.312000 71
137.312000 137.792000 70
137.792000 138.432000 68
138.432000 139.136000 63
139.328000 139.776000 63
140.064000 140.832000 63
140.928000 141.696000 59
141.856000 144.128000 56
144.992000 145.248000 66
145.248000 146.912000 68
146.912000 148.160000 70
148.352000 148.736000 63
148.736000 148.768000 67
148.768000 148.928000 70
148.928000 150.240000 71
150.240000 151.200000 69
151.328000 152.384000 62
152.384000 154.016000 63
154.848000 155.648000 55
155.776000 157.120000 58
157.408000 158.080000 63
158.240000 158.464000 69
158.464000 158.688000 72
158.688000 159.936000 69
160.384000 160.512000 69
160.512000 160.608000 68
160.608000 166.080000 67
166.144000 166.176000 67
166.240000 166.400000 67
172.000000 173.664000 67
