8.448000 8.576000 62
8.768000 8.864000 62
23.808000 23.904000 58
25.248000 25.344000 55
25.440000 25.536000 55
26.560000 26.752000 50
26.848000 27.008000 49
27.200000 27.680000 51
28.160000 28.320000 51
28.448000 29.152000 54
29.504000 29.760000 55
31.488000 31.840000 55
31.968000 32.672000 55
32.800000 33.120000 60
33.504000 33.632000 62
33.632000 35.008000 57
37.152000 38.208000 58
38.368000 38.976000 59
39.104000 39.872000 57
40.032000 40.128000 57
41.280000 41.856000 54
41.856000 44.448000 56
44.768000 45.760000 58
47.648000 47.744000 57
47.744000 47.904000 50
48.000000 48.288000 49
48.288000 48.992000 51
49.600000 50.624000 55
50.624000 51.584000 55
51.680000 51.776000 56
52.704000 52.864000 55
52.992000 53.472000 56
53.600000 53.856000 60
53.856000 54.656000 56
54.976000 56.960000 57
58.240000 58.304000 57
58.304000 60.096000 62
60.192000 61.056000 65
61.056000 61.248000 57
61.344000 62.016000 57
62.432000 62.720000 57
62.720000 63.616000 61
63.872000 63.936000 57
63.936000 64.128000 62
64.224000 64.672000 62
64.672000 64.992000 64
65.088000 65.376000 62
65.536000 66.944000 64
67.136000 67.232000 59
67.488000 68.032000 65
68.160000 68.224000 59
68.224000 69.664000 63
69.856000 70.176000 60
70.176000 70.400000 58
70.560000 71.328000 57
71.520000 71.680000 58
72.544000 72.704000 57
72.800000 73.312000 65
73.536000 74.752000 63
74.848000 75.104000 62
75.296000 75.744000 61
75.744000 76.992000 55
78.048000 78.112000 51
78.112000 78.592000 55
78.976000 79.200000 53
79.680000 80.000000 51
80.000000 80.192000 53
80.416000 81.312000 61
81.344000 82.336000 60
82.944000 83.072000 67
83.072000 83.104000 64
83.264000 83.712000 58
83.712000 84.608000 61
84.704000 86.176000 63
86.176000 86.656000 65
86.752000 87.968000 64
88.704000 89.248000 65
89.376000 89.440000 59
89.440000 90.880000 63
91.040000 91.360000 60
91.360000 91.648000 58
91.808000 92.832000 56
92.928000 93.216000 54
93.376000 93.504000 53
93.696000 93.760000 53
93.760000 93.952000 57
93.952000 94.528000 65
94.816000 96.288000 62
96.448000 96.960000 60
97.088000 98.080000 54
98.464000 98.592000 54
99.264000 99.392000 53
99.392000 99.840000 56
100.032000 100.192000 52
100.192000 100.672000 54
100.672000 101.216000 52
101.312000 101.664000 54
101.664000 102.464000 61
102.656000 104.128000 60
104.672000 104.800000 57
104.928000 108.064000 62
108.576000 109.472000 65
109.696000 110.752000 62
110.880000 116.448000 62
131.104000 131.232000 61
140.512000 141.056000 49
141.056000 141.760000 51
142.368000 144.608000 55
145.440000 146.272000 55
146.336000 146.656000 60
146.656000 147.424000 55
147.680000 149.792000 57
151.008000 152.832000 62
152.992000 153.280000 65
153.376000 153.824000 65
153.824000 154.016000 57
154.112000 154.688000 57
155.200000 155.488000 57
155.488000 156.384000 61
156.640000 156.704000 57
156.704000 156.864000 61
156.992000 157.440000 62
157.440000 157.760000 64
157.856000 158.176000 62
158.304000 159.744000 64
159.872000 160.000000 57
160.224000 160.832000 65
160.832000 162.432000 62
162.592000 162.912000 60
162.912000 163.168000 58
163.328000 164.416000 58
164.576000 164.896000 65
165.312000 165.536000 57
165.536000 166.080000 65
166.272000 167.520000 62
167.616000 167.872000 62
168.064000 168.480000 61
168.480000 169.472000 55
172.448000 172.928000 51
173.184000 175.104000 61
175.744000 175.840000 64
176.032000 176.512000 58
176.512000 177.376000 61
177.504000 178.176000 62
178.272000 180.736000 64
181.120000 181.280000 57
181.472000 182.016000 65
182.144000 183.648000 62
183.808000 184.128000 60
184.128000 184.384000 57
184.576000 185.952000 56
186.464000 186.528000 54
186.528000 186.720000 58
186.720000 187.296000 65
187.552000 189.056000 62
189.216000 189.728000 60
189.728000 190.304000 55
190.336000 190.784000 53
192.032000 192.192000 53
192.192000 192.608000 57
192.800000 194.432000 53
194.432000 194.688000 60
194.688000 195.200000 62
195.392000 196.896000 60
197.440000 197.536000 57
197.664000 200.832000 62
201.312000 202.208000 64
202.464000 203.552000 62
203.616000 204.128000 62
204.224000 206.464000 63
207.584000 207.680000 61
207.936000 208.512000 65
208.640000 208.704000 59
208.704000 210.144000 63
210.304000 210.624000 60
210.624000 210.848000 58
211.008000 212.672000 57
212.992000 213.248000 57
213.248000 213.792000 65
214.080000 215.552000 62
215.776000 216.192000 61
216.192000 216.992000 55
218.496000 218.592000 51
218.592000 218.752000 56
218.880000 219.072000 55
219.232000 219.328000 53
219.424000 219.616000 53
220.160000 220.608000 51
220.896000 222.848000 61
223.456000 223.552000 64
223.712000 224.128000 57
224.224000 225.056000 61
225.216000 226.112000 62
226.176000 227.040000 65
227.200000 228.480000 64
228.864000 228.992000 57
229.184000 229.728000 65
229.856000 229.920000 59
229.920000 231.360000 63
231.520000 231.840000 60
231.840000 232.096000 58
232.288000 232.928000 56
232.928000 233.664000 54
234.144000 234.272000 54
234.400000 234.976000 65
235.232000 236.768000 62
236.928000 237.472000 60
237.472000 238.464000 53
238.496000 238.688000 53
239.712000 239.840000 53
239.840000 240.416000 56
240.480000 240.576000 51
240.576000 241.664000 53
241.760000 242.176000 54
242.176000 242.944000 61
243.104000 244.128000 60
244.288000 244.416000 60
245.376000 248.544000 62
249.024000 249.952000 65
250.144000 256.096000 62
256.384000 256.480000 63
257.184000 257.408000 70
262.496000 262.656000 70
