10.688000 10.848000 56
10.912000 11.392000 60
11.552000 12.352000 60
12.448000 12.832000 60
12.928000 13.344000 60
13.440000 14.560000 58
15.552000 15.680000 53
15.776000 16.000000 55
16.096000 16.576000 58
17.376000 17.632000 57
17.728000 17.920000 60
18.528000 19.040000 57
19.136000 19.232000 59
19.328000 19.904000 58
20.000000 20.224000 57
20.320000 20.576000 60
21.184000 21.248000 57
21.248000 22.272000 60
22.432000 22.816000 59
22.912000 23.392000 60
23.392000 23.808000 63
23.904000 24.768000 58
25.568000 25.728000 63
25.984000 26.208000 63
26.304000 27.232000 60
27.328000 27.936000 58
28.576000 28.800000 60
28.800000 29.152000 63
29.280000 29.408000 63
29.408000 29.888000 65
29.888000 30.432000 63
30.560000 31.424000 60
31.552000 31.744000 58
31.776000 31.872000 57
32.256000 32.608000 65
32.832000 33.184000 60
33.184000 33.536000 62
33.792000 34.048000 58
34.176000 35.968000 58
36.128000 36.672000 58
36.800000 36.896000 56
37.408000 37.792000 65
38.112000 38.368000 60
38.368000 38.752000 62
39.008000 39.104000 58
39.200000 39.712000 58
40.000000 40.224000 58
40.320000 40.672000 57
40.672000 41.568000 58
41.696000 42.304000 56
42.304000 43.328000 59
43.584000 44.384000 58
44.608000 45.088000 61
45.088000 46.272000 58
46.848000 46.944000 56
47.040000 47.424000 58
47.520000 48.224000 56
48.352000 48.416000 56
48.416000 48.736000 58
48.832000 49.216000 57
49.472000 49.760000 56
49.760000 50.048000 58
50.144000 50.496000 57
50.816000 50.944000 63
51.136000 51.808000 58
52.128000 52.640000 56
52.736000 53.120000 59
53.440000 53.888000 60
54.080000 54.880000 58
55.040000 55.392000 63
55.552000 55.840000 61
55.840000 56.736000 58
57.280000 57.536000 56
57.632000 58.144000 58
58.144000 58.432000 56
58.624000 58.944000 56
58.944000 59.584000 58
59.904000 60.256000 56
60.256000 60.480000 59
60.576000 60.672000 58
60.768000 60.928000 56
61.248000 61.536000 62
61.696000 62.080000 58
62.208000 62.720000 56
62.848000 63.232000 60
65.440000 65.632000 56
65.792000 66.176000 60
66.272000 69.216000 59
69.344000 70.112000 59
70.208000 70.336000 56
70.528000 70.752000 55
70.880000 71.232000 58
71.328000 71.424000 60
71.968000 72.064000 56
72.160000 72.320000 56
72.320000 72.736000 59
73.216000 73.376000 56
73.472000 73.632000 56
73.632000 74.016000 58
74.112000 74.464000 58
74.560000 74.816000 56
74.848000 74.912000 56
74.912000 75.424000 60
75.904000 75.968000 56
75.968000 76.064000 57
76.064000 76.800000 59
76.896000 78.592000 60
78.720000 79.520000 58
79.776000 79.872000 61
80.800000 81.024000 62
81.024000 82.240000 60
82.432000 82.752000 60
83.424000 83.552000 61
83.552000 85.408000 63
85.408000 86.688000 60
87.040000 87.360000 64
87.616000 87.968000 60
87.968000 88.320000 62
88.576000 88.832000 58
88.928000 89.696000 58
89.760000 90.752000 58
90.912000 91.456000 58
92.192000 92.544000 65
92.896000 93.152000 60
93.152000 93.504000 62
93.984000 96.352000 58
96.480000 97.088000 56
97.088000 97.632000 59
97.664000 98.240000 60
98.400000 99.200000 58
99.392000 99.744000 62
99.840000 101.088000 58
101.632000 101.728000 56
101.824000 102.208000 58
102.304000 102.400000 59
102.400000 102.688000 56
102.880000 103.040000 56
103.136000 103.232000 56
103.232000 103.520000 58
103.616000 104.000000 57
104.256000 104.544000 56
104.544000 104.832000 58
104.928000 105.312000 56
105.600000 105.728000 63
105.920000 106.560000 58
106.880000 107.424000 56
107.520000 108.128000 60
108.224000 108.640000 60
108.864000 109.664000 58
109.824000 110.176000 63
110.336000 110.624000 61
110.624000 111.552000 58
112.064000 112.320000 56
112.416000 112.928000 58
112.928000 113.216000 56
113.408000 113.728000 56
113.728000 114.400000 58
114.592000 115.040000 56
115.040000 115.264000 59
115.360000 115.712000 56
116.032000 116.320000 62
116.480000 116.896000 58
116.992000 117.504000 56
117.632000 118.016000 60
119.104000 119.392000 59
119.552000 119.936000 56
120.864000 121.248000 59
121.600000 121.856000 58
121.984000 122.208000 58
124.128000 124.576000 60
124.800000 125.120000 56
126.272000 126.720000 63
126.720000 127.872000 60
128.064000 128.224000 70
128.352000 130.112000 68
130.688000 131.040000 69
131.040000 131.488000 66
131.488000 132.256000 63
132.896000 133.344000 59
133.440000 133.664000 63
133.792000 134.144000 64
134.144000 134.272000 61
134.400000 135.360000 58
136.512000 136.800000 60
136.800000 137.952000 56
139.200000 139.552000 64
139.808000 140.128000 60
140.128000 140.480000 62
140.736000 141.024000 58
141.120000 141.792000 58
142.080000 142.944000 58
143.104000 143.616000 58
144.384000 144.672000 65
145.056000 145.344000 60
145.344000 145.696000 62
146.144000 146.688000 59
146.944000 147.360000 58
147.456000 147.616000 57
147.616000 147.904000 59
148.000000 148.480000 58
148.640000 149.440000 56
149.536000 149.664000 60
150.176000 150.560000 65
150.560000 151.200000 58
151.232000 151.328000 56
151.552000 151.712000 61
151.712000 151.936000 63
151.936000 153.248000 58
153.792000 154.176000 68
154.336000 154.368000 66
154.592000 155.168000 65
155.488000 155.744000 64
155.744000 156.032000 58
156.416000 156.736000 56
156.736000 157.472000 58
157.792000 157.920000 62
158.080000 158.720000 58
159.072000 159.584000 56
159.712000 160.288000 59
160.384000 160.800000 60
161.024000 161.824000 58
161.984000 162.336000 62
162.496000 162.816000 61
162.816000 165.376000 58
165.568000 165.920000 56
165.920000 166.560000 58
166.784000 167.200000 56
167.200000 167.424000 58
167.552000 167.904000 56
168.192000 168.480000 62
168.672000 169.024000 58
169.184000 169.664000 56
169.792000 170.176000 60
171.200000 171.584000 60
171.744000 172.096000 56
173.056000 173.376000 59
174.048000 174.144000 60
174.272000 174.336000 60
174.336000 174.368000 63
174.368000 175.872000 66
175.872000 177.056000 62
177.600000 177.920000 64
177.920000 178.912000 62
178.912000 180.064000 60
180.224000 180.640000 59
180.640000 181.984000 56
182.176000 182.432000 56
182.848000 183.040000 64
183.136000 183.616000 63
184.160000 184.320000 64
184.448000 185.184000 64
186.720000 186.784000 58
186.848000 186.880000 58
186.912000 187.232000 59
187.456000 188.288000 59
188.928000 189.248000 62
189.376000 189.888000 70
190.016000 190.528000 68
190.688000 190.848000 70
190.976000 191.968000 68
