1.888000 2.432000 62
9.952000 10.176000 57
10.272000 10.592000 57
10.944000 11.168000 56
11.328000 11.808000 61
11.904000 12.352000 62
13.696000 14.432000 61
14.432000 15.456000 63
15.584000 17.056000 62
18.272000 19.488000 57
19.584000 19.744000 55
19.968000 21.248000 62
22.112000 22.592000 61
22.592000 23.168000 63
23.296000 23.456000 63
23.456000 24.320000 64
24.320000 24.512000 62
24.640000 26.560000 66
29.056000 29.600000 69
29.696000 29.920000 69
29.920000 30.976000 62
31.072000 31.808000 68
31.904000 32.128000 69
32.128000 32.544000 64
32.704000 33.088000 63
33.312000 33.408000 67
33.504000 33.952000 69
33.952000 34.752000 67
34.848000 35.296000 64
35.360000 35.904000 64
35.904000 36.288000 62
37.568000 39.456000 67
39.456000 41.728000 64
41.824000 44.160000 64
45.632000 45.984000 60
46.112000 46.304000 61
46.304000 46.528000 62
46.528000 47.328000 66
47.456000 47.712000 67
47.712000 48.160000 64
48.800000 48.928000 64
49.056000 49.472000 64
49.568000 49.760000 66
49.856000 50.240000 62
50.944000 51.904000 62
52.032000 52.704000 60
52.704000 52.960000 58
53.088000 53.312000 57
54.144000 54.208000 57
54.208000 54.656000 59
54.656000 54.976000 61
54.976000 56.736000 65
57.344000 58.016000 69
58.176000 58.336000 65
58.432000 59.104000 63
59.488000 61.056000 61
61.056000 61.280000 59
61.376000 61.600000 59
61.696000 62.272000 58
62.432000 62.624000 59
65.280000 66.912000 55
67.040000 67.360000 61
67.776000 68.320000 61
69.216000 70.048000 61
70.208000 72.928000 62
73.536000 73.856000 54
73.984000 74.208000 55
74.208000 75.104000 57
75.104000 75.552000 55
75.552000 76.896000 62
77.664000 77.856000 60
77.952000 78.368000 61
78.368000 79.456000 64
79.584000 79.808000 66
79.808000 80.224000 62
80.512000 80.928000 66
81.056000 82.624000 66
84.800000 85.088000 69
85.216000 85.600000 69
85.600000 86.592000 62
86.784000 86.976000 67
87.104000 87.808000 69
87.808000 88.032000 64
88.128000 88.832000 64
88.960000 90.048000 68
90.048000 90.464000 66
90.464000 92.320000 64
93.248000 93.920000 69
94.016000 94.432000 68
94.560000 95.680000 66
95.904000 96.384000 64
96.480000 97.408000 64
97.568000 99.872000 64
101.472000 101.728000 59
101.824000 102.112000 61
102.112000 102.304000 62
102.304000 103.840000 66
104.480000 104.640000 63
104.768000 105.440000 64
105.568000 106.048000 62
106.624000 106.784000 62
106.880000 107.616000 62
107.712000 108.192000 61
108.288000 108.576000 59
108.768000 109.120000 57
109.952000 110.560000 59
110.560000 110.880000 62
110.880000 111.872000 66
112.000000 112.480000 64
113.120000 113.248000 69
113.344000 113.728000 69
113.856000 114.272000 65
114.272000 114.752000 62
115.232000 116.448000 62
116.448000 116.992000 60
117.088000 117.344000 59
117.504000 118.528000 59
121.856000 123.648000 68
123.776000 124.320000 67
124.960000 125.568000 67
125.664000 127.616000 66
129.152000 129.568000 66
129.664000 130.272000 66
130.432000 131.232000 64
131.360000 133.120000 71
133.952000 134.144000 70
134.240000 134.784000 71
134.784000 135.072000 68
135.264000 135.360000 65
135.360000 135.808000 67
135.808000 136.896000 65
137.696000 138.112000 60
138.240000 138.560000 63
138.560000 138.720000 64
138.720000 140.288000 67
140.928000 141.056000 66
141.216000 141.824000 66
142.048000 142.656000 64
143.040000 144.032000 64
144.128000 144.960000 62
145.216000 145.472000 59
146.304000 146.720000 60
146.720000 147.328000 63
147.552000 148.320000 68
148.448000 149.056000 66
149.536000 149.664000 59
149.760000 149.824000 67
149.824000 150.176000 70
150.304000 150.496000 67
150.592000 151.264000 65
151.648000 152.800000 64
152.800000 153.408000 63
153.536000 154.368000 61
154.912000 155.264000 61
155.360000 155.744000 63
155.744000 156.576000 67
156.768000 156.800000 68
156.960000 157.600000 66
158.368000 158.976000 66
159.104000 159.616000 64
160.256000 160.352000 63
160.448000 160.512000 62
160.512000 160.608000 63
160.608000 161.248000 64
161.248000 161.760000 62
161.920000 162.176000 61
162.368000 162.624000 59
162.880000 163.104000 63
163.424000 163.872000 61
163.936000 164.128000 62
164.128000 164.448000 64
164.448000 165.184000 68
165.280000 165.472000 69
165.568000 166.080000 66
166.592000 166.784000 59
166.880000 166.944000 67
166.944000 167.296000 71
167.456000 167.648000 66
167.744000 168.000000 66
168.000000 168.320000 64
168.832000 168.960000 69
168.960000 170.048000 64
170.048000 170.528000 63
171.040000 172.992000 61
183.776000 183.936000 61
186.816000 187.008000 61
