30.272000 30.464000 49
30.560000 32.352000 54
32.448000 32.832000 54
34.208000 34.528000 54
34.528000 35.264000 57
35.392000 36.000000 55
36.000000 37.056000 54
37.184000 40.128000 52
41.728000 43.488000 53
44.000000 44.128000 49
44.128000 44.192000 51
44.192000 44.224000 56
44.224000 44.992000 60
45.088000 46.240000 57
46.848000 47.488000 54
48.352000 48.672000 48
48.832000 49.344000 47
50.528000 51.296000 54
51.424000 52.256000 53
52.256000 53.888000 54
53.888000 54.848000 52
55.840000 57.696000 52
58.592000 58.848000 49
58.848000 59.072000 52
59.264000 61.408000 54
62.464000 62.752000 54
62.912000 64.064000 56
64.064000 68.000000 52
69.856000 71.680000 53
72.448000 73.248000 60
73.376000 74.496000 57
74.656000 75.040000 58
75.040000 75.520000 54
76.416000 76.800000 61
76.896000 78.240000 59
78.368000 79.232000 57
79.648000 79.712000 55
79.712000 80.224000 61
80.384000 81.312000 59
81.728000 82.944000 61
83.040000 83.264000 64
83.680000 83.808000 57
83.936000 85.312000 61
85.408000 86.496000 61
86.720000 87.392000 61
87.392000 87.808000 63
87.904000 88.640000 59
88.768000 89.824000 59
90.176000 91.008000 55
91.008000 91.488000 52
91.616000 92.032000 52
92.160000 92.672000 52
93.824000 96.288000 57
97.568000 97.728000 54
97.728000 98.016000 57
98.016000 100.320000 61
100.448000 100.608000 61
100.768000 100.864000 62
101.344000 101.568000 57
101.568000 103.264000 61
103.328000 103.840000 52
104.704000 104.992000 54
105.152000 106.080000 57
106.304000 106.848000 54
106.848000 107.680000 57
108.128000 109.632000 59
110.112000 110.880000 61
111.008000 111.264000 62
111.264000 111.584000 64
111.648000 111.808000 59
111.904000 112.160000 57
112.160000 113.536000 61
113.664000 114.304000 61
114.400000 114.720000 61
114.976000 115.168000 61
115.168000 115.328000 59
115.424000 115.616000 61
115.712000 115.808000 64
115.808000 116.864000 59
116.960000 117.056000 57
117.184000 118.048000 59
118.464000 119.072000 67
119.072000 120.672000 64
120.928000 121.120000 61
121.120000 122.336000 59
122.336000 122.656000 56
122.752000 123.872000 57
124.160000 125.664000 61
125.984000 126.400000 57
126.400000 127.072000 68
127.168000 127.552000 66
127.552000 127.872000 57
128.064000 128.800000 66
128.896000 129.216000 64
129.408000 129.824000 57
129.952000 130.592000 65
130.592000 131.104000 61
131.104000 132.416000 57
133.056000 133.248000 57
133.568000 134.112000 61
134.656000 134.752000 57
134.848000 135.008000 57
135.168000 135.776000 57
136.192000 139.520000 57
144.032000 145.632000 52
146.816000 147.104000 49
147.104000 147.328000 52
147.488000 149.600000 54
150.688000 150.976000 54
150.976000 152.256000 56
152.256000 154.400000 52
154.496000 156.000000 52
158.080000 159.872000 53
160.672000 161.440000 60
161.536000 162.720000 57
162.880000 163.232000 58
163.232000 163.840000 54
164.640000 165.024000 61
165.120000 166.464000 59
166.592000 167.488000 57
167.936000 168.512000 60
168.640000 169.568000 59
169.952000 171.200000 61
171.296000 171.488000 64
171.904000 172.064000 57
172.160000 172.672000 61
172.768000 173.536000 61
173.632000 174.752000 61
174.944000 176.160000 61
176.160000 178.080000 59
178.496000 179.168000 55
179.168000 180.960000 52
182.048000 184.544000 57
185.792000 185.984000 54
185.984000 186.272000 57
186.272000 188.544000 61
188.672000 188.832000 61
188.992000 189.088000 54
189.568000 189.824000 57
189.824000 190.176000 61
190.272000 190.784000 60
190.880000 191.488000 61
191.616000 192.160000 52
192.928000 193.216000 54
193.408000 194.336000 57
194.368000 194.528000 57
194.784000 196.000000 57
196.160000 197.856000 59
198.272000 199.104000 61
199.264000 199.488000 62
199.488000 199.968000 64
200.160000 200.384000 57
200.384000 200.928000 61
201.024000 201.792000 61
201.888000 202.976000 61
203.200000 203.424000 61
203.424000 203.552000 59
203.648000 203.840000 61
203.968000 204.096000 63
204.096000 205.120000 59
205.408000 206.272000 59
206.592000 207.520000 66
207.520000 208.896000 64
209.152000 209.344000 61
209.344000 210.752000 59
210.752000 210.880000 54
211.040000 212.128000 57
212.416000 213.760000 61
214.240000 214.624000 57
214.624000 215.776000 67
215.776000 216.096000 57
216.256000 217.024000 66
217.120000 217.472000 64
217.728000 218.080000 57
218.208000 218.816000 65
218.816000 219.264000 61
219.392000 220.672000 57
221.280000 221.472000 57
221.568000 221.664000 59
221.760000 222.080000 61
222.176000 222.368000 62
222.592000 222.624000 60
222.880000 223.072000 54
223.072000 223.264000 57
223.424000 223.968000 57
224.416000 225.056000 56
225.248000 227.776000 57
237.792000 238.336000 66
238.528000 239.296000 64
239.392000 239.584000 68
247.744000 247.904000 67
248.000000 248.224000 67
248.320000 248.640000 67
249.696000 249.792000 61
250.112000 250.560000 63
250.560000 251.328000 59
251.488000 252.128000 59
252.128000 252.736000 57
253.120000 253.312000 57
253.312000 253.856000 60
253.952000 254.720000 61
254.816000 255.904000 61
256.160000 256.512000 60
256.608000 256.768000 61
256.896000 257.088000 63
257.088000 258.240000 59
258.368000 259.296000 61
259.488000 259.584000 55
259.680000 260.352000 67
260.352000 261.824000 64
262.112000 262.272000 61
262.272000 263.712000 59
263.904000 264.928000 57
265.344000 266.688000 61
267.264000 267.520000 57
267.520000 267.584000 60
267.584000 268.256000 68
268.352000 268.704000 66
268.704000 269.088000 57
269.216000 269.984000 66
270.080000 270.368000 64
270.624000 271.008000 57
271.136000 271.776000 65
271.776000 272.192000 61
272.320000 273.472000 57
274.240000 274.432000 57
274.688000 275.392000 61
275.392000 275.648000 54
275.840000 276.000000 54
276.000000 276.192000 57
276.352000 276.416000 56
276.448000 277.088000 57
277.248000 280.864000 57
281.472000 281.600000 64
281.600000 281.632000 60
281.696000 282.496000 57
