30.624000 30.912000 60
31.040000 31.744000 61
31.872000 32.128000 63
32.288000 32.992000 61
33.216000 33.344000 61
33.344000 34.144000 58
34.240000 35.520000 61
35.648000 36.352000 59
37.120000 38.368000 61
38.560000 40.096000 66
40.672000 40.800000 61
40.928000 41.248000 64
41.344000 41.728000 61
41.920000 42.400000 59
43.392000 43.584000 61
43.680000 45.152000 61
45.312000 45.600000 60
45.792000 46.720000 58
46.816000 47.104000 61
47.232000 47.488000 62
47.616000 48.736000 59
49.696000 49.792000 59
49.792000 50.784000 61
50.784000 51.712000 65
51.808000 52.480000 67
52.480000 52.832000 64
55.520000 55.904000 60
56.288000 56.672000 60
57.088000 57.216000 57
57.216000 57.600000 59
57.696000 57.856000 61
58.688000 59.040000 60
59.136000 59.264000 60
59.488000 59.840000 61
60.384000 61.056000 66
61.440000 61.600000 57
61.600000 62.208000 59
62.624000 63.296000 61
63.424000 63.552000 62
63.552000 64.416000 66
64.640000 66.784000 68
67.264000 68.480000 69
68.864000 69.952000 68
70.432000 70.592000 64
70.592000 70.976000 67
71.104000 71.328000 69
71.488000 71.584000 63
71.712000 71.808000 68
71.808000 72.032000 64
72.032000 72.320000 69
72.480000 72.768000 71
72.896000 73.408000 71
73.696000 73.760000 64
73.760000 74.208000 67
74.304000 74.752000 69
74.752000 75.392000 64
75.392000 75.872000 61
76.000000 76.320000 63
76.448000 76.896000 66
76.896000 77.344000 68
77.472000 77.632000 67
77.632000 78.560000 68
78.560000 79.328000 66
79.904000 79.968000 68
79.968000 80.448000 70
80.576000 81.024000 57
81.536000 82.656000 69
83.104000 83.232000 63
83.232000 83.712000 66
83.712000 84.032000 69
84.128000 84.320000 64
84.320000 84.480000 69
84.480000 84.608000 64
84.736000 84.992000 69
85.120000 85.984000 71
86.304000 86.624000 66
86.720000 87.360000 68
87.456000 87.648000 65
87.648000 88.224000 66
88.224000 88.992000 68
89.152000 91.904000 68
92.608000 93.568000 68
93.760000 95.872000 69
100.128000 100.928000 61
101.088000 101.984000 62
102.208000 102.272000 60
102.688000 103.264000 57
103.776000 103.968000 61
106.496000 106.592000 58
106.624000 106.720000 61
107.616000 107.744000 62
107.744000 107.968000 64
107.968000 108.064000 65
108.064000 109.568000 66
109.568000 110.464000 64
111.872000 111.968000 58
112.160000 112.256000 59
112.352000 112.672000 61
113.120000 113.536000 60
113.952000 114.400000 59
114.528000 114.688000 61
115.104000 115.424000 58
115.520000 115.840000 59
115.840000 116.064000 57
116.256000 116.608000 61
116.704000 116.832000 65
117.088000 117.184000 61
117.184000 117.920000 66
118.208000 118.400000 58
118.400000 118.976000 60
119.424000 119.520000 58
119.520000 120.160000 61
120.256000 120.384000 63
120.384000 121.248000 66
121.408000 121.696000 67
121.792000 123.584000 68
124.160000 124.288000 69
124.288000 124.512000 71
124.512000 124.672000 68
124.768000 125.504000 69
125.696000 126.848000 68
127.296000 127.456000 64
127.456000 127.872000 67
127.968000 128.192000 69
128.288000 128.384000 64
128.544000 128.672000 69
128.672000 128.864000 64
128.864000 129.152000 69
129.312000 129.600000 71
129.696000 130.432000 71
130.432000 131.008000 66
131.136000 131.552000 68
131.552000 132.256000 64
132.352000 132.704000 61
132.864000 133.184000 63
133.280000 135.392000 68
135.488000 135.840000 67
135.840000 136.192000 64
136.608000 136.736000 65
136.736000 137.920000 69
138.336000 139.488000 68
139.936000 140.096000 64
140.096000 140.320000 66
140.416000 140.832000 69
140.832000 141.120000 64
141.120000 141.344000 69
141.536000 141.824000 69
141.952000 142.240000 73
142.368000 142.784000 71
143.136000 143.488000 66
143.520000 144.256000 68
144.256000 144.416000 65
144.416000 145.888000 68
145.984000 148.416000 68
149.504000 150.112000 68
150.592000 151.712000 71
151.712000 153.440000 69
154.336000 154.432000 59
175.296000 175.456000 64
175.456000 175.968000 69
176.064000 176.672000 69
176.864000 177.024000 64
177.024000 178.336000 69
178.656000 178.816000 64
178.816000 179.136000 67
179.296000 179.488000 69
179.488000 179.744000 63
179.872000 180.000000 68
180.000000 180.192000 64
180.192000 180.448000 69
180.608000 180.928000 70
181.024000 181.568000 71
181.664000 181.760000 70
181.760000 181.952000 65
181.952000 182.304000 67
182.464000 182.816000 69
182.816000 183.552000 64
183.552000 184.064000 61
184.224000 184.288000 63
184.352000 184.416000 64
184.608000 185.248000 66
185.280000 185.440000 69
185.632000 185.792000 67
185.792000 186.720000 68
186.720000 187.552000 65
187.936000 188.128000 64
188.128000 188.992000 69
189.632000 190.816000 68
191.264000 191.392000 64
191.392000 191.680000 66
191.680000 192.096000 69
192.096000 192.320000 64
192.352000 192.416000 64
192.416000 192.672000 68
192.832000 193.152000 69
193.248000 193.376000 71
193.376000 193.568000 73
193.664000 194.240000 71
194.464000 194.784000 66
194.912000 195.584000 68
195.584000 197.216000 67
197.376000 198.592000 67
198.656000 199.136000 68
199.200000 199.712000 68
199.744000 199.776000 68
200.000000 200.032000 67
200.736000 201.728000 68
201.952000 203.840000 69
206.080000 206.432000 74
206.432000 206.624000 76
220.192000 220.416000 75
