2.624000 2.848000 68
3.488000 3.808000 66
3.968000 4.192000 65
4.640000 4.704000 59
4.704000 5.376000 62
7.200000 8.128000 72
9.504000 9.696000 69
9.696000 9.920000 67
10.272000 10.464000 68
10.464000 10.560000 71
10.656000 10.816000 69
11.392000 11.584000 68
11.616000 11.648000 65
11.712000 11.872000 64
12.512000 12.576000 61
12.576000 12.832000 63
12.832000 12.992000 66
13.152000 13.504000 71
13.632000 13.728000 70
13.984000 14.144000 65
14.304000 14.560000 65
14.688000 14.784000 67
14.784000 14.880000 65
15.584000 15.744000 68
15.808000 16.064000 64
16.544000 16.768000 67
29.408000 29.760000 65
31.200000 31.488000 65
34.400000 34.528000 60
34.784000 35.328000 60
35.424000 35.680000 60
35.680000 35.808000 57
35.904000 36.320000 58
36.416000 37.056000 60
37.504000 37.920000 58
42.240000 42.592000 60
42.784000 43.328000 60
43.456000 43.776000 60
43.968000 44.320000 58
44.480000 44.832000 60
44.992000 45.504000 60
45.504000 45.888000 58
50.336000 50.560000 59
50.720000 50.848000 60
51.040000 51.200000 61
51.296000 51.424000 61
51.520000 51.680000 60
52.320000 52.608000 60
52.896000 52.992000 59
53.120000 53.280000 60
53.600000 54.016000 60
54.016000 54.176000 63
54.368000 54.400000 59
54.464000 54.656000 59
54.976000 55.232000 53
55.648000 55.680000 53
55.712000 55.776000 53
56.064000 56.256000 58
56.512000 56.992000 59
57.088000 57.472000 60
57.760000 57.888000 60
59.392000 61.408000 63
61.696000 61.888000 64
62.016000 62.528000 63
62.528000 63.072000 60
63.104000 63.168000 58
63.232000 63.264000 58
63.520000 63.936000 58
65.056000 66.176000 67
66.528000 67.488000 63
67.488000 69.344000 67
69.504000 70.688000 63
70.880000 71.264000 60
71.520000 71.776000 59
71.872000 72.224000 58
72.256000 72.320000 58
72.384000 73.760000 58
74.624000 74.912000 70
74.912000 75.296000 73
76.128000 76.160000 67
76.384000 76.480000 67
77.216000 77.312000 63
77.408000 78.272000 63
79.072000 79.264000 60
79.744000 80.192000 58
80.992000 81.344000 66
81.472000 81.792000 67
82.048000 82.688000 57
82.880000 82.976000 63
83.392000 83.680000 65
84.288000 84.768000 67
84.864000 85.056000 67
85.472000 86.112000 63
86.656000 86.688000 61
86.848000 87.264000 60
88.032000 88.160000 58
88.256000 88.352000 58
88.832000 89.728000 58
90.144000 90.304000 63
91.264000 91.552000 62
91.808000 92.384000 60
95.136000 95.424000 67
95.584000 96.192000 67
99.648000 99.744000 65
100.224000 100.320000 60
100.512000 101.088000 60
101.152000 101.440000 60
101.824000 102.144000 58
102.240000 102.848000 60
103.104000 103.424000 60
103.552000 103.872000 60
104.064000 104.160000 60
108.224000 108.640000 60
108.864000 108.960000 59
109.088000 109.248000 61
109.760000 109.888000 62
110.016000 110.368000 63
110.528000 110.816000 61
110.976000 111.488000 60
111.616000 111.968000 55
115.712000 116.160000 64
116.160000 116.416000 61
116.768000 116.928000 59
117.344000 117.504000 61
117.824000 117.856000 59
118.208000 118.528000 61
118.784000 119.360000 74
119.776000 120.128000 75
120.320000 120.448000 65
120.448000 120.800000 63
120.800000 121.088000 60
121.216000 121.312000 58
121.696000 121.792000 58
121.984000 122.112000 58
122.240000 122.912000 59
123.008000 124.064000 53
125.376000 127.552000 63
127.968000 128.576000 62
128.672000 129.056000 60
129.280000 129.952000 58
130.944000 132.000000 67
132.032000 132.096000 69
132.448000 133.440000 63
133.536000 134.464000 67
134.720000 135.136000 67
135.520000 136.192000 63
136.320000 136.416000 62
136.512000 136.704000 62
136.864000 137.248000 60
137.504000 138.016000 59
138.048000 138.080000 58
138.144000 139.456000 58
140.096000 140.320000 60
140.992000 141.056000 62
141.216000 141.312000 62
142.144000 142.272000 60
142.368000 142.496000 60
142.592000 142.784000 60
143.136000 143.296000 63
143.744000 144.256000 63
144.544000 144.768000 62
145.056000 145.152000 60
146.048000 146.464000 58
146.976000 147.168000 65
147.168000 147.296000 67
147.520000 147.744000 67
147.968000 148.064000 70
148.448000 148.992000 68
149.376000 149.472000 67
149.600000 149.856000 65
150.240000 150.496000 63
150.624000 151.136000 63
151.520000 151.904000 63
152.032000 152.192000 63
152.320000 152.512000 62
152.544000 152.608000 62
152.864000 153.312000 60
153.632000 155.680000 58
155.776000 155.904000 61
156.064000 156.288000 63
157.216000 157.536000 62
157.728000 158.528000 60
158.528000 159.616000 56
160.576000 161.952000 74
162.048000 162.784000 73
162.912000 163.104000 72
163.104000 163.392000 72
163.520000 163.712000 75
163.712000 164.064000 72
164.224000 164.480000 72
164.704000 164.832000 71
164.832000 165.024000 72
165.024000 165.248000 74
167.232000 167.744000 67
167.968000 168.160000 67
168.384000 168.480000 67
168.608000 168.704000 67
169.088000 169.696000 67
169.696000 170.464000 65
170.688000 172.384000 61
173.568000 173.696000 68
173.824000 173.984000 65
173.984000 174.272000 63
174.496000 174.912000 61
175.072000 175.680000 60
176.128000 177.440000 60
177.536000 177.696000 61
177.824000 178.304000 61
178.400000 179.040000 62
179.040000 179.360000 60
180.064000 180.192000 58
180.448000 180.672000 59
180.672000 181.088000 61
181.376000 181.920000 60
190.944000 191.232000 63
191.296000 191.520000 65
191.520000 191.584000 60
191.840000 192.256000 59
192.512000 192.608000 59
192.832000 192.992000 67
193.024000 193.568000 67
193.696000 193.824000 67
194.176000 194.464000 65
194.592000 195.392000 64
195.488000 196.000000 55
196.992000 197.440000 67
197.600000 197.920000 67
197.920000 198.304000 70
198.432000 198.976000 69
199.232000 199.584000 67
199.616000 199.648000 65
199.904000 200.512000 63
201.472000 202.400000 63
202.496000 203.264000 60
203.648000 205.440000 58
205.568000 205.664000 58
208.000000 208.128000 67
208.320000 208.384000 67
208.416000 208.896000 67
209.120000 210.848000 67
211.040000 211.520000 63
211.520000 212.128000 67
212.320000 212.416000 65
212.672000 212.768000 65
212.928000 213.280000 67
213.472000 213.824000 67
214.464000 214.656000 68
214.816000 214.976000 66
215.360000 215.456000 67
215.552000 215.808000 65
216.032000 216.128000 64
216.160000 216.192000 63
216.384000 217.152000 60
217.472000 218.496000 63
218.528000 218.624000 62
218.656000 219.232000 60
219.520000 219.552000 60
219.872000 221.760000 58
222.016000 222.272000 65
222.592000 222.720000 69
223.840000 223.968000 65
224.096000 224.160000 67
224.352000 224.800000 67
225.088000 225.536000 67
225.632000 225.920000 67
226.112000 226.496000 65
226.496000 227.168000 63
227.264000 227.328000 64
227.328000 228.256000 67
228.960000 229.376000 67
229.536000 229.984000 67
230.432000 230.816000 68
230.976000 231.744000 66
231.744000 232.256000 63
232.320000 232.384000 66
232.416000 232.992000 67
233.024000 233.056000 67
233.248000 233.344000 67
233.504000 234.176000 63
234.304000 234.432000 62
234.560000 234.688000 62
234.848000 235.232000 60
235.520000 235.744000 58
235.840000 236.448000 58
236.512000 237.632000 58
239.040000 239.136000 61
239.488000 239.552000 65
240.224000 242.688000 67
243.040000 243.104000 63
243.136000 243.424000 64
243.520000 244.032000 67
244.672000 245.312000 68
245.472000 246.048000 68
246.304000 247.008000 68
247.328000 247.808000 66
247.968000 248.640000 66
249.056000 249.120000 66
249.504000 249.760000 63
250.080000 250.176000 63
250.304000 250.432000 62
250.592000 250.720000 62
250.976000 251.296000 60
251.488000 251.616000 58
251.712000 251.744000 58
251.968000 252.160000 58
252.352000 253.152000 59
253.216000 253.344000 57
254.880000 254.976000 59
259.968000 260.128000 63
261.184000 261.472000 66
261.568000 262.496000 66
