22.592000 22.816000 54
22.976000 23.168000 56
23.264000 23.456000 58
23.552000 23.808000 59
24.928000 25.024000 60
25.184000 25.376000 62
25.504000 25.792000 62
26.368000 26.688000 62
26.816000 27.360000 62
27.904000 28.480000 58
30.016000 30.208000 55
30.336000 30.528000 56
30.656000 31.232000 59
32.320000 32.480000 60
32.544000 33.184000 63
33.728000 34.016000 61
34.176000 34.336000 62
34.336000 34.528000 60
34.720000 35.104000 67
35.392000 36.128000 67
37.408000 38.208000 68
38.336000 38.656000 67
38.752000 39.008000 65
39.264000 39.488000 67
39.488000 39.552000 66
39.552000 40.000000 63
41.536000 41.664000 62
41.760000 42.720000 62
43.392000 43.712000 62
43.808000 43.968000 62
44.160000 44.352000 63
44.544000 44.928000 64
45.632000 46.112000 63
46.112000 47.008000 67
47.552000 47.808000 63
48.000000 48.736000 66
48.928000 49.536000 63
49.696000 49.888000 63
50.144000 51.136000 63
53.536000 54.208000 70
54.400000 55.552000 65
55.680000 56.000000 65
56.096000 56.320000 67
56.544000 57.120000 62
57.216000 57.376000 62
57.472000 57.664000 60
57.664000 58.048000 62
58.464000 59.200000 70
60.992000 61.312000 60
61.408000 61.568000 60
61.568000 61.888000 62
62.080000 62.560000 65
62.688000 62.912000 67
63.040000 63.296000 64
63.680000 63.936000 67
64.128000 64.480000 67
64.608000 65.440000 63
65.792000 65.888000 62
66.080000 66.560000 62
66.688000 66.912000 63
67.104000 67.744000 65
68.288000 68.960000 70
68.960000 69.280000 65
69.440000 69.792000 63
69.792000 70.240000 65
70.400000 70.624000 65
70.816000 71.040000 67
71.328000 72.736000 62
72.736000 72.960000 67
73.120000 74.176000 70
75.744000 75.872000 59
75.968000 76.064000 60
76.224000 76.448000 60
76.448000 76.512000 61
76.512000 77.312000 64
77.472000 77.664000 66
77.792000 78.112000 63
78.496000 78.752000 67
78.912000 79.264000 67
79.392000 80.224000 63
80.224000 80.576000 68
80.832000 81.216000 70
81.888000 82.368000 62
82.624000 83.840000 63
100.192000 100.608000 55
100.800000 101.536000 59
102.016000 102.432000 58
102.432000 103.296000 62
103.776000 104.064000 63
104.224000 104.736000 62
105.184000 105.312000 58
105.472000 105.856000 58
106.016000 106.144000 56
107.616000 108.320000 56
108.448000 108.928000 59
109.376000 109.824000 57
109.824000 110.720000 62
111.264000 111.392000 60
111.488000 111.584000 62
111.712000 111.808000 62
111.808000 112.064000 59
112.160000 112.224000 64
112.224000 112.384000 68
112.640000 112.800000 67
112.896000 113.920000 67
114.944000 115.200000 69
115.328000 115.488000 68
115.584000 116.224000 67
116.320000 116.672000 65
116.768000 116.992000 65
117.216000 117.856000 60
119.072000 120.128000 62
120.896000 121.184000 62
121.376000 121.728000 62
121.728000 122.624000 64
123.168000 123.712000 63
123.712000 124.640000 66
125.056000 125.408000 63
125.504000 125.760000 67
125.984000 126.432000 65
126.432000 126.720000 63
126.944000 127.424000 62
127.616000 129.280000 63
130.976000 131.712000 70
131.872000 132.832000 65
132.832000 133.056000 67
133.184000 133.824000 65
134.048000 134.656000 62
134.752000 134.880000 62
135.008000 135.520000 62
135.520000 135.776000 69
135.936000 137.056000 70
138.528000 139.168000 60
139.168000 140.032000 64
140.192000 140.448000 67
140.544000 140.864000 63
141.216000 141.472000 67
141.664000 141.952000 67
142.144000 142.944000 63
143.264000 143.392000 62
143.584000 144.096000 62
144.224000 144.480000 63
144.672000 145.408000 65
145.824000 146.560000 70
146.560000 146.880000 65
146.944000 147.264000 63
147.264000 147.840000 65
147.936000 148.160000 65
148.352000 148.544000 67
148.832000 150.304000 62
150.304000 152.064000 70
153.248000 153.376000 59
153.472000 153.600000 60
153.728000 153.952000 60
153.952000 154.304000 62
154.432000 155.104000 65
155.328000 155.648000 63
155.968000 156.256000 67
156.416000 156.768000 68
156.896000 157.728000 63
157.728000 158.112000 69
158.304000 158.816000 70
159.264000 159.776000 63
159.936000 160.928000 63
161.408000 161.888000 60
162.016000 162.240000 63
162.240000 163.040000 62
163.360000 163.584000 63
163.584000 164.512000 69
164.736000 165.312000 65
165.408000 167.072000 63
167.968000 169.024000 68
169.184000 170.112000 63
170.720000 170.912000 60
170.912000 171.136000 62
171.264000 171.552000 65
171.712000 172.288000 63
172.480000 172.704000 67
172.832000 172.992000 65
172.992000 174.400000 67
174.400000 175.392000 63
176.320000 176.448000 60
176.544000 177.088000 62
177.088000 177.376000 60
177.376000 177.792000 63
177.888000 177.984000 63
178.112000 178.272000 63
178.368000 178.528000 70
178.624000 179.200000 68
179.200000 179.296000 67
179.488000 182.048000 67
182.688000 183.104000 68
183.264000 183.552000 68
183.552000 184.960000 63
185.504000 185.632000 60
185.984000 186.304000 70
186.400000 187.104000 70
187.104000 187.584000 67
187.584000 190.048000 70
193.824000 194.496000 70
194.688000 194.880000 65
194.976000 195.136000 63
195.232000 195.296000 63
195.296000 195.392000 64
195.392000 195.840000 66
195.936000 196.256000 65
196.352000 196.576000 67
196.832000 196.992000 62
197.088000 198.208000 62
198.720000 200.096000 58
201.216000 201.920000 60
202.080000 202.240000 63
202.400000 202.912000 65
203.040000 203.168000 67
203.168000 203.616000 63
204.000000 204.320000 67
204.448000 204.704000 67
204.928000 205.696000 63
205.984000 206.176000 63
206.336000 207.296000 62
207.424000 208.096000 65
208.640000 209.312000 70
209.312000 209.600000 65
209.760000 209.888000 63
209.984000 210.272000 65
210.432000 210.624000 67
210.720000 211.360000 65
211.584000 212.704000 62
212.800000 212.992000 62
213.120000 214.720000 70
214.720000 215.488000 63
216.032000 216.416000 59
216.416000 216.672000 60
216.672000 216.736000 61
216.736000 218.464000 65
218.784000 219.008000 67
219.232000 219.552000 67
219.552000 219.968000 63
220.160000 220.480000 63
220.480000 220.544000 64
220.544000 221.600000 69
222.176000 222.656000 62
223.232000 223.776000 62
224.320000 225.920000 63
