22.208000 22.944000 55
23.200000 24.000000 55
24.224000 25.024000 55
25.216000 25.472000 55
25.472000 25.696000 57
26.272000 26.976000 55
27.232000 27.520000 55
27.744000 28.608000 54
28.704000 28.992000 56
29.216000 29.568000 53
30.208000 30.464000 53
30.464000 30.592000 50
30.720000 30.880000 53
30.976000 31.296000 55
31.456000 31.776000 57
32.224000 32.448000 53
32.448000 32.608000 50
32.768000 32.896000 53
32.992000 33.792000 57
34.240000 34.432000 53
34.432000 34.880000 50
34.976000 36.096000 56
36.256000 36.864000 53
36.992000 37.184000 50
37.184000 37.440000 48
38.272000 38.464000 55
38.464000 38.624000 53
38.784000 39.040000 55
39.200000 40.000000 55
40.224000 40.416000 55
40.416000 41.056000 54
41.248000 41.504000 55
41.504000 41.696000 57
42.272000 43.008000 55
43.232000 43.584000 55
43.744000 43.968000 55
44.256000 44.640000 55
44.736000 44.960000 57
44.960000 45.120000 60
45.248000 45.600000 57
46.240000 46.976000 53
46.976000 47.296000 55
47.488000 47.776000 57
48.224000 48.448000 53
48.448000 48.640000 50
48.736000 48.896000 52
48.992000 49.248000 55
49.472000 49.824000 57
50.272000 50.464000 53
50.464000 50.688000 50
51.008000 51.264000 55
51.552000 51.744000 57
51.744000 52.000000 60
52.000000 52.416000 53
52.512000 52.768000 56
52.992000 53.280000 55
53.824000 54.048000 50
54.240000 55.136000 53
55.232000 55.328000 54
55.520000 56.384000 55
57.760000 58.080000 48
58.208000 58.368000 54
58.496000 59.072000 55
59.232000 60.512000 57
61.792000 61.856000 47
61.856000 62.048000 49
62.048000 63.360000 53
63.520000 64.128000 55
65.024000 65.152000 55
65.152000 65.344000 53
65.536000 66.880000 60
67.008000 67.872000 55
68.768000 69.568000 53
69.760000 69.984000 58
69.984000 70.368000 59
70.560000 71.360000 55
71.520000 72.480000 60
72.768000 72.992000 55
72.992000 73.184000 53
73.248000 73.504000 53
73.728000 74.336000 58
74.336000 74.784000 55
74.976000 75.168000 55
75.168000 75.360000 57
75.488000 76.000000 57
76.672000 77.568000 53
77.728000 78.048000 63
78.048000 78.176000 65
78.176000 79.328000 61
79.776000 80.192000 60
80.288000 80.480000 60
80.480000 80.896000 55
81.024000 81.184000 53
81.728000 82.400000 60
82.560000 82.912000 53
83.008000 84.224000 55
84.800000 85.600000 53
85.760000 86.016000 58
86.016000 86.368000 59
86.528000 87.360000 56
87.488000 88.352000 60
88.800000 89.536000 53
89.760000 90.176000 59
90.272000 90.432000 55
90.560000 92.160000 56
92.800000 93.216000 55
93.312000 93.568000 53
93.760000 94.144000 63
94.304000 94.720000 62
94.720000 95.360000 60
95.744000 96.448000 60
96.608000 96.832000 55
96.960000 97.280000 57
97.760000 98.464000 60
98.592000 98.976000 53
98.976000 99.648000 55
99.744000 100.160000 55
100.608000 100.800000 56
100.800000 101.024000 55
101.024000 101.664000 50
101.856000 103.296000 53
118.816000 119.232000 58
119.904000 120.064000 65
121.856000 122.048000 50
122.240000 123.104000 53
123.232000 123.328000 54
123.520000 124.320000 55
126.208000 126.368000 55
126.528000 127.072000 55
127.232000 128.448000 57
129.824000 129.888000 48
129.888000 131.360000 53
132.992000 133.152000 55
133.504000 133.696000 58
133.696000 134.976000 60
134.976000 135.872000 55
136.768000 137.600000 53
137.760000 137.984000 58
137.984000 138.368000 60
138.528000 138.912000 55
139.008000 139.392000 57
139.520000 139.776000 57
139.776000 140.256000 60
140.800000 141.504000 53
141.760000 142.272000 58
142.272000 142.720000 55
143.008000 143.232000 55
143.776000 143.968000 57
144.704000 145.120000 55
145.216000 145.568000 53
145.728000 146.784000 62
146.784000 147.296000 60
147.744000 148.160000 61
148.256000 148.448000 60
148.448000 148.832000 55
148.960000 149.216000 53
149.728000 150.400000 60
150.528000 150.880000 53
151.008000 152.352000 55
152.768000 153.568000 54
153.728000 153.920000 58
153.920000 154.368000 59
154.528000 154.976000 55
154.976000 155.328000 57
155.456000 155.744000 57
155.744000 156.352000 60
156.704000 157.504000 53
157.728000 158.208000 59
158.208000 158.400000 55
158.528000 160.224000 56
160.768000 160.960000 55
160.960000 161.184000 53
161.280000 161.536000 53
161.728000 162.112000 64
162.272000 162.752000 62
162.752000 163.392000 60
163.744000 164.416000 60
164.608000 164.832000 55
164.960000 165.312000 57
165.760000 166.464000 60
166.464000 166.752000 53
166.944000 168.032000 56
168.512000 168.704000 57
168.704000 168.896000 55
168.896000 169.184000 53
169.184000 169.536000 50
169.760000 171.648000 53
172.864000 173.024000 55
173.760000 173.984000 58
173.984000 174.240000 60
174.240000 174.432000 57
174.464000 175.360000 55
175.520000 175.776000 57
175.776000 176.256000 60
176.768000 177.152000 55
177.248000 177.504000 53
177.728000 178.304000 58
178.304000 178.816000 55
178.976000 179.360000 56
179.488000 180.032000 57
180.672000 181.120000 55
181.216000 181.536000 53
181.696000 182.752000 62
182.752000 183.328000 60
183.776000 184.192000 60
184.288000 184.480000 60
184.480000 184.864000 55
185.024000 185.280000 53
185.728000 186.400000 60
186.560000 186.880000 53
187.008000 188.608000 55
188.736000 188.960000 55
189.056000 189.248000 53
189.376000 189.600000 53
189.728000 189.920000 58
189.920000 190.368000 59
190.528000 190.944000 55
190.944000 191.328000 57
191.488000 191.744000 57
191.744000 192.224000 60
192.704000 193.504000 53
193.728000 194.208000 59
194.208000 194.400000 55
194.528000 196.192000 56
196.512000 196.608000 56
196.768000 197.536000 54
197.696000 198.496000 64
198.496000 199.424000 60
199.744000 200.448000 60
200.608000 200.832000 55
200.928000 201.312000 57
201.760000 201.984000 60
201.984000 202.272000 62
202.272000 202.464000 60
202.464000 203.680000 55
203.776000 204.192000 55
204.576000 204.800000 56
204.800000 204.992000 55
204.992000 205.312000 53
205.312000 205.600000 50
206.048000 207.872000 53
