5.952000 6.880000 54
7.680000 8.576000 65
11.904000 12.192000 69
13.248000 13.472000 59
13.696000 13.888000 59
15.456000 15.584000 59
15.808000 16.224000 57
16.736000 17.088000 54
17.632000 18.016000 50
18.496000 18.976000 53
19.584000 19.712000 53
19.808000 19.904000 50
19.904000 20.896000 54
22.368000 22.464000 53
22.496000 23.136000 59
23.136000 23.552000 58
23.552000 23.968000 54
24.512000 24.672000 49
24.672000 24.928000 51
25.376000 25.856000 54
26.240000 27.552000 56
29.280000 29.344000 58
29.344000 30.432000 60
30.976000 32.448000 59
32.672000 33.536000 56
34.496000 35.264000 51
35.744000 36.480000 54
36.608000 37.312000 59
37.888000 39.360000 51
41.312000 41.472000 59
41.472000 41.696000 62
41.696000 43.520000 62
44.768000 44.960000 59
44.960000 46.624000 62
46.624000 47.520000 60
47.520000 48.032000 62
48.224000 48.288000 59
48.288000 48.384000 60
48.384000 48.576000 61
48.576000 49.536000 63
49.536000 50.240000 61
51.680000 51.872000 60
51.872000 53.184000 63
53.376000 53.664000 61
53.664000 54.016000 59
54.272000 54.400000 60
54.400000 54.848000 56
55.136000 55.872000 61
56.224000 56.384000 64
56.384000 56.544000 62
56.768000 57.152000 64
57.280000 58.048000 65
58.048000 59.200000 57
59.552000 59.776000 60
59.904000 59.968000 57
59.968000 60.256000 61
60.256000 60.576000 57
60.768000 60.928000 58
61.152000 61.344000 58
61.344000 62.304000 60
62.304000 62.720000 57
63.296000 63.456000 60
63.744000 64.032000 64
64.192000 64.736000 66
64.736000 66.240000 57
66.560000 66.784000 61
66.784000 67.680000 57
67.680000 67.744000 58
67.744000 68.384000 61
68.512000 69.664000 61
70.240000 70.304000 65
70.304000 70.528000 69
70.560000 70.688000 65
70.688000 71.040000 68
71.136000 71.488000 65
71.488000 72.864000 61
72.864000 74.752000 57
74.912000 75.680000 63
75.808000 76.128000 60
76.256000 76.576000 57
77.120000 77.248000 52
77.504000 77.568000 54
77.568000 77.792000 60
77.952000 78.368000 58
78.816000 79.104000 52
79.264000 79.328000 56
79.328000 79.520000 61
79.712000 80.160000 59
80.640000 82.112000 59
82.112000 83.040000 57
83.200000 84.064000 57
84.480000 86.176000 61
86.176000 86.560000 60
86.592000 86.976000 60
87.072000 87.808000 59
87.936000 88.256000 55
88.384000 89.152000 70
89.152000 89.344000 66
89.344000 89.600000 65
89.600000 89.952000 59
89.952000 90.336000 54
91.424000 91.552000 59
91.776000 92.000000 57
92.000000 92.192000 59
92.672000 93.024000 53
93.536000 94.208000 51
94.368000 94.912000 54
95.360000 95.424000 49
95.424000 95.552000 51
95.552000 97.152000 54
98.304000 99.936000 59
100.448000 101.952000 58
101.952000 102.976000 56
103.104000 103.712000 55
105.184000 106.784000 59
107.296000 108.416000 59
108.608000 109.280000 56
109.440000 109.504000 56
110.432000 112.064000 52
112.512000 113.408000 59
113.760000 113.824000 55
113.824000 113.920000 58
113.920000 114.048000 61
114.240000 114.688000 60
114.688000 115.136000 56
117.376000 117.440000 58
117.440000 117.600000 60
117.600000 118.464000 63
118.464000 119.264000 61
120.736000 120.832000 59
120.832000 120.960000 57
120.960000 121.120000 62
121.120000 121.920000 63
121.920000 122.592000 61
122.592000 124.928000 60
125.024000 126.176000 62
126.880000 127.104000 67
127.616000 127.776000 59
127.776000 127.904000 61
128.032000 128.320000 64
128.480000 129.088000 62
129.344000 129.952000 60
130.208000 130.784000 59
131.072000 131.520000 61
131.520000 131.744000 55
132.352000 132.512000 61
132.736000 132.992000 64
133.184000 133.248000 63
133.248000 133.888000 66
133.888000 135.168000 65
135.616000 135.744000 61
135.744000 135.840000 55
135.840000 136.096000 60
136.224000 136.384000 57
136.608000 136.864000 57
137.056000 137.248000 57
137.248000 138.848000 60
139.296000 139.424000 61
139.648000 140.000000 64
140.128000 140.800000 66
140.800000 140.896000 60
140.896000 141.344000 56
142.496000 142.688000 61
142.688000 143.840000 57
143.968000 144.032000 61
144.032000 144.288000 64
144.384000 145.696000 62
146.112000 146.176000 64
146.176000 146.368000 69
146.528000 147.584000 65
147.584000 148.960000 57
149.056000 149.184000 58
149.184000 149.568000 62
149.632000 150.944000 57
150.944000 151.872000 62
151.872000 152.064000 59
152.192000 152.608000 57
152.928000 153.216000 51
153.472000 153.536000 56
153.536000 153.696000 61
153.888000 154.400000 57
155.200000 155.264000 58
155.264000 155.456000 61
155.680000 156.128000 59
156.512000 157.440000 59
157.440000 157.888000 62
157.888000 158.976000 58
159.104000 159.168000 55
159.168000 160.320000 57
160.320000 161.728000 61
162.144000 162.400000 59
162.560000 162.720000 60
162.720000 162.912000 57
163.040000 163.136000 59
163.392000 163.648000 58
163.872000 164.160000 55
164.256000 164.544000 59
164.800000 164.928000 55
166.048000 166.144000 54
175.488000 175.680000 63
176.288000 176.608000 63
176.800000 177.440000 72
177.728000 178.048000 71
193.152000 193.472000 60
193.472000 195.424000 62
196.672000 196.800000 59
196.800000 197.024000 61
197.024000 197.504000 64
197.504000 198.752000 61
198.752000 199.616000 60
200.032000 200.384000 60
200.384000 201.344000 63
201.344000 202.176000 62
202.688000 203.104000 67
203.520000 203.648000 59
203.648000 203.744000 60
203.744000 205.440000 62
205.440000 205.888000 59
206.144000 206.304000 60
206.304000 206.432000 58
206.976000 207.392000 61
207.616000 207.712000 56
208.288000 208.448000 62
208.704000 208.960000 64
209.120000 209.280000 65
209.280000 209.632000 66
209.632000 210.048000 64
211.776000 211.904000 57
212.128000 212.352000 60
212.576000 212.768000 57
212.960000 213.024000 56
213.024000 213.120000 57
213.120000 214.528000 59
214.528000 214.688000 56
215.168000 215.424000 60
215.552000 215.904000 64
216.000000 216.672000 66
216.672000 216.992000 62
218.976000 219.072000 62
219.072000 219.328000 66
219.488000 219.552000 66
219.552000 220.096000 68
220.096000 220.512000 64
221.728000 221.824000 57
221.952000 222.112000 57
222.112000 222.272000 59
222.528000 222.656000 59
222.944000 223.232000 59
223.392000 224.864000 61
224.992000 225.088000 61
225.536000 225.696000 62
225.920000 226.272000 66
226.400000 227.008000 68
227.008000 227.104000 63
227.104000 228.192000 60
228.192000 228.448000 63
228.672000 230.112000 59
230.304000 231.104000 65
231.104000 231.232000 62
231.232000 231.968000 64
232.448000 233.248000 70
233.248000 234.112000 66
234.208000 234.304000 62
234.304000 234.336000 59
234.400000 235.008000 59
235.232000 235.392000 60
235.392000 235.584000 63
235.584000 235.712000 67
235.936000 236.064000 58
236.256000 237.024000 59
237.216000 237.312000 64
237.312000 237.920000 65
238.016000 238.336000 62
238.496000 238.848000 60
239.360000 239.552000 54
239.744000 239.808000 58
239.808000 240.032000 63
240.224000 240.640000 60
241.472000 241.536000 57
241.536000 241.760000 63
241.920000 242.528000 61
242.848000 244.352000 61
244.352000 245.216000 59
245.376000 246.048000 59
246.144000 246.528000 62
246.656000 246.848000 62
246.848000 247.520000 63
247.520000 248.192000 61
248.448000 248.672000 61
248.832000 249.184000 61
249.312000 250.080000 61
250.208000 250.528000 60
250.528000 251.264000 62
251.264000 251.424000 60
251.872000 252.160000 63
252.256000 252.320000 62
252.320000 253.152000 67
253.280000 253.440000 66
253.568000 253.664000 61
253.664000 254.848000 63
255.360000 255.616000 61
255.744000 256.096000 61
256.192000 256.352000 60
256.576000 257.120000 61
257.408000 257.984000 63
258.656000 258.784000 56
259.136000 259.264000 62
259.264000 260.480000 66
260.480000 261.984000 62
262.112000 262.272000 52
262.272000 262.496000 61
262.656000 262.848000 61
262.848000 263.008000 59
263.104000 263.168000 59
263.168000 263.264000 62
263.456000 263.872000 61
264.032000 264.608000 62
264.704000 264.832000 63
264.832000 265.472000 59
265.888000 266.016000 59
266.144000 267.104000 60
267.328000 267.392000 61
267.392000 267.520000 62
267.520000 268.224000 63
268.224000 268.800000 61
269.056000 269.216000 53
269.216000 269.504000 61
269.632000 270.080000 62
270.176000 270.432000 62
270.432000 270.624000 60
270.944000 271.200000 59
271.360000 271.456000 59
271.648000 271.840000 60
272.000000 274.176000 59
