25.024000 25.280000 63
25.280000 26.592000 65
28.160000 28.224000 61
28.224000 28.736000 65
28.736000 29.344000 62
29.472000 29.824000 58
30.016000 30.304000 64
30.432000 31.392000 63
32.224000 32.736000 67
33.952000 34.176000 63
34.176000 34.496000 65
34.496000 35.552000 65
36.960000 37.248000 59
37.248000 37.600000 64
37.792000 38.400000 61
38.400000 38.752000 58
38.880000 40.288000 64
40.288000 40.480000 67
41.184000 41.504000 63
41.984000 43.232000 62
43.328000 43.744000 63
43.904000 45.248000 61
45.248000 45.696000 58
46.112000 46.528000 65
46.656000 47.968000 65
48.064000 49.248000 67
49.248000 49.312000 65
49.440000 49.952000 65
50.048000 50.528000 63
50.816000 52.064000 62
52.224000 52.512000 63
52.512000 52.704000 65
52.704000 53.600000 61
53.600000 54.400000 60
54.976000 55.424000 65
55.520000 55.648000 63
55.648000 57.088000 65
57.088000 58.112000 67
58.112000 59.712000 64
59.840000 60.448000 66
61.088000 61.312000 66
61.312000 61.536000 62
61.536000 61.952000 65
61.952000 62.176000 67
63.328000 63.456000 60
63.456000 63.552000 62
63.648000 63.808000 63
63.936000 64.064000 63
64.064000 64.352000 65
64.352000 65.024000 61
65.120000 65.280000 57
65.568000 65.952000 55
66.176000 66.368000 67
66.432000 66.624000 69
66.624000 66.976000 67
67.072000 67.296000 63
67.296000 67.776000 65
67.776000 68.608000 63
68.768000 69.280000 66
70.016000 70.144000 66
70.272000 70.432000 63
70.432000 71.008000 66
72.160000 72.352000 59
72.352000 72.768000 62
72.768000 72.896000 63
72.896000 73.184000 65
73.184000 74.144000 60
74.432000 74.720000 58
74.720000 74.816000 61
75.072000 75.424000 68
75.584000 76.064000 68
76.064000 76.544000 65
76.544000 77.120000 63
78.304000 79.136000 63
79.136000 79.840000 65
81.664000 81.792000 63
81.792000 82.176000 65
82.176000 82.624000 62
82.784000 83.232000 58
83.328000 84.672000 64
84.672000 85.152000 66
87.232000 87.968000 63
87.968000 88.416000 64
88.416000 88.576000 66
88.576000 89.152000 63
89.152000 89.344000 61
89.344000 89.792000 59
90.560000 90.624000 61
90.624000 91.040000 65
91.040000 91.872000 61
91.872000 92.384000 58
92.544000 92.608000 65
92.608000 94.144000 68
94.144000 94.944000 63
95.296000 96.640000 66
96.640000 96.960000 63
96.960000 97.088000 65
97.216000 98.624000 60
98.624000 99.040000 58
99.456000 99.904000 65
100.000000 101.312000 64
101.408000 101.856000 67
101.856000 102.176000 68
102.176000 102.624000 66
102.784000 103.264000 65
103.360000 103.840000 64
104.160000 105.408000 62
105.568000 105.792000 63
105.792000 106.016000 65
106.016000 106.208000 60
106.208000 107.840000 61
108.288000 108.736000 65
108.896000 108.992000 63
108.992000 110.336000 65
110.336000 111.584000 67
111.680000 111.840000 64
111.840000 112.224000 65
112.224000 112.672000 63
112.672000 113.056000 66
113.152000 113.216000 63
113.216000 113.792000 66
113.888000 115.424000 65
115.424000 115.904000 70
115.904000 116.064000 67
116.064000 116.384000 65
116.384000 118.336000 62
118.464000 118.624000 57
118.976000 119.296000 55
119.808000 119.936000 69
119.936000 120.480000 66
120.480000 120.672000 63
120.704000 121.152000 65
121.664000 121.920000 66
122.112000 122.656000 66
122.816000 123.040000 68
123.200000 123.520000 65
123.520000 123.808000 63
123.840000 124.000000 65
124.096000 124.352000 67
124.448000 124.832000 70
124.928000 125.088000 66
125.088000 125.312000 65
125.312000 126.720000 63
126.720000 127.072000 60
127.072000 127.520000 58
127.744000 128.128000 58
128.384000 128.736000 68
128.960000 128.992000 67
129.024000 129.344000 69
129.344000 129.728000 65
129.728000 130.464000 63
130.976000 131.104000 69
131.392000 131.488000 65
131.712000 131.808000 65
132.224000 132.480000 63
133.216000 133.312000 69
133.632000 133.728000 65
133.920000 133.952000 65
134.432000 134.720000 63
135.392000 135.552000 69
135.872000 135.936000 65
136.672000 136.928000 63
137.248000 137.344000 67
138.048000 138.176000 66
139.744000 139.904000 62
140.032000 140.704000 63
140.832000 141.280000 62
141.408000 141.664000 64
141.920000 142.144000 61
142.240000 142.912000 62
143.072000 143.488000 60
143.616000 144.032000 63
144.160000 144.288000 62
144.416000 145.408000 63
145.536000 145.792000 63
145.792000 146.080000 65
146.080000 146.528000 68
146.688000 147.232000 65
147.296000 147.712000 63
147.808000 148.064000 63
148.064000 148.256000 60
148.608000 149.088000 67
149.184000 149.952000 70
149.952000 150.976000 63
151.136000 151.392000 65
151.392000 152.384000 67
153.056000 153.120000 60
153.120000 154.112000 63
154.112000 154.432000 60
154.432000 154.880000 63
155.072000 155.200000 67
155.200000 155.712000 68
155.712000 156.576000 70
156.672000 156.960000 70
157.088000 157.440000 65
157.440000 157.664000 63
157.920000 158.208000 66
158.336000 159.168000 65
159.328000 159.712000 65
159.712000 159.872000 67
159.872000 160.128000 70
160.128000 160.384000 71
160.384000 160.832000 65
160.832000 162.816000 62
162.912000 163.072000 58
163.360000 163.744000 55
163.904000 164.000000 66
164.256000 164.384000 72
164.544000 164.800000 66
164.800000 164.992000 64
165.120000 165.536000 65
165.760000 165.888000 63
165.888000 166.432000 70
166.528000 166.624000 65
166.720000 167.040000 66
167.264000 167.488000 68
167.648000 168.640000 65
168.640000 168.768000 67
168.864000 169.184000 71
169.184000 169.280000 68
169.280000 169.920000 65
169.920000 170.144000 60
170.144000 171.168000 63
171.168000 171.520000 60
171.616000 172.000000 58
172.192000 172.512000 58
172.832000 173.184000 68
173.376000 173.792000 69
173.792000 174.048000 65
174.112000 174.144000 65
174.368000 174.848000 63
174.976000 175.264000 66
175.392000 175.968000 66
176.096000 176.992000 66
176.992000 177.056000 62
177.088000 177.696000 65
177.696000 178.144000 70
178.144000 178.240000 67
178.240000 178.848000 64
178.848000 179.104000 60
179.200000 179.616000 63
179.616000 179.936000 65
179.936000 180.576000 61
180.672000 180.832000 57
181.152000 181.536000 55
181.920000 182.048000 68
182.048000 182.368000 70
182.368000 182.656000 67
182.848000 183.040000 65
183.200000 183.328000 66
183.552000 183.616000 63
183.648000 184.160000 68
184.160000 184.480000 58
184.544000 184.672000 58
184.800000 185.088000 58
185.152000 185.568000 58
186.368000 186.496000 67
186.496000 186.720000 63
186.944000 187.712000 65
188.160000 188.448000 63
188.448000 188.736000 65
188.736000 189.696000 60
189.984000 190.272000 58
190.272000 190.368000 61
190.624000 190.976000 68
191.168000 191.328000 68
191.328000 191.616000 70
191.776000 192.064000 65
192.192000 193.088000 63
195.200000 195.296000 61
