13.152000 13.600000 65
13.600000 14.432000 62
15.104000 15.712000 60
16.128000 16.256000 62
16.256000 17.088000 64
17.088000 18.368000 60
19.072000 19.136000 60
19.136000 19.488000 66
19.488000 20.896000 62
21.056000 21.568000 60
22.112000 23.488000 63
23.488000 24.384000 60
25.056000 25.152000 62
25.152000 26.016000 69
26.016000 26.912000 67
27.072000 27.680000 64
28.128000 28.256000 61
28.256000 28.864000 64
28.864000 29.344000 62
29.472000 30.528000 59
30.528000 31.232000 62
31.392000 32.832000 60
32.960000 34.752000 60
35.680000 35.872000 58
35.872000 36.192000 59
36.192000 37.376000 62
37.472000 40.992000 60
41.856000 42.208000 63
43.136000 43.488000 66
43.488000 44.864000 62
45.024000 45.536000 60
46.112000 46.528000 64
46.656000 46.976000 64
46.976000 48.384000 60
49.120000 49.536000 65
49.536000 50.848000 62
50.944000 51.360000 60
51.968000 52.096000 54
52.096000 52.128000 58
52.128000 52.256000 62
52.256000 53.024000 64
53.024000 54.400000 60
55.136000 55.680000 70
55.776000 56.800000 67
57.024000 57.600000 64
58.112000 59.200000 64
59.200000 60.352000 60
60.352000 61.120000 64
61.696000 62.656000 60
62.880000 64.416000 60
65.728000 65.792000 57
65.792000 65.856000 58
65.856000 65.952000 59
65.952000 67.328000 62
67.648000 68.928000 60
69.024000 70.560000 60
71.360000 71.648000 64
72.576000 77.248000 68
77.952000 79.232000 69
79.328000 80.384000 64
80.480000 80.960000 64
81.216000 82.368000 64
82.496000 82.976000 62
82.976000 83.200000 65
84.096000 84.160000 60
84.160000 84.864000 63
84.992000 85.120000 64
85.344000 86.336000 64
86.336000 86.592000 63
86.592000 87.264000 60
87.968000 89.344000 65
89.440000 91.712000 64
92.736000 92.992000 59
92.992000 95.072000 64
95.904000 96.032000 55
96.032000 96.352000 53
97.088000 97.152000 64
97.152000 97.440000 67
97.536000 98.816000 62
99.072000 99.584000 60
100.096000 100.256000 62
100.256000 100.992000 64
100.992000 102.432000 60
103.520000 104.480000 62
104.576000 104.704000 62
104.704000 104.896000 65
104.896000 105.600000 60
106.016000 106.080000 59
106.080000 106.208000 62
106.208000 106.368000 64
106.464000 107.136000 64
107.136000 107.328000 60
107.424000 107.936000 60
107.936000 108.416000 63
109.120000 109.888000 69
109.888000 110.944000 67
111.040000 111.488000 64
111.488000 111.680000 59
112.064000 112.992000 64
113.088000 113.248000 62
113.248000 114.112000 60
114.208000 114.432000 60
114.432000 115.360000 63
115.360000 115.712000 57
115.712000 116.608000 60
116.896000 116.992000 55
116.992000 118.336000 60
119.744000 119.808000 55
119.808000 119.840000 57
119.840000 120.480000 60
120.480000 121.248000 62
121.408000 122.848000 60
122.976000 124.640000 60
126.592000 131.264000 68
132.000000 132.544000 70
132.544000 133.152000 69
133.152000 135.008000 64
135.200000 136.384000 64
136.512000 137.632000 62
138.016000 138.080000 59
138.080000 138.720000 62
138.976000 139.104000 63
139.360000 140.320000 64
140.320000 141.088000 60
141.952000 142.080000 63
142.080000 145.440000 64
146.816000 149.568000 64
149.888000 150.176000 55
150.176000 150.368000 52
151.104000 151.424000 66
151.424000 152.832000 62
153.024000 153.472000 60
153.568000 153.696000 54
154.080000 154.208000 62
154.208000 155.040000 64
155.040000 156.512000 60
157.088000 157.152000 60
157.152000 157.472000 66
157.472000 158.816000 62
159.008000 159.584000 60
160.064000 160.128000 58
160.128000 160.256000 62
160.256000 161.056000 64
161.056000 162.432000 60
163.136000 163.904000 69
163.904000 164.896000 67
165.024000 165.632000 64
166.080000 166.240000 62
166.240000 166.816000 64
166.816000 167.296000 62
167.456000 168.576000 60
168.576000 169.248000 63
169.600000 169.792000 58
169.792000 172.160000 60
172.160000 172.384000 63
173.024000 173.632000 62
173.760000 173.952000 58
173.952000 174.432000 60
174.432000 175.328000 63
175.328000 178.400000 60
178.464000 178.528000 61
178.528000 178.848000 67
179.168000 179.584000 64
179.808000 180.192000 58
180.192000 180.384000 60
180.384000 181.632000 62
181.632000 182.048000 65
182.176000 182.272000 63
182.272000 184.352000 60
185.664000 185.920000 56
185.920000 186.432000 60
186.432000 187.360000 62
187.584000 192.256000 60
