31.456000 31.744000 63
31.904000 32.128000 60
32.128000 32.192000 61
32.192000 32.256000 62
32.256000 35.168000 68
36.192000 37.664000 66
37.760000 38.400000 68
38.528000 39.168000 69
39.328000 39.648000 67
39.648000 40.000000 63
40.160000 40.384000 61
40.544000 41.888000 59
43.936000 44.384000 63
44.512000 44.864000 60
44.864000 45.184000 64
45.280000 45.888000 67
46.080000 47.680000 68
48.800000 49.152000 67
49.152000 50.464000 66
50.464000 51.072000 68
51.168000 52.256000 68
52.256000 52.576000 63
52.768000 53.280000 61
53.280000 54.080000 59
54.720000 54.976000 60
55.072000 55.360000 61
55.520000 56.992000 63
57.632000 57.760000 63
57.888000 58.176000 63
58.272000 58.528000 61
58.688000 59.296000 63
59.456000 60.576000 64
61.120000 61.344000 59
61.440000 61.504000 61
61.504000 62.496000 66
62.624000 63.328000 68
63.872000 64.544000 68
64.544000 64.928000 64
65.024000 65.280000 60
65.280000 65.664000 66
65.792000 68.736000 66
69.728000 70.016000 59
70.176000 70.848000 68
70.944000 72.032000 68
72.192000 72.416000 66
72.416000 72.512000 64
72.512000 72.800000 60
72.896000 74.816000 59
75.904000 76.256000 59
76.448000 77.024000 68
77.216000 78.080000 68
78.080000 78.720000 64
78.944000 80.768000 64
81.184000 82.016000 64
82.336000 83.424000 71
83.520000 84.576000 68
84.736000 84.896000 67
85.120000 86.208000 71
86.656000 87.328000 67
87.328000 87.680000 64
87.840000 89.344000 72
89.856000 89.920000 64
89.920000 90.336000 67
90.336000 91.392000 64
91.840000 92.096000 61
92.192000 92.896000 68
92.992000 93.408000 70
93.632000 94.144000 67
94.240000 94.656000 66
94.976000 95.232000 59
95.392000 96.096000 68
96.192000 97.248000 68
97.408000 97.600000 66
97.600000 97.760000 64
97.760000 98.080000 60
98.176000 100.256000 59
101.216000 101.536000 59
101.728000 103.328000 68
103.328000 103.872000 65
104.096000 105.632000 64
105.728000 105.824000 65
106.368000 106.688000 65
106.784000 107.168000 64
107.584000 108.672000 71
108.800000 109.088000 69
109.216000 109.760000 67
109.760000 110.176000 65
110.336000 111.520000 71
111.936000 112.416000 67
112.416000 112.640000 66
112.640000 113.056000 64
113.056000 114.656000 71
115.008000 115.872000 66
115.872000 116.576000 64
117.056000 117.440000 61
117.440000 118.144000 68
118.240000 118.688000 70
118.912000 122.144000 66
123.424000 123.680000 59
123.680000 123.776000 62
123.776000 124.448000 68
124.544000 125.024000 67
125.216000 125.632000 64
125.856000 129.248000 64
136.032000 137.344000 68
137.344000 138.016000 64
138.432000 141.216000 71
141.216000 143.680000 68
143.936000 147.776000 66
151.424000 151.712000 63
151.904000 152.192000 60
152.192000 152.256000 62
152.256000 152.640000 64
152.640000 153.280000 67
153.376000 155.168000 68
156.160000 156.896000 66
156.992000 157.248000 64
157.344000 157.632000 66
157.760000 159.200000 68
159.296000 159.648000 67
159.648000 160.000000 63
160.160000 161.824000 59
164.128000 164.416000 64
164.512000 164.832000 60
164.832000 165.088000 64
165.216000 167.872000 68
168.768000 168.832000 63
168.832000 170.592000 66
170.592000 172.288000 68
172.384000 172.672000 63
172.672000 174.080000 60
174.752000 175.264000 61
175.488000 177.024000 63
177.536000 178.016000 63
178.240000 178.752000 61
178.752000 180.288000 63
180.288000 180.640000 59
181.024000 181.344000 59
181.440000 181.568000 62
181.568000 183.136000 66
183.424000 183.680000 59
183.776000 184.512000 68
184.608000 184.896000 64
184.896000 185.280000 61
185.280000 185.600000 66
185.728000 185.920000 65
185.920000 187.008000 66
187.008000 189.024000 69
189.120000 189.216000 66
189.344000 189.920000 61
190.112000 190.784000 68
190.944000 192.000000 68
192.128000 195.168000 59
195.904000 196.256000 59
196.448000 197.056000 68
197.248000 197.600000 68
197.600000 198.304000 67
198.304000 198.688000 64
198.912000 200.576000 64
201.152000 202.048000 64
202.336000 202.432000 69
202.432000 203.488000 71
203.488000 204.608000 68
204.736000 204.896000 67
205.088000 206.240000 71
206.720000 207.168000 67
207.168000 207.680000 65
207.840000 209.344000 72
209.472000 209.568000 68
209.888000 210.496000 67
210.496000 211.200000 64
211.808000 212.096000 61
212.192000 212.896000 69
212.992000 213.568000 71
213.568000 213.920000 67
213.920000 214.080000 66
214.208000 214.624000 66
214.784000 215.168000 59
215.360000 216.032000 68
216.160000 217.216000 68
217.344000 217.536000 66
217.536000 217.696000 64
217.696000 218.016000 60
218.112000 219.008000 59
219.168000 219.936000 59
220.096000 220.416000 59
220.448000 220.512000 61
220.576000 220.960000 63
221.248000 221.280000 60
221.312000 221.568000 61
221.728000 223.520000 68
223.520000 223.872000 64
224.032000 224.416000 61
224.416000 224.864000 64
225.216000 225.536000 64
226.336000 226.688000 65
226.816000 227.232000 64
227.616000 228.672000 71
228.832000 229.088000 69
229.216000 229.792000 67
229.792000 230.240000 64
230.368000 231.648000 72
231.936000 232.704000 66
232.704000 233.056000 64
233.056000 234.688000 72
235.136000 235.744000 71
235.872000 236.192000 67
236.320000 236.736000 64
237.088000 237.440000 62
237.440000 238.144000 69
238.240000 238.656000 71
238.912000 242.176000 66
243.200000 243.328000 59
243.424000 243.680000 59
243.840000 245.056000 68
245.152000 245.760000 64
246.048000 248.832000 64
