15.968000 16.064000 58
16.064000 17.184000 60
17.184000 18.208000 56
20.064000 21.312000 60
21.312000 21.984000 56
23.872000 24.352000 56
24.352000 25.472000 60
25.472000 25.632000 54
25.920000 26.304000 56
26.464000 26.720000 61
26.944000 27.104000 58
27.104000 27.424000 60
27.520000 28.736000 58
28.896000 29.536000 56
32.352000 32.768000 60
32.896000 32.960000 58
32.960000 33.536000 60
33.536000 34.048000 56
34.048000 35.680000 60
36.416000 37.664000 60
37.664000 37.856000 56
38.016000 38.304000 56
38.304000 38.464000 54
40.288000 40.704000 56
40.800000 41.280000 60
41.280000 41.696000 61
41.696000 42.016000 57
42.272000 42.784000 56
42.784000 43.264000 61
43.360000 43.488000 59
43.488000 43.680000 61
43.872000 44.288000 58
44.384000 44.992000 58
44.992000 45.088000 60
45.280000 45.824000 56
45.920000 46.016000 51
48.736000 49.120000 56
49.216000 49.696000 60
49.792000 49.984000 63
49.984000 50.304000 61
50.464000 52.256000 65
52.800000 54.080000 64
54.080000 55.648000 60
56.896000 57.472000 66
57.472000 58.144000 68
58.144000 59.680000 65
60.736000 60.960000 60
61.024000 61.376000 70
61.536000 62.208000 66
62.208000 63.040000 63
63.040000 63.200000 57
65.152000 65.216000 57
65.216000 66.272000 60
66.272000 67.104000 56
69.216000 69.280000 57
69.280000 69.664000 61
69.664000 70.400000 60
70.400000 71.200000 56
73.056000 73.376000 56
73.504000 74.432000 61
74.560000 74.656000 68
74.656000 74.752000 65
75.072000 75.552000 56
75.552000 76.448000 61
76.640000 76.992000 58
77.152000 77.760000 58
77.760000 77.824000 60
78.016000 78.432000 56
83.296000 83.424000 68
83.520000 84.224000 68
84.224000 84.992000 66
85.088000 86.720000 67
86.816000 86.944000 65
86.944000 87.008000 61
87.008000 87.072000 57
87.360000 87.520000 61
87.616000 88.416000 66
88.416000 88.896000 62
88.896000 89.504000 66
89.504000 89.760000 61
89.952000 90.976000 66
90.976000 91.200000 59
91.488000 91.712000 59
91.712000 93.120000 66
93.216000 93.920000 66
93.920000 94.752000 68
94.752000 95.360000 63
95.616000 95.808000 61
95.808000 96.064000 66
96.064000 96.256000 64
96.256000 96.832000 66
96.832000 97.024000 64
97.024000 97.312000 62
97.312000 97.856000 66
97.856000 98.496000 63
98.656000 99.232000 66
99.232000 99.520000 62
99.680000 99.936000 60
99.936000 100.224000 66
100.416000 101.696000 66
101.696000 102.016000 62
102.208000 102.720000 66
102.720000 103.040000 62
103.200000 107.040000 68
124.736000 125.152000 63
134.720000 135.200000 56
135.200000 136.320000 61
136.448000 137.984000 65
138.752000 140.000000 64
140.096000 140.736000 58
140.736000 141.632000 60
141.728000 141.856000 60
142.912000 143.456000 66
143.456000 144.096000 68
144.096000 145.504000 65
147.008000 147.360000 70
147.520000 148.128000 66
148.128000 149.120000 63
149.120000 149.248000 57
151.104000 151.168000 58
151.168000 152.256000 60
152.256000 152.960000 57
152.960000 153.568000 60
155.168000 155.232000 58
155.232000 156.384000 60
156.384000 156.992000 56
159.008000 159.296000 56
159.488000 160.448000 61
160.576000 160.736000 53
161.024000 161.568000 56
161.568000 162.464000 61
162.560000 163.008000 59
163.104000 163.840000 58
163.968000 164.416000 56
167.232000 167.744000 57
167.744000 168.224000 60
168.224000 168.896000 61
169.184000 169.600000 56
169.760000 170.048000 61
170.240000 170.400000 58
170.400000 171.008000 59
171.296000 171.904000 58
171.904000 172.000000 60
172.160000 172.736000 56
179.776000 180.704000 60
180.960000 181.920000 56
182.144000 182.720000 60
185.664000 185.824000 63
186.176000 186.336000 63
186.496000 186.624000 60
187.712000 187.936000 56
187.936000 188.896000 60
189.056000 189.248000 58
189.344000 189.952000 56
190.592000 190.720000 60
190.848000 190.944000 60
191.200000 191.424000 60
191.808000 191.904000 63
192.640000 192.800000 60
192.928000 193.056000 60
194.368000 194.912000 63
195.936000 196.096000 63
196.096000 197.088000 60
197.216000 197.376000 58
197.376000 198.304000 56
198.304000 198.656000 52
198.976000 199.552000 60
201.120000 201.216000 60
202.560000 203.328000 63
204.064000 205.280000 60
205.408000 206.400000 56
206.656000 207.360000 63
208.736000 209.760000 70
209.760000 210.528000 68
211.136000 211.456000 63
212.320000 213.440000 60
213.600000 213.760000 58
213.760000 214.048000 56
214.144000 214.560000 56
219.264000 219.744000 63
220.608000 221.600000 60
221.792000 221.952000 58
