5.120000 5.632000 62
6.144000 6.496000 59
11.584000 11.616000 58
26.368000 26.496000 60
38.016000 38.432000 54
39.744000 39.936000 59
40.320000 40.704000 56
40.704000 41.600000 59
52.544000 52.704000 64
56.320000 57.408000 62
65.504000 65.536000 65
65.600000 65.632000 65
70.976000 71.040000 69
76.800000 76.928000 77
82.080000 82.208000 76
82.944000 83.072000 77
88.416000 88.544000 63
88.640000 88.896000 62
89.376000 89.440000 67
89.440000 89.728000 70
89.792000 89.824000 67
90.336000 91.392000 65
92.384000 92.960000 62
92.960000 93.152000 59
96.416000 97.024000 65
97.184000 97.536000 62
98.368000 98.784000 66
98.944000 99.552000 66
100.352000 100.736000 62
100.928000 101.280000 62
103.904000 104.288000 65
104.416000 105.024000 65
105.184000 105.632000 62
106.368000 107.296000 65
108.416000 109.056000 63
109.120000 109.152000 62
110.112000 112.384000 68
112.864000 112.896000 64
112.960000 112.992000 64
113.344000 113.696000 62
114.592000 114.688000 66
115.136000 115.232000 65
115.392000 115.648000 62
115.872000 116.032000 67
116.320000 116.352000 63
116.416000 116.480000 63
116.672000 117.440000 64
117.440000 117.728000 62
118.400000 118.656000 61
119.360000 119.616000 61
120.384000 120.640000 61
120.704000 120.832000 64
121.472000 121.632000 62
122.720000 122.912000 65
122.912000 123.008000 67
123.200000 123.520000 66
123.744000 124.064000 65
124.096000 124.160000 65
124.288000 125.024000 65
125.184000 126.080000 65
126.144000 126.208000 66
126.272000 126.560000 64
126.720000 126.752000 65
127.456000 127.520000 66
128.256000 128.544000 69
128.736000 128.832000 68
130.560000 130.976000 66
130.976000 131.264000 69
131.264000 131.872000 65
132.256000 132.448000 62
132.448000 133.280000 65
133.280000 133.696000 62
134.336000 134.944000 65
135.072000 137.056000 65
138.272000 139.040000 69
139.040000 139.360000 66
140.448000 140.768000 64
140.960000 141.824000 65
142.560000 142.752000 67
142.752000 142.816000 64
142.944000 143.008000 65
143.008000 143.264000 68
143.872000 143.904000 65
147.296000 147.360000 65
147.392000 147.808000 65
148.448000 148.608000 61
148.768000 149.280000 63
149.408000 149.696000 73
150.336000 150.912000 64
151.424000 151.680000 62
151.744000 152.000000 67
152.416000 152.864000 62
153.024000 153.152000 66
153.248000 153.280000 64
153.504000 153.632000 63
153.760000 153.952000 62
155.104000 155.200000 58
155.712000 156.128000 67
156.384000 156.576000 68
156.896000 157.120000 67
157.344000 157.824000 67
158.208000 158.304000 67
158.624000 158.784000 68
159.936000 160.096000 61
162.432000 163.616000 61
163.616000 164.128000 57
164.864000 164.928000 57
164.928000 165.024000 60
165.024000 166.432000 64
167.136000 167.328000 62
167.328000 167.392000 63
167.392000 168.320000 68
168.448000 168.832000 66
168.832000 170.528000 64
170.848000 171.008000 56
171.072000 171.424000 66
171.520000 171.872000 63
171.872000 172.576000 64
172.576000 173.216000 62
173.792000 173.984000 62
174.112000 174.976000 67
174.976000 175.456000 69
175.520000 175.776000 69
175.776000 176.160000 71
176.160000 176.224000 67
176.224000 176.320000 66
176.320000 176.480000 64
176.480000 177.760000 62
178.432000 179.072000 54
179.168000 179.264000 53
179.936000 180.192000 55
180.224000 180.928000 54
181.088000 181.664000 62
181.664000 182.720000 65
182.848000 183.776000 65
183.776000 188.000000 69
188.192000 188.224000 69
189.504000 189.696000 76
193.248000 193.408000 76
194.880000 195.040000 69
195.552000 195.712000 64
196.960000 197.216000 62
197.696000 198.112000 66
198.240000 198.368000 71
198.368000 198.592000 68
198.592000 199.648000 69
199.648000 199.904000 74
199.904000 200.672000 68
200.672000 201.088000 65
201.280000 201.888000 71
202.176000 202.752000 70
202.784000 203.584000 69
203.712000 203.776000 74
204.128000 204.704000 69
204.800000 204.896000 66
204.896000 204.928000 63
205.216000 205.856000 68
205.856000 206.944000 65
207.712000 207.904000 63
207.904000 208.608000 69
208.704000 209.376000 65
210.656000 211.424000 69
211.680000 211.904000 69
211.904000 212.544000 64
212.640000 213.120000 62
213.632000 214.336000 61
214.528000 215.072000 61
215.072000 215.328000 64
215.616000 215.872000 61
216.192000 216.352000 62
216.800000 217.472000 60
218.176000 219.168000 64
219.712000 219.776000 62
220.224000 220.448000 65
220.704000 220.896000 64
221.760000 221.824000 65
222.240000 222.368000 71
222.688000 223.360000 72
224.000000 224.160000 69
224.672000 224.768000 71
224.768000 224.864000 69
230.592000 230.720000 61
233.024000 233.152000 65
252.192000 252.448000 69
252.704000 252.928000 69
284.704000 284.800000 72
320.608000 320.896000 69
321.536000 321.632000 65
322.176000 322.720000 62
326.336000 326.432000 62
329.504000 329.632000 62
330.880000 331.296000 70
338.720000 338.976000 64
338.976000 339.104000 66
339.776000 339.936000 64
340.064000 340.160000 67
340.320000 340.512000 61
340.992000 341.216000 65
341.344000 341.504000 65
341.568000 341.632000 64
341.632000 341.792000 60
342.656000 342.816000 64
342.944000 343.072000 67
343.424000 343.488000 64
343.712000 343.744000 63
344.608000 344.960000 64
345.152000 345.376000 66
346.048000 347.104000 69
347.200000 347.872000 68
348.000000 349.024000 69
349.024000 349.056000 63
349.216000 349.280000 65
349.280000 349.440000 70
349.792000 349.952000 70
350.208000 350.432000 69
350.656000 350.912000 70
351.200000 351.328000 63
351.424000 351.552000 66
352.064000 352.576000 68
352.736000 353.120000 68
353.280000 353.536000 68
353.760000 354.016000 69
354.240000 354.624000 68
354.720000 354.912000 69
355.008000 356.032000 69
356.224000 356.992000 69
357.120000 357.312000 66
357.728000 357.888000 62
360.384000 360.448000 62
360.480000 360.512000 63
