7.904000 8.224000 58
9.184000 9.952000 54
10.016000 10.048000 56
10.208000 10.336000 56
12.256000 12.736000 54
18.048000 18.144000 64
18.272000 19.456000 62
19.456000 20.256000 65
21.440000 21.536000 64
21.632000 22.112000 61
22.304000 22.592000 62
22.752000 23.328000 65
23.904000 25.120000 61
25.248000 25.952000 62
26.048000 27.424000 61
31.584000 31.680000 65
31.776000 31.872000 63
31.968000 32.224000 61
32.512000 33.984000 65
34.976000 35.072000 65
35.168000 35.648000 61
35.840000 36.224000 62
36.224000 36.896000 65
37.408000 38.592000 61
38.720000 41.152000 61
41.280000 41.472000 61
44.416000 44.512000 53
45.056000 45.120000 53
46.208000 46.400000 55
48.480000 48.800000 66
48.960000 49.056000 64
49.440000 50.720000 68
50.816000 50.912000 69
51.680000 51.904000 61
51.904000 52.000000 64
52.000000 52.096000 65
52.096000 52.288000 66
52.288000 54.432000 69
55.232000 56.000000 61
56.128000 58.400000 67
58.816000 60.192000 62
60.192000 60.928000 65
61.120000 61.408000 54
62.176000 62.752000 61
62.880000 63.168000 62
63.296000 64.192000 65
64.480000 65.568000 61
65.792000 66.368000 62
66.624000 68.256000 61
71.040000 71.200000 54
73.856000 73.984000 63
73.984000 74.304000 65
74.304000 76.032000 63
77.152000 77.312000 61
77.312000 78.240000 63
78.240000 78.848000 65
80.448000 80.640000 59
80.640000 81.312000 64
81.440000 82.592000 64
83.712000 84.032000 65
84.032000 85.280000 68
85.280000 86.112000 65
87.328000 88.512000 63
88.608000 89.600000 65
89.888000 90.784000 64
91.136000 91.648000 64
91.744000 92.832000 62
92.832000 93.280000 61
94.048000 94.272000 63
94.272000 94.560000 65
94.752000 95.328000 63
95.808000 95.872000 62
95.872000 96.288000 65
96.288000 97.312000 67
97.504000 98.784000 66
99.712000 100.096000 54
100.096000 100.384000 56
100.512000 101.408000 70
102.752000 105.024000 68
105.920000 106.048000 64
106.048000 106.176000 65
106.176000 106.272000 66
106.272000 108.128000 70
109.280000 109.408000 59
109.408000 109.952000 62
110.048000 110.112000 61
110.112000 112.384000 67
112.800000 112.960000 62
112.992000 113.664000 61
113.664000 115.552000 65
116.288000 116.832000 61
116.960000 117.248000 62
117.376000 118.112000 65
118.560000 119.712000 61
119.872000 123.136000 61
127.552000 128.064000 66
128.256000 129.792000 65
129.792000 131.648000 61
131.712000 132.224000 65
133.216000 133.248000 60
134.048000 134.528000 59
134.624000 136.288000 65
136.384000 137.248000 61
137.344000 137.568000 56
137.568000 139.200000 61
139.328000 139.392000 61
139.616000 139.744000 65
139.936000 142.432000 66
142.528000 142.720000 66
142.944000 143.168000 61
143.264000 145.344000 66
145.440000 146.272000 61
146.272000 146.464000 67
146.560000 146.848000 68
146.848000 147.936000 62
148.192000 149.376000 61
149.696000 149.888000 57
150.624000 152.800000 66
153.312000 154.112000 61
154.112000 156.576000 67
157.696000 157.824000 68
157.984000 158.016000 68
158.080000 160.032000 66
160.128000 160.224000 66
160.832000 160.896000 66
160.896000 161.024000 67
161.024000 164.352000 68
164.352000 167.296000 71
167.744000 168.128000 69
168.480000 168.544000 62
168.544000 168.640000 64
168.640000 170.368000 66
170.368000 170.560000 64
170.656000 170.848000 64
171.680000 171.872000 60
171.872000 172.864000 66
172.864000 173.120000 71
173.120000 173.696000 69
173.824000 174.016000 70
175.040000 175.264000 61
175.264000 175.936000 66
176.096000 177.344000 67
177.344000 177.728000 73
177.728000 178.784000 69
179.008000 179.200000 69
179.200000 179.456000 71
179.584000 179.968000 66
180.160000 180.256000 60
180.640000 180.960000 67
180.992000 183.104000 71
183.488000 183.552000 60
183.552000 183.712000 62
183.712000 183.840000 63
183.840000 185.728000 69
185.856000 186.528000 64
186.848000 187.040000 61
187.040000 188.000000 67
188.000000 188.032000 73
188.032000 188.384000 75
188.384000 188.448000 73
188.448000 189.568000 74
189.824000 190.528000 73
190.528000 191.296000 71
191.296000 193.632000 68
194.080000 195.200000 63
195.200000 196.800000 66
197.440000 198.016000 62
198.112000 198.176000 62
198.176000 198.272000 63
198.272000 199.360000 66
199.488000 199.616000 65
199.616000 200.736000 62
201.056000 201.664000 63
201.920000 203.840000 62
207.808000 208.320000 62
208.320000 210.016000 66
210.720000 210.848000 63
211.008000 211.488000 66
211.488000 211.936000 69
211.936000 213.248000 64
213.248000 214.048000 59
214.752000 218.784000 62
221.280000 222.880000 62
223.136000 225.088000 62
