14.720000 14.784000 60
14.784000 15.040000 66
15.040000 16.608000 70
16.608000 17.184000 65
18.496000 18.720000 59
18.816000 18.912000 62
19.328000 21.632000 65
21.792000 22.432000 60
22.432000 22.752000 55
22.976000 24.160000 58
27.360000 27.392000 58
27.584000 27.840000 62
28.160000 28.864000 66
28.960000 29.376000 65
29.472000 29.792000 65
30.016000 31.072000 60
31.072000 31.584000 58
31.680000 33.120000 58
35.968000 36.096000 57
36.096000 36.416000 59
36.416000 36.608000 62
36.608000 36.736000 66
36.896000 37.088000 65
37.088000 37.408000 62
37.408000 39.136000 65
39.296000 40.064000 65
40.160000 40.416000 62
40.416000 41.792000 65
44.736000 44.928000 67
45.024000 45.088000 68
45.088000 45.376000 70
45.600000 46.304000 66
46.400000 47.456000 65
47.456000 48.800000 60
48.800000 49.120000 55
49.120000 50.496000 58
52.384000 52.672000 67
52.672000 52.928000 70
52.928000 53.312000 63
53.504000 53.888000 67
54.016000 54.848000 65
55.072000 56.384000 71
56.704000 57.024000 67
57.024000 57.280000 70
57.280000 57.696000 63
57.856000 58.240000 67
58.400000 59.104000 65
59.392000 60.768000 71
61.120000 61.344000 67
61.344000 61.664000 70
61.728000 62.048000 63
62.208000 62.624000 67
62.752000 63.456000 65
63.744000 65.120000 71
65.472000 65.760000 68
65.760000 66.048000 70
66.176000 66.496000 70
66.688000 66.816000 73
67.392000 67.488000 72
68.416000 68.576000 68
68.576000 68.928000 70
68.928000 69.472000 65
69.856000 70.016000 67
70.112000 70.336000 70
70.464000 70.848000 70
71.744000 71.840000 71
75.552000 75.648000 63
75.840000 75.936000 66
76.064000 78.272000 65
78.496000 79.040000 60
79.040000 79.360000 58
79.648000 81.024000 58
83.936000 84.160000 71
84.160000 84.512000 62
84.512000 84.864000 65
85.024000 86.528000 65
86.976000 87.808000 60
87.808000 88.064000 57
88.064000 89.792000 58
92.576000 92.928000 59
92.928000 93.216000 62
93.216000 93.440000 65
93.536000 94.112000 65
94.272000 96.128000 65
96.192000 96.480000 67
96.480000 96.896000 65
96.992000 98.592000 66
99.136000 99.200000 67
99.200000 99.456000 70
99.456000 100.032000 65
101.408000 101.536000 76
101.536000 101.568000 74
101.568000 101.920000 70
101.920000 102.144000 67
102.208000 102.624000 65
102.624000 102.848000 67
102.976000 103.200000 65
103.328000 103.488000 62
103.488000 103.840000 65
104.032000 105.472000 60
105.728000 107.040000 58
107.840000 108.224000 68
108.224000 108.672000 65
108.960000 109.216000 67
109.216000 109.472000 70
109.472000 109.856000 63
110.112000 110.176000 65
110.176000 111.360000 66
111.648000 112.992000 71
113.280000 113.600000 67
113.600000 113.888000 70
113.888000 114.272000 63
114.432000 114.816000 67
114.944000 115.648000 65
115.936000 116.000000 66
116.000000 117.312000 70
117.632000 117.920000 67
117.920000 118.208000 70
118.208000 118.592000 63
118.720000 119.136000 67
119.296000 119.904000 65
120.096000 120.192000 69
120.288000 120.352000 67
120.352000 121.536000 71
121.536000 122.592000 68
122.688000 123.040000 70
123.200000 123.328000 73
123.968000 124.032000 72
124.032000 124.128000 71
125.024000 125.120000 67
125.120000 125.504000 70
125.504000 126.016000 65
126.272000 126.432000 68
126.432000 126.560000 64
126.656000 127.648000 70
128.320000 128.448000 70
129.312000 129.376000 68
129.376000 129.888000 70
129.888000 130.368000 65
130.464000 130.688000 69
130.688000 131.040000 67
131.040000 131.840000 70
131.840000 132.000000 78
139.712000 139.776000 59
139.776000 140.416000 65
140.576000 140.992000 67
141.120000 141.952000 65
144.128000 144.192000 58
144.192000 144.832000 65
144.992000 145.408000 67
145.536000 146.496000 65
146.720000 147.072000 65
148.640000 148.736000 72
148.928000 150.368000 65
150.464000 152.160000 65
152.288000 152.864000 65
153.088000 155.424000 65
155.520000 156.512000 65
156.640000 157.056000 65
157.056000 157.216000 62
157.376000 157.824000 65
157.984000 158.432000 67
158.528000 159.104000 65
159.104000 159.552000 67
159.552000 160.096000 70
160.160000 160.224000 69
160.224000 160.640000 74
160.640000 160.960000 72
160.960000 161.888000 67
161.888000 162.176000 65
162.304000 162.784000 67
162.880000 163.520000 65
163.520000 164.320000 70
164.448000 164.512000 67
164.512000 164.544000 71
164.544000 164.928000 74
164.928000 164.992000 68
164.992000 165.248000 62
165.600000 165.888000 67
165.888000 166.112000 70
166.112000 166.496000 63
166.688000 166.816000 65
166.816000 167.040000 67
167.264000 167.936000 65
168.224000 169.504000 71
169.888000 170.080000 66
170.176000 170.528000 70
170.560000 170.816000 63
171.040000 171.424000 67
171.584000 172.224000 65
172.640000 173.920000 71
173.952000 174.112000 74
174.272000 174.560000 67
174.560000 174.816000 70
174.816000 175.200000 64
175.392000 175.744000 67
175.936000 176.544000 65
176.960000 177.024000 69
177.024000 178.176000 72
178.176000 179.200000 68
179.328000 179.776000 70
179.776000 179.936000 73
180.544000 180.608000 70
180.608000 180.736000 73
181.632000 182.336000 70
182.432000 182.592000 64
182.720000 182.944000 69
183.104000 183.136000 67
183.232000 183.552000 70
183.648000 183.968000 70
184.096000 184.160000 74
184.160000 184.352000 77
184.896000 185.120000 74
185.440000 185.504000 70
185.504000 185.696000 73
186.016000 186.304000 70
186.464000 186.816000 68
187.616000 188.448000 71
188.448000 188.608000 74
189.536000 189.920000 70
190.240000 190.816000 70
190.880000 191.296000 64
191.296000 191.808000 69
191.936000 192.192000 70
192.320000 192.896000 71
193.280000 193.440000 75
193.568000 193.824000 70
194.080000 194.336000 70
194.656000 194.848000 71
195.136000 195.392000 70
195.744000 195.872000 70
196.288000 196.544000 70
196.672000 197.024000 70
197.888000 198.144000 70
198.432000 198.816000 70
198.976000 199.264000 70
199.424000 199.552000 71
200.128000 200.512000 68
200.640000 200.896000 70
201.024000 201.408000 70
202.016000 202.144000 69
202.272000 202.400000 70
202.784000 202.944000 69
203.232000 203.552000 70
203.840000 204.096000 70
204.384000 204.800000 69
204.960000 205.088000 75
205.088000 205.216000 70
205.376000 205.856000 70
205.856000 206.112000 76
206.560000 206.720000 70
206.752000 206.976000 70
207.168000 207.584000 70
207.712000 207.968000 70
208.320000 208.480000 66
209.120000 209.216000 68
209.248000 209.600000 70
209.696000 209.984000 70
209.984000 210.048000 66
210.208000 210.240000 66
211.264000 211.712000 70
211.904000 212.128000 70
212.480000 212.704000 68
212.832000 212.928000 65
213.504000 214.368000 70
214.976000 215.072000 70
215.296000 215.776000 70
215.872000 216.032000 68
216.416000 216.928000 70
217.088000 217.440000 69
217.440000 217.792000 72
217.792000 217.984000 68
218.080000 218.336000 70
218.400000 218.848000 70
219.424000 219.968000 70
220.480000 221.024000 70
221.600000 222.080000 70
222.944000 223.136000 70
223.168000 223.200000 70
