8.768000 8.928000 56
9.056000 9.856000 56
9.856000 10.560000 58
10.688000 11.392000 60
13.696000 13.824000 55
13.952000 14.400000 55
14.528000 14.880000 55
14.976000 15.072000 55
15.168000 15.264000 55
17.568000 18.336000 55
18.720000 18.976000 55
19.520000 19.648000 55
19.936000 20.096000 55
20.192000 20.672000 56
21.600000 21.984000 55
22.144000 23.296000 57
26.240000 27.360000 56
27.360000 28.000000 58
28.160000 29.216000 60
30.880000 31.296000 55
31.520000 31.840000 55
32.000000 32.096000 55
32.384000 32.704000 55
34.912000 34.976000 55
35.008000 35.520000 55
35.776000 35.872000 55
36.160000 36.448000 55
37.152000 37.280000 55
37.376000 37.536000 55
37.664000 38.624000 55
39.040000 41.184000 58
42.304000 42.560000 72
42.560000 42.752000 68
42.880000 43.584000 67
44.320000 45.600000 65
45.856000 46.144000 71
46.272000 47.072000 74
47.552000 47.744000 64
47.744000 48.352000 67
48.352000 49.056000 72
49.504000 51.680000 67
52.928000 53.920000 65
54.048000 54.272000 63
54.560000 54.720000 70
54.720000 55.328000 74
55.456000 55.648000 74
56.256000 56.672000 66
56.672000 56.768000 72
56.768000 56.960000 68
57.088000 57.472000 72
57.568000 58.240000 72
58.240000 59.456000 67
60.000000 60.736000 67
60.864000 61.184000 65
61.632000 61.760000 63
61.760000 62.720000 65
62.720000 64.416000 61
64.672000 64.832000 62
64.832000 65.184000 65
65.184000 65.760000 67
65.920000 66.848000 72
67.040000 68.704000 67
68.992000 69.248000 67
69.248000 69.536000 69
69.536000 69.856000 77
69.984000 70.144000 77
70.656000 71.488000 65
71.776000 72.384000 60
72.384000 72.672000 62
72.864000 73.440000 63
73.728000 73.792000 63
73.792000 73.952000 65
73.952000 74.336000 67
74.336000 75.360000 72
75.616000 76.000000 68
76.192000 77.984000 67
82.880000 83.104000 57
83.200000 84.064000 56
84.064000 84.768000 58
84.896000 85.920000 60
88.352000 88.640000 55
89.312000 89.376000 55
91.520000 91.680000 55
91.904000 92.224000 55
92.256000 92.320000 55
92.704000 92.960000 55
93.056000 93.216000 55
93.920000 94.528000 55
94.848000 95.104000 55
95.712000 97.504000 58
98.464000 98.752000 59
98.752000 99.008000 60
99.008000 99.072000 62
99.072000 99.200000 64
99.200000 99.296000 65
99.296000 99.424000 67
99.424000 100.512000 68
100.672000 100.864000 67
100.896000 101.792000 68
101.792000 102.176000 71
102.336000 103.552000 72
104.736000 107.168000 65
107.264000 107.392000 65
107.776000 107.872000 65
108.288000 108.384000 66
108.864000 109.280000 65
109.408000 109.568000 67
109.664000 109.792000 67
109.952000 110.528000 65
111.328000 111.872000 66
112.128000 112.704000 65
112.704000 114.880000 70
116.480000 116.736000 72
116.736000 116.928000 68
117.056000 117.760000 67
118.560000 119.808000 65
120.032000 120.320000 71
120.448000 121.216000 74
121.792000 121.952000 64
121.952000 122.368000 67
122.368000 123.296000 72
123.680000 124.096000 63
124.096000 125.888000 67
127.136000 128.096000 65
128.224000 128.416000 62
128.512000 129.152000 60
129.152000 129.504000 62
129.632000 129.984000 62
130.432000 130.496000 63
130.496000 130.880000 66
130.944000 131.136000 67
131.232000 131.648000 72
131.744000 132.416000 72
132.416000 133.792000 67
134.176000 134.912000 67
135.040000 135.296000 65
135.840000 137.184000 65
137.472000 137.600000 70
137.600000 138.496000 74
138.976000 139.360000 65
139.360000 139.936000 67
140.096000 141.024000 72
141.216000 142.912000 67
143.200000 143.680000 68
143.712000 144.032000 65
144.832000 145.568000 65
145.952000 146.848000 60
147.040000 147.584000 62
148.000000 148.160000 65
148.160000 148.512000 67
148.512000 149.472000 72
149.824000 150.208000 68
150.368000 152.192000 67
153.312000 153.408000 65
153.568000 153.728000 65
153.984000 154.048000 66
154.112000 154.336000 65
154.688000 154.880000 60
155.008000 155.072000 59
155.072000 155.520000 61
155.744000 156.128000 62
156.608000 157.056000 65
157.248000 157.440000 69
157.632000 157.728000 72
159.456000 159.584000 65
159.712000 160.096000 65
160.160000 160.224000 65
162.080000 162.176000 65
162.304000 163.040000 65
163.360000 163.520000 60
163.680000 163.904000 59
164.064000 164.224000 62
164.672000 164.736000 62
165.312000 165.568000 65
165.568000 165.984000 67
165.984000 166.976000 72
167.232000 167.552000 67
167.776000 169.440000 67
171.008000 171.808000 65
172.192000 172.288000 70
172.416000 172.544000 70
172.544000 172.992000 73
173.216000 173.568000 74
174.176000 174.880000 67
174.880000 175.648000 72
175.936000 176.320000 67
176.576000 176.768000 67
176.800000 177.792000 67
178.112000 178.400000 67
178.400000 178.656000 69
178.656000 178.976000 65
179.744000 180.544000 65
180.896000 181.056000 71
181.152000 181.216000 70
181.216000 181.568000 72
181.568000 181.728000 74
181.920000 182.592000 73
182.752000 185.056000 72
185.216000 187.904000 72
187.904000 192.320000 74
192.416000 193.536000 72
193.536000 193.824000 68
193.984000 195.744000 67
196.672000 196.768000 69
196.928000 197.408000 72
197.440000 198.240000 72
198.336000 198.592000 69
198.592000 199.296000 72
199.392000 200.000000 73
200.000000 200.576000 70
200.832000 200.960000 69
201.088000 201.184000 70
201.600000 202.144000 72
202.240000 205.056000 72
205.216000 205.536000 72
205.664000 208.768000 70
208.896000 209.248000 73
209.600000 209.696000 67
210.560000 210.816000 65
211.264000 212.000000 65
212.096000 213.056000 69
213.056000 214.496000 67
214.624000 215.520000 72
215.744000 216.000000 72
216.000000 216.640000 76
216.864000 217.248000 74
217.664000 218.112000 73
218.208000 219.488000 72
219.680000 219.808000 69
220.128000 222.048000 72
222.048000 226.816000 77
226.912000 227.008000 77
