9.216000 9.792000 46
12.224000 12.640000 49
14.560000 14.624000 46
19.680000 19.808000 48
38.240000 38.560000 45
39.136000 39.648000 45
41.408000 42.144000 45
42.688000 42.720000 45
42.720000 42.752000 45
42.752000 42.784000 45
42.784000 42.816000 45
42.816000 42.848000 45
42.848000 42.880000 45
43.392000 43.424000 45
43.424000 43.456000 45
43.456000 43.488000 45
43.488000 43.520000 45
43.520000 43.552000 45
43.552000 43.584000 45
43.680000 43.712000 45
43.712000 43.744000 45
43.744000 43.776000 45
43.776000 43.808000 45
51.968000 52.992000 50
53.472000 54.496000 50
54.624000 54.784000 50
55.328000 56.224000 51
56.352000 56.992000 50
58.720000 58.752000 45
58.752000 58.784000 45
58.784000 58.816000 45
59.008000 59.040000 45
59.040000 59.072000 45
59.072000 59.104000 45
59.104000 59.136000 45
59.136000 59.168000 45
59.168000 59.200000 45
59.200000 59.232000 45
59.232000 59.264000 45
60.160000 60.192000 45
60.192000 60.224000 45
60.224000 60.256000 45
62.176000 62.464000 46
66.112000 66.880000 51
66.976000 67.136000 49
67.264000 68.192000 48
68.320000 68.672000 50
68.800000 68.896000 48
69.472000 69.856000 56
70.048000 70.432000 56
71.168000 71.648000 51
73.184000 73.472000 50
73.600000 73.952000 51
73.952000 75.264000 49
75.456000 75.776000 50
76.128000 76.352000 48
76.480000 77.504000 56
78.048000 78.656000 51
80.224000 80.384000 45
80.480000 80.640000 46
80.864000 81.472000 47
83.936000 84.544000 46
86.368000 86.784000 50
87.488000 88.096000 47
90.784000 92.064000 51
92.160000 92.320000 51
92.576000 93.536000 51
94.560000 94.688000 47
97.792000 97.824000 45
97.824000 97.856000 45
98.112000 98.176000 45
98.176000 98.304000 45
98.752000 98.784000 45
98.784000 98.816000 45
98.816000 98.848000 45
98.848000 98.880000 45
98.880000 98.912000 45
98.912000 98.944000 45
98.944000 98.976000 45
98.976000 99.008000 45
99.008000 99.040000 45
99.040000 99.072000 45
99.072000 99.104000 45
99.456000 99.552000 45
99.744000 100.448000 48
101.280000 101.440000 47
112.192000 112.800000 46
113.824000 114.592000 46
115.744000 116.352000 46
117.312000 117.472000 47
119.104000 119.264000 50
119.456000 119.808000 50
119.936000 120.320000 51
120.416000 120.576000 51
120.800000 121.824000 51
122.272000 122.432000 49
122.848000 122.976000 47
126.368000 126.400000 45
126.400000 126.432000 45
126.432000 126.464000 45
126.560000 126.592000 45
126.592000 126.624000 45
126.624000 126.656000 45
126.976000 127.008000 45
127.008000 127.040000 45
127.040000 127.072000 45
127.072000 127.104000 45
127.104000 127.136000 45
127.136000 127.168000 45
127.168000 127.200000 45
127.200000 127.232000 45
127.232000 127.264000 45
127.264000 127.296000 45
127.296000 127.328000 45
127.328000 127.360000 45
127.360000 127.392000 45
127.392000 127.424000 45
127.424000 127.456000 45
127.648000 127.808000 45
128.000000 128.704000 48
129.376000 130.432000 51
132.480000 132.512000 45
132.512000 132.544000 45
132.544000 132.576000 45
132.576000 132.608000 45
132.608000 132.640000 45
132.640000 132.672000 45
132.672000 132.704000 45
132.704000 132.736000 45
132.736000 132.768000 45
132.768000 132.800000 45
132.800000 132.832000 45
132.832000 132.864000 45
135.136000 135.168000 45
135.168000 135.200000 45
135.200000 135.232000 45
135.520000 135.552000 45
135.552000 135.584000 45
135.584000 135.616000 45
135.808000 135.872000 45
135.872000 136.032000 45
141.376000 141.728000 58
143.808000 143.904000 56
144.160000 144.544000 56
144.672000 144.800000 57
145.024000 145.184000 58
147.264000 147.424000 51
147.520000 147.648000 51
147.744000 147.872000 51
147.968000 148.160000 55
148.416000 148.768000 58
148.896000 149.728000 51
150.944000 151.616000 60
151.648000 151.904000 59
151.968000 152.352000 63
152.480000 152.608000 63
153.952000 154.080000 58
154.336000 154.784000 55
154.976000 155.328000 55
155.456000 155.808000 58
157.472000 157.632000 51
157.920000 158.048000 51
158.176000 158.400000 55
158.560000 158.976000 56
159.040000 159.360000 58
161.408000 161.600000 56
161.888000 162.048000 55
162.080000 162.272000 55
162.496000 162.848000 58
163.136000 163.328000 60
163.616000 163.808000 56
164.992000 165.760000 53
166.208000 167.136000 51
167.424000 167.520000 51
168.256000 168.384000 56
168.384000 168.640000 54
168.640000 169.216000 55
169.216000 169.312000 54
169.312000 170.560000 52
170.656000 171.008000 55
171.104000 171.264000 53
171.264000 171.648000 51
171.776000 172.128000 56
172.448000 172.512000 56
172.544000 172.864000 56
173.312000 173.440000 49
173.536000 173.824000 51
174.048000 174.112000 51
175.360000 176.512000 55
176.672000 176.992000 51
176.992000 177.600000 55
177.696000 178.208000 55
178.432000 178.720000 51
178.720000 179.936000 56
180.384000 180.512000 49
180.608000 180.768000 51
182.240000 182.912000 66
182.976000 183.168000 65
183.360000 183.744000 66
183.744000 183.904000 61
183.904000 184.224000 59
184.384000 184.544000 56
186.112000 187.136000 58
187.424000 187.456000 58
187.808000 187.904000 53
187.904000 188.416000 58
188.512000 189.344000 55
189.696000 189.728000 58
189.792000 190.592000 58
191.360000 191.456000 57
191.456000 191.520000 54
191.680000 192.288000 53
192.512000 193.184000 51
193.184000 194.848000 63
194.880000 196.224000 62
196.320000 196.640000 51
196.640000 198.848000 55
199.776000 200.256000 55
200.384000 200.960000 56
200.992000 201.632000 56
201.728000 201.984000 56
202.112000 202.848000 60
202.848000 203.424000 55
203.552000 204.608000 50
205.056000 205.632000 50
206.560000 206.688000 53
206.784000 207.008000 53
207.680000 208.288000 54
208.544000 208.672000 51
208.672000 208.832000 54
209.120000 209.344000 52
209.696000 209.856000 53
210.400000 210.560000 51
210.560000 210.912000 53
211.648000 211.808000 55
212.096000 212.288000 54
212.448000 212.704000 52
213.888000 214.016000 57
214.336000 214.496000 56
214.656000 215.392000 58
216.128000 216.640000 58
216.736000 217.120000 56
217.216000 217.536000 55
218.016000 218.880000 58
219.200000 219.360000 58
219.392000 219.840000 57
219.840000 220.704000 53
220.800000 221.376000 51
221.376000 224.192000 63
224.288000 224.480000 51
224.640000 224.800000 51
224.928000 226.208000 55
226.336000 226.432000 51
227.136000 227.392000 51
227.680000 228.000000 51
228.192000 228.512000 55
228.640000 229.152000 56
229.280000 229.856000 56
230.208000 231.072000 60
231.072000 231.616000 55
231.744000 234.112000 63
234.912000 235.264000 55
235.264000 235.488000 52
237.312000 237.408000 54
237.440000 237.760000 54
237.888000 238.336000 54
238.624000 238.880000 45
238.880000 238.944000 46
238.944000 239.360000 51
241.952000 242.240000 55
243.008000 243.104000 53
244.352000 244.480000 55
244.608000 244.736000 55
245.024000 245.472000 55
246.080000 246.432000 50
249.248000 249.504000 58
249.728000 249.856000 56
250.816000 251.136000 58
252.736000 253.056000 58
253.408000 253.440000 57
254.080000 254.528000 58
256.288000 256.448000 58
257.408000 257.472000 56
257.824000 258.208000 58
258.656000 259.296000 51
260.736000 261.024000 53
263.328000 263.616000 58
263.872000 264.224000 55
264.352000 264.704000 55
264.896000 265.280000 58
266.912000 267.040000 58
268.512000 268.672000 58
270.368000 270.656000 58
270.784000 270.912000 63
271.072000 271.328000 67
271.584000 271.680000 65
271.936000 272.256000 58
272.448000 272.704000 60
272.832000 273.408000 63
273.504000 273.696000 63
274.720000 275.104000 53
275.648000 276.000000 51
276.768000 276.960000 51
284.032000 284.192000 48
284.608000 284.704000 45
286.400000 286.528000 47
286.624000 286.720000 47
286.880000 287.136000 46
291.616000 291.648000 45
291.648000 291.680000 45
291.680000 291.712000 45
291.712000 291.744000 45
291.744000 291.776000 45
291.776000 291.808000 45
291.808000 291.840000 45
291.840000 291.872000 45
302.624000 302.720000 46
304.320000 304.448000 49
306.304000 306.496000 54
307.168000 307.232000 60
310.240000 310.368000 65
311.936000 312.128000 60
312.224000 312.320000 61
312.320000 312.384000 56
312.448000 312.704000 54
313.984000 314.144000 53
314.240000 314.368000 53
