22.112000 22.848000 61
23.424000 23.584000 63
23.808000 25.312000 66
27.488000 27.968000 68
28.128000 28.640000 66
30.176000 31.616000 59
32.448000 33.728000 59
34.368000 34.592000 63
34.752000 35.776000 63
36.128000 36.672000 66
36.672000 36.736000 68
36.736000 36.928000 71
36.928000 37.184000 66
37.184000 37.504000 62
37.600000 39.392000 63
40.064000 40.288000 61
40.416000 41.568000 62
41.856000 42.144000 63
42.240000 43.136000 63
43.136000 43.424000 61
43.424000 43.616000 59
43.712000 43.840000 64
43.840000 45.248000 61
45.792000 46.080000 61
46.176000 46.464000 62
46.592000 47.168000 59
47.264000 47.616000 59
47.616000 48.096000 61
48.096000 48.352000 59
48.672000 48.928000 57
49.408000 49.600000 66
49.600000 50.368000 67
50.592000 51.008000 62
51.168000 51.648000 63
51.872000 52.192000 63
52.320000 52.512000 63
52.512000 53.312000 61
53.312000 54.304000 63
54.464000 54.720000 61
54.720000 55.072000 57
55.200000 56.512000 59
57.184000 57.568000 63
57.568000 58.144000 66
58.144000 59.776000 68
60.096000 60.256000 69
60.256000 60.544000 72
60.544000 60.736000 68
60.864000 61.568000 66
61.568000 62.976000 63
63.296000 63.584000 63
63.680000 64.256000 61
64.416000 64.480000 58
64.512000 64.960000 56
65.152000 65.216000 61
65.216000 65.728000 67
65.824000 68.096000 63
68.608000 68.960000 63
68.960000 69.024000 64
69.024000 69.504000 66
69.504000 71.200000 68
71.520000 71.776000 68
71.776000 72.160000 70
72.256000 72.512000 71
72.512000 72.896000 66
72.992000 73.472000 67
73.472000 73.632000 64
73.760000 74.432000 63
74.688000 74.976000 62
75.104000 75.680000 61
75.808000 76.224000 61
76.224000 77.184000 64
77.280000 78.048000 62
78.048000 78.304000 60
78.528000 79.904000 59
85.088000 85.408000 62
90.976000 91.360000 63
100.096000 100.320000 63
100.448000 101.536000 63
101.856000 102.880000 66
102.880000 103.072000 63
103.072000 103.200000 61
103.296000 105.120000 63
105.760000 106.016000 61
106.112000 107.296000 62
107.552000 108.768000 63
108.768000 109.312000 60
109.408000 109.568000 64
109.568000 110.944000 61
111.488000 112.160000 61
112.288000 112.864000 59
112.960000 113.056000 59
113.152000 113.344000 59
113.344000 113.792000 61
113.792000 114.048000 59
114.400000 114.912000 56
115.104000 115.328000 66
115.328000 116.096000 68
116.320000 116.736000 62
116.896000 117.344000 63
117.568000 117.920000 63
118.016000 118.240000 63
118.240000 119.040000 61
119.040000 120.032000 63
120.160000 120.448000 61
120.448000 120.800000 57
120.928000 122.400000 59
122.784000 123.296000 63
123.296000 125.472000 67
125.824000 125.984000 69
125.984000 126.240000 72
126.240000 127.200000 66
127.296000 127.744000 64
127.744000 128.704000 63
129.024000 129.280000 63
129.376000 129.952000 61
130.304000 130.656000 56
130.848000 131.424000 67
131.552000 133.856000 63
134.336000 134.688000 63
134.688000 135.360000 66
135.360000 136.960000 69
137.248000 137.504000 68
137.504000 137.696000 69
137.696000 138.240000 71
138.240000 138.592000 66
138.720000 139.168000 67
139.168000 139.328000 64
139.456000 140.160000 63
140.384000 140.704000 62
140.800000 141.408000 61
141.504000 141.664000 60
141.664000 141.856000 61
141.856000 142.880000 63
143.008000 143.744000 62
143.744000 144.032000 60
144.192000 145.344000 59
145.760000 146.112000 63
146.112000 146.784000 66
146.784000 148.416000 68
148.672000 148.832000 69
148.832000 149.120000 71
149.120000 150.560000 66
150.560000 151.584000 63
151.872000 152.160000 63
152.256000 152.864000 61
153.152000 153.536000 56
153.696000 154.304000 67
154.400000 156.704000 63
157.184000 157.536000 63
157.536000 157.600000 64
157.600000 158.080000 66
158.080000 159.808000 68
160.064000 160.736000 69
160.832000 161.088000 71
161.088000 161.440000 66
161.568000 162.048000 67
162.048000 162.176000 63
162.336000 162.976000 63
163.264000 163.552000 62
163.648000 164.256000 61
164.384000 164.512000 60
164.512000 164.704000 61
164.704000 165.728000 63
165.856000 166.080000 61
166.080000 166.336000 63
166.336000 166.976000 61
167.008000 168.256000 59
168.640000 168.896000 63
169.024000 170.080000 62
170.432000 170.944000 66
170.944000 171.072000 68
171.072000 171.200000 71
171.200000 171.488000 66
171.488000 171.776000 62
171.872000 173.696000 63
174.368000 174.592000 61
174.720000 176.096000 62
176.192000 176.928000 63
177.088000 177.376000 63
177.376000 177.792000 61
177.952000 178.016000 60
178.016000 178.080000 59
178.080000 178.432000 57
178.656000 180.544000 59
