4.224000 4.480000 64
6.208000 6.304000 64
6.848000 6.944000 64
21.184000 23.104000 57
24.992000 25.984000 58
26.496000 26.944000 58
28.128000 28.992000 58
29.088000 29.248000 55
29.472000 29.856000 58
31.264000 31.456000 58
31.648000 31.936000 59
32.448000 33.408000 61
33.504000 33.792000 60
33.888000 34.432000 57
34.656000 35.744000 57
36.832000 37.088000 58
37.216000 37.504000 58
37.600000 37.856000 57
38.080000 38.176000 55
38.336000 38.784000 58
40.192000 40.672000 59
40.992000 41.216000 62
41.280000 41.632000 57
42.496000 43.360000 57
43.552000 43.744000 59
43.872000 44.128000 58
44.288000 44.896000 61
45.408000 45.664000 61
45.760000 45.920000 59
46.080000 46.336000 57
46.464000 47.072000 58
47.232000 47.488000 57
48.672000 49.312000 56
49.440000 49.664000 58
49.792000 50.848000 64
51.840000 52.608000 57
52.608000 52.704000 59
52.704000 53.056000 64
53.152000 53.728000 65
53.888000 54.240000 64
55.008000 55.616000 57
56.192000 56.992000 62
57.184000 57.664000 61
57.664000 58.112000 58
58.304000 59.712000 58
60.704000 61.504000 57
61.664000 61.984000 63
62.144000 62.592000 64
63.648000 63.744000 56
63.872000 64.448000 56
64.608000 64.864000 68
64.992000 65.664000 68
65.760000 65.856000 63
66.624000 67.072000 64
67.232000 67.776000 66
68.032000 70.368000 64
72.320000 72.960000 68
73.248000 73.312000 70
73.632000 74.624000 64
75.392000 75.968000 69
76.160000 76.320000 62
76.480000 77.568000 64
78.432000 78.560000 68
78.688000 78.880000 68
78.880000 79.264000 64
79.360000 79.744000 64
79.744000 80.416000 69
80.544000 80.864000 69
81.376000 82.656000 67
82.848000 83.488000 64
84.384000 84.480000 65
84.992000 85.184000 66
85.184000 85.536000 69
85.696000 86.176000 72
86.176000 86.880000 66
87.264000 87.328000 61
87.328000 87.840000 66
88.160000 88.192000 68
88.384000 88.544000 61
88.704000 89.920000 64
89.952000 90.016000 63
90.688000 91.104000 65
91.264000 92.064000 68
92.480000 92.608000 61
92.736000 93.312000 62
93.472000 93.600000 67
93.600000 93.856000 69
93.856000 94.528000 67
94.624000 96.064000 64
96.096000 96.704000 68
96.800000 97.056000 61
97.184000 98.496000 64
99.072000 99.584000 68
99.712000 99.936000 61
100.160000 101.696000 64
102.016000 102.560000 68
102.560000 103.488000 64
103.488000 104.576000 69
104.960000 105.920000 64
106.080000 106.336000 69
106.464000 107.616000 73
107.936000 108.544000 74
108.672000 109.184000 73
109.184000 110.304000 69
110.912000 111.552000 68
111.552000 111.840000 66
112.032000 112.288000 64
112.288000 112.640000 62
112.768000 112.992000 63
113.152000 113.280000 57
113.280000 113.856000 59
113.856000 114.176000 57
114.688000 114.880000 64
115.200000 115.936000 62
116.096000 116.736000 69
117.696000 118.176000 64
118.368000 118.880000 71
119.744000 120.448000 68
120.544000 120.864000 64
120.896000 122.304000 69
127.296000 127.456000 71
127.456000 127.680000 67
127.808000 128.640000 69
128.640000 130.144000 71
130.336000 130.624000 76
130.720000 132.992000 76
134.592000 134.912000 57
135.008000 135.232000 57
135.392000 135.552000 59
135.872000 136.864000 64
137.728000 138.528000 57
138.720000 138.880000 64
139.072000 139.616000 65
139.808000 140.192000 64
140.960000 141.664000 57
142.176000 142.944000 63
143.136000 143.456000 61
143.456000 144.096000 58
144.256000 145.568000 58
146.464000 147.392000 57
147.552000 147.872000 63
148.000000 148.864000 64
149.568000 149.696000 56
149.792000 150.368000 57
150.496000 150.784000 68
150.912000 151.680000 68
151.680000 151.936000 62
152.288000 152.960000 64
153.120000 153.856000 66
153.984000 155.360000 64
155.712000 156.000000 68
156.128000 156.352000 60
156.512000 157.952000 64
158.304000 158.944000 68
158.944000 159.328000 61
159.424000 160.992000 64
161.184000 161.376000 66
161.376000 161.760000 69
161.760000 162.272000 64
162.400000 162.752000 64
162.752000 163.392000 70
163.552000 163.936000 69
164.256000 165.216000 68
165.312000 165.600000 66
165.728000 166.880000 64
167.328000 167.808000 64
167.968000 168.192000 66
168.192000 168.544000 69
168.704000 169.152000 72
169.152000 169.792000 66
170.240000 170.752000 66
170.880000 172.032000 68
172.032000 173.024000 64
173.600000 173.664000 62
173.664000 174.048000 65
174.208000 174.464000 68
174.560000 174.976000 68
176.064000 176.288000 64
176.448000 177.504000 67
177.504000 177.536000 64
177.568000 178.784000 64
178.944000 183.008000 69
183.136000 184.544000 64
184.960000 185.536000 68
185.536000 186.432000 64
186.432000 187.552000 69
187.808000 187.840000 70
188.128000 188.544000 64
188.608000 188.864000 66
189.024000 189.280000 69
189.408000 190.432000 73
190.880000 191.552000 74
191.552000 192.096000 73
192.096000 192.672000 69
192.768000 193.312000 57
193.600000 193.696000 58
193.920000 194.752000 68
195.168000 195.584000 61
195.712000 196.032000 63
196.032000 196.096000 66
196.096000 197.120000 71
197.536000 197.600000 60
197.600000 197.792000 64
197.984000 198.848000 62
199.040000 200.512000 69
200.608000 201.152000 64
201.376000 202.112000 71
202.880000 203.392000 68
203.520000 203.680000 64
203.872000 204.672000 69
204.800000 205.440000 69
207.296000 207.424000 64
211.744000 212.736000 57
217.248000 219.264000 73
219.392000 221.216000 76
221.632000 222.400000 71
222.528000 224.416000 69
224.864000 228.320000 64
