22.528000 23.008000 45
23.200000 23.264000 53
23.264000 23.360000 54
23.360000 24.576000 56
24.576000 24.928000 53
25.056000 26.400000 56
26.976000 27.680000 61
27.840000 28.736000 56
28.864000 29.472000 53
29.600000 30.848000 56
31.360000 31.968000 52
32.128000 32.768000 54
32.864000 33.440000 55
33.888000 34.272000 56
34.528000 35.136000 50
35.776000 35.872000 45
35.872000 36.512000 49
36.608000 38.016000 52
38.432000 38.720000 53
38.912000 39.712000 51
40.416000 40.448000 45
40.448000 40.480000 45
40.480000 40.512000 45
40.512000 40.544000 45
40.544000 40.576000 45
40.576000 40.608000 45
40.608000 40.640000 45
40.768000 41.088000 45
41.088000 41.120000 48
41.120000 42.016000 56
42.336000 42.656000 55
42.784000 43.072000 53
43.072000 44.352000 56
44.768000 45.536000 61
45.696000 46.592000 57
46.752000 46.944000 55
46.944000 47.680000 53
47.840000 48.736000 57
49.120000 49.728000 52
49.952000 51.264000 54
51.520000 52.224000 55
52.224000 53.120000 50
53.696000 54.560000 48
54.560000 55.104000 50
55.456000 55.648000 53
55.840000 57.216000 50
57.824000 58.624000 49
58.624000 58.688000 55
58.688000 59.968000 61
59.968000 60.864000 59
60.960000 61.216000 60
61.216000 62.016000 62
62.016000 62.336000 61
62.336000 63.040000 65
63.040000 64.544000 63
64.544000 65.952000 59
65.952000 66.400000 57
66.560000 67.296000 52
67.392000 68.800000 55
69.120000 69.344000 54
69.344000 69.472000 56
69.664000 70.560000 55
70.816000 71.008000 51
71.008000 71.840000 53
71.840000 73.216000 57
73.568000 73.984000 57
74.144000 75.136000 57
76.000000 76.160000 45
76.160000 76.192000 48
76.192000 77.120000 56
77.312000 77.664000 55
77.824000 78.112000 53
78.112000 79.424000 56
79.776000 79.872000 58
79.872000 80.448000 61
80.448000 81.568000 56
81.760000 81.984000 55
82.176000 82.496000 53
82.496000 83.808000 56
84.128000 84.256000 46
84.256000 84.832000 53
84.960000 85.024000 51
85.024000 85.568000 54
85.696000 87.040000 55
87.168000 87.232000 45
87.232000 88.032000 49
88.576000 89.280000 47
89.280000 90.016000 49
90.304000 90.560000 53
90.560000 91.264000 51
91.392000 92.928000 49
107.008000 107.744000 62
115.520000 115.680000 54
115.680000 116.768000 56
116.768000 117.120000 53
117.248000 117.536000 55
117.632000 118.528000 57
119.136000 119.776000 61
119.776000 121.280000 56
121.280000 121.536000 53
121.664000 121.728000 54
121.728000 122.976000 57
123.392000 124.064000 52
124.256000 124.832000 54
124.960000 125.472000 55
125.920000 126.304000 56
126.496000 127.264000 49
127.744000 127.968000 45
127.968000 128.032000 47
128.032000 128.704000 49
128.704000 130.144000 53
130.336000 130.720000 54
130.752000 132.096000 52
132.352000 132.480000 51
132.960000 133.024000 47
133.024000 134.464000 56
134.656000 134.848000 53
134.848000 136.128000 56
136.512000 137.248000 61
137.408000 138.368000 57
138.368000 139.296000 54
139.456000 140.608000 57
140.768000 141.376000 52
141.504000 142.816000 55
143.104000 143.680000 56
143.776000 144.416000 49
145.248000 145.344000 46
145.344000 145.472000 47
145.472000 146.624000 48
146.944000 147.168000 53
147.392000 148.960000 50
149.280000 150.176000 50
150.176000 151.680000 61
151.680000 152.224000 58
152.384000 152.544000 60
152.544000 153.792000 62
153.792000 154.400000 65
154.400000 154.592000 62
154.592000 155.232000 64
155.232000 155.840000 62
155.840000 157.728000 58
157.888000 158.048000 51
158.048000 159.104000 53
159.104000 160.608000 55
160.896000 161.792000 55
162.080000 162.208000 51
162.208000 163.072000 53
163.072000 165.056000 57
165.184000 166.112000 56
167.072000 167.360000 45
167.360000 168.288000 57
168.512000 168.800000 55
169.024000 169.152000 53
169.152000 170.368000 56
170.848000 171.584000 61
171.584000 173.024000 57
173.248000 173.536000 53
173.536000 174.752000 57
175.072000 175.808000 53
175.936000 176.000000 51
176.000000 176.576000 55
176.672000 178.080000 55
178.080000 178.848000 49
179.488000 180.192000 47
180.192000 180.736000 49
181.184000 184.448000 50
202.144000 202.624000 62
