15.872000 16.160000 61
16.288000 16.832000 61
16.928000 17.376000 62
17.600000 17.920000 64
18.368000 19.424000 58
20.032000 20.288000 56
20.544000 21.184000 62
21.376000 21.952000 62
22.432000 22.656000 58
22.880000 23.264000 54
23.968000 24.192000 61
24.384000 25.888000 60
28.128000 28.480000 61
28.608000 29.088000 61
29.216000 29.824000 62
29.824000 30.208000 65
30.656000 31.808000 58
32.448000 33.504000 62
33.632000 34.304000 62
34.688000 35.744000 65
35.904000 36.448000 66
36.640000 37.760000 60
37.760000 39.232000 63
39.776000 40.160000 63
40.160000 40.704000 70
40.864000 41.248000 68
41.440000 42.336000 62
42.816000 43.136000 58
43.136000 43.808000 70
43.936000 44.288000 68
44.576000 45.472000 58
45.856000 46.144000 60
46.304000 46.880000 62
47.040000 47.552000 60
47.552000 48.032000 62
48.192000 48.864000 65
48.960000 50.432000 63
50.432000 51.456000 60
52.032000 52.416000 62
52.416000 53.536000 69
53.728000 54.624000 62
55.072000 55.328000 58
55.488000 56.704000 69
56.896000 57.824000 63
58.080000 58.496000 64
58.624000 59.296000 65
59.392000 59.744000 62
59.744000 60.384000 65
60.384000 62.144000 70
62.464000 62.688000 65
62.816000 63.136000 65
63.136000 65.504000 70
65.856000 66.176000 65
66.176000 66.912000 69
67.040000 67.296000 76
67.424000 68.480000 70
68.896000 69.312000 65
69.312000 70.400000 69
70.528000 70.912000 65
71.232000 71.360000 62
71.360000 71.904000 64
72.000000 72.352000 63
72.352000 72.640000 65
72.800000 73.440000 70
73.536000 73.696000 68
73.696000 74.112000 69
74.112000 74.400000 65
74.496000 74.688000 65
74.784000 75.040000 65
75.136000 75.456000 65
75.456000 77.952000 70
78.144000 78.528000 65
78.528000 79.232000 69
79.360000 80.768000 75
80.768000 81.152000 74
81.248000 81.440000 75
81.440000 82.048000 72
82.400000 82.528000 69
82.528000 82.784000 70
82.784000 83.360000 71
83.360000 83.616000 74
83.872000 83.936000 70
83.936000 84.096000 72
84.096000 85.088000 74
85.088000 86.592000 71
86.976000 87.040000 63
87.040000 91.680000 67
91.776000 91.904000 64
92.032000 93.120000 65
93.248000 93.440000 67
93.440000 93.888000 65
93.888000 96.000000 70
96.256000 97.440000 70
97.568000 97.760000 67
97.760000 98.048000 62
98.208000 98.880000 65
98.880000 99.328000 62
99.328000 100.224000 65
100.224000 100.864000 70
100.864000 101.312000 75
101.312000 102.080000 70
102.368000 103.552000 70
103.680000 103.936000 67
103.936000 104.224000 63
104.352000 105.472000 65
105.600000 105.824000 67
105.824000 106.144000 65
106.144000 107.328000 69
107.424000 108.320000 65
108.480000 109.440000 65
109.664000 109.792000 65
109.792000 110.112000 67
110.112000 110.368000 63
110.496000 111.232000 65
111.360000 112.320000 60
114.336000 114.656000 61
114.752000 115.200000 61
115.296000 115.904000 62
115.904000 116.384000 65
116.672000 117.792000 58
118.560000 118.752000 62
118.912000 119.584000 62
119.744000 120.448000 62
120.928000 121.088000 58
122.400000 122.688000 61
122.848000 124.160000 60
124.704000 125.120000 68
125.280000 125.696000 74
125.696000 126.272000 67
126.592000 126.944000 62
127.040000 127.360000 62
127.616000 128.192000 62
128.192000 128.640000 65
128.896000 129.824000 58
130.912000 131.936000 62
132.000000 132.800000 62
133.120000 134.560000 65
134.720000 135.104000 66
135.264000 136.768000 61
136.768000 137.856000 63
138.208000 138.560000 62
138.560000 139.232000 70
139.296000 139.680000 68
139.680000 140.768000 62
141.056000 141.632000 58
141.632000 142.304000 70
142.432000 142.784000 68
143.008000 143.840000 58
144.320000 144.576000 60
144.736000 145.376000 62
145.504000 146.016000 60
146.016000 146.528000 62
146.656000 146.784000 63
146.784000 148.160000 65
148.160000 150.368000 62
150.496000 150.688000 62
150.688000 150.880000 66
150.880000 151.904000 70
152.032000 153.216000 62
153.504000 153.792000 58
153.920000 155.072000 69
155.168000 156.256000 63
156.576000 156.960000 64
157.056000 157.728000 65
157.824000 158.176000 62
158.176000 158.816000 65
158.816000 160.608000 69
160.896000 161.632000 65
161.632000 164.128000 70
164.320000 164.704000 65
164.704000 166.976000 70
167.392000 167.808000 65
167.808000 168.864000 69
168.992000 169.344000 65
169.632000 170.368000 63
170.464000 170.848000 63
170.848000 171.104000 65
171.264000 172.576000 69
172.576000 172.864000 65
172.960000 173.152000 65
173.280000 173.504000 65
173.600000 173.920000 65
173.920000 174.528000 69
174.720000 176.192000 70
176.352000 176.480000 66
176.640000 176.992000 65
176.992000 177.696000 69
177.824000 179.232000 75
179.232000 179.616000 74
179.712000 180.544000 73
180.864000 180.992000 69
180.992000 181.216000 70
181.216000 181.760000 71
181.760000 182.080000 74
182.368000 182.432000 70
182.432000 182.560000 72
182.560000 183.552000 74
183.552000 185.056000 71
185.408000 185.472000 62
185.472000 190.368000 67
190.592000 191.584000 65
191.712000 191.904000 67
191.904000 192.352000 65
192.352000 194.560000 70
194.624000 195.872000 70
196.000000 196.224000 67
196.320000 196.544000 63
196.672000 197.312000 65
197.440000 197.504000 60
197.504000 197.824000 62
197.824000 198.496000 65
198.496000 199.136000 69
199.232000 199.776000 75
199.776000 200.544000 70
200.896000 202.016000 70
202.112000 202.400000 67
202.528000 202.688000 64
202.816000 203.712000 65
203.712000 204.320000 67
204.320000 204.736000 65
204.736000 206.080000 68
206.080000 206.912000 65
206.976000 207.872000 65
208.128000 208.640000 66
208.640000 208.832000 63
208.960000 209.728000 65
209.792000 210.880000 60
212.768000 213.088000 61
213.216000 213.568000 61
213.792000 214.304000 62
214.464000 214.848000 64
215.264000 216.160000 58
217.056000 217.280000 55
217.536000 218.144000 62
218.336000 218.816000 62
219.360000 219.584000 57
219.872000 220.128000 55
221.024000 221.280000 61
221.504000 222.976000 60
