22.688000 22.848000 56
23.040000 23.648000 55
23.872000 24.064000 55
30.080000 30.240000 51
30.240000 30.400000 53
30.592000 32.128000 49
32.192000 32.512000 47
33.152000 33.376000 49
33.376000 33.728000 50
33.728000 34.784000 48
34.784000 35.232000 51
37.600000 39.104000 51
39.264000 40.352000 49
41.184000 41.632000 49
41.728000 43.264000 51
43.424000 43.520000 51
45.024000 45.888000 51
45.984000 46.784000 51
46.944000 48.096000 49
48.928000 49.056000 50
49.056000 49.696000 47
49.824000 50.944000 50
52.992000 53.312000 51
53.312000 53.504000 53
53.664000 54.496000 51
54.624000 55.680000 49
56.384000 56.960000 49
57.056000 58.560000 51
60.320000 60.384000 56
60.544000 60.704000 56
60.800000 61.184000 55
61.376000 61.664000 54
61.856000 62.720000 54
62.944000 63.904000 51
64.576000 65.088000 52
65.088000 65.728000 50
65.760000 65.824000 47
65.888000 66.240000 47
66.240000 66.720000 49
66.720000 67.232000 51
67.264000 67.424000 51
68.192000 68.352000 56
68.480000 68.864000 55
68.992000 69.856000 54
69.952000 70.144000 54
70.304000 70.432000 48
70.528000 71.840000 51
75.552000 75.680000 54
75.808000 75.872000 55
75.872000 76.000000 58
76.096000 77.568000 59
77.696000 79.008000 59
79.040000 79.296000 59
79.616000 79.776000 59
79.872000 80.160000 68
80.288000 80.672000 63
80.800000 81.280000 56
81.440000 81.696000 59
81.696000 81.888000 56
82.016000 82.208000 59
82.208000 82.592000 56
83.200000 84.192000 59
84.320000 84.960000 57
85.088000 85.504000 54
85.824000 85.952000 51
86.240000 87.840000 56
91.136000 91.200000 48
91.200000 91.296000 50
91.296000 91.488000 51
91.488000 92.096000 52
92.352000 92.992000 49
94.784000 94.880000 51
94.880000 95.552000 47
95.744000 95.840000 48
96.000000 96.736000 50
98.912000 98.976000 48
98.976000 99.424000 51
99.584000 100.096000 51
100.288000 100.416000 52
100.544000 101.696000 49
102.784000 103.200000 49
103.200000 103.360000 53
103.520000 103.616000 49
103.712000 104.608000 50
106.656000 106.784000 51
106.880000 107.040000 52
107.040000 107.232000 54
107.328000 107.904000 51
108.064000 109.344000 49
109.728000 110.144000 50
110.240000 110.624000 48
110.976000 112.416000 49
112.512000 112.672000 51
114.560000 114.784000 51
114.784000 115.104000 54
115.328000 115.648000 51
115.744000 116.000000 52
116.000000 117.152000 49
117.728000 117.984000 54
118.304000 118.592000 57
118.592000 119.264000 59
119.264000 119.648000 61
119.648000 123.136000 62
123.744000 123.904000 62
123.904000 123.968000 58
124.096000 124.384000 61
124.384000 124.608000 59
124.672000 126.240000 61
126.272000 129.824000 58
131.456000 131.584000 58
131.584000 131.712000 61
131.808000 131.936000 62
132.032000 132.416000 59
132.448000 134.016000 61
134.144000 134.752000 58
134.848000 136.000000 56
139.168000 139.264000 57
139.392000 140.800000 59
140.896000 141.280000 59
141.536000 142.656000 59
142.752000 142.944000 59
142.944000 143.136000 56
143.264000 143.488000 59
143.488000 143.808000 56
143.968000 144.448000 63
144.544000 145.184000 56
145.184000 145.440000 59
145.440000 146.304000 56
146.816000 147.904000 59
148.032000 148.224000 56
148.224000 148.544000 58
148.544000 148.736000 56
148.800000 149.184000 54
149.184000 149.440000 52
149.536000 149.696000 51
150.080000 151.328000 56
152.768000 152.832000 55
155.200000 155.264000 62
164.032000 164.128000 61
164.224000 164.352000 63
166.592000 166.720000 63
178.400000 178.560000 71
178.688000 178.880000 66
184.128000 184.192000 62
184.352000 184.512000 61
185.632000 185.792000 53
185.920000 185.984000 52
185.984000 186.176000 56
186.368000 186.464000 58
186.464000 186.592000 57
186.592000 187.552000 54
187.872000 188.064000 53
188.352000 188.544000 55
189.312000 189.472000 55
189.504000 190.176000 56
190.400000 191.328000 56
192.832000 193.280000 62
193.664000 193.696000 62
194.080000 194.176000 66
194.656000 194.816000 62
195.168000 195.232000 66
197.216000 197.248000 61
197.408000 197.600000 63
198.176000 198.720000 61
199.328000 199.392000 65
199.424000 199.680000 61
201.728000 201.792000 62
202.016000 202.048000 66
202.976000 203.008000 64
203.328000 203.456000 61
203.616000 203.744000 62
204.768000 204.928000 60
205.664000 205.920000 64
206.336000 206.464000 61
206.560000 206.656000 61
207.360000 207.488000 61
210.016000 210.208000 62
210.688000 210.752000 59
212.576000 212.640000 57
212.640000 212.736000 62
213.664000 213.696000 66
213.792000 213.984000 66
214.176000 214.240000 67
214.592000 214.688000 59
215.072000 215.296000 61
216.704000 218.528000 70
218.528000 218.560000 65
218.656000 219.072000 66
219.232000 219.488000 62
223.328000 223.424000 60
224.672000 225.376000 59
225.440000 226.016000 61
227.424000 227.584000 58
227.680000 227.840000 58
228.128000 228.480000 68
229.504000 229.728000 68
232.416000 232.640000 59
232.672000 232.928000 59
232.960000 233.344000 59
233.376000 233.920000 61
233.984000 234.240000 58
234.496000 234.656000 58
234.816000 235.136000 59
235.360000 235.744000 63
235.840000 236.032000 63
236.032000 236.192000 67
236.320000 236.448000 71
236.448000 236.576000 67
236.608000 236.640000 67
236.960000 237.024000 63
237.024000 237.376000 68
237.824000 238.112000 71
238.560000 238.656000 70
238.656000 238.784000 65
239.392000 239.776000 68
239.936000 240.128000 68
240.256000 240.480000 69
240.672000 241.664000 69
241.824000 241.984000 66
242.240000 242.336000 63
242.464000 243.680000 70
243.776000 244.672000 70
244.960000 245.216000 70
245.408000 245.664000 71
245.888000 246.432000 70
246.848000 247.200000 68
247.680000 247.776000 64
247.968000 248.000000 68
248.064000 248.256000 68
248.544000 248.608000 66
248.800000 249.184000 66
249.792000 249.952000 65
249.952000 250.176000 63
250.496000 250.624000 63
252.160000 252.416000 67
252.992000 253.088000 68
253.184000 253.344000 64
253.696000 253.984000 61
254.208000 254.272000 64
255.840000 256.128000 67
256.256000 256.448000 68
256.608000 256.800000 69
257.056000 257.088000 67
257.280000 257.440000 65
258.304000 258.400000 65
258.784000 258.944000 68
259.200000 259.424000 68
259.424000 260.128000 62
260.224000 260.416000 63
260.608000 261.536000 61
262.176000 262.208000 67
262.272000 262.432000 68
262.752000 262.976000 64
263.296000 263.328000 67
263.744000 264.064000 67
264.192000 264.288000 67
264.608000 264.768000 66
264.928000 265.088000 66
265.376000 265.664000 67
266.080000 266.272000 70
266.368000 267.776000 71
268.000000 268.160000 66
268.192000 268.384000 66
268.672000 268.800000 66
268.896000 268.928000 68
268.960000 269.216000 67
269.792000 270.176000 67
270.336000 270.400000 64
270.464000 270.496000 64
271.296000 271.552000 66
271.808000 272.512000 62
272.608000 272.736000 61
273.088000 273.152000 58
273.728000 273.920000 59
274.016000 274.048000 58
274.080000 274.144000 58
274.400000 276.256000 59
276.320000 276.352000 58
276.416000 277.408000 59
277.504000 277.728000 59
277.856000 278.752000 59
278.848000 280.416000 59
280.480000 282.304000 59
282.336000 289.312000 59
289.408000 290.912000 59
290.944000 291.584000 59
