4.352000 4.416000 66
51.648000 51.872000 56
53.248000 53.344000 56
54.976000 55.104000 56
88.672000 88.992000 61
89.248000 89.504000 61
89.600000 89.952000 61
90.208000 90.336000 59
90.432000 90.688000 61
90.816000 91.072000 61
96.480000 96.768000 61
96.960000 97.248000 61
97.376000 97.568000 61
97.888000 98.400000 59
104.352000 105.600000 61
105.920000 106.048000 59
106.208000 106.368000 61
106.432000 106.560000 59
106.688000 106.784000 59
110.176000 110.208000 59
110.400000 111.808000 63
111.872000 111.936000 63
112.064000 115.840000 64
116.096000 116.640000 59
117.120000 117.984000 60
118.080000 118.560000 62
119.072000 119.520000 62
119.680000 120.192000 59
125.152000 125.568000 59
125.696000 125.920000 61
126.176000 126.432000 61
126.624000 126.752000 61
127.168000 127.712000 61
127.776000 128.704000 59
133.216000 133.664000 59
133.792000 134.464000 61
134.688000 134.880000 61
135.264000 135.968000 61
139.008000 139.136000 66
139.616000 140.064000 66
144.448000 144.608000 63
144.896000 145.728000 64
145.760000 146.048000 64
146.304000 146.400000 64
146.592000 146.752000 63
146.912000 147.168000 64
147.392000 147.936000 63
148.288000 148.608000 63
148.864000 149.152000 63
149.408000 150.304000 62
150.496000 150.912000 59
151.200000 151.808000 62
151.840000 152.512000 62
153.600000 154.944000 59
164.544000 165.024000 61
165.376000 165.568000 61
165.664000 165.792000 58
165.984000 166.560000 59
166.624000 166.656000 59
166.688000 166.752000 59
167.488000 167.840000 62
167.904000 168.032000 62
168.192000 168.320000 61
171.968000 172.704000 62
172.896000 173.088000 66
173.216000 173.376000 63
173.888000 173.952000 59
173.984000 174.048000 59
174.080000 175.520000 61
180.192000 180.320000 62
180.672000 180.800000 64
181.120000 182.464000 64
182.592000 182.848000 64
183.232000 183.520000 62
183.648000 183.872000 61
184.320000 184.416000 59
184.512000 184.672000 59
185.376000 185.536000 63
188.064000 188.160000 59
188.288000 188.576000 59
193.216000 193.376000 60
193.536000 193.632000 62
196.608000 196.640000 59
196.672000 196.704000 58
196.736000 196.832000 58
197.088000 197.280000 59
202.912000 203.136000 65
205.120000 205.248000 61
212.544000 214.208000 64
214.592000 214.624000 63
214.720000 214.752000 63
214.944000 215.968000 64
216.032000 218.304000 63
218.688000 218.880000 59
219.168000 219.232000 60
220.160000 220.352000 63
222.496000 222.592000 63
222.784000 223.008000 64
233.056000 233.632000 62
233.792000 234.016000 61
234.144000 234.240000 58
234.464000 235.040000 59
235.744000 236.032000 59
236.448000 236.896000 62
241.216000 241.696000 62
243.520000 243.648000 58
243.776000 243.936000 58
244.032000 244.064000 59
244.128000 244.416000 58
244.704000 244.800000 56
245.088000 245.120000 56
246.144000 246.496000 59
246.528000 247.296000 59
249.696000 249.888000 59
250.400000 250.496000 57
251.808000 251.936000 65
252.032000 252.448000 62
252.736000 253.024000 59
253.152000 253.280000 59
254.880000 255.136000 64
255.648000 255.744000 65
257.280000 257.408000 65
257.856000 258.048000 74
258.048000 258.368000 72
258.528000 259.328000 73
261.920000 262.016000 62
262.240000 262.560000 63
264.256000 264.736000 65
268.064000 269.760000 64
269.888000 270.240000 64
270.368000 270.784000 59
270.912000 271.136000 61
271.360000 271.520000 64
272.224000 272.320000 64
272.672000 272.768000 65
273.504000 273.760000 61
273.920000 274.144000 62
282.560000 282.720000 69
283.008000 283.584000 64
283.840000 283.872000 63
285.088000 285.504000 65
286.208000 286.432000 58
286.592000 286.752000 62
286.848000 287.040000 63
287.136000 287.392000 62
303.520000 303.744000 67
321.824000 322.016000 72
322.528000 322.688000 72
327.520000 327.712000 74
327.840000 328.384000 74
351.520000 351.616000 74
375.520000 376.096000 67
377.472000 377.760000 75
380.448000 381.856000 75
383.616000 385.568000 75
392.032000 392.640000 68
392.640000 393.856000 66
396.000000 396.640000 66
396.736000 398.272000 75
400.128000 401.024000 75
410.176000 410.976000 75
411.136000 411.232000 75
413.312000 413.504000 75
413.696000 414.560000 75
417.696000 418.016000 73
419.136000 419.488000 74
440.288000 440.416000 72
440.576000 440.768000 72
448.032000 448.192000 71
458.112000 458.208000 71
461.952000 462.112000 71
462.240000 462.400000 72
462.624000 462.784000 72
469.728000 470.144000 71
472.320000 472.704000 71
473.472000 473.792000 71
476.128000 476.384000 71
