4.608000 5.056000 56
12.960000 13.312000 60
15.392000 16.160000 65
16.320000 16.480000 60
16.608000 16.704000 60
17.376000 18.368000 57
18.528000 18.880000 58
19.392000 20.480000 58
22.784000 23.232000 65
23.456000 23.840000 60
24.192000 24.704000 56
24.704000 26.080000 59
29.952000 30.400000 65
30.592000 30.752000 60
31.680000 32.384000 56
32.384000 33.056000 58
33.760000 35.008000 58
37.568000 37.760000 56
37.760000 38.528000 59
41.120000 41.344000 56
41.344000 41.888000 60
43.136000 43.328000 65
43.584000 43.936000 67
43.936000 44.096000 70
44.096000 44.256000 65
44.512000 44.704000 63
46.688000 47.008000 65
47.008000 47.744000 68
47.744000 47.808000 65
48.064000 48.448000 63
50.304000 50.784000 65
50.784000 51.040000 68
51.232000 51.360000 65
51.648000 52.032000 63
52.352000 52.576000 67
52.768000 53.152000 65
53.664000 54.624000 58
54.752000 55.744000 59
55.936000 56.128000 58
57.472000 57.696000 65
57.920000 58.496000 67
58.496000 58.592000 64
58.848000 59.296000 64
61.056000 61.504000 65
61.504000 62.080000 70
62.176000 62.336000 68
62.336000 62.464000 65
62.592000 62.880000 68
62.880000 63.040000 65
64.608000 64.864000 65
65.056000 65.408000 68
65.536000 65.728000 65
65.984000 66.208000 63
66.208000 66.880000 65
67.104000 67.744000 65
68.224000 68.384000 68
68.384000 68.800000 70
68.800000 69.600000 72
69.792000 70.688000 70
71.584000 72.192000 70
72.384000 72.800000 71
72.928000 73.024000 72
73.024000 73.184000 70
73.184000 73.664000 66
74.912000 75.264000 68
75.360000 76.320000 71
76.512000 76.704000 70
76.704000 77.248000 67
78.528000 78.752000 68
78.752000 78.944000 70
79.200000 79.616000 71
79.872000 80.096000 70
80.096000 80.192000 65
80.320000 80.704000 69
80.992000 81.248000 71
81.440000 82.048000 70
82.336000 82.848000 70
82.848000 83.296000 66
83.456000 83.968000 67
84.128000 84.384000 60
84.576000 84.800000 60
84.896000 84.992000 61
85.760000 85.920000 68
85.920000 86.528000 70
86.688000 87.104000 72
87.264000 87.456000 70
87.456000 88.064000 65
89.216000 89.440000 68
89.440000 89.888000 70
89.888000 90.656000 72
90.912000 91.904000 72
92.832000 93.056000 68
93.056000 93.248000 70
93.504000 93.568000 68
93.568000 93.984000 71
94.208000 94.400000 69
94.400000 94.624000 65
94.624000 95.040000 69
95.328000 95.456000 70
95.456000 95.584000 72
95.744000 96.352000 70
96.608000 97.056000 71
97.056000 97.216000 68
97.312000 97.472000 70
97.472000 97.664000 72
97.792000 98.368000 72
98.464000 99.072000 70
99.328000 99.392000 67
99.392000 99.680000 70
99.776000 100.320000 68
100.480000 101.600000 60
106.464000 106.848000 69
106.944000 107.456000 68
107.616000 108.864000 60
115.680000 116.416000 65
116.608000 117.184000 60
117.696000 118.368000 56
118.368000 119.616000 58
119.712000 120.800000 58
120.960000 121.152000 56
122.848000 122.944000 62
123.072000 123.488000 65
123.744000 124.352000 60
124.448000 125.056000 56
125.056000 125.664000 58
125.664000 126.688000 60
129.984000 130.144000 74
130.272000 130.688000 65
130.880000 131.072000 60
131.168000 131.392000 61
132.224000 132.512000 68
132.512000 132.736000 67
132.736000 133.536000 63
134.016000 134.304000 60
134.720000 135.552000 59
137.824000 138.016000 56
138.016000 138.944000 59
140.928000 141.504000 65
141.664000 141.888000 70
141.888000 142.240000 72
142.368000 142.912000 70
143.200000 143.712000 65
143.872000 144.512000 67
144.512000 144.576000 61
144.768000 144.992000 63
144.992000 145.152000 65
147.008000 147.456000 65
147.456000 147.808000 67
147.904000 148.096000 65
148.352000 148.544000 63
150.624000 151.072000 65
151.072000 151.296000 68
151.520000 151.648000 65
151.936000 152.224000 63
152.608000 152.832000 67
153.056000 153.408000 65
153.888000 154.272000 60
154.592000 156.480000 58
156.704000 156.832000 63
157.728000 157.952000 65
158.208000 158.272000 66
158.272000 158.720000 68
158.720000 158.848000 65
159.104000 159.776000 64
161.344000 161.760000 65
161.760000 162.016000 68
162.016000 162.720000 69
162.880000 163.232000 68
163.232000 163.360000 65
164.672000 165.184000 65
165.376000 165.728000 67
165.824000 166.016000 65
166.272000 166.496000 63
166.496000 166.912000 65
166.912000 167.296000 68
167.392000 168.032000 65
168.480000 168.704000 68
168.704000 169.952000 72
170.080000 171.008000 70
171.648000 171.776000 68
171.872000 172.448000 70
172.576000 172.864000 70
172.864000 173.152000 72
173.216000 173.408000 70
173.408000 174.176000 65
175.200000 175.424000 68
175.424000 176.640000 71
176.736000 177.728000 67
178.048000 178.208000 66
178.816000 179.232000 69
179.456000 179.680000 70
179.680000 179.936000 72
180.128000 180.352000 70
180.352000 180.480000 65
180.608000 180.992000 69
181.248000 182.400000 70
182.624000 183.040000 70
183.040000 183.616000 67
183.744000 183.872000 65
183.872000 184.288000 67
184.384000 184.672000 60
184.864000 185.120000 60
185.728000 185.824000 60
185.984000 186.176000 68
186.176000 186.784000 70
186.880000 186.944000 69
186.944000 187.392000 71
187.488000 187.584000 72
187.584000 187.744000 70
187.744000 188.480000 65
188.832000 189.184000 66
189.312000 189.408000 65
189.536000 189.696000 68
189.696000 190.880000 71
191.232000 192.256000 72
192.384000 192.544000 72
192.672000 192.960000 67
193.152000 193.376000 68
193.376000 193.568000 70
193.792000 193.856000 69
193.856000 194.336000 71
194.496000 194.720000 70
194.720000 194.944000 67
194.944000 195.360000 69
195.616000 195.744000 70
195.744000 195.872000 72
196.032000 196.672000 70
196.928000 196.992000 69
196.992000 197.344000 71
197.344000 197.600000 68
197.600000 197.952000 71
198.048000 198.592000 72
198.720000 199.488000 70
199.616000 199.968000 70
200.064000 200.608000 67
200.768000 202.336000 60
203.200000 203.392000 70
203.392000 203.552000 68
203.648000 204.096000 67
204.320000 206.272000 60
206.784000 207.712000 68
207.936000 210.048000 60
210.304000 211.168000 68
211.168000 211.264000 67
211.488000 211.776000 60
211.872000 215.744000 72
215.968000 216.096000 65
216.192000 216.352000 65
216.384000 216.832000 65
220.000000 220.224000 59
220.320000 221.344000 60
221.536000 221.696000 68
221.792000 221.856000 68
221.856000 222.592000 71
222.592000 222.688000 73
222.688000 223.776000 69
223.776000 225.152000 68
225.472000 225.664000 61
225.664000 226.048000 63
226.048000 226.240000 68
226.336000 228.032000 60
228.288000 228.704000 59
229.376000 229.728000 65
229.824000 232.480000 72
232.704000 232.800000 72
232.928000 233.984000 70
233.984000 236.128000 72
236.256000 236.416000 72
236.544000 236.896000 65
236.992000 237.152000 73
237.152000 237.856000 75
237.856000 240.352000 72
240.512000 244.224000 72
