19.520000 19.872000 62
19.968000 20.384000 65
20.384000 21.184000 67
21.184000 21.376000 61
21.376000 22.688000 67
22.784000 23.264000 67
23.264000 24.864000 69
24.864000 25.760000 66
25.920000 26.976000 67
27.200000 27.296000 66
28.928000 28.992000 59
28.992000 29.440000 62
29.440000 29.888000 65
29.888000 30.368000 67
30.368000 30.816000 71
30.816000 31.456000 69
31.456000 32.224000 67
32.224000 33.184000 72
33.184000 36.448000 68
37.056000 37.344000 70
37.504000 37.696000 74
37.888000 38.176000 79
38.304000 38.432000 72
38.592000 39.008000 72
39.168000 39.808000 72
39.808000 41.440000 73
41.440000 41.888000 67
42.112000 42.208000 67
42.304000 43.488000 70
43.584000 43.840000 67
43.840000 45.664000 72
45.888000 46.048000 70
46.400000 48.128000 69
48.320000 48.544000 61
48.672000 49.312000 65
49.440000 49.824000 64
50.304000 50.880000 67
50.880000 54.464000 73
54.688000 54.848000 73
55.392000 55.744000 73
57.824000 57.952000 62
58.048000 58.432000 65
58.528000 59.296000 67
59.552000 60.000000 65
60.000000 60.800000 68
60.928000 61.440000 67
61.440000 61.792000 71
61.888000 62.944000 69
62.944000 63.296000 67
63.392000 63.904000 65
64.096000 64.256000 69
64.544000 65.216000 67
65.824000 65.984000 73
66.240000 66.400000 74
67.072000 67.136000 60
67.136000 67.584000 62
67.584000 68.096000 65
68.096000 68.576000 67
68.576000 68.960000 72
68.960000 69.632000 69
69.632000 69.984000 65
69.984000 70.400000 67
70.400000 71.872000 71
71.872000 74.784000 67
88.224000 88.608000 62
88.704000 89.184000 65
89.184000 89.920000 67
89.920000 90.656000 65
90.656000 92.096000 67
92.096000 94.144000 69
94.752000 95.744000 67
97.376000 97.472000 66
97.760000 98.112000 61
98.240000 98.720000 65
98.720000 99.200000 67
99.200000 99.936000 71
100.096000 100.256000 70
100.256000 101.120000 67
101.120000 102.976000 71
103.008000 103.328000 67
103.328000 103.680000 65
103.808000 105.280000 67
106.560000 106.656000 66
107.040000 107.136000 67
107.296000 110.592000 73
110.592000 111.264000 67
111.264000 113.184000 70
113.184000 114.752000 72
114.944000 115.072000 72
115.456000 115.872000 70
115.872000 117.152000 68
117.280000 117.376000 65
117.376000 117.600000 63
117.696000 118.144000 65
118.240000 118.336000 65
118.336000 118.368000 61
118.432000 118.496000 61
118.496000 119.040000 65
119.360000 119.808000 67
119.808000 123.776000 73
123.872000 124.192000 72
124.352000 124.448000 72
124.576000 124.672000 74
126.880000 127.072000 62
127.072000 127.488000 65
127.584000 128.352000 67
128.352000 128.544000 62
128.544000 129.056000 65
129.056000 129.856000 68
129.984000 130.464000 67
130.464000 131.328000 70
131.424000 132.032000 69
132.032000 132.832000 67
132.896000 132.960000 67
133.152000 134.336000 67
136.192000 136.736000 61
136.736000 137.216000 65
137.216000 137.696000 67
137.696000 138.016000 72
138.176000 138.528000 69
138.656000 138.816000 69
138.816000 139.648000 67
139.648000 140.928000 71
141.120000 141.504000 69
141.600000 142.496000 65
142.688000 143.840000 67
165.248000 166.688000 72
166.688000 167.008000 70
167.008000 168.480000 74
168.608000 168.896000 72
169.024000 169.184000 69
169.184000 169.312000 72
169.312000 171.104000 70
171.104000 172.704000 72
172.864000 173.024000 70
173.152000 173.248000 71
173.376000 174.144000 69
174.144000 175.104000 67
175.264000 175.616000 62
175.616000 177.088000 65
177.280000 177.728000 67
177.728000 177.792000 68
177.792000 181.536000 73
181.792000 182.016000 72
182.272000 182.592000 72
182.752000 183.040000 72
184.576000 184.992000 62
184.992000 185.504000 65
185.504000 186.240000 67
186.240000 187.136000 64
187.136000 187.744000 68
187.904000 188.480000 67
188.480000 188.736000 70
188.800000 189.760000 70
189.920000 190.304000 67
190.432000 190.720000 65
191.136000 191.520000 68
191.520000 191.744000 66
191.840000 192.320000 67
193.344000 193.568000 64
193.824000 194.272000 59
194.272000 194.752000 61
194.752000 196.000000 67
196.224000 196.608000 69
196.736000 196.864000 69
196.864000 197.056000 66
197.120000 197.824000 67
197.824000 199.040000 71
199.200000 199.616000 69
199.616000 199.680000 68
199.680000 201.408000 67
201.408000 202.144000 66
