11.808000 11.936000 74
41.600000 42.176000 68
42.656000 42.976000 66
43.232000 43.424000 63
43.808000 44.640000 66
44.928000 45.376000 66
46.336000 46.400000 64
46.400000 47.136000 70
47.264000 47.776000 66
47.776000 47.936000 61
48.416000 48.576000 65
48.704000 48.768000 63
48.768000 50.848000 65
51.008000 51.424000 69
51.904000 52.608000 66
53.056000 53.920000 66
54.144000 54.784000 66
55.520000 55.744000 68
55.744000 56.352000 70
56.512000 56.896000 66
57.664000 57.760000 65
57.888000 58.400000 65
58.496000 59.008000 65
59.104000 59.264000 64
59.264000 60.256000 65
60.256000 60.480000 69
60.832000 61.472000 66
61.952000 62.016000 64
62.016000 62.624000 66
62.624000 62.912000 65
63.424000 63.808000 61
64.128000 64.192000 68
64.256000 64.384000 66
64.384000 65.216000 69
65.440000 66.048000 66
66.592000 66.976000 65
67.136000 67.616000 65
68.032000 68.512000 61
69.408000 69.856000 69
69.984000 70.176000 68
70.400000 71.136000 65
71.488000 72.320000 66
72.608000 73.120000 66
73.440000 73.600000 67
73.600000 74.496000 69
74.656000 75.168000 66
75.392000 75.648000 66
75.744000 76.160000 66
76.416000 78.048000 65
78.400000 78.528000 66
78.720000 80.352000 70
80.736000 81.024000 69
81.280000 81.984000 66
82.400000 82.624000 66
83.008000 83.168000 66
83.264000 83.488000 65
83.616000 84.224000 64
84.800000 84.896000 66
85.344000 85.792000 65
85.920000 87.776000 65
87.936000 89.600000 70
89.952000 90.240000 68
90.560000 91.232000 66
91.648000 91.840000 66
92.256000 92.416000 66
92.512000 93.440000 65
93.984000 94.176000 65
94.560000 94.784000 66
94.784000 95.296000 65
95.456000 95.904000 65
96.032000 96.448000 65
96.576000 96.960000 66
96.960000 97.792000 70
97.792000 98.816000 68
101.728000 102.144000 69
102.752000 102.944000 66
103.264000 103.392000 63
103.872000 104.320000 66
104.416000 104.672000 67
104.992000 105.408000 66
106.336000 106.464000 67
106.464000 107.104000 70
107.264000 107.776000 66
108.320000 108.576000 64
108.672000 110.880000 65
111.008000 111.424000 69
111.904000 112.448000 66
112.448000 112.640000 63
113.024000 113.472000 66
113.600000 113.824000 67
114.176000 114.752000 66
115.520000 115.584000 66
115.584000 115.680000 68
115.680000 116.096000 70
116.096000 116.384000 68
116.480000 116.960000 66
117.664000 117.792000 65
117.952000 119.584000 65
119.680000 120.288000 66
120.800000 121.472000 66
121.920000 121.984000 63
121.984000 122.528000 66
122.528000 122.944000 65
123.328000 123.808000 61
124.416000 125.280000 69
125.408000 126.048000 66
126.560000 127.584000 65
128.000000 128.512000 61
129.408000 129.696000 70
130.464000 130.688000 71
130.688000 130.944000 66
130.944000 131.200000 64
131.520000 132.320000 66
132.480000 133.152000 66
133.408000 133.568000 66
133.568000 134.560000 69
134.560000 135.136000 66
135.744000 135.808000 62
135.808000 136.064000 66
136.352000 138.048000 65
138.400000 138.560000 66
138.720000 140.416000 70
140.576000 140.960000 68
141.280000 142.336000 66
142.464000 142.720000 66
142.880000 143.008000 68
143.008000 143.168000 66
143.264000 144.320000 65
144.736000 145.056000 66
145.152000 145.792000 66
145.888000 146.048000 66
146.208000 147.904000 65
147.904000 150.208000 70
150.560000 151.296000 66
151.648000 151.968000 66
152.096000 152.448000 66
152.544000 153.472000 65
153.984000 154.272000 66
154.400000 154.560000 68
154.560000 155.296000 65
155.424000 155.904000 65
156.000000 156.448000 65
156.608000 156.768000 65
156.768000 156.832000 66
156.832000 158.976000 69
159.040000 159.232000 68
159.616000 160.064000 59
161.792000 162.240000 65
175.392000 175.584000 65
175.584000 175.840000 69
176.192000 176.768000 66
177.344000 177.408000 64
177.408000 177.856000 67
177.856000 178.336000 65
178.784000 179.072000 61
179.616000 180.640000 69
180.864000 181.472000 66
182.016000 182.272000 66
182.560000 183.232000 65
183.328000 184.736000 66
184.864000 186.528000 70
186.912000 187.200000 68
187.456000 188.160000 66
188.640000 188.768000 66
189.152000 189.344000 66
189.440000 189.664000 64
189.760000 189.920000 66
190.048000 190.400000 64
190.400000 190.496000 62
190.912000 191.136000 66
191.456000 191.936000 65
192.064000 193.952000 65
194.080000 195.936000 70
196.096000 196.384000 69
196.704000 197.408000 66
197.856000 198.080000 66
198.336000 199.712000 65
200.128000 200.416000 66
200.544000 200.736000 67
200.736000 201.472000 65
201.600000 202.560000 65
202.752000 203.168000 65
203.296000 205.056000 70
205.184000 205.600000 68
205.888000 207.296000 66
207.296000 207.680000 63
207.840000 208.832000 63
209.024000 209.376000 63
209.376000 209.664000 66
209.664000 210.080000 69
210.240000 210.400000 65
210.528000 210.752000 66
210.880000 211.584000 65
211.680000 212.320000 66
212.320000 214.272000 70
214.496000 214.848000 68
215.104000 215.840000 66
216.288000 216.576000 66
216.832000 218.912000 65
219.040000 219.168000 68
219.168000 219.296000 66
219.296000 219.520000 62
219.520000 219.904000 65
220.064000 220.544000 65
220.640000 221.056000 65
221.216000 221.408000 65
221.408000 221.600000 68
221.600000 222.656000 70
222.656000 223.328000 68
