11.968000 12.064000 53
12.256000 12.384000 55
17.952000 18.112000 53
18.400000 18.528000 51
18.848000 19.616000 51
19.872000 20.192000 54
20.320000 20.544000 58
20.800000 21.408000 60
21.600000 23.200000 58
23.328000 24.288000 55
24.384000 24.832000 53
24.992000 25.344000 53
25.472000 27.424000 53
27.584000 28.032000 53
28.448000 28.832000 51
32.832000 33.280000 51
33.408000 33.632000 53
33.792000 33.984000 55
33.984000 34.272000 58
34.432000 35.008000 58
35.104000 35.200000 58
35.488000 35.872000 58
36.160000 36.416000 58
36.416000 37.216000 57
37.216000 38.400000 55
38.528000 38.816000 51
38.944000 39.424000 53
39.616000 40.128000 53
40.256000 40.480000 53
40.864000 41.120000 53
41.312000 41.632000 54
41.632000 41.888000 51
42.176000 42.528000 51
45.632000 45.888000 65
46.016000 46.464000 67
46.688000 47.232000 65
47.712000 47.776000 61
47.776000 48.384000 65
48.576000 48.768000 65
48.768000 48.992000 63
49.408000 50.016000 64
50.112000 50.720000 63
50.720000 51.296000 65
51.296000 51.360000 60
51.616000 51.872000 63
51.872000 52.416000 60
52.544000 52.640000 58
52.864000 53.120000 63
53.344000 53.664000 62
53.664000 53.856000 60
53.952000 54.144000 63
54.304000 54.848000 63
55.040000 55.520000 63
55.872000 56.448000 63
56.448000 56.480000 58
56.736000 57.312000 58
57.312000 58.016000 60
59.072000 59.360000 65
59.744000 59.968000 67
60.160000 60.960000 65
61.472000 61.760000 64
61.888000 62.368000 65
62.528000 62.848000 64
62.944000 64.320000 65
64.416000 64.448000 64
64.640000 64.736000 65
64.736000 64.768000 61
64.832000 65.056000 62
65.056000 65.472000 60
65.472000 65.760000 63
65.984000 66.880000 63
67.008000 67.680000 62
67.680000 67.776000 60
67.904000 68.160000 63
68.320000 68.416000 62
68.512000 68.736000 60
68.736000 69.280000 63
69.568000 69.824000 62
70.016000 70.176000 59
70.464000 70.560000 58
70.688000 71.840000 60
72.960000 73.056000 60
73.408000 73.696000 60
73.760000 73.792000 56
73.952000 74.176000 51
74.272000 74.656000 53
74.656000 75.040000 55
75.168000 75.744000 58
75.968000 76.512000 58
76.672000 76.768000 58
77.088000 78.784000 57
79.008000 80.608000 53
80.768000 81.152000 53
81.408000 82.144000 53
82.432000 82.752000 53
82.880000 84.000000 53
84.480000 84.576000 51
85.120000 85.440000 60
85.696000 85.728000 61
86.112000 86.528000 60
87.136000 87.616000 67
87.616000 88.384000 64
88.896000 89.568000 65
89.728000 89.920000 65
89.920000 90.176000 63
90.304000 90.400000 65
90.592000 90.752000 65
90.752000 91.008000 63
91.008000 92.384000 64
92.736000 93.088000 62
93.088000 93.600000 59
94.016000 94.336000 63
94.464000 95.936000 63
96.192000 96.800000 63
97.024000 97.568000 63
97.568000 97.600000 59
97.888000 98.432000 58
98.432000 99.200000 60
100.224000 100.576000 65
100.736000 101.088000 67
101.312000 101.440000 65
101.536000 102.080000 65
102.624000 102.912000 64
103.008000 103.392000 65
103.680000 104.000000 64
104.096000 105.472000 65
105.792000 105.888000 65
106.048000 106.176000 63
106.176000 106.368000 60
106.464000 106.944000 62
107.136000 108.064000 63
108.160000 108.736000 62
108.736000 108.896000 60
109.056000 109.312000 63
109.440000 109.568000 62
109.568000 109.920000 60
109.920000 110.336000 63
110.496000 110.592000 59
110.752000 111.040000 63
111.072000 111.136000 61
111.136000 111.328000 59
111.616000 111.712000 58
111.840000 113.888000 60
114.048000 114.112000 64
114.112000 114.688000 71
114.816000 115.136000 72
116.000000 116.096000 72
116.448000 116.608000 72
116.704000 116.800000 72
117.120000 117.376000 72
117.376000 117.632000 70
117.696000 120.800000 67
120.800000 124.448000 65
124.864000 125.056000 59
125.312000 125.472000 65
125.472000 125.664000 67
125.664000 125.920000 70
126.080000 126.688000 60
126.848000 126.912000 58
127.872000 128.032000 69
128.032000 128.096000 63
128.128000 128.384000 60
128.736000 129.440000 53
129.632000 129.760000 54
130.016000 130.784000 58
130.880000 131.392000 60
131.520000 131.776000 58
131.968000 133.024000 57
133.248000 133.984000 55
134.080000 134.976000 53
135.136000 135.456000 53
135.584000 136.288000 53
136.864000 137.120000 53
137.280000 137.664000 52
138.208000 138.496000 50
139.520000 139.744000 61
140.160000 140.320000 63
142.016000 142.592000 67
142.592000 142.976000 65
143.008000 143.264000 63
143.744000 144.448000 65
144.576000 145.248000 65
145.440000 145.760000 64
145.856000 147.104000 65
147.104000 147.296000 63
147.296000 147.360000 60
147.584000 148.000000 62
148.000000 148.640000 60
148.768000 148.896000 60
148.896000 149.152000 63
149.280000 149.408000 61
149.408000 149.856000 62
149.952000 150.848000 63
151.040000 151.488000 63
151.904000 152.320000 63
152.320000 152.480000 60
152.736000 154.080000 60
154.176000 154.304000 60
155.072000 155.424000 66
155.840000 155.968000 67
156.160000 156.960000 65
157.408000 157.760000 63
157.888000 158.336000 65
158.528000 158.848000 64
158.944000 160.352000 65
160.640000 160.736000 65
160.864000 161.056000 62
161.056000 161.312000 60
161.312000 161.792000 62
161.952000 162.784000 63
163.008000 163.648000 63
163.648000 164.160000 62
164.320000 164.416000 62
164.416000 164.736000 60
164.736000 165.184000 63
165.600000 166.208000 63
166.720000 167.008000 58
167.008000 167.808000 60
168.224000 168.352000 60
168.640000 168.832000 67
168.832000 168.928000 70
169.024000 169.280000 65
169.344000 169.728000 67
169.888000 170.112000 67
170.112000 170.688000 65
171.168000 171.872000 65
172.000000 172.192000 65
172.192000 172.480000 63
172.512000 172.672000 65
172.864000 173.056000 65
173.056000 173.312000 63
173.312000 174.784000 64
175.040000 175.360000 63
175.360000 175.840000 60
176.256000 176.416000 61
176.416000 176.576000 63
176.768000 177.088000 62
177.088000 177.280000 60
177.376000 178.272000 63
178.528000 178.976000 63
179.296000 179.520000 63
179.616000 179.776000 62
179.776000 179.904000 60
180.192000 180.736000 58
180.736000 181.376000 60
181.408000 181.600000 63
181.696000 182.368000 60
182.464000 182.976000 65
183.392000 183.712000 65
183.808000 184.576000 64
184.864000 185.184000 64
185.312000 185.728000 65
185.952000 186.272000 64
186.368000 186.560000 63
186.560000 187.744000 65
188.128000 188.192000 61
188.256000 188.416000 62
188.416000 188.736000 60
188.736000 189.184000 62
189.408000 190.304000 63
190.464000 191.040000 62
191.040000 191.264000 60
191.424000 191.488000 58
191.488000 191.584000 62
191.744000 191.840000 62
191.840000 192.192000 60
192.192000 192.704000 63
193.504000 193.600000 58
193.920000 194.016000 58
194.144000 195.040000 60
195.328000 196.416000 60
196.896000 197.184000 56
197.888000 197.984000 55
198.176000 198.528000 55
198.816000 198.912000 55
