3.584000 3.648000 58
3.648000 4.192000 61
4.192000 5.024000 57
5.792000 5.856000 58
5.856000 5.952000 59
5.952000 6.336000 61
6.336000 7.744000 56
9.184000 9.376000 58
9.376000 9.536000 61
9.536000 9.888000 56
9.984000 10.208000 56
10.400000 12.704000 58
13.248000 13.344000 58
13.568000 13.792000 58
14.016000 14.144000 59
14.400000 14.656000 58
14.816000 15.104000 54
15.104000 15.968000 49
16.416000 16.480000 58
16.480000 16.544000 59
16.544000 17.248000 61
17.248000 17.568000 58
18.592000 19.328000 59
19.328000 19.776000 55
19.776000 20.576000 58
21.824000 21.984000 59
21.984000 22.496000 61
22.528000 22.880000 55
23.008000 23.840000 58
24.000000 25.376000 57
26.016000 27.264000 58
27.264000 27.904000 59
28.000000 28.288000 61
28.384000 28.928000 61
29.472000 29.856000 57
30.048000 30.720000 56
30.912000 31.072000 57
31.200000 31.808000 57
31.904000 32.256000 56
32.576000 33.376000 58
33.600000 34.208000 58
34.272000 34.688000 58
34.816000 35.040000 57
35.200000 35.520000 56
35.808000 36.096000 57
36.192000 36.320000 58
36.800000 37.472000 58
37.600000 37.760000 58
38.016000 38.272000 63
38.432000 38.912000 58
39.584000 40.288000 58
40.384000 40.928000 59
40.928000 41.568000 61
42.048000 42.336000 58
42.336000 42.496000 61
42.592000 42.752000 61
42.752000 42.944000 63
43.200000 43.296000 58
43.392000 43.648000 61
43.808000 44.384000 63
45.312000 45.568000 58
45.568000 45.824000 61
46.016000 46.176000 61
46.176000 46.432000 63
46.592000 47.424000 58
49.216000 49.984000 63
50.144000 50.624000 58
50.816000 51.104000 63
51.200000 51.488000 63
51.488000 52.288000 57
52.416000 52.544000 56
52.544000 52.768000 58
52.768000 53.760000 61
54.848000 55.168000 58
55.168000 55.744000 61
56.000000 56.096000 58
56.192000 56.480000 61
56.608000 57.184000 63
58.176000 58.880000 61
58.880000 59.392000 64
59.584000 61.216000 65
61.952000 62.304000 63
62.400000 62.592000 63
62.880000 63.232000 58
63.232000 63.680000 56
63.840000 64.032000 59
64.032000 64.160000 63
64.480000 64.864000 58
64.864000 65.376000 55
65.376000 65.504000 58
65.600000 66.496000 61
67.296000 67.680000 66
67.968000 68.064000 69
68.096000 68.576000 67
69.312000 69.664000 68
70.496000 70.592000 61
70.752000 70.880000 63
71.360000 71.616000 61
71.808000 71.968000 61
72.064000 72.832000 62
73.184000 73.376000 57
73.600000 75.040000 61
75.168000 75.232000 58
75.392000 75.712000 56
75.840000 76.704000 58
77.248000 77.408000 56
77.984000 78.176000 54
78.624000 78.720000 51
79.264000 79.392000 52
79.840000 80.096000 56
80.224000 80.480000 51
84.448000 84.512000 52
84.640000 84.768000 55
84.928000 84.992000 51
84.992000 85.248000 54
86.208000 86.304000 52
86.976000 87.072000 54
87.168000 87.296000 55
87.296000 87.424000 54
87.424000 87.616000 52
89.632000 89.792000 51
90.592000 90.816000 53
91.072000 91.296000 54
91.648000 92.256000 54
92.256000 92.480000 50
93.280000 93.504000 54
93.760000 93.952000 51
94.080000 94.560000 54
94.752000 94.912000 53
94.912000 95.296000 56
96.224000 96.448000 57
96.832000 97.152000 55
97.280000 97.440000 55
97.600000 97.824000 57
98.592000 98.944000 53
99.104000 99.232000 53
99.392000 99.648000 51
101.376000 101.920000 49
102.016000 102.144000 48
102.688000 103.136000 47
106.112000 106.464000 61
106.592000 106.848000 61
106.976000 107.648000 57
108.256000 108.480000 59
108.480000 108.928000 61
109.216000 109.376000 54
109.376000 109.888000 56
110.048000 110.496000 58
111.680000 112.160000 59
112.160000 112.992000 55
112.992000 113.888000 58
114.048000 115.008000 58
115.008000 115.040000 54
115.840000 116.320000 58
116.448000 118.528000 59
119.136000 119.488000 57
119.648000 120.384000 56
120.864000 121.440000 57
121.536000 122.016000 56
122.240000 122.944000 58
123.264000 124.352000 58
124.448000 125.184000 56
125.472000 125.728000 57
125.824000 125.984000 58
126.464000 127.040000 58
127.232000 127.392000 58
127.648000 127.904000 62
128.064000 128.576000 58
129.248000 129.344000 59
129.440000 129.632000 58
129.632000 131.584000 59
131.712000 132.256000 58
132.256000 132.640000 62
132.832000 132.928000 58
133.024000 133.312000 61
133.440000 134.080000 62
134.208000 134.592000 61
134.912000 135.232000 58
135.232000 135.456000 61
135.648000 135.808000 61
135.808000 136.096000 63
136.256000 137.056000 58
138.848000 139.648000 63
139.808000 140.256000 58
140.448000 141.184000 63
141.344000 141.568000 58
141.568000 141.920000 56
142.048000 142.208000 56
142.208000 142.432000 58
142.432000 143.392000 61
144.480000 144.768000 58
144.768000 145.504000 61
145.664000 145.824000 58
145.824000 146.144000 61
146.240000 146.848000 63
147.648000 147.744000 58
147.840000 148.512000 61
148.512000 149.056000 64
149.248000 150.848000 65
151.008000 151.136000 65
151.648000 151.936000 63
152.032000 152.256000 63
152.480000 152.896000 58
152.896000 153.248000 55
153.248000 153.568000 63
153.632000 153.888000 63
154.080000 154.624000 58
154.624000 154.848000 54
154.848000 155.136000 57
155.264000 156.192000 61
156.896000 157.408000 54
157.696000 158.208000 54
158.368000 158.880000 56
159.072000 159.296000 56
160.032000 160.224000 61
160.448000 160.480000 65
160.512000 160.736000 68
161.600000 162.240000 62
162.464000 163.104000 61
163.264000 163.392000 61
163.392000 163.968000 60
164.064000 164.576000 61
164.832000 164.928000 58
165.056000 165.280000 57
165.472000 166.752000 58
166.912000 167.104000 63
167.264000 167.424000 63
167.616000 167.680000 61
167.712000 167.872000 61
168.000000 168.192000 61
168.352000 169.856000 61
170.560000 171.840000 54
172.032000 172.640000 54
172.768000 173.184000 54
173.184000 173.440000 58
173.568000 174.208000 53
174.336000 175.008000 53
175.136000 175.808000 53
175.968000 176.160000 53
176.416000 176.480000 53
176.480000 176.608000 55
176.800000 177.408000 51
177.600000 179.008000 51
179.168000 179.744000 51
179.744000 179.840000 54
180.384000 180.544000 58
180.640000 181.440000 59
181.600000 182.400000 53
183.616000 183.968000 54
184.160000 184.224000 54
184.256000 184.608000 54
184.704000 185.376000 54
185.632000 186.016000 54
186.144000 186.272000 57
186.272000 186.336000 55
186.368000 187.008000 53
187.136000 187.360000 53
187.488000 187.808000 53
187.968000 188.160000 53
188.480000 188.576000 53
188.800000 188.960000 53
189.632000 190.016000 51
190.496000 190.976000 50
191.104000 191.776000 51
192.064000 192.416000 50
192.416000 192.672000 54
193.216000 193.344000 58
193.440000 194.304000 59
194.368000 194.656000 61
194.656000 194.976000 59
195.392000 195.552000 54
195.648000 195.968000 58
195.968000 196.096000 61
196.224000 196.352000 61
196.352000 196.608000 63
196.800000 196.896000 58
196.992000 197.248000 61
197.408000 198.048000 63
198.112000 198.272000 63
198.912000 199.168000 58
199.168000 199.424000 61
199.616000 199.776000 61
199.776000 199.936000 63
199.936000 200.064000 60
200.224000 201.024000 58
201.184000 201.920000 56
202.112000 202.208000 56
202.816000 203.648000 63
203.744000 204.224000 58
204.416000 204.736000 64
204.832000 205.120000 63
205.344000 205.536000 58
205.536000 205.888000 56
206.016000 206.176000 56
206.176000 206.400000 58
206.400000 207.360000 61
207.488000 207.584000 62
208.416000 208.736000 58
208.736000 209.440000 61
209.600000 209.792000 59
209.792000 210.080000 61
210.208000 210.816000 63
211.264000 211.392000 58
211.616000 212.704000 61
212.800000 213.056000 65
213.152000 214.816000 65
215.584000 215.904000 63
216.000000 216.224000 63
216.480000 216.864000 58
216.864000 217.216000 55
217.216000 217.536000 63
217.600000 217.856000 63
218.048000 218.496000 58
218.496000 218.944000 55
218.944000 219.200000 58
219.200000 220.096000 61
220.512000 220.608000 59
220.832000 221.184000 54
221.664000 222.144000 54
222.592000 222.880000 56
223.008000 223.616000 58
224.000000 224.192000 61
224.704000 224.800000 57
224.928000 225.216000 56
225.216000 225.536000 53
226.144000 226.304000 64
226.304000 226.400000 61
226.496000 226.624000 66
226.624000 227.104000 61
227.200000 227.872000 60
228.160000 228.288000 62
228.832000 228.960000 60
229.184000 229.312000 61
229.440000 230.592000 58
230.816000 231.072000 62
231.232000 231.392000 63
231.392000 231.552000 61
232.288000 234.176000 61
234.176000 236.032000 56
236.128000 236.352000 55
236.800000 236.960000 61
237.088000 237.280000 63
237.568000 237.664000 68
237.888000 238.464000 68
238.592000 239.104000 62
240.064000 240.704000 61
240.800000 241.280000 61
241.312000 241.472000 59
241.792000 242.080000 56
242.560000 243.264000 58
243.296000 243.328000 58
243.424000 243.552000 58
243.648000 243.968000 56
244.064000 244.608000 61
245.088000 245.664000 61
245.728000 245.952000 61
246.752000 246.976000 61
247.072000 248.192000 57
249.216000 249.536000 56
249.664000 250.688000 56
251.200000 251.648000 55
