0.544000 0.736000 62
0.896000 1.184000 60
1.184000 1.632000 62
1.728000 2.112000 65
2.112000 2.656000 67
2.656000 3.040000 65
3.200000 3.520000 62
3.520000 4.672000 65
5.184000 5.312000 62
5.312000 5.792000 60
5.792000 6.464000 63
6.624000 7.424000 67
7.520000 8.352000 62
8.352000 9.184000 65
9.504000 9.856000 69
9.856000 9.888000 67
9.920000 10.560000 63
11.840000 12.224000 69
12.320000 13.024000 65
13.024000 13.824000 67
14.144000 14.272000 63
14.272000 15.680000 67
15.872000 16.192000 63
16.192000 17.472000 67
17.568000 17.984000 67
18.496000 19.744000 67
19.936000 20.448000 70
21.024000 21.344000 63
22.048000 22.208000 69
22.336000 23.072000 70
23.360000 23.712000 63
24.416000 24.544000 72
24.640000 25.120000 70
25.696000 26.016000 63
26.528000 27.136000 58
27.328000 27.392000 63
27.392000 27.872000 67
27.968000 28.096000 66
28.096000 28.544000 63
29.152000 29.760000 70
30.304000 30.816000 63
31.456000 31.904000 70
31.904000 32.192000 68
32.288000 32.672000 69
32.800000 33.152000 63
33.888000 34.528000 70
34.976000 35.264000 63
35.680000 36.896000 58
36.896000 37.184000 60
37.184000 38.560000 66
39.168000 39.680000 58
39.680000 40.288000 63
40.352000 40.800000 68
40.864000 41.024000 65
41.120000 41.728000 65
41.856000 42.688000 67
42.688000 43.296000 64
43.840000 44.288000 58
44.288000 44.576000 61
44.768000 45.440000 67
45.440000 46.368000 64
46.400000 46.592000 67
46.592000 46.720000 65
46.720000 47.424000 66
47.424000 47.776000 63
48.384000 48.736000 58
48.992000 49.152000 63
49.376000 49.536000 67
49.632000 50.016000 68
50.240000 50.784000 65
51.040000 52.384000 67
53.408000 53.696000 66
53.696000 55.424000 65
55.424000 55.680000 60
55.968000 56.128000 62
56.256000 56.544000 60
56.544000 57.024000 62
57.120000 57.536000 65
57.536000 57.760000 68
57.760000 58.368000 65
58.560000 58.880000 62
58.880000 60.160000 65
60.672000 60.768000 60
60.864000 61.152000 60
61.152000 61.856000 63
61.984000 62.784000 67
62.880000 63.808000 63
63.808000 64.736000 65
64.928000 65.312000 69
65.408000 65.920000 63
66.048000 66.336000 63
67.232000 67.296000 67
67.296000 67.680000 69
67.680000 68.416000 65
68.416000 69.184000 67
69.632000 70.016000 67
70.208000 70.400000 68
70.432000 70.784000 67
71.296000 71.616000 63
71.616000 72.000000 65
72.096000 72.384000 67
72.544000 72.704000 67
72.704000 72.896000 65
73.920000 74.496000 65
74.528000 75.392000 67
75.584000 76.128000 58
76.288000 76.544000 63
77.600000 77.728000 57
78.112000 78.304000 56
78.624000 78.848000 63
79.328000 79.456000 63
79.616000 79.712000 64
79.904000 80.352000 63
80.480000 80.576000 63
80.704000 80.992000 65
80.992000 81.184000 60
81.344000 81.504000 58
82.048000 82.272000 70
82.432000 82.624000 70
82.784000 82.976000 68
83.072000 83.232000 69
83.232000 83.424000 65
83.584000 84.096000 63
84.224000 84.384000 63
84.512000 84.736000 62
85.184000 85.664000 59
86.176000 86.240000 62
86.304000 86.336000 62
86.784000 86.912000 62
87.456000 88.064000 60
88.384000 88.480000 59
88.896000 89.120000 57
89.312000 89.920000 55
90.048000 90.304000 63
91.008000 91.264000 61
91.328000 91.520000 60
91.712000 93.472000 59
93.664000 94.368000 59
94.496000 95.200000 58
95.712000 97.248000 58
97.248000 97.408000 65
97.504000 98.112000 66
98.112000 98.368000 63
98.464000 99.232000 70
99.552000 99.648000 65
99.776000 100.032000 63
100.160000 101.184000 66
101.184000 101.440000 65
101.568000 101.728000 63
101.824000 102.624000 67
102.752000 103.584000 59
103.904000 104.128000 58
104.288000 104.480000 60
104.800000 104.928000 71
105.024000 105.440000 67
105.440000 106.368000 64
106.432000 106.592000 67
106.688000 107.328000 67
107.680000 108.032000 75
108.480000 108.864000 65
109.056000 109.152000 62
109.344000 109.536000 66
109.632000 110.048000 68
110.208000 110.304000 65
110.400000 110.912000 65
111.040000 111.232000 67
111.360000 112.160000 66
112.256000 112.384000 67
112.768000 112.992000 67
113.344000 113.408000 65
113.440000 113.600000 64
114.048000 114.368000 65
114.912000 115.136000 63
115.136000 115.680000 67
115.680000 116.160000 63
116.256000 116.576000 60
116.576000 117.056000 62
117.152000 117.568000 65
117.568000 118.368000 67
118.560000 118.848000 62
118.848000 119.424000 64
119.552000 119.744000 72
119.744000 120.160000 75
120.352000 120.512000 70
120.512000 120.768000 62
120.832000 121.152000 60
121.152000 121.824000 63
122.016000 122.816000 67
122.912000 123.168000 62
123.360000 123.488000 62
123.552000 124.576000 65
124.896000 125.280000 69
125.376000 125.792000 63
126.080000 126.560000 70
126.560000 127.136000 66
127.232000 127.584000 69
127.584000 127.648000 67
127.648000 129.152000 65
129.664000 129.888000 67
129.920000 129.984000 67
130.112000 130.464000 68
130.464000 130.816000 67
130.816000 131.104000 64
131.264000 131.744000 67
131.904000 131.968000 68
131.968000 132.576000 70
132.576000 133.280000 67
136.288000 136.384000 67
137.952000 138.208000 63
139.616000 139.776000 66
141.408000 141.888000 67
141.888000 142.240000 64
142.400000 142.528000 62
142.720000 143.072000 59
143.360000 143.744000 58
144.000000 144.480000 62
145.568000 146.048000 69
146.304000 146.848000 65
146.848000 147.648000 67
148.000000 148.384000 69
148.576000 149.120000 63
150.304000 150.656000 69
150.656000 150.912000 67
150.944000 152.288000 67
152.448000 152.768000 67
152.864000 153.056000 62
153.280000 153.600000 60
153.728000 153.984000 63
154.080000 154.464000 65
154.464000 155.296000 67
155.520000 155.808000 62
155.808000 156.096000 63
156.096000 156.928000 67
157.472000 157.664000 62
157.760000 158.048000 60
158.048000 158.752000 62
158.912000 159.744000 67
159.840000 160.320000 61
160.416000 160.704000 63
160.704000 161.600000 65
161.824000 162.176000 69
162.304000 162.688000 63
162.688000 163.264000 61
164.160000 164.544000 69
164.544000 166.080000 65
166.432000 166.496000 63
166.496000 166.592000 64
166.592000 166.848000 67
166.880000 166.912000 67
167.392000 167.648000 67
167.648000 168.000000 65
168.160000 168.480000 63
168.480000 168.928000 65
169.024000 170.272000 67
170.816000 172.192000 66
