8.064000 8.864000 64
8.992000 9.760000 64
9.888000 10.176000 64
10.304000 10.880000 65
10.880000 11.712000 62
15.008000 15.808000 64
15.904000 16.928000 64
17.216000 17.664000 65
17.824000 18.368000 62
18.368000 18.592000 59
21.888000 22.016000 64
22.112000 22.208000 64
22.304000 23.872000 64
24.032000 24.160000 64
24.160000 24.384000 66
24.384000 25.088000 63
25.088000 25.376000 59
28.800000 28.896000 63
29.280000 29.408000 64
29.504000 31.232000 64
31.360000 31.936000 63
31.936000 32.256000 60
34.784000 35.840000 63
35.840000 37.024000 60
37.184000 37.280000 60
37.408000 37.600000 59
37.600000 38.080000 56
38.432000 39.264000 55
41.408000 43.168000 63
43.264000 43.584000 59
43.584000 44.160000 64
44.256000 44.608000 64
44.704000 44.960000 64
45.120000 45.568000 64
45.568000 46.400000 68
47.840000 50.080000 68
50.176000 50.304000 67
50.400000 51.232000 66
51.680000 51.968000 64
52.128000 53.696000 68
54.656000 57.952000 68
58.528000 58.688000 64
58.784000 58.880000 66
59.040000 59.712000 68
59.840000 60.384000 66
60.544000 60.992000 63
61.536000 65.024000 68
65.440000 65.824000 65
65.952000 67.264000 68
68.448000 70.656000 68
70.752000 71.744000 66
72.256000 72.416000 64
72.416000 73.472000 67
73.568000 73.920000 66
74.208000 76.992000 68
83.456000 83.552000 64
83.712000 84.416000 64
84.512000 85.696000 64
85.824000 86.016000 64
86.016000 86.240000 66
86.240000 87.136000 63
90.336000 90.816000 64
90.912000 91.712000 64
91.840000 92.160000 64
92.256000 93.024000 64
93.120000 93.664000 63
93.664000 93.952000 61
96.320000 97.312000 63
97.408000 98.048000 61
98.144000 99.040000 59
99.168000 99.264000 59
99.264000 99.456000 56
99.552000 99.840000 56
100.032000 100.128000 56
100.224000 101.184000 55
103.168000 104.928000 63
105.024000 105.376000 59
105.376000 105.600000 64
105.760000 107.360000 64
107.360000 108.064000 68
109.632000 112.096000 68
112.192000 113.184000 66
113.472000 113.792000 64
113.920000 115.264000 68
116.512000 118.784000 68
118.784000 119.840000 66
120.320000 120.512000 64
120.512000 120.672000 66
120.800000 121.504000 68
121.632000 122.112000 66
122.112000 122.720000 73
123.328000 125.568000 68
125.664000 126.752000 66
127.200000 127.584000 64
127.744000 128.896000 68
130.208000 132.416000 68
132.416000 133.696000 66
134.048000 134.272000 64
134.272000 135.584000 66
135.968000 138.240000 68
139.200000 139.296000 58
139.456000 139.680000 59
139.680000 140.352000 66
140.928000 141.504000 66
141.504000 141.984000 64
144.384000 144.544000 65
144.544000 145.248000 68
145.440000 145.472000 69
145.632000 146.208000 69
146.304000 146.496000 67
146.496000 146.752000 68
146.752000 147.008000 73
147.776000 147.840000 62
147.840000 147.968000 64
147.968000 149.568000 68
149.728000 150.400000 66
150.400000 150.848000 60
151.136000 151.456000 63
152.928000 153.248000 71
153.440000 155.296000 66
155.424000 156.000000 64
158.048000 158.080000 64
158.112000 158.176000 66
158.240000 160.256000 69
160.416000 160.608000 68
160.672000 160.832000 71
161.536000 161.600000 62
161.600000 161.728000 64
161.728000 163.232000 68
163.424000 164.160000 66
164.512000 167.936000 68
168.416000 168.672000 65
168.832000 170.336000 68
171.392000 174.688000 68
175.328000 175.648000 64
175.744000 176.704000 64
176.704000 177.760000 66
178.240000 180.704000 68
180.832000 181.696000 66
182.112000 182.240000 64
182.368000 183.008000 71
183.168000 184.128000 67
185.120000 188.448000 68
188.960000 189.184000 64
189.184000 190.496000 66
190.880000 195.488000 68
201.152000 201.632000 64
205.664000 207.904000 68
208.032000 208.864000 66
209.600000 209.728000 64
209.728000 209.888000 66
209.952000 211.488000 68
212.544000 214.656000 68
214.880000 215.680000 66
216.608000 216.832000 67
216.960000 217.568000 68
217.728000 218.432000 66
218.592000 219.648000 69
