14.112000 14.208000 70
14.400000 14.464000 70
14.688000 14.752000 70
15.296000 15.424000 70
15.520000 15.616000 70
16.032000 16.320000 70
30.208000 30.560000 58
30.560000 32.064000 62
32.160000 32.832000 63
33.408000 33.568000 57
33.568000 34.272000 63
34.400000 34.720000 62
34.720000 35.168000 60
35.264000 35.712000 61
35.904000 36.384000 58
36.896000 37.120000 58
37.376000 38.080000 58
38.240000 38.496000 56
38.624000 39.552000 58
40.320000 40.992000 58
41.152000 41.248000 59
41.248000 41.472000 54
41.600000 41.856000 53
41.856000 42.080000 55
42.208000 43.104000 55
43.680000 44.000000 58
44.160000 45.184000 62
45.376000 46.272000 63
46.880000 47.072000 57
47.072000 47.808000 62
47.904000 48.512000 62
48.512000 49.632000 64
49.824000 52.000000 62
52.128000 52.544000 62
52.544000 53.248000 60
53.440000 54.208000 60
54.496000 55.360000 58
56.768000 57.120000 58
57.216000 58.272000 63
58.912000 59.712000 60
59.904000 60.544000 58
60.544000 61.568000 65
61.664000 62.048000 53
62.336000 63.648000 55
63.936000 65.024000 56
65.312000 65.824000 55
65.920000 66.240000 54
66.336000 68.896000 53
69.024000 69.760000 56
70.048000 70.688000 58
70.688000 71.904000 63
72.064000 72.384000 55
72.384000 73.056000 60
73.248000 74.112000 58
74.112000 75.168000 65
75.392000 75.680000 54
75.776000 76.864000 56
77.088000 77.472000 58
77.472000 77.728000 65
78.048000 78.656000 63
78.656000 78.816000 61
79.168000 79.840000 63
80.320000 80.480000 64
80.480000 80.800000 61
80.992000 81.152000 67
81.152000 81.472000 62
81.664000 82.208000 64
82.592000 82.784000 62
83.424000 83.520000 56
83.808000 85.280000 63
85.824000 86.624000 62
86.752000 87.360000 61
87.360000 87.520000 57
87.616000 87.904000 58
88.000000 88.288000 61
88.416000 89.728000 63
90.144000 90.464000 58
90.592000 90.656000 60
90.688000 92.000000 63
92.448000 92.640000 57
92.640000 93.760000 62
93.952000 94.560000 58
94.720000 96.448000 67
96.704000 97.120000 58
97.312000 97.536000 62
97.696000 98.848000 63
99.360000 100.544000 62
100.640000 100.832000 60
100.832000 101.504000 58
101.504000 102.208000 64
102.368000 102.944000 62
103.040000 103.808000 63
104.256000 104.768000 63
104.896000 105.120000 63
105.312000 105.920000 66
105.920000 106.336000 63
106.560000 109.792000 63
110.400000 110.560000 58
110.784000 112.224000 63
112.832000 114.336000 62
114.336000 114.496000 58
114.624000 114.912000 58
115.008000 115.328000 61
115.424000 116.384000 63
116.480000 116.704000 63
117.120000 117.440000 58
117.536000 118.976000 63
119.744000 119.968000 62
120.096000 120.448000 63
120.448000 121.024000 61
121.024000 121.792000 58
121.792000 123.456000 67
123.712000 124.128000 58
124.320000 124.800000 63
124.992000 125.792000 63
126.176000 127.200000 63
127.200000 128.288000 60
128.512000 129.216000 64
129.376000 129.728000 65
129.728000 129.888000 68
130.016000 130.400000 66
130.400000 130.816000 63
131.200000 131.712000 63
131.904000 132.288000 63
132.288000 132.928000 66
132.928000 133.408000 63
133.568000 137.280000 63
139.168000 139.296000 70
139.456000 139.584000 70
141.888000 142.048000 70
142.240000 142.336000 70
142.368000 142.720000 70
146.080000 146.208000 70
146.560000 146.656000 70
153.216000 153.248000 70
153.696000 153.824000 70
154.560000 154.656000 71
164.800000 166.368000 63
166.880000 167.680000 63
167.776000 168.448000 61
168.448000 168.512000 58
168.640000 169.024000 58
169.024000 169.312000 61
169.440000 170.752000 63
171.104000 171.616000 58
171.616000 173.152000 63
173.472000 173.664000 57
173.664000 174.784000 62
174.944000 175.616000 58
175.712000 177.472000 67
177.696000 178.240000 58
178.368000 178.560000 62
178.720000 179.840000 63
180.320000 180.512000 61
180.512000 181.216000 63
181.216000 181.664000 61
181.664000 182.400000 58
182.496000 183.168000 64
183.424000 184.832000 63
185.280000 185.760000 63
185.920000 186.144000 63
186.336000 186.848000 66
186.848000 187.360000 63
187.584000 190.848000 63
191.776000 192.000000 58
192.160000 193.184000 63
193.312000 193.760000 55
193.888000 194.144000 59
194.336000 194.688000 60
195.200000 195.616000 58
195.616000 196.480000 65
196.704000 197.088000 53
197.280000 197.376000 55
197.536000 198.688000 55
199.040000 200.768000 56
200.928000 201.920000 53
202.144000 202.368000 51
202.560000 203.904000 53
204.192000 204.864000 55
205.152000 205.632000 58
205.792000 207.168000 63
207.392000 207.616000 59
208.288000 208.864000 58
209.088000 210.400000 65
210.720000 211.360000 55
211.360000 211.776000 57
212.576000 212.768000 63
212.992000 213.216000 63
213.312000 213.536000 65
213.792000 214.112000 64
214.208000 215.104000 63
215.648000 215.776000 57
215.936000 216.160000 55
216.512000 216.704000 55
217.024000 217.120000 62
217.728000 217.856000 62
218.816000 220.288000 63
220.832000 221.664000 62
221.792000 222.368000 61
222.368000 222.528000 58
222.624000 223.008000 58
223.008000 223.328000 61
223.424000 224.736000 63
225.120000 225.600000 58
225.600000 227.040000 63
227.456000 227.680000 57
227.680000 228.768000 62
228.960000 229.600000 58
229.728000 231.456000 67
231.712000 232.128000 58
232.320000 232.576000 62
232.704000 233.728000 63
234.336000 235.584000 62
235.680000 235.872000 60
235.872000 236.544000 58
236.544000 237.248000 64
237.408000 237.952000 62
238.080000 238.848000 63
239.264000 239.808000 63
239.904000 240.128000 63
240.320000 240.960000 66
240.960000 241.344000 63
241.568000 244.800000 63
245.824000 247.392000 62
247.840000 248.672000 63
248.768000 249.376000 61
249.376000 249.536000 58
249.632000 249.792000 58
250.080000 250.368000 61
250.496000 251.424000 63
251.520000 251.744000 63
251.936000 252.064000 56
252.192000 252.480000 58
252.576000 254.112000 63
254.688000 255.008000 63
255.136000 255.488000 63
255.488000 256.128000 66
256.128000 256.864000 63
256.864000 258.528000 67
258.656000 260.064000 66
260.160000 260.832000 63
261.152000 262.624000 63
262.688000 262.912000 60
262.912000 263.264000 58
263.520000 264.192000 64
264.384000 264.704000 65
264.704000 264.928000 68
265.024000 265.376000 66
265.376000 265.888000 63
266.272000 266.720000 63
266.912000 267.296000 63
267.296000 267.424000 65
267.424000 267.776000 67
267.776000 268.384000 63
268.576000 270.048000 63
270.176000 272.064000 63
291.936000 292.032000 65
294.560000 294.656000 70
294.912000 295.008000 70
