12.448000 13.120000 63
13.280000 13.568000 64
13.696000 13.856000 60
13.984000 15.040000 60
17.504000 17.568000 59
17.568000 17.888000 63
18.752000 18.944000 58
22.208000 22.656000 63
22.816000 23.584000 62
23.584000 23.776000 65
23.936000 25.184000 60
27.072000 27.136000 59
27.136000 27.552000 62
27.776000 27.872000 58
30.784000 30.912000 70
31.008000 31.104000 70
31.264000 31.520000 70
31.872000 32.096000 70
32.224000 32.320000 70
32.480000 32.704000 70
32.704000 33.472000 65
33.824000 34.144000 59
34.272000 34.784000 67
34.880000 35.136000 65
35.296000 35.424000 67
35.712000 36.736000 70
36.832000 37.088000 70
37.184000 37.376000 70
37.536000 38.272000 65
38.592000 38.720000 62
39.040000 39.232000 67
39.328000 40.192000 68
40.576000 40.736000 70
40.736000 42.240000 72
42.304000 42.784000 68
42.912000 43.712000 73
43.840000 44.192000 72
44.288000 44.608000 72
44.736000 45.120000 71
45.280000 47.040000 71
47.040000 47.392000 68
47.392000 47.712000 64
48.000000 48.416000 68
48.608000 48.960000 71
49.120000 49.536000 70
49.536000 49.824000 68
49.952000 50.112000 68
50.112000 50.848000 72
51.040000 51.648000 71
51.904000 52.096000 68
52.512000 53.760000 73
53.888000 54.208000 71
54.304000 54.720000 71
54.848000 55.744000 72
55.840000 56.000000 70
56.000000 56.352000 72
56.352000 56.864000 70
57.056000 57.312000 63
57.632000 57.984000 68
58.208000 58.400000 70
58.400000 58.560000 72
58.688000 59.136000 70
59.136000 59.456000 68
59.552000 61.856000 70
61.952000 64.384000 70
64.512000 66.912000 70
67.104000 67.584000 68
68.864000 70.304000 70
70.368000 70.400000 70
70.464000 71.232000 70
71.808000 72.000000 70
72.224000 72.608000 63
72.992000 73.152000 61
73.216000 73.248000 61
73.696000 73.984000 70
74.112000 74.400000 69
74.560000 75.008000 70
75.200000 75.328000 68
75.328000 75.520000 69
75.584000 75.936000 70
76.064000 76.448000 70
76.448000 76.800000 68
76.896000 77.280000 68
77.824000 78.016000 63
79.872000 79.968000 63
80.448000 80.640000 63
80.640000 80.832000 61
80.832000 81.376000 63
81.504000 82.208000 60
84.768000 85.216000 63
86.016000 86.304000 58
89.504000 90.496000 62
90.688000 91.648000 60
94.272000 94.336000 58
94.336000 94.720000 62
95.232000 95.488000 58
97.888000 98.112000 70
98.208000 98.336000 70
98.464000 98.912000 70
99.040000 99.328000 70
99.616000 99.872000 70
99.872000 100.544000 65
101.024000 101.344000 59
101.440000 101.920000 67
102.048000 102.304000 65
102.496000 103.744000 70
103.840000 103.936000 70
104.032000 104.288000 70
104.416000 104.608000 70
104.736000 105.504000 65
105.888000 105.952000 63
105.952000 106.144000 66
106.240000 106.432000 67
106.528000 107.360000 68
107.776000 108.576000 72
108.672000 108.800000 70
108.800000 109.184000 72
109.184000 109.472000 69
109.568000 110.016000 68
110.112000 110.912000 73
111.072000 111.392000 73
111.488000 111.808000 72
111.936000 114.400000 71
114.400000 114.592000 68
114.592000 114.912000 63
115.200000 115.648000 68
115.808000 116.128000 70
116.384000 116.480000 70
116.768000 117.024000 68
117.120000 117.344000 68
117.344000 118.048000 72
118.240000 118.848000 71
118.944000 119.328000 68
119.936000 120.544000 73
120.640000 120.928000 73
121.184000 121.440000 63
121.536000 121.856000 64
122.144000 123.872000 71
123.872000 124.096000 68
124.256000 124.512000 63
124.832000 125.184000 68
125.408000 125.760000 71
125.888000 126.304000 70
126.304000 126.624000 68
126.752000 129.056000 70
129.152000 131.616000 70
131.712000 132.096000 70
132.224000 134.144000 70
134.496000 134.688000 68
135.136000 135.232000 68
136.064000 136.288000 68
136.288000 137.664000 70
137.664000 138.016000 66
138.176000 138.656000 64
138.784000 138.944000 66
139.104000 139.392000 70
139.680000 139.968000 70
140.032000 140.224000 70
140.448000 141.216000 70
141.344000 141.536000 68
141.824000 142.080000 69
142.304000 142.656000 68
143.008000 143.424000 70
143.488000 144.000000 68
146.080000 146.464000 70
146.560000 147.328000 70
147.488000 148.256000 70
148.544000 149.760000 70
149.888000 150.080000 67
150.336000 150.688000 68
150.880000 150.976000 67
150.976000 151.232000 70
151.360000 152.096000 70
152.256000 152.736000 68
152.736000 153.184000 73
153.312000 153.472000 72
153.600000 153.728000 71
153.728000 153.888000 70
153.888000 154.592000 68
154.688000 154.784000 71
154.784000 156.032000 68
156.160000 156.512000 70
156.640000 157.888000 70
158.144000 158.464000 69
158.560000 159.328000 70
159.488000 160.288000 67
160.512000 162.080000 70
162.272000 163.104000 73
163.200000 163.296000 71
163.296000 165.024000 70
165.024000 167.136000 72
167.200000 170.592000 80
174.976000 176.096000 71
176.288000 176.576000 71
176.704000 176.992000 68
177.696000 177.824000 73
177.952000 178.112000 73
178.272000 178.528000 72
178.624000 179.488000 72
179.712000 181.600000 71
181.600000 181.728000 67
181.824000 182.016000 63
182.432000 182.784000 68
183.008000 183.360000 71
183.488000 183.872000 70
183.968000 185.856000 72
185.952000 186.304000 72
186.304000 186.496000 70
186.496000 186.656000 76
186.912000 187.392000 70
187.744000 187.968000 70
188.032000 188.288000 70
188.448000 189.536000 70
189.856000 190.272000 70
190.368000 190.688000 69
190.784000 193.600000 70
193.728000 194.304000 71
194.368000 194.400000 66
194.592000 195.296000 70
195.392000 195.680000 66
195.840000 196.256000 63
196.384000 196.480000 65
196.800000 196.896000 63
197.024000 197.472000 62
197.696000 198.752000 58
199.104000 199.168000 66
199.392000 199.872000 70
199.968000 200.288000 69
200.384000 200.768000 70
201.056000 203.648000 68
203.712000 204.064000 69
204.160000 204.544000 70
204.640000 204.960000 70
205.088000 205.856000 70
206.144000 207.328000 70
207.488000 207.680000 67
207.968000 208.288000 68
208.480000 208.576000 67
208.576000 208.832000 70
208.960000 209.696000 70
209.856000 210.336000 68
210.336000 210.784000 73
210.912000 211.040000 72
211.232000 211.488000 70
211.488000 212.096000 68
212.704000 213.664000 80
213.760000 214.112000 70
214.240000 215.488000 70
215.744000 216.032000 69
216.160000 216.992000 70
217.088000 217.856000 67
218.112000 219.680000 70
219.968000 220.384000 73
220.512000 220.736000 72
220.736000 220.896000 71
220.896000 221.760000 69
221.856000 224.736000 68
225.280000 225.376000 68
