2.816000 3.008000 71
4.992000 5.216000 71
5.760000 6.496000 70
6.848000 7.072000 72
7.072000 7.392000 71
7.392000 8.480000 73
8.608000 8.800000 72
9.024000 9.440000 73
9.728000 9.888000 69
10.016000 11.136000 66
11.424000 12.000000 59
12.096000 12.320000 63
12.416000 13.088000 65
13.184000 13.568000 66
13.664000 13.760000 70
13.760000 16.032000 68
16.032000 16.960000 63
17.120000 17.760000 62
17.760000 18.048000 67
18.048000 18.880000 63
18.976000 19.104000 61
19.264000 19.360000 62
19.520000 20.352000 65
20.352000 20.896000 64
20.896000 21.568000 65
21.664000 21.888000 60
21.888000 22.080000 62
22.176000 22.624000 66
22.720000 24.704000 63
24.768000 24.800000 63
24.864000 25.120000 63
25.216000 25.632000 63
25.984000 26.272000 63
28.000000 28.064000 60
28.064000 28.352000 62
28.352000 31.744000 68
32.288000 32.384000 73
32.384000 32.448000 72
32.448000 32.544000 70
32.544000 32.576000 69
32.576000 32.608000 68
32.608000 33.280000 65
33.376000 34.944000 60
35.040000 35.232000 61
38.656000 38.880000 71
38.880000 39.008000 73
39.104000 39.744000 72
39.744000 40.096000 70
40.256000 40.832000 72
40.832000 41.600000 69
41.600000 42.048000 72
42.048000 43.264000 68
43.392000 43.872000 63
43.872000 43.936000 64
43.936000 44.192000 66
44.192000 45.376000 68
45.472000 45.568000 66
45.568000 45.952000 62
46.048000 46.464000 65
47.072000 47.552000 64
47.648000 48.192000 64
48.192000 48.672000 66
48.672000 48.768000 64
48.768000 48.800000 63
48.800000 49.664000 60
49.760000 50.432000 65
50.432000 50.880000 63
51.456000 51.616000 67
51.616000 51.680000 68
51.680000 52.192000 70
52.192000 52.576000 73
52.576000 53.184000 68
53.376000 53.632000 63
53.632000 53.696000 64
53.696000 53.824000 66
53.824000 55.040000 68
55.040000 56.032000 66
56.224000 56.544000 63
56.704000 56.736000 66
56.800000 56.864000 66
57.056000 57.216000 71
57.472000 58.336000 72
58.752000 59.296000 70
59.456000 59.648000 70
59.648000 60.160000 72
60.288000 60.416000 69
60.864000 61.184000 72
61.344000 61.376000 68
61.408000 61.792000 68
62.944000 63.840000 66
63.936000 64.096000 70
64.096000 64.160000 69
64.160000 64.224000 67
64.224000 64.288000 65
64.288000 64.864000 59
64.992000 65.184000 63
65.280000 65.920000 65
66.048000 66.464000 66
66.560000 68.000000 68
68.000000 68.992000 67
68.992000 69.408000 65
69.408000 69.856000 60
69.952000 70.560000 62
70.560000 70.848000 67
70.848000 71.232000 64
71.328000 71.520000 64
71.520000 72.000000 61
72.384000 73.056000 66
73.056000 73.696000 65
73.696000 74.400000 67
74.496000 74.688000 60
74.688000 74.880000 63
75.008000 75.456000 66
75.552000 77.728000 63
77.920000 78.240000 63
78.752000 79.296000 63
79.488000 80.352000 63
80.896000 80.960000 61
80.960000 84.640000 68
85.088000 85.216000 74
85.216000 85.344000 72
85.344000 85.408000 70
85.408000 85.440000 69
85.440000 86.048000 65
86.176000 87.936000 60
88.128000 88.320000 60
88.416000 88.640000 61
88.736000 89.056000 61
91.456000 92.896000 72
93.024000 93.632000 72
93.632000 93.696000 70
93.696000 94.080000 68
94.080000 94.432000 70
94.432000 94.848000 72
94.848000 95.680000 68
95.680000 96.160000 69
96.160000 96.704000 63
96.704000 98.400000 68
98.464000 98.752000 61
98.752000 99.328000 65
99.872000 100.032000 65
100.032000 101.696000 64
101.824000 102.048000 58
102.048000 102.496000 61
102.592000 103.328000 65
103.328000 103.712000 64
104.320000 104.480000 67
104.480000 104.960000 69
104.960000 105.408000 73
105.408000 106.016000 68
106.144000 106.496000 63
106.496000 106.624000 65
106.624000 106.688000 66
106.688000 106.944000 68
106.944000 107.744000 69
108.448000 108.512000 66
108.512000 108.608000 67
108.608000 108.768000 68
108.768000 109.184000 70
109.184000 109.568000 73
109.568000 109.824000 68
109.888000 110.176000 67
110.432000 110.816000 63
110.848000 110.912000 66
110.912000 111.136000 68
111.136000 111.648000 70
111.648000 111.904000 66
112.576000 112.768000 66
112.768000 113.024000 68
113.024000 113.344000 70
113.344000 113.824000 73
113.824000 114.592000 68
114.784000 115.360000 63
115.360000 115.424000 64
115.424000 115.808000 66
115.808000 116.320000 68
116.320000 117.888000 70
117.888000 122.464000 66
