21.888000 22.144000 46
22.240000 22.528000 51
22.528000 22.912000 53
22.912000 23.744000 56
23.744000 23.936000 54
23.936000 24.896000 55
24.992000 25.152000 50
25.248000 25.760000 55
25.856000 26.240000 57
26.752000 26.816000 45
26.816000 27.040000 48
27.040000 27.328000 50
27.328000 27.424000 52
27.424000 27.584000 53
27.584000 29.280000 55
29.280000 29.888000 53
29.888000 29.984000 48
29.984000 30.848000 54
31.456000 31.776000 58
31.776000 33.152000 56
33.152000 33.376000 59
33.472000 33.664000 57
33.664000 33.984000 59
33.984000 34.976000 58
34.976000 35.744000 62
35.744000 36.480000 57
36.640000 36.864000 55
36.864000 37.440000 53
37.440000 37.504000 55
37.632000 38.048000 57
38.048000 38.624000 55
40.128000 40.288000 55
40.384000 40.608000 54
40.608000 40.960000 61
40.960000 42.080000 57
42.080000 43.008000 60
45.184000 46.048000 64
46.048000 46.368000 57
46.368000 46.912000 60
46.912000 48.544000 55
48.544000 49.600000 60
50.048000 50.208000 58
50.368000 50.464000 55
50.464000 50.624000 57
50.624000 53.152000 62
53.248000 53.792000 56
54.112000 54.880000 56
54.880000 55.168000 60
55.168000 55.968000 55
56.384000 56.896000 53
56.896000 57.120000 50
57.216000 57.472000 50
57.472000 57.984000 55
58.592000 59.488000 57
59.488000 59.712000 60
59.712000 60.064000 57
60.064000 60.576000 55
60.960000 61.792000 53
61.792000 62.880000 60
63.456000 63.552000 67
63.552000 63.712000 65
63.808000 64.000000 64
64.000000 64.288000 62
64.288000 64.640000 57
64.640000 65.184000 60
65.184000 65.728000 57
65.728000 66.656000 55
66.656000 67.776000 60
68.672000 68.736000 56
68.736000 68.864000 58
68.864000 69.952000 62
70.048000 70.944000 62
71.072000 71.424000 64
71.424000 72.000000 56
72.320000 72.384000 53
72.384000 72.576000 56
72.576000 72.864000 55
72.864000 74.208000 57
74.304000 74.848000 55
74.848000 75.168000 52
75.168000 75.744000 50
75.744000 76.128000 55
76.832000 77.056000 57
77.056000 77.568000 55
77.696000 77.920000 60
77.920000 78.208000 57
78.208000 78.720000 55
78.720000 80.128000 53
80.128000 82.144000 60
109.280000 109.376000 60
109.632000 109.952000 60
110.144000 110.912000 60
114.944000 115.136000 55
121.344000 121.408000 45
121.408000 121.568000 47
121.664000 121.920000 51
121.920000 122.048000 52
122.048000 122.176000 53
122.176000 123.008000 57
123.104000 123.296000 54
123.296000 123.616000 56
123.616000 124.128000 53
124.224000 124.384000 50
124.512000 124.928000 55
125.024000 125.408000 57
125.920000 126.080000 47
126.176000 126.432000 50
126.432000 126.720000 53
126.720000 127.520000 55
127.616000 128.352000 55
128.352000 128.960000 53
128.960000 129.344000 50
129.344000 129.952000 55
130.528000 130.656000 59
130.656000 131.456000 57
131.552000 132.032000 56
132.128000 132.352000 60
132.448000 133.248000 57
133.248000 133.536000 60
133.536000 133.856000 57
133.856000 134.592000 62
134.592000 135.424000 57
135.552000 135.712000 55
135.712000 136.256000 53
136.256000 136.320000 55
136.480000 137.440000 56
138.944000 139.008000 49
139.008000 139.424000 54
139.424000 139.456000 56
139.456000 139.744000 62
139.744000 140.928000 57
140.928000 142.304000 60
144.224000 144.288000 63
144.288000 144.704000 64
144.704000 144.960000 62
144.960000 145.312000 57
145.312000 145.856000 60
145.856000 146.432000 57
146.432000 147.328000 55
147.328000 148.384000 60
148.928000 149.120000 57
149.248000 149.408000 56
149.408000 149.504000 57
149.504000 152.032000 62
152.128000 152.640000 57
152.896000 153.440000 55
153.440000 154.272000 57
154.272000 154.784000 55
155.200000 155.680000 53
155.680000 155.872000 50
156.000000 156.288000 50
156.288000 156.896000 55
157.376000 157.568000 57
157.568000 158.112000 56
158.208000 158.432000 60
158.432000 159.232000 55
159.616000 160.416000 53
160.416000 161.472000 60
162.048000 162.240000 65
162.368000 162.560000 64
162.560000 162.848000 62
162.848000 163.104000 57
163.200000 163.712000 60
163.712000 164.224000 57
164.224000 165.056000 55
165.056000 166.400000 60
166.720000 166.816000 56
167.104000 167.328000 58
167.328000 168.352000 61
168.448000 169.856000 62
169.856000 170.336000 56
170.624000 170.848000 57
170.944000 171.168000 55
171.168000 171.680000 57
171.776000 172.512000 55
172.640000 173.056000 55
173.152000 173.408000 53
173.408000 173.856000 50
174.016000 174.528000 55
175.072000 175.776000 56
175.904000 176.096000 60
176.096000 176.864000 56
176.960000 178.336000 53
178.336000 180.256000 60
182.048000 184.800000 57
184.896000 185.120000 56
186.176000 186.240000 52
186.240000 186.496000 56
186.496000 186.688000 60
186.688000 187.776000 58
187.904000 188.096000 62
188.096000 188.576000 60
188.576000 189.120000 56
189.216000 190.080000 53
190.912000 193.152000 55
195.008000 195.808000 56
195.936000 196.128000 55
196.128000 197.024000 57
197.024000 198.528000 55
199.264000 199.392000 53
199.648000 200.352000 53
200.448000 200.928000 50
201.024000 202.336000 53
208.544000 208.928000 59
209.056000 210.848000 57
213.152000 213.312000 61
213.408000 215.776000 56
215.904000 216.704000 53
217.024000 217.120000 54
217.472000 217.696000 59
217.792000 219.616000 57
221.792000 222.080000 61
222.208000 223.648000 57
224.256000 224.576000 58
224.576000 225.664000 54
226.368000 226.464000 57
226.464000 226.592000 59
226.720000 229.216000 57
229.344000 229.440000 57
