16.416000 17.376000 63
17.824000 17.920000 60
19.648000 19.776000 60
20.064000 21.344000 66
21.888000 22.048000 59
22.272000 22.400000 59
22.720000 22.848000 59
24.064000 24.192000 59
24.288000 24.448000 61
24.576000 25.152000 63
25.728000 25.888000 57
26.112000 26.528000 57
28.064000 28.256000 61
28.256000 28.320000 62
28.320000 28.512000 64
28.512000 29.376000 68
29.472000 29.632000 68
29.632000 29.824000 66
29.952000 30.912000 66
31.360000 32.608000 64
32.608000 34.496000 68
35.072000 35.232000 68
35.328000 35.872000 66
36.000000 37.344000 66
37.472000 38.208000 69
38.208000 39.008000 66
39.328000 41.024000 64
41.248000 43.168000 64
43.200000 44.320000 66
44.448000 44.928000 69
44.928000 45.440000 67
45.440000 46.368000 64
47.584000 48.032000 67
48.160000 49.696000 67
49.856000 50.752000 66
50.912000 50.976000 66
51.040000 51.584000 66
51.840000 52.192000 64
52.320000 52.672000 67
52.672000 53.984000 64
55.616000 56.576000 69
56.672000 57.440000 66
57.600000 58.112000 64
58.464000 59.072000 62
59.424000 61.024000 69
61.376000 63.424000 61
64.064000 64.480000 61
65.024000 65.920000 62
66.912000 68.576000 69
68.800000 69.120000 61
69.248000 69.984000 61
70.144000 70.880000 62
71.072000 72.672000 66
72.960000 73.536000 66
73.728000 73.856000 65
74.368000 74.624000 62
74.688000 75.168000 62
75.296000 76.960000 69
77.152000 77.312000 68
77.312000 77.952000 69
78.112000 81.632000 74
81.888000 82.080000 62
82.208000 83.200000 62
83.808000 84.832000 62
85.152000 85.536000 57
85.632000 85.856000 62
85.984000 86.464000 62
86.560000 88.576000 62
89.376000 89.984000 63
90.016000 90.080000 62
90.144000 90.880000 59
92.608000 92.800000 59
93.024000 93.728000 66
94.016000 94.720000 66
95.072000 95.168000 61
95.456000 95.680000 59
95.904000 96.032000 59
96.832000 97.184000 59
97.280000 97.472000 61
97.472000 98.112000 63
98.848000 99.008000 59
99.200000 99.392000 57
100.800000 100.928000 57
101.024000 101.088000 60
101.088000 101.184000 61
101.184000 101.248000 62
101.248000 101.472000 64
101.472000 101.600000 67
101.600000 103.104000 68
103.104000 103.936000 66
104.288000 105.504000 64
105.504000 107.584000 68
108.032000 108.256000 68
108.256000 111.744000 66
112.224000 112.992000 64
113.152000 113.280000 64
113.408000 114.144000 64
114.336000 116.128000 64
116.224000 116.544000 64
116.544000 117.344000 66
117.344000 117.920000 70
118.016000 119.392000 64
120.192000 121.024000 68
121.120000 121.568000 67
121.664000 122.688000 67
122.816000 122.944000 65
122.944000 124.576000 66
124.576000 127.040000 64
128.576000 128.704000 67
128.704000 129.568000 69
129.568000 130.432000 65
130.592000 130.880000 64
131.136000 131.744000 65
131.744000 131.968000 62
132.352000 134.016000 69
134.336000 135.552000 61
135.648000 136.256000 62
136.960000 137.376000 62
137.952000 138.880000 62
139.840000 141.472000 69
141.856000 142.976000 61
143.136000 143.840000 62
144.032000 145.728000 66
145.888000 146.688000 65
147.328000 147.552000 62
147.776000 148.128000 62
148.224000 149.696000 69
150.144000 150.624000 69
150.688000 150.912000 71
151.104000 154.624000 74
154.848000 156.416000 62
156.704000 157.632000 62
158.112000 158.400000 57
158.528000 158.752000 62
158.880000 159.648000 62
159.712000 161.920000 62
164.512000 164.672000 62
164.928000 165.152000 64
165.152000 165.952000 62
165.952000 166.944000 65
166.944000 167.616000 62
170.976000 171.136000 69
171.136000 171.392000 64
171.552000 174.112000 66
174.208000 174.528000 64
174.528000 175.424000 66
175.424000 175.712000 70
175.712000 177.504000 64
177.888000 177.952000 67
178.144000 182.272000 66
182.400000 182.848000 66
182.848000 183.136000 70
183.136000 183.776000 68
183.776000 184.672000 64
185.664000 185.888000 73
185.888000 188.256000 71
188.256000 188.832000 67
189.120000 189.504000 64
189.504000 190.112000 66
190.112000 192.288000 64
192.288000 192.512000 66
194.048000 194.176000 66
194.176000 196.768000 69
196.768000 197.344000 66
197.344000 197.728000 61
197.856000 199.584000 69
199.904000 200.960000 61
201.120000 201.920000 62
202.464000 203.328000 66
203.424000 203.552000 65
203.552000 203.904000 63
203.904000 204.448000 65
204.736000 204.800000 65
205.312000 205.536000 67
205.536000 208.928000 69
208.928000 209.280000 66
209.568000 212.096000 66
212.128000 212.448000 62
212.768000 213.056000 62
213.248000 213.632000 62
213.760000 215.232000 69
215.584000 215.712000 67
215.712000 216.416000 70
216.576000 220.096000 74
220.256000 221.568000 62
221.952000 222.112000 62
222.176000 222.400000 61
222.496000 223.296000 62
223.616000 223.904000 57
224.000000 227.936000 62
231.552000 231.744000 66
231.744000 235.168000 69
235.168000 236.192000 66
236.352000 236.672000 67
239.008000 241.024000 69
241.248000 242.912000 69
243.008000 243.552000 65
243.552000 244.960000 62
245.088000 246.848000 74
253.984000 257.024000 69
