11.392000 11.872000 53
12.128000 12.864000 50
13.920000 14.400000 53
14.560000 14.880000 50
15.008000 15.456000 50
16.448000 17.184000 52
17.184000 17.280000 50
17.472000 17.920000 50
19.040000 20.128000 51
21.408000 22.016000 53
22.240000 22.784000 50
22.976000 23.008000 49
23.968000 24.640000 53
24.768000 25.664000 49
26.560000 27.136000 52
27.136000 27.936000 50
28.224000 28.288000 49
29.088000 30.304000 51
30.400000 30.528000 50
31.520000 31.808000 54
31.968000 32.416000 58
32.480000 32.640000 53
32.640000 32.960000 56
33.088000 33.760000 58
34.080000 34.208000 53
34.208000 34.336000 55
34.336000 34.944000 57
35.072000 35.264000 58
35.360000 35.520000 58
35.648000 35.840000 58
35.840000 36.224000 61
36.608000 36.704000 60
36.704000 36.864000 62
37.024000 37.536000 60
37.664000 37.920000 62
38.016000 38.144000 62
38.272000 38.880000 58
39.136000 39.552000 58
41.632000 41.696000 52
41.696000 41.984000 54
42.080000 42.368000 58
42.528000 42.816000 53
42.912000 43.104000 58
43.264000 43.872000 58
44.384000 44.672000 55
44.672000 44.992000 58
45.152000 45.216000 53
45.216000 45.440000 55
45.440000 45.600000 58
45.760000 45.984000 58
46.112000 46.304000 62
46.752000 47.008000 62
47.136000 47.488000 60
47.488000 48.000000 62
48.128000 48.256000 62
48.352000 48.544000 61
48.704000 49.280000 58
49.280000 49.600000 55
49.696000 49.824000 56
51.712000 51.872000 62
51.872000 52.288000 65
52.288000 52.928000 62
53.024000 53.760000 59
54.272000 55.104000 64
55.104000 56.160000 62
56.768000 57.056000 64
57.152000 57.408000 65
57.408000 57.696000 62
57.824000 58.208000 62
58.208000 58.784000 58
59.136000 60.928000 62
61.888000 62.016000 63
62.016000 62.432000 65
62.432000 63.200000 62
63.200000 63.872000 58
64.192000 64.352000 61
64.352000 65.120000 65
65.120000 65.376000 62
65.536000 66.208000 61
66.912000 67.040000 63
67.040000 67.488000 65
67.488000 67.712000 62
67.936000 68.288000 62
68.288000 68.960000 58
69.120000 69.568000 63
69.728000 70.848000 63
71.616000 72.384000 69
72.544000 72.832000 65
72.832000 73.248000 62
73.504000 74.848000 65
76.352000 76.512000 65
76.672000 77.472000 69
77.568000 77.920000 65
77.920000 78.368000 62
78.528000 79.520000 65
79.520000 80.704000 61
82.080000 82.656000 53
82.848000 83.296000 50
83.424000 83.584000 49
84.640000 85.120000 53
85.280000 86.432000 50
87.136000 87.232000 51
87.232000 87.744000 53
87.744000 88.064000 50
88.256000 88.480000 50
88.640000 88.800000 49
89.696000 89.888000 50
90.016000 90.560000 51
90.720000 91.648000 50
92.096000 92.384000 52
92.512000 92.768000 53
92.928000 93.024000 50
93.184000 93.408000 50
93.600000 93.696000 49
94.784000 95.264000 53
95.264000 95.712000 50
95.872000 96.736000 49
97.248000 97.440000 52
97.536000 97.824000 53
97.824000 98.528000 50
98.656000 98.784000 49
99.360000 99.456000 49
99.776000 101.472000 50
102.272000 102.528000 53
102.528000 102.944000 56
103.200000 103.360000 53
103.360000 103.680000 56
103.840000 104.480000 58
104.800000 104.928000 53
104.928000 105.312000 57
105.728000 106.560000 58
106.560000 106.688000 60
106.688000 106.944000 62
107.328000 108.000000 60
108.000000 108.576000 62
108.704000 108.864000 62
108.864000 110.048000 58
110.976000 111.040000 58
111.040000 112.000000 61
112.000000 112.448000 58
112.448000 112.960000 62
113.312000 113.536000 53
113.632000 114.112000 57
114.112000 114.720000 58
114.912000 115.104000 54
115.200000 115.360000 57
115.360000 115.456000 55
115.552000 116.576000 57
116.576000 116.640000 59
116.640000 116.960000 62
117.440000 117.504000 62
117.504000 117.600000 64
117.600000 118.336000 65
118.464000 118.944000 62
118.944000 119.328000 60
119.552000 120.480000 58
120.480000 120.768000 62
122.432000 122.688000 64
122.848000 123.072000 65
123.072000 123.936000 62
123.936000 124.480000 58
124.864000 124.928000 57
124.928000 124.992000 59
124.992000 125.184000 63
125.312000 125.600000 65
125.760000 126.848000 62
127.520000 128.160000 65
128.288000 129.024000 62
129.120000 129.376000 58
129.376000 129.760000 56
129.760000 131.520000 63
132.512000 133.216000 64
133.408000 133.600000 62
133.728000 134.048000 62
134.048000 134.784000 58
135.040000 135.232000 65
135.392000 135.744000 67
135.744000 136.096000 62
136.192000 136.352000 62
136.352000 136.672000 60
136.672000 136.992000 55
137.696000 137.760000 63
137.760000 138.208000 65
138.208000 138.432000 62
138.624000 138.880000 62
138.880000 139.680000 59
139.872000 140.352000 63
140.448000 140.960000 63
140.960000 141.280000 62
141.280000 141.632000 58
141.888000 141.984000 56
142.400000 143.104000 69
143.264000 143.552000 65
143.552000 144.032000 62
144.224000 145.824000 65
147.072000 147.232000 65
147.392000 147.584000 67
147.584000 148.704000 70
148.704000 149.088000 65
149.088000 151.200000 62
151.200000 151.296000 56
152.896000 153.408000 53
153.408000 154.336000 50
155.424000 156.064000 53
156.160000 156.480000 50
156.640000 156.736000 51
157.792000 158.112000 53
158.208000 158.464000 53
158.464000 159.168000 50
159.296000 159.520000 49
160.288000 161.600000 51
162.912000 162.976000 63
162.976000 163.552000 65
163.552000 164.480000 62
164.704000 164.992000 58
165.344000 166.208000 65
166.304000 167.136000 61
167.936000 168.000000 61
168.000000 168.192000 65
168.288000 168.672000 65
168.800000 169.280000 62
169.280000 169.600000 60
169.696000 170.048000 58
170.048000 170.432000 62
170.560000 171.040000 63
171.040000 171.552000 62
171.552000 172.448000 58
172.992000 173.728000 65
173.824000 173.984000 62
174.144000 174.432000 62
174.432000 174.656000 60
174.656000 175.008000 57
175.360000 175.552000 62
175.552000 176.032000 63
176.032000 176.320000 66
176.320000 176.704000 62
176.704000 176.832000 60
176.832000 177.152000 56
177.856000 178.016000 55
178.016000 178.656000 65
178.816000 179.072000 62
179.200000 179.520000 62
179.520000 180.160000 59
180.288000 182.080000 62
182.464000 182.592000 65
182.784000 183.552000 69
183.680000 184.000000 65
184.000000 184.448000 62
184.640000 185.536000 65
185.536000 186.560000 62
187.520000 187.648000 65
187.840000 187.936000 67
187.936000 188.480000 69
188.480000 189.184000 70
189.184000 189.600000 67
189.728000 189.792000 67
189.792000 190.528000 70
190.528000 191.232000 68
191.232000 192.096000 65
192.576000 192.736000 65
192.896000 193.248000 66
193.312000 193.600000 65
193.824000 194.656000 60
194.784000 194.912000 58
194.912000 195.616000 60
197.024000 197.120000 60
197.120000 197.760000 62
197.920000 198.752000 69
198.848000 199.168000 65
199.168000 199.616000 62
199.808000 200.768000 65
200.768000 202.176000 60
202.432000 202.656000 58
