16.832000 17.152000 74
17.248000 17.344000 75
17.856000 17.952000 70
23.808000 25.216000 70
25.408000 26.272000 58
26.272000 26.848000 55
27.008000 28.704000 58
29.248000 29.696000 58
29.696000 32.160000 60
32.992000 33.472000 60
33.472000 34.272000 62
34.656000 35.232000 65
35.232000 35.808000 67
35.808000 38.432000 70
38.976000 40.192000 71
40.448000 41.920000 67
42.304000 43.488000 65
43.712000 44.928000 60
45.536000 46.336000 58
46.528000 47.072000 58
47.680000 49.728000 69
49.728000 51.392000 65
52.224000 52.768000 55
52.768000 53.568000 58
53.664000 54.016000 58
54.176000 54.496000 58
54.656000 55.072000 58
55.360000 55.552000 58
55.552000 57.984000 60
58.848000 59.520000 60
59.520000 60.192000 63
60.576000 61.280000 66
61.280000 61.760000 67
61.760000 64.736000 70
64.992000 66.176000 70
66.400000 67.872000 67
68.192000 69.440000 66
69.664000 70.592000 60
70.688000 70.784000 60
71.360000 72.288000 58
72.480000 73.024000 58
73.568000 73.824000 69
73.824000 74.144000 70
74.144000 74.752000 67
74.752000 75.552000 66
75.552000 77.824000 63
78.784000 78.880000 63
78.880000 79.264000 67
79.360000 79.520000 67
79.520000 79.776000 63
79.936000 81.280000 62
81.984000 82.080000 62
82.080000 82.432000 65
82.528000 82.688000 65
82.688000 83.104000 61
83.104000 83.296000 64
83.424000 83.776000 60
85.376000 85.696000 58
85.696000 86.496000 63
86.592000 87.040000 65
87.040000 87.360000 67
87.360000 87.488000 69
87.488000 90.400000 70
90.816000 91.200000 70
91.392000 91.712000 70
91.904000 92.064000 72
92.064000 93.824000 67
94.240000 94.432000 66
94.432000 94.656000 67
94.656000 95.616000 65
95.616000 97.056000 60
97.056000 97.824000 56
98.080000 99.136000 59
99.552000 100.256000 69
100.448000 100.704000 67
100.704000 101.472000 66
101.472000 104.160000 63
107.040000 108.000000 62
118.912000 119.616000 70
119.616000 121.056000 63
121.056000 121.632000 58
122.112000 122.336000 58
130.784000 132.416000 58
132.896000 133.216000 58
133.216000 135.904000 60
136.608000 137.184000 60
137.184000 137.920000 62
138.272000 138.880000 65
138.880000 139.456000 67
139.456000 142.240000 70
142.720000 144.000000 70
144.224000 145.632000 67
145.952000 147.136000 65
147.328000 148.672000 60
149.120000 149.952000 58
150.112000 150.784000 58
151.328000 152.864000 69
152.864000 153.792000 68
153.792000 155.232000 65
155.680000 158.240000 58
159.008000 159.456000 59
159.456000 161.728000 61
162.496000 163.264000 60
163.264000 163.776000 62
164.224000 164.512000 65
164.608000 164.832000 65
164.832000 165.408000 67
165.408000 168.064000 70
168.576000 169.856000 70
170.112000 171.424000 67
171.808000 173.024000 66
173.216000 174.464000 60
175.008000 175.872000 58
176.032000 176.768000 58
177.216000 177.856000 69
177.856000 179.104000 66
179.104000 181.696000 62
182.464000 182.912000 66
183.008000 183.232000 67
183.232000 183.456000 63
183.584000 183.712000 66
183.712000 184.832000 62
185.600000 186.048000 65
186.144000 186.304000 65
186.304000 186.496000 63
186.656000 186.912000 65
189.376000 189.472000 60
189.472000 189.600000 61
189.600000 190.240000 63
190.240000 190.688000 65
190.688000 194.208000 70
194.432000 196.128000 71
196.128000 197.344000 67
197.440000 197.664000 67
197.856000 199.168000 65
199.456000 199.904000 60
200.992000 201.568000 58
201.696000 202.592000 58
203.136000 203.968000 69
204.128000 204.352000 67
204.352000 205.248000 65
205.248000 207.744000 63
208.064000 208.160000 63
