37.632000 39.744000 61
39.744000 40.064000 66
40.064000 41.056000 61
41.824000 42.240000 57
42.240000 43.584000 61
44.640000 46.464000 64
47.040000 47.936000 62
48.032000 48.160000 62
48.160000 49.024000 66
49.120000 51.456000 66
52.064000 52.736000 62
52.736000 54.784000 61
55.008000 55.712000 66
56.800000 57.024000 61
57.120000 59.488000 63
60.800000 61.024000 59
61.024000 61.088000 61
61.088000 61.760000 66
61.952000 62.720000 59
64.160000 64.352000 59
64.480000 65.024000 62
65.152000 65.376000 64
65.376000 66.400000 66
66.400000 67.776000 64
69.632000 70.336000 61
70.336000 70.816000 61
70.816000 73.024000 62
73.664000 74.112000 57
74.112000 74.272000 58
74.272000 75.456000 62
76.608000 78.464000 63
79.072000 79.456000 63
79.552000 80.224000 62
80.224000 80.960000 66
81.088000 83.520000 66
84.032000 84.832000 63
84.832000 86.784000 61
87.040000 87.904000 66
88.800000 89.024000 61
89.120000 89.376000 62
89.376000 91.328000 63
92.832000 92.992000 59
92.992000 93.056000 60
93.056000 93.184000 61
93.184000 93.536000 62
93.536000 95.616000 66
96.064000 99.072000 64
99.584000 100.480000 66
100.576000 101.088000 66
101.088000 101.984000 71
102.080000 102.528000 71
102.528000 103.680000 66
103.680000 103.808000 72
103.904000 104.384000 73
105.024000 106.496000 73
106.752000 107.168000 62
107.808000 108.288000 64
108.288000 109.056000 66
109.056000 110.304000 69
110.496000 111.712000 69
111.712000 111.936000 71
112.032000 112.960000 64
113.056000 114.784000 66
115.616000 116.384000 64
116.384000 117.024000 62
117.024000 118.464000 66
118.592000 119.488000 69
120.320000 122.432000 64
122.592000 123.616000 69
124.608000 125.312000 60
125.312000 125.952000 63
126.112000 127.712000 66
128.672000 129.536000 62
133.568000 134.464000 61
134.560000 135.488000 62
135.584000 136.000000 66
136.096000 137.120000 61
137.664000 138.624000 57
138.784000 139.488000 62
140.608000 142.432000 64
143.040000 144.064000 63
144.096000 144.160000 62
144.160000 144.928000 66
145.088000 146.560000 55
146.624000 147.424000 54
148.032000 148.480000 64
148.576000 150.752000 61
150.944000 151.936000 54
152.800000 152.992000 61
153.088000 154.784000 64
154.816000 154.912000 62
155.488000 155.584000 61
156.800000 157.088000 59
157.088000 157.472000 62
157.568000 157.952000 64
158.048000 158.464000 66
158.560000 158.976000 67
159.072000 159.616000 66
160.128000 161.440000 64
161.792000 163.104000 64
163.520000 164.480000 66
164.576000 165.056000 66
165.056000 165.984000 71
166.080000 166.528000 71
166.528000 167.552000 66
167.552000 168.544000 73
168.992000 170.496000 61
170.624000 171.200000 62
171.776000 172.256000 64
172.256000 172.992000 66
172.992000 174.240000 69
174.464000 174.688000 69
174.784000 175.008000 66
175.008000 176.128000 69
176.128000 176.896000 64
177.056000 178.944000 66
179.584000 181.440000 64
181.440000 182.464000 66
182.592000 183.648000 69
184.288000 186.432000 64
186.560000 188.000000 69
188.608000 189.568000 61
189.568000 189.952000 64
190.080000 192.032000 66
192.864000 194.944000 62
196.320000 196.896000 62
196.896000 197.056000 64
197.056000 197.280000 67
197.280000 198.368000 69
198.368000 198.496000 68
198.496000 198.880000 67
198.880000 200.320000 62
202.432000 202.688000 68
202.976000 203.296000 67
203.648000 203.840000 66
203.840000 204.992000 62
204.992000 207.200000 69
207.648000 208.512000 66
208.608000 209.120000 66
209.120000 210.016000 71
210.112000 210.560000 71
210.560000 211.520000 66
211.520000 212.512000 73
212.960000 214.432000 73
214.592000 215.232000 62
215.808000 216.256000 64
216.256000 216.992000 66
216.992000 217.728000 69
217.824000 218.048000 66
218.048000 218.304000 69
218.528000 218.688000 69
218.784000 219.008000 66
219.008000 219.936000 69
220.064000 220.928000 64
221.120000 221.440000 67
221.568000 221.760000 66
221.888000 222.880000 66
223.584000 225.408000 64
225.408000 226.464000 66
226.688000 227.616000 69
228.384000 228.992000 64
229.088000 230.464000 64
230.592000 232.256000 69
232.512000 232.640000 62
232.736000 233.152000 59
233.152000 233.408000 62
233.408000 235.936000 66
236.576000 237.952000 62
