8.256000 8.576000 56
8.672000 9.376000 55
9.568000 9.696000 53
10.848000 11.424000 54
13.440000 13.472000 54
14.080000 14.464000 54
14.752000 15.040000 53
16.480000 16.800000 64
19.808000 20.224000 72
21.024000 21.152000 71
21.344000 23.616000 71
24.224000 24.768000 71
24.896000 25.984000 59
26.080000 26.944000 71
27.584000 27.744000 71
27.968000 28.256000 71
28.352000 30.432000 71
30.880000 31.072000 71
31.072000 31.200000 74
31.296000 32.128000 71
32.128000 32.576000 69
33.376000 33.600000 62
33.792000 34.016000 62
34.208000 34.400000 63
34.624000 35.776000 62
36.064000 36.192000 58
36.192000 36.384000 56
36.672000 36.832000 62
36.832000 37.024000 64
37.152000 38.016000 62
38.144000 38.368000 63
38.528000 38.624000 64
38.752000 38.912000 62
39.040000 39.232000 60
39.328000 39.584000 57
39.968000 40.160000 62
40.416000 40.544000 64
40.768000 41.184000 64
41.184000 41.536000 67
41.536000 41.952000 63
42.048000 42.656000 62
42.656000 42.944000 57
43.200000 43.328000 59
43.328000 43.584000 62
43.616000 44.352000 61
44.544000 44.800000 62
44.896000 45.824000 62
45.952000 46.144000 57
46.368000 48.448000 62
48.640000 48.736000 60
48.736000 49.536000 61
49.664000 49.856000 62
49.952000 50.112000 60
50.208000 51.232000 60
51.360000 51.808000 62
51.936000 52.032000 60
52.160000 52.416000 62
53.024000 53.088000 59
53.088000 53.440000 63
53.600000 54.304000 60
54.400000 54.720000 57
54.720000 55.072000 63
55.200000 55.392000 62
55.488000 56.128000 60
56.608000 56.704000 57
56.864000 56.960000 59
57.216000 57.568000 58
57.760000 57.856000 58
58.272000 58.368000 57
58.528000 58.656000 59
58.784000 58.944000 59
59.296000 59.648000 67
59.648000 59.872000 64
59.872000 60.064000 68
60.160000 60.480000 67
60.480000 61.152000 62
61.568000 61.856000 57
62.240000 62.496000 57
62.624000 62.720000 57
63.008000 63.584000 59
63.744000 64.032000 60
64.288000 64.704000 62
64.864000 65.056000 62
65.312000 65.440000 58
65.440000 66.080000 60
66.080000 66.560000 62
66.688000 67.008000 62
67.008000 68.064000 60
68.160000 68.576000 60
68.672000 69.824000 60
70.016000 70.208000 62
70.304000 70.624000 60
70.848000 70.944000 68
70.944000 71.520000 72
71.680000 72.384000 71
72.448000 72.896000 71
73.344000 73.504000 71
73.664000 73.856000 72
73.888000 74.912000 71
75.104000 76.288000 71
76.608000 76.800000 63
76.960000 77.184000 71
77.280000 77.472000 71
77.600000 78.240000 71
78.432000 78.464000 71
78.528000 79.616000 71
79.680000 79.744000 65
79.776000 79.968000 63
80.640000 82.976000 71
83.008000 83.104000 67
83.552000 83.744000 72
83.744000 83.840000 74
83.840000 85.184000 71
85.408000 85.632000 57
85.632000 85.824000 59
86.048000 86.272000 62
86.464000 87.168000 62
87.296000 87.456000 62
87.456000 88.704000 60
88.704000 88.832000 63
88.928000 89.792000 60
91.840000 92.256000 57
92.256000 92.416000 60
92.640000 92.832000 62
93.056000 93.728000 62
93.856000 94.048000 62
94.048000 95.392000 60
95.520000 96.480000 60
96.768000 96.896000 64
97.152000 97.696000 70
99.136000 99.264000 60
99.264000 99.520000 62
99.648000 100.256000 62
100.416000 101.120000 62
101.248000 101.824000 60
101.920000 102.112000 57
102.496000 102.944000 63
103.200000 103.360000 64
103.552000 103.776000 62
104.192000 104.288000 62
104.288000 105.056000 60
105.056000 105.504000 57
105.792000 106.016000 64
106.208000 106.976000 64
106.976000 107.360000 67
107.360000 108.320000 63
108.416000 108.512000 60
108.512000 108.640000 58
108.864000 109.024000 59
109.024000 109.632000 60
109.632000 111.392000 62
111.392000 112.096000 60
112.384000 112.704000 60
112.800000 112.992000 61
113.120000 113.760000 60
113.856000 115.136000 62
115.296000 115.744000 62
115.840000 116.160000 60
116.160000 116.512000 61
116.640000 117.056000 60
117.184000 117.376000 62
117.472000 117.920000 60
118.016000 118.240000 62
118.848000 118.912000 61
118.912000 119.584000 62
119.584000 120.352000 60
120.448000 120.672000 62
120.736000 120.864000 63
121.024000 121.248000 62
121.248000 121.408000 60
121.632000 121.760000 60
121.856000 121.984000 57
121.984000 123.328000 58
123.520000 124.160000 59
124.384000 124.928000 60
125.120000 126.304000 67
126.304000 126.656000 64
126.752000 126.976000 61
127.360000 127.712000 57
128.032000 128.320000 57
128.448000 128.608000 58
128.800000 129.024000 59
129.184000 129.376000 59
129.536000 129.856000 60
130.080000 130.528000 62
130.688000 130.912000 62
131.104000 131.776000 59
131.776000 132.320000 62
132.480000 132.800000 62
132.896000 134.400000 60
134.496000 135.104000 60
135.104000 135.584000 62
135.840000 136.032000 62
136.128000 136.256000 60
136.352000 136.448000 60
136.672000 137.344000 72
137.504000 138.176000 71
138.272000 138.688000 71
139.488000 139.680000 72
139.808000 140.000000 72
140.064000 140.768000 71
140.928000 142.048000 71
142.752000 142.976000 71
143.072000 143.296000 71
143.520000 144.064000 71
144.192000 145.440000 71
146.112000 146.176000 70
146.176000 146.208000 72
146.464000 148.896000 71
149.312000 150.624000 71
150.624000 150.976000 69
151.392000 151.840000 72
152.640000 152.736000 70
152.960000 153.152000 72
153.248000 155.232000 71
155.936000 156.416000 72
156.576000 157.248000 71
157.344000 158.560000 71
158.848000 159.104000 63
159.232000 159.328000 65
159.616000 161.152000 71
161.248000 161.920000 71
161.920000 162.112000 67
162.496000 162.560000 69
162.560000 162.720000 72
162.720000 162.848000 74
162.848000 164.192000 71
164.608000 165.216000 57
165.216000 165.920000 64
166.144000 166.496000 62
166.848000 167.296000 59
167.680000 168.704000 59
168.864000 169.216000 57
169.312000 169.440000 57
169.536000 169.952000 60
169.952000 170.656000 57
170.816000 171.040000 55
171.232000 171.584000 57
171.744000 172.672000 64
172.768000 173.280000 62
174.240000 176.032000 59
176.128000 176.672000 59
176.800000 177.536000 55
177.792000 178.016000 57
178.368000 179.232000 64
179.360000 179.744000 67
180.032000 180.576000 62
180.672000 181.888000 59
182.048000 182.400000 57
182.496000 182.592000 57
182.720000 183.136000 60
183.136000 183.520000 57
184.416000 184.928000 57
184.928000 185.216000 63
185.408000 185.824000 64
185.984000 186.400000 62
187.424000 188.480000 59
188.608000 188.928000 57
189.312000 189.760000 60
189.952000 190.272000 57
190.912000 191.360000 71
192.128000 192.224000 71
192.320000 192.576000 62
192.736000 193.376000 71
193.600000 194.720000 71
195.424000 195.616000 71
195.680000 195.808000 74
195.808000 195.936000 70
196.064000 196.736000 71
196.832000 198.048000 71
198.368000 198.400000 63
198.464000 198.496000 65
198.752000 198.816000 71
198.816000 198.912000 74
199.104000 199.424000 71
199.488000 201.600000 71
201.984000 203.264000 71
203.264000 203.776000 69
204.064000 204.576000 72
205.312000 205.440000 71
205.536000 206.560000 71
206.752000 207.904000 71
208.608000 208.800000 71
208.928000 209.088000 71
209.248000 209.888000 71
210.016000 211.232000 71
211.552000 211.648000 63
212.288000 212.544000 71
212.640000 214.624000 71
214.656000 214.720000 67
215.136000 215.200000 70
215.200000 215.488000 72
215.584000 216.416000 71
216.416000 216.832000 69
217.056000 217.312000 57
217.312000 217.472000 60
217.696000 217.888000 62
218.112000 218.784000 62
218.912000 220.160000 60
220.320000 220.448000 62
220.576000 221.568000 60
223.552000 223.872000 57
223.872000 224.064000 60
224.256000 224.480000 62
224.672000 225.376000 62
225.504000 225.664000 62
225.664000 227.040000 60
227.136000 228.096000 60
229.248000 229.344000 60
