9.600000 9.824000 60
9.888000 10.336000 65
10.688000 10.784000 65
11.904000 12.192000 60
13.632000 14.400000 65
14.400000 15.840000 68
16.192000 16.672000 69
16.672000 17.056000 72
17.056000 17.344000 68
17.472000 18.208000 64
18.624000 19.040000 68
19.040000 19.296000 70
19.296000 19.968000 72
19.968000 20.768000 67
20.864000 22.944000 67
23.648000 24.064000 70
24.064000 25.248000 73
25.248000 25.504000 68
25.568000 25.792000 65
26.112000 26.176000 63
26.176000 26.272000 65
26.528000 27.584000 69
27.584000 28.128000 67
28.576000 28.768000 60
28.896000 29.120000 61
29.120000 29.248000 62
29.248000 29.600000 64
29.600000 29.760000 70
29.888000 30.496000 68
30.496000 30.944000 62
31.040000 32.448000 60
33.440000 33.952000 73
33.952000 37.088000 75
37.088000 38.112000 68
38.304000 38.976000 70
38.976000 39.648000 72
39.648000 40.096000 64
40.160000 42.496000 67
43.232000 43.296000 64
43.296000 45.120000 69
45.120000 45.344000 62
45.344000 45.664000 60
46.016000 46.144000 61
46.336000 46.624000 62
46.624000 47.232000 64
47.232000 47.552000 67
48.096000 48.448000 69
48.448000 49.056000 68
49.056000 49.376000 72
49.376000 50.048000 68
50.144000 50.464000 56
50.656000 52.480000 60
59.584000 60.352000 67
65.856000 66.464000 64
66.464000 68.160000 67
68.320000 68.832000 70
68.832000 69.248000 73
69.248000 69.600000 68
69.600000 70.272000 64
70.784000 71.104000 68
71.104000 71.424000 70
71.424000 72.032000 73
72.032000 74.944000 68
75.680000 76.064000 69
76.064000 77.216000 73
77.216000 77.728000 66
78.080000 78.144000 60
78.144000 80.096000 68
80.544000 80.992000 60
80.992000 81.216000 62
81.216000 81.568000 64
81.568000 82.528000 67
82.528000 84.512000 61
85.344000 85.696000 72
85.696000 85.856000 73
85.856000 88.928000 75
89.088000 89.952000 67
90.272000 90.976000 70
90.976000 91.840000 72
91.840000 92.064000 64
92.160000 94.336000 67
95.168000 95.232000 64
95.232000 95.328000 68
95.328000 95.584000 69
95.584000 96.288000 70
96.288000 97.248000 67
97.312000 97.600000 61
97.888000 98.048000 63
98.048000 98.528000 62
98.528000 99.104000 64
99.104000 99.584000 67
100.032000 100.416000 69
100.416000 101.056000 68
101.056000 102.144000 68
102.240000 102.528000 57
102.720000 104.512000 60
114.752000 115.680000 77
115.904000 116.736000 77
117.600000 117.728000 78
117.920000 118.016000 78
119.744000 119.904000 73
133.120000 133.632000 64
133.632000 135.328000 67
135.488000 136.000000 70
136.000000 136.448000 73
136.448000 136.512000 70
136.512000 137.504000 65
137.984000 138.176000 67
138.176000 138.304000 68
138.304000 138.592000 70
138.592000 139.232000 73
139.232000 140.000000 67
140.128000 142.144000 68
142.816000 143.200000 70
143.200000 144.352000 73
144.352000 144.864000 65
145.184000 145.248000 61
145.248000 147.200000 69
147.648000 148.000000 60
148.000000 148.096000 61
148.096000 148.320000 63
148.320000 148.640000 64
148.640000 149.696000 68
149.696000 151.392000 61
151.424000 151.456000 60
152.512000 153.024000 73
153.024000 156.256000 75
156.256000 157.088000 68
157.312000 158.016000 70
158.016000 158.816000 72
158.816000 159.040000 64
159.168000 161.440000 68
162.144000 162.208000 61
162.208000 162.240000 65
162.240000 163.968000 69
163.968000 164.224000 63
164.352000 164.576000 61
164.928000 165.280000 62
165.280000 165.568000 63
165.568000 165.984000 64
165.984000 166.528000 67
166.976000 167.392000 69
167.392000 167.968000 68
167.968000 174.528000 73
