27.488000 27.904000 59
28.064000 28.576000 59
30.272000 31.296000 59
31.296000 33.088000 64
34.272000 34.336000 57
34.336000 34.496000 60
34.592000 34.816000 61
34.816000 35.008000 58
35.424000 35.968000 57
37.568000 39.232000 59
39.232000 40.128000 61
40.288000 40.704000 61
42.272000 42.848000 61
43.136000 43.520000 58
43.648000 44.320000 57
45.536000 47.424000 59
47.552000 48.800000 64
49.728000 50.112000 64
50.208000 50.624000 69
50.720000 51.104000 69
51.264000 51.936000 64
52.032000 52.448000 64
52.544000 52.928000 57
53.760000 54.208000 57
54.208000 55.840000 59
55.968000 56.256000 59
56.480000 57.024000 59
57.696000 58.432000 68
58.560000 58.880000 64
59.040000 59.136000 61
59.232000 60.416000 64
60.544000 60.832000 64
65.280000 67.456000 73
67.456000 68.096000 71
68.192000 69.216000 71
70.784000 70.912000 64
71.072000 71.648000 64
71.744000 71.968000 69
71.968000 72.224000 66
72.320000 72.384000 68
72.384000 73.312000 71
73.312000 73.632000 76
73.632000 74.048000 72
74.048000 74.368000 69
74.752000 75.552000 73
75.648000 77.344000 71
77.472000 78.688000 71
79.232000 80.736000 70
81.216000 81.472000 71
81.600000 82.080000 73
82.080000 82.240000 76
82.240000 82.272000 74
82.272000 82.752000 71
82.752000 85.248000 73
86.752000 86.944000 63
87.040000 87.648000 64
87.744000 87.968000 69
87.968000 88.192000 66
88.320000 88.960000 71
89.056000 89.248000 73
89.344000 89.504000 74
89.504000 89.664000 76
89.664000 90.208000 71
90.208000 90.432000 69
90.752000 90.944000 73
91.040000 91.552000 74
91.648000 94.688000 71
95.200000 96.704000 70
97.216000 97.504000 71
97.600000 98.464000 73
98.464000 99.520000 71
100.224000 101.024000 71
101.024000 104.224000 73
104.224000 106.560000 69
108.256000 109.056000 71
109.056000 112.256000 73
112.256000 114.144000 66
114.240000 114.336000 67
116.064000 116.224000 69
116.928000 117.184000 68
117.312000 117.472000 68
117.696000 117.792000 67
118.080000 118.368000 68
122.656000 122.784000 57
122.880000 123.040000 57
123.552000 125.056000 59
125.056000 125.440000 61
125.568000 127.008000 64
127.744000 128.224000 64
128.224000 128.640000 68
128.736000 129.120000 69
129.248000 129.920000 64
130.016000 130.400000 64
130.496000 131.232000 57
131.744000 132.160000 57
132.256000 133.856000 59
133.984000 134.240000 59
134.496000 135.040000 59
135.680000 136.224000 68
136.224000 136.448000 66
136.544000 136.928000 64
137.024000 137.216000 61
137.280000 138.336000 64
138.432000 140.192000 64
141.248000 141.408000 72
141.408000 143.584000 73
143.584000 144.128000 71
144.224000 145.248000 71
145.408000 146.048000 64
146.784000 146.880000 64
147.008000 147.456000 64
147.456000 148.128000 66
148.256000 148.384000 69
148.384000 148.992000 71
148.992000 149.568000 74
149.664000 149.984000 72
149.984000 150.336000 69
150.688000 151.488000 73
151.584000 154.752000 71
155.200000 156.704000 70
157.216000 157.600000 71
157.600000 158.080000 73
158.080000 158.208000 76
158.208000 158.752000 71
158.752000 159.968000 73
159.968000 161.344000 71
161.344000 162.016000 64
162.784000 162.880000 63
163.008000 163.616000 64
163.712000 163.936000 69
163.936000 164.128000 66
164.256000 164.928000 71
165.024000 165.280000 73
165.280000 165.632000 75
165.632000 166.272000 72
166.720000 167.488000 73
167.616000 170.816000 71
171.232000 172.768000 70
173.216000 173.600000 71
173.600000 174.688000 73
174.688000 175.872000 71
176.192000 177.024000 71
177.024000 180.416000 73
180.512000 182.912000 69
184.224000 185.056000 71
185.056000 188.256000 73
188.256000 190.240000 67
192.192000 193.024000 71
193.024000 196.256000 73
196.256000 198.688000 69
200.224000 201.024000 71
201.024000 204.512000 73
204.512000 205.248000 68
205.248000 206.368000 66
208.704000 208.896000 70
209.024000 209.472000 69
209.568000 210.304000 69
210.304000 211.936000 71
212.096000 212.224000 69
212.416000 212.800000 69
216.512000 217.568000 70
217.696000 220.032000 69
220.032000 220.864000 66
221.024000 221.056000 74
221.056000 221.088000 77
221.088000 221.120000 77
221.152000 221.216000 78
221.248000 221.344000 78
222.112000 222.144000 68
222.208000 222.368000 69
222.560000 222.848000 68
224.704000 224.768000 68
224.768000 224.928000 71
225.024000 226.240000 69
226.240000 227.776000 71
227.776000 228.448000 69
228.448000 231.744000 66
232.512000 232.608000 63
232.736000 233.504000 64
233.600000 233.952000 61
234.048000 235.392000 59
235.680000 236.608000 57
