20.544000 21.696000 57
21.824000 22.304000 57
22.496000 22.656000 58
22.848000 23.328000 57
24.288000 24.832000 58
24.960000 25.440000 62
25.632000 26.880000 62
27.040000 27.808000 62
29.024000 29.216000 61
29.216000 29.952000 63
30.112000 30.656000 61
30.784000 31.872000 59
32.512000 32.768000 61
32.864000 33.216000 59
33.216000 33.792000 63
33.920000 34.048000 64
34.240000 34.784000 64
34.976000 36.032000 58
36.128000 36.256000 57
37.280000 37.664000 59
37.984000 38.720000 59
38.720000 39.264000 62
39.424000 39.904000 59
40.736000 41.024000 57
41.120000 41.312000 59
41.472000 41.760000 69
41.760000 43.392000 66
43.520000 43.840000 69
43.840000 44.320000 66
44.800000 45.152000 59
45.248000 45.504000 66
45.632000 45.856000 65
45.952000 46.176000 62
46.304000 46.624000 59
46.624000 46.880000 62
47.328000 47.520000 58
47.648000 48.320000 69
48.416000 48.608000 69
48.608000 49.344000 66
49.344000 49.664000 62
50.048000 51.776000 64
53.888000 54.208000 59
54.208000 55.328000 62
55.328000 55.904000 58
56.224000 56.832000 65
57.440000 57.568000 62
57.728000 58.592000 64
58.752000 58.880000 66
59.072000 60.032000 64
60.192000 61.088000 62
62.176000 62.496000 64
62.496000 62.656000 63
62.656000 63.424000 61
63.904000 64.448000 59
64.608000 64.864000 62
64.864000 65.472000 60
65.600000 65.856000 57
65.952000 66.176000 59
66.304000 67.456000 69
67.616000 67.840000 66
68.064000 69.376000 64
70.240000 71.584000 62
71.968000 72.448000 62
72.608000 72.960000 64
73.248000 73.344000 57
73.440000 73.536000 57
73.632000 73.728000 59
74.432000 75.808000 69
76.064000 76.512000 64
76.672000 77.824000 66
78.528000 79.360000 62
79.360000 79.616000 59
80.064000 80.864000 69
80.864000 82.432000 64
82.528000 82.784000 62
82.912000 85.184000 62
86.432000 86.560000 61
86.560000 86.816000 64
87.040000 87.360000 69
87.360000 87.392000 68
87.392000 88.416000 66
88.416000 89.984000 65
90.464000 90.528000 62
90.528000 90.720000 66
90.720000 91.008000 69
91.136000 91.488000 71
91.488000 93.120000 66
93.120000 94.016000 62
94.688000 94.880000 60
94.880000 95.136000 62
95.232000 96.128000 64
96.320000 96.544000 64
96.704000 96.928000 59
96.928000 97.216000 62
97.312000 97.952000 65
98.048000 98.336000 62
98.336000 98.752000 63
99.040000 100.064000 62
100.448000 100.960000 70
101.120000 101.792000 69
101.792000 102.336000 64
102.976000 103.168000 62
103.168000 103.392000 64
103.584000 103.936000 69
103.936000 105.152000 66
105.248000 105.568000 64
105.568000 106.048000 69
106.048000 106.592000 66
107.040000 107.232000 66
107.296000 108.224000 69
108.384000 108.608000 71
108.608000 109.056000 69
109.056000 110.592000 66
111.136000 111.328000 59
111.328000 111.392000 60
111.392000 112.064000 64
112.160000 112.352000 62
112.352000 112.736000 59
112.896000 112.992000 59
113.024000 113.088000 59
113.152000 113.536000 59
113.696000 113.792000 70
113.888000 114.880000 69
115.232000 115.616000 66
115.616000 115.904000 64
115.904000 116.832000 59
116.832000 118.048000 62
136.672000 136.960000 59
136.960000 138.112000 62
138.112000 138.656000 58
138.976000 139.520000 66
140.192000 140.352000 62
140.480000 141.344000 64
141.504000 141.696000 66
141.824000 142.784000 64
143.008000 143.840000 62
144.928000 145.216000 64
145.216000 145.376000 63
145.376000 146.208000 61
146.656000 147.168000 59
147.360000 147.616000 62
147.616000 147.904000 59
148.000000 148.224000 61
148.352000 148.608000 57
148.704000 148.928000 59
149.056000 150.272000 69
150.368000 150.592000 66
150.816000 152.096000 64
153.024000 154.336000 62
154.720000 155.168000 62
155.392000 155.744000 64
156.000000 156.096000 57
156.192000 156.288000 57
157.184000 158.560000 69
158.848000 159.264000 64
159.456000 160.608000 66
161.280000 162.176000 62
162.176000 162.368000 59
162.496000 162.688000 59
162.816000 162.880000 68
162.880000 163.104000 71
163.200000 163.616000 69
163.616000 165.536000 64
165.632000 167.936000 62
169.024000 169.312000 61
169.312000 169.632000 64
169.760000 170.112000 69
170.112000 171.392000 66
171.392000 172.736000 66
173.248000 173.312000 63
173.312000 173.536000 66
173.536000 173.760000 69
173.888000 174.240000 71
174.240000 175.488000 66
175.584000 175.808000 65
175.808000 176.832000 62
177.440000 177.664000 60
177.664000 178.656000 64
178.752000 178.912000 64
179.072000 179.296000 64
179.456000 179.744000 59
179.744000 180.704000 65
180.832000 181.120000 62
181.120000 181.376000 64
181.376000 181.632000 59
181.792000 182.816000 62
183.232000 183.776000 70
183.872000 184.576000 69
184.576000 185.056000 64
185.696000 185.920000 62
185.920000 186.176000 65
186.336000 186.688000 69
186.688000 187.904000 66
188.000000 188.320000 64
188.320000 188.800000 69
188.800000 189.280000 66
189.824000 189.920000 66
190.080000 190.976000 69
191.136000 191.392000 71
191.392000 191.776000 69
191.776000 193.344000 66
193.920000 194.112000 59
194.112000 194.176000 60
194.176000 194.848000 65
194.944000 195.200000 62
195.200000 195.552000 59
195.712000 195.744000 59
195.776000 196.384000 59
196.480000 196.576000 69
196.672000 197.664000 69
197.984000 198.368000 66
198.368000 198.656000 64
198.656000 200.128000 60
200.128000 201.408000 62
202.080000 202.656000 63
202.880000 203.168000 69
203.168000 203.808000 66
204.320000 204.544000 65
204.544000 204.864000 64
204.864000 205.280000 69
205.280000 205.824000 65
206.336000 206.400000 63
206.400000 206.528000 66
206.624000 206.848000 69
206.976000 207.328000 71
207.328000 208.992000 66
208.992000 210.048000 62
210.560000 210.752000 60
210.752000 212.000000 64
212.192000 212.416000 64
212.544000 212.768000 59
212.768000 213.024000 62
213.184000 214.496000 64
214.912000 215.936000 62
216.320000 216.864000 70
216.960000 217.760000 69
217.760000 218.208000 64
218.848000 219.008000 62
219.008000 219.264000 64
219.456000 219.808000 69
219.808000 221.024000 66
221.120000 221.408000 64
221.408000 221.952000 69
221.952000 222.464000 66
222.592000 222.720000 66
222.912000 223.104000 66
223.232000 224.064000 69
224.256000 224.480000 71
224.480000 224.928000 69
224.928000 226.432000 66
227.008000 227.168000 59
227.168000 227.232000 60
227.232000 227.904000 64
228.000000 228.192000 62
228.192000 228.608000 59
228.704000 228.864000 59
228.896000 228.960000 59
229.024000 229.376000 59
229.568000 229.664000 70
229.760000 230.752000 69
231.104000 231.520000 66
231.520000 231.776000 64
231.776000 232.736000 59
232.736000 233.920000 62
