0.448000 0.832000 60
0.832000 1.120000 58
1.248000 1.472000 57
1.472000 1.632000 55
1.792000 1.888000 55
2.048000 2.272000 55
3.072000 3.488000 57
3.904000 4.224000 55
4.864000 4.960000 58
5.120000 5.504000 54
6.240000 6.560000 55
6.816000 7.008000 53
8.256000 8.576000 56
10.176000 10.400000 55
10.432000 10.592000 55
12.032000 12.192000 57
12.576000 12.736000 55
15.776000 15.936000 66
16.192000 16.320000 63
27.776000 27.904000 57
28.160000 28.512000 57
28.512000 28.608000 58
28.608000 29.344000 60
29.344000 29.920000 65
30.016000 30.304000 64
30.432000 30.688000 63
30.816000 31.040000 62
31.392000 31.680000 60
31.680000 32.000000 62
34.240000 35.232000 64
35.360000 35.520000 67
35.776000 36.000000 69
36.160000 36.384000 64
36.512000 36.768000 64
36.960000 37.184000 60
37.440000 37.536000 58
37.696000 38.688000 60
40.352000 40.736000 57
40.736000 41.664000 60
41.856000 43.136000 64
43.360000 43.744000 57
43.744000 44.032000 60
44.928000 45.248000 62
45.344000 45.504000 63
46.016000 46.368000 63
46.368000 46.784000 64
46.784000 47.104000 68
47.552000 49.536000 65
52.096000 52.288000 56
52.448000 52.864000 57
52.864000 53.440000 60
53.600000 53.664000 62
53.664000 53.856000 65
53.984000 54.208000 65
54.368000 54.688000 64
54.688000 55.488000 62
55.616000 55.808000 57
55.968000 56.320000 62
58.176000 58.400000 63
58.528000 59.168000 63
59.296000 59.712000 64
59.712000 60.256000 69
60.480000 60.704000 64
60.800000 61.120000 63
61.504000 61.792000 57
61.952000 63.072000 60
64.640000 65.024000 57
65.024000 65.920000 60
66.176000 66.368000 65
66.560000 67.584000 64
67.584000 68.224000 58
68.832000 69.056000 62
69.152000 69.856000 64
70.336000 70.560000 63
70.720000 71.072000 64
71.072000 71.520000 68
71.872000 72.448000 65
72.576000 73.536000 65
74.496000 74.656000 67
74.656000 74.816000 69
74.912000 75.520000 65
75.648000 75.936000 64
76.096000 77.024000 62
77.152000 77.696000 62
77.920000 78.528000 67
78.688000 79.232000 67
80.544000 80.608000 64
80.608000 80.960000 66
81.216000 81.632000 64
81.728000 81.952000 62
82.176000 82.400000 60
82.496000 83.232000 60
83.584000 83.840000 60
83.840000 83.904000 61
83.904000 84.576000 66
84.768000 85.344000 65
86.304000 86.880000 65
87.072000 87.712000 60
87.872000 88.224000 54
88.224000 88.768000 56
88.864000 89.280000 55
89.376000 90.016000 62
90.848000 91.168000 61
91.616000 92.640000 62
92.640000 93.824000 63
93.920000 94.304000 62
94.304000 94.880000 65
95.008000 95.296000 65
95.392000 95.648000 65
95.744000 97.536000 67
98.432000 98.720000 60
98.720000 98.784000 61
98.784000 99.296000 67
99.488000 100.256000 66
100.352000 100.608000 68
100.768000 101.024000 60
101.024000 101.408000 67
101.504000 101.760000 68
102.272000 102.432000 60
102.624000 103.264000 67
103.808000 104.704000 67
104.704000 105.056000 70
105.184000 105.312000 68
105.312000 105.504000 69
105.504000 105.888000 67
106.016000 106.272000 64
106.400000 106.688000 64
106.784000 107.040000 57
107.200000 107.776000 62
108.288000 108.384000 57
108.544000 108.608000 58
108.608000 108.960000 62
109.088000 109.280000 62
109.760000 110.496000 64
110.496000 110.688000 69
110.784000 111.104000 71
111.328000 111.616000 68
111.744000 111.968000 65
112.064000 112.352000 64
112.448000 112.704000 62
112.832000 113.824000 70
114.336000 114.656000 71
114.752000 115.424000 69
115.552000 115.872000 60
115.872000 116.896000 69
117.440000 117.984000 69
117.984000 118.464000 65
118.560000 118.784000 59
118.944000 119.904000 67
120.448000 120.736000 67
120.832000 121.184000 65
121.184000 121.600000 69
121.984000 122.752000 65
122.752000 123.072000 68
123.488000 124.064000 66
124.224000 124.640000 65
124.640000 124.928000 68
124.928000 125.248000 60
125.408000 126.080000 67
126.912000 127.040000 67
127.232000 127.552000 68
128.096000 128.928000 67
129.056000 129.472000 70
129.600000 130.016000 72
130.016000 130.944000 65
130.944000 131.008000 60
131.008000 131.456000 57
131.456000 132.096000 62
132.960000 133.568000 62
134.208000 134.752000 64
134.752000 134.848000 66
134.848000 135.488000 71
135.616000 135.968000 68
135.968000 136.992000 64
137.152000 138.304000 70
138.688000 138.976000 71
139.072000 139.360000 69
139.488000 139.712000 69
139.712000 140.000000 60
140.192000 141.248000 69
141.696000 142.016000 70
142.112000 142.272000 69
142.272000 142.752000 65
142.752000 143.072000 60
143.264000 145.088000 67
146.304000 146.496000 68
146.688000 147.296000 65
147.424000 147.808000 69
148.128000 151.104000 65
161.504000 161.760000 57
161.952000 162.112000 57
162.240000 163.008000 60
163.008000 164.512000 64
164.512000 165.120000 60
165.248000 165.760000 61
167.584000 168.384000 62
168.512000 168.928000 64
169.024000 169.280000 68
169.408000 169.696000 69
169.792000 170.432000 64
170.976000 171.392000 57
171.392000 172.416000 60
173.696000 174.272000 57
174.560000 175.008000 60
175.104000 175.168000 61
175.168000 175.392000 65
175.520000 176.160000 65
176.256000 176.992000 64
176.992000 177.280000 57
177.408000 177.600000 60
178.144000 178.592000 62
178.592000 179.264000 64
179.680000 179.968000 63
180.064000 180.448000 64
180.448000 181.600000 67
181.600000 181.856000 65
181.952000 182.976000 65
183.840000 184.128000 68
184.224000 184.320000 67
184.416000 184.864000 65
185.024000 186.336000 62
186.496000 186.784000 62
186.880000 187.072000 62
187.264000 187.392000 67
187.392000 187.872000 68
188.000000 188.960000 67
189.920000 190.336000 68
190.528000 191.008000 64
191.008000 191.328000 62
191.520000 193.312000 60
193.312000 193.952000 66
194.112000 194.752000 65
195.680000 196.256000 65
196.384000 196.896000 60
196.992000 197.536000 53
197.600000 198.016000 57
198.016000 198.656000 55
198.656000 199.552000 62
200.256000 200.512000 60
201.024000 202.016000 62
202.016000 202.368000 65
202.496000 202.912000 62
202.912000 203.744000 63
203.744000 204.256000 65
204.416000 204.992000 65
205.120000 205.568000 68
205.568000 207.392000 67
207.584000 208.096000 60
208.096000 208.608000 68
208.800000 209.248000 65
209.248000 209.952000 68
210.112000 210.368000 60
210.368000 210.720000 67
210.816000 211.264000 69
211.584000 211.712000 61
211.936000 212.640000 67
213.056000 213.184000 62
213.184000 213.792000 67
213.792000 214.912000 69
215.008000 215.136000 67
215.136000 215.296000 64
215.392000 215.648000 64
215.744000 216.096000 64
216.096000 216.384000 57
216.544000 217.184000 63
217.792000 217.856000 57
217.984000 218.304000 62
218.432000 218.752000 64
219.264000 219.840000 64
219.840000 219.904000 66
219.904000 220.576000 70
220.704000 220.960000 68
221.088000 221.376000 68
221.536000 221.568000 64
221.632000 222.048000 63
222.208000 223.232000 70
223.424000 223.520000 70
223.680000 224.384000 71
224.384000 224.768000 69
224.864000 225.248000 60
225.248000 226.304000 69
226.784000 227.264000 69
227.264000 227.840000 65
228.000000 228.160000 59
228.320000 229.408000 67
229.792000 230.112000 66
230.208000 230.592000 65
230.592000 230.944000 69
231.072000 231.168000 67
231.328000 232.224000 66
232.224000 232.448000 69
232.864000 233.280000 66
233.280000 233.472000 64
233.600000 234.016000 65
234.016000 234.080000 67
234.080000 234.272000 69
234.272000 234.336000 64
234.336000 234.656000 60
234.656000 234.752000 65
234.752000 235.648000 67
235.968000 236.096000 59
236.256000 236.576000 67
236.576000 237.056000 69
237.408000 238.624000 68
238.624000 238.784000 70
238.912000 239.328000 71
239.328000 240.352000 65
240.448000 240.768000 57
240.768000 240.832000 59
240.832000 241.568000 64
242.016000 242.144000 56
242.336000 243.072000 64
243.552000 244.224000 64
244.224000 245.376000 69
245.376000 245.920000 64
245.920000 246.272000 62
246.496000 247.616000 70
248.000000 248.768000 70
248.864000 249.120000 69
249.216000 249.408000 60
249.568000 250.592000 69
250.720000 251.008000 71
251.008000 251.392000 69
251.488000 251.616000 69
251.616000 252.128000 65
252.576000 254.144000 67
254.432000 254.688000 67
254.688000 254.816000 69
254.816000 257.056000 65
257.056000 258.272000 72
258.688000 258.944000 68
259.072000 259.744000 65
259.872000 260.256000 69
260.544000 262.720000 65
275.104000 275.200000 59
275.296000 275.648000 55
276.576000 276.640000 58
276.672000 277.024000 57
277.024000 277.216000 54
277.344000 277.472000 55
277.568000 277.824000 54
