27.072000 27.328000 48
27.520000 28.128000 50
29.344000 30.272000 48
30.432000 30.976000 49
31.200000 32.192000 53
33.440000 34.016000 57
34.144000 34.432000 55
34.528000 35.072000 56
35.264000 35.520000 53
35.648000 35.840000 52
36.000000 36.864000 53
39.008000 40.448000 55
41.056000 41.184000 56
41.312000 41.856000 57
41.984000 44.480000 57
45.120000 45.280000 53
45.408000 45.952000 52
46.176000 47.040000 51
47.296000 47.712000 49
48.032000 48.704000 48
51.008000 52.192000 50
53.664000 53.920000 48
54.016000 54.272000 48
54.368000 54.912000 48
54.912000 55.456000 51
55.584000 56.608000 53
57.344000 58.016000 57
58.144000 58.816000 55
58.912000 59.168000 55
59.296000 59.776000 53
60.000000 60.800000 53
63.040000 64.480000 55
64.928000 65.184000 54
65.312000 65.888000 57
66.048000 68.448000 57
69.184000 69.312000 53
69.408000 70.048000 52
70.176000 70.400000 51
70.592000 71.168000 51
71.328000 73.024000 60
73.536000 74.208000 53
74.304000 74.912000 65
75.104000 76.128000 60
76.256000 76.576000 62
76.960000 77.600000 60
77.728000 78.400000 62
78.496000 78.848000 60
78.848000 79.680000 65
80.448000 81.088000 65
81.184000 82.144000 57
82.304000 82.688000 58
83.040000 83.680000 57
83.808000 84.992000 58
84.992000 85.536000 67
85.632000 86.144000 65
86.432000 86.592000 61
86.592000 87.360000 63
87.456000 88.672000 67
89.312000 89.408000 58
89.536000 90.144000 61
90.240000 91.648000 65
92.160000 92.480000 57
92.576000 93.856000 62
94.080000 95.392000 58
95.552000 95.808000 55
95.936000 97.280000 60
97.824000 98.144000 52
98.240000 98.400000 53
98.624000 99.264000 65
99.360000 99.616000 60
99.744000 99.968000 60
100.128000 100.864000 62
101.280000 101.920000 60
102.048000 102.688000 62
102.816000 103.168000 60
103.168000 104.032000 65
104.384000 104.640000 54
104.768000 105.408000 65
105.504000 105.728000 58
105.856000 106.496000 57
106.656000 106.976000 58
107.328000 108.768000 58
108.864000 109.056000 57
109.248000 109.760000 68
110.016000 110.432000 65
110.752000 111.072000 62
111.168000 111.488000 63
111.488000 113.024000 67
113.376000 113.536000 65
113.536000 113.696000 67
113.792000 114.400000 69
114.592000 117.184000 70
117.632000 117.920000 64
118.016000 118.272000 65
118.400000 118.656000 63
118.656000 119.072000 61
119.168000 119.488000 63
119.488000 119.776000 65
119.936000 121.696000 60
122.496000 122.848000 62
122.944000 123.616000 60
123.776000 125.312000 58
132.480000 132.608000 54
133.472000 133.600000 53
135.712000 136.736000 50
138.272000 138.816000 48
139.072000 139.680000 48
139.776000 141.184000 53
142.016000 142.656000 57
142.784000 143.392000 56
143.520000 143.808000 55
143.936000 144.416000 53
144.672000 145.408000 53
147.680000 149.120000 55
149.568000 149.664000 53
149.664000 149.760000 54
149.760000 150.464000 57
150.720000 151.712000 57
151.808000 153.152000 58
153.696000 155.392000 51
155.520000 155.712000 51
155.936000 156.576000 62
156.672000 157.792000 60
158.240000 158.912000 53
158.912000 159.552000 64
159.712000 161.152000 61
161.536000 162.176000 60
162.304000 162.944000 62
163.040000 163.360000 60
163.360000 163.680000 63
163.808000 164.320000 53
164.960000 165.568000 65
165.696000 166.656000 58
166.784000 167.200000 58
167.552000 168.160000 57
168.288000 169.472000 58
169.472000 170.080000 67
170.080000 170.560000 65
170.912000 171.072000 60
171.072000 171.328000 62
171.328000 171.616000 63
171.616000 173.088000 67
173.568000 173.632000 56
173.632000 173.728000 57
173.728000 173.920000 58
173.920000 174.304000 60
174.304000 175.904000 65
176.512000 176.672000 57
176.672000 177.568000 60
177.728000 178.592000 62
178.784000 180.000000 58
180.320000 180.576000 61
180.704000 181.632000 60
181.760000 182.112000 60
182.208000 182.400000 59
182.624000 182.752000 65
182.944000 183.104000 63
183.104000 183.584000 65
183.584000 183.904000 60
184.000000 184.256000 60
184.448000 185.216000 62
185.536000 186.176000 61
186.304000 186.976000 62
187.072000 187.360000 60
187.360000 188.512000 65
188.928000 189.440000 65
189.440000 189.920000 68
190.048000 191.424000 70
191.584000 191.872000 70
191.968000 193.280000 68
193.472000 194.752000 65
195.296000 195.488000 58
195.712000 197.088000 67
197.504000 197.568000 65
197.568000 197.664000 66
197.664000 198.560000 69
198.688000 199.744000 69
199.840000 201.312000 70
201.664000 202.656000 64
202.752000 203.168000 62
203.168000 203.808000 64
203.968000 205.984000 60
206.496000 206.560000 60
206.560000 206.848000 63
206.944000 207.552000 61
207.648000 209.888000 58
215.168000 215.264000 63
216.000000 216.256000 63
216.640000 218.400000 72
218.976000 219.520000 65
219.744000 219.936000 60
220.096000 220.672000 60
220.864000 221.248000 62
221.600000 222.176000 60
222.368000 223.008000 62
223.168000 223.456000 60
223.456000 223.808000 64
223.904000 224.224000 65
225.056000 225.632000 65
225.792000 226.720000 58
226.912000 227.264000 58
227.648000 228.256000 57
228.448000 229.568000 58
229.568000 230.144000 68
230.304000 230.752000 65
230.752000 231.744000 62
231.840000 232.992000 67
233.760000 234.752000 69
234.880000 236.064000 53
236.704000 237.024000 57
237.152000 237.408000 60
237.504000 237.792000 61
237.888000 238.208000 62
238.592000 239.904000 58
240.128000 240.224000 56
240.384000 240.736000 62
240.832000 241.792000 60
241.952000 242.240000 59
242.400000 242.496000 58
242.752000 242.880000 53
243.104000 243.232000 63
243.232000 243.744000 65
243.744000 244.416000 60
244.608000 245.312000 62
245.664000 246.304000 60
246.496000 248.000000 62
248.000000 248.608000 65
249.056000 249.568000 65
249.568000 250.048000 69
250.176000 250.528000 68
250.624000 251.552000 70
251.712000 252.000000 70
252.096000 253.472000 68
253.600000 254.624000 65
255.424000 255.648000 58
255.872000 257.184000 67
257.664000 257.984000 66
258.080000 258.720000 69
258.816000 259.840000 69
259.936000 261.600000 70
261.664000 262.784000 64
262.912000 262.976000 60
262.976000 263.072000 61
263.072000 263.968000 63
264.128000 265.760000 60
266.720000 267.104000 63
267.360000 267.776000 62
267.968000 268.192000 61
268.480000 270.144000 58
