17.152000 17.504000 66
17.664000 17.856000 62
17.856000 18.688000 63
18.688000 19.488000 61
19.744000 20.576000 62
21.312000 21.440000 53
21.440000 21.600000 55
21.600000 22.016000 59
22.112000 22.208000 56
22.336000 23.744000 62
25.472000 25.824000 66
25.984000 27.456000 62
27.456000 27.936000 61
28.032000 28.896000 63
29.632000 29.728000 52
29.728000 29.824000 53
29.824000 30.080000 56
30.176000 30.400000 58
30.400000 30.624000 56
30.720000 31.104000 62
31.200000 31.328000 62
31.328000 32.384000 59
33.824000 34.208000 66
34.304000 34.720000 63
34.816000 35.520000 63
35.520000 35.808000 60
35.904000 37.184000 62
38.016000 38.208000 54
38.208000 38.304000 56
38.304000 39.168000 58
39.168000 39.328000 63
39.520000 39.968000 62
40.064000 40.544000 61
42.176000 42.240000 63
42.240000 42.464000 65
42.656000 42.912000 63
43.008000 43.104000 63
43.200000 43.712000 63
43.712000 43.840000 62
43.840000 44.672000 61
44.768000 45.152000 61
45.152000 45.632000 59
46.336000 46.464000 53
46.464000 46.656000 55
46.656000 46.784000 59
46.912000 47.072000 59
47.072000 47.296000 56
47.392000 48.512000 61
48.512000 49.824000 59
51.168000 51.488000 58
51.616000 51.904000 63
52.064000 52.544000 66
52.544000 54.496000 68
54.688000 55.040000 66
55.136000 55.360000 68
55.456000 56.128000 63
56.736000 58.208000 67
58.336000 58.656000 61
58.848000 59.488000 63
60.960000 61.024000 66
61.024000 61.952000 68
61.952000 63.360000 66
63.520000 63.744000 68
63.744000 64.448000 63
65.120000 65.376000 61
65.472000 65.568000 59
65.664000 65.920000 61
65.920000 66.048000 63
66.176000 66.592000 68
66.592000 67.168000 63
67.168000 68.032000 66
69.248000 69.408000 66
69.408000 69.696000 68
69.824000 70.048000 71
70.048000 71.264000 67
71.360000 71.648000 66
71.872000 72.096000 68
72.096000 72.768000 62
73.024000 73.120000 62
73.440000 73.664000 61
73.760000 73.984000 59
73.984000 74.368000 61
74.496000 74.784000 66
75.008000 75.552000 62
75.552000 76.992000 59
95.904000 96.352000 65
96.928000 97.344000 74
102.688000 103.200000 59
105.824000 106.208000 66
106.304000 106.720000 63
106.816000 107.392000 63
107.392000 107.776000 61
107.904000 108.128000 59
108.128000 108.320000 61
108.416000 109.280000 62
110.016000 110.112000 53
110.112000 110.176000 54
110.176000 110.240000 55
110.240000 111.168000 58
111.168000 112.576000 61
114.176000 114.304000 63
114.304000 114.496000 66
114.656000 115.072000 63
115.200000 115.712000 63
115.712000 116.128000 61
116.224000 116.960000 62
116.960000 117.568000 59
117.856000 118.144000 59
118.368000 118.464000 53
118.464000 118.688000 55
118.688000 118.784000 59
118.944000 119.072000 59
119.072000 119.392000 56
119.392000 119.456000 59
119.456000 120.480000 61
120.480000 121.632000 59
123.232000 123.456000 59
123.616000 123.904000 63
124.064000 124.576000 66
124.576000 125.728000 68
125.728000 126.464000 66
126.688000 127.072000 66
127.168000 127.360000 68
127.488000 128.064000 62
128.768000 129.184000 68
129.280000 130.176000 67
130.304000 130.656000 61
130.848000 131.488000 63
132.928000 133.184000 68
133.280000 133.440000 69
133.440000 133.696000 71
133.696000 133.888000 68
133.984000 134.400000 66
134.496000 135.328000 67
135.520000 135.712000 68
135.712000 136.384000 62
137.120000 137.312000 61
137.440000 137.536000 59
137.664000 138.016000 61
138.144000 138.592000 68
138.592000 140.576000 66
140.800000 140.960000 66
141.248000 141.312000 64
141.312000 141.696000 68
141.824000 142.016000 71
142.016000 142.048000 70
142.048000 142.336000 68
142.336000 143.264000 67
143.360000 143.616000 66
143.872000 144.096000 68
144.096000 144.768000 62
145.440000 146.016000 60
146.016000 146.368000 61
146.496000 146.688000 66
146.688000 146.912000 62
147.040000 148.928000 59
149.120000 149.472000 66
149.600000 150.080000 68
150.080000 150.400000 71
150.400000 151.520000 67
151.744000 152.416000 66
152.512000 153.312000 63
153.824000 155.200000 68
155.392000 155.680000 61
155.904000 156.448000 63
156.448000 156.800000 65
157.568000 157.696000 58
158.016000 158.464000 68
158.464000 158.720000 71
158.816000 160.416000 66
160.576000 160.768000 68
160.768000 161.568000 62
162.176000 162.400000 61
162.496000 162.688000 59
162.688000 163.072000 61
163.200000 163.744000 68
163.744000 165.440000 66
166.304000 166.432000 65
166.432000 166.752000 68
166.912000 167.104000 71
167.104000 168.320000 67
168.448000 168.704000 66
168.960000 169.120000 68
169.120000 169.888000 62
169.984000 170.176000 64
170.528000 170.720000 61
170.816000 170.976000 59
170.976000 171.424000 61
171.552000 171.904000 66
172.064000 174.496000 59
176.736000 177.184000 65
177.184000 177.792000 63
177.888000 178.304000 63
178.304000 178.528000 61
178.688000 179.392000 61
179.520000 180.192000 63
181.280000 181.696000 59
182.208000 182.496000 63
182.624000 183.392000 61
185.120000 185.504000 66
185.504000 186.912000 63
187.040000 187.776000 61
187.872000 188.544000 63
189.312000 189.600000 56
189.600000 190.144000 59
190.592000 190.816000 63
191.008000 191.104000 61
191.232000 191.872000 59
193.504000 193.856000 66
193.856000 195.072000 63
195.200000 195.264000 61
195.328000 196.000000 61
196.192000 196.864000 63
197.984000 198.432000 59
198.848000 199.968000 62
201.888000 202.112000 66
202.464000 202.560000 63
