18.144000 19.104000 57
19.296000 19.744000 57
19.968000 20.096000 55
20.288000 20.640000 55
20.800000 22.144000 52
25.280000 25.952000 57
26.080000 26.304000 57
26.400000 26.848000 57
26.976000 27.104000 57
27.264000 27.680000 61
27.840000 28.064000 62
28.064000 28.992000 57
31.616000 32.992000 56
32.992000 33.504000 61
33.504000 34.176000 59
34.304000 34.528000 57
34.720000 35.008000 55
35.200000 35.872000 57
37.152000 37.760000 62
39.360000 40.032000 59
40.192000 40.672000 57
40.672000 42.176000 55
42.272000 43.168000 52
46.432000 47.392000 57
47.552000 48.096000 57
48.480000 48.896000 55
49.056000 49.376000 54
49.536000 50.400000 52
52.768000 52.896000 56
53.024000 54.496000 61
54.592000 55.264000 62
55.264000 56.288000 64
56.480000 57.472000 64
59.808000 59.968000 57
60.096000 61.056000 59
61.184000 62.368000 62
62.368000 63.520000 59
63.520000 64.288000 57
64.768000 66.112000 62
67.136000 67.360000 57
67.360000 68.768000 59
68.896000 69.056000 60
69.056000 69.920000 63
70.048000 72.384000 64
72.736000 72.832000 63
72.832000 73.152000 65
73.280000 73.568000 65
73.568000 74.016000 62
74.144000 74.912000 59
75.072000 75.168000 64
75.168000 75.328000 66
75.328000 76.288000 62
76.288000 76.832000 64
77.728000 77.888000 55
77.888000 78.048000 57
78.144000 78.624000 57
78.624000 78.912000 64
79.072000 79.296000 61
79.488000 80.256000 62
81.280000 81.408000 57
81.408000 82.112000 59
82.112000 82.880000 62
83.008000 84.032000 59
84.160000 84.480000 57
84.768000 85.696000 66
85.696000 86.688000 64
87.008000 87.072000 63
87.072000 87.168000 64
87.168000 87.872000 66
87.872000 89.152000 67
89.152000 89.888000 64
90.144000 91.104000 64
91.808000 92.608000 67
92.608000 92.640000 63
92.640000 94.432000 62
94.912000 95.712000 65
95.808000 96.032000 67
96.128000 96.288000 57
96.288000 96.576000 59
96.896000 97.472000 62
97.472000 98.208000 60
98.336000 100.800000 62
109.024000 111.936000 64
113.440000 114.400000 57
114.560000 115.136000 57
115.488000 116.416000 55
116.576000 117.632000 52
119.808000 119.904000 56
120.032000 121.504000 61
121.600000 122.272000 62
122.272000 123.360000 64
123.488000 125.504000 64
127.136000 127.264000 57
127.264000 128.000000 59
128.000000 130.208000 62
130.208000 131.360000 57
131.488000 131.584000 66
131.776000 132.544000 68
132.544000 133.248000 62
133.920000 134.240000 59
134.240000 134.336000 60
134.336000 135.968000 62
135.968000 136.960000 66
137.088000 137.280000 67
137.280000 137.504000 69
137.504000 139.776000 64
139.904000 140.032000 64
140.032000 140.192000 66
140.352000 140.672000 65
140.672000 141.152000 62
141.248000 141.920000 59
142.144000 144.384000 64
144.800000 144.896000 55
144.896000 145.664000 57
145.664000 146.112000 63
146.304000 146.496000 61
146.592000 147.392000 62
148.288000 148.448000 57
148.448000 148.640000 59
148.736000 149.152000 59
149.152000 149.568000 64
149.568000 149.920000 62
150.048000 151.488000 59
151.776000 151.840000 62
151.840000 152.480000 66
152.576000 153.792000 64
153.920000 154.144000 64
154.144000 155.104000 66
155.104000 156.576000 67
156.704000 157.024000 62
157.184000 158.144000 64
158.624000 158.880000 64
158.880000 159.680000 67
159.776000 160.384000 65
160.384000 161.472000 62
161.824000 162.048000 64
162.144000 162.304000 66
162.304000 162.400000 63
162.400000 162.752000 66
162.880000 163.136000 67
163.232000 163.648000 59
163.936000 165.248000 61
165.344000 168.352000 62
169.344000 169.728000 62
169.888000 170.272000 61
170.368000 170.784000 62
170.944000 171.296000 61
171.456000 172.288000 61
172.288000 172.864000 57
172.960000 173.152000 61
173.152000 173.888000 59
173.888000 174.304000 61
174.464000 175.808000 62
175.808000 177.184000 65
177.408000 179.072000 62
179.136000 179.904000 62
180.000000 181.024000 62
181.056000 184.576000 64
185.696000 186.016000 65
186.176000 186.496000 65
186.496000 186.944000 62
187.104000 187.840000 59
188.032000 188.352000 65
188.352000 189.600000 63
190.688000 190.944000 56
191.136000 191.552000 57
191.552000 191.904000 64
192.192000 192.352000 61
192.576000 193.120000 62
194.208000 194.976000 59
195.072000 195.360000 65
195.360000 195.840000 62
195.936000 196.992000 59
197.120000 197.376000 57
197.728000 197.792000 62
197.792000 198.688000 66
198.688000 199.616000 64
199.872000 199.936000 61
199.936000 200.256000 66
200.352000 201.344000 66
201.344000 202.464000 67
202.592000 202.752000 62
202.752000 202.944000 64
203.040000 203.200000 63
203.200000 204.768000 64
204.768000 205.568000 67
205.568000 207.424000 62
207.808000 207.872000 59
207.872000 208.128000 64
208.128000 208.640000 66
208.768000 209.024000 66
209.120000 209.632000 59
209.856000 210.848000 61
210.944000 211.168000 60
211.296000 213.472000 62
214.944000 215.136000 64
215.264000 216.288000 66
216.480000 216.928000 59
217.440000 217.632000 62
217.792000 218.496000 61
218.496000 219.744000 59
221.024000 223.776000 62
