11.968000 12.192000 48
15.104000 15.392000 48
16.256000 16.512000 49
34.368000 34.784000 49
40.128000 40.320000 52
40.416000 40.480000 53
40.480000 40.992000 58
41.088000 42.336000 58
42.464000 42.528000 56
42.528000 42.816000 60
42.976000 43.488000 58
44.608000 44.672000 56
44.672000 44.864000 60
44.864000 45.184000 58
45.184000 45.792000 55
45.952000 46.144000 50
46.272000 47.040000 55
50.016000 50.080000 50
50.080000 50.144000 52
50.144000 50.176000 53
50.176000 50.336000 55
50.336000 51.232000 58
51.360000 51.936000 62
52.032000 52.864000 60
52.864000 53.472000 55
55.520000 56.064000 57
56.160000 57.088000 55
57.120000 58.144000 53
58.240000 60.192000 53
61.984000 62.144000 52
62.144000 62.368000 53
62.368000 63.200000 58
63.328000 63.968000 58
63.968000 65.536000 61
66.080000 66.240000 49
66.368000 66.432000 56
66.432000 66.976000 60
67.072000 67.488000 62
67.488000 67.712000 65
67.776000 68.224000 65
68.352000 69.440000 58
71.872000 71.936000 61
71.936000 72.128000 65
72.128000 72.416000 61
72.544000 73.600000 60
73.600000 74.016000 58
74.592000 74.848000 65
74.944000 75.520000 60
75.648000 75.808000 60
75.968000 76.352000 60
76.352000 76.896000 58
77.696000 77.760000 53
77.760000 77.984000 55
77.984000 78.336000 57
78.336000 78.720000 58
78.720000 79.232000 62
79.392000 79.776000 58
79.776000 80.320000 63
80.320000 80.928000 61
81.088000 81.792000 60
82.944000 83.488000 57
83.488000 83.744000 60
83.840000 85.984000 58
87.680000 88.128000 62
88.288000 88.672000 62
88.672000 89.472000 61
89.472000 89.760000 58
89.760000 90.432000 55
90.432000 91.264000 67
91.552000 91.872000 58
91.872000 93.216000 60
93.632000 93.696000 58
93.696000 94.528000 60
94.528000 94.752000 57
94.912000 95.552000 54
95.872000 95.936000 60
95.936000 96.608000 65
96.960000 98.464000 58
99.104000 99.168000 55
99.168000 99.680000 58
99.680000 100.256000 60
100.352000 101.600000 63
101.728000 102.080000 63
102.080000 102.368000 65
102.368000 102.624000 62
102.752000 104.096000 60
104.576000 105.120000 57
105.120000 105.472000 58
105.472000 107.616000 62
107.840000 108.448000 65
108.608000 108.704000 65
108.704000 109.248000 67
109.248000 109.696000 65
109.920000 110.112000 62
110.304000 111.104000 62
111.104000 111.296000 60
111.296000 111.616000 58
111.616000 112.288000 55
112.288000 113.088000 67
113.344000 113.600000 58
113.600000 114.976000 60
115.392000 115.456000 56
115.456000 115.488000 58
115.488000 116.000000 60
116.000000 116.352000 62
116.352000 118.496000 65
118.752000 119.360000 67
119.456000 120.704000 69
121.152000 121.216000 60
121.216000 121.312000 61
121.312000 122.368000 64
122.528000 122.592000 64
122.592000 122.752000 66
122.848000 123.200000 58
123.200000 125.152000 60
126.592000 127.520000 57
127.648000 131.264000 58
131.360000 131.456000 58
153.280000 153.728000 62
153.888000 154.272000 62
154.272000 155.200000 60
155.200000 156.032000 55
156.032000 156.896000 67
157.088000 157.408000 58
157.408000 158.688000 61
159.264000 160.064000 60
160.064000 160.384000 57
160.480000 161.312000 53
161.536000 161.600000 58
161.600000 162.304000 65
162.528000 164.032000 58
164.704000 164.768000 55
164.768000 165.216000 58
165.216000 165.824000 60
165.920000 167.232000 63
167.328000 168.128000 63
168.128000 168.224000 62
168.320000 169.760000 60
170.016000 170.080000 54
170.080000 170.912000 57
170.912000 171.296000 59
171.392000 173.120000 62
173.280000 173.984000 65
174.144000 174.304000 65
174.304000 174.816000 67
174.816000 175.296000 65
175.456000 175.520000 59
175.520000 175.680000 62
175.840000 176.128000 62
176.128000 176.608000 61
176.608000 176.832000 60
176.832000 177.152000 58
177.152000 177.824000 55
177.824000 178.624000 67
178.848000 179.200000 58
179.200000 180.576000 60
180.928000 180.992000 56
180.992000 181.952000 60
181.952000 184.000000 64
184.288000 184.352000 62
184.352000 184.704000 67
184.704000 186.272000 69
186.624000 186.720000 61
186.720000 187.392000 63
187.392000 188.320000 65
188.320000 190.976000 60
191.872000 192.992000 57
193.184000 197.056000 58
198.336000 198.400000 59
198.400000 198.560000 62
198.656000 199.296000 65
199.424000 199.584000 58
199.744000 201.760000 60
204.320000 204.448000 58
204.640000 206.496000 58
208.640000 212.384000 58
212.480000 212.608000 58
239.136000 239.232000 64
240.672000 240.736000 63
242.368000 242.528000 57
242.944000 243.104000 56
245.056000 245.152000 53
245.312000 245.696000 58
246.688000 247.072000 57
247.360000 247.584000 61
247.840000 248.416000 60
248.480000 248.512000 54
248.576000 248.800000 54
249.024000 249.248000 56
249.408000 249.472000 55
251.040000 251.264000 65
251.264000 251.328000 62
251.680000 251.776000 57
251.872000 251.968000 62
252.864000 253.376000 57
253.632000 253.760000 54
253.984000 254.144000 55
256.896000 257.024000 50
258.368000 258.528000 53
258.816000 258.912000 54
259.360000 259.424000 55
259.488000 259.520000 55
259.552000 259.616000 55
259.776000 259.872000 55
261.312000 261.376000 53
261.952000 262.112000 52
264.032000 264.256000 55
264.704000 264.800000 58
265.152000 265.280000 55
266.656000 266.688000 56
266.720000 267.008000 59
267.168000 267.328000 59
268.544000 268.672000 55
269.120000 269.248000 52
269.984000 270.112000 59
270.112000 270.336000 58
270.336000 270.848000 56
271.072000 271.520000 58
272.384000 272.736000 59
275.936000 276.192000 62
276.544000 276.704000 61
276.704000 277.024000 66
277.440000 277.920000 63
278.016000 278.112000 62
278.112000 278.368000 67
279.520000 279.648000 61
279.648000 279.968000 67
281.248000 281.600000 62
282.112000 282.240000 65
282.336000 282.560000 60
287.872000 288.288000 62
288.288000 289.184000 60
289.184000 289.952000 55
290.048000 290.880000 67
291.072000 291.392000 58
291.392000 292.640000 61
293.248000 294.048000 60
294.048000 294.368000 57
294.496000 294.880000 55
295.552000 295.776000 65
295.872000 296.288000 65
296.544000 298.240000 58
298.688000 298.752000 56
298.752000 299.456000 58
299.552000 299.808000 62
299.904000 301.216000 63
301.312000 302.112000 63
302.112000 302.208000 62
302.304000 303.744000 60
304.032000 304.288000 57
304.384000 304.736000 57
304.736000 304.992000 58
304.992000 306.656000 62
306.752000 307.136000 62
307.328000 307.968000 65
308.128000 308.288000 65
308.288000 308.832000 67
308.832000 309.216000 65
309.472000 309.696000 62
309.856000 310.784000 62
310.880000 311.136000 58
311.136000 311.808000 55
311.808000 312.640000 67
312.832000 313.184000 58
313.184000 314.592000 60
314.944000 315.008000 57
315.008000 315.616000 60
315.616000 317.984000 64
318.304000 318.368000 64
318.368000 318.688000 67
318.688000 320.256000 69
320.672000 320.736000 62
320.736000 321.920000 64
322.016000 322.080000 63
322.080000 322.304000 66
322.432000 322.816000 58
322.816000 324.800000 60
325.888000 326.976000 57
327.168000 328.800000 60
329.088000 330.816000 58
332.384000 332.544000 61
