3.520000 3.936000 63
4.096000 4.352000 64
4.352000 4.512000 62
4.512000 4.800000 57
4.800000 6.528000 62
6.656000 8.416000 67
9.120000 10.368000 64
10.368000 10.784000 60
10.912000 11.392000 67
11.744000 11.936000 62
11.936000 12.128000 65
12.256000 12.480000 62
12.480000 12.896000 64
13.280000 13.856000 60
14.080000 14.560000 64
14.656000 14.816000 57
14.816000 14.944000 63
14.944000 15.008000 58
15.136000 15.264000 57
15.392000 15.648000 57
15.648000 15.840000 62
15.936000 16.160000 62
16.256000 16.896000 60
17.216000 17.472000 62
17.600000 19.552000 60
20.288000 21.216000 63
21.280000 21.408000 57
21.568000 22.048000 62
22.144000 24.384000 60
29.984000 30.112000 51
30.304000 30.528000 52
30.528000 30.720000 54
30.816000 31.072000 53
31.072000 31.776000 56
31.904000 32.032000 54
32.192000 32.512000 55
32.768000 33.312000 55
34.048000 34.112000 50
34.112000 34.432000 54
34.784000 34.976000 50
35.168000 35.744000 59
35.936000 36.864000 60
38.496000 38.688000 55
38.880000 39.168000 57
39.328000 39.904000 57
40.384000 40.928000 57
40.928000 41.344000 56
41.472000 41.728000 51
41.728000 42.144000 55
42.528000 42.656000 48
42.656000 42.816000 51
42.816000 42.944000 55
43.296000 43.808000 55
43.808000 44.480000 53
44.640000 44.832000 52
44.960000 45.088000 48
45.312000 45.664000 50
47.040000 47.168000 49
47.328000 48.064000 55
48.160000 48.384000 53
48.384000 48.704000 55
49.408000 49.664000 57
49.664000 49.856000 55
49.920000 50.176000 55
50.336000 50.688000 54
51.008000 51.744000 57
51.968000 52.096000 54
52.096000 52.256000 57
52.352000 52.736000 52
52.896000 54.176000 57
55.232000 55.328000 59
55.328000 55.712000 57
55.712000 55.840000 55
55.840000 56.768000 58
57.664000 58.016000 50
58.016000 58.336000 58
58.464000 58.656000 60
58.784000 59.168000 52
59.552000 59.648000 50
59.648000 59.776000 54
59.776000 59.968000 57
60.160000 60.768000 55
60.864000 61.056000 55
61.216000 61.536000 55
61.632000 64.704000 62
65.120000 65.344000 64
65.344000 65.536000 62
65.696000 65.952000 64
65.952000 66.112000 62
66.112000 66.368000 57
66.368000 68.192000 62
68.320000 70.112000 67
70.112000 70.592000 60
70.688000 70.880000 62
70.880000 71.904000 64
71.904000 72.416000 60
72.576000 73.280000 67
73.632000 73.696000 63
74.112000 74.592000 64
74.912000 75.008000 63
75.008000 75.520000 61
75.712000 76.416000 61
76.512000 77.440000 60
77.440000 77.696000 56
78.720000 79.200000 57
79.200000 79.296000 62
79.456000 79.648000 64
79.648000 80.928000 62
80.928000 81.344000 60
81.344000 81.728000 63
82.112000 82.560000 62
82.656000 82.944000 63
82.944000 84.736000 62
84.736000 85.184000 60
85.312000 87.040000 67
87.040000 89.440000 64
89.568000 90.112000 67
90.336000 90.560000 62
90.560000 90.752000 64
90.880000 91.104000 62
91.104000 91.552000 64
91.904000 92.416000 60
92.704000 93.152000 64
93.504000 93.600000 62
93.600000 93.664000 57
93.696000 93.920000 57
94.048000 94.272000 57
94.272000 94.464000 62
94.560000 94.784000 62
94.880000 95.680000 60
95.872000 98.240000 60
98.848000 99.040000 64
99.040000 99.808000 62
99.808000 100.032000 57
100.192000 103.264000 60
103.360000 103.456000 60
107.008000 107.968000 62
108.640000 108.704000 50
108.960000 109.152000 52
109.152000 109.312000 55
109.472000 109.728000 52
109.728000 110.400000 55
110.528000 111.168000 55
111.360000 111.904000 55
112.640000 112.704000 50
112.704000 113.056000 55
113.408000 113.600000 51
113.728000 114.336000 59
114.528000 115.552000 60
117.120000 117.312000 55
117.440000 117.792000 57
117.952000 118.496000 57
119.008000 119.488000 57
119.488000 119.968000 55
120.064000 120.352000 52
120.352000 120.768000 55
121.184000 121.248000 48
121.248000 121.408000 53
121.408000 121.568000 55
121.888000 122.400000 55
122.496000 122.656000 53
122.656000 122.912000 55
122.912000 123.136000 53
123.264000 123.456000 52
123.712000 124.032000 48
124.032000 124.320000 50
125.632000 125.792000 51
125.952000 126.656000 55
126.784000 126.976000 52
126.976000 127.392000 55
128.000000 128.224000 57
128.224000 128.416000 55
128.512000 128.736000 55
128.864000 129.216000 54
129.600000 130.304000 57
130.496000 130.560000 52
130.560000 130.688000 54
130.688000 130.848000 56
130.976000 131.328000 52
131.488000 131.936000 57
131.936000 132.224000 60
132.224000 132.640000 57
133.824000 134.336000 57
134.432000 134.912000 60
134.912000 135.360000 57
136.256000 136.512000 51
136.512000 136.576000 55
136.576000 136.896000 58
137.024000 137.088000 57
137.088000 137.216000 60
137.376000 137.696000 52
138.208000 138.560000 56
138.720000 139.328000 55
139.456000 139.648000 54
139.776000 140.128000 55
140.224000 140.800000 60
140.800000 141.312000 62
141.600000 141.984000 63
142.112000 142.368000 64
142.368000 142.560000 62
142.688000 142.912000 57
142.912000 144.672000 62
144.768000 146.496000 67
146.624000 147.072000 60
147.168000 148.416000 64
148.416000 148.896000 60
149.024000 149.856000 67
150.048000 150.112000 64
150.560000 151.040000 64
151.360000 151.584000 63
151.584000 151.872000 60
152.224000 152.896000 61
153.024000 154.016000 60
155.296000 155.648000 57
155.648000 155.808000 62
155.904000 156.096000 64
156.096000 156.448000 62
156.448000 156.800000 64
156.800000 158.080000 62
158.528000 158.784000 64
158.784000 158.976000 62
159.104000 159.552000 63
159.648000 159.872000 57
159.872000 161.760000 62
161.760000 163.520000 67
163.552000 165.376000 64
165.376000 165.888000 60
166.048000 166.496000 67
166.784000 166.848000 61
166.848000 167.168000 63
167.296000 167.520000 62
167.520000 168.000000 64
168.384000 168.832000 60
169.152000 169.600000 64
169.728000 169.856000 67
169.856000 170.016000 64
170.016000 170.080000 59
170.208000 170.368000 57
170.496000 170.752000 57
170.752000 171.232000 62
171.360000 172.000000 60
172.320000 172.576000 62
172.672000 174.528000 60
175.264000 175.360000 65
175.360000 176.256000 62
176.352000 176.480000 57
176.640000 177.056000 61
177.152000 178.848000 60
179.840000 180.032000 64
180.032000 180.224000 62
180.352000 180.608000 64
180.608000 180.800000 62
180.896000 181.152000 58
181.152000 182.912000 62
183.040000 184.800000 67
184.928000 185.280000 60
185.408000 185.664000 63
185.664000 186.720000 64
186.720000 187.136000 60
187.264000 188.480000 67
188.640000 189.248000 64
189.600000 190.208000 60
190.464000 191.136000 60
191.232000 192.416000 60
193.568000 193.824000 68
193.824000 193.984000 62
194.144000 194.272000 64
194.336000 194.752000 62
194.880000 195.264000 63
195.264000 196.416000 61
196.832000 196.992000 64
196.992000 197.216000 62
197.344000 197.824000 62
198.016000 198.080000 59
198.080000 198.240000 60
198.240000 199.968000 62
199.968000 202.400000 67
202.560000 203.680000 64
203.680000 204.096000 60
204.256000 204.832000 67
205.024000 205.440000 63
205.568000 205.792000 62
205.792000 206.240000 64
206.624000 207.168000 60
207.392000 207.840000 64
208.160000 208.256000 64
208.256000 208.608000 57
208.736000 208.992000 58
208.992000 209.184000 63
209.280000 209.504000 62
209.600000 210.304000 60
210.592000 212.896000 60
212.992000 213.088000 60
213.504000 213.696000 65
213.696000 214.496000 62
214.592000 214.688000 56
214.880000 217.952000 60
219.072000 219.296000 62
219.392000 221.408000 60
222.048000 222.272000 64
222.336000 222.624000 62
222.720000 222.976000 62
223.072000 223.168000 56
223.392000 223.744000 62
223.872000 226.176000 60
226.176000 226.496000 55
226.496000 227.136000 60
227.296000 227.424000 68
227.552000 227.712000 70
228.448000 228.576000 64
228.640000 229.088000 59
229.440000 229.536000 59
229.632000 229.824000 58
229.824000 230.176000 56
230.336000 230.368000 50
230.400000 230.816000 50
