16.800000 17.120000 63
18.400000 18.560000 63
18.560000 18.752000 65
18.880000 19.040000 63
19.136000 19.392000 61
19.712000 19.808000 56
20.000000 21.088000 65
21.088000 21.888000 61
23.136000 23.200000 53
23.200000 23.264000 54
23.264000 23.552000 58
23.552000 23.936000 61
23.936000 24.192000 66
24.320000 24.608000 65
25.568000 26.400000 65
29.408000 29.856000 64
31.040000 31.648000 63
31.648000 31.904000 61
32.288000 32.448000 56
32.672000 33.984000 65
34.176000 34.528000 61
35.808000 35.872000 55
35.872000 35.936000 56
35.936000 36.160000 58
36.160000 36.640000 61
36.640000 37.312000 65
37.312000 37.600000 56
38.144000 38.496000 64
38.688000 38.848000 61
42.080000 42.656000 65
42.880000 43.488000 65
43.712000 43.936000 65
44.096000 44.512000 69
45.344000 46.144000 63
46.304000 46.528000 67
46.816000 46.976000 65
46.976000 47.328000 61
48.384000 48.480000 54
48.480000 48.608000 57
48.800000 48.992000 61
49.184000 49.472000 66
49.568000 49.888000 65
50.048000 50.304000 56
50.848000 51.200000 66
51.456000 52.064000 65
54.624000 54.880000 65
54.880000 55.328000 63
55.488000 55.680000 65
55.776000 55.936000 63
55.936000 56.128000 65
56.288000 56.672000 65
56.672000 57.216000 69
57.888000 57.952000 59
57.952000 59.104000 63
59.104000 59.328000 68
59.456000 59.680000 65
59.680000 60.064000 61
61.056000 61.728000 66
61.824000 62.048000 61
62.240000 62.976000 66
63.968000 64.384000 61
64.384000 66.144000 68
67.232000 67.680000 58
67.680000 68.352000 70
68.480000 69.056000 70
69.216000 69.600000 64
69.760000 70.240000 63
70.880000 71.584000 68
71.712000 72.320000 63
72.896000 72.992000 55
72.992000 73.184000 61
73.184000 73.440000 63
73.440000 73.632000 65
73.632000 73.664000 63
73.664000 74.016000 58
74.016000 74.720000 63
76.160000 76.320000 61
76.320000 77.472000 65
77.632000 79.136000 65
79.936000 80.352000 58
80.352000 80.480000 67
80.576000 80.992000 58
81.152000 81.472000 70
81.472000 81.728000 68
81.824000 82.240000 63
82.400000 82.624000 63
83.168000 83.552000 67
83.552000 83.840000 65
83.840000 84.064000 68
84.160000 84.512000 69
84.512000 85.088000 65
85.536000 85.600000 56
85.600000 85.728000 60
85.824000 86.080000 63
86.080000 86.240000 65
86.400000 86.560000 58
86.752000 87.904000 63
88.736000 88.992000 61
88.992000 90.048000 65
90.240000 92.352000 61
103.744000 104.416000 65
105.280000 105.664000 64
105.792000 106.368000 61
106.560000 106.688000 56
106.880000 107.104000 63
107.104000 108.064000 65
108.064000 109.184000 61
110.016000 110.112000 54
110.112000 110.176000 55
110.176000 110.432000 58
110.432000 110.912000 61
110.912000 111.616000 65
111.616000 112.128000 56
112.384000 113.536000 65
116.416000 117.344000 65
117.952000 118.304000 64
118.304000 118.528000 63
118.528000 119.008000 61
119.008000 119.360000 56
119.520000 120.704000 65
120.896000 121.440000 61
122.720000 122.784000 55
122.784000 122.880000 57
122.880000 123.040000 58
123.040000 123.520000 61
123.520000 124.096000 65
124.256000 124.640000 56
124.992000 125.376000 64
125.568000 125.920000 61
128.928000 129.568000 64
129.696000 130.336000 65
130.528000 130.752000 65
130.912000 131.296000 69
132.096000 132.160000 57
132.160000 132.256000 61
132.256000 133.088000 63
133.088000 133.440000 67
133.664000 133.824000 65
133.824000 134.432000 61
135.200000 135.264000 55
135.264000 135.456000 58
135.584000 135.808000 61
135.968000 136.704000 65
136.832000 137.088000 57
137.600000 137.792000 65
137.792000 138.176000 67
138.336000 140.160000 65
141.440000 143.008000 65
143.104000 143.520000 65
143.520000 143.904000 68
144.768000 144.832000 59
144.832000 145.952000 63
145.952000 146.176000 68
146.304000 146.528000 65
146.528000 147.040000 61
147.616000 147.712000 60
147.936000 148.544000 66
148.640000 148.864000 61
149.056000 150.080000 66
150.624000 151.744000 72
151.744000 153.312000 68
154.016000 154.560000 58
154.560000 155.232000 70
155.328000 155.680000 70
155.680000 155.904000 68
156.032000 156.448000 64
156.576000 156.928000 63
157.408000 157.568000 57
157.728000 158.496000 68
158.592000 159.328000 63
159.680000 159.744000 55
159.744000 159.776000 57
159.776000 160.000000 61
160.000000 160.224000 63
160.224000 160.480000 65
160.480000 160.864000 58
160.864000 161.920000 63
162.976000 163.168000 61
163.168000 163.584000 64
163.680000 164.224000 65
164.416000 164.864000 63
164.864000 166.144000 65
166.688000 166.816000 55
166.816000 167.136000 58
167.136000 167.872000 70
167.968000 168.352000 70
168.352000 168.576000 67
168.672000 169.056000 64
169.248000 169.632000 63
169.952000 170.624000 66
170.624000 170.848000 68
170.944000 171.392000 69
171.392000 171.904000 65
172.384000 172.672000 60
172.672000 173.056000 63
173.216000 173.376000 58
173.536000 174.464000 63
175.584000 175.808000 61
175.808000 176.864000 65
177.024000 178.720000 61
178.816000 178.944000 65
179.424000 179.712000 69
179.712000 182.432000 70
182.432000 184.608000 65
185.728000 185.984000 69
185.984000 188.928000 70
188.928000 191.296000 65
192.064000 195.232000 73
195.360000 197.152000 65
198.080000 198.304000 61
198.432000 199.136000 66
199.136000 199.392000 62
199.584000 200.736000 66
201.184000 201.952000 61
201.952000 203.840000 68
204.192000 206.464000 75
207.872000 208.128000 58
208.288000 208.864000 70
209.056000 209.280000 70
209.440000 209.568000 68
209.728000 210.112000 64
210.272000 210.560000 63
211.424000 212.032000 68
212.224000 212.416000 63
212.576000 212.928000 63
213.344000 213.472000 55
213.472000 213.664000 61
213.664000 213.920000 63
213.920000 214.112000 65
214.112000 214.656000 58
214.656000 215.424000 63
216.608000 216.832000 60
216.832000 216.992000 63
217.088000 217.216000 65
217.312000 217.888000 65
218.080000 218.496000 63
218.496000 219.616000 65
220.352000 220.832000 58
220.832000 221.472000 70
221.600000 222.016000 70
222.016000 222.304000 68
222.304000 222.752000 64
222.912000 223.232000 63
223.552000 223.616000 64
223.616000 223.712000 65
223.712000 223.968000 67
223.968000 224.288000 65
224.288000 224.544000 68
224.640000 225.056000 69
225.056000 225.792000 65
226.016000 226.368000 60
226.368000 226.752000 63
226.944000 227.040000 58
227.232000 228.416000 63
229.216000 229.280000 58
229.280000 229.504000 61
229.504000 230.368000 65
230.720000 231.648000 61
232.256000 232.416000 58
232.576000 232.736000 60
232.736000 233.152000 62
233.312000 233.632000 64
233.888000 234.016000 58
234.272000 234.976000 63
237.056000 237.184000 61
237.376000 237.536000 63
237.824000 238.336000 65
240.096000 240.992000 61
