0.512000 0.896000 68
0.992000 1.088000 63
1.888000 3.232000 70
3.328000 3.488000 65
3.968000 4.672000 56
4.864000 4.960000 56
6.208000 6.464000 57
10.784000 11.104000 51
11.104000 11.200000 52
11.200000 12.032000 56
12.128000 13.216000 55
13.312000 13.504000 56
13.664000 13.792000 57
13.792000 14.176000 54
14.368000 15.360000 53
16.288000 16.416000 58
16.416000 17.152000 53
17.344000 17.504000 53
17.504000 17.568000 54
17.568000 17.696000 55
17.696000 18.048000 56
18.048000 19.360000 59
19.360000 19.744000 54
20.288000 20.416000 58
20.960000 21.344000 55
21.472000 21.952000 54
22.176000 22.336000 52
22.432000 22.656000 52
22.784000 22.976000 51
23.104000 23.232000 50
24.032000 24.288000 50
24.576000 24.800000 49
25.280000 26.080000 55
27.776000 28.096000 52
28.096000 28.160000 54
28.160000 29.216000 60
29.824000 30.432000 55
33.152000 33.504000 55
33.600000 35.104000 56
35.264000 37.184000 56
39.456000 39.904000 51
39.904000 40.160000 55
40.320000 40.480000 56
40.480000 40.768000 57
40.768000 41.056000 55
41.248000 42.400000 56
42.400000 44.128000 53
45.888000 46.016000 53
46.144000 46.464000 56
46.720000 47.936000 59
47.936000 48.448000 53
49.600000 50.464000 54
50.720000 51.968000 51
52.640000 52.896000 50
52.896000 53.568000 49
53.568000 55.168000 56
56.448000 56.576000 52
56.800000 58.336000 60
58.464000 58.912000 55
59.392000 59.584000 56
59.584000 59.904000 58
60.128000 61.376000 60
61.824000 61.952000 58
61.952000 62.176000 60
62.304000 64.704000 60
65.216000 65.536000 59
65.664000 66.720000 61
66.720000 68.096000 58
68.416000 69.056000 64
69.280000 69.568000 59
69.664000 70.016000 60
70.112000 70.688000 59
70.688000 72.192000 56
72.832000 73.088000 53
73.088000 73.696000 56
73.696000 74.848000 61
75.040000 75.200000 54
75.200000 75.712000 56
75.712000 77.216000 52
77.440000 79.072000 60
79.584000 80.160000 58
80.256000 80.832000 58
81.216000 81.632000 59
81.728000 81.984000 56
81.984000 82.560000 58
82.944000 84.992000 58
85.120000 85.920000 58
86.304000 86.656000 56
86.656000 86.976000 58
87.136000 88.224000 60
88.928000 89.024000 57
89.024000 89.824000 60
89.984000 91.744000 60
92.224000 92.576000 59
92.704000 93.184000 60
93.408000 93.760000 62
93.760000 93.856000 58
93.952000 95.104000 58
95.264000 95.424000 68
95.488000 96.064000 64
96.320000 97.696000 59
97.696000 99.296000 56
99.936000 100.128000 53
100.128000 100.672000 56
100.672000 101.248000 62
101.408000 101.824000 61
102.016000 102.656000 56
102.848000 104.192000 52
104.384000 106.112000 60
106.528000 106.656000 66
106.752000 107.008000 58
107.008000 107.296000 56
107.392000 107.776000 58
108.352000 108.608000 58
108.704000 109.440000 57
109.568000 109.664000 60
109.664000 109.952000 61
110.176000 110.592000 58
110.720000 111.488000 59
111.648000 112.352000 59
112.544000 114.272000 63
117.088000 117.376000 55
117.952000 118.144000 48
118.272000 118.464000 47
120.416000 120.576000 61
120.576000 120.704000 64
121.248000 121.312000 62
121.472000 121.536000 66
121.600000 121.856000 66
122.368000 122.752000 65
123.072000 123.744000 70
123.872000 124.224000 67
124.224000 124.736000 69
126.496000 127.776000 60
127.872000 128.064000 61
128.192000 128.352000 60
128.480000 129.152000 60
130.720000 130.880000 64
131.392000 131.520000 64
131.904000 132.288000 63
133.728000 134.080000 68
134.304000 134.528000 68
134.528000 134.912000 65
134.944000 135.008000 64
135.072000 136.000000 64
136.736000 137.344000 60
137.824000 140.480000 58
140.640000 141.056000 58
141.216000 142.464000 60
142.592000 142.848000 60
142.912000 143.104000 58
143.104000 143.872000 60
144.032000 145.856000 60
146.144000 146.176000 58
146.240000 146.624000 58
146.816000 147.040000 60
147.040000 147.904000 61
147.904000 149.440000 58
149.440000 149.568000 66
149.664000 153.312000 65
154.048000 154.176000 53
154.176000 154.432000 56
154.720000 154.944000 62
154.944000 155.424000 63
155.424000 155.840000 61
155.840000 156.672000 56
156.896000 157.952000 52
158.080000 158.464000 51
158.464000 160.096000 60
160.672000 161.248000 58
161.376000 161.984000 58
162.368000 162.944000 58
163.072000 163.680000 58
164.000000 164.448000 58
164.448000 164.768000 57
164.768000 166.880000 59
166.880000 168.640000 63
168.832000 168.928000 59
