23.808000 24.064000 57
27.552000 28.352000 59
29.632000 30.368000 57
30.592000 30.784000 56
30.880000 31.296000 57
31.552000 31.808000 55
31.808000 32.608000 52
34.176000 34.368000 50
34.944000 35.488000 51
35.648000 36.448000 61
36.896000 37.504000 56
37.664000 37.856000 64
37.856000 38.528000 62
38.624000 39.840000 62
40.032000 40.608000 61
40.736000 41.696000 59
42.208000 42.624000 52
43.008000 43.360000 49
43.360000 43.520000 50
43.520000 43.744000 52
43.744000 44.640000 59
45.792000 47.616000 61
47.840000 48.032000 64
48.032000 49.088000 57
49.920000 50.016000 56
50.272000 50.304000 56
50.336000 50.432000 55
51.200000 51.392000 50
51.552000 51.776000 52
51.904000 52.704000 61
53.216000 53.792000 64
53.920000 54.560000 65
54.944000 55.200000 61
55.200000 55.616000 63
55.936000 56.128000 61
56.256000 56.640000 64
56.736000 57.792000 59
58.144000 58.848000 56
59.008000 59.552000 56
59.776000 60.960000 56
60.960000 62.048000 58
62.368000 62.752000 63
62.752000 63.072000 57
63.360000 63.616000 64
63.616000 64.128000 57
64.320000 64.768000 57
64.864000 65.984000 59
66.432000 66.560000 56
66.656000 66.880000 57
67.136000 67.712000 57
68.000000 68.576000 56
68.576000 69.664000 59
69.952000 70.176000 57
70.528000 70.624000 52
70.752000 70.944000 54
70.944000 71.200000 57
71.456000 71.648000 66
71.872000 72.224000 57
72.480000 72.640000 52
72.640000 73.120000 57
73.280000 73.472000 63
73.472000 73.760000 59
74.080000 74.208000 52
74.304000 74.720000 60
74.816000 75.072000 60
75.072000 75.200000 59
75.200000 75.584000 57
75.584000 75.968000 60
76.064000 76.640000 57
76.864000 77.216000 59
77.344000 77.856000 63
78.144000 78.336000 52
78.336000 78.752000 56
78.880000 79.264000 57
79.392000 80.768000 55
80.864000 81.248000 56
81.376000 81.920000 60
82.688000 83.296000 65
83.456000 83.552000 62
83.712000 84.352000 63
84.512000 84.640000 57
84.768000 85.120000 64
85.216000 85.632000 61
85.728000 85.984000 62
86.240000 86.592000 61
86.976000 87.200000 62
87.264000 87.328000 61
87.520000 87.840000 62
88.000000 88.128000 63
88.224000 88.416000 61
88.416000 88.576000 57
88.736000 88.992000 57
89.280000 90.016000 60
90.528000 92.288000 59
92.288000 92.960000 57
93.152000 93.472000 59
93.600000 94.048000 63
94.368000 94.592000 52
94.592000 96.096000 56
96.192000 96.448000 55
96.896000 97.024000 65
97.120000 97.408000 66
97.632000 98.176000 64
98.656000 98.880000 57
98.880000 98.944000 59
98.944000 99.712000 64
99.712000 99.808000 62
99.968000 100.288000 64
100.448000 101.344000 64
101.408000 101.472000 63
101.472000 101.856000 66
101.952000 102.336000 68
102.432000 102.880000 69
103.008000 103.616000 61
103.744000 103.936000 62
104.032000 104.128000 61
104.320000 104.448000 64
104.544000 104.640000 58
104.768000 105.632000 57
106.592000 107.008000 57
107.072000 108.320000 57
115.424000 115.744000 51
117.024000 117.888000 59
118.240000 118.528000 49
118.784000 118.944000 53
118.944000 119.840000 57
120.032000 120.896000 57
121.024000 121.248000 56
121.408000 122.240000 52
123.456000 123.712000 50
124.352000 124.768000 50
125.152000 126.016000 61
126.496000 126.880000 56
126.880000 127.040000 57
127.040000 127.872000 62
128.160000 129.024000 62
129.184000 129.280000 63
129.504000 130.112000 61
130.240000 131.136000 59
131.680000 132.064000 52
132.576000 133.088000 50
133.280000 133.472000 60
133.568000 134.144000 59
134.560000 134.624000 56
134.752000 134.848000 56
135.296000 135.520000 62
135.616000 136.000000 61
136.256000 136.320000 57
136.320000 136.640000 59
136.640000 137.440000 61
137.664000 138.656000 57
139.680000 139.968000 57
140.736000 141.024000 50
141.152000 141.216000 52
141.216000 141.472000 55
141.472000 141.568000 61
141.728000 142.496000 61
142.688000 142.816000 57
142.944000 143.328000 57
143.424000 144.160000 62
144.480000 144.608000 61
144.736000 145.152000 62
145.376000 146.496000 61
146.688000 147.392000 59
147.488000 148.352000 56
148.512000 149.088000 56
149.248000 149.376000 54
149.376000 150.240000 56
150.240000 150.656000 59
150.784000 151.200000 59
151.840000 152.256000 64
152.352000 152.608000 57
152.832000 153.024000 64
153.024000 153.632000 57
153.824000 154.240000 57
154.400000 155.456000 59
155.904000 156.064000 56
156.192000 156.416000 57
156.608000 157.344000 57
157.536000 158.272000 56
158.368000 158.912000 59
159.488000 159.680000 57
159.968000 160.128000 64
160.128000 160.640000 57
160.960000 161.152000 66
161.248000 161.696000 57
161.952000 162.592000 57
162.784000 162.944000 64
162.944000 163.264000 59
163.776000 164.160000 60
164.256000 164.512000 60
164.512000 164.608000 59
164.608000 165.024000 57
165.024000 165.472000 60
165.568000 166.144000 58
166.336000 166.688000 59
166.848000 167.328000 63
167.552000 167.808000 53
167.872000 168.256000 56
168.352000 168.768000 57
168.864000 169.024000 54
169.152000 169.536000 56
169.632000 170.240000 55
170.400000 170.752000 56
170.848000 171.104000 59
171.104000 171.456000 61
171.968000 172.064000 57
172.192000 172.256000 63
172.256000 172.832000 65
172.960000 173.088000 62
173.184000 173.568000 64
173.696000 173.856000 62
174.208000 174.624000 64
174.720000 175.584000 62
175.712000 176.096000 61
176.512000 176.672000 62
176.960000 177.376000 62
177.568000 177.664000 64
177.664000 177.952000 61
178.304000 178.464000 57
179.040000 179.232000 60
179.360000 179.520000 59
180.032000 180.896000 60
180.896000 181.248000 57
181.248000 182.400000 59
182.592000 182.880000 59
183.136000 183.584000 52
183.840000 184.096000 52
184.096000 185.536000 56
185.632000 185.792000 56
186.112000 186.336000 57
186.336000 186.848000 65
187.136000 187.552000 64
187.552000 187.648000 60
188.032000 188.320000 56
188.320000 188.384000 58
188.384000 188.416000 60
188.416000 189.120000 64
189.216000 189.312000 62
189.472000 189.696000 64
189.952000 190.848000 64
190.944000 191.840000 68
191.936000 192.384000 69
192.736000 194.048000 62
194.272000 195.072000 57
195.552000 195.712000 52
196.064000 197.440000 57
197.824000 199.296000 62
199.776000 199.840000 62
199.840000 200.096000 64
200.096000 200.480000 67
200.704000 201.280000 68
201.664000 202.048000 61
202.048000 203.648000 57
203.904000 204.032000 55
204.960000 205.280000 62
205.696000 205.856000 58
205.856000 206.144000 62
206.240000 206.592000 61
206.752000 207.360000 64
207.648000 207.744000 67
207.968000 208.576000 65
208.736000 208.992000 59
209.248000 209.472000 61
209.728000 210.496000 61
210.784000 211.040000 62
211.328000 211.520000 63
211.776000 212.064000 66
212.320000 212.640000 68
213.056000 213.728000 69
213.792000 214.304000 69
214.304000 214.368000 63
214.560000 214.656000 64
214.848000 215.232000 59
215.232000 216.000000 52
216.384000 216.544000 53
216.640000 217.056000 60
217.152000 217.440000 61
217.440000 217.600000 60
217.600000 217.920000 58
217.920000 218.304000 61
218.432000 218.720000 58
218.752000 219.072000 60
219.232000 219.552000 60
219.776000 220.256000 64
220.480000 220.704000 53
220.704000 223.168000 57
223.296000 223.680000 57
223.776000 224.352000 62
225.056000 225.120000 64
225.120000 225.696000 66
225.824000 225.920000 63
226.016000 226.464000 64
226.560000 226.848000 63
227.104000 227.488000 65
227.584000 228.480000 62
228.608000 228.928000 62
229.408000 229.760000 63
229.888000 230.272000 62
230.368000 230.528000 64
230.624000 230.816000 62
230.816000 231.296000 58
231.648000 232.384000 65
232.896000 233.376000 60
233.376000 233.696000 62
233.696000 235.296000 59
235.456000 235.776000 60
236.000000 236.224000 51
236.224000 236.480000 53
236.768000 236.960000 54
236.960000 238.432000 57
238.528000 238.688000 57
238.944000 239.200000 58
239.200000 239.392000 65
239.488000 239.744000 67
240.032000 240.544000 65
240.768000 241.312000 58
241.312000 241.472000 65
241.472000 241.984000 65
242.080000 242.208000 63
242.336000 242.688000 65
242.880000 243.648000 65
243.840000 244.064000 67
244.064000 244.704000 69
244.864000 245.120000 70
245.568000 246.016000 62
246.112000 246.496000 62
246.624000 246.784000 64
246.912000 247.072000 58
247.168000 247.936000 58
248.448000 248.576000 53
248.960000 249.120000 58
249.184000 249.312000 58
249.408000 249.504000 58
249.664000 250.688000 58
251.456000 251.936000 55
251.936000 252.192000 58
252.544000 253.120000 53
253.632000 253.696000 60
253.696000 255.008000 63
255.008000 255.168000 58
255.264000 256.160000 58
256.608000 256.736000 53
256.832000 256.928000 59
257.120000 259.712000 58
264.160000 264.352000 53
264.800000 264.960000 55
264.960000 265.280000 60
265.280000 265.600000 58
265.696000 267.296000 64
267.744000 268.128000 66
268.256000 268.640000 64
268.768000 269.568000 66
269.568000 272.256000 70
272.544000 273.056000 70
