42.976000 43.232000 55
44.608000 45.472000 59
45.600000 46.432000 60
46.688000 46.880000 55
46.976000 47.136000 57
47.136000 47.296000 59
47.424000 47.904000 60
48.096000 48.992000 59
49.088000 49.600000 59
49.760000 50.336000 60
50.496000 50.688000 59
50.848000 51.552000 60
52.160000 52.320000 53
52.480000 52.768000 58
52.864000 53.344000 60
53.536000 54.400000 59
54.528000 54.656000 57
54.656000 55.456000 59
55.456000 56.064000 55
56.224000 56.992000 57
57.536000 57.728000 57
57.920000 58.272000 57
58.272000 58.720000 59
58.944000 59.296000 59
59.296000 59.840000 55
60.000000 60.320000 58
60.416000 61.152000 60
61.664000 61.888000 55
62.016000 62.272000 56
62.368000 63.584000 53
63.776000 64.288000 64
64.416000 64.992000 62
65.088000 65.920000 62
66.368000 66.592000 57
66.752000 67.296000 59
67.424000 68.032000 60
68.416000 68.672000 55
68.800000 68.928000 57
68.928000 69.568000 62
69.824000 71.136000 62
71.136000 71.776000 67
71.872000 72.160000 55
72.160000 72.480000 59
72.576000 73.344000 60
73.856000 74.080000 55
74.240000 74.368000 57
74.368000 75.136000 62
75.264000 75.456000 63
75.456000 75.616000 64
75.616000 78.176000 62
78.176000 78.784000 60
79.328000 79.584000 60
79.712000 80.032000 60
80.032000 80.608000 67
80.736000 81.696000 65
81.696000 82.720000 64
82.816000 83.136000 60
83.424000 83.488000 65
83.488000 84.192000 67
84.192000 85.440000 64
85.440000 86.592000 60
86.880000 88.224000 62
93.024000 93.280000 65
93.376000 95.456000 64
95.712000 96.992000 64
97.120000 97.472000 70
97.472000 98.080000 67
98.400000 99.136000 65
99.136000 99.648000 63
99.808000 100.800000 64
101.152000 102.144000 63
102.144000 104.224000 60
104.544000 105.248000 59
105.248000 106.112000 57
106.688000 106.848000 57
107.008000 107.328000 57
107.328000 107.776000 59
108.032000 108.352000 61
108.352000 109.088000 56
109.088000 110.048000 60
110.688000 112.672000 64
112.768000 113.472000 60
113.472000 114.432000 62
114.816000 115.840000 65
115.840000 117.216000 64
117.504000 118.880000 63
118.880000 119.872000 67
120.224000 120.960000 65
120.960000 121.504000 63
121.664000 122.752000 64
122.944000 124.000000 62
124.000000 125.824000 59
126.400000 126.944000 59
126.944000 127.648000 57
128.096000 128.352000 57
128.448000 128.992000 57
129.120000 129.696000 69
129.792000 129.984000 68
129.984000 130.144000 69
130.144000 130.880000 67
130.880000 131.936000 64
132.448000 132.512000 62
132.512000 133.120000 64
133.120000 133.248000 67
133.248000 134.912000 65
134.912000 135.584000 62
136.320000 136.864000 55
136.992000 138.240000 63
138.240000 138.560000 60
138.656000 140.416000 60
143.616000 143.840000 59
144.160000 144.288000 55
144.480000 144.736000 55
144.960000 145.056000 55
147.296000 147.552000 55
148.896000 149.216000 55
155.136000 155.264000 67
155.712000 156.000000 67
156.384000 156.672000 55
157.280000 157.440000 57
159.712000 159.968000 60
160.192000 160.896000 60
161.184000 162.240000 60
162.560000 163.136000 69
163.264000 164.704000 67
165.280000 165.536000 55
165.536000 165.600000 58
165.600000 166.304000 65
166.304000 167.904000 63
168.000000 168.640000 60
168.640000 169.216000 64
169.344000 170.336000 63
170.336000 170.368000 64
170.720000 170.944000 60
171.136000 171.872000 59
172.096000 173.184000 60
173.472000 173.952000 69
174.144000 174.272000 69
174.272000 174.464000 71
174.464000 174.720000 67
174.816000 175.520000 67
175.520000 177.888000 64
178.144000 178.208000 62
178.208000 178.304000 62
178.304000 178.560000 64
178.560000 179.712000 62
181.664000 182.368000 59
182.528000 183.264000 60
183.360000 184.064000 59
184.416000 186.560000 67
187.072000 187.456000 67
187.456000 187.968000 69
188.128000 188.320000 67
188.320000 189.056000 64
189.152000 189.408000 63
189.504000 189.792000 62
189.792000 190.272000 60
190.272000 191.072000 64
191.264000 192.192000 62
192.576000 192.896000 55
192.896000 192.928000 60
192.928000 193.568000 63
193.568000 193.792000 60
193.920000 194.560000 60
195.584000 195.808000 55
195.936000 196.992000 60
197.312000 197.664000 60
197.664000 198.208000 58
198.336000 199.200000 69
199.328000 201.856000 67
202.080000 203.104000 65
203.104000 204.480000 64
204.768000 206.080000 64
206.208000 206.592000 70
206.592000 207.200000 67
207.488000 208.224000 65
208.224000 208.736000 64
208.928000 209.984000 64
210.272000 210.528000 64
210.624000 211.008000 63
211.008000 213.408000 59
213.696000 214.176000 59
214.176000 215.168000 57
215.712000 215.904000 57
216.096000 216.928000 59
217.120000 217.472000 61
217.472000 218.272000 56
218.272000 219.264000 60
219.808000 219.872000 60
219.872000 219.968000 62
219.968000 221.792000 64
221.792000 223.552000 62
223.904000 224.032000 65
224.032000 224.320000 67
224.320000 225.184000 64
225.280000 226.336000 64
226.656000 226.912000 63
227.008000 228.000000 64
228.000000 228.096000 69
228.096000 229.024000 67
229.344000 230.016000 65
230.016000 230.624000 63
230.752000 231.776000 64
232.064000 232.128000 61
232.128000 232.352000 63
232.448000 233.024000 62
233.024000 235.136000 60
235.488000 236.000000 59
236.000000 236.928000 57
237.184000 238.080000 57
238.240000 238.400000 67
238.400000 239.264000 69
239.264000 239.968000 67
239.968000 241.120000 64
241.600000 244.320000 64
244.320000 244.736000 62
245.408000 246.048000 55
246.048000 246.848000 64
246.848000 247.648000 62
247.744000 249.664000 60
258.368000 262.816000 67
263.680000 264.160000 59
267.552000 267.808000 65
267.904000 269.920000 64
270.336000 271.584000 64
271.712000 272.192000 69
272.192000 272.672000 67
272.992000 273.728000 65
273.728000 274.240000 64
274.400000 275.392000 64
275.840000 276.000000 64
276.096000 276.704000 63
276.704000 278.336000 59
279.104000 279.392000 59
279.488000 279.648000 59
279.648000 279.840000 57
279.968000 280.512000 57
281.152000 281.312000 57
281.504000 281.856000 57
281.856000 282.208000 59
282.528000 282.912000 61
282.912000 283.392000 55
283.584000 284.480000 59
285.280000 287.328000 64
287.328000 287.840000 60
287.968000 290.400000 67
290.400000 290.656000 62
290.752000 291.776000 64
292.096000 292.352000 63
292.448000 293.312000 64
293.312000 293.824000 70
293.824000 294.496000 67
294.720000 294.784000 62
294.784000 295.520000 65
295.520000 296.032000 63
296.192000 297.248000 64
297.472000 297.536000 61
297.536000 297.760000 63
297.888000 299.008000 64
299.008000 299.936000 71
299.936000 300.768000 67
300.896000 300.960000 63
300.960000 301.280000 65
301.280000 302.048000 67
302.048000 303.744000 69
303.744000 306.560000 72
307.072000 307.744000 64
307.840000 308.000000 64
308.000000 309.856000 65
309.856000 310.560000 62
310.848000 310.944000 56
311.040000 311.424000 55
311.520000 312.736000 63
312.736000 313.120000 60
313.248000 314.592000 60
316.832000 316.960000 62
316.960000 317.184000 65
317.344000 317.760000 64
318.016000 318.240000 62
318.240000 318.432000 60
318.688000 318.784000 60
359.168000 359.360000 55
360.544000 360.672000 55
363.232000 363.456000 56
365.280000 365.568000 67
366.624000 366.912000 55
367.456000 367.648000 57
367.904000 368.000000 56
368.448000 368.576000 55
