16.928000 17.152000 69
17.472000 17.920000 70
46.656000 47.264000 55
47.360000 47.904000 55
48.352000 48.640000 53
48.736000 49.120000 55
49.216000 49.344000 54
49.440000 50.144000 55
50.272000 50.656000 57
54.240000 55.552000 54
55.936000 57.696000 54
57.920000 58.368000 60
58.368000 59.008000 58
61.568000 62.688000 56
62.816000 63.200000 56
63.296000 63.424000 53
63.552000 63.904000 58
64.032000 64.640000 56
65.184000 65.376000 53
65.536000 66.272000 55
69.216000 70.784000 56
70.880000 71.168000 51
71.168000 71.744000 57
71.840000 72.288000 56
72.384000 72.640000 52
72.800000 73.408000 52
77.056000 78.496000 60
79.008000 80.256000 58
80.416000 81.056000 55
82.560000 82.656000 53
82.816000 83.424000 55
83.424000 84.000000 53
84.096000 84.768000 51
85.184000 86.016000 53
86.112000 87.328000 53
88.000000 88.320000 52
88.512000 89.696000 60
90.112000 90.784000 61
90.880000 91.488000 62
91.488000 91.680000 55
91.808000 92.736000 55
93.248000 95.072000 63
95.680000 95.872000 60
95.872000 96.032000 62
96.160000 96.480000 63
96.576000 96.800000 62
96.928000 97.312000 60
97.312000 97.664000 58
97.920000 99.616000 63
99.808000 101.344000 62
103.616000 104.992000 55
105.152000 106.048000 60
106.144000 106.720000 59
107.104000 107.360000 51
107.616000 107.808000 52
108.064000 108.160000 52
109.536000 109.632000 50
111.264000 111.328000 51
111.328000 112.288000 55
112.736000 114.144000 59
114.144000 114.560000 63
114.688000 115.424000 58
115.616000 116.480000 57
116.736000 116.896000 54
117.664000 117.792000 52
117.792000 118.048000 47
119.040000 119.328000 52
119.328000 119.488000 46
120.416000 120.608000 50
120.768000 120.896000 47
121.824000 121.920000 46
122.784000 123.072000 50
123.328000 123.456000 52
123.584000 123.744000 49
123.872000 124.000000 52
124.256000 124.832000 51
124.832000 124.960000 48
125.376000 125.504000 52
125.504000 125.664000 49
126.336000 126.496000 54
127.072000 127.264000 59
127.360000 127.712000 60
128.352000 128.672000 55
128.800000 129.312000 53
129.472000 129.824000 64
129.952000 130.112000 62
130.432000 132.192000 65
134.272000 134.368000 53
135.456000 135.552000 46
136.192000 136.384000 48
137.312000 137.440000 66
138.880000 139.104000 66
139.328000 139.424000 67
139.616000 139.648000 67
141.824000 142.496000 55
142.752000 143.168000 55
143.168000 143.424000 59
143.552000 143.936000 60
143.936000 144.672000 59
144.672000 145.024000 64
145.120000 145.408000 67
145.504000 147.296000 67
147.296000 148.416000 62
148.704000 148.768000 68
148.768000 148.960000 66
149.152000 149.568000 70
150.432000 150.496000 55
150.496000 150.880000 57
150.880000 151.104000 60
151.200000 152.448000 59
152.640000 153.760000 62
153.760000 154.016000 64
154.208000 154.304000 53
154.304000 154.752000 55
154.752000 155.328000 57
156.800000 157.216000 55
157.216000 157.984000 57
157.984000 158.272000 64
158.496000 159.008000 59
159.456000 159.808000 54
159.936000 160.320000 55
160.320000 161.600000 60
176.128000 177.440000 54
177.856000 177.952000 52
177.952000 178.656000 55
178.752000 178.880000 53
178.976000 179.616000 54
179.744000 179.872000 56
179.872000 180.128000 58
180.320000 180.480000 50
183.552000 183.648000 56
183.776000 185.088000 55
185.472000 187.232000 54
187.392000 187.808000 62
187.808000 188.512000 58
191.104000 191.616000 58
191.904000 192.192000 56
193.120000 193.408000 58
198.720000 200.352000 56
200.448000 200.640000 52
200.640000 201.792000 56
201.888000 202.848000 52
202.944000 203.296000 55
206.176000 206.464000 51
206.592000 208.032000 60
208.512000 209.824000 58
209.920000 210.368000 57
210.368000 210.784000 55
212.352000 212.992000 55
212.992000 215.104000 51
215.200000 215.520000 55
215.680000 216.288000 51
217.568000 217.824000 51
218.016000 219.136000 60
219.648000 220.320000 61
220.416000 221.248000 62
221.376000 222.304000 55
222.784000 224.512000 63
225.152000 225.216000 59
225.216000 225.568000 61
225.664000 226.016000 63
226.112000 226.304000 62
226.400000 226.752000 60
226.848000 227.168000 58
227.424000 229.120000 63
229.248000 231.328000 62
233.088000 234.560000 55
234.720000 235.552000 60
235.680000 236.288000 59
236.416000 236.544000 60
236.672000 236.896000 59
237.088000 238.464000 52
240.832000 242.144000 55
242.304000 243.776000 60
243.776000 244.096000 64
244.224000 244.960000 58
245.120000 246.592000 57
249.344000 249.536000 55
249.536000 250.112000 57
250.208000 251.680000 59
252.224000 252.480000 60
252.480000 252.640000 62
252.800000 253.312000 64
253.312000 253.600000 67
253.760000 254.368000 63
254.368000 255.232000 60
255.904000 256.000000 54
256.160000 256.544000 55
256.544000 257.248000 60
257.536000 258.176000 55
258.176000 258.880000 53
258.976000 259.648000 63
259.808000 263.008000 64
263.584000 265.024000 55
265.184000 266.016000 60
266.144000 266.496000 59
266.592000 266.944000 64
267.072000 269.632000 57
271.296000 272.896000 55
273.056000 273.440000 60
273.728000 274.080000 59
274.080000 274.208000 60
274.208000 274.912000 64
275.008000 278.016000 67
279.968000 280.032000 55
280.032000 280.384000 57
280.384000 280.576000 60
280.672000 281.824000 60
282.112000 283.232000 62
283.232000 283.584000 64
283.712000 283.904000 67
283.904000 284.992000 57
286.400000 286.528000 55
286.624000 287.520000 57
287.520000 287.840000 63
288.032000 288.544000 59
288.992000 289.120000 53
289.120000 289.888000 55
289.888000 291.040000 60
298.912000 299.040000 54
299.040000 299.360000 57
299.456000 299.616000 60
299.744000 301.120000 59
301.760000 302.176000 62
302.304000 302.688000 64
302.688000 303.168000 62
303.328000 304.032000 60
305.408000 305.568000 56
305.728000 306.400000 58
306.496000 306.976000 60
307.296000 307.424000 57
307.584000 307.968000 56
308.064000 308.288000 55
308.448000 308.672000 52
