31.328000 33.184000 64
33.312000 35.488000 64
35.744000 36.128000 60
36.224000 36.544000 60
36.544000 36.960000 64
37.152000 37.248000 67
37.504000 38.848000 69
39.520000 39.904000 69
40.000000 43.008000 67
44.544000 45.664000 69
45.856000 46.176000 69
46.272000 47.008000 70
47.008000 48.288000 69
48.288000 48.736000 64
48.736000 49.952000 60
50.400000 51.040000 59
51.200000 52.736000 66
52.832000 54.048000 64
54.208000 54.848000 60
54.976000 56.224000 62
57.536000 57.728000 57
57.728000 57.824000 58
57.824000 59.360000 64
59.552000 59.776000 63
59.936000 60.160000 64
60.256000 60.544000 65
60.736000 62.016000 64
62.464000 63.104000 60
63.104000 63.584000 63
63.712000 64.000000 67
64.192000 66.016000 69
66.240000 66.784000 69
66.880000 69.568000 67
70.816000 71.008000 70
71.232000 72.256000 69
72.384000 72.672000 69
72.832000 74.784000 69
75.040000 75.200000 65
75.360000 76.096000 61
78.016000 78.976000 65
79.328000 79.424000 65
79.680000 80.672000 64
80.864000 81.216000 65
81.248000 82.112000 65
82.400000 83.328000 64
83.488000 83.744000 65
83.840000 84.416000 65
84.576000 85.344000 64
86.720000 87.008000 60
87.008000 87.072000 61
87.072000 87.360000 62
87.360000 87.488000 63
87.488000 88.768000 65
88.928000 89.536000 66
89.632000 90.304000 64
90.432000 90.688000 62
90.688000 91.520000 61
91.616000 93.216000 63
93.568000 93.984000 60
93.984000 94.496000 62
94.496000 95.104000 64
95.104000 95.872000 72
95.968000 96.320000 71
96.448000 97.152000 64
97.152000 99.456000 67
99.872000 100.032000 63
100.032000 100.288000 64
100.288000 101.312000 69
101.632000 102.528000 60
102.656000 104.672000 67
105.056000 105.344000 63
105.440000 106.272000 63
106.272000 107.584000 62
107.776000 108.480000 61
108.576000 108.832000 60
108.832000 109.248000 57
109.376000 109.664000 57
109.664000 109.728000 58
109.728000 110.080000 60
110.080000 111.904000 63
112.224000 112.832000 61
112.960000 113.344000 64
113.344000 115.616000 66
115.616000 115.936000 62
116.096000 118.400000 62
118.880000 119.232000 60
119.232000 119.712000 62
119.712000 120.384000 64
120.384000 121.536000 72
121.632000 122.464000 64
122.464000 124.640000 67
125.088000 125.280000 62
125.280000 125.568000 64
125.568000 126.048000 67
126.048000 126.752000 69
126.752000 128.096000 71
128.096000 129.408000 69
129.504000 129.952000 67
130.336000 130.624000 64
130.720000 131.776000 62
131.872000 133.440000 62
133.856000 134.880000 63
134.880000 135.360000 60
135.488000 136.608000 62
137.056000 137.536000 64
137.664000 138.176000 62
138.176000 141.184000 60
141.280000 141.376000 60
168.064000 169.440000 64
169.536000 169.824000 62
169.920000 170.784000 65
170.880000 171.904000 64
172.160000 172.448000 59
172.576000 172.896000 60
172.992000 173.216000 64
173.312000 175.328000 69
175.680000 176.256000 69
176.256000 176.768000 74
176.768000 178.176000 69
178.304000 179.200000 68
179.200000 179.424000 67
179.840000 180.064000 61
180.256000 181.248000 69
181.376000 183.264000 69
183.264000 183.584000 67
183.680000 183.968000 64
184.064000 185.184000 60
185.728000 186.016000 58
186.016000 186.368000 60
186.368000 187.808000 65
187.904000 188.928000 64
189.088000 190.304000 65
190.624000 190.944000 65
191.008000 191.136000 62
191.136000 191.584000 64
191.584000 192.064000 65
192.064000 192.448000 69
192.544000 194.112000 68
194.528000 195.136000 61
195.232000 195.616000 64
195.616000 196.224000 67
196.352000 197.696000 65
197.792000 198.720000 61
198.816000 200.288000 63
200.640000 200.928000 60
200.928000 201.472000 62
201.472000 201.984000 64
201.984000 203.072000 71
203.168000 203.840000 64
203.840000 206.336000 67
206.432000 206.624000 65
206.720000 207.552000 69
207.808000 208.704000 61
208.832000 210.880000 67
211.008000 211.264000 64
211.360000 211.648000 63
211.744000 212.320000 62
212.320000 214.144000 61
214.144000 214.784000 59
214.880000 215.136000 57
215.136000 215.232000 58
215.232000 215.296000 59
215.296000 215.424000 60
215.424000 216.576000 62
216.672000 217.152000 62
217.440000 218.016000 61
218.144000 218.464000 64
218.464000 220.320000 66
220.320000 220.832000 64
220.960000 222.976000 62
223.296000 223.808000 60
223.808000 224.256000 62
224.256000 224.864000 64
224.864000 225.888000 72
225.984000 226.656000 64
226.656000 228.800000 67
229.088000 229.440000 63
229.568000 230.016000 67
230.016000 230.592000 69
230.592000 231.616000 72
231.712000 233.056000 69
233.152000 233.728000 67
233.856000 234.112000 64
234.208000 235.136000 62
235.232000 236.640000 62
237.024000 238.016000 63
238.016000 238.400000 61
238.528000 239.488000 62
239.936000 240.352000 63
240.544000 244.352000 60
246.016000 246.592000 61
246.688000 247.072000 64
247.072000 247.552000 67
247.776000 248.192000 66
248.192000 249.056000 65
249.056000 250.144000 62
250.240000 251.616000 62
251.936000 252.320000 60
252.320000 253.312000 63
253.440000 254.432000 72
254.528000 255.136000 64
255.136000 257.376000 68
257.728000 258.048000 64
258.048000 258.336000 67
258.464000 258.784000 68
258.912000 259.776000 60
259.872000 260.256000 60
260.256000 262.176000 67
262.656000 262.944000 63
263.072000 263.680000 63
263.808000 264.128000 62
264.224000 267.616000 62
269.696000 270.496000 64
270.496000 271.072000 67
271.392000 271.488000 65
271.616000 272.096000 64
272.320000 273.952000 61
