9.760000 10.816000 61
11.008000 11.936000 60
11.936000 12.032000 55
12.704000 12.896000 52
12.896000 14.048000 58
17.344000 18.240000 60
18.240000 18.624000 66
18.784000 20.064000 58
25.696000 25.984000 63
26.112000 26.240000 63
26.240000 26.656000 60
29.152000 29.312000 55
30.272000 30.592000 56
30.752000 30.880000 54
30.976000 31.072000 54
31.296000 31.392000 52
32.416000 32.576000 55
41.152000 41.408000 60
41.408000 41.632000 61
41.632000 42.240000 63
43.136000 43.296000 63
43.488000 44.416000 63
44.512000 44.896000 65
45.088000 45.312000 65
45.312000 45.600000 63
45.728000 46.112000 62
46.112000 46.528000 60
48.000000 49.824000 56
52.288000 54.688000 56
84.544000 84.704000 56
84.704000 84.896000 58
85.056000 85.376000 56
85.472000 85.792000 57
85.984000 86.784000 55
86.944000 87.616000 53
87.840000 88.864000 51
91.968000 92.096000 59
92.096000 92.352000 61
92.512000 92.800000 60
92.896000 93.664000 60
93.664000 94.208000 57
94.336000 94.656000 56
94.784000 95.456000 58
95.456000 96.576000 60
97.472000 99.008000 61
99.328000 99.424000 58
99.424000 99.488000 59
99.488000 99.808000 60
99.808000 100.224000 61
100.224000 101.376000 64
101.696000 102.528000 58
103.040000 103.200000 56
103.200000 103.680000 58
103.680000 104.192000 61
104.384000 104.960000 62
105.312000 106.176000 56
106.688000 107.008000 59
107.008000 107.040000 56
107.200000 107.968000 53
108.128000 109.056000 53
109.056000 113.184000 58
114.144000 116.288000 56
116.448000 117.376000 53
117.376000 118.560000 51
121.280000 121.376000 52
121.568000 122.336000 60
122.432000 123.168000 60
123.264000 124.224000 56
124.224000 126.240000 60
127.072000 128.672000 61
128.928000 129.024000 58
129.024000 129.088000 59
129.088000 129.376000 60
129.376000 129.824000 61
129.824000 130.944000 63
131.200000 131.584000 58
131.680000 132.128000 58
132.512000 132.800000 58
133.024000 133.472000 60
133.472000 133.824000 63
133.952000 134.688000 67
134.816000 135.200000 56
135.328000 135.712000 56
136.032000 136.544000 56
136.544000 136.800000 53
137.184000 137.984000 60
138.752000 140.352000 56
140.352000 141.024000 52
141.120000 141.344000 50
142.848000 142.976000 51
142.976000 143.200000 48
143.936000 144.192000 48
145.504000 146.304000 61
146.464000 147.072000 60
147.296000 147.360000 53
147.520000 149.824000 58
150.144000 150.720000 60
150.816000 151.264000 55
151.360000 151.488000 57
151.584000 152.704000 58
153.792000 153.856000 57
153.856000 153.952000 59
153.952000 154.464000 61
154.592000 155.104000 64
155.232000 155.904000 64
156.096000 156.992000 58
156.992000 157.888000 60
158.176000 158.304000 56
158.464000 158.688000 59
158.688000 160.736000 56
161.184000 161.280000 58
161.280000 161.568000 61
161.664000 161.856000 59
161.856000 162.144000 53
162.208000 162.272000 51
162.272000 162.368000 53
162.368000 162.688000 57
162.784000 163.360000 58
163.360000 163.808000 60
164.896000 165.600000 60
165.600000 166.016000 66
166.112000 166.976000 58
166.976000 168.128000 62
168.576000 168.800000 60
168.800000 169.056000 61
169.056000 169.664000 63
169.984000 170.112000 63
170.272000 171.008000 63
171.136000 171.392000 66
171.392000 172.032000 65
172.160000 172.800000 63
172.992000 174.752000 56
176.000000 179.296000 56
183.328000 185.664000 56
186.464000 186.560000 52
189.568000 190.368000 67
190.528000 192.608000 64
192.608000 195.168000 61
198.048000 198.112000 60
198.112000 198.208000 62
198.208000 198.272000 63
198.272000 199.136000 64
199.136000 200.672000 65
200.672000 202.176000 68
202.240000 202.304000 64
205.312000 205.472000 59
205.472000 207.104000 67
207.200000 207.680000 60
207.776000 208.448000 67
208.448000 208.640000 61
208.672000 208.832000 60
209.024000 209.696000 67
209.696000 209.760000 64
209.760000 210.560000 60
210.560000 211.648000 63
211.648000 213.088000 56
213.344000 216.288000 61
216.640000 216.736000 61
217.120000 217.248000 61
217.248000 218.688000 63
218.688000 222.496000 71
222.816000 223.136000 64
223.136000 223.232000 68
223.232000 223.360000 63
223.392000 223.424000 61
223.488000 223.552000 61
223.552000 223.648000 64
223.744000 225.152000 64
225.824000 226.336000 61
226.528000 226.848000 67
226.944000 227.072000 59
227.168000 228.640000 59
229.216000 229.664000 61
229.760000 229.920000 62
229.920000 230.752000 65
230.816000 231.648000 64
231.776000 232.032000 61
232.128000 232.672000 59
232.672000 233.568000 61
234.112000 234.368000 60
234.368000 234.976000 57
235.264000 236.416000 58
236.640000 236.800000 63
236.800000 237.216000 64
237.344000 237.632000 60
237.632000 239.584000 59
240.320000 240.384000 65
240.384000 240.480000 66
240.480000 240.768000 68
240.768000 240.928000 64
241.024000 241.184000 64
241.184000 242.848000 59
242.848000 243.872000 69
244.064000 244.192000 64
244.288000 244.736000 61
244.736000 245.344000 65
245.632000 245.824000 64
245.984000 246.496000 65
246.592000 246.720000 63
246.880000 247.520000 66
247.648000 247.872000 64
248.096000 250.656000 69
270.976000 271.136000 54
271.136000 271.360000 51
272.640000 272.896000 52
272.992000 273.184000 50
273.344000 273.600000 50
275.424000 275.520000 54
283.968000 284.096000 53
284.096000 285.056000 50
298.848000 298.976000 53
298.976000 299.232000 49
299.328000 299.456000 49
301.888000 301.984000 52
301.984000 302.176000 49
302.400000 302.528000 49
302.624000 302.816000 49
303.104000 303.232000 48
306.176000 306.496000 67
307.488000 307.648000 67
316.480000 318.176000 57
321.056000 321.280000 61
321.280000 321.728000 57
321.824000 323.552000 57
